-5155.7 -8625.2 -234.9 244 0 17.6 16.3 5.0 2.5 2 0 2 3 3
6534.9 -5324.9 28.0 254 0 11.7 16.7 7.5 2.5 2 1 3 5 5
1165.7 -3492.3 -242.1 173 0 14.9 28.5 14.0 3.5 2 1 4 4 4
1462.1 -3259.1 -234.8 168 0 28.5 13.8 14.0 3.5 2 0 4 1 1
1919.3 -3271.0 -242.6 357 0 26.0 23.4 17.5 0.0 0 0 5 5 5
1278.1 -3480.0 -241.9 356 0 18.1 52.9 14.0 3.5 2 1 4 5 5
2278.7 -3089.7 -243.4 272 0 44.8 39.4 17.5 0.0 0 0 5 3 3
2590.5 -9976.4 -207.1 11 0 13.2 35.9 12.5 2.5 2 1 5 3 3
2968.6 -2722.1 -228.4 85 0 35.0 20.7 14.0 0.0 0 0 4 3 3
1051.2 -2420.0 -234.8 160 0 11.3 16.6 17.5 3.5 2 1 5 1 1
1290.3 -1937.5 -231.7 332 0 13.4 23.5 17.5 3.5 2 1 5 1 1
622.5 -1968.9 -231.8 341 0 12.5 17.3 14.0 3.5 2 1 4 5 5
6325.2 -10317.8 -275.2 45 0 20.8 15.3 7.5 2.5 2 0 3 5 5
4673.9 -7852.1 -265.6 63 0 21.8 13.6 7.5 2.5 2 0 3 0 0
806.1 -3708.5 -242.0 320 0 15.9 27.5 14.0 3.5 2 1 4 0 0
-1245.5 -3379.0 -236.1 4 0 18.6 19.6 10.5 3.5 2 1 3 3 3
-5994.5 -2473.6 -211.9 94 0 14.2 19.5 7.5 2.5 2 1 3 1 1
5679.8 -9097.5 -271.9 81 0 12.7 11.4 2.5 2.5 2 0 1 1 1
5295.4 -10705.0 -269.9 281 0 30.0 18.6 10.0 2.5 2 0 4 5 5
5211.6 -10692.4 -269.2 281 0 37.5 14.2 10.0 2.5 2 0 4 4 4
5016.1 -10757.1 -267.6 0 0 115.6 41.9 10.0 0.0 0 0 4 3 3
5982.7 -9572.3 -274.1 98 0 36.8 19.4 5.0 0.0 0 0 2 0 0
5764.1 -10044.9 -274.6 178 0 30.6 13.2 10.0 2.5 2 0 4 4 4
6465.0 -10035.2 -277.1 12 0 37.1 84.1 10.0 0.0 0 1 4 1 1
6811.2 -10620.3 -270.1 206 0 45.8 25.2 10.0 0.0 0 0 4 0 0
6819.1 -10296.4 -275.8 353 0 75.8 47.0 15.0 0.0 0 0 6 3 3
6633.5 -10410.3 -277.8 30 0 93.2 144.2 7.5 0.0 0 1 3 1 1
4475.7 -9834.8 -259.3 242 0 77.4 61.0 10.0 0.0 0 0 4 3 3
4705.9 -9858.8 -264.2 120 0 112.7 128.6 12.5 0.0 0 1 5 5 5
4692.8 -10603.5 -263.9 90 0 14.6 47.4 5.0 2.5 2 1 2 4 4
4648.9 -10431.8 -263.5 269 0 79.5 65.3 10.0 0.0 0 0 4 4 4
4761.0 -10296.2 -266.1 82 0 63.9 56.2 10.0 0.0 0 0 4 4 4
4854.3 -10523.9 -267.3 179 0 90.6 127.0 12.5 0.0 0 1 5 2 2
2646.4 8373.9 259.9 66 0 15.3 13.5 7.5 2.5 2 0 3 3 3
5835.0 -9880.4 -275.5 225 0 15.4 39.8 10.0 2.5 2 1 4 4 4
6354.2 -9944.1 -276.9 284 0 12.9 34.7 10.0 2.5 2 1 4 5 5
6044.7 -9889.0 -276.0 135 0 33.8 72.1 7.5 0.0 0 1 3 4 4
5765.8 -10078.4 -274.3 173 0 20.9 11.2 7.5 2.5 2 0 3 3 3
4432.2 -8817.2 -258.7 352 0 79.6 18.9 10.0 2.5 4 0 4 4 4
5818.9 -9385.6 -272.0 355 0 14.3 35.3 7.5 2.5 2 1 3 3 3
5789.1 -9425.1 -272.5 170 0 37.6 14.8 5.0 2.5 2 0 2 1 1
4234.8 -10571.6 -256.3 194 0 38.8 18.0 10.0 2.5 4 0 4 5 5
4255.3 -10622.4 -256.4 179 0 10.3 27.4 10.0 2.5 2 1 4 3 3
4288.2 -10626.9 -256.9 179 0 24.5 24.0 7.5 2.5 2 0 3 3 3
4432.0 -10631.7 -259.1 359 0 31.0 55.4 10.0 2.5 2 1 4 2 2
4260.6 -10450.0 -257.9 63 0 30.4 16.0 10.0 0.0 0 0 4 1 1
4437.2 -10261.7 -261.1 63 0 12.7 30.5 10.0 0.0 0 1 4 5 5
4448.0 -10323.5 -260.7 63 0 9.8 20.5 2.5 0.0 0 1 1 2 2
4414.9 -10379.6 -260.4 63 0 60.7 40.3 10.0 0.0 0 0 4 4 4
4471.6 -9964.2 -259.7 242 0 14.9 41.2 10.0 2.5 2 1 4 3 3
4435.3 -9914.3 -258.8 242 0 25.6 54.5 12.5 2.5 2 1 5 5 5
4364.3 -10012.5 -258.1 242 0 27.7 12.8 7.5 2.5 2 0 3 1 1
5092.0 -10361.7 -269.9 179 0 50.0 20.1 7.5 2.5 2 0 3 2 2
5141.7 -10377.9 -270.4 359 0 113.7 29.4 10.0 0.0 0 0 4 3 3
5062.9 -10379.3 -269.7 179 0 113.7 29.4 10.0 0.0 0 0 4 0 0
2155.3 -4420.0 -251.7 10 0 17.8 37.9 14.0 3.5 2 1 4 5 5
1942.8 -4998.8 -252.2 123 0 14.2 18.6 14.0 3.5 2 1 4 2 2
1960.0 -4826.2 -251.8 304 0 15.5 16.1 10.5 3.5 4 1 3 1 1
2124.0 -5488.1 -254.3 251 0 13.6 39.3 10.0 2.5 2 1 4 2 2
1463.0 -4214.4 -247.0 273 0 35.0 19.1 17.5 0.0 0 0 5 2 2
2297.6 -3052.3 -243.1 84 0 25.3 32.8 14.0 0.0 0 1 4 2 2
890.6 -3249.2 -239.3 141 0 12.1 16.2 17.5 3.5 2 1 5 4 4
-768.0 -3245.5 -237.7 326 0 10.5 18.5 14.0 3.5 2 1 4 0 0
3135.3 -4255.2 -255.7 56 0 13.5 21.8 14.0 3.5 2 1 4 1 1
3736.7 -4542.8 -259.7 57 0 24.9 16.3 10.5 3.5 2 0 3 1 1
1330.1 -4196.8 -246.2 331 0 11.7 17.7 17.5 0.0 0 1 5 1 1
1400.0 -2941.0 -233.9 179 0 24.9 27.8 17.5 0.0 0 1 5 3 3
2714.5 -4035.4 -252.6 248 0 15.9 22.8 14.0 3.5 2 1 4 5 5
2734.2 -4091.6 -253.6 358 0 39.8 18.7 14.0 3.5 2 0 4 1 1
