5537.0 -5108.6 -254.1 162 0 7.1 30.1 5.0 2.5 2 0 2 4 4
3625.9 5598.0 250.9 26 0 11.7 35.4 7.5 2.5 2 1 3 4 4
872.4 -1418.6 -18.9 233 0 19.5 108.7 12.5 0.0 0 1 5 1 1
849.7 -1442.9 -20.7 233 0 19.5 107.4 12.5 0.0 0 1 5 2 2
4394.7 -5329.6 -248.9 255 0 16.4 24.8 10.0 2.5 2 0 4 5 5
2855.4 -5500.7 -247.9 180 0 11.6 37.8 10.0 2.5 2 1 4 2 2
-794.8 -6699.1 -243.6 338 0 16.5 15.7 7.5 2.5 4 0 3 2 2
-2312.2 -6843.8 -228.8 318 0 12.4 14.3 7.5 2.5 2 0 3 4 4
-2298.8 -6869.1 -228.6 48 0 14.3 21.5 7.5 2.5 2 0 3 2 2
-3286.9 -7113.9 -242.9 196 0 8.8 26.4 7.5 2.5 2 0 3 4 4
-3291.3 -7129.4 -245.4 196 0 23.5 17.8 12.5 2.5 2 0 5 5 5
6269.6 -2600.6 -166.4 181 0 23.9 46.0 10.0 0.0 0 0 4 0 0
6430.1 -2515.6 -175.4 2 0 21.0 30.1 12.5 0.0 0 1 5 1 1
6366.6 -2701.8 -173.7 129 0 25.8 10.0 7.5 2.5 2 0 3 3 3
6358.3 -2656.8 -171.5 92 0 13.5 32.0 10.0 2.5 2 1 4 0 0
6412.3 -2549.3 -175.8 272 0 17.8 64.6 12.5 2.5 2 1 5 2 2
6360.6 -2467.1 -170.8 272 0 32.0 61.4 12.5 0.0 0 1 5 5 5
6355.4 -2603.7 -170.8 92 0 18.4 56.3 15.0 0.0 0 1 6 1 1
6191.5 -2544.1 -161.1 128 0 25.0 33.4 10.0 0.0 0 1 4 5 5
5947.1 -2356.9 -152.4 38 0 10.8 25.5 10.0 2.5 2 1 4 1 1
5973.6 -2327.5 -153.7 38 0 27.4 27.3 10.0 0.0 0 0 4 1 1
6028.4 -2238.4 -156.2 308 0 27.3 27.5 10.0 0.0 0 1 4 1 1
6173.4 -2668.7 -160.2 38 0 22.2 13.2 10.0 2.5 2 0 4 5 5
6163.1 -2660.6 -159.6 38 0 22.1 30.5 15.0 0.0 0 0 6 2 2
6212.2 -2810.7 -163.8 220 0 12.5 30.3 12.5 2.5 2 0 5 1 1
6215.5 -2861.3 -163.9 130 0 18.9 30.1 10.0 2.5 2 0 4 5 5
6437.3 -2847.2 -181.1 313 0 15.8 31.2 10.0 0.0 0 1 4 3 3
6340.4 -2773.9 -172.6 251 0 17.7 31.2 12.5 0.0 0 1 5 3 3
6397.9 -2812.2 -176.9 313 0 15.8 31.2 12.5 0.0 0 1 5 1 1
6345.3 -2859.4 -175.1 251 0 17.7 31.2 12.5 0.0 0 1 5 4 4
6300.9 -2820.7 -170.2 251 0 17.7 31.2 10.0 0.0 0 1 4 5 5
6256.1 -2893.9 -168.1 133 0 15.9 31.3 10.0 0.0 0 1 4 2 2
6299.1 -2931.1 -171.8 133 0 15.9 31.3 12.5 0.0 0 1 5 5 5
6342.0 -2968.1 -174.5 133 0 15.9 31.2 12.5 0.0 0 1 5 3 3
6385.0 -3005.5 -177.2 133 0 15.9 31.3 12.5 0.0 0 1 5 3 3
6448.4 -3039.1 -179.8 12 0 15.6 22.0 15.0 0.0 0 1 6 3 3
6419.5 -2931.7 -180.5 12 0 15.6 22.0 12.5 0.0 0 1 5 0 0
6462.2 -2969.4 -183.2 12 0 15.6 22.0 12.5 0.0 0 1 5 5 5
6476.9 -2899.9 -185.5 12 0 15.6 22.0 12.5 0.0 0 1 5 0 0
6123.0 -4953.7 -256.9 251 0 11.2 21.0 7.0 2.5 2 1 2 3 3
6102.6 -4993.0 -257.8 161 0 15.4 22.3 10.0 0.0 0 1 4 4 4
6476.1 -2655.7 -181.7 1 0 13.0 25.2 15.0 0.0 0 0 6 5 5
6471.4 -2671.4 -181.4 1 0 13.2 23.4 12.5 2.5 2 0 5 2 2
6445.9 -2730.7 -182.0 181 0 18.9 22.6 12.5 2.5 2 0 5 5 5
6447.9 -2746.8 -182.5 181 0 13.1 24.3 10.0 2.5 2 0 4 2 2
6470.9 -2567.6 -179.7 271 0 18.9 20.9 10.0 2.5 2 0 4 3 3
6229.7 -2679.2 -163.6 147 0 20.4 23.2 17.5 0.0 0 1 7 3 3
6004.7 -2461.3 -153.8 308 0 10.5 15.0 5.0 2.5 2 1 2 2 2
5881.2 -2509.0 -150.1 128 0 21.9 15.6 10.0 2.5 4 0 4 4 4
5922.7 -2562.4 -151.5 128 0 16.6 28.8 10.0 2.5 2 1 4 0 0
5962.4 -2469.0 -152.5 308 0 16.6 28.8 7.5 2.5 2 1 3 5 5
5752.0 -2336.7 -148.1 218 0 39.4 23.3 17.5 0.0 0 0 7 0 0
5770.3 -5047.5 -254.4 260 0 20.0 23.4 10.0 0.0 0 1 4 5 5
4853.3 -5135.8 -251.3 240 0 22.5 33.4 7.5 0.0 0 1 3 3 3
5618.4 -5034.3 -253.9 80 0 30.1 32.8 10.0 0.0 0 0 4 5 5
5578.0 -5082.3 -253.8 253 0 12.1 14.5 7.5 0.0 0 1 3 5 5
5752.5 -5265.9 -257.0 66 0 21.5 23.0 12.5 2.5 2 1 5 5 5
5523.2 -5105.0 -254.5 346 0 11.4 14.6 2.5 2.5 2 1 1 2 2
5528.0 -5056.0 -253.5 346 0 14.3 4.2 7.5 2.5 2 0 3 0 0
5677.9 -5022.0 -254.1 89 0 5.9 6.6 5.0 2.5 2 0 2 4 4
5648.0 -5071.6 -254.1 359 0 7.7 4.8 5.0 2.5 2 0 2 3 3
5718.0 -5247.8 -256.6 338 0 13.6 3.9 2.5 2.5 4 0 1 1 1
5526.2 -5538.0 -259.0 59 0 4.6 17.1 5.0 0.0 0 1 2 3 3
6307.1 -4867.8 -250.3 72 0 19.9 22.7 15.0 0.0 0 1 6 1 1
5884.0 -4974.5 -254.2 68 0 27.4 18.1 10.0 2.5 2 0 4 3 3
5865.9 -4979.1 -253.3 72 0 7.3 5.4 7.5 2.5 2 0 3 2 2
5543.5 -5029.4 -253.4 259 0 5.4 7.1 5.0 2.5 2 1 2 2 2
5483.0 -5064.0 -254.1 165 0 3.5 9.8 5.0 2.5 2 0 2 2 2
4954.6 -5174.7 -251.0 154 0 4.8 19.7 5.0 2.5 2 1 2 2 2
4872.1 -5185.0 -250.9 356 0 4.1 22.5 5.0 2.5 2 1 2 4 4
5588.6 -5161.2 -254.7 70 0 10.7 6.0 7.5 2.5 2 0 3 4 4
6232.5 -5243.6 -259.6 56 0 6.8 17.1 2.5 2.5 2 1 1 1 1
5680.8 -5443.8 -258.8 69 0 7.2 11.6 2.5 2.5 2 1 1 4 4
-3511.6 -4504.3 -137.7 69 0 18.6 14.3 7.5 2.5 2 0 3 3 3
-3628.3 -4686.5 -147.6 352 0 10.9 29.4 10.0 2.5 2 1 4 2 2
-3631.2 -4668.8 -147.1 6 0 20.6 10.3 10.0 2.5 2 0 4 5 5
-3623.1 -4602.3 -145.6 6 0 17.9 28.4 7.5 2.5 2 1 3 0 0
-3418.5 -4451.1 -134.4 342 0 8.0 10.3 5.0 2.5 2 1 2 0 0
-3408.8 -4454.9 -133.8 240 0 6.2 8.0 5.0 2.5 2 0 2 0 0
-3399.4 -4441.5 -133.5 66 0 6.9 9.6 5.0 2.5 2 1 2 5 5
-3411.7 -4423.7 -131.7 159 0 5.8 8.0 5.0 0.0 0 1 2 3 3
-3410.0 -4448.7 -133.9 62 0 6.7 9.3 7.5 2.5 2 1 3 0 0
-3393.0 -4443.3 -133.3 231 0 8.7 15.1 5.0 2.5 2 0 2 0 0
-3383.0 -4426.5 -131.5 43 0 4.0 8.5 7.5 2.5 2 0 3 1 1
-3361.2 -4406.8 -128.6 56 0 5.8 7.4 5.0 2.5 2 0 2 3 3
-3366.2 -4409.9 -129.1 61 0 6.7 6.4 7.5 2.5 2 0 3 3 3
-3353.0 -4394.6 -127.3 209 0 6.3 6.7 7.5 2.5 2 1 3 0 0
-3098.5 -7336.1 -248.9 15 0 151.4 139.3 12.5 0.0 0 0 5 3 3
-3042.8 -7447.6 -245.1 82 0 63.3 160.8 10.0 0.0 0 1 4 1 1
-3311.4 -4807.6 -145.8 356 0 10.8 15.2 7.5 0.0 0 1 3 5 5
-3293.6 -4776.9 -140.6 83 0 6.6 11.3 7.5 2.5 2 1 3 1 1
-3292.4 -4781.8 -141.6 264 0 10.2 5.6 7.5 2.5 4 0 3 5 5
-3412.4 -4141.5 -106.0 246 0 14.6 5.3 7.5 2.5 4 0 3 2 2
-3455.9 -4085.1 -106.3 339 0 5.9 11.1 5.0 2.5 2 1 2 1 1
-3284.4 -4478.4 -130.1 316 0 9.0 9.5 2.5 2.5 2 1 1 2 2
-3292.6 -4469.8 -130.3 320 0 10.1 8.5 5.0 2.5 2 0 2 0 0
-3308.1 -4460.2 -130.7 296 0 6.4 5.8 5.0 2.5 2 0 2 5 5
-3283.3 -4648.6 -130.6 115 0 8.6 7.4 5.0 2.5 2 0 2 2 2
-3304.3 -4645.6 -131.5 291 0 11.1 9.7 5.0 2.5 2 0 2 2 2
-3268.7 -4660.0 -130.3 299 0 4.5 8.7 5.0 2.5 2 1 2 0 0
-3270.8 -4653.9 -130.2 114 0 6.7 5.1 5.0 2.5 2 0 2 2 2
-3235.3 -4682.4 -129.4 152 0 8.3 4.2 2.5 2.5 2 0 1 5 5
-3226.2 -4698.8 -130.9 151 0 4.3 7.3 7.5 2.5 2 0 3 5 5
-3236.5 -4696.8 -130.2 311 0 5.2 7.7 5.0 2.5 2 1 2 1 1
-3380.1 -4415.6 -131.0 321 0 9.8 7.3 5.0 2.5 2 0 2 0 0
-3388.9 -4386.5 -126.7 165 0 9.6 4.5 7.5 2.5 2 0 3 3 3
-2694.6 -7036.5 -234.1 63 0 51.6 20.1 10.0 2.5 2 0 4 5 5
-3226.7 -7078.6 -239.9 288 0 15.7 12.0 7.5 2.5 2 0 3 2 2
-3252.5 -7008.9 -239.6 197 0 53.9 49.9 10.0 0.0 0 0 4 5 5
-3245.1 -6944.8 -237.0 197 0 17.6 61.8 10.0 2.5 2 0 4 5 5
-3201.6 -6980.6 -236.0 197 0 24.3 9.7 5.0 2.5 2 0 2 1 1
-3429.7 -6976.9 -243.4 16 0 51.5 45.2 12.5 0.0 0 0 5 3 3
-3441.7 -7067.4 -245.3 194 0 10.6 16.6 5.0 2.5 4 1 2 5 5
-3327.8 -7045.9 -243.8 197 0 50.0 19.6 10.0 2.5 2 0 4 0 0
-3450.7 -6522.0 -223.5 218 0 8.5 16.6 2.5 2.5 2 1 1 5 5
-3431.5 -6546.0 -223.8 129 0 22.5 12.3 10.0 2.5 2 0 4 0 0
-3445.7 -6561.1 -225.4 129 0 21.7 10.6 2.5 2.5 2 0 1 0 0
-3423.1 -6565.4 -225.4 132 0 11.7 23.3 10.0 2.5 2 1 4 1 1
-3413.5 -6573.1 -226.0 133 0 10.4 20.0 5.0 2.5 2 1 2 3 3
-3127.1 -6758.2 -227.8 202 0 11.9 9.4 5.0 2.5 4 0 2 0 0
-3095.7 -6742.5 -226.2 24 0 8.2 21.2 2.5 2.5 2 1 1 1 1
-3153.2 -4351.0 -117.1 168 0 9.4 11.3 5.0 2.5 2 1 2 4 4
-3137.4 -4320.6 -113.0 255 0 8.7 9.8 7.5 2.5 2 1 3 1 1
-3119.5 -4315.8 -112.4 255 0 7.4 8.2 7.5 2.5 2 0 3 4 4
-3021.9 -4270.5 -108.0 262 0 10.4 8.8 7.5 0.0 0 0 3 5 5
-3057.3 -4262.4 -105.0 171 0 9.0 7.1 5.0 2.5 2 0 2 3 3
-3061.3 -4239.8 -101.6 174 0 11.7 10.8 7.5 2.5 2 0 3 0 0
-3064.3 -4276.4 -107.2 347 0 9.5 13.3 7.5 0.0 0 1 3 0 0
-3069.2 -4250.7 -103.0 352 0 9.9 14.8 7.5 2.5 4 1 3 5 5
-3426.4 -4547.3 -134.7 161 0 11.1 5.0 5.0 2.5 2 0 2 2 2
-3401.1 -4567.8 -134.1 94 0 6.8 12.7 5.0 2.5 2 0 2 0 0
-3391.8 -4568.4 -133.9 94 0 11.3 8.4 5.0 2.5 2 0 2 3 3
-3396.6 -4516.7 -133.9 34 0 3.5 13.7 5.0 2.5 2 0 2 5 5
-3408.3 -4527.2 -134.1 119 0 8.4 5.0 5.0 2.5 2 0 2 1 1
-3390.9 -4489.5 -133.5 303 0 6.4 7.8 2.5 2.5 2 0 1 3 3
-3369.9 -4465.9 -132.7 51 0 5.1 7.0 2.5 2.5 2 0 1 0 0
-3379.9 -4448.3 -132.8 209 0 4.3 6.6 2.5 2.5 2 0 1 1 1
-3363.3 -4440.9 -132.5 30 0 8.7 5.1 5.0 2.5 2 0 2 3 3
-3343.5 -4411.2 -130.1 295 0 7.4 10.5 5.0 2.5 2 0 2 0 0
-3303.5 -4355.7 -121.1 31 0 7.4 4.8 7.5 2.5 4 0 3 5 5
-3552.2 -4270.6 -119.7 169 0 8.7 7.3 5.0 2.5 2 0 2 0 0
-3548.1 -4282.0 -120.1 153 0 7.5 7.3 5.0 2.5 4 0 2 0 0
-3577.8 -4435.7 -136.5 334 0 6.6 7.3 5.0 2.5 4 1 2 2 2
-3567.6 -4414.4 -133.3 353 0 7.6 7.6 5.0 2.5 2 0 2 2 2
-3578.7 -4372.2 -127.6 134 0 8.3 8.4 5.0 2.5 2 1 2 2 2
-3542.5 -4384.6 -128.7 150 0 7.4 6.6 7.5 2.5 4 0 3 1 1
-3538.5 -4349.1 -124.0 151 0 9.0 7.5 7.5 2.5 2 0 3 3 3
-3538.9 -4334.9 -122.9 150 0 10.0 7.3 5.0 2.5 2 0 2 1 1
-3569.6 -4242.7 -119.6 157 0 4.4 9.9 5.0 2.5 2 1 2 5 5
-3575.6 -4227.5 -119.6 157 0 7.5 12.4 5.0 2.5 2 1 2 5 5
-3570.7 -4234.9 -119.4 158 0 8.5 20.1 7.5 2.5 2 1 3 1 1
-3552.2 -4216.5 -117.9 159 0 9.4 4.3 5.0 2.5 2 0 2 0 0
-3559.0 -4194.5 -118.5 69 0 6.5 10.9 5.0 2.5 2 1 2 4 4
-3801.0 -4594.3 -145.7 41 0 7.6 11.5 7.5 0.0 0 1 3 4 4
-3666.0 -4051.9 -117.6 354 0 7.1 14.2 7.5 2.5 2 0 3 0 0
-3666.6 -4045.8 -116.9 354 0 5.0 14.2 7.5 2.5 2 0 3 4 4
-3500.3 -4577.8 -139.4 334 0 11.4 23.6 10.0 2.5 2 1 4 5 5
-3514.0 -4551.4 -137.8 336 0 10.2 5.7 2.5 2.5 2 0 1 1 1
-3518.4 -4541.3 -138.1 336 0 11.0 13.2 5.0 2.5 2 1 2 3 3
-3495.2 -4569.2 -137.1 153 0 5.6 12.1 5.0 2.5 2 1 2 2 2
-3508.9 -4543.6 -137.4 158 0 12.9 6.3 5.0 2.5 2 0 2 5 5
-3477.7 -4545.3 -136.6 339 0 8.1 5.5 2.5 2.5 2 0 1 1 1
-3471.6 -4527.2 -136.3 66 0 7.4 12.4 2.5 2.5 2 0 1 5 5
-3502.0 -4537.4 -137.1 171 0 5.4 11.5 5.0 2.5 2 0 2 5 5
-3378.4 -4171.8 -104.7 66 0 10.2 4.1 7.5 2.5 2 0 3 1 1
-3431.0 -4201.6 -109.5 246 0 11.2 6.0 5.0 2.5 4 0 2 3 3
-3419.2 -4196.3 -108.7 245 0 11.0 7.6 7.5 2.5 4 0 3 4 4
-3397.2 -4180.2 -106.9 66 0 10.8 8.6 7.5 2.5 2 0 3 5 5
-3404.9 -4344.6 -121.6 357 0 8.0 9.6 7.5 2.5 2 1 3 3 3
-3404.0 -4363.8 -124.1 350 0 4.4 13.7 7.0 2.5 2 1 2 1 1
-3395.0 -4361.4 -123.2 163 0 5.8 9.3 7.5 2.5 2 1 3 0 0
-3397.0 -4348.3 -121.8 174 0 10.1 9.1 7.5 2.5 4 0 3 0 0
-3399.1 -4326.8 -119.0 174 0 9.1 8.1 7.5 2.5 2 0 3 1 1
-3388.3 -4321.2 -118.6 264 0 6.6 8.1 7.5 2.5 2 0 3 0 0
-3407.3 -4318.8 -118.1 358 0 7.4 9.3 5.0 2.5 2 0 2 4 4
-3407.7 -4311.0 -117.1 357 0 8.2 8.4 7.5 2.5 2 0 3 5 5
-3411.2 -4294.8 -115.3 342 0 8.9 8.8 5.0 2.5 2 0 2 3 3
-3396.8 -4282.5 -113.1 66 0 17.9 8.7 7.5 2.5 2 0 3 2 2
-3411.7 -4263.4 -110.7 157 0 6.3 10.0 7.5 2.5 2 0 3 3 3
-3435.2 -4229.4 -110.6 339 0 8.0 8.7 5.0 2.5 4 1 2 2 2
-3459.5 -4170.1 -111.6 336 0 5.8 8.3 5.0 2.5 2 0 2 1 1
-3444.9 -4204.5 -110.9 338 0 8.4 9.4 5.0 2.5 2 1 2 1 1
-3411.9 -4178.9 -108.3 336 0 7.7 8.4 5.0 2.5 2 1 2 2 2
-3474.0 -4132.7 -110.7 336 0 3.6 8.9 5.0 2.5 2 1 2 5 5
-3485.6 -4131.2 -111.1 335 0 9.7 3.7 7.5 2.5 2 0 3 0 0
-3485.4 -4103.7 -109.6 337 0 10.7 6.5 5.0 2.5 2 0 2 1 1
-3496.0 -4097.7 -110.0 247 0 10.9 4.4 2.5 2.5 2 0 1 4 4
-3468.8 -4124.8 -109.0 157 0 15.7 14.0 5.0 2.5 2 0 2 4 4
-3462.5 -4139.0 -109.3 157 0 9.8 4.4 7.5 2.5 2 0 3 4 4
-2773.3 -4430.6 -126.0 339 0 17.8 7.8 5.0 2.5 2 0 2 5 5
-2878.2 -4315.3 -115.0 149 0 5.3 11.6 7.5 2.5 2 1 3 4 4
-2863.7 -4350.6 -118.6 310 0 9.5 4.2 2.5 2.5 4 0 1 2 2
-2916.1 -4347.1 -119.2 260 0 7.3 11.7 7.5 2.5 2 0 3 5 5
-2929.4 -4349.3 -119.1 260 0 6.4 7.7 5.0 2.5 2 0 2 0 0
-2963.0 -4354.6 -119.8 259 0 11.5 7.5 5.0 2.5 2 0 2 5 5
-2914.2 -4289.4 -113.3 345 0 8.6 12.2 5.0 2.5 2 0 2 2 2
-2917.1 -4278.3 -111.7 345 0 10.3 10.0 7.5 2.5 2 0 3 1 1
-2954.7 -4288.5 -111.4 83 0 8.3 7.5 7.5 2.5 4 0 3 4 4
-2936.6 -4223.4 -102.9 256 0 8.3 9.5 7.5 2.5 2 1 3 4 4
-729.1 -6673.4 -245.6 67 0 30.3 10.9 12.5 2.5 2 0 5 4 4
-829.0 -6828.4 -245.1 44 0 7.0 15.3 5.0 2.5 2 1 2 1 1
-818.1 -6765.1 -244.0 235 0 9.2 6.9 5.0 2.5 2 0 2 5 5
-788.0 -6686.7 -243.7 85 0 28.5 14.8 12.5 0.0 0 0 5 3 3
-856.8 -6692.5 -241.4 134 0 7.2 9.4 7.5 2.5 2 1 3 2 2
-769.9 -6639.9 -243.8 335 0 9.4 13.1 5.0 2.5 4 1 2 5 5
-663.7 -6608.8 -247.3 340 0 10.8 15.2 7.5 2.5 2 1 3 0 0
26.1 -6672.1 -257.9 326 0 12.6 5.9 2.5 2.5 2 0 1 1 1
157.7 -6389.1 -256.2 135 0 8.3 7.5 2.5 2.5 2 0 1 3 3
-46.2 -6593.5 -256.7 46 0 4.5 8.5 5.0 2.5 2 0 2 3 3
-45.8 -6597.2 -256.8 136 0 5.7 8.2 5.0 2.5 2 0 2 0 0
-35.6 -6605.2 -256.8 46 0 3.3 10.0 5.0 2.5 2 1 2 1 1
-35.3 -6545.3 -256.5 220 0 6.0 5.8 7.5 2.5 2 0 3 3 3
-58.2 -6640.4 -256.9 220 0 7.4 8.1 5.0 2.5 2 1 2 5 5
-48.2 -6618.8 -256.8 41 0 4.4 8.1 7.5 2.5 4 1 3 4 4
-21.3 -6586.6 -256.9 130 0 15.1 6.2 5.0 2.5 2 0 2 0 0
-11.3 -6647.8 -257.4 313 0 9.5 10.3 7.5 0.0 0 1 3 4 4
21.8 -6633.5 -257.6 119 0 15.0 8.7 5.0 0.0 0 0 2 0 0
93.0 -6409.9 -255.9 44 0 8.6 7.6 2.5 2.5 4 0 1 2 2
-420.0 -6974.1 -256.7 32 0 10.0 9.2 7.5 2.5 2 0 3 2 2
-453.5 -6940.9 -255.7 295 0 16.9 5.9 7.5 2.5 2 0 3 1 1
-468.0 -6887.0 -254.5 188 0 8.0 9.5 5.0 0.0 0 1 2 3 3
-469.5 -6923.6 -255.0 110 0 14.8 17.5 10.0 2.5 2 1 4 4 4
-520.8 -6853.1 -252.8 221 0 12.6 11.9 2.5 2.5 2 0 1 3 3
-488.5 -6832.3 -253.5 312 0 10.8 7.8 7.5 0.0 0 0 3 2 2
-568.8 -6782.7 -251.0 224 0 5.8 5.7 7.5 2.5 2 0 3 4 4
-609.0 -6733.0 -249.6 308 0 7.5 7.1 5.0 2.5 2 0 2 5 5
-659.6 -6736.9 -248.2 132 0 9.5 11.1 5.0 2.5 2 1 2 1 1
-636.3 -6712.5 -248.8 305 0 14.9 3.1 7.5 2.5 2 0 3 3 3
-672.6 -6700.8 -247.7 123 0 6.9 13.3 7.5 2.5 2 0 3 0 0
-668.4 -6728.4 -247.7 134 0 6.5 6.1 2.5 2.5 2 0 1 0 0
-678.0 -6719.2 -247.6 128 0 12.0 10.2 5.0 2.5 2 0 2 4 4
-673.3 -6679.4 -247.6 220 0 4.7 6.5 5.0 2.5 4 1 2 0 0
-623.3 -6672.3 -249.1 319 0 9.7 20.9 7.5 2.5 2 0 3 0 0
-637.6 -6696.3 -248.7 49 0 11.4 15.9 5.0 2.5 2 0 2 2 2
-627.8 -6752.2 -249.7 214 0 26.1 23.5 12.5 0.0 0 0 5 1 1
-583.6 -6777.4 -250.7 49 0 30.1 11.2 10.0 0.0 0 0 4 0 0
-577.5 -6739.0 -250.8 220 0 9.0 8.2 5.0 2.5 2 0 2 0 0
-541.7 -6752.6 -251.6 42 0 8.0 14.1 2.5 2.5 2 0 1 3 3
-622.2 -6539.3 -248.0 168 0 9.8 9.4 5.0 2.5 2 0 2 4 4
-581.1 -6629.5 -249.3 232 0 6.4 8.3 7.5 2.5 2 1 3 2 2
-527.1 -6691.5 -251.1 310 0 8.7 7.9 5.0 2.5 2 0 2 5 5
-522.6 -6670.5 -251.3 218 0 4.6 6.9 5.0 2.5 2 0 2 5 5
-459.8 -6649.0 -252.1 312 0 7.5 7.9 2.5 2.5 4 1 1 4 4
-470.4 -6638.5 -251.9 308 0 8.6 13.0 5.0 2.5 2 1 2 3 3
-494.4 -6644.6 -251.8 207 0 8.8 8.6 5.0 2.5 2 0 2 3 3
-506.9 -6617.4 -251.1 39 0 9.3 10.3 7.5 2.5 2 1 3 5 5
-501.2 -6690.2 -252.1 130 0 12.0 7.6 5.0 2.5 4 0 2 3 3
-459.9 -6745.9 -253.6 127 0 5.4 6.7 7.5 2.5 4 1 3 0 0
-465.7 -6708.5 -253.0 304 0 7.1 7.8 5.0 2.5 2 1 2 5 5
-434.4 -6731.9 -253.7 39 0 8.9 8.2 2.5 2.5 4 0 1 4 4
-381.7 -6708.4 -253.9 219 0 6.9 6.7 5.0 2.5 2 0 2 4 4
-358.1 -6743.9 -254.7 127 0 18.5 6.8 2.5 2.5 2 0 1 4 4
-370.6 -6734.6 -254.4 127 0 12.7 6.8 7.5 2.5 2 0 3 1 1
-361.6 -6712.8 -254.2 301 0 11.3 9.9 5.0 2.5 2 0 2 2 2
-310.0 -6715.7 -254.5 123 0 6.5 6.8 5.0 2.5 4 1 2 0 0
-326.8 -6706.3 -254.3 119 0 13.1 11.7 7.5 2.5 2 0 3 2 2
-338.0 -6631.2 -253.0 213 0 8.2 8.9 5.0 2.5 2 1 2 0 0
-400.9 -6531.6 -251.0 164 0 10.6 9.3 5.0 2.5 2 0 2 4 4
-262.7 -6578.0 -253.6 131 0 8.4 9.8 5.0 2.5 2 1 2 1 1
-246.3 -6591.3 -253.9 129 0 7.7 16.2 5.0 2.5 2 0 2 1 1
-234.3 -6507.0 -253.8 313 0 7.2 21.5 5.0 2.5 2 1 2 4 4
-140.2 -6665.7 -255.9 130 0 9.2 9.2 5.0 2.5 2 1 2 2 2
-119.4 -6645.2 -256.1 313 0 13.1 10.6 2.5 2.5 2 0 1 3 3
-82.2 -6673.4 -256.8 37 0 6.4 9.3 5.0 2.5 2 1 2 4 4
-1518.0 -3672.5 -14.9 250 0 5.4 7.0 5.0 2.5 2 1 2 5 5
-1483.5 -3680.9 -18.4 335 0 6.6 10.2 7.5 2.5 2 1 3 5 5
-1480.4 -3657.6 -12.6 136 0 14.3 10.6 5.0 2.5 2 0 2 5 5
-1462.6 -3689.3 -19.6 331 0 3.6 18.1 5.0 2.5 2 0 2 5 5
-1462.6 -3728.2 -23.5 60 0 11.9 7.9 5.0 2.5 2 0 2 0 0
-1448.9 -3678.1 -20.4 263 0 10.7 5.0 7.5 2.5 2 0 3 2 2
-1429.6 -3683.3 -22.1 321 0 5.9 7.6 5.0 0.0 0 1 2 5 5
-1415.2 -3679.8 -23.0 199 0 13.7 10.4 5.0 2.5 2 0 2 3 3
-1406.4 -3641.0 -11.5 51 0 8.0 6.8 7.5 2.5 2 0 3 5 5
-1404.2 -3663.5 -20.0 234 0 6.5 8.3 5.0 2.5 2 1 2 1 1
-1414.8 -3513.9 7.8 222 0 11.3 6.1 7.5 2.5 2 0 3 0 0
-1425.8 -3204.8 11.6 130 0 5.3 8.9 5.0 2.5 2 1 2 1 1
-1316.3 -3257.4 7.9 221 0 8.6 5.3 5.0 2.5 2 0 2 0 0
-1350.3 -3335.1 12.0 56 0 10.6 12.5 7.5 2.5 4 1 3 3 3
-1334.0 -3432.0 5.7 303 0 5.8 10.4 5.0 2.5 2 1 2 0 0
-1379.5 -3500.7 5.0 298 0 6.7 7.9 7.5 2.5 2 0 3 3 3
-1369.8 -3537.9 1.4 128 0 7.2 8.4 7.5 2.5 2 1 3 4 4
-1368.8 -3547.5 -0.4 216 0 6.2 10.7 7.5 2.5 2 0 3 4 4
-1388.2 -3561.7 1.5 124 0 9.5 11.8 5.0 2.5 2 1 2 0 0
-1373.3 -3589.1 -1.7 41 0 12.7 6.5 2.5 2.5 2 0 1 2 2
-1360.8 -3571.1 -2.5 133 0 9.5 11.6 7.5 2.5 2 1 3 5 5
-1329.1 -3544.1 -3.4 307 0 5.9 6.8 7.5 2.5 2 1 3 5 5
-1331.6 -3580.7 -6.1 121 0 7.4 9.8 5.0 2.5 2 0 2 5 5
-1299.1 -3572.7 -8.8 327 0 4.8 11.5 5.0 2.5 2 1 2 5 5
-1285.7 -3561.6 -9.6 299 0 4.9 12.9 2.5 2.5 2 0 1 1 1
-1278.8 -3558.5 -10.1 299 0 4.2 10.3 2.5 2.5 2 0 1 0 0
-1311.7 -3617.2 -11.0 78 0 9.7 7.6 5.0 2.5 2 0 2 0 0
-1289.6 -3610.5 -12.6 1 0 4.9 7.7 5.0 2.5 2 0 2 5 5
-1265.2 -3599.0 -14.7 309 0 6.1 13.4 2.5 2.5 2 1 1 1 1
-1206.8 -3646.8 -18.6 225 0 4.3 12.1 5.0 2.5 2 0 2 5 5
-1212.9 -3680.6 -18.6 127 0 8.8 4.4 5.0 2.5 2 0 2 0 0
-1204.9 -3642.4 -18.4 225 0 4.6 13.9 5.0 2.5 2 0 2 1 1
-1183.8 -3672.7 -18.1 42 0 7.2 8.1 5.0 2.5 2 1 2 3 3
-673.9 -6837.7 -248.6 299 0 11.4 8.1 7.5 2.5 2 0 3 2 2
-708.1 -6838.4 -247.8 214 0 5.6 7.7 7.5 2.5 2 0 3 4 4
-765.1 -6752.1 -245.1 142 0 8.9 4.3 5.0 2.5 2 0 2 4 4
-744.5 -6740.5 -245.6 331 0 11.8 12.4 7.5 2.5 2 1 3 5 5
-749.1 -6816.7 -246.5 310 0 9.5 4.4 2.5 2.5 2 0 1 2 2
-748.4 -6844.1 -247.0 41 0 7.7 7.4 5.0 2.5 2 0 2 1 1
-754.4 -6809.4 -246.2 310 0 8.1 6.5 5.0 2.5 2 0 2 2 2
-717.0 -6883.5 -248.9 219 0 10.4 12.2 5.0 2.5 2 1 2 1 1
-745.4 -7005.5 -248.6 144 0 10.2 9.0 5.0 2.5 2 0 2 5 5
-729.0 -6993.7 -248.6 329 0 9.4 6.8 2.5 2.5 2 0 1 2 2
-517.2 -7060.3 -256.0 115 0 5.8 8.8 7.5 0.0 0 1 3 5 5
-480.3 -7072.6 -257.2 118 0 22.3 4.3 2.5 2.5 2 0 1 0 0
-511.8 -6927.3 -254.2 201 0 11.7 9.5 5.0 2.5 2 0 2 0 0
-450.8 -6975.6 -256.2 122 0 9.1 7.1 5.0 2.5 2 0 2 2 2
-478.5 -6973.6 -255.6 123 0 10.3 10.4 5.0 2.5 2 1 2 3 3
