-6727.1 -1672.9 65.0 272 0 16.9 27.4 5.0 2.5 2 1 2 1 1
6834.3 -1952.0 -67.7 260 0 18.8 20.3 10.0 2.5 2 1 4 4 4
4359.5 -8590.9 -71.9 250 0 18.3 13.0 2.5 2.5 2 0 1 5 5
3030.5 -9402.8 -71.8 266 0 45.2 19.4 7.5 0.0 0 0 3 5 5
6687.7 141.1 -65.5 53 0 16.6 20.7 7.5 2.5 2 1 3 1 1
6347.3 -6459.5 -75.2 333 0 11.7 13.8 5.0 2.5 2 1 2 5 5
6121.9 919.8 -61.8 317 0 8.0 28.1 5.0 2.5 2 0 2 2 2
-3140.2 7950.5 -22.7 282 0 17.3 77.5 5.0 2.5 2 1 2 3 3
4785.9 2661.2 -56.3 148 0 9.9 28.9 7.5 2.5 2 1 3 5 5
4859.6 2718.3 -57.2 42 0 26.9 11.5 10.0 2.5 2 0 4 5 5
-2154.0 7437.5 -35.6 38 0 19.3 18.7 10.0 2.5 2 0 4 2 2
-2857.2 7841.9 -27.9 12 0 77.5 17.3 10.0 2.5 2 0 4 3 3
-2898.5 7812.2 -27.0 102 0 17.4 77.5 12.5 2.5 2 1 5 4 4
-2923.5 7818.3 -26.1 102 0 17.3 77.5 10.0 2.5 2 1 4 3 3
-2932.9 7900.7 -25.3 282 0 17.3 77.5 10.0 2.5 2 1 4 0 0
-2974.1 7829.4 -24.4 102 0 17.4 77.5 10.0 2.5 2 1 4 1 1
-3002.8 7836.4 -23.7 102 0 17.3 77.5 12.5 2.5 2 1 5 1 1
-3011.2 7919.3 -23.5 282 0 17.4 77.5 10.0 2.5 2 1 4 0 0
-3035.8 7924.5 -23.1 282 0 17.3 77.5 10.0 2.5 2 1 4 2 2
-3063.7 7931.0 -22.8 282 0 17.3 77.5 7.5 2.5 2 1 3 0 0
-3087.8 7936.6 -22.5 282 0 17.4 77.5 10.0 2.5 2 1 4 4 4
-3113.3 7942.6 -22.2 282 0 17.3 77.5 10.0 2.5 2 1 4 4 4
-3164.3 7956.1 -23.1 282 0 17.4 77.5 5.0 2.5 2 1 2 1 1
-3206.5 7884.4 -23.4 102 0 17.4 77.5 7.5 2.5 2 1 3 4 4
-3216.3 7966.8 -23.9 282 0 17.4 77.5 10.0 2.5 2 1 4 1 1
-3256.7 7937.2 -24.0 192 0 77.5 17.3 10.0 2.5 2 0 4 0 0
5779.5 1501.1 -59.9 232 0 16.8 14.4 5.0 2.5 2 0 2 0 0
-4395.2 9133.8 -35.0 33 0 14.8 16.2 5.0 2.5 2 1 2 5 5
2855.4 3953.4 -52.2 37 0 23.5 20.7 7.5 2.5 2 0 3 5 5
-6562.4 10669.6 -37.2 34 0 12.9 15.8 2.5 2.5 2 1 1 0 0
-5940.0 10259.6 -38.1 74 0 16.2 14.8 7.5 2.5 2 0 3 1 1
6281.0 336.2 -59.4 145 0 15.4 15.7 5.0 0.0 0 1 2 0 0
-6645.7 10669.5 -36.9 300 0 19.7 59.4 12.5 2.5 2 1 5 0 0
-6716.0 10643.2 -37.0 118 0 66.7 35.7 10.0 0.0 0 0 4 2 2
-6753.3 10717.5 -37.3 298 0 49.0 62.5 7.5 0.0 0 1 3 0 0
