-4471.7 -4213.1 -469.2 53 0 17.9 37.9 17.5 3.5 2 0 5 1 1
-4783.4 -3997.0 -470.5 202 0 16.0 22.5 17.5 3.5 2 1 5 2 2
-4542.0 -4238.1 -470.1 141 0 57.8 15.7 17.5 3.5 2 0 5 0 0
-4773.3 -3870.8 -470.7 143 0 23.4 12.2 17.5 3.5 2 0 5 3 3
-4750.0 -4017.5 -470.7 110 0 14.7 22.5 17.5 3.5 2 1 5 4 4
-4739.6 -3902.6 -470.5 51 0 11.5 23.2 17.5 3.5 2 1 5 5 5
-4453.2 -4331.9 -467.8 133 0 30.5 11.5 17.5 3.5 2 0 5 0 0
-4777.4 -3974.0 -470.3 200 0 15.9 23.7 17.5 0.0 0 1 5 4 4
-4735.6 -4036.7 -470.9 111 0 11.2 24.9 17.5 3.5 2 1 5 3 3
-4720.1 -3928.0 -470.4 228 0 22.3 29.9 17.5 0.0 0 1 5 2 2
-4453.4 -4222.1 -468.8 322 0 36.3 15.3 17.5 3.5 2 0 5 0 0
1161.4 2899.7 485.5 118 0 8.2 13.3 7.5 0.0 0 1 3 3 3
1324.3 2903.4 475.7 315 0 9.8 16.2 5.0 0.0 0 1 2 4 4
3339.0 -6338.4 -456.7 339 0 14.8 18.4 14.0 3.5 2 1 4 3 3
2065.8 -7542.2 -475.4 347 0 13.6 24.6 14.0 3.5 2 1 4 5 5
903.6 -6742.4 -477.2 55 0 21.6 19.5 14.0 3.5 2 0 4 1 1
984.8 -6791.6 -476.3 209 0 18.4 31.6 14.0 3.5 2 1 4 1 1
5465.1 -7078.5 -487.8 150 0 18.8 9.6 10.5 3.5 2 0 3 3 3
4428.1 -5784.3 -318.5 45 0 26.7 25.0 31.5 0.0 0 0 9 4 4
4384.9 -5815.5 -324.1 130 0 28.6 27.2 31.5 0.0 0 0 9 1 1
4450.0 -5828.2 -308.9 221 0 21.9 21.9 31.5 0.0 0 0 9 3 3
4481.8 -5771.5 -306.3 311 0 21.5 25.1 31.5 0.0 0 1 9 3 3
4514.3 -5827.0 -311.6 38 0 25.3 24.9 35.0 0.0 0 0 10 5 5
4502.4 -5750.8 -306.2 131 0 18.8 25.7 31.5 0.0 0 1 9 4 4
4543.7 -5797.0 -311.7 41 0 25.6 23.2 35.0 0.0 0 0 10 1 1
4571.6 -5766.4 -311.7 41 0 23.8 21.5 35.0 0.0 0 0 10 4 4
4517.2 -5679.9 -302.1 314 0 26.7 19.5 35.0 0.0 0 0 10 4 4
4488.2 -5647.3 -300.0 317 0 28.1 20.0 35.0 3.5 99 0 10 5 5
4501.3 -5627.8 -292.7 132 0 27.0 20.8 35.0 0.0 0 0 10 4 4
4514.7 -5561.4 -287.6 312 0 24.2 19.0 35.0 0.0 0 0 10 1 1
4497.8 -5468.0 -277.1 297 0 25.0 17.5 35.0 0.0 0 0 10 1 1
4496.9 -5447.0 -270.6 117 0 23.9 17.5 35.0 0.0 0 0 10 0 0
4470.4 -5399.1 -269.8 297 0 25.0 17.5 35.0 0.0 0 0 10 2 2
4425.9 -5413.3 -277.8 297 0 25.0 17.5 35.0 0.0 0 0 10 3 3
4391.3 -5400.2 -280.2 297 0 25.0 17.5 35.0 0.0 0 0 10 2 2
4437.9 -5375.8 -266.9 117 0 23.9 17.5 35.0 0.0 0 0 10 5 5
4402.8 -5363.8 -270.6 113 0 21.1 17.9 35.0 0.0 0 0 10 4 4
4415.7 -5283.3 -261.4 200 0 16.1 23.7 35.0 0.0 0 1 10 0 0
4711.5 -5717.7 -302.9 4 0 17.7 28.6 35.0 0.0 0 1 10 0 0
4891.2 -5534.1 -249.4 47 0 29.5 22.2 14.0 0.0 0 0 4 5 5
4764.5 -5290.9 -199.5 324 0 23.0 35.5 14.0 0.0 0 1 4 3 3
4863.9 -5446.2 -227.2 159 0 12.0 19.7 10.5 0.0 0 1 3 3 3
4691.0 -5336.2 -202.7 185 0 26.2 36.9 14.0 0.0 0 1 4 2 2
4814.8 -5414.7 -216.0 61 0 29.2 21.5 14.0 3.5 2 0 4 2 2
4776.4 -5435.3 -217.8 61 0 29.2 21.5 14.0 3.5 2 0 4 1 1
4739.9 -5457.3 -220.1 61 0 29.2 21.6 14.0 3.5 2 0 4 2 2
4720.4 -5506.0 -231.2 142 0 21.8 27.1 14.0 3.5 2 1 4 2 2
4777.4 -5487.0 -229.3 61 0 29.2 21.6 14.0 3.5 2 0 4 4 4
4814.4 -5466.4 -227.4 61 0 29.2 21.6 14.0 0.0 0 0 4 5 5
4779.2 -5538.0 -242.0 61 0 29.2 21.6 14.0 3.5 2 0 4 0 0
4818.6 -5518.8 -239.6 61 0 29.2 21.6 14.0 3.5 2 0 4 2 2
4852.9 -5495.6 -236.8 61 0 29.2 21.6 14.0 0.0 0 0 4 1 1
4585.6 -5289.1 -220.5 141 0 27.7 16.0 35.0 0.0 0 0 10 2 2
4670.6 -5271.8 -195.0 140 0 35.5 15.1 14.0 3.5 2 0 4 4 4
4647.3 -5238.4 -195.4 140 0 35.5 14.9 14.0 3.5 2 0 4 3 3
4617.4 -5203.4 -197.6 131 0 21.4 15.1 14.0 3.5 2 0 4 4 4
4588.0 -5178.6 -199.1 135 0 30.8 13.5 14.0 3.5 2 0 4 1 1
4745.2 -5266.5 -197.1 327 0 20.8 19.0 14.0 3.5 2 0 4 3 3
4651.2 -5149.1 -194.3 308 0 32.2 15.6 14.0 3.5 2 0 4 0 0
4622.7 -5126.4 -196.9 309 0 30.8 15.1 14.0 3.5 2 0 4 1 1
4585.0 -5098.0 -203.9 308 0 32.2 15.6 14.0 3.5 2 0 4 1 1
4537.8 -5080.1 -205.6 218 0 15.5 30.7 14.0 3.5 2 1 4 5 5
4623.7 -5742.3 -310.7 91 0 28.5 18.0 35.0 0.0 0 0 10 2 2
4680.9 -5746.6 -314.2 357 0 18.0 29.9 35.0 0.0 0 1 10 1 1
4634.4 -5671.9 -293.6 309 0 25.4 17.7 35.0 0.0 0 0 10 5 5
4582.3 -5640.4 -287.9 261 0 19.0 27.4 35.0 0.0 0 1 10 0 0
4665.8 -5594.3 -266.0 309 0 25.5 17.7 35.0 0.0 0 0 10 0 0
4642.1 -5564.3 -259.4 336 0 28.3 16.9 35.0 0.0 0 0 10 5 5
4692.3 -5632.1 -277.8 269 0 29.3 18.2 35.0 0.0 0 0 10 0 0
4732.8 -5631.9 -276.0 272 0 32.9 18.5 14.0 3.5 2 0 4 1 1
4922.6 -5959.0 -359.3 94 0 12.7 18.2 10.5 3.5 2 1 3 4 4
6872.5 -5854.2 -459.7 231 0 24.2 15.3 17.5 3.5 2 0 5 1 1
6285.3 -5911.7 -420.6 333 0 14.3 17.9 14.0 3.5 2 1 4 2 2
6500.3 -6970.0 -489.8 322 0 19.0 23.7 10.5 3.5 2 1 3 0 0
5677.9 -6659.4 -470.4 336 0 13.4 21.2 14.0 3.5 2 1 4 2 2
4552.0 -5911.5 -320.4 42 0 27.9 17.2 35.0 0.0 0 0 10 5 5
4601.8 -5901.6 -324.6 310 0 12.0 27.6 35.0 0.0 0 1 10 0 0
4659.6 -5832.8 -324.8 222 0 20.8 17.1 14.0 3.5 2 0 4 2 2
4642.3 -5907.2 -329.5 309 0 16.9 20.5 14.0 3.5 2 1 4 3 3
4381.9 -5959.1 -322.6 45 0 21.8 25.1 35.0 0.0 0 1 10 3 3
4420.4 -5924.7 -316.4 45 0 21.8 25.1 35.0 0.0 0 1 10 0 0
4409.5 -5857.7 -317.6 315 0 25.1 21.8 35.0 0.0 0 0 10 2 2
4378.7 -5831.0 -328.3 315 0 25.1 21.8 35.0 0.0 0 0 10 1 1
4383.6 -6000.3 -325.3 139 0 19.2 27.6 35.0 0.0 0 1 10 5 5
4432.3 -5956.9 -320.3 315 0 17.2 27.6 35.0 0.0 0 1 10 4 4
4435.4 -5997.1 -323.6 229 0 27.6 18.2 35.0 0.0 0 0 10 1 1
4480.4 -5982.0 -322.6 45 0 27.2 18.2 35.0 0.0 0 0 10 1 1
4479.8 -6005.6 -328.0 229 0 27.6 18.2 35.0 0.0 0 0 10 4 4
4513.1 -5977.6 -327.1 228 0 29.0 17.9 35.0 0.0 0 0 10 4 4
4546.2 -6011.6 -331.6 317 0 13.0 27.5 35.0 0.0 0 1 10 2 2
4570.8 -5961.3 -326.9 91 0 27.9 17.2 35.0 0.0 0 0 10 4 4
4484.6 -5897.1 -315.9 223 0 28.4 17.2 35.0 0.0 0 0 10 3 3
4515.3 -5864.7 -316.0 223 0 28.4 17.2 35.0 0.0 0 0 10 4 4
4561.5 -5842.1 -316.2 42 0 27.9 17.2 35.0 0.0 0 0 10 5 5
4594.5 -5790.4 -316.6 309 0 16.3 27.7 35.0 0.0 0 1 10 1 1
4596.0 -5869.4 -320.8 42 0 27.9 17.2 35.0 0.0 0 0 10 5 5
4692.4 -5933.2 -334.0 44 0 11.4 17.0 14.0 3.5 2 1 4 5 5
4707.3 -5850.5 -329.5 309 0 16.9 20.5 14.0 3.5 2 1 4 5 5
4760.3 -5884.0 -334.4 42 0 20.7 17.0 14.0 3.5 2 0 4 0 0
4742.8 -5929.5 -337.9 42 0 20.8 17.0 14.0 3.5 2 0 4 3 3
4712.9 -6020.2 -340.8 302 0 18.3 22.5 35.0 0.0 0 1 10 4 4
4731.7 -6078.1 -343.6 42 0 20.8 17.0 35.0 0.0 0 0 10 5 5
4712.6 -6115.3 -346.0 42 0 20.7 17.0 35.0 0.0 0 0 10 4 4
4732.5 -6145.5 -351.8 130 0 16.3 20.4 35.0 0.0 0 1 10 0 0
4662.8 -6097.6 -340.1 130 0 16.3 20.4 35.0 0.0 0 1 10 2 2
4666.0 -6029.8 -337.9 32 0 20.6 16.2 35.0 0.0 0 0 10 1 1
4639.8 -6067.4 -336.8 42 0 20.7 17.0 35.0 0.0 0 0 10 0 0
4870.2 -6083.9 -358.2 20 0 20.0 16.8 35.0 0.0 0 0 10 2 2
4869.5 -6031.8 -358.1 274 0 13.1 21.0 14.0 3.5 2 1 4 1 1
4793.5 -6024.8 -350.7 265 0 16.3 21.5 35.0 0.0 0 1 10 5 5
4794.7 -6078.4 -352.0 164 0 20.7 16.7 35.0 0.0 0 0 10 4 4
4839.7 -6113.8 -355.1 23 0 15.1 20.0 35.0 0.0 0 1 10 2 2
5085.9 -6039.1 -379.4 12 0 19.6 14.6 12.5 0.0 0 0 5 0 0
4877.0 -6148.0 -358.4 343 0 20.0 13.4 35.0 0.0 0 0 10 3 3
4903.4 -6120.3 -361.4 343 0 19.6 14.6 35.0 0.0 0 0 10 5 5
4900.5 -6170.7 -362.1 163 0 19.6 14.6 35.0 0.0 0 0 10 0 0
4944.8 -6196.1 -365.3 73 0 14.6 19.6 35.0 0.0 0 1 10 0 0
4986.7 -6202.8 -370.3 343 0 19.6 14.6 35.0 0.0 0 0 10 3 3
5012.2 -6177.7 -377.3 163 0 19.6 14.6 35.0 0.0 0 0 10 5 5
5015.3 -6113.2 -376.5 343 0 19.6 14.6 35.0 0.0 0 0 10 2 2
4993.0 -6146.9 -372.4 343 0 19.6 14.6 35.0 0.0 0 0 10 5 5
5076.3 -6081.7 -381.7 12 0 19.6 14.6 12.5 2.5 2 0 5 5 5
5106.7 -6099.2 -386.9 102 0 14.6 19.6 10.5 3.5 2 1 3 2 2
5127.8 -6048.5 -384.7 12 0 19.6 14.6 10.5 3.5 2 0 3 0 0
5148.9 -6082.6 -391.5 192 0 19.6 14.6 14.0 3.5 2 0 4 0 0
5140.1 -6121.8 -392.2 192 0 19.6 14.6 14.0 3.5 2 0 4 2 2
6078.8 -6771.0 -487.3 230 0 26.2 54.1 14.0 3.5 2 1 4 5 5
6105.6 -6744.1 -487.1 230 0 26.2 54.1 14.0 3.5 2 1 4 3 3
6810.3 -4354.9 -395.3 282 0 15.9 12.8 17.5 0.0 0 0 5 1 1
4783.6 -5668.0 -281.4 82 0 25.6 16.9 35.0 0.0 0 0 10 3 3
4822.3 -5658.2 -280.4 82 0 25.6 16.9 35.0 0.0 0 0 10 4 4
4861.0 -5630.2 -279.0 262 0 25.6 16.9 35.0 0.0 0 0 10 5 5
4898.0 -5622.2 -278.4 262 0 25.6 16.9 35.0 0.0 0 0 10 0 0
4863.4 -5729.6 -305.3 72 0 25.6 16.9 35.0 0.0 0 0 10 2 2
4827.7 -5741.1 -307.0 72 0 25.6 16.9 35.0 0.0 0 0 10 3 3
4794.1 -5753.2 -310.0 72 0 25.6 16.9 35.0 0.0 0 0 10 4 4
4756.8 -5750.0 -315.7 252 0 25.6 16.9 35.0 0.0 0 0 10 4 4
4722.9 -5793.0 -321.5 72 0 25.6 16.9 35.0 0.0 0 0 10 0 0
4781.4 -5807.4 -328.0 253 0 25.1 16.8 35.0 0.0 0 0 10 1 1
4824.4 -5823.4 -330.9 80 0 26.0 17.8 35.0 0.0 0 0 10 1 1
4876.3 -5803.1 -330.3 348 0 16.8 28.9 35.0 0.0 0 1 10 4 4
4929.5 -5806.7 -329.8 90 0 25.6 16.9 35.0 0.0 0 0 10 3 3
4973.1 -5807.0 -330.7 90 0 25.6 16.9 35.0 0.0 0 0 10 4 4
4973.9 -5881.5 -349.9 92 0 27.0 16.8 35.0 0.0 0 0 10 5 5
5008.7 -5929.7 -362.8 90 0 25.6 16.9 73.5 0.0 0 0 21 0 0
5048.3 -5944.2 -367.2 90 0 25.6 16.9 35.0 0.0 0 0 10 0 0
5086.6 -5957.1 -370.7 90 0 25.6 16.9 35.0 0.0 0 0 10 1 1
5091.0 -5896.0 -352.9 98 0 27.0 16.5 35.0 0.0 0 0 10 4 4
5052.3 -5887.6 -352.1 97 0 26.7 16.8 35.0 0.0 0 0 10 2 2
5123.1 -5967.9 -373.0 90 0 25.6 16.9 35.0 0.0 0 0 10 2 2
5034.7 -5735.5 -310.8 90 0 25.6 16.9 35.0 0.0 0 0 10 3 3
5087.0 -5682.1 -291.9 90 0 25.6 16.9 35.0 0.0 0 0 10 3 3
5135.3 -5685.8 -291.4 90 0 25.6 16.9 35.0 0.0 0 0 10 5 5
4995.4 -5707.0 -303.1 90 0 25.6 16.9 35.0 0.0 0 0 10 1 1
4924.8 -5710.2 -302.1 90 0 25.6 16.9 35.0 0.0 0 0 10 0 0
4960.1 -5705.4 -302.2 90 0 25.6 16.9 35.0 0.0 0 0 10 2 2
4920.2 -5875.8 -348.8 173 0 15.8 27.2 35.0 0.0 0 1 10 5 5
4944.3 -6121.3 -368.9 163 0 19.6 14.6 35.0 0.0 0 0 10 2 2
4915.5 -6082.1 -364.0 253 0 14.6 19.6 35.0 0.0 0 1 10 2 2
4597.8 -6103.9 -344.3 268 0 25.1 17.3 35.0 0.0 0 0 10 5 5
4635.3 -6125.0 -346.1 268 0 25.1 17.3 35.0 0.0 0 0 10 2 2
4673.0 -6149.3 -353.0 268 0 25.1 17.3 35.0 0.0 0 0 10 1 1
4717.5 -6178.8 -355.8 358 0 17.3 25.1 35.0 0.0 0 1 10 4 4
4741.4 -6205.4 -360.2 263 0 16.3 24.0 35.0 0.0 0 1 10 2 2
4766.9 -6237.0 -361.2 263 0 16.3 24.0 35.0 0.0 0 1 10 0 0
4824.9 -6270.2 -359.1 90 0 16.2 24.3 35.0 0.0 0 1 10 5 5
4800.7 -6210.9 -358.9 270 0 16.2 24.3 35.0 0.0 0 1 10 2 2
4862.9 -6224.0 -358.8 1 0 22.1 18.5 35.0 0.0 0 0 10 3 3
4884.1 -6359.8 -373.9 175 0 13.9 25.0 35.0 0.0 0 1 10 0 0
4935.5 -6363.2 -374.5 85 0 25.0 13.9 35.0 0.0 0 0 10 4 4
4988.2 -6353.7 -375.7 341 0 13.9 25.0 35.0 0.0 0 1 10 2 2
4992.1 -6299.3 -367.1 340 0 13.9 25.0 35.0 0.0 0 1 10 1 1
4938.0 -6297.9 -365.1 247 0 25.0 13.9 35.0 0.0 0 0 10 1 1
4888.0 -6328.1 -367.1 175 0 13.9 25.0 35.0 0.0 0 1 10 2 2
4888.9 -6302.5 -363.8 175 0 13.9 25.0 35.0 0.0 0 1 10 3 3
4937.8 -6400.3 -382.2 53 0 15.1 11.8 35.0 0.0 0 0 10 5 5
4989.4 -6396.0 -382.0 3 0 12.5 17.3 35.0 0.0 0 1 10 1 1
5022.7 -6320.9 -371.8 87 0 25.0 25.1 35.0 0.0 0 1 10 0 0
5008.3 -6365.7 -377.5 177 0 25.1 24.9 35.0 0.0 0 0 10 5 5
5050.3 -6405.0 -383.9 181 0 14.9 22.1 35.0 0.0 0 1 10 3 3
5111.1 -6404.8 -387.1 1 0 14.9 22.1 35.0 0.0 0 1 10 4 4
5048.4 -6338.5 -380.7 182 0 21.0 62.1 35.0 3.5 2 1 10 5 5
5123.1 -6248.6 -386.6 52 0 13.4 19.9 35.0 0.0 0 1 10 4 4
5150.7 -6215.8 -391.0 322 0 19.9 13.4 35.0 0.0 0 0 10 5 5
5113.5 -6205.8 -388.0 52 0 13.4 19.9 35.0 0.0 0 1 10 5 5
5128.5 -6169.0 -391.8 232 0 13.4 19.9 35.0 0.0 0 1 10 1 1
5175.6 -6197.2 -394.8 322 0 19.9 13.4 35.0 0.0 0 0 10 3 3
5413.5 -6338.1 -422.4 155 0 18.1 14.1 35.0 0.0 0 0 10 1 1
5406.4 -6311.7 -419.1 56 0 13.1 18.5 35.0 0.0 0 1 10 4 4
5381.7 -6269.1 -414.8 326 0 18.5 13.1 35.0 0.0 0 0 10 1 1
5368.1 -6380.0 -414.7 146 0 18.5 13.1 35.0 0.0 0 0 10 3 3
5356.6 -6335.5 -410.6 326 0 18.5 13.1 35.0 0.0 0 0 10 2 2
5330.5 -6307.5 -406.5 326 0 18.5 13.1 35.0 0.0 0 0 10 4 4
5289.1 -6288.1 -404.8 146 0 18.5 13.1 35.0 0.0 0 0 10 2 2
5253.0 -6263.3 -401.8 146 0 18.5 13.1 35.0 0.0 0 0 10 3 3
5375.8 -6420.8 -412.9 350 0 20.1 12.4 35.0 0.0 0 0 10 4 4
5348.4 -6510.5 -410.3 208 0 19.1 13.1 35.0 0.0 0 0 10 1 1
5310.3 -6549.9 -410.0 151 0 14.7 19.9 35.0 0.0 0 1 10 1 1
5313.7 -6599.6 -419.7 264 0 19.2 13.9 14.0 3.5 2 0 4 5 5
5358.1 -6592.7 -420.2 260 0 18.7 14.1 14.0 3.5 2 0 4 1 1
5396.5 -6573.7 -422.4 223 0 19.2 12.1 14.0 3.5 4 0 4 4 4
5428.1 -6543.0 -423.4 8 0 20.5 13.1 14.0 3.5 2 0 4 4 4
5435.2 -6625.1 -429.6 34 0 17.6 11.3 14.0 3.5 2 0 4 5 5
5388.6 -6650.7 -428.8 84 0 17.6 12.2 14.0 3.5 4 0 4 1 1
5313.8 -6649.2 -428.0 92 0 16.7 12.7 14.0 3.5 2 0 4 1 1
5269.0 -6638.5 -427.2 188 0 12.4 16.6 35.0 0.0 0 1 10 2 2
5275.9 -6564.5 -410.5 85 0 21.9 20.7 35.0 0.0 0 0 10 5 5
5301.9 -6489.7 -404.2 237 0 13.2 24.1 35.0 0.0 0 1 10 5 5
5278.2 -6352.4 -395.7 313 0 21.6 20.7 35.0 0.0 0 0 10 4 4
5235.8 -6323.4 -392.8 316 0 21.6 20.7 35.0 0.0 0 0 10 1 1
5182.4 -6297.4 -390.6 223 0 15.2 27.7 35.0 0.0 0 1 10 3 3
5317.8 -6347.5 -403.3 310 0 21.6 20.7 35.0 0.0 0 0 10 1 1
5246.9 -6285.0 -397.4 316 0 21.6 20.7 35.0 0.0 0 0 10 5 5
5240.6 -6445.3 -395.6 116 0 13.2 24.1 35.0 0.0 0 1 10 4 4
5251.8 -6486.9 -399.9 92 0 21.7 20.7 35.0 0.0 0 0 10 1 1
5238.4 -6401.0 -393.3 357 0 10.9 27.7 35.0 0.0 0 1 10 2 2
5218.8 -6498.0 -405.9 269 0 21.9 20.7 35.0 0.0 0 0 10 0 0
5174.0 -6534.2 -408.8 183 0 17.6 24.4 24.5 0.0 0 1 7 4 4
5188.9 -6492.1 -403.4 93 0 24.4 17.6 24.5 0.0 0 0 7 4 4
5177.6 -6431.5 -397.5 183 0 17.6 24.4 24.5 0.0 0 1 7 5 5
5178.7 -6380.2 -391.7 183 0 17.6 24.4 24.5 0.0 0 1 7 0 0
5128.5 -6556.4 -412.2 269 0 21.9 20.7 35.0 0.0 0 0 10 1 1
5061.9 -6596.3 -413.9 184 0 16.1 27.7 35.0 0.0 0 1 10 2 2
5076.6 -6523.4 -407.6 269 0 21.9 20.7 35.0 0.0 0 0 10 1 1
5005.4 -6583.6 -411.2 184 0 16.1 27.7 35.0 0.0 0 1 10 5 5
5007.2 -6542.0 -407.0 184 0 16.1 27.7 35.0 0.0 0 1 10 0 0
5020.2 -6488.3 -401.3 269 0 21.9 20.7 35.0 0.0 0 0 10 2 2
5007.7 -6629.7 -417.8 184 0 16.1 27.7 35.0 0.0 0 1 10 3 3
4950.0 -6680.3 -424.5 51 0 26.8 13.7 35.0 0.0 0 0 10 3 3
4939.8 -6637.7 -414.2 51 0 26.8 13.7 35.0 0.0 0 0 10 2 2
4893.5 -6653.7 -414.7 51 0 26.8 13.7 35.0 0.0 0 0 10 3 3
4857.2 -6711.6 -426.9 141 0 13.7 26.8 35.0 0.0 0 1 10 5 5
4858.9 -6679.9 -418.8 51 0 26.8 13.7 35.0 0.0 0 0 10 5 5
4864.9 -6603.7 -408.9 51 0 26.8 13.7 35.0 0.0 0 0 10 5 5
4872.2 -6539.1 -403.8 231 0 26.8 13.7 35.0 0.0 0 0 10 2 2
4928.3 -6542.9 -405.5 321 0 13.7 26.8 35.0 0.0 0 1 10 1 1
4932.2 -6576.5 -409.0 321 0 13.7 26.8 35.0 0.0 0 1 10 1 1
4957.1 -5981.1 -369.9 275 0 81.4 78.0 14.0 0.0 0 0 4 0 0
4793.4 -5945.4 -346.9 109 0 18.3 37.5 14.0 0.0 0 1 4 1 1
4837.1 -5972.6 -353.9 274 0 23.3 23.2 14.0 3.5 2 0 4 1 1
5126.9 -6930.2 -474.0 85 0 14.8 18.9 28.0 0.0 0 1 8 0 0
4698.8 -7063.8 -481.2 87 0 24.5 21.2 25.0 0.0 0 0 10 4 4
4737.1 -6997.6 -481.1 267 0 24.5 21.2 25.0 0.0 0 0 10 4 4
4736.5 -7267.0 -482.9 18 0 27.0 21.6 20.0 0.0 0 0 8 2 2
4707.6 -7222.6 -482.5 209 0 25.5 17.2 7.5 2.5 4 0 3 4 4
-5932.8 -1733.4 -472.4 115 0 72.1 14.7 10.5 3.5 4 0 3 4 4
-5844.3 -1754.5 -469.6 122 0 13.8 73.7 10.5 3.5 2 1 3 4 4
-5953.6 -1563.3 -474.3 243 0 12.9 46.0 10.5 3.5 2 1 3 1 1
-5886.6 -1721.5 -472.4 25 0 14.1 75.0 10.5 3.5 2 1 3 4 4
-5928.7 -1551.8 -474.2 242 0 13.5 48.3 10.5 0.0 0 1 3 1 1
-5844.7 -1687.4 -469.9 214 0 36.5 19.0 10.5 0.0 0 0 3 1 1
-5974.5 -1571.9 -474.5 242 0 13.3 46.0 10.5 3.5 2 1 3 5 5
-5825.5 -1764.9 -469.4 123 0 13.3 71.9 10.5 3.5 2 1 3 0 0
-5840.8 -1640.5 -472.0 214 0 29.8 27.1 10.5 0.0 0 0 3 2 2
-5889.1 -1690.9 -471.2 37 0 12.8 46.3 10.5 3.5 2 1 3 0 0
-6018.4 -1379.4 -475.9 266 0 67.8 18.0 14.0 3.5 2 0 4 5 5
-5775.9 -1649.8 -472.1 295 0 15.3 44.7 10.5 3.5 2 1 3 3 3
-5890.7 -1579.3 -473.9 63 0 12.1 39.5 10.5 3.5 2 1 3 1 1
-5986.4 -1600.1 -475.1 243 0 14.1 28.9 10.5 3.5 2 1 3 4 4
-5876.0 -1673.0 -470.6 38 0 13.3 45.0 10.5 3.5 2 1 3 4 4
-5728.5 -1769.3 -468.8 105 0 14.4 26.7 12.5 2.5 2 1 5 3 3
4971.8 -7018.2 -479.5 248 0 21.0 22.1 10.0 2.5 2 1 4 5 5
4681.7 -7220.7 -482.4 44 0 19.2 27.0 14.0 3.5 2 1 4 5 5
4639.9 -7151.3 -481.9 293 0 20.2 26.1 14.0 0.0 0 1 4 2 2
4783.3 -7229.5 -482.8 284 0 18.8 20.8 10.5 3.5 2 1 3 1 1
5707.8 -7699.3 -490.2 158 0 19.4 12.6 14.0 3.5 2 0 4 3 3
6313.7 -5600.6 -379.7 326 0 14.6 28.4 14.0 0.0 0 1 4 3 3
6521.1 -6330.3 -488.5 333 0 39.1 18.6 10.5 3.5 2 0 3 3 3
6935.7 -6157.0 -486.5 54 0 16.6 30.5 10.5 3.5 4 1 3 1 1
4277.0 -5562.2 -330.5 338 0 19.9 15.8 14.0 3.5 2 0 4 1 1
4301.8 -5559.8 -319.7 68 0 15.8 19.8 14.0 3.5 2 1 4 1 1
4331.6 -5547.6 -309.6 68 0 15.8 19.8 14.0 3.5 2 1 4 1 1
4299.7 -5499.0 -309.3 295 0 22.1 15.5 14.0 3.5 2 0 4 0 0
4402.7 -5638.5 -313.9 78 0 31.4 17.7 49.0 0.0 0 0 14 3 3
4374.6 -5644.9 -321.2 76 0 27.0 17.9 42.0 0.0 0 0 12 0 0
4348.0 -5648.4 -327.7 89 0 29.6 17.4 35.0 0.0 0 0 10 2 2
4309.8 -5645.6 -334.0 166 0 17.9 22.6 28.0 0.0 0 0 8 3 3
5169.4 -5972.4 -377.6 189 0 28.7 62.4 14.0 0.0 0 1 4 1 1
5833.3 -6676.1 -465.9 8 0 17.1 28.4 25.0 0.0 0 1 10 5 5
5773.5 -6663.2 -464.6 123 0 29.0 17.8 25.0 0.0 0 0 10 5 5
5808.5 -6635.7 -460.1 30 0 17.8 28.1 25.0 0.0 0 1 10 1 1
5742.4 -6633.4 -461.0 123 0 24.9 17.3 25.0 0.0 0 0 10 1 1
5775.4 -6601.2 -456.1 29 0 17.6 24.9 25.0 0.0 0 1 10 0 0
5719.4 -6591.8 -455.9 120 0 24.7 18.3 25.0 0.0 0 0 10 1 1
5836.4 -6404.5 -416.6 48 0 27.6 16.7 35.0 0.0 0 0 10 3 3
5793.8 -6370.8 -412.9 91 0 29.9 17.5 35.0 0.0 0 0 10 4 4
5800.6 -6432.2 -427.1 46 0 17.8 23.5 35.0 0.0 0 1 10 3 3
5753.7 -6394.6 -421.5 138 0 20.9 17.4 35.0 0.0 0 0 10 5 5
5656.4 -6336.6 -422.3 50 0 23.3 15.3 35.0 0.0 0 0 10 2 2
5687.7 -6393.5 -427.6 137 0 24.4 18.9 35.0 0.0 0 0 10 3 3
5719.2 -6427.2 -431.9 140 0 24.3 18.5 35.0 0.0 0 0 10 1 1
5749.2 -6461.2 -436.6 139 0 29.3 18.0 35.0 0.0 0 0 10 3 3
5617.9 -6184.9 -401.9 121 0 13.3 17.7 25.0 0.0 0 1 10 3 3
5601.8 -6167.4 -402.2 211 0 17.7 13.3 25.0 0.0 0 0 10 0 0
5579.6 -7065.8 -488.6 233 0 29.7 40.9 10.5 3.5 2 1 3 4 4
5662.6 -6962.7 -486.1 351 0 17.3 31.7 14.0 3.5 2 1 4 5 5
4975.8 -5426.7 -228.5 53 0 18.5 18.4 20.0 0.0 0 0 8 3 3
4908.5 -5339.5 -218.8 320 0 11.0 19.3 28.0 0.0 0 1 8 5 5
4867.8 -5321.0 -215.8 229 0 15.4 20.7 28.0 0.0 0 1 8 2 2
4994.1 -5519.6 -254.3 224 0 18.2 17.7 28.0 0.0 0 0 8 3 3
4363.7 -5575.1 -316.5 335 0 27.7 30.6 30.0 0.0 0 1 12 4 4
4293.5 -5607.0 -331.0 157 0 29.4 31.6 30.0 0.0 0 1 12 5 5
4785.3 -6156.9 -353.6 314 0 7.6 7.4 10.5 3.5 2 0 3 4 4
5628.8 -6758.3 -473.9 91 0 15.5 20.7 14.0 3.5 2 1 4 4 4
5648.7 -6447.2 -445.1 318 0 20.4 16.8 14.0 3.5 4 0 4 4 4
5742.4 -6516.7 -445.2 144 0 11.3 9.1 7.5 0.0 0 0 3 4 4
5763.5 -6498.5 -442.6 324 0 11.3 9.1 7.5 0.0 0 0 3 5 5
5286.3 -7207.0 -487.3 62 0 98.9 42.2 10.5 0.0 0 0 3 5 5
5290.6 -7228.8 -488.2 243 0 53.3 35.5 10.5 0.0 0 0 3 0 0
6693.5 -5440.1 -397.7 56 0 16.0 42.6 17.5 0.0 0 1 5 4 4
4480.5 -6523.9 -453.1 272 0 34.5 35.2 14.0 0.0 0 1 4 0 0
4518.6 -6520.4 -453.4 273 0 23.3 38.5 14.0 0.0 0 1 4 3 3
4500.5 -6597.9 -453.3 93 0 21.4 22.2 14.0 0.0 0 1 4 3 3
6033.9 -5204.5 -342.0 314 0 15.1 14.0 14.0 3.5 2 0 4 0 0
6197.7 -5466.8 -355.9 144 0 6.9 9.9 10.5 3.5 2 0 3 1 1
6212.9 -5454.3 -356.5 324 0 7.1 9.8 10.5 3.5 2 0 3 4 4
5976.0 -5114.6 -349.3 125 0 25.8 15.6 14.0 3.5 2 0 4 4 4
5494.7 -5919.4 -348.4 139 0 19.1 22.4 14.0 0.0 0 1 4 3 3
5483.3 -5862.8 -331.8 133 0 20.5 22.8 14.0 0.0 0 1 4 5 5
5066.5 -5642.8 -280.5 94 0 17.8 19.1 28.0 0.0 0 1 8 0 0
5132.9 -5642.9 -279.3 94 0 17.9 19.1 28.0 0.0 0 1 8 4 4
5065.5 -5498.7 -245.9 278 0 17.9 14.4 28.0 0.0 0 0 8 3 3
4544.1 -5724.3 -306.7 313 0 3.4 10.9 10.5 0.0 0 1 3 4 4
4600.4 -5956.3 -328.4 2 0 5.7 6.6 10.5 3.5 2 1 3 5 5
4733.1 -5978.2 -340.6 101 0 5.5 14.9 10.5 3.5 2 1 3 0 0
4813.2 -5965.7 -350.4 274 0 10.6 14.7 14.0 3.5 2 1 4 1 1
5214.2 -6378.5 -391.0 264 0 8.1 7.5 10.5 3.5 2 0 3 2 2
5185.4 -6591.8 -416.9 205 0 4.7 6.5 10.5 0.0 0 1 3 3 3
5373.4 -5843.7 -333.8 301 0 11.4 16.7 14.0 3.5 2 1 4 3 3
-5294.0 -4459.3 -476.0 71 0 16.2 13.0 17.5 3.5 2 0 5 2 2
-5075.3 -5271.6 -477.3 226 0 16.6 11.4 17.5 3.5 2 0 5 2 2
-2727.3 -3717.9 -442.0 143 0 15.3 19.7 14.0 3.5 4 1 4 3 3
-2135.6 -3527.4 -439.0 155 0 14.5 21.3 14.0 3.5 4 1 4 1 1
-3998.1 -5519.9 -408.1 327 0 18.3 18.4 17.5 3.5 2 1 5 3 3
-1496.3 -5153.5 -470.9 236 0 23.4 19.0 10.5 3.5 2 0 3 2 2
-4591.2 -2874.8 -449.4 244 0 18.3 15.6 14.0 3.5 2 0 4 4 4
6234.8 -6566.6 -478.9 137 0 15.3 17.6 7.0 0.0 0 0 2 0 0
6497.5 -6335.0 -488.1 323 0 11.7 19.9 21.0 3.5 8 1 6 5 5
4543.4 -5515.5 -276.3 178 0 3.6 12.1 10.5 3.5 2 1 3 4 4
-5019.2 -3815.8 -472.9 323 0 14.2 17.7 14.0 3.5 2 1 4 1 1
5401.3 -8192.6 -489.9 258 0 71.6 31.5 14.0 0.0 0 0 4 3 3
5233.9 -8173.2 -490.3 165 0 48.2 19.5 14.0 3.5 2 0 4 5 5
5352.2 -8159.7 -489.8 77 0 54.3 66.7 14.0 0.0 0 1 4 3 3
5321.3 -8030.5 -489.4 256 0 55.8 52.9 14.0 0.0 0 0 4 0 0
5209.7 -8337.4 -491.2 270 0 54.6 29.0 14.0 0.0 0 0 4 5 5
4540.2 -7408.2 -477.0 360 0 18.0 28.2 14.0 3.5 2 1 4 4 4
4488.5 -7393.2 -476.1 269 0 17.8 31.1 14.0 3.5 2 1 4 0 0
5279.5 -7624.8 -489.0 29 0 39.4 23.4 10.5 0.0 0 0 3 1 1
5208.8 -7587.0 -488.1 29 0 38.9 19.9 10.5 0.0 0 0 3 4 4
5208.6 -7598.0 -488.6 206 0 22.8 41.8 10.5 0.0 0 1 3 5 5
5534.3 -7483.1 -490.4 236 0 19.0 42.4 25.0 0.0 0 1 10 4 4
5461.2 -7528.7 -489.3 236 0 19.0 42.4 25.0 2.5 4 1 10 1 1
5499.1 -7507.1 -489.9 237 0 42.3 19.0 25.0 2.5 2 0 10 3 3
6236.2 -5865.3 -410.6 157 0 10.1 22.9 35.0 0.0 0 1 10 3 3
6346.7 -5789.5 -405.7 343 0 11.3 38.2 10.5 3.5 2 1 3 2 2
6342.1 -5764.6 -401.5 343 0 12.5 50.8 10.5 3.5 2 1 3 3 3
6222.4 -5813.0 -404.0 260 0 49.3 14.1 10.5 3.5 2 0 3 0 0
6203.9 -5851.8 -408.2 166 0 10.1 22.9 35.0 0.0 0 1 10 1 1
6180.7 -5822.7 -405.1 258 0 15.9 11.7 35.0 0.0 0 0 10 3 3
6327.2 -5976.9 -433.0 345 0 14.9 28.0 14.0 3.5 2 1 4 4 4
6291.0 -5963.3 -430.0 345 0 14.9 27.9 14.0 0.0 0 1 4 5 5
6252.5 -5947.0 -426.4 345 0 14.9 27.9 14.0 3.5 2 1 4 1 1
6213.1 -5975.9 -432.9 255 0 28.0 14.9 14.0 3.5 2 0 4 3 3
6250.1 -6012.6 -437.5 75 0 27.9 14.9 14.0 3.5 2 0 4 0 0
6163.8 -5987.5 -431.9 98 0 27.9 14.9 14.0 3.5 2 0 4 2 2
6122.0 -5989.9 -432.0 98 0 27.9 14.9 14.0 3.5 2 0 4 2 2
6103.6 -5937.3 -424.7 278 0 27.9 14.9 14.0 3.5 2 0 4 5 5
6093.8 -5913.0 -420.6 8 0 14.9 27.9 14.0 3.5 4 1 4 5 5
6074.0 -5877.9 -416.2 8 0 14.9 27.9 14.0 3.5 2 1 4 5 5
6117.8 -5892.3 -418.7 278 0 27.9 14.9 14.0 3.5 4 0 4 1 1
6157.0 -5909.0 -420.5 278 0 28.0 14.9 14.0 3.5 2 0 4 5 5
6208.2 -5932.1 -422.0 8 0 14.9 27.9 14.0 3.5 2 1 4 5 5
6151.3 -6012.1 -439.7 278 0 27.9 14.9 14.0 3.5 2 0 4 0 0
6081.0 -5747.0 -392.7 278 0 28.0 14.9 10.5 3.5 4 0 3 0 0
6146.0 -5791.9 -398.6 98 0 27.9 14.9 10.5 3.5 2 0 3 0 0
6092.7 -5808.2 -401.9 98 0 27.9 14.9 10.5 0.0 0 0 3 5 5
6057.4 -5816.3 -405.5 8 0 14.9 27.9 10.5 3.5 2 1 3 3 3
6026.6 -5770.8 -394.3 188 0 14.9 28.0 10.5 3.5 2 1 3 5 5
6043.7 -5728.4 -386.8 8 0 14.9 27.9 10.5 3.5 2 1 3 2 2
6023.8 -5673.0 -379.5 278 0 28.0 14.9 10.5 3.5 2 0 3 0 0
6114.9 -5740.7 -392.4 188 0 14.9 27.9 10.5 3.5 2 1 3 4 4
6083.1 -5704.0 -386.4 294 0 28.0 14.9 10.5 3.5 2 0 3 5 5
6114.1 -5696.2 -384.1 154 0 14.9 28.0 14.0 3.5 2 1 4 3 3
6162.2 -5656.8 -381.6 244 0 28.0 14.9 14.0 3.5 4 0 4 5 5
6153.7 -5717.2 -389.1 154 0 14.9 28.0 14.0 3.5 2 1 4 4 4
6186.5 -5737.4 -391.1 154 0 14.9 28.0 14.0 0.0 0 1 4 4 4
6202.1 -5635.6 -378.9 243 0 28.0 14.9 14.0 3.5 2 0 4 1 1
6261.3 -5611.5 -377.2 334 0 14.9 28.0 14.0 3.5 2 1 4 3 3
6248.3 -5666.1 -383.5 334 0 14.9 28.0 14.0 3.5 2 1 4 4 4
6220.4 -5755.1 -393.9 154 0 14.9 28.0 14.0 3.5 2 1 4 3 3
6272.6 -5737.4 -393.2 64 0 28.0 14.9 14.0 3.5 4 0 4 0 0
6322.8 -5694.4 -391.4 334 0 14.9 28.0 14.0 3.5 2 1 4 1 1
6258.4 -5555.1 -371.1 248 0 35.2 12.5 14.0 3.5 2 0 4 2 2
6219.2 -5593.1 -371.3 68 0 35.2 12.5 14.0 3.5 2 0 4 4 4
6199.4 -5553.0 -366.0 158 0 12.5 35.2 14.0 3.5 2 1 4 5 5
6182.0 -5553.9 -365.3 338 0 12.5 35.2 10.5 3.5 2 1 3 1 1
6153.5 -5530.4 -359.1 68 0 35.2 12.5 14.0 3.5 2 0 4 1 1
6140.5 -5602.6 -370.2 60 0 35.2 12.5 10.5 3.5 2 0 3 1 1
6090.3 -5558.4 -359.9 68 0 35.2 12.5 14.0 3.5 2 0 4 1 1
6062.2 -5524.6 -353.8 258 0 34.4 11.6 14.0 3.5 2 0 4 5 5
6104.8 -5508.1 -352.5 80 0 51.5 12.9 14.0 3.5 2 0 4 0 0
6047.5 -5452.2 -342.0 248 0 35.2 12.5 14.0 3.5 2 0 4 3 3
6046.3 -5391.7 -330.9 338 0 12.5 35.2 14.0 3.5 2 1 4 2 2
5955.1 -5484.0 -340.5 158 0 12.5 35.2 14.0 3.5 2 1 4 2 2
5989.6 -5530.6 -346.6 68 0 35.2 12.5 10.5 3.5 2 0 3 5 5
5943.0 -5437.2 -331.6 158 0 12.5 35.2 14.0 3.5 2 1 4 3 3
5964.4 -5355.5 -323.9 236 0 35.2 12.5 14.0 3.5 2 0 4 2 2
5856.2 -5488.5 -335.2 158 0 12.5 35.2 10.5 3.5 4 1 3 5 5
5932.3 -5451.5 -333.6 338 0 12.5 35.2 10.5 3.5 2 1 3 1 1
5935.7 -5516.3 -342.4 68 0 35.2 12.5 14.0 3.5 2 0 4 0 0
5877.4 -5522.6 -340.8 234 0 35.2 12.5 14.0 0.0 0 0 4 1 1
5913.1 -5554.2 -345.4 54 0 35.2 12.5 10.5 3.5 2 0 3 1 1
5918.2 -5582.4 -354.0 234 0 35.2 12.5 10.5 3.5 2 0 3 0 0
5955.6 -5557.6 -352.1 234 0 35.2 12.5 10.5 3.5 2 0 3 4 4
5890.3 -5394.7 -328.3 324 0 12.5 35.2 10.5 3.5 2 1 3 2 2
5920.9 -5301.7 -319.8 180 0 48.2 37.5 14.0 0.0 0 0 4 0 0
6247.8 -6843.5 -489.5 234 0 20.0 14.6 10.5 3.5 2 0 3 3 3
6226.2 -6859.1 -489.6 235 0 19.8 15.1 10.5 3.5 2 0 3 3 3
6187.5 -6895.8 -489.6 145 0 14.7 29.6 10.5 3.5 2 0 3 3 3
5806.6 -5317.3 -314.4 114 0 13.1 28.7 14.0 3.5 2 1 4 4 4
5803.3 -5495.1 -332.2 123 0 12.5 35.3 10.5 3.5 2 1 3 0 0
5847.2 -5447.8 -332.0 40 0 35.2 12.5 10.5 3.5 2 0 3 4 4
5781.7 -5429.5 -320.0 34 0 28.6 13.1 10.5 3.5 2 0 3 3 3
5809.0 -5391.1 -321.3 34 0 28.6 13.1 10.5 3.5 2 0 3 1 1
5840.0 -5339.6 -321.4 304 0 13.1 28.7 10.5 3.5 2 1 3 1 1
5748.7 -5423.3 -315.2 304 0 13.1 28.6 10.5 3.5 2 1 3 4 4
5756.3 -5385.5 -310.7 34 0 28.6 13.1 10.5 3.5 2 0 3 5 5
5709.1 -5394.3 -305.6 304 0 13.1 28.6 10.5 0.0 0 1 3 3 3
5747.8 -5322.9 -303.8 298 0 13.1 28.7 10.5 3.5 2 1 3 3 3
5776.1 -5330.3 -309.9 115 0 13.1 28.7 14.0 3.5 2 1 4 3 3
5850.0 -5280.8 -314.3 34 0 28.6 13.1 14.0 3.5 2 0 4 3 3
5784.4 -5273.1 -307.5 199 0 28.7 13.1 14.0 3.5 2 0 4 0 0
5751.0 -5270.9 -299.1 304 0 13.1 28.6 10.5 3.5 2 1 3 4 4
5704.6 -5315.6 -295.5 124 0 13.1 28.6 10.5 3.5 2 1 3 4 4
5684.6 -5336.9 -292.1 34 0 28.7 13.1 10.5 3.5 2 0 3 0 0
5653.3 -5372.0 -292.8 34 0 28.6 13.1 10.5 0.0 0 0 3 1 1
5694.9 -5352.9 -298.0 298 0 13.1 28.7 10.5 3.5 2 1 3 4 4
5718.1 -5753.4 -355.4 141 0 14.1 16.6 28.0 0.0 0 1 8 2 2
5749.6 -5733.8 -355.5 51 0 16.6 14.1 28.0 0.0 0 0 8 4 4
5705.4 -5684.2 -344.2 231 0 16.6 14.1 28.0 0.0 0 0 8 5 5
5682.5 -5712.6 -343.7 141 0 14.1 16.6 28.0 0.0 0 1 8 4 4
5693.4 -5582.4 -323.5 51 0 16.6 14.1 28.0 0.0 0 0 8 1 1
5823.4 -5674.7 -357.7 51 0 16.6 14.1 28.0 0.0 0 0 8 0 0
5792.6 -5641.2 -350.9 231 0 16.6 14.1 28.0 0.0 0 0 8 1 1
5783.8 -5630.7 -345.0 51 0 16.6 14.1 28.0 0.0 0 0 8 1 1
5803.6 -5613.0 -345.3 51 0 16.6 14.1 28.0 0.0 0 0 8 0 0
5823.4 -5594.7 -345.1 51 0 16.6 14.1 28.0 0.0 0 0 8 5 5
5843.2 -5614.6 -351.2 51 0 16.6 14.1 28.0 0.0 0 0 8 2 2
5866.2 -5625.9 -357.2 321 0 14.1 16.6 28.0 0.0 0 1 8 0 0
5821.1 -5865.7 -378.4 141 0 14.1 16.6 28.0 0.0 0 1 8 1 1
5864.1 -5896.0 -386.0 51 0 16.6 14.1 28.0 0.0 0 0 8 0 0
5790.0 -5740.0 -365.6 231 0 16.6 14.1 28.0 0.0 0 0 8 5 5
5876.3 -5686.0 -368.8 321 0 14.1 16.6 28.0 0.0 0 1 8 4 4
5902.7 -6070.5 -401.3 51 0 16.6 14.1 28.0 0.0 0 0 8 4 4
5548.4 -5565.1 -301.3 231 0 16.6 14.1 28.0 0.0 0 0 8 2 2
5578.3 -5553.3 -300.9 51 0 16.6 14.1 28.0 0.0 0 0 8 2 2
5596.2 -5574.9 -310.3 231 0 16.6 14.1 28.0 0.0 0 0 8 0 0
5613.2 -5649.4 -321.8 51 0 16.6 14.1 28.0 0.0 0 0 8 0 0
5748.2 -7676.3 -490.1 260 0 15.8 17.8 14.0 3.5 2 1 4 0 0
5725.8 -7669.5 -490.2 268 0 18.6 13.0 14.0 3.5 2 0 4 3 3
6452.7 -6985.6 -489.8 169 0 42.0 64.3 10.5 0.0 0 1 3 1 1
6222.0 -6853.2 -489.5 57 0 9.3 9.5 10.5 3.5 4 1 3 1 1
6197.8 -6869.3 -489.5 57 0 9.4 9.5 10.5 3.5 2 1 3 5 5
6180.5 -6879.6 -489.5 57 0 9.3 9.5 10.5 3.5 2 1 3 2 2
6158.4 -6896.5 -489.5 57 0 9.3 9.5 10.5 3.5 2 1 3 4 4
6147.9 -6902.9 -489.4 57 0 9.4 9.5 10.5 3.5 2 1 3 5 5
6139.4 -6909.4 -489.4 57 0 9.3 9.5 10.5 3.5 2 1 3 5 5
6107.1 -6940.6 -489.2 237 0 9.3 9.5 10.5 3.5 2 1 3 5 5
6098.8 -6946.8 -489.2 237 0 9.4 9.5 10.5 3.5 2 1 3 4 4
6094.7 -6938.4 -489.1 57 0 9.4 9.5 10.5 3.5 2 1 3 4 4
6081.8 -6976.7 -489.3 327 0 9.5 9.3 10.5 0.0 0 0 3 4 4
6145.2 -6954.9 -489.4 327 0 9.5 9.3 10.5 3.5 2 0 3 1 1
6130.4 -6959.6 -489.4 237 0 9.4 9.5 10.5 3.5 2 1 3 3 3
6113.6 -6970.1 -489.3 237 0 9.4 9.5 10.5 3.5 2 1 3 5 5
6099.1 -6980.0 -489.2 237 0 9.4 9.5 10.5 3.5 4 1 3 4 4
6105.5 -6997.6 -489.2 147 0 9.5 9.3 10.5 3.5 2 0 3 2 2
6150.9 -6974.1 -489.5 57 0 9.4 9.5 10.5 3.5 2 1 3 0 0
6096.8 -6997.8 -489.4 330 0 22.6 11.5 14.0 3.5 2 0 4 0 0
6075.9 -6997.7 -489.6 237 0 9.3 7.0 10.5 3.5 2 0 3 2 2
6110.5 -7018.0 -489.4 327 0 9.5 9.4 10.5 3.5 2 0 3 2 2
6099.9 -7039.6 -489.7 147 0 9.5 9.3 10.5 3.5 2 0 3 2 2
6144.1 -7014.8 -489.4 57 0 9.3 9.5 10.5 3.5 2 1 3 3 3
6152.4 -7009.3 -489.5 57 0 9.4 9.5 10.5 3.5 2 1 3 0 0
6161.3 -7003.1 -489.5 57 0 9.4 9.5 10.5 3.5 2 1 3 3 3
6152.4 -6981.2 -489.5 237 0 9.4 9.5 10.5 3.5 2 1 3 4 4
6132.1 -7040.9 -489.4 147 0 14.5 9.4 10.5 0.0 0 0 3 0 0
6201.6 -7016.3 -489.5 237 0 9.3 9.5 10.5 3.5 2 1 3 2 2
6220.0 -7005.0 -489.5 237 0 9.4 9.5 10.5 3.5 2 1 3 3 3
6229.4 -7059.6 -489.5 57 0 9.3 9.5 10.5 3.5 2 1 3 1 1
6233.6 -7064.0 -489.5 237 0 9.3 9.5 10.5 3.5 2 1 3 0 0
6264.4 -7070.2 -489.6 57 0 9.3 9.5 10.5 3.5 2 1 3 5 5
6277.3 -7062.4 -489.6 57 0 9.3 9.5 10.5 3.5 4 1 3 2 2
6271.5 -7039.0 -489.6 237 0 9.3 9.5 10.5 0.0 0 1 3 2 2
6274.1 -6995.3 -489.7 57 0 9.4 9.5 10.5 3.5 2 1 3 4 4
6300.9 -6978.1 -489.8 57 0 9.4 9.5 10.5 3.5 2 1 3 3 3
6282.0 -6990.4 -489.7 58 0 8.0 21.3 10.5 3.5 2 1 3 4 4
6300.1 -7014.0 -489.7 57 0 9.3 9.5 10.5 3.5 4 1 3 1 1
6276.2 -7006.0 -489.7 147 0 9.5 9.4 10.5 3.5 2 0 3 5 5
6316.0 -7038.4 -489.7 57 0 9.4 9.5 10.5 3.5 2 1 3 1 1
6335.0 -7025.1 -489.8 55 0 13.6 9.5 10.5 3.5 2 0 3 4 4
6354.5 -7042.4 -489.9 325 0 9.5 13.6 10.5 3.5 2 1 3 0 0
6335.7 -7062.4 -489.8 55 0 13.6 9.5 10.5 3.5 2 0 3 0 0
6320.1 -7040.6 -489.8 235 0 13.6 9.5 10.5 3.5 2 0 3 4 4
6323.2 -7104.6 -489.7 57 1 19.3 10.5 14.0 3.5 2 0 4 5 5
6314.0 -7081.9 -489.7 237 0 9.4 9.5 10.5 0.0 0 1 3 5 5
6350.9 -7089.3 -489.8 57 0 9.3 9.5 10.5 3.5 4 1 3 4 4
6345.9 -7064.0 -489.8 237 0 9.4 9.5 10.5 3.5 2 1 3 0 0
6366.1 -7075.1 -489.9 57 0 9.4 9.5 10.5 3.5 2 1 3 3 3
6271.4 -7101.5 -489.6 57 0 9.4 9.5 10.5 3.5 2 1 3 5 5
6249.7 -7087.8 -489.5 237 0 9.4 9.5 10.5 3.5 2 1 3 5 5
6246.9 -7100.9 -489.5 327 0 9.5 9.3 10.5 3.5 2 0 3 4 4
6224.9 -7096.0 -489.5 57 0 9.3 9.5 10.5 3.5 2 1 3 5 5
6206.4 -7108.7 -489.7 57 0 9.3 9.5 10.5 0.0 0 1 3 2 2
6184.8 -7094.4 -489.8 237 0 9.3 9.5 10.5 3.5 2 1 3 3 3
6193.1 -7088.9 -489.5 237 0 9.4 9.5 10.5 3.5 2 1 3 4 4
6213.3 -7069.2 -489.5 57 0 9.4 9.5 10.5 3.5 4 1 3 2 2
6186.2 -7058.8 -489.5 237 0 9.3 9.5 10.5 3.5 2 1 3 2 2
6181.5 -7052.9 -489.5 57 0 9.3 9.5 10.5 3.5 2 1 3 4 4
6190.2 -7046.6 -489.5 57 0 9.4 9.5 10.5 3.5 2 1 3 4 4
6401.9 -7045.2 -490.0 256 0 9.3 9.5 10.5 3.5 4 1 3 4 4
6428.6 -7016.8 -489.8 256 0 9.3 9.5 10.5 3.5 2 1 3 2 2
6471.3 -7077.8 -490.1 256 0 9.3 9.5 10.5 3.5 2 1 3 1 1
6479.9 -7070.9 -490.1 76 0 9.3 9.5 10.5 3.5 2 1 3 4 4
6487.8 -7069.0 -490.1 77 0 6.6 11.8 10.5 3.5 2 1 3 4 4
6496.6 -7067.3 -490.2 77 0 6.6 11.8 10.5 3.5 2 1 3 3 3
6519.8 -7044.8 -490.2 349 0 9.2 12.9 10.5 0.0 0 1 3 4 4
6523.5 -7079.5 -490.5 349 0 9.2 12.9 10.5 3.5 2 1 3 5 5
6725.7 -6237.0 -486.4 61 0 13.9 14.8 10.5 3.5 2 1 3 5 5
6750.3 -6211.8 -486.3 330 0 14.8 25.3 10.5 3.5 4 1 3 3 3
6764.0 -6203.1 -486.5 331 0 14.8 13.9 10.5 3.5 2 0 3 3 3
6616.8 -6492.8 -489.8 323 0 27.1 20.8 35.0 0.0 0 0 10 1 1
6689.8 -6458.2 -488.6 145 0 13.6 10.1 10.5 3.5 2 0 3 4 4
6669.2 -6479.6 -489.3 145 1 13.6 10.1 14.0 3.5 2 0 4 1 1
6662.1 -6435.1 -488.9 324 1 10.1 13.5 14.0 3.5 4 1 4 5 5
6655.4 -6426.7 -488.8 324 1 10.1 13.5 14.0 3.5 4 1 4 2 2
6641.0 -6410.2 -488.8 324 1 10.1 13.5 14.0 3.5 2 1 4 1 1
6596.3 -6405.4 -488.9 136 0 31.5 14.9 35.0 0.0 0 0 10 0 0
6578.7 -6367.9 -488.6 146 0 11.0 8.4 10.5 0.0 0 0 3 0 0
6756.3 -6187.4 -486.4 331 0 14.8 13.9 10.5 3.5 2 0 3 0 0
6747.6 -6171.8 -486.2 331 0 18.7 14.0 10.5 0.0 0 0 3 3 3
6772.4 -6081.4 -476.3 229 0 10.5 8.8 10.5 3.5 2 0 3 5 5
6797.8 -6061.2 -476.2 228 0 11.9 14.7 31.5 0.0 0 1 9 0 0
6834.6 -6079.8 -478.1 48 0 11.9 14.7 31.5 0.0 0 1 9 5 5
6846.5 -6068.6 -477.7 48 0 11.9 14.7 31.5 0.0 0 1 9 1 1
6846.3 -6077.5 -480.1 228 0 21.4 15.3 31.5 0.0 0 0 9 4 4
6871.7 -6062.2 -479.1 318 0 14.7 11.9 31.5 0.0 0 0 9 3 3
6874.5 -6042.4 -476.8 48 0 11.9 14.7 31.5 0.0 0 1 9 3 3
6886.6 -6032.3 -476.5 48 0 11.9 14.7 31.5 0.0 0 1 9 0 0
6897.1 -6022.1 -476.4 48 0 11.9 14.7 31.5 0.0 0 1 9 2 2
6908.7 -6011.1 -475.9 48 0 11.9 14.7 31.5 0.0 0 1 9 2 2
6880.8 -5982.8 -473.6 228 0 11.9 14.7 31.5 0.0 0 1 9 4 4
6870.5 -5993.5 -473.9 228 0 11.9 14.7 31.5 0.0 0 1 9 5 5
6859.6 -6003.6 -474.2 228 0 11.9 14.7 31.5 0.0 0 1 9 1 1
6846.5 -6012.9 -474.4 228 0 11.9 14.7 31.5 0.0 0 1 9 0 0
6891.3 -5972.5 -472.7 228 0 11.9 14.7 31.5 0.0 0 1 9 5 5
6902.4 -5962.7 -471.9 228 0 11.9 14.7 31.5 0.0 0 1 9 1 1
6912.9 -5951.5 -470.9 228 0 11.9 14.7 31.5 0.0 0 1 9 5 5
6941.4 -5969.6 -473.2 318 0 14.7 11.9 31.5 0.0 0 0 9 2 2
6928.6 -5990.0 -474.1 48 0 11.9 14.7 31.5 0.0 0 1 9 2 2
6915.7 -6019.2 -478.4 228 0 11.9 14.7 31.5 0.0 0 1 9 0 0
6936.5 -6019.9 -477.5 48 0 11.9 14.7 31.5 0.0 0 1 9 2 2
6941.8 -6037.4 -480.6 318 0 14.7 11.9 31.5 0.0 0 0 9 2 2
6922.7 -5940.2 -469.9 228 0 11.9 14.7 31.5 0.0 0 1 9 4 4
6938.6 -5903.4 -465.9 318 0 14.7 11.9 31.5 0.0 0 0 9 4 4
6493.1 -6864.6 -489.4 51 0 11.8 11.2 14.0 3.5 2 0 4 2 2
6266.0 -7114.4 -489.6 200 0 9.7 21.5 10.5 3.5 2 1 3 0 0
6327.6 -6928.8 -489.7 325 0 19.1 15.1 10.0 2.5 2 0 4 0 0
6310.7 -6904.3 -489.6 325 0 19.1 15.1 7.5 2.5 2 0 3 5 5
6299.9 -6888.1 -489.6 325 0 19.1 15.1 10.0 2.5 2 0 4 2 2
6285.4 -6867.0 -489.5 325 0 19.1 14.2 10.0 2.5 2 0 4 2 2
6290.5 -6795.1 -488.9 235 0 9.9 8.6 10.5 3.5 2 0 3 3 3
6315.4 -6795.9 -489.0 235 0 9.7 10.8 10.5 3.5 2 1 3 5 5
6348.9 -6773.8 -488.5 236 0 11.6 10.7 14.0 3.5 2 0 4 4 4
6358.0 -6796.8 -488.8 57 0 18.5 10.5 14.0 3.5 2 0 4 4 4
6386.8 -6812.4 -489.1 55 0 10.7 11.8 14.0 3.5 2 1 4 0 0
6373.4 -6793.1 -488.9 235 0 10.7 11.8 14.0 0.0 0 1 4 1 1
6382.9 -6786.6 -488.7 235 0 10.7 11.7 14.0 3.5 4 1 4 1 1
6400.8 -6785.3 -488.7 325 0 11.6 9.7 10.5 3.5 2 0 3 2 2
6545.1 -6891.2 -489.6 319 0 11.5 10.4 14.0 0.0 0 0 4 2 2
6469.3 -6810.8 -489.2 318 0 12.9 9.5 10.5 3.5 4 0 3 5 5
6474.1 -6802.2 -488.9 136 0 10.3 10.7 14.0 3.5 2 1 4 3 3
6493.4 -6817.3 -489.1 47 0 7.9 11.7 10.5 3.5 2 1 3 3 3
6452.5 -6769.7 -488.8 227 0 10.9 9.2 10.5 3.5 2 0 3 0 0
6444.0 -6781.1 -488.7 321 0 9.6 11.8 10.5 3.5 2 1 3 5 5
6431.1 -6763.7 -488.6 321 0 9.6 11.8 10.5 3.5 2 1 3 1 1
6407.5 -6719.2 -488.2 231 0 11.8 9.6 10.5 3.5 4 0 3 3 3
6407.1 -6746.2 -488.4 51 0 11.8 9.6 10.5 0.0 0 0 3 1 1
6378.4 -6747.3 -488.4 141 0 9.6 11.8 10.5 3.5 2 1 3 5 5
6391.2 -6729.9 -488.3 229 1 12.0 11.7 14.0 3.5 2 0 4 3 3
6432.7 -6741.2 -488.4 141 0 9.6 11.8 10.5 3.5 2 1 3 4 4
6455.8 -6729.0 -488.1 51 0 11.8 9.6 10.5 3.5 2 0 3 2 2
6453.5 -6691.0 -487.6 231 0 11.8 9.6 10.5 3.5 2 0 3 3 3
6496.4 -6761.5 -488.5 51 0 11.8 9.6 10.5 3.5 2 0 3 3 3
6531.7 -6822.1 -489.2 141 0 9.6 11.8 10.5 0.0 0 1 3 5 5
6594.2 -6818.8 -489.4 321 0 9.6 11.8 10.5 3.5 2 1 3 0 0
6597.3 -6868.1 -489.6 51 0 11.8 9.6 10.5 3.5 2 0 3 4 4
6580.6 -6877.3 -489.7 141 0 9.6 11.8 10.5 3.5 2 1 3 2 2
6498.5 -6871.7 -489.5 231 0 11.8 9.6 10.5 3.5 2 0 3 4 4
6526.6 -6885.9 -489.5 51 0 9.7 9.4 10.5 3.5 2 0 3 5 5
6528.8 -6865.7 -489.5 141 0 9.4 9.7 10.5 3.5 2 1 3 5 5
6517.9 -6845.7 -489.4 51 0 9.7 9.4 10.5 3.5 2 0 3 2 2
6504.4 -6836.8 -489.3 141 0 9.4 9.7 10.5 3.5 2 1 3 4 4
6576.9 -6930.6 -490.1 321 0 9.4 9.7 10.5 3.5 2 1 3 4 4
6550.4 -6925.3 -489.7 229 0 9.5 9.1 10.5 3.5 2 0 3 0 0
6622.6 -6859.5 -489.2 231 0 9.7 9.4 10.5 3.5 2 0 3 1 1
6264.4 -6525.2 -480.4 226 0 13.9 16.4 10.5 3.5 2 0 3 4 4
6272.8 -6523.8 -481.3 137 0 22.2 28.5 10.5 0.0 0 0 3 5 5
6332.7 -6489.3 -481.9 51 0 13.8 20.6 10.5 3.5 2 0 3 2 2
6341.1 -6482.2 -481.9 47 0 7.3 16.0 10.5 3.5 2 0 3 2 2
6360.2 -6457.8 -482.0 52 0 7.9 14.1 10.5 3.5 2 1 3 0 0
6378.3 -6416.3 -483.0 233 0 13.0 20.9 10.5 3.5 4 1 3 1 1
6416.2 -6405.9 -483.5 324 0 15.9 10.3 10.5 3.5 2 0 3 2 2
6424.3 -6350.8 -487.2 163 0 23.5 24.2 10.5 3.5 2 1 3 0 0
6461.7 -6292.4 -486.1 71 0 22.1 35.8 10.5 0.0 0 0 3 2 2
6424.0 -6222.2 -483.5 16 0 20.9 29.4 14.0 0.0 0 0 4 3 3
6383.5 -6201.6 -480.0 283 0 27.4 20.0 14.0 3.5 2 0 4 5 5
6404.9 -6076.0 -452.9 83 0 29.4 12.5 14.0 3.5 2 0 4 4 4
6451.4 -6046.5 -450.1 353 0 12.5 29.4 14.0 3.5 2 1 4 1 1
6474.5 -6070.1 -454.4 83 0 29.4 12.5 14.0 3.5 2 0 4 4 4
6470.2 -6023.6 -446.5 166 0 12.5 29.4 14.0 3.5 2 1 4 4 4
6546.6 -5981.8 -445.3 336 0 12.4 29.4 14.0 3.5 2 1 4 3 3
6572.5 -6038.0 -452.6 67 0 29.4 12.5 14.0 0.0 0 0 4 1 1
6524.5 -6036.0 -450.1 70 0 29.4 12.5 14.0 3.5 2 0 4 4 4
6511.8 -6079.6 -458.6 160 0 12.4 29.4 14.0 3.5 2 1 4 0 0
6578.6 -6118.7 -470.7 70 0 29.4 12.4 14.0 3.5 2 0 4 2 2
6518.0 -6129.8 -469.1 81 0 29.4 12.5 14.0 3.5 2 0 4 5 5
6477.9 -6134.6 -467.0 81 0 29.4 12.5 14.0 3.5 2 0 4 2 2
6647.8 -6096.6 -472.6 351 0 12.5 29.4 14.0 3.5 2 1 4 5 5
6411.3 -6138.8 -466.1 171 0 12.5 29.4 14.0 3.5 2 1 4 0 0
6447.2 -6102.5 -461.7 261 0 29.4 12.5 14.0 3.5 2 0 4 2 2
6351.7 -5995.4 -438.4 251 0 29.4 12.5 14.0 3.5 2 0 4 3 3
6313.1 -6016.4 -441.1 251 0 29.4 12.5 14.0 3.5 2 0 4 0 0
6367.1 -6125.1 -462.6 344 0 10.6 36.2 14.0 3.5 2 1 4 3 3
6613.9 -5943.0 -445.5 50 0 22.4 22.6 14.0 3.5 2 1 4 1 1
6651.3 -5912.2 -444.1 49 0 13.8 17.9 14.0 3.5 2 1 4 2 2
6657.6 -5917.6 -448.9 229 0 13.0 17.9 14.0 3.5 2 1 4 3 3
6678.5 -5897.5 -447.4 226 0 13.9 19.1 14.0 3.5 2 1 4 2 2
6689.3 -5887.4 -446.6 226 0 13.9 19.1 14.0 3.5 2 1 4 1 1
6717.6 -5904.7 -450.7 316 0 19.1 13.9 14.0 3.5 2 0 4 4 4
6736.6 -5901.6 -449.6 46 0 13.9 19.1 17.5 3.5 2 1 5 2 2
6747.3 -5892.2 -448.9 46 0 13.9 19.1 17.5 3.5 2 1 5 1 1
6706.2 -5871.0 -445.1 226 0 13.9 19.1 17.5 3.5 2 1 5 0 0
6728.1 -5850.6 -443.4 226 0 13.9 19.1 17.5 0.0 0 1 5 2 2
6739.6 -5840.4 -442.6 226 0 13.9 19.1 17.5 0.0 0 1 5 0 0
6751.1 -5830.0 -441.8 226 0 13.9 19.1 17.5 0.0 0 1 5 1 1
6773.1 -5810.4 -440.2 226 0 13.9 19.1 17.5 3.5 2 1 5 0 0
6781.1 -5861.0 -446.3 46 0 13.9 19.1 17.5 3.5 2 1 5 3 3
6802.5 -5840.6 -445.0 46 0 13.9 19.1 17.5 3.5 2 1 5 4 4
6792.0 -5850.6 -445.4 46 0 13.9 19.1 17.5 3.5 4 1 5 0 0
6824.7 -5821.0 -445.5 46 0 13.9 19.1 17.5 3.5 4 1 5 3 3
6835.7 -5809.8 -445.5 46 0 13.9 19.1 17.5 3.5 4 1 5 4 4
6841.1 -5814.1 -450.9 226 0 13.9 19.1 17.5 3.5 2 1 5 1 1
6830.1 -5825.7 -450.9 226 0 13.9 19.1 17.5 3.5 4 1 5 1 1
6809.2 -5843.4 -450.3 226 0 13.9 19.1 17.5 3.5 2 1 5 2 2
6796.4 -5854.9 -450.1 226 0 13.9 19.1 17.5 3.5 2 1 5 3 3
6785.1 -5865.4 -450.9 226 0 13.9 19.1 17.5 3.5 2 1 5 5 5
6773.4 -5875.6 -451.7 226 0 13.9 19.1 17.5 0.0 0 1 5 4 4
6757.9 -5934.8 -458.6 136 0 19.1 13.9 17.5 3.5 2 0 5 2 2
6780.0 -5926.3 -457.7 46 0 13.9 19.1 17.5 3.5 2 1 5 2 2
6791.8 -5915.8 -456.9 46 0 13.9 19.1 17.5 3.5 2 1 5 1 1
6802.5 -5906.2 -456.1 46 0 13.9 19.1 17.5 3.5 2 1 5 0 0
6776.9 -5952.8 -462.9 136 0 19.1 13.9 17.5 3.5 4 0 5 4 4
6785.9 -5931.2 -462.6 226 0 13.9 19.1 17.5 3.5 2 1 5 5 5
6796.4 -5921.3 -461.7 226 0 13.9 19.1 17.5 3.5 2 1 5 1 1
6806.8 -5911.3 -460.9 226 0 13.9 19.1 17.5 3.5 2 1 5 1 1
6817.8 -5900.6 -459.9 226 0 13.9 19.1 17.5 3.5 2 1 5 5 5
6830.6 -5888.5 -460.1 226 0 13.9 19.1 17.5 3.5 2 1 5 0 0
6882.8 -5899.2 -463.2 46 0 13.9 19.1 17.5 3.5 2 1 5 3 3
6860.8 -5919.6 -464.9 46 0 13.9 19.1 17.5 3.5 2 1 5 3 3
6829.0 -5951.8 -466.2 46 0 13.9 19.1 17.5 3.5 4 1 5 5 5
6839.7 -5941.9 -465.6 46 0 13.9 19.1 17.5 0.0 0 1 5 4 4
6806.8 -5973.6 -467.2 46 0 13.9 19.1 17.5 3.5 4 1 5 0 0
6828.6 -6004.4 -472.2 136 0 19.1 13.9 14.0 0.0 0 0 4 0 0
6850.9 -5996.7 -471.9 46 0 13.9 19.1 14.0 0.0 0 1 4 2 2
6861.9 -5986.5 -471.6 46 0 13.9 19.1 14.0 3.5 2 1 4 0 0
6883.8 -5965.8 -470.5 46 0 13.9 19.1 14.0 0.0 0 1 4 5 5
6894.5 -5955.6 -469.6 46 0 13.9 19.1 14.0 0.0 0 1 4 4 4
6905.0 -5945.6 -468.8 46 0 13.9 19.1 14.0 3.5 2 1 4 0 0
6927.5 -5863.5 -462.1 226 0 13.9 19.1 14.0 3.5 2 1 4 2 2
5445.5 -7076.5 -487.7 242 0 15.6 26.1 10.5 3.5 2 1 3 3 3
5467.3 -7106.6 -487.9 151 0 6.2 12.4 10.5 3.5 2 1 3 0 0
5368.4 -7014.3 -486.1 252 0 18.9 21.7 10.5 3.5 2 1 3 0 0
5404.8 -7011.8 -486.4 342 0 21.7 18.9 10.5 3.5 2 0 3 4 4
5016.7 -7216.5 -485.9 243 0 12.9 25.6 14.0 3.5 4 1 4 5 5
4980.2 -7251.1 -484.9 327 0 20.6 18.0 35.0 0.0 0 0 10 5 5
4470.6 -7104.1 -480.3 248 0 23.2 18.0 35.0 0.0 0 0 10 2 2
4414.7 -7112.9 -479.8 157 0 22.7 23.3 35.0 0.0 0 1 10 0 0
4413.3 -7780.6 -486.4 48 0 16.1 18.6 10.0 2.5 4 1 4 4 4
5460.3 -7060.1 -487.6 154 0 4.7 10.9 10.5 0.0 0 1 3 2 2
-5295.6 -2694.4 -464.8 336 0 12.2 15.9 10.5 3.5 2 1 3 5 5
-6443.5 572.4 -470.0 95 0 7.9 12.6 7.5 2.5 2 0 3 1 1
-6427.6 598.9 -470.0 275 0 8.1 29.3 7.5 2.5 2 0 3 2 2
-6838.2 1893.7 -468.2 167 0 17.7 22.2 14.0 3.5 4 1 4 1 1
5168.0 -6616.8 -424.7 183 0 8.6 22.5 10.5 3.5 2 0 3 1 1
5158.1 -6620.2 -426.9 273 0 34.4 18.7 14.0 0.0 0 0 4 2 2
5214.1 -6651.8 -428.5 93 0 33.8 17.6 14.0 3.5 2 0 4 2 2
4821.3 -5937.4 -348.6 126 0 16.6 40.2 14.0 3.5 2 1 4 4 4
4285.7 -7044.3 -479.1 57 0 15.3 13.9 14.0 3.5 2 0 4 2 2
1978.2 -7712.4 -487.4 287 0 23.8 16.7 14.0 3.5 2 0 4 3 3
1954.3 -7705.1 -487.3 287 0 23.9 16.7 14.0 3.5 2 0 4 5 5
1561.5 -7655.3 -486.8 27 0 12.1 17.8 14.0 3.5 2 0 4 0 0
1538.9 -7680.6 -486.9 117 0 17.9 26.7 14.0 3.5 2 0 4 2 2
776.1 -6999.2 -477.2 299 0 32.3 18.3 14.0 3.5 2 0 4 1 1
736.6 -6979.1 -477.0 299 0 39.2 17.4 14.0 3.5 2 0 4 1 1
379.6 -7039.9 -483.3 305 0 15.8 21.1 14.0 3.5 2 0 4 2 2
-230.6 -6662.9 -483.6 151 0 8.6 29.2 2.5 2.5 2 1 1 0 0
-4364.3 -3230.5 -455.8 150 0 22.9 26.6 17.5 0.0 0 1 5 0 0
-4297.4 -3866.4 -465.2 55 0 22.9 16.9 14.0 3.5 4 0 4 4 4
-4177.0 -3951.2 -463.9 2 0 23.7 16.5 14.0 0.0 0 0 4 4 4
-4172.3 -3888.1 -464.0 0 0 19.4 34.4 14.0 0.0 0 1 4 4 4
-4226.1 -3908.7 -464.2 209 0 34.8 18.8 14.0 0.0 0 0 4 0 0
-3159.9 -4451.6 -465.3 13 0 8.3 16.3 10.5 3.5 2 0 3 1 1
-3156.5 -4437.5 -465.1 13 0 20.6 16.8 17.5 3.5 2 0 5 4 4
-2745.5 -4569.7 -467.8 289 0 17.2 21.4 14.0 3.5 2 0 4 2 2
-2766.6 -4292.8 -462.6 22 0 34.0 39.8 14.0 0.0 0 1 4 4 4
-2645.2 -4316.2 -451.9 14 0 18.2 25.5 10.5 3.5 2 1 3 2 2
-3046.7 -3488.0 -450.8 55 0 80.1 80.8 14.0 0.0 0 1 4 2 2
-4407.2 -3220.0 -454.6 352 0 16.7 23.7 17.5 3.5 2 0 5 1 1
-4454.2 -3226.7 -455.0 172 0 16.7 23.7 17.5 3.5 2 0 5 5 5
-5196.5 -2736.5 -456.8 253 0 18.2 29.0 14.0 3.5 2 1 4 2 2
-5544.7 -4569.7 -479.6 50 0 19.1 19.2 17.5 3.5 2 0 5 4 4
-3673.5 -5810.2 -433.4 227 0 41.0 17.1 14.0 3.5 2 0 4 1 1
-5529.6 -4916.9 -478.3 323 0 15.1 15.5 17.5 3.5 2 1 5 1 1
-5743.4 -4622.7 -480.5 167 0 15.8 36.5 17.5 3.5 2 1 5 0 0
-6354.6 2365.2 -463.8 113 0 21.7 15.3 12.5 2.5 2 0 5 2 2
-4945.9 -3565.0 -472.4 320 0 11.2 12.5 17.5 3.5 2 0 5 4 4
-5363.0 -1878.5 -465.9 58 0 8.9 15.6 7.5 2.5 2 0 3 2 2
-5387.4 -1884.5 -465.6 148 0 15.5 19.4 10.0 2.5 2 0 4 4 4
-6110.2 -389.2 -476.8 82 0 9.9 30.4 7.5 2.5 2 0 3 3 3
-6085.5 -379.3 -476.7 352 0 17.8 20.9 7.5 2.5 2 0 3 0 0
5645.4 -8251.6 -489.8 257 0 93.4 55.0 14.0 0.0 0 0 4 1 1
5866.4 -8201.5 -488.8 257 0 92.9 55.0 14.0 0.0 0 0 4 0 0
5755.9 -8226.5 -489.3 257 0 92.3 55.0 14.0 0.0 0 0 4 3 3
5936.5 -8300.4 -490.4 347 0 55.1 93.0 14.0 0.0 0 1 4 5 5
5786.6 -8362.6 -490.2 77 0 92.3 55.0 14.0 0.0 0 0 4 0 0
5676.1 -8387.7 -490.9 77 0 93.4 55.0 14.0 0.0 0 0 4 0 0
6467.3 -7769.2 -491.8 272 0 11.6 36.8 14.0 3.5 2 0 4 3 3
6492.9 -7728.1 -491.7 272 0 37.3 78.5 14.0 0.0 0 0 4 0 0
6693.8 -8080.5 -493.1 182 0 62.4 125.8 10.5 0.0 0 1 3 0 0
6695.2 -7927.0 -492.2 182 0 55.0 101.9 10.5 0.0 0 1 3 3 3
6695.8 -8005.3 -492.6 182 0 53.8 105.6 10.5 0.0 0 1 3 3 3
6932.8 -8138.1 -493.2 272 0 55.6 68.2 10.5 0.0 0 1 3 1 1
6856.9 -7622.3 -491.0 91 0 16.5 71.3 14.0 3.5 2 0 4 5 5
6489.9 -7885.3 -492.3 2 0 26.6 13.5 14.0 3.5 2 0 4 4 4
6490.7 -7947.7 -492.8 2 0 10.1 26.8 14.0 3.5 2 1 4 4 4
6501.4 -7926.5 -492.6 2 0 31.2 22.2 14.0 0.0 0 0 4 5 5
6531.3 -7901.1 -492.4 2 0 37.9 26.3 14.0 0.0 0 0 4 5 5
6551.4 -7902.4 -492.3 2 0 19.1 15.3 14.0 3.5 2 0 4 5 5
6638.1 -7913.4 -492.6 2 0 76.5 78.5 14.0 0.0 0 1 4 3 3
6454.6 -7675.4 -491.5 272 0 19.4 85.5 14.0 0.0 0 0 4 4 4
6408.2 -7691.3 -491.8 272 0 72.4 75.6 14.0 0.0 0 0 4 2 2
6446.3 -7845.0 -492.2 271 0 24.5 13.7 14.0 3.5 2 0 4 2 2
6356.1 -7849.9 -492.3 181 0 13.7 77.9 14.0 3.5 2 0 4 2 2
6325.5 -7834.3 -492.2 182 0 14.5 17.3 14.0 3.5 2 1 4 1 1
6265.9 -7832.6 -492.1 182 0 14.5 58.1 14.0 3.5 2 1 4 5 5
6253.4 -7752.7 -491.8 182 0 45.8 14.7 14.0 3.5 2 0 4 5 5
6292.9 -7704.4 -491.6 182 0 7.3 54.4 10.5 3.5 2 0 3 4 4
6468.4 -7319.4 -489.5 182 0 85.4 61.0 14.0 0.0 0 0 4 0 0
6590.0 -7367.7 -489.7 92 0 65.2 97.9 14.0 0.0 0 1 4 3 3
6645.5 -7612.6 -490.7 91 0 8.9 60.0 10.5 3.5 2 0 3 4 4
6628.4 -7552.3 -490.4 91 0 27.1 23.4 14.0 0.0 0 0 4 1 1
6620.5 -7631.1 -490.7 91 0 40.6 78.8 14.0 0.0 0 0 4 0 0
6596.7 -7492.6 -490.2 271 0 7.9 30.2 12.0 3.5 2 0 3 5 5
6609.5 -7430.9 -490.2 271 0 16.0 94.5 14.0 3.5 2 0 4 3 3
6682.6 -7426.0 -490.3 271 0 44.1 92.7 14.0 0.0 0 1 4 0 0
6737.5 -7632.6 -490.9 91 0 40.3 83.4 14.0 0.0 0 1 4 3 3
6806.0 -7635.6 -491.0 91 0 39.8 79.5 14.0 0.0 0 1 4 2 2
6808.3 -7432.5 -490.4 271 0 44.1 82.3 14.0 0.0 0 1 4 5 5
6848.7 -7441.5 -490.4 271 0 7.3 52.4 10.5 3.5 2 0 3 5 5
6873.6 -7431.2 -490.6 271 0 42.0 86.1 14.0 0.0 0 0 4 5 5
6937.2 -7638.3 -491.3 91 0 49.0 89.8 14.0 0.0 0 1 4 3 3
6942.6 -7796.3 -491.9 92 0 51.2 96.5 10.5 0.0 0 1 3 3 3
6795.5 -7705.7 -491.3 272 0 51.6 37.7 10.5 0.0 0 0 3 1 1
6877.2 -7872.3 -492.0 1 0 18.3 12.9 12.0 3.5 2 0 3 1 1
6954.6 -7934.8 -492.4 2 0 55.7 124.4 10.5 0.0 0 1 3 1 1
6952.6 -8012.2 -492.7 2 0 53.8 124.4 10.5 0.0 0 1 3 4 4
6846.4 -8263.1 -493.8 92 0 35.1 19.9 10.5 0.0 0 0 3 2 2
6779.0 -8216.7 -493.7 92 0 75.2 92.7 10.5 0.0 0 1 3 2 2
6677.9 -8172.0 -493.8 182 0 82.8 53.4 10.5 0.0 0 0 3 3 3
6638.8 -8075.3 -493.3 2 0 14.7 59.5 14.0 3.5 2 0 4 1 1
6554.7 -8209.4 -493.7 92 0 11.5 97.1 14.0 3.5 2 0 4 5 5
6614.7 -8214.5 -494.0 2 0 10.8 45.4 14.0 3.5 2 0 4 5 5
6546.5 -8067.5 -493.3 2 0 9.6 30.7 10.5 3.5 2 1 3 2 2
6482.1 -8067.4 -493.2 2 0 13.6 24.5 14.0 3.5 2 1 4 2 2
6535.4 -8086.9 -493.4 2 0 8.2 30.1 12.0 3.5 2 1 3 3 3
6273.8 -7889.0 -492.2 181 0 18.9 44.0 14.0 3.5 2 1 4 3 3
6322.5 -7903.8 -492.5 181 0 81.5 81.0 14.0 0.0 0 0 4 0 0
6016.6 -7771.0 -489.7 94 0 7.3 43.8 10.5 3.5 2 1 3 0 0
6056.3 -7904.6 -490.6 181 0 84.1 59.6 14.0 0.0 0 0 4 3 3
6194.1 -8182.2 -491.0 2 0 38.8 23.5 14.0 0.0 0 0 4 0 0
6248.3 -8233.4 -492.8 182 0 24.5 75.6 14.0 0.0 0 1 4 2 2
6252.0 -8133.8 -492.7 182 0 122.0 96.2 14.0 0.0 0 0 4 3 3
6280.5 -8004.2 -492.7 182 0 74.6 122.4 14.0 0.0 0 1 4 3 3
6654.6 -7762.4 -491.7 2 0 131.9 76.7 14.0 0.0 0 0 4 1 1
6465.8 -7566.2 -490.7 181 0 45.0 46.3 14.0 0.0 0 0 4 2 2
6456.1 -7490.4 -490.2 181 0 67.1 10.7 14.0 3.5 2 0 4 2 2
6490.9 -7422.9 -490.1 271 0 46.3 99.9 14.0 0.0 0 0 4 4 4
6558.2 -7423.8 -490.1 271 0 49.6 83.0 14.0 0.0 0 1 4 4 4
6334.9 -7234.1 -491.0 181 0 121.0 81.5 14.0 0.0 0 0 4 1 1
6337.0 -7356.0 -491.4 181 0 76.5 80.3 14.0 0.0 0 1 4 4 4
6343.0 -7627.7 -491.3 91 0 127.2 91.6 14.0 0.0 0 0 4 0 0
6279.4 -7465.7 -492.2 181 0 86.7 128.9 14.0 0.0 0 1 4 3 3
6475.4 -5758.3 -410.0 326 0 20.4 11.9 14.0 3.5 2 0 4 5 5
6378.4 -5735.8 -400.2 148 0 15.3 46.0 14.0 3.5 2 1 4 0 0
6423.3 -5796.3 -411.8 143 0 22.3 15.7 14.0 3.5 2 0 4 2 2
-6934.5 -7062.5 -486.2 184 0 17.0 17.7 14.0 3.5 2 1 4 4 4
1930.8 -10123.8 -491.4 281 0 14.2 27.7 7.5 2.5 4 1 3 5 5
1910.0 -10172.4 -491.7 190 0 21.6 32.7 10.0 0.0 0 1 4 0 0
1987.7 -10109.6 -491.6 281 0 27.4 86.8 7.5 0.0 0 1 3 2 2
1795.2 -9662.1 -492.2 331 0 11.7 27.9 14.0 3.5 2 0 4 4 4
1748.9 -9674.6 -492.2 151 0 35.4 18.5 14.0 0.0 0 0 4 3 3
1690.7 -9662.3 -492.2 59 0 13.2 27.8 14.0 3.5 2 0 4 3 3
1691.5 -9620.6 -492.5 239 0 15.4 16.6 14.0 3.5 2 0 4 4 4
1809.5 -9762.0 -491.8 56 0 11.0 79.1 14.0 3.5 2 1 4 3 3
1822.2 -9719.7 -492.1 56 0 19.9 50.8 14.0 3.5 2 1 4 1 1
1941.4 -9698.1 -492.6 57 0 26.7 22.1 14.0 3.5 2 0 4 4 4
1918.8 -9501.5 -491.6 147 0 16.3 20.5 14.0 3.5 2 1 4 1 1
1932.3 -9450.3 -491.5 237 0 10.4 68.4 14.0 3.5 4 1 4 4 4
1981.4 -9582.4 -491.9 147 0 126.7 25.5 14.0 0.0 0 0 4 1 1
1964.1 -9624.2 -492.5 327 0 89.8 27.8 14.0 0.0 0 0 4 3 3
1688.2 -9215.8 -491.2 288 0 53.0 25.5 12.5 2.5 2 0 5 3 3
2029.5 -9051.4 -491.2 184 0 29.6 45.3 10.5 0.0 0 1 3 0 0
2131.1 -9104.8 -492.1 4 0 34.4 61.5 10.5 0.0 0 1 3 2 2
2128.4 -9142.7 -492.1 4 0 30.9 61.5 10.5 0.0 0 1 3 1 1
2094.0 -9191.2 -492.0 94 0 61.5 29.7 10.5 0.0 0 0 3 5 5
2672.7 -7686.1 -478.0 186 0 24.3 22.5 14.0 3.5 2 0 4 4 4
2745.7 -7668.8 -477.6 277 0 24.3 22.6 14.0 3.5 2 0 4 3 3
2716.5 -7722.0 -479.3 94 0 24.2 22.6 14.0 0.0 0 0 4 3 3
2732.1 -7758.9 -481.1 100 0 24.3 22.6 14.0 3.5 2 0 4 4 4
2678.5 -7755.0 -480.3 97 0 24.3 22.6 14.0 3.5 2 0 4 2 2
3494.6 -7551.0 -450.9 194 0 21.3 10.6 8.0 2.5 2 0 2 4 4
3526.8 -7547.8 -451.9 284 0 39.8 26.8 17.5 0.0 0 0 7 5 5
2953.3 -7883.3 -478.0 221 0 13.5 17.7 10.5 3.5 2 1 3 1 1
2924.8 -7901.1 -479.1 131 0 17.7 13.5 10.5 3.5 2 0 3 1 1
2895.8 -7868.7 -478.9 221 0 13.5 17.7 10.5 3.5 2 1 3 5 5
2893.3 -7828.6 -476.7 216 0 13.5 17.7 10.5 3.5 2 1 3 5 5
2928.0 -7832.5 -474.3 140 0 17.7 13.5 10.5 3.5 2 0 3 0 0
2971.1 -7830.6 -471.6 47 0 13.5 17.7 10.5 0.0 0 1 3 5 5
3001.4 -7831.1 -471.0 47 0 13.5 17.7 10.5 3.5 2 1 3 5 5
3102.4 -7917.8 -477.4 215 0 13.6 17.7 14.0 3.5 2 1 4 4 4
3194.2 -7852.0 -470.5 125 0 17.7 13.5 14.0 3.5 2 0 4 3 3
3150.7 -7868.9 -472.0 35 0 13.6 17.7 14.0 3.5 2 1 4 0 0
3174.6 -7880.0 -473.0 220 0 13.5 17.7 14.0 3.5 2 1 4 4 4
3121.9 -7746.6 -464.0 195 0 13.6 17.7 14.0 3.5 2 1 4 4 4
3126.0 -7783.8 -465.6 116 0 17.7 13.6 14.0 3.5 2 0 4 3 3
3172.4 -7781.6 -465.5 26 0 13.6 17.7 14.0 3.5 2 1 4 2 2
3262.4 -7742.0 -464.9 228 0 16.1 24.1 10.5 3.5 2 1 3 4 4
3239.7 -7621.7 -454.6 285 0 17.7 13.6 14.0 0.0 0 0 4 0 0
3267.2 -7647.3 -458.1 312 0 17.7 13.5 14.0 3.5 2 0 4 3 3
3270.9 -7686.9 -460.1 16 0 13.6 17.7 14.0 3.5 2 1 4 1 1
3244.1 -7706.0 -461.1 16 0 13.6 17.7 14.0 3.5 2 1 4 2 2
3364.2 -7664.8 -460.1 270 0 22.9 12.3 10.5 3.5 4 0 3 3 3
3399.9 -7652.0 -459.7 244 0 22.9 12.3 10.5 3.5 2 0 3 0 0
3452.7 -7638.9 -459.5 318 0 12.3 23.0 10.5 3.5 2 1 3 4 4
3472.5 -7677.3 -461.5 38 0 23.0 12.3 10.5 3.5 2 0 3 0 0
3464.1 -7710.2 -463.6 359 0 12.3 22.9 10.5 0.0 0 1 3 5 5
3457.6 -7738.2 -465.4 7 0 12.3 22.9 10.5 3.5 2 1 3 4 4
3422.7 -7766.4 -466.9 26 0 12.3 22.9 10.5 3.5 4 1 3 3 3
3379.9 -7780.5 -467.1 85 0 22.9 12.3 10.5 3.5 2 0 3 2 2
3351.1 -7743.1 -465.1 257 0 22.9 12.3 10.5 3.5 2 0 3 3 3
3180.9 -7965.0 -478.6 39 0 12.3 23.0 14.0 3.5 2 1 4 5 5
3061.1 -7979.2 -483.2 311 0 23.0 12.3 14.0 3.5 2 0 4 5 5
3094.7 -7991.3 -483.5 306 0 23.0 12.3 14.0 3.5 2 0 4 0 0
3034.2 -7834.5 -471.1 52 0 12.3 23.0 10.5 3.5 4 1 3 0 0
2971.2 -7784.4 -471.4 184 0 12.3 22.9 10.5 3.5 2 1 3 1 1
3016.5 -7782.3 -470.1 274 0 22.9 12.3 10.5 3.5 2 0 3 1 1
3072.9 -7731.1 -466.0 215 0 13.5 22.7 14.0 3.5 2 1 4 4 4
3087.7 -7776.7 -466.8 122 0 22.7 13.5 14.0 3.5 2 0 4 5 5
3200.1 -7640.7 -454.8 223 0 19.1 13.4 14.0 3.5 2 0 4 0 0
3196.1 -7673.5 -458.0 226 0 19.1 13.4 14.0 3.5 2 0 4 1 1
3167.9 -7695.8 -459.1 215 0 19.1 13.3 14.0 3.5 2 0 4 5 5
3143.0 -7717.4 -459.9 211 0 19.1 13.3 14.0 0.0 0 0 4 1 1
2908.5 -8144.7 -489.4 280 0 8.2 40.2 10.5 3.5 2 0 3 3 3
2901.0 -8185.9 -489.4 280 0 8.2 46.5 10.5 3.5 2 1 3 4 4
2959.4 -8155.5 -489.1 280 0 8.3 85.9 10.5 3.5 2 0 3 2 2
2932.8 -8156.4 -489.2 280 0 12.2 62.9 14.0 3.5 2 1 4 3 3
2764.1 -8238.0 -490.2 282 0 24.9 24.5 14.0 0.0 0 0 4 4 4
2790.2 -8142.0 -488.6 12 0 17.1 23.0 14.0 0.0 0 1 4 4 4
2774.7 -8185.6 -489.7 279 0 29.9 43.2 14.0 0.0 0 1 4 3 3
2693.4 -8266.8 -491.1 279 0 30.4 85.4 14.0 0.0 0 1 4 1 1
2717.6 -8358.8 -491.1 99 0 18.4 81.3 14.0 3.5 2 1 4 1 1
2721.6 -8094.9 -489.4 279 0 32.2 144.4 14.0 0.0 0 1 4 5 5
2757.8 -8103.0 -489.6 279 0 20.3 144.6 14.0 0.0 0 1 4 2 2
705.9 -8425.8 -488.8 217 0 38.4 16.8 14.0 3.5 2 0 4 2 2
717.6 -8438.3 -488.8 217 0 43.9 81.0 14.0 0.0 0 0 4 4 4
2596.8 -8068.2 -489.0 280 0 18.1 91.3 14.0 0.0 0 1 4 5 5
2584.4 -8191.2 -489.8 10 0 34.2 45.8 14.0 0.0 0 0 4 2 2
2566.7 -8164.9 -489.5 10 0 11.4 23.7 14.0 3.5 2 0 4 3 3
2568.7 -8153.6 -489.4 10 0 11.4 23.7 14.0 3.5 2 0 4 5 5
2569.2 -8063.2 -489.1 280 0 16.9 83.4 14.0 3.5 2 0 4 2 2
2532.2 -8171.1 -490.1 280 0 26.0 18.7 14.0 3.5 2 0 4 0 0
2534.5 -8085.3 -488.7 280 0 23.6 9.3 12.0 3.5 2 0 3 4 4
2457.9 -8278.9 -491.2 97 0 17.7 21.0 14.0 3.5 2 1 4 0 0
2462.4 -8248.5 -490.8 97 0 19.4 31.1 14.0 0.0 0 1 4 4 4
2314.1 -8244.3 -491.4 101 0 16.2 33.1 14.0 3.5 2 1 4 4 4
2236.6 -8118.0 -490.6 280 0 41.0 112.8 14.0 0.0 0 0 4 3 3
2644.4 -8261.5 -490.1 280 0 9.2 41.2 10.5 3.5 2 0 3 1 1
2656.7 -8263.7 -490.9 280 0 15.9 92.6 14.0 3.5 2 0 4 2 2
2753.6 -8319.9 -490.8 99 0 39.3 37.2 14.0 0.0 0 0 4 0 0
2744.0 -8384.8 -491.2 99 0 30.3 60.9 14.0 0.0 0 1 4 2 2
2828.7 -8195.8 -490.1 280 0 23.9 69.4 14.0 3.5 4 1 4 4 4
2935.3 -8248.5 -489.6 280 0 25.0 36.5 14.0 0.0 0 1 4 0 0
2894.3 -8240.6 -489.8 281 0 31.9 39.9 14.0 0.0 0 1 4 0 0
2856.6 -8231.0 -489.9 281 0 24.3 40.2 14.0 0.0 0 1 4 5 5
2833.6 -8369.8 -490.7 99 0 16.9 54.7 14.0 3.5 2 1 4 4 4
2816.8 -8442.6 -491.1 189 0 26.5 19.2 14.0 3.5 4 0 4 2 2
2875.9 -8390.1 -490.7 100 0 32.2 78.5 14.0 0.0 0 0 4 0 0
2879.8 -8444.2 -490.9 192 0 30.0 32.1 14.0 0.0 0 1 4 2 2
3036.1 -8411.2 -490.6 11 0 40.9 84.6 14.0 0.0 0 1 4 0 0
3037.4 -8494.3 -490.4 100 0 32.7 51.0 14.0 0.0 0 1 4 1 1
3109.6 -8470.2 -490.1 99 0 40.7 17.9 14.0 3.5 2 0 4 3 3
3185.4 -8454.7 -490.0 98 0 49.4 49.9 14.0 0.0 0 1 4 5 5
3083.6 -8372.6 -490.2 10 0 30.8 124.9 14.0 0.0 0 1 4 4 4
3001.8 -8191.9 -488.9 283 0 13.8 35.8 14.0 3.5 2 1 4 3 3
3065.7 -8177.9 -488.8 283 0 92.3 61.3 14.0 0.0 0 0 4 5 5
3053.7 -8249.7 -489.4 283 0 126.5 52.3 14.0 0.0 0 0 4 2 2
3407.8 -8355.5 -490.6 284 0 9.8 27.9 10.5 3.5 2 0 3 5 5
3396.3 -8418.1 -490.9 104 0 18.2 35.6 14.0 0.0 0 0 4 3 3
3433.5 -8353.8 -490.6 350 0 32.0 13.1 14.0 0.0 0 0 4 3 3
3437.3 -8413.3 -491.0 80 0 13.1 38.7 14.0 3.5 2 1 4 3 3
3249.3 -8545.2 -492.0 99 0 26.0 126.9 14.0 0.0 0 1 4 3 3
3221.6 -8215.8 -489.2 279 0 49.6 122.2 14.0 0.0 0 1 4 4 4
3326.3 -8232.3 -489.8 283 0 23.9 70.7 14.0 0.0 0 1 4 1 1
3318.8 -8399.2 -490.6 103 0 76.8 81.3 14.0 0.0 0 1 4 5 5
3461.4 -8259.1 -489.9 283 0 69.3 19.5 14.0 3.5 2 0 4 1 1
2800.5 -8395.0 -491.0 99 0 33.5 98.1 14.0 0.0 0 1 4 3 3
2564.8 -8316.6 -490.8 98 0 31.2 72.3 14.0 0.0 0 1 4 1 1
2521.7 -8301.4 -490.9 98 0 33.9 63.0 14.0 0.0 0 1 4 1 1
2459.8 -8044.0 -489.8 278 0 15.2 127.4 14.0 0.0 0 1 4 4 4
2345.8 -8248.7 -491.3 98 0 24.6 7.0 12.0 3.5 2 0 3 3 3
2346.7 -8241.7 -491.1 98 0 24.6 32.9 14.0 0.0 0 0 4 2 2
2328.9 -8122.4 -490.2 280 0 35.4 86.2 14.0 0.0 0 1 4 3 3
1948.7 -8418.2 -490.8 289 0 17.1 34.6 14.0 3.5 2 1 4 1 1
2113.2 -8072.6 -487.7 190 0 21.9 38.0 14.0 0.0 0 1 4 2 2
2106.5 -8111.4 -487.9 190 0 35.9 26.0 14.0 0.0 0 0 4 5 5
2158.7 -8102.3 -488.1 280 0 25.6 35.9 14.0 0.0 0 1 4 1 1
2129.2 -8209.4 -489.6 100 0 46.8 33.7 14.0 0.0 0 0 4 1 1
2108.1 -8149.6 -488.8 190 0 17.6 54.4 14.0 3.5 2 1 4 0 0
2021.6 -8107.7 -488.1 10 0 22.2 20.8 14.0 3.5 4 0 4 0 0
2027.6 -8074.0 -488.5 10 0 26.7 88.0 14.0 0.0 0 1 4 5 5
2822.8 -8593.3 -491.4 101 0 32.2 74.9 14.0 0.0 0 0 4 0 0
4168.6 -8245.7 -489.0 251 0 64.0 105.6 14.0 0.0 0 0 4 1 1
4995.8 -7970.9 -488.3 348 0 32.0 49.8 14.0 0.0 0 1 4 5 5
4940.0 -7948.0 -488.8 168 0 27.8 49.8 14.0 0.0 0 1 4 3 3
4918.3 -7778.9 -489.5 146 0 49.8 39.7 14.0 0.0 0 0 4 5 5
5030.3 -7770.2 -489.7 146 0 176.2 29.2 10.5 0.0 0 0 3 3 3
5090.1 -7729.9 -489.6 326 0 176.2 28.8 10.5 0.0 0 0 3 1 1
6297.1 -6857.2 -489.2 165 0 14.0 24.7 10.5 0.0 0 1 3 0 0
6757.0 -7088.7 -489.0 148 0 25.6 76.6 14.0 0.0 0 1 4 1 1
6844.4 -7041.6 -489.0 159 0 42.1 29.9 14.0 0.0 0 0 4 5 5
6911.4 -7016.0 -489.1 339 0 42.1 41.8 14.0 0.0 0 0 4 3 3
6925.7 -7000.5 -489.3 159 0 60.6 33.1 14.0 0.0 0 0 4 3 3
6704.9 -7011.7 -488.8 148 0 106.4 24.0 10.5 0.0 0 0 3 5 5
6739.7 -6989.6 -488.6 148 0 106.4 40.3 14.0 0.0 0 0 4 4 4
6913.2 -6813.0 -487.6 238 0 83.4 23.3 14.0 0.0 0 0 4 3 3
6920.3 -6854.6 -488.6 238 0 47.2 70.6 10.5 0.0 0 1 3 4 4
6904.8 -6948.0 -488.5 58 0 37.1 106.4 14.0 0.0 0 1 4 1 1
6823.3 -6936.6 -488.7 148 0 106.4 28.4 14.0 0.0 0 0 4 3 3
6787.5 -6959.3 -488.7 148 0 106.4 25.6 14.0 0.0 0 0 4 4 4
6760.2 -6653.2 -490.0 148 0 86.2 40.0 10.5 0.0 0 0 3 3 3
6590.0 -6649.2 -489.0 238 0 51.7 18.5 14.0 3.5 2 0 4 4 4
6628.7 -6728.6 -489.6 148 0 99.5 35.4 10.5 0.0 0 0 3 3 3
6662.3 -6682.0 -489.6 148 0 132.9 29.0 14.0 0.0 0 0 4 3 3
6681.4 -6591.2 -489.5 238 0 31.2 137.6 14.0 0.0 0 1 4 2 2
6664.4 -6863.8 -489.4 148 0 110.8 31.4 14.0 0.0 0 0 4 1 1
6685.8 -6783.8 -489.3 238 0 31.6 110.8 10.5 0.0 0 1 3 1 1
6724.1 -6759.6 -489.3 238 0 24.1 110.8 14.0 0.0 0 1 4 3 3
6793.6 -6715.5 -489.2 238 0 23.7 110.8 14.0 0.0 0 1 4 4 4
6760.0 -6736.8 -489.3 238 0 26.8 110.8 14.0 0.0 0 1 4 0 0
-177.6 -6723.0 -483.9 133 0 16.3 11.0 10.0 2.5 2 0 4 4 4
-155.4 -6699.2 -483.7 313 0 16.3 21.6 7.5 2.5 2 0 3 3 3
-4240.9 -4325.7 -466.4 76 0 23.0 14.1 17.5 3.5 2 0 5 5 5
-4484.4 -4812.8 -455.3 21 0 8.8 19.7 10.5 3.5 2 1 3 1 1
-4605.5 -4183.5 -470.9 322 0 25.6 8.0 10.5 0.0 0 0 3 5 5
-4698.3 -4191.7 -469.9 227 0 18.2 13.0 17.5 3.5 4 0 5 4 4
-4665.6 -4156.8 -471.4 228 0 24.0 11.4 17.5 3.5 2 0 5 2 2
-4640.1 -4170.4 -471.2 319 0 14.6 21.1 17.5 0.0 0 1 5 3 3
-4635.6 -4316.6 -469.0 79 0 16.4 40.2 17.5 0.0 0 1 5 4 4
-4596.8 -4312.1 -468.8 79 0 34.3 25.8 17.5 0.0 0 0 5 4 4
-3933.9 -3602.3 -461.9 336 0 90.9 90.7 17.5 0.0 0 0 5 2 2
5077.7 -5209.2 -219.6 274 0 53.3 46.2 28.0 0.0 0 0 8 0 0
4746.1 -7299.3 -483.8 199 0 35.1 29.5 28.0 0.0 0 0 8 0 0
5921.7 -7071.2 -490.9 270 0 18.2 58.0 28.0 3.5 2 0 8 4 4
6078.6 -7179.5 -493.2 22 0 42.0 66.2 28.0 0.0 0 1 8 3 3
5710.8 -7226.2 -490.0 4 0 18.6 24.6 24.5 0.0 0 1 7 5 5
5686.6 -7278.6 -490.6 277 0 29.7 14.5 24.5 0.0 0 0 7 2 2
5695.4 -7312.9 -490.9 7 0 14.5 29.7 24.5 0.0 0 1 7 0 0
5672.3 -7350.4 -491.1 96 0 25.0 22.3 24.5 0.0 0 0 7 4 4
5633.5 -7314.0 -490.7 4 0 18.4 30.2 24.5 0.0 0 1 7 3 3
5617.2 -7348.4 -491.1 276 0 21.3 39.6 24.5 0.0 0 1 7 5 5
5600.1 -7440.5 -491.0 236 0 18.4 37.0 24.5 3.5 2 0 7 0 0
5578.7 -7455.3 -491.1 236 0 18.4 37.2 24.5 3.5 2 0 7 1 1
5589.4 -7447.9 -491.1 234 0 7.5 37.1 7.0 3.5 2 0 2 5 5
5558.8 -7463.7 -491.0 237 0 10.3 17.1 10.5 3.5 2 1 3 5 5
5241.8 -7682.9 -489.5 120 0 25.2 18.2 14.0 3.5 2 0 4 4 4
5217.1 -7668.4 -489.5 121 0 32.3 20.4 14.0 0.0 0 0 4 2 2
5167.7 -7640.2 -488.9 122 0 34.2 19.1 14.0 0.0 0 0 4 3 3
5193.8 -7653.7 -489.1 123 0 9.6 14.1 7.0 3.5 2 1 2 4 4
4917.6 -7090.7 -482.5 88 0 22.5 22.2 17.5 0.0 0 0 7 0 0
5104.0 -4956.5 -269.1 71 0 35.5 10.2 24.5 0.0 0 0 7 4 4
4976.1 -7088.6 -481.7 88 0 22.5 22.2 17.5 0.0 0 0 7 4 4
4982.6 -7169.5 -485.4 2 0 22.2 22.5 17.5 0.0 0 1 7 0 0
5603.1 -6810.7 -473.2 1 0 15.8 20.5 21.0 0.0 0 1 6 1 1
5598.8 -6847.8 -475.6 88 0 13.3 20.0 21.0 0.0 0 1 6 3 3
5593.8 -6871.7 -479.5 179 0 17.7 17.9 24.5 0.0 0 1 7 5 5
5036.2 -5246.4 -218.6 91 0 10.5 27.8 28.0 0.0 0 1 8 5 5
5016.2 -5174.4 -221.3 102 0 39.7 12.8 24.5 0.0 0 0 7 5 5
4996.2 -5132.6 -226.9 192 0 12.8 39.7 24.5 0.0 0 1 7 5 5
5015.6 -5100.1 -233.9 192 0 12.8 39.7 24.5 0.0 0 1 7 0 0
5087.2 -5163.0 -223.6 86 0 39.7 12.8 24.5 0.0 0 0 7 5 5
5093.4 -5115.7 -231.0 266 0 39.7 12.8 24.5 0.0 0 0 7 5 5
5088.8 -5065.2 -242.0 266 0 39.7 12.8 24.5 0.0 0 0 7 4 4
5162.7 -5085.3 -240.7 307 0 39.4 13.9 24.5 0.0 0 0 7 4 4
5185.2 -5143.6 -231.9 40 0 15.1 39.8 24.5 0.0 0 1 7 2 2
5173.0 -5181.3 -223.5 40 0 15.1 39.7 24.5 0.0 0 1 7 4 4
5152.4 -5028.4 -257.0 40 0 15.1 39.8 24.5 0.0 0 1 7 0 0
5195.2 -5031.0 -256.8 320 0 33.4 11.4 24.5 0.0 0 0 7 2 2
5167.5 -4988.1 -265.0 146 0 33.1 10.1 24.5 0.0 0 0 7 4 4
5224.1 -5076.0 -253.8 132 0 34.4 10.1 24.5 0.0 0 0 7 0 0
5059.3 -4968.5 -266.3 77 0 34.6 9.2 10.5 0.0 0 0 3 3 3
5053.8 -5009.9 -258.2 72 0 34.8 9.9 10.5 0.0 0 0 3 3 3
5284.1 -5209.0 -239.9 126 0 34.0 10.2 24.5 0.0 0 0 7 4 4
5299.3 -5160.0 -255.1 126 0 34.0 10.2 24.5 0.0 0 0 7 3 3
5361.3 -5229.6 -246.8 36 0 10.2 34.0 24.5 0.0 0 1 7 4 4
5357.5 -5186.9 -258.6 126 0 34.0 10.2 24.5 0.0 0 0 7 5 5
5405.8 -5235.4 -256.0 126 0 34.0 10.2 24.5 0.0 0 0 7 2 2
5472.2 -5253.6 -267.4 212 0 10.6 39.2 24.5 0.0 0 1 7 3 3
5534.1 -5259.3 -273.5 140 0 20.1 9.1 10.5 0.0 0 0 3 2 2
5558.9 -5319.7 -273.9 91 0 10.4 39.2 24.5 0.0 0 1 7 2 2
5576.9 -5260.7 -278.6 149 0 40.3 10.1 24.5 0.0 0 0 7 2 2
5615.6 -5284.1 -279.2 289 0 9.9 40.6 10.5 0.0 0 1 3 1 1
5635.9 -5315.0 -282.4 15 0 20.2 9.6 10.5 0.0 0 0 3 0 0
5603.0 -5344.9 -284.0 201 0 19.4 10.1 24.5 0.0 0 0 7 5 5
5480.5 -5469.8 -275.1 108 0 16.7 22.9 20.0 0.0 0 1 8 4 4
5473.2 -5356.6 -262.1 290 0 13.5 22.2 17.5 0.0 0 1 7 5 5
5452.3 -5395.5 -262.9 202 0 16.9 18.5 17.5 0.0 0 1 7 2 2
5274.5 -5753.7 -309.3 347 0 18.6 15.0 17.5 0.0 0 0 7 5 5
3911.9 -6867.5 -473.9 19 0 14.4 16.3 14.0 0.0 0 1 4 4 4
3919.8 -6852.1 -473.8 19 0 19.5 20.4 14.0 3.5 2 1 4 2 2
5314.8 -7579.4 -488.2 169 0 12.3 21.0 42.0 0.0 0 0 12 0 0
5361.0 -7550.6 -488.1 280 0 12.2 21.1 42.0 0.0 0 0 12 5 5
5384.8 -7538.2 -487.5 102 0 18.9 17.1 42.0 0.0 0 0 12 3 3
5380.4 -7428.1 -490.0 150 0 23.4 20.1 42.0 0.0 0 0 12 4 4
5404.5 -7397.6 -490.2 235 0 20.2 12.0 42.0 0.0 0 0 12 1 1
5482.3 -7391.0 -490.7 3 0 9.9 13.5 10.5 3.5 2 1 3 4 4
5460.2 -7351.7 -489.4 233 0 7.8 12.6 10.5 3.5 2 1 3 0 0
5199.4 -7224.5 -486.8 327 0 15.5 34.1 35.0 0.0 0 1 10 5 5
4979.2 -7575.6 -486.7 175 0 30.8 21.0 35.0 0.0 0 0 10 2 2
4987.5 -7524.0 -486.3 265 0 22.7 24.0 35.0 0.0 0 1 10 5 5
6081.4 -7122.3 -492.1 140 0 45.2 21.5 28.0 3.5 2 0 8 4 4
6143.4 -7650.9 -491.2 272 0 52.2 54.0 21.0 0.0 0 0 6 0 0
5056.0 -7046.1 -479.4 359 0 22.5 15.1 24.5 0.0 0 0 7 2 2
5071.1 -7040.4 -478.6 156 0 17.0 25.1 14.0 3.5 2 1 4 3 3
4531.4 -7236.4 -482.3 43 0 28.3 18.5 35.0 0.0 0 0 10 0 0
4473.2 -7211.8 -481.9 77 0 16.9 30.0 52.5 0.0 0 1 15 1 1
4536.2 -7171.2 -481.8 318 0 26.8 21.2 7.0 3.5 2 0 2 4 4
4563.1 -7200.0 -482.2 315 0 37.3 24.5 7.0 0.0 0 0 2 0 0
4601.7 -7087.1 -481.1 85 0 26.8 19.6 20.0 0.0 0 0 8 2 2
4865.8 -7162.2 -483.4 9 0 11.4 19.5 35.0 0.0 0 1 10 2 2
4832.1 -7083.4 -483.4 216 0 15.9 24.5 35.0 0.0 0 1 10 1 1
4880.6 -7071.5 -482.3 12 0 17.4 15.6 42.0 0.0 0 0 12 4 4
4876.6 -7053.6 -481.5 280 0 13.3 8.3 10.5 3.5 2 0 3 2 2
4878.9 -6980.1 -479.1 267 0 17.1 29.4 28.0 0.0 0 1 8 2 2
4852.4 -6996.6 -480.1 267 0 17.1 29.4 28.0 0.0 0 1 8 2 2
4815.3 -6996.5 -480.4 264 0 23.5 25.0 28.0 0.0 0 1 8 0 0
4765.2 -7014.6 -481.1 182 0 27.1 20.3 35.0 0.0 0 0 10 5 5
5518.9 -8277.5 -492.0 260 0 49.6 111.7 14.0 0.0 0 1 4 0 0
5888.4 -7605.6 -489.6 283 0 20.9 34.6 28.0 0.0 0 1 8 4 4
5802.0 -7627.6 -490.0 183 0 23.3 20.7 28.0 0.0 0 0 8 1 1
5900.3 -7576.9 -489.6 281 0 9.8 11.7 10.5 3.5 2 1 3 4 4
5891.1 -7571.2 -489.6 282 0 9.9 15.0 10.5 3.5 2 1 3 5 5
6060.1 -7416.9 -489.6 193 0 32.7 17.6 24.5 0.0 0 0 7 1 1
6101.3 -7404.7 -489.9 285 0 17.0 33.6 24.5 0.0 0 1 7 5 5
6204.1 -7403.2 -491.8 275 0 20.3 28.1 24.5 0.0 0 1 7 3 3
6148.2 -7508.3 -490.5 51 0 33.6 22.3 28.0 0.0 0 0 8 2 2
6938.9 -3249.3 -309.6 43 0 29.4 11.4 17.5 3.5 2 0 5 1 1
6924.0 -3216.5 -308.1 313 0 11.4 29.4 17.5 3.5 2 1 5 2 2
6935.3 -3305.7 -316.0 312 0 11.9 30.1 17.5 3.5 2 1 5 5 5
6940.2 -3269.9 -312.7 313 0 11.4 29.4 17.5 0.0 0 1 5 1 1
6888.3 -3224.2 -309.1 313 0 11.4 29.4 17.5 3.5 2 1 5 3 3
6839.6 -3238.2 -310.0 223 0 29.4 11.4 17.5 3.5 2 0 5 1 1
6829.0 -3288.6 -313.2 133 0 11.4 29.4 17.5 3.5 2 1 5 4 4
6937.5 -3392.4 -323.3 305 0 16.5 22.8 10.5 3.5 2 1 3 0 0
6881.0 -3334.9 -316.9 133 0 11.4 29.4 17.5 3.5 2 1 5 2 2
6869.9 -3364.6 -320.9 311 0 11.5 18.7 10.5 3.5 2 1 3 0 0
6866.4 -3402.4 -323.3 39 0 18.5 9.0 10.5 3.5 2 0 3 1 1
6847.6 -3416.6 -324.5 44 0 13.6 11.5 10.5 3.5 2 0 3 4 4
6200.6 -7465.6 -491.2 359 0 25.4 31.5 24.5 0.0 0 1 7 1 1
4834.6 -5355.6 -211.8 142 0 17.6 18.4 21.0 0.0 0 1 6 3 3
4560.2 -5258.4 -222.0 141 0 27.7 16.0 35.0 0.0 0 0 10 3 3
4535.4 -5228.3 -221.6 141 0 27.7 16.0 35.0 0.0 0 0 10 3 3
4510.7 -5197.8 -223.6 141 0 27.7 16.0 35.0 0.0 0 0 10 1 1
