-3313.0 9055.4 -68.9 332 0 37.8 16.7 17.5 3.5 2 0 5 4 4
-3334.1 9096.2 -68.7 330 0 30.1 18.7 17.5 0.0 0 0 5 4 4
-2414.5 9009.6 -45.9 158 0 17.7 20.0 14.0 3.5 2 1 4 5 5
-4022.7 8336.0 -85.5 29 0 16.1 18.8 10.5 3.5 2 1 3 2 2
-4133.4 8349.5 -83.8 31 0 9.6 52.2 10.5 3.5 2 1 3 3 3
-3801.9 8108.4 -86.8 329 0 24.6 26.9 14.0 0.0 0 1 4 3 3
-3352.4 9648.2 -62.8 325 0 21.7 16.5 17.5 3.5 2 0 5 3 3
-2791.5 10479.7 -17.6 62 0 11.5 12.6 14.0 3.5 2 1 4 5 5
-3731.0 9022.9 -78.3 61 0 17.0 47.0 10.5 3.5 2 1 3 1 1
-4099.6 8311.1 -86.1 210 0 26.9 23.9 10.5 0.0 0 0 3 4 4
-4140.9 8238.1 -88.3 209 0 30.7 16.5 10.5 3.5 4 0 3 3 3
-4010.6 8191.0 -86.4 71 0 25.3 23.6 14.0 3.5 2 0 4 5 5
-4063.4 8225.4 -86.4 208 0 25.5 23.0 14.0 3.5 2 0 4 1 1
-4030.6 8262.1 -86.0 298 0 23.0 25.5 14.0 3.5 2 1 4 5 5
-3765.2 10006.6 -71.7 179 0 24.2 17.2 14.0 3.5 2 0 4 0 0
-3654.6 8894.0 -76.5 236 0 14.3 18.7 10.5 3.5 2 1 3 2 2
-4289.1 8447.8 -80.8 145 0 16.7 13.4 10.5 3.5 2 0 3 4 4
-2859.2 9510.1 -43.9 320 0 12.5 12.8 17.5 3.5 2 1 5 5 5
-2821.1 9558.0 -41.2 335 0 9.4 13.0 10.5 0.0 0 1 3 5 5
-2386.9 10424.5 33.6 61 0 14.4 13.0 5.0 2.5 2 0 2 4 4
-4386.0 8911.2 -81.1 81 0 25.1 15.1 14.0 3.5 2 0 4 2 2
-4392.1 8948.0 -82.2 261 0 25.1 15.1 14.0 3.5 2 0 4 0 0
-4429.6 8943.0 -81.5 261 0 25.1 15.2 14.0 3.5 2 0 4 1 1
-4424.0 8905.5 -80.3 81 0 25.1 15.1 14.0 3.5 2 0 4 5 5
-4349.4 8980.1 -84.6 351 0 17.4 16.9 14.0 3.5 2 0 4 2 2
-4353.6 9005.1 -85.9 351 0 17.4 16.9 14.0 3.5 2 0 4 1 1
-4235.6 8839.6 -86.1 343 0 15.9 18.0 10.5 3.5 2 1 3 1 1
-5828.0 7746.3 -103.7 90 0 32.0 14.3 12.5 2.5 2 0 5 1 1
-5752.0 7633.1 -103.4 0 0 13.4 56.1 10.0 2.5 2 1 4 0 0
-5833.2 7632.0 -103.7 180 0 16.6 19.3 10.0 2.5 2 1 4 0 0
-5850.7 7609.1 -103.8 180 0 16.2 37.1 7.5 2.5 2 1 3 1 1
-5854.2 7589.8 -103.8 180 0 9.1 35.4 7.5 2.5 2 1 3 3 3
-5747.0 7549.4 -102.7 0 0 21.8 8.0 7.5 2.5 2 0 3 4 4
-5755.0 7554.5 -103.1 0 0 11.7 39.6 7.5 2.5 2 0 3 0 0
-5842.0 7483.3 -103.4 180 0 5.9 23.5 2.5 2.5 2 0 1 3 3
-5850.1 7470.3 -103.5 180 0 20.2 94.1 10.0 0.0 0 0 4 3 3
-5848.7 7361.1 -103.3 180 0 39.6 85.6 7.5 0.0 0 1 3 5 5
-5848.2 7308.2 -102.4 180 0 20.0 91.0 12.5 0.0 0 1 5 4 4
-6091.7 7303.6 -99.6 180 0 28.4 17.8 12.5 2.5 2 0 5 1 1
-6091.8 7337.3 -101.4 180 0 36.2 19.1 12.5 0.0 0 0 5 5 5
-6094.4 7420.2 -105.5 180 0 53.4 23.1 10.0 2.5 2 0 4 5 5
-6013.8 7833.9 -105.1 271 0 13.6 8.4 7.5 2.5 2 0 3 3 3
-6046.5 7762.6 -105.4 91 0 16.2 55.0 7.5 2.5 2 1 3 3 3
-6277.7 7668.0 -103.4 90 0 21.1 15.2 5.0 2.5 2 0 2 3 3
-6252.2 7667.5 -104.0 90 0 19.2 14.0 7.5 2.5 2 0 3 1 1
-6231.1 7667.4 -104.6 90 0 22.9 14.0 10.0 2.5 2 0 4 1 1
-6208.8 7667.3 -105.2 90 0 21.6 15.2 7.5 2.5 2 0 3 5 5
-6172.2 7415.8 -102.9 0 0 43.1 69.3 10.0 0.0 0 1 4 5 5
-6226.5 7136.1 -89.0 92 0 23.8 20.8 10.0 2.5 2 0 4 0 0
-6265.5 7124.6 -87.8 92 0 24.4 22.6 15.0 0.0 0 0 6 0 0
-6910.1 7936.9 -110.2 167 0 22.3 54.2 10.0 0.0 0 1 4 3 3
-6933.5 7907.9 -109.0 270 0 35.6 10.6 12.5 2.5 4 0 5 1 1
-6800.0 7888.4 -110.0 270 0 17.6 15.2 7.5 2.5 2 0 3 1 1
-6800.8 7871.4 -110.0 270 0 59.0 55.4 7.5 0.0 0 0 3 5 5
-6937.7 7796.0 -107.6 180 0 16.0 53.6 12.5 2.5 4 1 5 4 4
-6697.7 7703.2 -103.1 360 0 27.5 74.7 10.0 0.0 0 1 4 3 3
-6648.1 7531.4 -91.3 181 0 31.8 14.7 7.5 2.5 2 0 3 0 0
-6632.4 7530.9 -94.3 181 0 40.8 96.7 10.0 0.0 0 1 4 4 4
-6640.9 7471.8 -93.2 181 0 52.1 100.1 12.5 0.0 0 1 5 1 1
-6702.1 7117.3 -85.8 1 0 27.8 23.9 12.5 0.0 0 0 5 0 0
-6749.6 7104.1 -87.9 91 0 46.9 27.8 10.0 0.0 0 0 4 3 3
-6725.6 7140.0 -87.8 1 0 16.8 49.5 12.5 2.5 2 0 5 1 1
-6701.6 7164.8 -87.7 1 0 33.5 73.1 10.0 0.0 0 0 4 3 3
-6723.7 7190.2 -87.5 1 0 16.6 50.6 12.5 2.5 2 0 5 5 5
-6702.8 7218.4 -87.4 1 0 40.5 71.1 10.0 0.0 0 0 4 4 4
-6653.5 7270.5 -86.7 182 0 40.8 125.7 10.0 0.0 0 1 4 4 4
-6574.9 7101.1 -81.5 92 0 52.5 53.8 15.0 0.0 0 1 6 4 4
-6144.4 7004.5 -85.5 303 0 15.7 15.9 10.0 2.5 2 1 4 2 2
-6233.9 7045.9 -86.8 270 0 34.7 65.2 10.0 0.0 0 1 4 3 3
-6277.4 6986.9 -87.7 271 0 27.9 15.0 10.0 2.5 2 0 4 4 4
-6206.6 6903.8 -94.6 32 0 74.9 35.9 17.5 0.0 0 0 7 5 5
-6467.8 6763.9 -95.2 86 0 52.8 52.6 12.5 0.0 0 0 5 4 4
-6605.1 6301.3 -111.6 77 0 30.6 23.8 10.0 0.0 0 0 4 3 3
-6915.2 6504.3 -112.2 180 0 145.5 239.4 12.5 0.0 0 1 5 4 4
-6122.2 7865.8 -105.9 272 0 7.0 17.2 5.0 2.5 2 1 2 3 3
-6178.6 7815.3 -106.3 90 0 7.3 8.7 2.5 2.5 2 1 1 1 1
-426.7 6899.1 101.4 66 0 13.0 10.2 7.5 2.5 2 0 3 5 5
