-3492.9 5598.8 -171.2 354 0 108.2 63.4 7.5 0.0 0 0 3 4 4
-4471.7 8942.1 -152.3 94 0 10.8 24.3 14.0 3.5 2 1 4 3 3
-4542.5 8832.1 -149.6 1 0 18.2 36.6 17.5 0.0 0 1 5 0 0
-6647.8 -8736.9 167.0 266 0 12.6 20.8 12.5 2.5 2 1 5 0 0
-3267.6 8752.4 -167.7 59 0 13.9 21.3 14.0 3.5 2 1 4 0 0
-4709.8 9249.3 -145.0 338 0 17.6 17.1 14.0 3.5 2 0 4 1 1
-6282.2 9706.1 -125.5 257 0 17.2 20.7 14.0 3.5 2 1 4 5 5
-2763.3 -1304.7 -141.9 87 0 15.8 84.0 10.0 2.5 2 1 4 1 1
-2785.7 -1306.3 -141.4 87 0 15.8 84.0 10.0 0.0 0 1 4 5 5
-2841.2 -1225.7 -140.2 267 0 15.8 84.0 10.0 0.0 0 1 4 3 3
-2813.5 -1308.3 -140.7 87 0 15.8 84.0 10.0 2.5 2 1 4 4 4
5865.6 -1022.1 -179.3 62 0 19.9 15.9 10.0 0.0 0 0 4 0 0
-4963.2 8572.6 -148.4 159 0 13.5 15.4 17.5 3.5 2 1 5 3 3
-5046.8 8997.1 -145.0 338 0 13.2 15.5 14.0 3.5 2 1 4 3 3
-4458.1 9883.5 -153.1 164 0 16.0 23.1 14.0 3.5 2 1 4 4 4
-4474.4 7227.7 -159.9 241 0 21.7 16.7 14.0 3.5 2 0 4 3 3
-4047.2 9047.9 -155.5 156 0 12.8 16.2 17.5 3.5 2 1 5 4 4
-4397.1 8780.4 -153.6 6 0 11.1 19.1 14.0 3.5 2 1 4 2 2
-4412.6 9248.0 -149.8 185 0 114.4 58.3 14.0 0.0 0 0 4 4 4
