5411.3 5094.1 -69.8 150 0 12.8 23.0 5.0 2.5 2 1 2 2 2
-3224.5 767.4 41.1 151 0 12.2 20.9 12.5 2.5 2 1 5 0 0
2095.4 -1576.0 47.4 326 0 12.7 18.6 2.5 2.5 2 1 1 1 1
-5922.1 4587.2 68.2 82 0 15.9 13.2 5.0 0.0 0 0 2 2 2
4551.9 10087.0 -70.7 345 0 95.1 60.5 10.0 0.0 0 0 4 2 2
4994.6 10831.8 -83.7 270 0 39.7 82.8 7.5 0.0 0 1 3 1 1
4425.6 10309.1 -67.2 165 0 52.0 58.5 7.5 0.0 0 1 3 3 3
4514.2 9991.7 -70.5 165 0 38.9 61.0 5.0 0.0 0 1 2 4 4
4526.4 9945.9 -70.4 165 0 23.1 60.9 12.5 2.5 2 1 5 5 5
4637.6 9864.8 -70.7 329 0 38.1 60.9 12.5 0.0 0 1 5 2 2
4698.3 9760.3 -69.3 329 0 20.9 60.8 10.0 2.5 2 1 4 4 4
4752.3 9667.4 -67.8 330 0 17.6 60.3 17.5 2.5 2 1 7 5 5
4722.5 9718.7 -68.8 329 0 36.4 37.8 10.0 0.0 0 1 4 4 4
5005.1 9640.4 -70.4 325 0 74.2 45.0 12.5 0.0 0 0 5 0 0
4977.3 9735.1 -72.3 329 0 58.6 72.8 12.5 0.0 0 1 5 5 5
4858.5 9703.6 -70.2 239 0 43.9 69.3 10.0 0.0 0 1 4 4 4
4949.7 9560.1 -68.8 56 0 44.7 75.7 10.0 0.0 0 1 4 2 2
4969.1 9497.8 -67.2 236 0 84.5 33.4 12.5 0.0 0 0 5 5 5
4861.4 9535.7 -66.6 318 0 89.9 40.9 15.0 0.0 0 0 6 0 0
4779.5 9637.3 -67.6 318 0 45.1 61.1 10.0 0.0 0 1 4 1 1
4848.4 10196.4 -74.9 180 0 20.0 113.4 10.0 0.0 0 1 4 2 2
4856.0 10134.5 -74.5 180 0 50.7 99.4 10.0 0.0 0 1 4 0 0
5084.1 9977.3 -77.7 14 0 20.6 49.6 17.5 2.5 2 1 7 0 0
5066.8 9914.2 -77.2 13 0 39.4 81.7 12.5 0.0 0 1 5 5 5
5114.7 9887.1 -77.4 199 0 26.4 66.9 12.5 0.0 0 1 5 4 4
5115.9 10237.3 -79.2 346 0 79.9 22.4 10.0 0.0 0 0 4 1 1
5057.7 10465.8 -78.7 347 0 26.0 57.0 12.5 2.5 2 1 5 2 2
5047.1 10507.5 -79.2 346 0 24.7 56.0 10.0 2.5 2 1 4 2 2
5063.5 10691.5 -83.5 184 0 19.2 90.1 12.5 0.0 0 1 5 4 4
4251.0 10817.7 -74.7 243 0 19.4 33.3 12.5 0.0 0 1 5 1 1
4265.5 10693.8 -74.7 152 0 52.2 32.6 10.0 0.0 0 0 4 5 5
4315.9 10595.0 -74.2 152 0 53.6 33.0 7.5 0.0 0 0 3 2 2
4429.7 10499.1 -72.0 333 0 47.7 55.3 12.5 0.0 0 1 5 1 1
4609.4 10071.2 -71.9 165 0 103.8 70.9 10.0 0.0 0 0 4 5 5
4773.2 10285.8 -70.7 359 0 258.7 88.2 12.5 0.0 0 0 5 5 5
4838.6 10567.1 -79.6 180 0 82.0 62.8 12.5 0.0 0 0 5 2 2
4674.4 10806.5 -81.5 180 0 144.2 104.5 10.0 0.0 0 0 4 4 4
5396.0 10364.9 -81.5 275 0 16.1 75.4 12.5 2.5 2 1 5 3 3
5287.3 10368.9 -81.5 275 0 50.2 60.2 10.0 0.0 0 1 4 2 2
5294.4 10200.7 -80.3 95 0 20.9 67.3 10.0 2.5 2 1 4 0 0
5170.5 10226.9 -80.5 141 0 56.8 100.0 12.5 0.0 0 1 5 0 0
5014.6 10633.1 -81.3 0 0 15.8 42.6 10.0 2.5 2 1 4 5 5
5079.2 10382.6 -78.7 346 0 61.2 59.6 10.0 0.0 0 0 4 3 3
5104.2 10058.9 -78.7 14 0 79.4 85.3 10.0 0.0 0 1 4 2 2
4474.4 10382.9 -68.0 345 0 39.5 14.7 10.0 0.0 0 0 4 0 0
4539.4 10435.9 -70.2 180 0 73.5 24.8 10.0 0.0 0 0 4 0 0
4579.4 10437.8 -69.7 180 0 40.0 11.6 10.0 2.5 2 0 4 2 2
4546.3 10369.7 -67.8 180 0 59.0 18.3 10.0 2.5 2 0 4 1 1
4551.8 10315.2 -66.1 135 0 18.0 26.2 10.0 0.0 0 1 4 5 5
4579.3 10348.4 -67.7 180 0 100.4 41.0 12.5 0.0 0 0 5 2 2
