4725.7 3341.2 -44.7 257 0 17.4 13.4 2.5 2.5 2 0 1 4 4
6780.8 59.1 1.3 149 0 17.7 22.8 17.5 3.5 2 1 5 2 2
5569.2 -8342.3 -41.4 336 0 12.2 14.5 5.0 2.5 2 1 2 1 1
6232.1 4388.6 -41.8 339 0 14.0 14.8 17.5 3.5 2 1 5 5 5
5954.1 1690.8 -24.9 200 0 14.8 25.4 14.0 0.0 0 1 4 4 4
6910.5 3455.7 -33.9 59 0 23.5 22.2 17.5 3.5 2 0 5 2 2
5117.1 1751.2 -32.7 55 0 16.4 11.0 17.5 3.5 2 0 5 4 4
6706.3 -2689.5 -8.4 180 0 188.9 344.5 10.5 0.0 0 1 3 4 4
6056.3 11.6 -11.6 235 0 25.2 21.7 17.5 3.5 2 0 5 5 5
3378.8 6322.0 -44.5 11 0 16.2 25.2 14.0 3.5 2 1 4 2 2
351.7 9863.7 -46.6 235 0 10.7 9.1 10.5 3.5 2 0 3 1 1
872.2 9034.5 -48.8 329 0 17.3 19.6 14.0 3.5 2 1 4 2 2
1976.6 8540.8 -47.2 54 0 13.9 11.3 14.0 3.5 2 0 4 1 1
1224.3 -5817.9 -20.9 16 0 56.0 21.2 14.0 3.5 2 0 4 5 5
1075.7 -6117.3 -12.1 131 0 35.5 22.4 10.0 0.0 0 0 4 4 4
1047.1 -5627.6 -13.2 334 0 18.8 22.3 14.0 3.5 2 1 4 1 1
4176.1 -4596.9 -42.3 85 0 16.8 39.6 10.0 2.5 2 0 4 3 3
4144.1 -4553.1 -42.3 265 0 31.7 22.8 7.5 0.0 0 0 3 2 2
5484.3 823.2 -21.6 28 0 14.5 15.9 14.0 3.5 2 0 4 2 2
5489.9 812.0 -21.4 118 0 20.4 14.5 14.0 3.5 2 0 4 0 0
5716.5 1634.1 -26.9 190 0 18.8 39.5 14.0 3.5 2 1 4 4 4
1674.1 8032.3 -48.8 162 0 50.0 85.3 7.5 0.0 0 1 3 4 4
1797.9 7862.2 -48.5 59 0 7.1 17.9 10.5 3.5 2 0 3 5 5
1790.3 7857.7 -48.5 59 0 10.5 17.9 14.0 3.5 2 0 4 1 1
1761.4 7851.0 -48.4 149 0 17.9 23.1 14.0 3.5 2 0 4 5 5
2599.7 6545.1 -47.7 308 0 18.5 11.2 14.0 3.5 2 0 4 5 5
2593.0 6565.4 -48.1 218 0 17.0 27.9 14.0 3.5 2 1 4 3 3
3081.0 6329.9 -46.0 285 0 24.8 10.9 14.0 3.5 2 0 4 4 4
3095.5 6335.7 -45.9 15 0 16.5 19.1 14.0 0.0 0 1 4 3 3
3234.1 6279.6 -44.8 194 0 9.9 15.3 7.5 2.5 2 0 3 0 0
3247.9 6302.9 -44.7 284 0 15.3 21.0 10.0 2.5 2 0 4 2 2
5950.8 5495.3 -46.1 285 0 21.3 13.5 17.5 3.5 2 0 5 5 5
5967.8 5502.6 -46.1 15 0 20.0 15.4 17.5 3.5 4 0 5 5 5
6060.6 5596.8 -46.9 105 0 19.5 23.6 17.5 3.5 2 0 5 3 3
6884.1 5677.3 -38.3 22 0 10.4 21.3 14.0 3.5 2 0 4 4 4
6861.5 5648.3 -38.2 112 0 16.9 30.1 14.0 3.5 2 0 4 2 2
6878.4 226.6 0.5 90 0 37.6 8.2 10.5 3.5 2 0 3 5 5
6716.3 -4767.3 -28.5 180 0 42.3 164.7 14.0 0.0 0 0 4 3 3
5389.6 -3934.0 -29.3 180 0 30.0 40.0 10.5 0.0 0 1 3 3 3
6931.9 -4373.2 -24.6 360 0 278.5 10.2 10.5 0.0 0 0 3 1 1
6757.2 -4518.3 -25.2 90 0 86.5 159.0 10.5 0.0 0 1 3 2 2
6864.9 -5579.1 -29.4 359 0 10.5 23.6 16.0 3.5 2 1 4 3 3
6796.0 -5645.0 -31.3 89 0 79.7 101.7 14.0 0.0 0 1 4 1 1
6931.1 -5570.6 -28.7 179 0 89.6 150.9 14.0 0.0 0 1 4 4 4
6930.6 -5289.5 -30.7 180 0 161.5 141.8 14.0 0.0 0 0 4 3 3
5794.2 -736.4 -12.6 0 0 10.5 11.1 5.0 2.5 2 0 2 1 1
5776.7 -726.5 -12.7 270 0 13.1 15.1 7.5 2.5 2 0 3 1 1
5693.9 -854.3 -13.2 182 0 13.1 20.6 10.0 0.0 0 1 4 2 2
4574.7 3740.6 -47.2 198 0 7.3 7.7 8.0 2.5 2 1 2 5 5
4430.1 3632.0 -46.3 88 0 10.5 22.4 10.0 2.5 4 1 4 1 1
4417.2 3563.5 -46.2 282 0 16.2 13.6 2.5 2.5 2 0 1 3 3
4388.4 3551.9 -46.0 102 0 18.3 9.6 5.0 2.5 4 0 2 0 0
4358.1 3630.7 -45.8 299 0 8.4 7.6 5.0 0.0 0 0 2 4 4
4338.4 3601.5 -46.1 193 0 23.9 14.3 12.5 2.5 2 0 5 3 3
4283.2 3558.8 -46.5 194 0 21.1 13.8 10.0 2.5 2 0 4 3 3
5389.6 -3892.9 -29.4 180 0 30.0 40.0 10.5 0.0 0 1 3 4 4
5807.0 -2988.9 -19.4 90 0 44.0 88.5 14.0 0.0 0 1 4 4 4
5699.2 -2671.1 -19.6 180 0 115.7 105.1 14.0 0.0 0 0 4 1 1
5374.4 -2374.9 -21.3 180 0 135.5 42.3 14.0 0.0 0 0 4 3 3
5456.7 -2730.1 -22.5 90 0 49.5 106.7 14.0 0.0 0 1 4 1 1
5606.1 -2881.5 -21.9 360 0 166.9 60.5 10.5 0.0 0 0 3 2 2
5094.9 -3369.5 -29.2 180 0 38.5 58.1 14.0 0.0 0 1 4 1 1
5549.6 -3406.8 -24.8 90 0 18.5 14.3 14.0 3.5 2 0 4 2 2
5408.3 -3394.5 -26.5 90 0 67.2 30.1 14.0 0.0 0 0 4 5 5
5320.2 -3214.1 -26.6 0 0 49.7 62.9 14.0 0.0 0 1 4 0 0
5320.1 -3326.5 -27.2 0 0 135.8 50.5 14.0 0.0 0 0 4 3 3
5409.6 -3838.2 -29.4 270 0 40.0 30.0 10.5 0.0 0 0 3 2 2
5314.9 -3892.9 -29.9 180 0 30.0 40.8 14.0 0.0 0 1 4 0 0
5314.9 -3934.0 -29.8 180 0 30.0 40.8 14.0 0.0 0 1 4 4 4
5314.9 -3973.8 -29.7 180 0 30.0 40.8 14.0 0.0 0 1 4 5 5
5314.9 -4014.3 -29.6 180 0 30.0 40.8 14.0 0.0 0 1 4 1 1
5314.9 -4053.8 -29.6 180 0 30.0 40.8 14.0 0.0 0 1 4 0 0
5335.3 -3838.2 -29.9 270 0 40.8 30.0 14.0 0.0 0 0 4 2 2
5240.5 -3934.0 -30.3 180 0 30.0 39.2 14.0 0.0 0 1 4 3 3
5240.5 -3973.8 -30.2 180 0 30.0 39.2 14.0 0.0 0 1 4 5 5
5240.5 -4014.3 -30.2 180 0 30.0 39.2 14.0 0.0 0 1 4 4 4
5240.5 -4053.8 -30.3 180 0 30.0 39.2 14.0 0.0 0 1 4 4 4
5260.1 -3838.2 -30.4 270 0 39.2 30.0 14.0 0.0 0 0 4 0 0
5240.5 -3896.2 -30.4 180 0 36.5 39.2 14.0 0.0 0 1 4 0 0
5164.8 -3948.5 -30.8 180 0 60.4 40.8 10.5 0.0 0 0 3 1 1
5185.2 -3838.2 -30.9 270 0 40.8 60.7 10.5 0.0 0 1 3 4 4
5164.8 -4028.9 -31.0 180 0 61.0 40.8 10.5 0.0 0 0 3 5 5
5110.4 -3838.2 -31.4 270 0 40.8 60.7 14.0 0.0 0 1 4 5 5
5090.0 -3948.5 -31.5 180 0 60.4 40.8 14.0 0.0 0 0 4 4 4
5090.0 -4028.9 -31.7 180 0 61.0 40.8 14.0 0.0 0 0 4 1 1
5540.0 -3613.4 -26.3 180 0 44.9 40.0 14.0 0.0 0 0 4 3 3
5560.0 -3525.4 -26.0 270 0 40.0 45.5 14.0 0.0 0 1 4 1 1
5464.7 -3742.5 -28.1 180 0 45.0 41.0 10.5 0.0 0 0 3 2 2
5464.7 -3677.7 -27.6 180 0 44.9 41.0 10.5 0.0 0 0 3 2 2
5488.3 -3525.4 -26.6 270 0 47.2 51.9 10.5 0.0 0 1 3 0 0
5314.9 -3738.8 -29.2 180 0 30.0 40.8 10.5 0.0 0 1 3 1 1
5389.6 -3738.8 -28.7 180 0 30.0 40.0 14.0 0.0 0 1 4 1 1
5314.9 -3698.5 -29.0 180 0 30.0 40.8 10.5 0.0 0 1 3 5 5
5389.6 -3698.5 -28.4 180 0 30.0 40.0 14.0 0.0 0 1 4 0 0
5314.9 -3658.2 -28.7 180 0 30.0 40.8 10.5 0.0 0 1 3 5 5
5389.6 -3658.2 -28.1 180 0 30.0 40.0 14.0 0.0 0 1 4 3 3
5389.6 -3617.9 -27.7 180 0 30.0 40.0 14.0 0.0 0 1 4 1 1
5314.9 -3617.9 -28.4 180 0 30.0 40.8 10.5 0.0 0 1 3 5 5
5314.9 -3577.6 -28.1 180 0 30.0 40.8 10.5 0.0 0 1 3 4 4
5389.6 -3577.6 -27.4 180 0 30.0 40.0 14.0 0.0 0 1 4 5 5
5409.6 -3522.9 -27.1 270 0 40.0 31.1 14.0 0.0 0 0 4 1 1
5335.3 -3522.9 -27.8 270 0 40.8 31.1 10.5 0.0 0 0 3 3 3
5260.1 -3522.9 -28.5 270 0 39.2 31.1 14.0 0.0 0 0 4 1 1
5240.5 -3577.6 -28.7 180 0 30.0 39.2 14.0 0.0 0 1 4 4 4
5240.5 -3617.9 -29.0 180 0 30.0 39.2 14.0 0.0 0 1 4 2 2
5240.5 -3658.2 -29.3 180 0 30.0 39.2 14.0 0.0 0 1 4 2 2
5240.5 -3698.5 -29.5 180 0 30.0 39.2 14.0 0.0 0 1 4 3 3
5240.5 -3738.8 -29.8 180 0 30.0 39.2 14.0 0.0 0 1 4 3 3
5185.2 -3522.9 -29.1 270 0 40.8 31.1 10.5 0.0 0 0 3 4 4
5205.5 -3577.6 -29.3 0 0 30.0 40.8 10.5 0.0 0 1 3 5 5
5205.5 -3617.9 -29.6 0 0 30.0 40.8 10.5 0.0 0 1 3 2 2
5164.8 -3658.2 -29.8 180 0 30.0 40.8 10.5 0.0 0 1 3 2 2
5164.8 -3698.5 -30.1 180 0 30.0 40.8 10.5 0.0 0 1 3 2 2
5164.8 -3738.8 -30.3 180 0 30.0 40.8 10.5 0.0 0 1 3 2 2
5389.6 -3779.1 -28.9 180 0 30.0 40.0 14.0 0.0 0 1 4 4 4
5314.9 -3779.1 -29.5 180 0 30.0 40.8 10.5 0.0 0 1 3 3 3
5240.5 -3779.1 -30.0 180 0 30.0 39.2 14.0 0.0 0 1 4 3 3
5164.8 -3779.1 -30.6 180 0 30.0 40.8 10.5 0.0 0 1 3 0 0
5110.4 -3522.9 -29.4 270 0 40.8 31.1 14.0 0.0 0 0 4 5 5
5130.8 -3577.6 -29.7 0 0 30.0 40.8 14.0 0.0 0 1 4 3 3
5130.8 -3617.9 -30.1 0 0 30.0 40.8 14.0 0.0 0 1 4 2 2
5130.8 -3658.2 -30.4 0 0 30.0 40.8 14.0 0.0 0 1 4 1 1
5090.0 -3698.5 -30.6 180 0 30.0 40.8 14.0 0.0 0 1 4 2 2
5090.0 -3738.8 -30.9 180 0 30.0 40.8 14.0 0.0 0 1 4 2 2
5090.0 -3779.1 -31.1 180 0 30.0 40.8 14.0 0.0 0 1 4 3 3
6400.8 -5473.4 -35.2 269 0 59.9 164.5 14.0 0.0 0 0 4 0 0
6543.2 -5466.7 -34.5 269 0 155.9 79.0 14.0 0.0 0 0 4 4 4
6546.1 -5659.9 -34.3 89 0 155.9 80.1 14.0 0.0 0 0 4 1 1
5999.9 -6053.3 -41.4 359 0 60.8 138.8 10.5 0.0 0 1 3 5 5
6023.7 6105.1 -48.9 298 0 65.0 183.9 17.5 0.0 0 1 5 1 1
6441.0 -2189.2 -1.6 359 0 8.3 10.8 12.0 3.5 2 0 3 0 0
6394.2 -2296.0 -4.2 89 0 59.9 96.7 10.5 0.0 0 0 3 2 2
6632.1 -2184.5 0.3 0 0 59.3 55.4 10.5 0.0 0 0 3 4 4
6828.2 -1857.5 7.1 182 0 15.8 28.8 14.0 3.5 2 1 4 4 4
6872.2 -1827.1 7.2 272 0 25.0 40.0 14.0 0.0 0 1 4 4 4
6740.8 -1657.6 4.0 1 0 11.6 27.3 10.5 3.5 2 1 3 5 5
6667.8 -1552.1 2.2 271 0 152.3 89.7 14.0 0.0 0 0 4 3 3
6110.3 -1461.7 -5.8 268 0 58.2 128.4 14.0 0.0 0 1 4 2 2
6228.3 -1707.6 -3.6 346 0 35.4 18.8 14.0 0.0 0 0 4 1 1
6203.4 -1777.8 -4.6 76 0 45.6 103.9 14.0 0.0 0 0 4 1 1
6097.6 -1803.9 -7.3 76 0 128.7 103.9 14.0 0.0 0 0 4 2 2
6210.1 -1867.9 -3.9 90 0 40.6 35.6 10.5 0.0 0 0 3 1 1
6068.7 -1917.1 -6.3 270 0 20.0 30.8 14.0 0.0 0 0 4 3 3
6063.9 -2081.7 -6.4 91 0 25.1 78.8 14.0 0.0 0 1 4 4 4
6008.2 -1887.5 -7.4 247 0 39.5 74.6 14.0 0.0 0 1 4 1 1
5805.4 -1661.6 -11.8 257 0 77.2 35.3 10.5 0.0 0 0 3 3 3
5947.3 -1778.9 -8.6 351 0 11.3 14.2 12.0 3.5 2 0 3 4 4
5937.5 -1808.1 -9.7 351 0 65.9 49.7 10.5 0.0 0 0 3 5 5
5737.4 -1970.8 -12.8 270 0 64.1 113.4 14.0 0.0 0 1 4 5 5
5434.8 -1952.9 -17.6 89 0 15.0 27.0 14.0 3.5 2 1 4 2 2
5609.1 -1893.3 -15.2 0 0 103.3 25.1 14.0 0.0 0 0 4 2 2
5584.0 -1894.9 -15.6 0 0 82.0 20.9 14.0 0.0 0 0 4 3 3
5563.3 -1834.0 -16.6 0 0 7.7 49.6 10.5 3.5 2 1 3 5 5
5538.2 -1951.2 -16.6 90 0 49.6 97.4 14.0 0.0 0 0 4 5 5
5489.0 -1960.6 -17.4 90 0 48.8 96.0 14.0 0.0 0 0 4 5 5
5341.3 -1788.5 -18.2 175 0 42.2 33.5 14.0 0.0 0 0 4 3 3
5699.7 -2280.0 -14.5 180 0 28.5 94.6 14.0 0.0 0 1 4 3 3
5998.7 -2296.0 -10.1 181 0 25.7 22.1 14.0 0.0 0 0 4 1 1
6139.3 -2358.8 -8.8 90 0 28.4 36.3 14.0 0.0 0 1 4 5 5
6171.9 -2351.8 -8.1 90 0 20.8 87.7 14.0 0.0 0 1 4 2 2
6234.3 -2192.6 -7.9 0 0 84.5 156.5 14.0 0.0 0 1 4 1 1
5900.9 -2208.8 -10.9 360 0 8.4 39.1 10.5 3.5 2 0 3 1 1
5943.9 -2178.5 -10.6 360 0 51.8 73.0 14.0 0.0 0 0 4 5 5
5910.6 -2083.2 -9.6 90 0 65.4 33.5 14.0 0.0 0 0 4 4 4
5800.3 -1949.0 -11.2 249 0 66.1 134.3 14.0 0.0 0 1 4 3 3
5234.2 -1700.8 -18.3 90 0 14.6 11.3 16.0 3.5 2 0 4 1 1
5295.0 -1059.7 -16.0 106 0 22.8 41.0 7.5 0.0 0 1 3 4 4
4965.0 -1634.3 -20.6 180 0 21.0 6.5 12.0 0.0 0 0 3 5 5
4978.0 -1667.2 -20.3 180 0 96.0 55.9 14.0 0.0 0 0 4 0 0
4004.7 -1942.1 -32.5 7 0 40.4 54.4 10.0 0.0 0 1 4 4 4
4371.5 -2648.0 -30.8 12 0 31.6 85.9 14.0 0.0 0 1 4 0 0
4466.5 -1954.8 -28.5 192 0 78.2 72.6 14.0 0.0 0 0 4 0 0
5571.3 -2011.6 -15.6 257 0 56.8 79.0 14.0 0.0 0 1 4 5 5
5412.4 -2061.5 -18.3 270 0 81.9 75.6 14.0 0.0 0 0 4 0 0
5314.9 -2120.4 -20.2 0 0 56.5 87.2 14.0 0.0 0 1 4 0 0
5420.1 -2505.3 -21.8 270 0 14.8 48.6 14.0 3.5 2 0 4 3 3
5096.3 -2836.1 -28.0 180 0 74.7 51.6 14.0 0.0 0 0 4 1 1
5080.0 -2689.1 -27.0 180 0 64.3 14.4 14.0 3.5 2 0 4 5 5
5094.3 -2647.8 -26.9 180 0 71.6 30.2 14.0 0.0 0 0 4 1 1
5094.2 -2618.6 -26.0 180 0 40.2 95.6 14.0 0.0 0 0 4 0 0
5237.1 -2523.9 -24.2 270 0 15.3 64.9 14.0 3.5 2 1 4 5 5
5319.8 -2624.6 -24.5 0 0 72.7 53.8 14.0 0.0 0 0 4 1 1
5293.1 -2729.0 -25.0 90 0 55.3 48.9 14.0 0.0 0 0 4 0 0
6102.0 -3353.3 -19.1 91 0 85.1 67.2 14.0 0.0 0 0 4 1 1
5932.7 -2447.2 -14.7 270 0 20.9 88.2 14.0 0.0 0 1 4 4 4
5942.2 -2593.4 -16.5 0 0 77.0 58.0 14.0 0.0 0 0 4 3 3
5906.3 -2729.6 -17.6 90 0 70.9 79.6 14.0 0.0 0 1 4 2 2
5941.4 -2805.7 -17.5 1 0 11.3 20.7 16.0 3.5 4 1 4 0 0
5941.1 -2836.8 -17.8 1 0 43.1 40.4 14.0 0.0 0 0 4 4 4
6007.6 -2872.2 -16.7 181 0 26.6 30.8 14.0 0.0 0 0 4 5 5
6008.0 -2828.9 -16.6 181 0 60.0 206.8 14.0 0.0 0 0 4 5 5
6173.0 -2644.0 -12.3 180 0 16.4 37.9 14.0 3.5 2 1 4 4 4
6293.2 -2703.2 -13.1 356 0 29.8 100.8 14.0 0.0 0 1 4 3 3
6498.7 -2991.8 -12.7 90 0 58.0 30.8 10.5 0.0 0 0 3 5 5
6299.7 -2918.1 -13.8 180 0 106.2 131.1 10.5 0.0 0 1 3 3 3
6512.0 -2961.1 -12.8 90 0 115.6 95.7 10.5 0.0 0 0 3 0 0
6700.0 -3240.8 -13.8 359 0 66.9 9.1 10.5 3.5 2 0 3 0 0
3540.4 -4971.3 -48.9 3 0 29.1 23.1 14.0 0.0 0 0 4 4 4
3646.8 -4761.6 -47.6 273 0 54.8 93.0 14.0 0.0 0 1 4 4 4
3665.8 -4922.1 -48.2 3 0 91.7 54.8 14.0 0.0 0 0 4 3 3
3552.9 -4931.6 -48.6 93 0 55.5 93.0 14.0 0.0 0 1 4 0 0
3473.8 -4834.2 -49.6 273 0 55.3 93.0 14.0 0.0 0 1 4 0 0
3212.2 -3202.5 -40.3 293 0 24.9 14.7 14.0 0.0 0 0 4 4 4
3950.4 -4052.7 -40.3 329 0 16.5 14.3 14.0 3.5 2 0 4 5 5
3931.8 -4074.0 -40.8 64 0 15.2 28.5 14.0 3.5 2 1 4 2 2
3852.3 -3699.8 -40.5 141 0 16.1 22.3 14.0 3.5 2 1 4 4 4
3770.2 -3632.1 -40.9 186 0 23.4 16.3 14.0 3.5 2 0 4 2 2
3837.6 -3615.4 -40.6 6 0 19.0 35.5 14.0 0.0 0 1 4 0 0
3655.6 -3791.4 -41.8 26 0 16.1 8.5 10.5 3.5 2 0 3 4 4
3652.0 -3820.6 -42.2 206 0 71.6 29.2 14.0 0.0 0 0 4 5 5
5891.4 -3764.9 -24.4 54 0 11.3 21.4 8.0 2.5 2 1 2 5 5
5930.1 -3448.0 -21.1 254 0 10.6 15.8 16.0 3.5 2 1 4 3 3
6005.1 -3512.3 -20.9 341 0 10.2 29.2 14.0 3.5 2 1 4 1 1
6210.5 -3513.8 -19.2 181 0 25.8 110.0 14.0 0.0 0 1 4 0 0
6294.6 -3800.2 -22.1 91 0 29.7 9.4 10.5 3.5 2 0 3 0 0
6081.6 -3434.8 -19.4 181 0 23.1 53.3 14.0 3.5 2 1 4 4 4
5818.4 -3295.1 -21.2 180 0 59.7 63.5 10.5 0.0 0 1 3 1 1
6633.1 -818.3 -3.3 2 0 20.2 34.5 14.0 0.0 0 0 4 1 1
6634.7 -778.4 -3.0 2 0 19.6 34.5 14.0 0.0 0 0 4 1 1
6583.3 -746.5 -3.7 272 0 36.2 39.6 14.0 0.0 0 0 4 4 4
6633.9 -798.2 -3.1 2 0 20.0 34.5 14.0 0.0 0 0 4 4 4
6563.1 -795.3 -3.8 182 0 20.0 36.2 14.0 0.0 0 0 4 2 2
6613.8 -867.6 -3.2 92 0 34.5 39.9 14.0 0.0 0 0 4 2 2
6578.4 -866.1 -3.9 92 0 36.2 60.1 14.0 0.0 0 0 4 2 2
4555.8 -1793.4 -25.8 99 0 37.9 36.4 10.5 0.0 0 0 3 3 3
4506.2 -1769.6 -26.0 189 0 17.4 26.1 10.5 3.5 2 1 3 0 0
3443.7 -2625.2 -38.8 265 0 24.4 12.8 14.0 3.5 2 0 4 2 2
3406.7 -2654.2 -39.1 175 0 25.3 51.7 14.0 3.5 2 0 4 3 3
3666.6 -2440.5 -37.3 4 0 29.3 66.6 10.5 0.0 0 1 3 3 3
3792.7 -2531.7 -36.2 197 0 10.2 26.9 14.0 3.5 2 0 4 4 4
3821.4 -2529.3 -36.3 197 0 34.2 37.1 14.0 0.0 0 0 4 1 1
3787.4 -2759.0 -36.9 332 0 27.1 41.2 14.0 0.0 0 0 4 5 5
3806.2 -2780.9 -37.0 332 0 29.2 51.8 14.0 0.0 0 0 4 1 1
2647.7 -3451.3 -46.0 158 0 15.9 30.1 14.0 3.5 2 0 4 2 2
2671.9 -3430.6 -45.4 158 0 8.3 18.5 12.0 3.5 2 0 3 5 5
2704.5 -3437.1 -45.1 68 0 18.8 15.9 14.0 3.5 2 0 4 0 0
6486.5 -2160.6 -0.7 8 0 8.6 22.8 12.0 3.5 2 1 3 5 5
6490.9 -2173.2 -0.7 12 0 11.7 20.3 12.0 3.5 2 0 3 5 5
6283.4 -2558.2 -9.6 5 0 25.7 11.6 14.0 3.5 2 0 4 0 0
6168.3 -2458.6 -9.7 179 0 15.6 5.5 12.0 3.5 2 0 3 0 0
6177.9 -2526.1 -10.5 179 0 12.8 15.9 16.0 3.5 2 0 4 3 3
6166.5 -2571.9 -11.8 181 0 73.1 9.7 10.5 3.5 4 0 3 3 3
6380.6 -1462.0 -1.5 270 0 111.5 39.1 14.0 0.0 0 0 4 3 3
6585.0 -1830.2 3.4 195 0 33.1 10.6 10.5 3.5 2 0 3 4 4
6575.1 -2012.9 3.0 181 0 42.7 56.9 10.5 0.0 0 1 3 3 3
6745.0 -2093.3 4.3 92 0 53.1 10.6 14.0 3.5 4 0 4 0 0
6903.5 -2167.2 1.1 1 0 70.2 137.4 14.0 0.0 0 0 4 5 5
6507.1 -1867.0 1.4 1 0 5.8 30.6 12.0 3.5 2 0 3 0 0
6491.5 -1773.3 1.4 271 0 34.6 90.5 14.0 0.0 0 0 4 5 5
6456.6 -1777.0 0.7 271 0 35.1 86.2 14.0 0.0 0 0 4 1 1
6368.0 -1800.6 -0.6 271 0 7.6 8.9 12.0 3.5 2 1 3 0 0
6353.3 -1862.4 -0.8 181 0 16.8 16.9 14.0 3.5 2 1 4 3 3
6334.8 -1806.2 -1.4 271 0 12.3 53.0 14.0 3.5 2 1 4 3 3
6320.5 -1903.6 -1.4 180 0 45.2 69.7 14.0 0.0 0 1 4 5 5
5894.5 -1463.2 -9.5 186 0 8.7 12.8 10.5 3.5 2 0 3 2 2
5905.5 -1417.1 -9.5 276 0 8.7 42.7 10.5 3.5 2 0 3 4 4
5880.3 -1620.8 -9.6 181 0 9.7 23.1 12.0 0.0 0 1 3 0 0
5879.3 -1539.4 -9.7 186 0 98.6 37.8 10.5 0.0 0 0 3 4 4
5764.3 -1596.6 -11.6 89 0 24.1 9.0 12.0 3.5 2 0 3 0 0
5808.7 -1538.3 -11.6 0 0 51.4 62.6 14.0 0.0 0 0 4 1 1
5780.4 -1410.3 -11.3 270 0 57.2 70.7 14.0 0.0 0 1 4 1 1
5695.2 -1597.8 -12.4 90 0 11.7 39.9 14.0 3.5 2 0 4 5 5
5711.7 -1420.3 -12.2 270 0 43.6 137.6 14.0 0.0 0 0 4 4 4
5645.1 -1439.4 -12.8 270 0 29.8 72.0 14.0 0.0 0 1 4 3 3
5668.7 -1606.3 -12.9 90 0 41.2 72.6 14.0 0.0 0 0 4 2 2
5615.7 2842.1 -38.9 31 0 32.3 32.7 17.5 0.0 0 1 5 0 0
745.3 -5644.8 15.1 235 0 16.5 19.8 14.0 3.5 4 1 4 0 0
1056.2 -5276.6 -41.6 359 0 4.3 41.6 7.5 0.0 0 1 3 5 5
1586.1 -7297.7 -19.6 44 0 27.3 17.6 10.0 2.5 2 0 4 2 2
1794.5 -7263.0 -35.7 67 0 17.9 14.1 12.5 2.5 4 0 5 4 4
6913.9 23.0 4.3 272 0 31.2 11.4 17.5 3.5 2 0 5 4 4
6895.2 158.3 1.8 2 0 16.5 21.0 14.0 3.5 4 1 4 5 5
6937.5 160.7 2.5 2 0 16.5 31.5 17.5 0.0 0 1 5 0 0
6871.9 142.5 1.6 272 0 41.9 16.5 17.5 3.5 2 0 5 1 1
6860.8 114.5 1.4 272 0 61.1 16.5 14.0 3.5 2 0 4 2 2
6893.9 42.5 3.2 2 0 69.9 13.0 17.5 3.5 2 0 5 0 0
6855.2 49.2 2.6 182 0 60.9 13.0 17.5 3.5 2 0 5 1 1
6839.4 79.8 2.0 272 0 13.0 55.1 17.5 0.0 0 1 5 4 4
6639.7 11.5 0.4 183 0 99.1 19.1 17.5 0.0 0 0 5 1 1
6526.5 71.3 -2.9 273 0 20.1 104.1 14.0 0.0 0 1 4 5 5
6541.3 18.5 -2.1 183 0 104.1 20.0 17.5 0.0 0 0 5 3 3
6669.1 8.1 1.1 183 0 90.4 17.9 14.0 0.0 0 0 4 0 0
6576.3 16.8 -1.2 183 0 104.1 20.0 14.0 0.0 0 0 4 2 2
6606.7 14.0 -0.4 183 0 104.1 20.0 17.5 0.0 0 0 5 1 1
6912.2 -153.8 6.4 183 0 104.1 20.0 17.5 0.0 0 0 5 4 4
6879.4 -150.6 5.9 183 0 104.1 20.0 17.5 0.0 0 0 5 1 1
6849.7 -151.3 4.9 183 0 104.1 20.0 14.0 0.0 0 0 4 4 4
6817.1 -147.7 3.9 183 0 104.1 20.0 14.0 0.0 0 0 4 3 3
6787.4 -147.6 3.0 183 0 104.1 20.0 14.0 0.0 0 0 4 5 5
6767.3 -93.2 1.9 273 0 20.0 104.1 17.5 0.0 0 1 5 4 4
6725.2 -145.2 1.1 183 0 104.1 20.0 17.5 0.0 0 0 5 2 2
6705.0 -90.3 0.2 273 0 20.0 104.1 14.0 0.0 0 1 4 3 3
6656.8 -690.8 -2.9 2 0 35.9 68.5 14.0 0.0 0 0 4 5 5
6580.3 -641.0 -3.0 272 0 19.7 35.2 14.0 0.0 0 0 4 1 1
6560.7 -640.2 -3.4 272 0 19.6 35.2 14.0 0.0 0 0 4 5 5
6489.0 -654.9 -4.6 182 0 35.2 61.2 14.0 0.0 0 0 4 5 5
6487.6 -690.1 -4.9 182 0 35.2 61.2 14.0 0.0 0 0 4 0 0
6743.4 -754.1 -0.6 273 0 39.1 56.4 10.5 0.0 0 1 3 4 4
6691.8 -932.0 -2.2 93 0 40.4 20.9 10.5 0.0 0 0 3 5 5
6936.9 -922.9 2.2 93 0 58.8 35.0 14.0 0.0 0 0 4 2 2
6869.2 -884.3 1.4 273 0 40.0 35.0 14.0 0.0 0 0 4 0 0
6788.7 -897.7 0.2 183 0 35.0 59.8 14.0 0.0 0 0 4 0 0
6936.9 -922.9 2.8 273 0 18.3 35.2 14.0 0.0 0 0 4 3 3
6926.9 -940.0 2.0 3 0 35.2 40.5 14.0 0.0 0 0 4 1 1
6875.7 -955.0 1.6 93 0 19.7 35.2 14.0 0.0 0 0 4 0 0
6786.8 -932.7 -0.0 183 0 35.2 80.1 14.0 0.0 0 0 4 2 2
6542.6 -604.4 -3.4 92 0 19.8 9.2 12.0 3.5 2 0 3 4 4
6621.9 -613.6 -1.8 92 0 20.0 15.1 14.0 3.5 2 0 4 4 4
6654.5 -553.7 -1.2 2 0 48.8 20.2 14.0 3.5 2 0 4 4 4
6622.5 -598.5 -1.7 92 0 19.9 35.4 14.0 0.0 0 0 4 3 3
6603.1 -597.7 -2.1 92 0 18.9 35.4 14.0 0.0 0 0 4 2 2
6586.8 -515.3 -2.5 272 0 20.3 81.7 14.0 0.0 0 0 4 0 0
6563.1 -596.1 -2.9 92 0 20.5 70.4 14.0 3.5 2 0 4 5 5
6543.0 -595.3 -3.3 92 0 19.8 70.4 14.0 3.5 2 0 4 2 2
6522.8 -594.4 -3.7 92 0 20.6 35.6 14.0 0.0 0 0 4 3 3
6493.7 -540.0 -4.5 182 0 35.2 21.0 14.0 0.0 0 0 4 3 3
6491.8 -586.2 -4.4 182 0 35.6 21.0 14.0 0.0 0 0 4 1 1
6890.8 -726.2 3.1 93 0 20.1 35.4 10.5 0.0 0 0 3 2 2
6870.9 -725.1 2.7 93 0 19.7 35.4 10.5 0.0 0 0 3 4 4
6845.1 -643.9 2.2 273 0 40.2 44.3 10.5 0.0 0 0 3 3 3
6851.0 -724.1 2.3 93 0 20.1 35.4 10.5 0.0 0 0 3 3 3
6831.0 -723.1 1.9 93 0 20.1 35.4 10.5 0.0 0 0 3 1 1
6798.7 -703.6 1.5 183 0 35.4 23.2 10.5 0.0 0 0 3 5 5
6933.6 -772.8 3.5 273 0 25.6 34.1 14.0 0.0 0 0 4 4 4
6920.0 -789.2 2.6 3 0 34.1 40.9 14.0 0.0 0 0 4 5 5
6850.3 -768.5 1.9 273 0 17.8 34.1 14.0 0.0 0 0 4 3 3
6794.6 -782.7 1.0 183 0 34.1 46.0 14.0 0.0 0 0 4 0 0
6943.7 -825.5 3.2 3 0 35.9 25.6 14.0 0.0 0 0 4 4 4
6896.8 -841.0 2.4 93 0 40.9 35.9 14.0 0.0 0 0 4 2 2
6857.1 -838.9 1.6 93 0 38.6 35.9 14.0 0.0 0 0 4 1 1
6827.6 -837.4 1.2 93 0 20.5 35.9 14.0 0.0 0 0 4 5 5
6868.1 -517.0 3.5 287 0 76.4 16.4 10.5 0.0 0 0 3 0 0
6866.7 -615.8 2.6 93 0 77.2 6.1 10.5 3.5 2 0 3 0 0
6929.6 -612.7 3.2 93 0 76.0 31.0 10.5 0.0 0 0 3 2 2
6802.5 -591.2 2.2 183 0 31.0 76.0 10.5 0.0 0 0 3 1 1
6782.9 -609.5 1.3 2 0 39.2 16.2 14.0 3.5 2 0 4 3 3
6766.6 -608.8 0.5 2 0 39.6 38.4 14.0 0.0 0 0 4 5 5
6765.0 -648.6 0.2 2 0 40.6 38.4 14.0 0.0 0 0 4 5 5
6763.8 -678.9 0.1 2 0 20.3 38.3 14.0 0.0 0 0 4 1 1
6742.6 -729.2 -0.1 92 0 38.3 41.0 14.0 0.0 0 0 4 5 5
6557.1 -249.2 -4.6 93 0 41.2 14.5 17.5 3.5 2 0 5 3 3
6903.7 -310.3 5.8 183 0 36.4 19.6 17.5 0.0 0 0 5 2 2
6896.2 -319.6 4.5 3 0 11.7 52.4 14.0 3.5 2 1 4 2 2
6844.7 -292.1 4.7 183 0 11.7 52.4 14.0 3.5 4 1 4 0 0
6937.4 -252.7 6.2 273 0 38.7 16.0 17.5 3.5 2 0 5 0 0
6937.1 -230.2 6.0 273 0 39.5 12.0 17.5 3.5 4 0 5 0 0
6867.3 -251.6 4.9 273 0 42.9 11.7 14.0 3.5 2 0 4 2 2
6846.6 -232.8 5.1 183 0 16.0 38.8 17.5 3.5 2 1 5 3 3
6839.6 -243.1 4.3 3 0 37.3 16.1 17.5 3.5 4 0 5 2 2
6527.0 -308.1 -5.1 93 0 24.2 36.1 17.5 0.0 0 1 5 2 2
6521.5 -246.7 -5.2 93 0 16.8 36.1 17.5 3.5 2 1 5 0 0
6578.5 -231.6 -3.9 3 0 8.1 20.3 12.0 3.5 2 0 3 1 1
6579.0 -220.4 -4.3 3 0 14.3 41.2 17.5 3.5 2 0 5 0 0
6614.1 -312.5 -2.4 93 0 29.0 36.6 17.5 0.0 0 0 5 1 1
6644.8 -313.8 -1.5 93 0 32.6 36.6 17.5 0.0 0 0 5 3 3
6783.0 -322.4 3.1 93 0 16.1 36.1 14.0 3.5 2 1 4 3 3
6742.9 -303.1 1.4 273 0 45.1 14.8 17.5 3.5 2 0 5 4 4
6713.3 -298.2 0.6 3 0 36.6 17.7 17.5 3.5 2 0 5 4 4
6708.9 -217.8 0.3 273 0 20.9 37.3 17.5 0.0 0 1 5 4 4
6656.9 -255.1 -1.1 93 0 16.4 37.3 17.5 0.0 0 1 5 3 3
6600.4 -221.4 -2.6 183 0 14.3 41.3 17.5 3.5 2 1 5 0 0
6622.3 -254.0 -2.6 93 0 41.3 14.5 17.5 3.5 2 0 5 0 0
6556.8 -496.6 -3.4 92 0 38.7 16.1 14.0 3.5 2 0 4 0 0
6661.6 -432.1 -0.5 2 0 36.1 20.8 14.0 0.0 0 0 4 2 2
6631.4 -412.7 -1.1 272 0 20.4 36.2 14.0 0.0 0 0 4 4 4
6611.1 -411.9 -1.7 272 0 20.2 36.1 14.0 0.0 0 0 4 0 0
6591.3 -411.1 -2.4 272 0 19.5 36.1 14.0 0.0 0 0 4 4 4
6571.5 -410.3 -3.0 272 0 20.0 36.2 14.0 0.0 0 0 4 4 4
6660.2 -467.4 -1.6 2 0 34.6 61.4 14.0 0.0 0 0 4 2 2
6545.4 -480.0 -3.5 92 0 14.6 34.6 14.0 3.5 2 0 4 3 3
6527.7 -479.3 -4.3 92 0 20.9 70.8 14.0 3.5 2 0 4 0 0
6499.1 -442.7 -4.9 182 0 70.8 19.6 14.0 3.5 2 0 4 2 2
749.7 9428.9 -47.5 60 0 12.5 16.6 14.0 3.5 2 0 4 3 3
728.5 9450.5 -47.3 150 0 25.6 10.6 14.0 3.5 2 0 4 3 3
710.0 9441.7 -47.1 150 0 16.5 20.5 14.0 3.5 2 0 4 0 0
6728.0 2619.0 -28.3 272 0 13.1 17.6 17.5 3.5 2 1 5 5 5
6671.9 2522.4 -28.4 181 0 22.2 16.8 17.5 3.5 2 0 5 4 4
6674.9 2564.6 -28.8 181 0 41.5 17.2 17.5 3.5 4 0 5 1 1
6676.7 2602.9 -28.9 181 0 23.1 16.0 17.5 3.5 2 0 5 4 4
6003.2 1541.4 -22.8 212 0 16.2 21.8 17.5 3.5 2 0 5 4 4
6624.4 1937.1 -22.1 285 0 19.0 35.7 7.5 0.0 0 1 3 1 1
5537.8 1759.6 -29.3 191 0 14.7 26.1 14.0 3.5 2 1 4 5 5
1861.7 -3465.7 -49.3 176 0 49.1 59.6 14.0 0.0 0 1 4 3 3
5796.3 1418.4 -24.0 16 0 12.3 21.7 14.0 0.0 0 1 4 1 1
6311.5 1444.4 -18.6 117 0 35.4 30.4 14.0 0.0 0 0 4 1 1
4739.1 3131.3 -42.9 200 0 60.4 68.5 7.5 0.0 0 1 3 2 2
2062.4 -3474.5 -49.1 359 0 29.1 18.5 7.5 0.0 0 0 3 2 2
2070.9 -3427.4 -48.9 353 0 21.0 32.4 7.5 0.0 0 1 3 2 2
1898.1 -3331.0 -49.6 352 0 36.3 106.1 14.0 0.0 0 1 4 3 3
1839.0 -3492.6 -49.5 88 0 13.2 24.4 14.0 3.5 2 1 4 1 1
4249.3 -2926.6 -33.0 12 0 15.1 34.2 14.0 3.5 2 1 4 0 0
4209.6 -2938.8 -33.2 192 0 8.9 22.7 12.0 3.5 2 0 3 1 1
4182.1 -2951.4 -33.8 192 0 45.4 24.1 14.0 0.0 0 0 4 3 3
4204.7 -2961.0 -34.2 192 0 36.5 22.7 14.0 3.5 2 0 4 2 2
3884.5 -5041.2 -47.0 180 0 23.1 51.8 10.0 2.5 2 1 4 3 3
3885.3 -4997.2 -46.7 180 0 52.0 23.0 10.0 2.5 2 0 4 2 2
3818.9 -5030.3 -47.4 176 0 52.0 23.0 10.0 2.5 2 0 4 3 3
3867.4 -5027.0 -47.3 356 0 52.0 23.0 7.5 2.5 2 0 3 0 0
6574.8 1209.7 -14.7 282 0 48.3 93.5 17.5 0.0 0 1 5 2 2
6429.8 -6784.1 -25.6 359 0 102.2 31.6 10.5 0.0 0 0 3 2 2
6317.3 -5658.9 -36.8 89 0 58.6 161.8 14.0 0.0 0 1 4 1 1
5227.0 -2733.8 -25.7 91 0 33.7 114.6 14.0 0.0 0 1 4 5 5
6610.4 -2712.4 -10.8 360 0 94.3 230.0 10.5 0.0 0 1 3 5 5
6058.5 -2443.7 -12.7 270 0 87.0 65.8 10.5 0.0 0 0 3 3 3
5996.7 -2568.5 -14.5 180 0 89.8 105.1 10.5 0.0 0 1 3 4 4
5697.9 -2230.1 -13.9 180 0 38.6 93.3 14.0 0.0 0 1 4 4 4
6301.4 -1845.8 -1.8 180 0 54.8 19.1 14.0 3.5 4 0 4 1 1
6322.1 -1969.7 -1.4 179 0 38.6 112.8 14.0 0.0 0 1 4 3 3
6523.2 -2076.5 0.2 360 0 39.7 60.8 10.5 0.0 0 1 3 0 0
6369.6 -3060.2 -13.6 61 0 8.8 6.2 7.5 2.5 2 0 3 1 1
6734.0 -3999.2 -21.4 270 0 11.5 10.7 10.5 3.5 2 0 3 2 2
6906.6 -4356.7 -23.4 360 0 112.5 8.9 10.5 3.5 2 0 3 0 0
6931.9 -4370.0 -24.5 180 0 272.1 66.1 10.5 0.0 0 0 3 3 3
6006.4 -6238.1 -39.8 359 0 116.7 148.7 10.5 0.0 0 1 3 2 2
5899.6 1490.3 -23.4 192 0 12.2 17.0 17.5 3.5 2 1 5 4 4
6892.0 5335.3 -36.7 20 0 28.0 20.3 14.0 3.5 2 0 4 3 3
6139.4 583.8 -13.0 192 0 35.6 31.3 7.5 0.0 0 0 3 2 2
6500.0 626.9 -12.2 117 0 21.0 19.4 7.5 2.5 2 0 3 3 3
6174.0 696.3 -13.9 95 0 8.0 10.8 5.0 2.5 2 0 2 2 2
6175.8 718.6 -14.1 275 0 8.0 11.6 2.5 2.5 2 0 1 3 3
6394.1 621.6 -13.6 116 0 134.4 77.3 12.5 0.0 0 0 5 5 5
5952.8 415.9 -12.5 113 0 16.3 23.9 17.5 3.5 2 0 5 4 4
5940.4 440.9 -12.8 212 0 14.3 16.5 17.5 3.5 2 0 5 1 1
692.9 -6245.5 17.6 220 0 21.2 20.9 15.0 0.0 0 0 6 2 2
748.4 -6253.9 18.7 44 0 13.0 20.8 10.0 0.0 0 1 4 2 2
776.2 -6150.7 22.6 220 0 21.2 20.9 10.0 0.0 0 0 4 4 4
771.5 -6211.2 22.0 132 0 16.9 24.8 10.0 0.0 0 1 4 5 5
817.6 -6167.4 19.8 308 0 13.1 16.7 5.0 2.5 4 1 2 1 1
502.8 -5881.1 46.2 254 0 19.6 26.5 15.0 0.0 0 0 6 3 3
523.2 -5936.5 47.1 70 0 13.1 21.3 10.0 2.5 2 0 4 2 2
1381.6 -5788.9 -39.2 182 0 33.1 17.0 10.5 3.5 2 0 3 1 1
1115.4 -6565.7 -23.9 136 0 19.9 58.7 12.5 2.5 2 1 5 3 3
1185.3 -6506.4 -21.1 316 0 31.5 17.5 12.5 2.5 2 0 5 2 2
986.0 -6446.9 -12.8 230 0 19.9 45.2 10.0 2.5 2 1 4 2 2
2344.2 -5569.4 -52.7 100 0 23.4 19.4 14.0 3.5 2 0 4 5 5
