-1077.3 7430.4 0.8 192 0 36.0 17.8 5.0 2.5 2 0 2 4 4
6550.7 6548.1 19.1 192 0 12.6 12.6 17.5 3.5 2 1 5 3 3
6325.1 7567.2 9.1 184 0 21.8 21.7 17.5 3.5 2 0 5 4 4
5580.3 7542.8 -0.5 180 0 14.2 16.5 14.0 3.5 2 1 4 3 3
5649.3 6823.5 3.7 60 0 15.0 13.2 14.0 3.5 2 0 4 1 1
6079.4 4669.7 6.9 85 0 14.6 80.1 10.5 3.5 2 1 3 5 5
6793.1 5236.8 18.0 256 0 13.1 24.4 14.0 0.0 0 1 4 3 3
6110.7 4709.4 7.0 10 0 73.8 14.2 10.5 3.5 2 0 3 3 3
6027.8 4697.5 6.4 177 0 80.8 13.5 10.5 3.5 2 0 3 2 2
6460.7 5045.2 12.4 146 0 11.1 49.9 10.5 3.5 2 0 3 1 1
6819.9 4773.6 14.7 58 0 24.1 54.5 10.5 3.5 2 1 3 5 5
6388.2 5469.9 13.5 348 0 9.9 25.6 7.5 2.5 2 1 3 2 2
6321.1 5488.6 13.2 168 0 9.9 25.6 7.5 2.5 2 1 3 4 4
6314.5 5531.4 12.5 168 0 9.9 25.6 7.5 2.5 2 1 3 3 3
6379.2 5514.9 14.2 348 0 9.9 25.6 7.5 2.5 2 1 3 5 5
6358.8 5563.6 13.8 258 0 27.5 13.1 10.0 2.5 2 0 4 1 1
6326.2 5473.6 13.4 168 0 9.9 25.6 7.5 2.5 2 1 3 2 2
6377.2 5529.9 14.3 348 0 9.9 25.6 7.5 2.5 2 1 3 3 3
6713.4 5206.1 16.2 337 0 5.3 18.5 10.5 3.5 2 1 3 0 0
6386.2 5485.6 13.8 348 0 9.9 25.6 7.5 2.5 2 1 3 5 5
6872.7 782.7 -8.3 91 0 15.4 36.8 10.0 2.5 2 1 4 2 2
6328.5 5459.0 13.3 168 0 9.9 25.6 5.0 2.5 2 1 2 1 1
6850.5 782.1 -8.3 90 0 15.9 58.7 10.0 2.5 4 1 4 2 2
6659.0 5144.9 14.8 69 0 39.0 12.6 14.0 3.5 2 0 4 2 2
6317.2 5517.5 12.8 168 0 9.9 25.6 7.5 2.5 2 1 3 2 2
6382.0 5500.0 14.0 348 0 9.9 25.6 7.5 2.5 2 1 3 4 4
6374.8 5544.3 14.1 348 0 9.9 25.6 7.5 2.5 4 1 3 0 0
6900.5 448.3 -7.6 347 0 16.8 15.2 7.5 0.0 0 0 3 1 1
6320.5 5502.8 13.0 168 0 9.9 25.6 7.5 2.5 2 1 3 1 1
6889.7 840.0 -8.3 0 0 9.6 14.9 7.5 2.5 2 1 3 1 1
6859.4 420.4 -7.7 77 0 59.6 23.9 7.5 2.5 2 0 3 3 3
-67.9 -6059.3 0.8 333 0 11.2 16.7 10.0 2.5 2 1 4 5 5
482.7 -5443.9 4.4 36 0 13.8 16.9 5.0 2.5 2 1 2 1 1
668.2 -5272.7 7.3 116 0 15.9 15.6 7.5 2.5 2 0 3 5 5
6122.1 6884.2 11.5 273 0 12.5 11.4 14.0 3.5 4 0 4 1 1
6636.4 6025.4 16.2 322 0 16.9 20.4 14.0 3.5 2 1 4 0 0
238.2 -5885.7 4.4 36 0 7.7 5.6 7.5 2.5 2 0 3 3 3
157.1 -5967.7 3.9 62 0 7.1 11.3 7.5 2.5 2 0 3 3 3
141.7 -5951.0 2.1 152 0 21.4 14.4 10.0 2.5 2 0 4 2 2
-2763.3 -8844.4 2.3 135 0 10.2 23.9 14.0 3.5 2 1 4 4 4
-2735.7 -8823.7 1.7 47 0 15.2 10.2 14.0 3.5 2 0 4 3 3
-2733.1 -8839.6 2.4 137 0 21.9 16.7 14.0 3.5 2 0 4 3 3
-3038.8 -9198.4 10.7 34 0 34.0 12.8 14.0 3.5 2 0 4 0 0
-3056.9 -9186.1 9.1 34 0 34.0 12.8 14.0 3.5 4 0 4 1 1
-3084.9 -9167.1 7.6 214 0 34.0 12.8 14.0 3.5 2 0 4 3 3
-3114.2 -9221.8 6.6 124 0 12.8 35.8 14.0 3.5 2 1 4 3 3
-3103.3 -9154.5 6.0 214 0 34.0 12.8 14.0 3.5 2 0 4 4 4
-3006.7 -9139.5 11.2 304 0 12.8 38.3 14.0 0.0 0 1 4 5 5
-3024.8 -9127.2 9.6 304 0 12.8 38.3 14.0 3.5 2 1 4 0 0
-3042.1 -9115.3 8.1 304 0 12.8 38.3 14.0 3.5 2 1 4 4 4
-3060.5 -9102.8 6.4 304 0 12.8 38.3 14.0 0.0 0 1 4 3 3
-3078.5 -9090.5 4.8 304 0 12.8 38.3 14.0 0.0 0 1 4 3 3
-3121.2 -9142.3 4.4 214 0 34.0 12.8 14.0 3.5 2 0 4 0 0
-3096.9 -9233.6 8.2 124 0 12.8 35.8 14.0 3.5 2 1 4 2 2
-3132.6 -9209.2 5.0 124 0 12.8 35.8 14.0 3.5 2 1 4 2 2
-3145.8 -9178.6 3.5 214 0 35.8 12.8 14.0 3.5 2 0 4 3 3
-4239.3 -10754.3 -39.9 122 0 16.7 9.4 10.5 3.5 2 0 3 3 3
6420.0 6323.9 15.7 101 0 26.6 24.3 17.5 0.0 0 0 5 4 4
4844.1 6938.7 -4.0 101 0 16.2 15.7 14.0 0.0 0 0 4 5 5
5368.3 6808.1 0.7 5 0 30.0 16.9 10.5 3.5 2 0 3 5 5
5339.2 6842.1 0.3 277 0 19.3 27.6 10.5 3.5 2 1 3 4 4
6074.6 7826.4 2.2 118 0 18.5 35.9 14.0 0.0 0 1 4 4 4
6323.8 6346.9 14.2 328 0 10.4 17.0 14.0 3.5 2 1 4 1 1
6824.7 5991.9 18.8 180 0 15.3 19.0 17.5 3.5 2 0 5 3 3
6861.1 5992.4 19.1 0 0 13.8 10.9 17.5 3.5 2 0 5 1 1
6846.9 5981.9 19.0 90 0 6.5 20.3 10.5 3.5 2 0 3 2 2
6821.3 6028.3 19.1 179 0 16.3 23.8 17.5 3.5 2 1 5 3 3
6821.2 6118.9 20.0 179 0 22.1 17.4 17.5 3.5 2 0 5 3 3
6823.3 6166.3 20.4 180 0 35.1 18.0 17.5 0.0 0 0 5 0 0
6823.5 6206.9 20.8 180 0 36.3 18.0 17.5 3.5 2 0 5 3 3
6766.7 5948.0 18.2 94 0 5.7 10.2 5.0 0.0 0 1 2 2 2
6759.2 5949.6 18.1 95 0 8.1 15.9 5.0 0.0 0 1 2 5 5
6745.2 5985.1 17.8 273 0 7.6 12.9 5.0 2.5 4 1 2 5 5
6757.1 5984.9 17.9 273 0 16.1 14.5 7.5 0.0 0 0 3 3 3
6806.4 5980.6 18.5 275 0 12.2 17.6 5.0 2.5 2 1 2 5 5
6786.0 5983.6 18.3 273 0 8.7 13.9 5.0 2.5 2 1 2 1 1
6810.8 5956.4 18.7 271 0 6.6 12.0 7.5 2.5 2 1 3 3 3
6801.4 5944.9 18.6 94 0 9.0 6.6 7.5 2.5 2 0 3 1 1
6775.5 5946.8 18.3 94 0 8.5 10.1 7.5 2.5 2 0 3 4 4
6733.7 6502.1 22.2 18 0 23.1 20.3 17.5 3.5 2 0 5 4 4
6695.5 6496.9 22.0 108 0 10.6 27.1 17.5 3.5 2 0 5 0 0
6685.2 6498.0 21.6 99 0 19.6 29.7 17.5 3.5 2 0 5 3 3
6651.5 6504.1 20.6 18 0 32.5 20.0 17.5 0.0 0 0 5 4 4
6622.4 6509.6 20.1 108 0 18.8 37.3 17.5 0.0 0 0 5 4 4
6603.8 6515.6 19.8 108 0 20.2 37.3 17.5 0.0 0 0 5 5 5
6585.3 6521.5 19.5 108 0 18.8 37.3 17.5 0.0 0 0 5 0 0
6563.3 6548.1 19.2 198 0 37.3 19.6 17.5 0.0 0 0 5 0 0
6581.0 6596.9 19.7 236 0 18.9 31.4 17.5 0.0 0 0 5 5 5
6608.5 6592.2 20.0 288 0 19.0 31.5 17.5 3.5 2 0 5 3 3
6626.8 6586.4 20.3 288 0 19.5 31.5 17.5 0.0 0 0 5 1 1
6645.5 6580.4 20.6 288 0 19.9 31.5 17.5 0.0 0 0 5 3 3
6664.2 6574.4 20.9 288 0 19.4 31.5 17.5 0.0 0 0 5 1 1
6682.6 6568.5 21.2 288 0 19.3 31.5 17.5 0.0 0 0 5 0 0
6701.2 6562.6 21.6 288 0 19.8 31.5 17.5 0.0 0 0 5 2 2
6719.8 6556.7 22.0 288 0 19.3 31.5 17.5 0.0 0 0 5 3 3
6743.2 6532.7 22.5 18 0 31.5 20.0 17.5 0.0 0 0 5 2 2
6305.5 6440.6 13.7 181 0 10.6 23.8 17.5 0.0 0 1 5 1 1
6382.2 6647.9 16.0 2 0 8.7 22.3 10.5 3.5 2 0 3 3 3
6382.0 6638.0 15.9 1 0 11.3 20.9 14.0 3.5 2 0 4 2 2
6381.6 6622.8 15.8 1 0 18.9 24.2 14.0 3.5 2 0 4 2 2
6366.9 6591.8 15.4 3 0 13.6 25.7 14.0 3.5 2 0 4 3 3
6380.2 6570.8 14.6 1 0 19.2 69.4 14.0 3.5 2 0 4 2 2
6379.7 6550.9 14.4 1 0 20.6 69.4 14.0 3.5 2 0 4 3 3
6398.9 6565.5 15.8 1 0 50.6 18.9 14.0 3.5 2 0 4 2 2
6404.3 6540.1 14.2 271 0 88.3 20.5 14.0 0.0 0 0 4 0 0
6417.4 6519.3 14.1 271 0 100.2 20.8 14.0 0.0 0 0 4 3 3
6308.9 6490.6 14.0 181 0 20.7 120.2 14.0 0.0 0 0 4 0 0
6349.4 6460.8 13.9 91 0 74.4 18.5 14.0 0.0 0 0 4 5 5
