-6543.6 5639.9 -305.6 198 0 23.4 12.7 14.0 3.5 2 0 4 3 3
-6535.7 5671.5 -306.3 201 0 22.1 16.3 14.0 3.5 2 0 4 2 2
-6519.8 5571.9 -304.4 8 0 21.5 12.5 14.0 3.5 2 0 4 4 4
-6512.0 5279.8 -303.7 180 0 50.4 14.2 14.0 3.5 2 0 4 0 0
-6492.7 5482.4 -304.1 9 0 40.9 20.8 10.0 0.0 0 0 4 5 5
-6523.1 5519.6 -305.2 11 0 38.5 9.0 10.5 3.5 2 0 3 0 0
-5754.3 4769.2 -285.5 289 0 12.2 22.8 21.0 0.0 0 0 6 5 5
-5783.4 4784.0 -286.2 294 0 12.5 18.8 21.0 0.0 0 0 6 3 3
-5755.0 4731.9 -285.9 263 0 10.4 19.6 17.5 3.5 2 0 5 5 5
-5741.0 4734.3 -285.4 259 0 16.9 12.3 17.5 3.5 2 0 5 5 5
-5763.8 4730.3 -286.1 254 0 7.7 17.5 10.5 3.5 2 0 3 5 5
-5788.9 4711.6 -286.5 95 0 10.7 14.3 17.5 3.5 2 0 5 2 2
-5823.1 4730.1 -287.7 92 0 29.4 11.8 17.5 3.5 2 0 5 0 0
-5854.6 4729.8 -288.7 94 0 32.8 12.5 17.5 3.5 2 0 5 4 4
-5866.7 4770.9 -288.6 206 0 31.7 15.4 17.5 3.5 2 0 5 3 3
-5883.7 4793.4 -289.2 4 0 13.2 12.2 17.5 3.5 2 0 5 1 1
-5910.6 4783.0 -289.6 181 0 10.1 26.2 17.5 3.5 2 0 5 3 3
-5885.3 4769.7 -289.3 6 0 14.3 11.8 17.5 3.5 2 0 5 1 1
-5886.3 4756.1 -289.5 2 0 13.3 15.9 17.5 3.5 2 0 5 3 3
-5911.4 4745.5 -289.9 182 0 9.4 23.2 10.5 3.5 2 0 3 2 2
-5910.1 4805.5 -289.6 182 0 6.5 14.8 10.5 3.5 2 0 3 2 2
-5910.3 4795.2 -289.6 181 0 13.6 14.5 17.5 3.5 2 0 5 2 2
-5911.5 4737.2 -289.9 180 0 7.0 9.6 10.5 3.5 2 0 3 2 2
-5924.8 4759.8 -290.5 272 0 9.3 20.9 10.5 3.5 2 0 3 4 4
-5937.6 4759.9 -291.0 270 0 16.2 13.0 17.5 3.5 2 0 5 4 4
-5970.9 4760.5 -291.8 271 0 16.5 17.8 17.5 3.5 2 0 5 1 1
-5970.0 4726.5 -291.9 90 0 14.6 16.0 17.5 3.5 2 0 5 4 4
-5939.1 4727.0 -290.9 90 0 11.4 11.7 17.5 3.5 2 0 5 3 3
-5953.7 4726.8 -291.5 88 0 18.1 11.7 17.5 3.5 2 0 5 2 2
-5919.8 4812.9 -290.3 0 0 8.1 13.4 10.5 3.5 2 0 3 5 5
-5920.1 4802.4 -290.4 2 0 12.8 17.9 14.0 3.5 2 0 4 0 0
-5920.5 4789.4 -290.4 1 0 13.7 17.5 14.0 3.5 2 0 4 0 0
-5925.5 4769.0 -290.3 92 0 9.4 13.7 10.5 3.5 2 0 3 0 0
-5944.1 4769.8 -290.9 93 0 12.1 10.3 14.0 3.5 2 0 4 5 5
-5971.6 4771.0 -291.6 92 0 9.2 8.6 10.5 3.5 2 0 3 3 3
-5976.0 4782.4 -291.6 181 0 5.5 9.4 10.5 3.5 2 0 3 0 0
-5975.0 4803.1 -291.5 185 0 9.3 14.6 10.5 3.5 2 0 3 0 0
-5974.0 4820.1 -291.5 184 0 8.0 10.8 10.5 3.5 2 0 3 1 1
-5973.4 4830.2 -291.6 183 0 12.0 13.0 14.0 3.5 2 0 4 3 3
-5932.1 4831.2 -290.5 276 0 10.1 9.5 10.5 3.5 2 0 3 3 3
-5871.1 3298.7 -296.4 55 0 22.5 22.4 17.5 0.0 0 0 5 0 0
-5273.2 3513.4 -277.5 236 0 13.1 22.2 17.5 0.0 0 1 5 3 3
-5586.8 5173.6 -276.2 265 0 20.5 26.9 17.5 3.5 4 1 5 1 1
-6270.3 6656.6 -314.8 333 0 13.5 15.8 14.0 3.5 2 1 4 5 5
-6587.0 6965.3 -323.0 143 0 14.4 18.8 17.5 3.5 2 1 5 1 1
-6319.2 7877.3 -324.8 56 0 20.2 14.4 17.5 3.5 4 0 5 5 5
-5964.8 4370.9 -291.2 62 0 15.3 20.4 17.5 3.5 2 1 5 2 2
-4943.3 4117.4 -256.4 254 0 15.1 18.7 14.0 3.5 2 1 4 1 1
-5143.1 4515.7 -258.2 323 0 20.6 17.7 17.5 3.5 2 0 5 2 2
-5683.3 4219.4 -285.9 358 0 12.1 13.9 17.5 0.0 0 1 5 0 0
-5990.0 3995.7 -291.0 327 0 14.6 17.7 17.5 0.0 0 1 5 5 5
-6651.4 3954.6 -308.6 324 0 16.7 19.1 14.0 3.5 2 1 4 2 2
-4896.1 8605.1 -295.4 323 0 14.1 17.0 14.0 3.5 2 1 4 2 2
-5155.7 4993.0 -248.9 351 0 36.5 20.5 14.0 0.0 0 0 4 0 0
-5412.1 3339.0 -284.0 276 0 32.8 17.9 17.5 3.5 2 0 5 2 2
-5389.1 5052.3 -273.2 348 0 21.5 20.6 17.5 0.0 0 0 5 5 5
-5169.0 4948.4 -247.7 171 0 36.4 20.5 17.5 0.0 0 0 5 5 5
-6108.6 5028.3 -294.6 8 0 67.9 20.3 17.5 0.0 0 0 5 1 1
-5445.3 3301.9 -284.9 184 0 20.8 15.6 17.5 3.5 2 0 5 0 0
-5289.9 3502.3 -278.7 0 0 10.5 26.7 17.5 3.5 2 1 5 3 3
-5348.1 3502.3 -279.7 180 0 10.6 26.9 17.5 3.5 2 1 5 5 5
-5380.6 3286.0 -283.8 95 0 10.0 22.8 17.5 3.5 2 1 5 2 2
-5442.0 3340.3 -284.6 274 0 15.6 19.8 21.0 0.0 0 1 6 5 5
-5664.1 4000.0 -286.0 349 0 39.4 18.5 21.0 0.0 0 0 6 5 5
-4974.8 3442.7 -260.3 119 0 25.3 27.5 14.0 0.0 0 1 4 1 1
-5416.3 3288.5 -284.5 95 0 20.7 19.5 17.5 3.5 2 0 5 3 3
-5302.9 4809.0 -273.9 269 0 46.7 38.5 14.0 0.0 0 0 4 5 5
-5217.0 4329.6 -266.2 78 0 18.1 35.8 7.0 0.0 0 1 2 0 0
-5247.1 4693.2 -269.6 54 0 24.9 32.1 14.0 0.0 0 1 4 5 5
-5265.6 3704.7 -272.3 77 0 19.0 37.6 17.5 0.0 0 1 5 0 0
-5202.2 4393.4 -264.1 247 0 39.8 19.3 14.0 3.5 2 0 4 0 0
-5005.3 4341.5 -242.0 257 0 45.6 16.8 10.5 3.5 4 0 3 1 1
-5286.9 3797.2 -273.2 278 0 39.0 18.9 17.5 3.5 2 0 5 3 3
-5457.8 4526.5 -281.7 171 0 46.3 27.6 17.5 0.0 0 0 5 0 0
-5397.8 2372.5 -247.9 165 0 19.3 21.9 10.0 2.5 4 1 4 1 1
-6135.2 1587.1 -275.6 54 0 29.1 22.0 17.5 0.0 0 0 5 4 4
-6126.0 5305.5 -290.8 274 0 38.4 14.3 17.5 3.5 2 0 5 1 1
-5760.3 5224.2 -279.2 4 0 16.6 28.7 17.5 3.5 2 1 5 4 4
-5248.5 4595.6 -267.9 152 0 9.7 11.8 10.5 3.5 2 1 3 5 5
-6141.3 5252.7 -291.3 95 0 10.9 31.5 17.5 3.5 2 1 5 3 3
-6003.4 5067.9 -287.7 186 0 12.1 23.7 17.5 3.5 2 1 5 0 0
-5576.0 4024.4 -283.0 157 0 18.8 18.1 17.5 3.5 2 0 5 0 0
-5513.7 4493.2 -283.1 345 0 16.3 20.5 17.5 3.5 2 1 5 5 5
-5574.1 4061.5 -283.3 216 0 12.3 7.9 10.5 3.5 2 0 3 2 2
-5565.7 4535.3 -285.3 165 0 34.8 18.9 17.5 0.0 0 0 5 0 0
-5546.2 4475.6 -283.9 75 0 19.4 36.2 17.5 0.0 0 1 5 3 3
-5768.8 3728.3 -288.6 350 0 16.7 20.1 17.5 3.5 2 1 5 5 5
-5115.5 3650.0 -265.6 285 0 11.8 29.0 17.5 3.5 2 1 5 1 1
-5091.0 3599.5 -263.9 89 0 18.9 36.1 17.5 3.5 2 1 5 3 3
-5293.7 4235.8 -271.2 226 0 14.5 15.4 21.0 0.0 0 1 6 0 0
-4832.9 3839.6 -220.9 54 0 16.7 15.4 14.0 3.5 2 0 4 1 1
-5657.7 466.4 -251.9 0 0 27.1 17.7 17.5 0.0 0 0 5 3 3
-6320.3 -4480.9 -289.4 145 0 14.6 20.3 14.0 3.5 2 1 4 0 0
-6825.6 -2884.7 -292.9 0 0 135.6 340.1 14.0 0.0 0 1 4 5 5
-6112.9 5678.1 -288.9 154 0 13.6 18.2 14.0 0.0 0 1 4 0 0
-6451.8 6404.6 -317.8 62 0 22.4 21.9 17.5 3.5 2 0 5 0 0
-6504.2 7589.3 -325.6 237 0 18.8 15.9 14.0 3.5 2 0 4 2 2
-6749.9 4909.5 -312.6 148 0 14.9 17.8 17.5 3.5 2 1 5 2 2
-5091.4 3856.9 -265.1 349 0 22.0 13.8 21.0 0.0 0 0 6 2 2
-5845.5 5461.9 -275.9 242 0 10.1 10.4 17.5 0.0 0 1 5 1 1
-6361.7 5328.8 -297.9 293 0 18.7 11.6 17.5 3.5 2 0 5 3 3
-6345.9 5321.9 -297.3 294 0 15.7 12.5 17.5 3.5 2 0 5 1 1
-5422.4 3934.3 -276.5 155 0 17.2 10.6 14.0 3.5 2 0 4 5 5
-6086.8 -810.6 -260.6 53 0 16.2 13.6 14.0 3.5 2 0 4 5 5
-6399.7 4937.5 -304.0 10 0 24.0 26.5 17.5 0.0 0 1 5 1 1
-6449.2 4931.4 -305.1 100 0 26.5 24.1 17.5 0.0 0 0 5 0 0
-6474.6 4980.2 -306.0 274 0 26.5 24.1 17.5 0.0 0 0 5 4 4
-6478.0 4934.3 -306.0 95 0 22.8 14.5 17.5 3.5 2 0 5 4 4
-6039.8 2570.9 -290.0 350 0 55.4 31.3 17.5 0.0 0 0 5 0 0
-6039.3 2489.7 -287.0 79 0 26.9 22.8 17.5 0.0 0 0 5 4 4
-6046.8 2606.9 -290.9 350 0 9.6 32.9 10.5 3.5 2 0 3 5 5
-6049.0 2622.5 -292.1 353 0 22.6 34.0 17.5 0.0 0 0 5 1 1
-6072.0 2650.9 -293.1 249 0 33.6 24.1 17.5 0.0 0 0 5 3 3
-5554.8 1367.7 -253.3 2 0 22.5 16.3 17.5 3.5 4 0 5 2 2
-5586.3 1356.7 -254.4 92 0 19.0 23.5 17.5 3.5 2 1 5 5 5
-5617.1 1370.5 -255.5 181 0 23.7 9.5 10.5 3.5 2 0 3 1 1
-4936.7 997.5 -208.2 334 0 15.4 12.1 17.5 3.5 4 0 5 5 5
-6894.7 1660.8 -295.6 280 0 19.9 21.4 14.0 3.5 2 1 4 5 5
-6309.3 3514.0 -301.6 244 0 15.5 12.4 17.5 3.5 4 0 5 1 1
-5652.2 3840.0 -285.0 257 0 14.0 15.7 21.0 0.0 0 1 6 3 3
-5682.9 3868.7 -287.1 349 0 25.9 14.5 17.5 3.5 2 0 5 4 4
-5697.3 3901.5 -287.7 258 0 14.8 21.6 17.5 3.5 2 0 5 5 5
-5903.1 4619.3 -291.2 338 0 19.5 23.6 17.5 3.5 2 1 5 3 3
-5967.4 4879.7 -291.7 321 0 13.9 11.6 14.0 3.5 2 0 4 1 1
-5875.6 4920.5 -289.4 272 0 21.4 47.0 17.5 3.5 2 1 5 0 0
-5892.6 7324.2 -300.6 240 0 17.3 16.0 17.5 0.0 0 0 5 0 0
-5572.3 2565.0 -268.7 24 0 53.2 16.5 17.5 3.5 2 0 5 1 1
-5504.5 2188.2 -266.4 271 0 39.1 108.7 17.5 0.0 0 1 5 0 0
-5511.3 2533.8 -261.7 289 0 16.4 43.5 17.5 3.5 2 1 5 4 4
-5488.3 2577.5 -265.4 19 0 53.6 17.6 17.5 3.5 2 0 5 5 5
-5307.5 2508.0 -253.2 104 0 20.0 61.5 17.5 3.5 2 1 5 3 3
-5543.8 2716.5 -276.6 120 0 21.9 20.4 14.0 3.5 2 0 4 2 2
-5479.8 2690.1 -270.7 211 0 37.5 16.9 17.5 3.5 2 0 5 3 3
-5454.4 2735.0 -272.6 210 0 37.1 17.1 17.5 3.5 4 0 5 2 2
-5313.2 2625.4 -261.1 105 0 14.6 59.0 17.5 3.5 2 1 5 1 1
-5341.9 2663.6 -263.2 194 0 60.3 15.5 17.5 3.5 2 0 5 1 1
-5837.6 4833.0 -288.0 119 0 11.7 23.2 17.5 3.5 2 0 5 2 2
-5852.2 4846.7 -288.5 184 0 12.6 18.2 17.5 3.5 2 0 5 5 5
-5851.5 4858.9 -288.5 182 0 12.0 19.9 17.5 3.5 2 0 5 0 0
-5851.1 4872.1 -288.5 181 0 14.3 19.9 17.5 3.5 2 0 5 1 1
-5850.8 4887.5 -288.3 182 0 16.1 20.3 17.5 3.5 2 0 5 4 4
-5736.9 4642.3 -288.4 2 0 38.9 15.6 14.0 3.5 2 0 4 4 4
-5917.5 4853.9 -290.5 10 0 17.8 7.7 10.5 3.5 2 0 3 4 4
-5936.3 4847.8 -291.0 98 0 21.3 10.2 17.5 3.5 2 0 5 5 5
-5944.6 4873.2 -291.1 225 0 22.2 9.2 10.5 3.5 2 0 3 4 4
-5686.6 4710.9 -284.0 96 0 9.2 17.8 10.5 0.0 0 1 3 2 2
-5735.5 4667.9 -287.2 6 0 13.7 21.0 14.0 3.5 2 0 4 5 5
-5880.9 4622.1 -291.1 182 0 12.7 19.5 45.5 0.0 0 1 13 0 0
-5879.8 4653.0 -289.5 182 0 12.7 19.5 45.5 0.0 0 1 13 5 5
-5879.3 4683.3 -289.3 182 0 12.7 19.5 45.5 0.0 0 1 13 2 2
-5809.4 4622.8 -290.7 4 0 22.6 25.3 14.0 0.0 0 0 4 1 1
-5764.6 4597.8 -289.1 90 0 11.6 19.3 14.0 3.5 2 0 4 4 4
-5951.0 4917.2 -290.9 318 0 11.4 13.9 17.5 3.5 2 0 5 4 4
-5994.7 4958.1 -290.9 227 0 11.9 54.1 17.5 3.5 2 0 5 4 4
-5708.1 4831.5 -284.7 93 0 7.6 21.1 10.5 3.5 2 1 3 1 1
-5633.7 5254.2 -274.6 2 0 19.6 36.5 17.5 0.0 0 1 5 5 5
-5513.4 4416.9 -282.1 72 0 14.8 22.8 14.0 3.5 2 1 4 3 3
-5603.2 4939.7 -281.5 9 0 14.1 38.5 10.5 3.5 2 1 3 2 2
-5675.5 4818.6 -283.7 269 0 26.5 18.8 17.5 3.5 2 0 5 5 5
-5903.7 4691.1 -290.3 2 0 11.2 12.9 17.5 3.5 2 0 5 0 0
-5954.7 4687.3 -291.7 103 0 18.1 11.1 17.5 3.5 2 0 5 1 1
-6848.8 5489.0 -313.7 328 0 10.7 10.0 17.5 3.5 2 0 5 3 3
-6615.3 4864.6 -309.1 250 0 13.6 11.3 21.0 0.0 0 0 6 3 3
-6681.8 4919.0 -311.1 154 0 20.7 27.6 21.0 0.0 0 1 6 0 0
-6344.7 7253.8 -318.4 147 0 14.1 17.3 17.5 3.5 2 1 5 1 1
5983.9 -9227.9 -23.8 110 0 11.2 22.9 10.0 2.5 2 1 4 3 3
5284.1 -8548.2 0.4 127 0 19.9 12.6 14.0 3.5 2 0 4 5 5
4728.3 -8655.3 25.4 63 0 25.9 14.2 10.5 3.5 4 0 3 4 4
-6524.0 -1878.1 -277.6 272 0 123.5 335.4 14.0 0.0 0 0 4 0 0
-6518.6 -2690.6 -284.2 180 0 175.5 299.9 14.0 0.0 0 1 4 4 4
-6217.6 -2886.6 -286.7 0 0 133.5 390.3 14.0 0.0 0 0 4 0 0
-6751.1 -2880.9 -288.1 180 0 123.4 143.2 14.0 0.0 0 0 4 2 2
-5295.9 585.1 -231.6 227 0 11.6 22.1 17.5 3.5 2 0 5 2 2
-5279.1 583.5 -230.8 274 0 8.1 24.4 10.5 3.5 2 0 3 1 1
-6284.6 5508.9 -297.0 88 0 9.4 23.8 10.5 3.5 2 1 3 3 3
-6391.2 5603.0 -301.3 4 0 72.2 19.3 17.5 3.5 2 0 5 4 4
-6016.8 6892.4 -304.1 60 0 12.4 12.0 17.5 0.0 0 0 5 3 3
-5924.5 8017.1 -320.6 218 0 14.2 19.9 14.0 3.5 2 0 4 2 2
-5566.2 463.9 -248.4 82 0 9.4 15.6 10.5 3.5 2 0 3 4 4
-5593.6 467.3 -248.9 172 0 18.7 21.9 17.5 3.5 2 0 5 5 5
-5725.5 1413.8 -260.1 173 0 5.6 17.0 10.5 3.5 2 0 3 1 1
-5724.8 1448.7 -261.2 353 0 17.9 16.7 14.0 3.5 2 0 4 3 3
-6869.8 1616.1 -294.4 191 0 36.0 18.8 17.5 0.0 0 0 5 0 0
-5405.9 1314.3 -243.9 273 0 19.1 50.4 17.5 3.5 2 1 5 0 0
-6342.5 4042.6 -302.8 149 0 21.8 14.7 14.0 3.5 2 0 4 4 4
-6321.1 4057.6 -302.4 239 0 17.3 15.1 14.0 3.5 2 0 4 0 0
-6586.6 6219.5 -318.9 190 0 28.2 18.1 14.0 3.5 2 0 4 0 0
-6042.8 5929.7 -292.8 272 0 27.9 11.2 14.0 3.5 2 0 4 2 2
-5826.6 6458.4 -300.2 336 0 39.0 14.0 12.5 2.5 2 0 5 1 1
-5030.9 8435.4 -307.6 299 0 18.4 39.0 17.5 3.5 2 1 5 0 0
-5591.3 8982.6 -325.9 106 0 16.5 15.6 14.0 3.5 2 0 4 0 0
-5571.9 9006.4 -325.2 16 0 17.3 11.0 14.0 3.5 2 0 4 3 3
-5556.1 9002.0 -324.8 16 0 17.3 16.4 14.0 3.5 2 0 4 4 4
-5903.8 8011.3 -319.9 218 0 16.3 8.8 10.5 3.5 2 0 3 2 2
-5727.6 7873.9 -313.8 132 0 104.1 13.3 17.5 3.5 2 0 5 5 5
-6707.6 5745.9 -311.9 187 0 44.1 28.8 17.5 0.0 0 0 5 5 5
-6749.5 5703.8 -312.5 277 0 101.4 23.6 17.5 0.0 0 0 5 4 4
-6816.3 5682.8 -313.4 277 0 25.2 79.1 17.5 0.0 0 0 5 3 3
-6699.3 5577.3 -312.1 7 0 22.9 116.2 17.5 0.0 0 0 5 3 3
-5432.9 5491.6 -257.0 135 0 20.6 11.5 17.5 3.5 2 0 5 5 5
-6193.5 186.8 -266.0 238 0 23.4 26.7 17.5 0.0 0 1 5 3 3
-4944.6 -1086.4 -230.1 303 0 14.9 11.4 10.5 3.5 2 0 3 0 0
-4929.5 -1079.6 -229.6 33 0 22.7 18.0 10.5 3.5 2 0 3 5 5
-5966.5 888.5 -260.7 279 0 10.9 18.6 14.0 0.0 0 1 4 4 4
-5938.1 905.1 -259.8 105 0 18.2 41.5 14.0 3.5 2 1 4 4 4
-6677.0 -5098.2 -305.9 89 0 78.2 99.9 10.5 0.0 0 1 3 4 4
-6715.8 -3527.6 -295.8 180 0 149.9 53.7 14.0 0.0 0 0 4 1 1
-6650.1 -3751.6 -297.9 90 0 87.2 119.7 14.0 0.0 0 1 4 2 2
-6762.6 -3624.8 -298.6 270 0 53.3 127.9 14.0 0.0 0 1 4 0 0
-6841.6 -3605.9 -297.3 270 0 22.7 5.1 12.0 3.5 2 0 3 2 2
-6831.3 -3611.6 -299.1 270 0 43.4 143.7 14.0 0.0 0 1 4 0 0
-6692.2 -4239.7 -299.7 89 0 64.7 86.3 10.5 0.0 0 1 3 4 4
-6689.7 -4303.4 -301.0 269 0 93.7 89.8 14.0 0.0 0 0 4 1 1
-6380.6 -4728.2 -297.8 359 0 7.9 25.3 12.0 3.5 2 1 3 1 1
-6736.1 -4646.0 -304.3 179 0 89.1 108.7 14.0 0.0 0 1 4 4 4
-6680.0 -4866.3 -305.9 269 0 67.7 100.1 10.5 0.0 0 1 3 2 2
-6377.9 -4914.6 -299.0 359 0 97.6 20.1 10.5 0.0 0 0 3 3 3
-6382.1 -5057.8 -295.1 359 0 58.2 32.5 10.5 0.0 0 0 3 4 4
-6559.2 -4867.6 -303.5 269 0 98.4 53.1 10.5 0.0 0 0 3 5 5
-6520.7 -5386.8 -300.1 89 0 44.0 98.9 14.0 0.0 0 1 4 5 5
-6372.3 -5210.5 -294.1 359 0 97.6 43.6 14.0 0.0 0 0 4 5 5
-6458.9 -5163.2 -296.8 269 0 44.9 97.6 14.0 0.0 0 1 4 5 5
-6523.0 -5164.4 -299.4 269 0 44.5 100.1 14.0 0.0 0 1 4 0 0
-6651.1 -5167.2 -304.7 269 0 44.9 99.0 14.0 0.0 0 1 4 2 2
-6736.3 -5218.2 -307.4 179 0 99.0 48.5 14.0 0.0 0 0 4 5 5
-6367.4 -5480.9 -294.0 360 0 102.2 32.1 14.0 0.0 0 0 4 3 3
-6432.0 -5430.3 -296.0 270 0 31.9 112.8 14.0 0.0 0 1 4 5 5
-6480.4 -5430.6 -298.1 270 0 32.3 112.8 14.0 0.0 0 1 4 1 1
-6527.7 -5431.0 -300.1 270 0 31.9 102.8 14.0 0.0 0 1 4 0 0
-6599.7 -5440.0 -303.9 270 0 72.3 88.1 14.0 0.0 0 1 4 1 1
-6366.0 -5620.8 -293.5 359 0 62.6 31.9 14.0 0.0 0 0 4 0 0
-6429.7 -5652.4 -295.7 89 0 30.4 96.5 14.0 0.0 0 1 4 3 3
-6525.6 -5656.2 -299.8 90 0 32.3 104.5 14.0 0.0 0 1 4 0 0
-6573.8 -5656.6 -301.8 90 0 32.1 104.5 14.0 0.0 0 1 4 3 3
-6621.6 -5657.0 -303.8 90 0 32.1 102.8 14.0 0.0 0 1 4 4 4
-6669.5 -5657.8 -305.9 89 0 31.4 102.8 14.0 0.0 0 1 4 4 4
-6736.5 -5481.9 -308.3 179 0 93.4 31.9 14.0 0.0 0 0 4 0 0
-6202.3 -5215.8 -289.6 360 0 94.7 105.1 14.0 0.0 0 1 4 2 2
-6015.5 -5403.3 -279.0 348 0 123.1 21.9 12.5 0.0 0 0 5 5 5
-6333.8 -4632.1 -289.9 180 0 16.1 55.1 14.0 3.5 2 1 4 5 5
-6333.7 -4599.8 -288.6 180 0 30.5 50.0 14.0 0.0 0 1 4 5 5
-6333.4 -4551.4 -289.1 180 0 18.2 42.9 14.0 3.5 2 1 4 5 5
-6445.4 -4174.3 -295.7 270 0 134.3 59.9 14.0 0.0 0 0 4 1 1
-6440.7 -4299.5 -294.9 270 0 47.6 129.1 14.0 0.0 0 1 4 0 0
-6364.3 -5901.0 -286.3 360 0 56.8 38.2 14.0 0.0 0 0 4 0 0
-6395.1 -5739.9 -291.8 270 0 56.0 89.6 14.0 0.0 0 1 4 5 5
-6563.7 -5844.7 -299.8 179 0 177.2 107.2 10.5 0.0 0 0 3 1 1
-5767.9 2964.3 -291.3 172 0 27.6 17.6 17.5 3.5 2 0 5 5 5
-5726.2 2891.8 -289.0 92 0 24.6 24.7 17.5 0.0 0 1 5 0 0
-5767.0 2922.2 -290.5 172 0 40.0 18.5 17.5 3.5 2 0 5 1 1
-5917.3 3921.5 -292.7 344 0 19.4 15.2 17.5 3.5 2 0 5 3 3
-5978.8 3893.9 -294.0 257 0 6.6 30.6 10.5 3.5 2 0 3 2 2
-5958.3 3883.1 -293.9 347 0 30.6 15.4 17.5 3.5 2 0 5 4 4
-5966.8 3919.4 -293.5 347 0 44.1 19.6 17.5 3.5 2 0 5 4 4
-6841.6 -1938.3 -277.5 2 0 102.2 50.1 14.0 0.0 0 0 4 5 5
-6760.9 -2156.9 -278.7 182 0 42.5 12.2 14.0 3.5 2 0 4 2 2
-6760.8 -2119.4 -278.2 182 0 26.4 13.1 14.0 3.5 2 0 4 1 1
-6860.2 -2206.9 -280.2 92 0 82.5 60.5 14.0 0.0 0 0 4 2 2
-6772.9 -2206.0 -279.6 2 0 15.9 40.8 14.0 3.5 2 1 4 1 1
-6641.4 -1950.0 -276.3 2 0 141.6 60.6 14.0 0.0 0 0 4 5 5
-6765.3 -1789.7 -274.8 91 0 251.3 74.4 14.0 0.0 0 0 4 2 2
-6915.5 -2535.8 -284.6 180 0 16.6 32.6 14.0 3.5 2 1 4 5 5
-6541.4 -2598.4 -282.6 270 0 12.6 34.8 10.5 3.5 2 1 3 0 0
-6564.9 -2598.2 -282.9 270 0 18.2 40.2 10.5 3.5 2 1 3 0 0
-6622.9 -2597.7 -283.3 270 0 61.9 16.1 10.5 3.5 4 0 3 2 2
-6889.6 3145.8 -315.0 180 0 39.2 19.0 17.5 3.5 2 0 5 3 3
-6023.9 -2791.8 -281.0 279 0 8.8 57.5 10.5 3.5 2 1 3 2 2
-5872.4 -3575.6 -284.1 264 0 17.0 51.0 14.0 3.5 2 1 4 4 4
-5841.3 -3597.8 -282.9 354 0 51.0 19.2 14.0 3.5 2 0 4 0 0
-5835.0 -3491.7 -281.3 265 0 14.7 35.5 14.0 3.5 2 1 4 2 2
-5928.1 -3494.7 -283.9 255 0 10.5 16.9 16.0 3.5 2 0 4 5 5
-5914.9 -3524.5 -284.5 345 0 30.6 21.8 14.0 0.0 0 0 4 4 4
-6122.9 -3554.1 -288.9 95 0 27.4 12.2 10.5 3.5 2 0 3 5 5
-6127.6 -3442.9 -288.4 275 0 113.0 74.4 10.5 0.0 0 0 3 0 0
-6050.6 -3379.9 -286.1 8 0 66.7 128.8 14.0 0.0 0 1 4 3 3
-6354.6 -3178.4 -288.0 180 0 26.1 34.3 14.0 0.0 0 1 4 3 3
-6457.2 -3118.6 -288.7 180 0 133.4 3.8 10.5 3.5 2 0 3 4 4
-6453.6 -3190.9 -288.9 180 0 15.6 59.3 10.5 3.5 2 0 3 2 2
-6520.4 -3035.2 -287.7 270 0 41.2 15.7 14.0 3.5 2 0 4 0 0
-6493.8 -3118.3 -289.5 0 0 134.8 60.1 14.0 0.0 0 0 4 3 3
-6702.2 -3192.2 -291.0 90 0 26.1 9.7 10.5 3.5 2 0 3 4 4
-6854.4 -3174.7 -292.1 180 0 25.8 37.5 10.5 0.0 0 1 3 1 1
-6606.1 -3010.3 -288.0 270 0 33.7 13.2 14.0 3.5 2 0 4 2 2
-6633.6 -3042.4 -288.6 270 0 38.3 6.0 12.0 3.5 2 0 3 1 1
-6376.4 -3292.9 -289.0 270 0 6.2 43.0 10.5 3.5 2 1 3 2 2
-6379.1 -3236.2 -289.0 270 0 9.0 23.6 12.0 3.5 2 1 3 0 0
-6378.4 -3264.5 -289.1 270 0 10.5 25.4 14.0 3.5 2 1 4 4 4
-6281.0 -3398.7 -287.4 90 0 58.9 18.8 14.0 3.5 2 0 4 5 5
-6458.0 -3215.2 -290.0 0 0 6.2 113.3 10.5 3.5 2 1 3 5 5
-6579.6 -3215.3 -290.6 270 0 9.2 36.1 10.5 3.5 2 1 3 0 0
-6395.2 -3451.6 -291.9 270 0 52.7 134.6 14.0 0.0 0 1 4 1 1
-6616.1 -3453.0 -294.2 270 0 57.0 123.7 14.0 0.0 0 1 4 5 5
-6275.8 -3671.4 -295.4 0 0 123.1 71.1 14.0 0.0 0 0 4 4 4
-6395.9 -3744.4 -296.0 89 0 55.2 113.4 14.0 0.0 0 1 4 0 0
-6858.2 -3857.1 -300.2 179 0 84.2 33.2 14.0 0.0 0 0 4 0 0
-6798.4 -3814.4 -299.8 269 0 34.5 84.2 14.0 0.0 0 1 4 0 0
-6748.4 -3813.9 -299.5 269 0 33.5 78.4 14.0 0.0 0 1 4 1 1
-6698.8 -3813.5 -299.2 269 0 33.8 83.5 14.0 0.0 0 1 4 0 0
-6648.2 -3813.0 -298.9 269 0 34.1 83.5 14.0 0.0 0 1 4 3 3
-6533.3 -3811.9 -298.2 269 0 43.6 68.9 14.0 0.0 0 1 4 2 2
-6473.7 -3811.4 -297.8 269 0 43.6 68.0 14.0 0.0 0 1 4 3 3
-6413.5 -3810.8 -297.1 269 0 44.0 85.5 14.0 0.0 0 1 4 1 1
-6324.7 -3810.0 -296.7 269 0 90.1 74.0 14.0 0.0 0 0 4 1 1
-6411.9 -3979.8 -296.4 89 0 46.1 74.6 14.0 0.0 0 0 4 0 0
-6472.5 -3980.4 -298.0 89 0 43.9 74.6 14.0 0.0 0 1 4 4 4
-6533.1 -3981.0 -298.4 89 0 42.9 74.6 14.0 0.0 0 1 4 5 5
-6592.5 -3981.5 -299.1 89 0 43.7 72.5 14.0 0.0 0 1 4 5 5
-6647.4 -3982.0 -299.4 89 0 34.1 80.8 14.0 0.0 0 1 4 5 5
-6858.2 -3947.3 -300.8 179 0 73.4 26.8 14.0 0.0 0 0 4 3 3
-6797.5 -3983.4 -300.4 89 0 33.2 73.4 14.0 0.0 0 1 4 1 1
-6720.4 -3982.7 -300.0 89 0 79.4 73.5 14.0 0.0 0 0 4 2 2
-6610.9 -4042.9 -297.9 269 0 50.1 88.5 10.5 0.0 0 0 3 1 1
-5428.6 -1241.8 -245.7 79 0 18.7 27.8 14.0 3.5 2 1 4 3 3
-5383.7 -1204.0 -245.6 271 0 36.2 19.2 14.0 0.0 0 0 4 5 5
-5772.1 -1694.4 -259.8 360 0 47.1 15.5 14.0 3.5 2 0 4 2 2
-5751.7 -1693.0 -253.7 180 0 49.8 14.4 14.0 3.5 2 0 4 2 2
-5635.8 -1811.3 -253.1 90 0 8.4 50.3 10.5 3.5 2 0 3 0 0
-5713.8 -1821.6 -260.5 90 0 147.6 10.0 10.5 3.5 2 0 3 4 4
-5714.0 -1739.1 -260.5 270 0 147.6 72.5 14.0 0.0 0 0 4 2 2
-6192.3 -1667.6 -268.2 271 0 41.2 10.5 14.0 3.5 2 0 4 0 0
-6273.5 -1633.7 -269.0 273 0 37.8 10.1 14.0 3.5 4 0 4 4 4
-6314.6 -1632.2 -269.2 274 0 38.3 10.7 14.0 3.5 2 0 4 5 5
-6380.2 -1744.6 -268.5 92 0 14.0 22.3 14.0 3.5 2 0 4 0 0
-6314.7 -1802.8 -269.1 92 0 120.5 141.4 14.0 0.0 0 0 4 1 1
-6535.7 -1724.4 -270.1 92 0 8.7 64.1 10.5 3.5 2 0 3 1 1
-6474.4 -1798.0 -270.4 92 0 118.3 168.5 14.0 0.0 0 0 4 4 4
-5608.8 -2354.5 -261.3 360 0 20.7 9.8 10.5 3.5 2 0 3 0 0
-5492.2 -1866.2 -250.8 270 0 12.6 8.9 5.0 2.5 2 0 2 3 3
-5494.4 -1885.6 -251.9 0 0 13.3 20.0 10.0 2.5 2 1 4 0 0
-5529.0 -1897.4 -255.2 90 0 20.0 13.3 12.5 2.5 2 0 5 3 3
-5635.6 -1915.4 -257.8 360 0 18.8 12.0 8.0 2.5 2 0 2 2 2
-5635.3 -1946.5 -255.1 360 0 43.4 7.3 7.5 2.5 2 0 3 2 2
-5893.3 -2159.6 -267.6 281 0 14.1 51.6 14.0 3.5 2 0 4 2 2
-5991.3 -2259.9 -270.2 191 0 90.8 40.5 14.0 0.0 0 0 4 0 0
-5953.9 -2371.0 -270.9 101 0 32.5 17.3 14.0 3.5 2 0 4 4 4
-5950.6 -2354.0 -270.6 101 0 32.5 12.1 14.0 3.5 2 0 4 3 3
-6009.7 -2398.5 -272.6 101 0 48.1 11.4 14.0 3.5 2 0 4 0 0
-6023.2 -2342.1 -272.4 191 0 82.7 48.0 14.0 0.0 0 0 4 2 2
-6435.4 -2408.1 -279.2 180 0 50.9 42.3 14.0 0.0 0 0 4 1 1
-6228.3 -2422.9 -278.8 360 0 27.2 164.7 14.0 0.0 0 0 4 2 2
-6220.3 -2322.8 -276.0 270 0 17.6 65.8 14.0 3.5 2 0 4 4 4
-6228.6 -2390.4 -278.3 360 0 18.7 164.7 14.0 0.0 0 0 4 2 2
-6253.5 -2323.0 -276.7 270 0 48.9 58.2 14.0 0.0 0 0 4 5 5
-6315.5 -2297.4 -276.0 270 0 24.8 10.2 14.0 3.5 2 0 4 4 4
-6317.2 -2307.6 -276.3 270 0 21.3 15.1 14.0 3.5 2 0 4 1 1
-6823.4 -2286.0 -281.9 272 0 15.2 100.2 14.0 3.5 2 1 4 3 3
-6497.7 -2507.9 -281.0 360 0 8.5 30.5 10.5 3.5 2 1 3 2 2
-6550.4 -2335.3 -279.6 270 0 20.5 49.5 14.0 3.5 2 1 4 4 4
-6316.8 -2479.8 -278.9 90 0 21.3 29.6 14.0 0.0 0 1 4 3 3
-6342.0 -2525.6 -279.7 90 0 15.9 71.5 14.0 3.5 4 1 4 1 1
-6287.0 -2078.0 -270.3 272 0 30.2 17.8 14.0 3.5 2 0 4 5 5
-6231.3 -2079.5 -269.8 272 0 81.3 13.1 14.0 3.5 2 0 4 4 4
-6098.1 -2079.1 -267.9 181 0 35.2 55.2 14.0 0.0 0 1 4 1 1
-6731.3 373.8 -279.7 197 0 55.7 5.9 10.5 3.5 2 0 3 1 1
-6702.9 419.3 -280.0 287 0 16.0 79.6 17.5 3.5 2 0 5 0 0
-6874.0 200.4 -281.0 182 0 40.3 16.0 14.0 3.5 2 0 4 3 3
-6902.8 181.0 -280.4 182 0 60.9 16.0 17.5 3.5 2 0 5 0 0
-6931.6 172.1 -279.6 182 0 40.8 16.0 17.5 3.5 4 0 5 1 1
-6899.6 138.6 -279.7 272 0 65.3 16.5 14.0 3.5 2 0 4 4 4
-6933.6 103.1 -279.3 182 0 16.5 61.2 17.5 3.5 2 1 5 2 2
-6889.9 53.4 -278.7 182 0 40.8 13.0 14.0 3.5 2 0 4 5 5
-6912.4 54.3 -278.3 182 0 40.8 13.0 17.5 3.5 2 0 5 5 5
-6884.7 21.0 -277.9 272 0 13.0 76.9 14.0 3.5 2 1 4 0 0
-6915.1 -11.7 -277.5 182 0 66.6 13.0 14.0 3.5 2 0 4 2 2
-6934.4 55.1 -277.9 182 0 40.8 13.0 14.0 3.5 2 0 4 0 0
-6929.2 21.5 -277.1 272 0 13.0 55.1 17.5 3.5 2 1 5 5 5
-6903.5 -157.7 -276.1 183 0 101.6 19.5 14.0 0.0 0 0 4 3 3
-6934.0 -153.8 -276.2 183 0 104.3 20.0 17.5 0.0 0 0 5 5 5
-6714.7 -769.4 -274.2 212 0 59.9 235.3 14.0 0.0 0 1 4 5 5
-6675.4 -705.3 -273.8 212 0 53.7 235.3 14.0 0.0 0 1 4 2 2
-6785.2 -588.2 -275.8 122 0 9.0 53.6 10.5 3.5 2 0 3 0 0
-6026.3 -1538.2 -264.6 90 0 15.5 6.4 12.0 3.5 2 0 3 1 1
-6222.2 -1537.5 -269.9 90 0 30.1 7.0 12.0 3.5 2 0 3 4 4
-5973.5 -1341.6 -261.4 71 0 23.3 8.6 12.0 3.5 2 0 3 1 1
-6002.1 -1427.9 -266.2 174 0 14.1 45.3 10.5 3.5 2 0 3 3 3
-6143.5 -1282.5 -264.6 251 0 18.2 89.7 14.0 0.0 0 0 4 3 3
-5529.4 -1681.3 -254.2 360 0 72.4 90.2 14.0 0.0 0 1 4 0 0
-5981.1 -2953.4 -281.0 7 0 28.6 12.8 10.5 3.5 2 0 3 1 1
-6143.9 -3105.6 -284.1 187 0 255.1 127.7 10.5 0.0 0 0 3 5 5
-6717.6 -144.6 -271.4 212 0 9.0 9.2 12.0 3.5 2 1 3 2 2
-6693.1 -175.1 -271.2 302 0 36.7 12.4 14.0 3.5 2 0 4 0 0
-6655.7 -198.4 -270.8 302 0 33.7 12.4 14.0 3.5 2 0 4 0 0
-6677.4 -316.2 -274.4 212 0 200.9 143.5 14.0 0.0 0 0 4 1 1
-6914.9 -249.6 -277.5 183 0 36.7 16.6 14.0 3.5 2 0 4 4 4
-6368.1 -706.3 -269.4 32 0 9.6 129.0 10.5 3.5 2 1 3 3 3
-6345.7 -630.9 -266.6 122 0 42.4 66.1 17.5 0.0 0 1 5 5 5
-6396.6 -599.2 -267.2 122 0 41.9 80.4 17.5 0.0 0 1 5 2 2
-6452.6 -575.9 -268.3 122 0 42.3 90.3 17.5 0.0 0 1 5 3 3
-6441.5 -440.0 -268.4 122 0 71.2 90.3 17.5 0.0 0 0 5 5 5
-6457.7 -466.2 -268.5 302 0 50.0 90.3 17.5 0.0 0 1 5 0 0
-6485.3 -412.7 -269.3 122 0 32.1 90.3 17.5 0.0 0 0 5 4 4
-6501.2 -439.1 -269.9 302 0 31.9 90.3 17.5 0.0 0 1 5 0 0
-6780.7 -149.5 -273.0 282 0 25.9 13.8 14.0 3.5 2 0 4 4 4
-6813.7 -44.4 -277.5 211 0 32.4 56.6 14.0 0.0 0 1 4 1 1
-6756.8 -17.8 -277.9 301 0 69.3 33.9 14.0 0.0 0 0 4 5 5
-6198.2 -943.9 -261.4 161 0 56.6 78.8 10.5 0.0 0 1 3 3 3
-6251.6 -919.8 -263.0 251 0 72.1 68.6 10.5 0.0 0 0 3 0 0
-6197.2 -1079.7 -262.1 251 0 86.7 11.3 14.0 3.5 2 0 4 4 4
-5873.3 -1301.0 -259.0 71 0 97.2 19.7 10.5 0.0 0 0 3 4 4
-6507.1 -411.4 -269.4 212 0 9.3 75.8 10.5 3.5 2 1 3 0 0
-5760.3 -800.7 -253.9 161 0 29.9 18.2 14.0 3.5 2 0 4 3 3
-5773.3 -756.4 -254.6 161 0 20.8 10.4 16.0 3.5 2 0 4 5 5
-5758.0 -754.2 -254.3 161 0 19.6 18.9 14.0 3.5 2 0 4 1 1
-5531.5 -427.5 -248.3 251 0 8.6 13.9 12.0 3.5 2 1 3 1 1
-5564.3 -433.2 -248.9 161 0 21.9 18.1 17.5 3.5 2 0 5 2 2
-5543.7 -489.4 -248.7 161 0 78.5 36.1 17.5 0.0 0 0 5 2 2
-5592.1 -398.1 -249.7 340 0 17.7 19.6 17.5 3.5 2 0 5 2 2
-5684.1 -579.6 -251.0 161 0 10.9 34.0 17.5 3.5 4 1 5 3 3
-5699.9 -532.9 -250.8 161 0 70.2 48.2 17.5 0.0 0 0 5 5 5
-5561.7 -495.8 -249.9 341 0 89.4 94.8 17.5 0.0 0 0 5 5 5
-5110.6 -1007.2 -235.9 291 0 13.2 18.5 12.0 3.5 2 1 3 2 2
-5147.2 -1000.0 -237.0 291 0 51.7 12.3 10.5 3.5 2 0 3 2 2
-5246.9 -1026.7 -239.4 111 0 56.6 38.2 10.5 0.0 0 0 3 3 3
-5175.7 -1053.5 -238.4 111 0 95.4 38.2 10.5 0.0 0 0 3 2 2
-5222.5 -936.9 -237.4 99 0 24.6 22.9 14.0 3.5 2 0 4 1 1
-5257.1 -929.5 -238.2 99 0 46.1 34.0 14.0 0.0 0 0 4 0 0
-5314.4 -918.5 -242.1 101 0 55.9 34.3 14.0 0.0 0 0 4 1 1
-5711.4 -1023.6 -249.9 191 0 38.9 41.5 10.5 0.0 0 0 3 1 1
-5702.4 -992.8 -250.1 191 0 25.1 38.3 10.5 0.0 0 0 3 4 4
-5468.6 -937.4 -247.0 282 0 23.7 63.7 10.5 0.0 0 1 3 0 0
-5514.4 -927.8 -247.7 282 0 28.5 63.7 10.5 0.0 0 1 3 1 1
-5563.5 -920.1 -248.7 282 0 59.5 66.4 10.5 0.0 0 1 3 0 0
-5616.1 -909.1 -249.6 282 0 37.6 55.7 10.5 0.0 0 1 3 1 1
-5664.4 -899.0 -250.8 282 0 36.4 75.2 10.5 0.0 0 1 3 3 3
-5716.2 -888.1 -252.1 282 0 44.7 63.3 10.5 0.0 0 0 3 3 3
-5798.5 -902.1 -253.4 251 0 45.0 54.3 10.5 0.0 0 0 3 2 2
-5835.1 -904.6 -254.0 251 0 25.6 9.7 12.0 3.5 2 0 3 3 3
-5858.6 -946.7 -254.4 161 0 64.0 48.8 10.5 0.0 0 0 3 0 0
-5795.3 -1017.3 -252.6 341 0 64.2 26.4 10.5 0.0 0 0 3 4 4
-6165.9 -405.4 -261.9 202 0 33.8 51.5 14.0 0.0 0 1 4 2 2
-5986.1 -304.4 -258.1 122 0 34.7 15.1 14.0 3.5 2 0 4 1 1
-5988.1 -321.9 -258.1 302 0 11.1 16.9 16.0 3.5 2 1 4 3 3
-6044.5 -310.2 -259.3 212 0 39.6 47.2 14.0 0.0 0 1 4 2 2
-6050.2 -305.1 -260.4 31 0 42.2 49.6 14.0 0.0 0 1 4 3 3
-6149.1 -251.4 -261.5 211 0 40.6 26.7 14.0 0.0 0 0 4 2 2
-6159.8 -302.7 -262.9 302 0 18.7 100.7 17.5 0.0 0 1 5 0 0
-5872.1 -352.3 -255.4 123 0 20.5 20.2 14.0 3.5 2 0 4 0 0
-5913.1 -437.9 -257.2 250 0 31.3 102.7 17.5 0.0 0 1 5 1 1
-5958.1 -560.7 -256.7 161 0 12.1 15.0 20.0 3.5 2 0 5 5 5
-5984.3 -466.6 -258.2 251 0 43.7 91.4 17.5 0.0 0 0 5 2 2
-5894.2 -633.4 -257.7 70 0 105.7 47.4 17.5 0.0 0 0 5 5 5
-6025.5 -645.7 -260.6 340 0 103.3 42.7 17.5 0.0 0 0 5 5 5
-6004.4 -651.6 -259.5 161 0 88.8 46.5 17.5 0.0 0 0 5 4 4
-6035.3 -523.1 -258.4 250 0 29.9 9.8 10.5 3.5 2 0 3 0 0
-6041.2 -487.3 -259.0 251 0 42.6 35.7 17.5 0.0 0 0 5 1 1
-6011.2 -572.0 -258.6 71 0 42.6 44.4 17.5 0.0 0 0 5 2 2
-6127.9 -546.4 -261.1 184 0 80.8 87.9 17.5 0.0 0 1 5 1 1
-6179.7 -605.3 -262.6 301 0 40.0 4.6 12.0 3.5 2 0 3 0 0
-6175.9 -625.8 -262.6 122 0 14.1 7.9 12.0 0.0 0 0 3 5 5
-6171.8 -649.3 -262.9 170 0 21.6 9.2 12.0 3.5 2 0 3 1 1
-6209.2 -706.2 -264.2 170 0 36.2 133.1 17.5 0.0 0 0 5 2 2
-6182.5 -493.6 -262.2 302 0 25.1 13.5 14.0 3.5 2 0 4 3 3
-6233.3 -521.5 -262.6 212 0 28.7 66.6 14.0 0.0 0 0 4 4 4
-6253.4 -538.9 -263.3 212 0 18.2 113.4 17.5 0.0 0 1 5 0 0
-6271.0 -550.8 -264.0 32 0 12.1 30.5 17.5 3.5 2 0 5 5 5
-6231.2 -486.5 -264.0 32 0 15.1 46.1 17.5 3.5 2 1 5 2 2
-6252.5 -520.9 -264.1 32 0 58.2 46.1 17.5 0.0 0 0 5 2 2
-6287.8 -423.8 -265.6 302 0 43.0 92.8 17.5 0.0 0 1 5 1 1
-6152.8 -225.7 -261.3 31 0 18.0 27.4 14.0 3.5 2 0 4 0 0
-6266.8 -320.1 -265.7 31 0 69.4 54.2 14.0 0.0 0 0 4 3 3
-6449.1 -184.2 -266.3 212 0 36.4 14.7 14.0 3.5 2 0 4 3 3
-6442.1 -253.3 -267.8 122 0 36.1 12.6 14.0 3.5 2 0 4 4 4
-6528.8 -16.4 -271.1 212 0 16.0 27.8 14.0 0.0 0 1 4 5 5
-6543.5 51.0 -273.5 302 0 54.4 36.7 14.0 0.0 0 0 4 4 4
-6706.6 -10.4 -275.8 212 0 24.1 26.6 17.5 3.5 2 1 5 1 1
-6741.4 -1921.8 -276.1 2 0 43.9 60.4 14.0 0.0 0 1 4 0 0
-6434.6 -1403.3 -273.3 181 0 17.9 30.9 10.5 3.5 2 0 3 3 3
-6366.7 -1411.0 -272.9 91 0 74.1 16.0 10.5 3.5 2 0 3 0 0
-6331.1 -970.0 -264.6 212 0 86.6 29.5 10.5 0.0 0 0 3 1 1
-6469.3 -927.4 -268.1 122 0 44.4 16.0 14.0 3.5 2 0 4 0 0
-6393.0 -835.2 -267.0 122 0 50.7 127.4 14.0 0.0 0 1 4 0 0
-6379.2 -1117.3 -267.8 299 0 18.9 28.8 10.5 3.5 2 0 3 0 0
-6411.2 -1076.3 -267.5 299 0 20.0 15.6 10.5 3.5 2 0 3 1 1
-6420.1 -1090.8 -268.6 299 0 23.6 32.0 10.5 0.0 0 0 3 1 1
-6452.8 -1081.7 -269.0 209 0 48.0 21.2 10.5 3.5 2 0 3 1 1
-6469.8 -1112.5 -269.7 209 0 22.2 61.3 10.5 3.5 2 0 3 3 3
-5962.8 1263.3 -265.6 293 0 49.6 30.2 17.5 0.0 0 0 5 2 2
-6011.6 1284.4 -267.4 293 0 51.3 30.2 17.5 0.0 0 0 5 5 5
-5987.6 1203.8 -265.4 114 0 52.0 30.2 17.5 0.0 0 0 5 5 5
-6037.1 1225.5 -267.2 114 0 51.6 30.2 17.5 0.0 0 0 5 5 5
-6084.0 1246.8 -268.9 114 0 51.5 30.2 17.5 0.0 0 0 5 0 0
-6213.3 2605.7 -295.9 181 0 39.3 19.2 14.0 3.5 2 0 4 4 4
-6212.5 2649.1 -297.1 181 0 39.6 19.2 14.0 3.5 2 0 4 4 4
-6206.9 2701.8 -298.1 182 0 39.7 19.3 14.0 3.5 2 0 4 2 2
-5070.7 7917.7 -297.7 281 0 12.8 72.4 12.5 2.5 2 1 5 0 0
-5157.9 7869.3 -301.3 101 0 108.3 45.5 10.0 0.0 0 0 4 0 0
-5633.9 748.4 -249.7 177 0 20.6 15.9 17.5 3.5 4 0 5 0 0
-6847.4 2371.0 -304.2 109 0 39.8 18.1 14.0 3.5 2 0 4 1 1
-5384.9 -780.3 -243.8 191 0 14.6 30.8 14.0 3.5 2 1 4 5 5
-5399.8 -901.3 -244.9 101 0 22.7 50.2 14.0 3.5 2 1 4 3 3
-5365.7 -908.2 -243.8 101 0 31.8 51.6 14.0 0.0 0 1 4 1 1
-5320.2 -822.3 -240.7 283 0 13.6 28.6 14.0 3.5 2 0 4 0 0
-5273.7 -870.5 -241.2 13 0 15.7 62.9 14.0 3.5 2 0 4 2 2
-5499.9 -738.5 -250.4 102 0 131.2 7.6 10.5 3.5 2 0 3 0 0
-5566.3 -717.2 -250.6 102 0 131.1 30.3 14.0 0.0 0 0 4 0 0
-5782.3 -1289.0 -256.8 329 0 11.9 23.2 10.5 3.5 2 1 3 3 3
-5822.9 -1340.8 -259.6 71 0 50.4 8.8 10.5 3.5 2 0 3 0 0
-5909.0 -1346.4 -261.0 161 0 29.9 41.7 10.5 0.0 0 1 3 1 1
-5842.7 -1299.0 -258.8 251 0 60.5 21.3 10.5 3.5 4 0 3 4 4
-6270.6 758.6 -270.3 109 0 23.8 14.9 14.0 3.5 2 0 4 3 3
-5884.2 1015.6 -258.4 16 0 23.9 22.3 7.5 2.5 2 0 3 5 5
-5885.9 1055.2 -259.3 16 0 23.9 22.3 10.0 2.5 2 0 4 3 3
-5901.3 1110.6 -260.4 286 0 22.3 23.9 12.5 2.5 2 1 5 3 3
-5961.9 1115.3 -262.0 196 0 23.9 22.3 10.0 2.5 2 0 4 0 0
-5971.1 1079.8 -261.5 196 0 23.9 22.3 5.0 0.0 0 0 2 3 3
-5980.6 1044.4 -261.1 196 0 23.9 22.3 10.0 2.5 2 0 4 5 5
-5991.5 1007.6 -261.0 196 0 23.9 22.3 7.5 2.5 2 0 3 3 3
-5942.2 982.0 -259.7 106 0 22.3 23.9 7.5 2.5 2 1 3 1 1
-5898.5 969.2 -258.5 106 0 22.3 23.9 10.0 2.5 2 1 4 2 2
-6162.3 709.2 -267.0 84 0 14.9 23.9 17.5 3.5 2 1 5 1 1
-6198.4 717.8 -267.8 174 0 23.9 14.9 17.5 3.5 2 0 5 1 1
-6170.3 760.4 -267.4 289 0 23.8 14.9 17.5 3.5 2 0 5 2 2
-6213.9 770.5 -268.3 199 0 14.9 23.8 17.5 3.5 2 1 5 2 2
-6221.3 748.9 -268.6 199 0 14.9 23.8 17.5 3.5 4 1 5 3 3
-6548.6 990.9 -278.8 202 0 17.5 24.0 17.5 3.5 2 1 5 1 1
-6506.1 983.5 -277.7 292 0 24.0 17.5 17.5 3.5 2 0 5 0 0
-6863.6 800.4 -286.1 287 0 15.3 29.4 17.5 3.5 2 1 5 4 4
-5952.6 -4282.8 -275.1 325 0 11.1 15.4 14.0 3.5 2 1 4 4 4
-6254.9 -2105.3 -275.2 271 0 268.6 119.8 14.0 0.0 0 0 4 4 4
-6331.5 -5642.0 -288.9 180 0 14.7 4.1 10.5 0.0 0 0 3 1 1
-6673.4 -5438.7 -306.2 269 0 32.6 101.9 14.0 0.0 0 1 4 5 5
-6426.1 -5385.4 -297.1 90 0 90.7 97.7 14.0 0.0 0 1 4 2 2
-6582.7 -5390.0 -302.6 89 0 40.9 98.2 14.0 0.0 0 1 4 3 3
-6585.2 -4241.1 -298.0 89 0 95.4 61.1 10.5 0.0 0 0 3 3 3
-5958.9 -1784.9 -265.5 1 0 6.0 5.2 10.5 3.5 2 0 3 4 4
-6438.9 -2245.4 -276.9 1 0 9.0 5.5 10.5 3.5 4 0 3 3 3
-6416.0 -1971.9 -273.0 1 0 181.8 48.6 14.0 0.0 0 0 4 0 0
-6859.1 -4162.1 -302.3 130 0 72.3 70.9 10.5 0.0 0 0 3 0 0
-6456.7 -5099.9 -297.7 88 0 46.7 106.6 10.5 0.0 0 1 3 2 2
-6809.4 -4792.5 -308.1 360 0 70.1 57.3 14.0 0.0 0 0 4 3 3
-6809.2 -4936.5 -308.4 0 0 31.3 16.7 14.0 0.0 0 0 4 1 1
-6847.3 -5004.2 -309.4 91 0 27.2 67.1 14.0 0.0 0 1 4 3 3
-6925.0 -4977.4 -311.1 181 0 221.6 44.2 14.0 0.0 0 0 4 1 1
-6727.3 -5913.1 -304.3 179 0 86.5 54.5 14.0 0.0 0 0 4 5 5
-6492.9 -4340.6 -296.4 269 0 43.9 128.1 14.0 0.0 0 1 4 4 4
-5152.7 890.6 -225.0 269 0 17.4 18.5 21.0 0.0 0 1 6 1 1
-5182.3 889.7 -225.3 274 0 27.5 16.3 21.0 0.0 0 0 6 5 5
-5544.4 3219.6 -285.6 171 0 16.9 26.8 17.5 3.5 2 1 5 4 4
-1009.5 0.2 284.1 280 0 13.9 10.7 14.0 3.5 2 0 4 0 0
-1516.8 -83.7 322.3 108 0 12.6 15.4 10.0 2.5 2 1 4 3 3
-6711.3 3474.3 -310.6 326 0 9.1 15.9 10.5 3.5 2 1 3 5 5
-6769.0 7518.9 -330.5 234 0 22.3 18.4 14.0 3.5 2 0 4 2 2
-6351.9 4403.3 -301.9 355 0 15.4 24.8 17.5 3.5 2 1 5 3 3
-6377.4 4461.9 -301.9 245 0 26.5 17.4 17.5 3.5 2 0 5 4 4
-5720.3 482.3 -253.8 178 0 26.6 10.0 17.5 3.5 2 0 5 3 3
-5700.0 499.6 -253.3 268 0 21.4 45.8 17.5 3.5 2 0 5 2 2
-6647.9 4442.1 -308.7 90 0 10.5 18.2 2.5 2.5 2 1 1 4 4
-6558.9 4378.5 -305.5 0 0 42.7 12.7 12.5 2.5 2 0 5 4 4
-6639.6 680.4 -279.4 106 0 18.0 28.9 14.0 3.5 2 1 4 2 2
-6922.1 880.5 -288.4 281 0 44.2 45.1 17.5 0.0 0 1 5 3 3
-6864.8 807.5 -286.4 279 0 51.5 62.6 17.5 0.0 0 1 5 2 2
