-848.2 3152.7 -38.6 53 0 13.6 47.4 7.5 2.5 2 1 3 5 5
5359.0 5316.2 -60.9 143 0 62.9 19.7 5.0 2.5 2 0 2 1 1
-6663.5 -3813.2 -30.6 254 0 20.4 12.5 10.0 2.5 2 0 4 5 5
-5886.2 -3211.2 -47.3 350 0 20.4 28.2 10.0 2.5 2 1 4 3 3
-3608.8 -3565.7 5.0 170 0 38.1 67.4 10.0 0.0 0 1 4 0 0
-2677.7 -3836.0 37.7 358 0 52.1 37.7 10.0 0.0 0 0 4 0 0
-2751.4 -3464.6 8.4 359 0 76.0 36.1 12.5 0.0 0 0 5 4 4
-6937.0 -293.2 -52.1 177 0 15.1 21.7 10.0 2.5 2 1 4 2 2
-856.7 3098.5 -35.7 234 0 13.3 20.3 15.0 0.0 0 0 6 3 3
-869.9 3092.0 -36.0 234 0 9.4 10.1 5.0 2.5 2 0 2 3 3
-858.9 3087.5 -35.5 234 0 7.1 21.2 5.0 2.5 2 0 2 3 3
-874.5 3255.7 -40.5 53 0 13.9 13.4 7.5 2.5 2 0 3 2 2
-3582.3 4365.1 -52.5 83 0 12.7 85.5 7.5 2.5 2 1 3 1 1
-3614.8 4445.4 -52.5 263 0 10.8 48.7 7.5 2.5 2 1 3 0 0
-3626.6 4365.0 -52.5 83 0 12.9 75.8 10.0 2.5 2 1 4 2 2
-480.7 4235.5 -51.8 318 0 50.4 42.4 5.0 0.0 0 0 2 3 3
100.8 5290.6 -50.3 302 0 47.5 12.0 12.5 2.5 2 0 5 0 0
149.0 5237.2 -52.4 314 0 9.4 60.4 7.5 2.5 2 1 3 0 0
174.8 5212.0 -52.8 314 0 17.3 60.4 12.5 2.5 2 1 5 3 3
910.8 4507.5 -38.0 158 0 22.8 39.8 17.5 0.0 0 1 7 3 3
914.3 4591.9 -41.4 248 0 10.8 44.3 12.5 2.5 2 1 5 0 0
1060.9 4555.0 -44.8 68 0 206.8 80.9 12.5 0.0 0 0 5 4 4
-2285.3 -1820.2 -37.4 178 0 19.7 8.8 7.0 2.5 2 0 2 5 5
-2235.2 -1794.4 -36.5 15 0 23.2 16.1 10.0 2.5 2 0 4 5 5
-5751.2 923.1 -54.2 88 0 13.7 71.2 7.5 2.5 2 1 3 0 0
-5753.4 1114.8 -54.4 268 0 20.2 101.0 10.0 0.0 0 1 4 1 1
-5620.8 1254.9 -54.4 266 0 14.5 59.9 7.5 2.5 2 1 3 1 1
-5607.3 974.2 -54.7 86 0 20.9 74.4 10.0 2.5 2 1 4 4 4
-5549.2 1192.5 -54.4 356 0 107.0 27.7 10.0 0.0 0 0 4 2 2
-5554.7 1056.5 -54.6 86 0 24.7 72.4 7.5 0.0 0 1 3 0 0
-5591.1 1059.1 -54.5 86 0 17.4 67.2 10.0 2.5 2 1 4 1 1
-5616.2 1057.3 -54.4 86 0 26.6 67.2 10.0 0.0 0 1 4 0 0
-5697.6 1062.9 -54.5 86 0 17.4 55.5 10.0 2.5 2 1 4 4 4
-5658.9 1065.8 -54.5 86 0 27.1 55.5 7.5 2.5 2 1 3 3 3
-5671.3 1236.6 -54.4 266 0 27.1 106.3 10.0 0.0 0 1 4 4 4
-5614.3 2656.2 -55.1 24 0 30.3 28.7 12.5 2.5 4 0 5 4 4
-5589.0 2710.7 -55.1 26 0 37.2 25.1 7.5 0.0 0 0 3 4 4
-5042.3 3116.3 -54.9 84 0 11.9 28.5 10.0 2.5 2 1 4 1 1
-5062.3 3111.3 -55.0 84 0 18.2 39.7 7.5 2.5 2 0 3 4 4
-5083.4 3109.2 -55.0 84 0 24.2 39.7 10.0 0.0 0 0 4 3 3
-5076.8 3164.1 -54.9 354 0 28.5 24.2 7.5 0.0 0 0 3 3 3
-5085.9 3248.9 -54.3 265 0 50.2 17.7 10.0 2.5 2 0 4 3 3
-4520.6 3162.2 -53.9 186 0 38.5 90.1 10.0 0.0 0 1 4 2 2
-4519.4 3034.0 -53.9 96 0 36.5 98.3 10.0 0.0 0 1 4 4 4
-4434.3 3277.2 -53.7 276 0 38.0 19.2 7.5 0.0 0 0 3 3 3
-4468.6 3280.6 -53.7 276 0 30.8 19.2 7.5 2.5 2 0 3 2 2
-4513.1 3238.8 -53.8 186 0 40.7 105.1 7.5 0.0 0 1 3 4 4
-4374.9 3225.2 -53.4 259 0 10.7 81.5 7.5 2.5 2 0 3 4 4
-4322.3 3102.8 -53.2 79 0 44.3 130.3 10.0 0.0 0 0 4 0 0
-4414.8 2986.0 -53.8 96 0 64.5 96.9 7.5 0.0 0 1 3 4 4
-5383.8 3239.3 -55.1 82 0 34.5 20.6 10.0 2.5 2 0 4 5 5
-5320.7 3170.1 -55.7 175 0 61.0 97.1 15.0 0.0 0 1 6 0 0
-5183.0 3129.9 -54.7 85 0 40.0 89.7 7.5 0.0 0 1 3 1 1
-5131.7 3119.1 -54.8 85 0 36.4 96.9 5.0 0.0 0 1 2 5 5
-5644.0 3311.3 -55.4 183 0 12.2 41.3 7.5 2.5 2 0 3 1 1
-6683.1 2445.8 -52.9 98 0 55.8 6.6 7.5 2.5 2 0 3 2 2
-6673.9 2451.3 -52.9 98 0 72.6 12.4 12.5 2.5 2 0 5 5 5
-6651.4 2472.4 -53.2 8 0 23.2 55.8 7.5 2.5 2 0 3 0 0
-6710.0 2428.2 -53.5 95 0 47.2 17.4 7.5 2.5 2 0 3 1 1
-6664.6 2407.1 -53.7 95 0 143.7 17.2 12.5 0.0 0 0 5 1 1
-6809.0 2723.3 -53.7 271 0 109.2 31.6 7.5 0.0 0 0 3 1 1
-6885.8 2564.9 -53.6 180 0 31.9 148.9 7.5 0.0 0 0 3 4 4
-6749.4 1988.3 -53.1 170 0 31.1 77.6 10.0 0.0 0 0 4 0 0
-6797.8 1901.0 -53.5 170 0 36.1 125.3 15.0 0.0 0 1 6 1 1
-6776.7 1866.2 -53.6 170 0 19.5 125.9 12.5 0.0 0 0 5 0 0
-4869.0 4024.8 -54.0 155 0 16.4 7.7 4.0 2.5 2 0 1 3 3
-4847.9 4018.2 -53.9 65 0 17.5 30.3 15.0 0.0 0 0 6 3 3
-4832.6 4025.2 -53.9 65 0 16.0 35.8 5.0 2.5 2 0 2 5 5
-4953.3 4234.2 -54.0 138 0 41.0 15.0 10.0 2.5 2 0 4 4 4
-4863.1 4304.5 -53.8 149 0 12.1 23.8 7.5 2.5 2 1 3 3 3
-4890.0 4331.6 -53.9 149 0 31.5 36.2 10.0 0.0 0 1 4 2 2
-4850.8 4517.3 -53.8 236 0 36.5 67.1 12.5 0.0 0 1 5 0 0
-4485.5 4165.8 -53.6 83 0 16.9 27.5 10.0 2.5 2 1 4 1 1
-4522.0 4159.0 -53.6 83 0 42.6 24.7 7.5 0.0 0 0 3 2 2
-4135.8 4156.1 -53.1 263 0 19.1 10.5 8.0 2.5 2 0 2 5 5
-4179.2 4127.4 -53.1 265 0 54.0 23.3 10.0 2.5 2 0 4 2 2
-4415.6 4174.5 -53.4 164 0 17.9 65.0 7.5 2.5 2 1 3 5 5
-4269.1 4223.0 -53.3 345 0 33.3 73.5 10.0 0.0 0 1 4 3 3
-4583.9 4201.1 -53.5 249 0 21.2 60.1 7.5 2.5 2 1 3 0 0
-4599.4 4247.9 -53.5 60 0 9.3 32.5 7.5 2.5 2 1 3 5 5
-4683.7 4507.0 -53.6 327 0 86.0 89.8 12.5 0.0 0 0 5 1 1
-4658.0 4466.9 -53.5 327 0 9.4 82.1 5.0 2.5 2 0 2 2 2
-4567.2 4363.1 -53.5 237 0 104.6 39.6 10.0 0.0 0 0 4 5 5
-4604.9 4417.3 -53.5 327 0 132.1 100.1 7.5 0.0 0 0 3 4 4
-6300.7 10393.3 -59.0 344 0 13.9 14.1 7.5 2.5 2 0 3 5 5
-6328.7 10381.8 -59.0 164 0 15.9 17.6 7.5 2.5 2 0 3 1 1
-4782.9 5516.1 -53.6 354 0 14.0 9.7 5.0 2.5 4 0 2 3 3
-4813.0 5511.9 -53.5 174 0 17.9 18.3 10.0 2.5 2 1 4 0 0
-4554.5 3651.0 -53.7 86 0 41.5 16.2 7.5 2.5 2 0 3 4 4
-4504.1 3656.2 -53.6 83 0 24.6 12.4 7.5 2.5 2 0 3 1 1
-4408.4 3700.0 -53.5 344 0 19.1 18.5 7.5 2.5 2 0 3 5 5
-4443.4 3822.0 -53.7 344 0 235.0 48.2 7.5 0.0 0 0 3 1 1
-5572.7 3803.3 -55.3 280 0 41.8 27.6 10.0 0.0 0 0 4 2 2
-5588.3 4544.9 -55.9 10 0 37.8 25.0 10.0 0.0 0 0 4 1 1
-4675.0 4304.2 -53.5 57 0 10.6 38.1 7.5 2.5 2 1 3 0 0
-4722.6 4295.8 -53.6 147 0 38.1 25.1 10.0 0.0 0 0 4 0 0
-5347.4 4003.2 -53.9 81 0 8.6 34.1 7.5 2.5 2 0 3 1 1
-5358.1 3994.8 -53.8 81 0 14.9 40.8 7.5 2.5 2 0 3 2 2
-5240.7 4421.4 -55.8 217 0 13.3 28.4 12.5 2.5 2 1 5 4 4
-5089.0 4337.0 -54.2 306 0 33.9 11.4 7.5 2.5 2 0 3 5 5
-5140.3 4360.4 -54.2 308 0 15.6 16.7 12.5 2.5 2 1 5 4 4
-5153.7 4384.2 -54.3 38 0 15.6 50.6 7.5 2.5 2 1 3 2 2
-5049.6 4290.1 -54.2 329 0 18.9 84.0 10.0 2.5 2 0 4 3 3
-5126.6 4232.7 -54.3 59 0 23.0 163.3 10.0 0.0 0 0 4 0 0
-5244.9 3962.6 -54.5 83 0 39.9 87.2 10.0 0.0 0 1 4 3 3
-5135.1 4108.6 -54.3 60 0 20.6 58.0 10.0 2.5 2 1 4 5 5
-3093.9 6083.4 -56.9 194 0 50.0 11.8 10.0 2.5 2 0 4 2 2
-3096.3 6006.4 -56.6 180 0 32.0 29.2 10.0 0.0 0 0 4 5 5
-3055.2 5997.0 -56.5 90 0 15.4 10.0 8.0 2.5 2 0 2 3 3
-3038.6 5997.0 -56.7 90 0 29.0 87.8 7.5 0.0 0 0 3 2 2
-3214.3 2819.1 -52.6 276 0 17.1 38.3 10.0 2.5 4 1 4 4 4
-3299.2 2752.6 -53.0 97 0 63.3 40.6 10.0 0.0 0 0 4 4 4
-3406.0 2792.2 -53.3 187 0 40.4 63.0 10.0 0.0 0 1 4 3 3
-2448.6 2707.9 -53.3 258 0 38.3 14.2 10.0 2.5 2 0 4 3 3
-2421.0 2718.3 -53.2 258 0 9.1 16.0 5.0 2.5 2 0 2 0 0
-2412.9 2682.3 -53.2 78 0 13.1 20.8 7.5 2.5 2 0 3 4 4
185.4 5108.4 -52.1 57 0 27.9 39.2 10.0 0.0 0 1 4 0 0
5767.0 5209.1 -52.5 212 0 8.8 29.6 7.5 2.5 2 0 3 3 3
-1658.2 -10702.9 47.3 98 0 31.9 15.9 10.0 2.5 2 0 4 5 5
4923.1 5521.3 -60.8 172 0 35.7 69.1 10.0 0.0 0 0 4 2 2
