40.0 5758.8 -20.0 147 0 23.9 30.0 7.5 0.0 0 1 3 4 4
-2577.5 298.0 -0.4 325 0 18.5 21.3 12.5 2.5 2 1 5 4 4
-2963.4 9204.6 -18.7 134 0 9.5 15.4 7.5 2.5 2 1 3 5 5
-3032.6 9351.4 -19.9 256 0 33.5 17.8 10.0 2.5 2 0 4 2 2
-5847.6 8670.2 21.7 83 0 21.3 12.9 10.0 2.5 2 0 4 3 3
-520.9 7598.2 -0.4 250 0 16.8 25.6 12.5 2.5 2 1 5 4 4
-460.8 7567.2 -2.1 252 0 32.4 10.8 10.0 0.0 0 0 4 4 4
-487.4 7608.9 -1.4 252 0 46.3 19.8 12.5 2.5 2 0 5 2 2
-428.2 7627.6 -3.1 253 0 56.9 33.9 15.0 0.0 0 0 6 3 3
-662.4 7554.2 -2.7 252 0 37.1 80.9 12.5 0.0 0 1 5 4 4
-689.2 7301.5 -5.3 213 0 100.9 39.7 12.5 0.0 0 0 5 4 4
-1312.4 6791.2 43.5 95 0 50.2 27.1 17.5 0.0 0 0 7 3 3
-1313.2 6757.0 48.1 95 0 50.2 26.0 10.0 0.0 0 0 4 0 0
-1258.5 6746.6 39.2 94 0 35.5 75.2 10.0 0.0 0 1 4 5 5
-1299.7 6707.8 47.0 278 0 59.3 45.7 10.0 0.0 0 0 4 0 0
-1332.7 6469.0 35.8 91 0 48.2 89.7 10.0 0.0 0 1 4 5 5
-966.3 6715.5 37.2 48 0 30.1 91.5 12.5 0.0 0 1 5 5 5
-896.6 6758.7 33.5 49 0 40.2 67.4 15.0 0.0 0 1 6 4 4
-906.8 6693.3 43.5 242 0 100.4 20.0 10.0 0.0 0 0 4 5 5
-724.2 6678.1 40.2 326 0 36.0 67.9 10.0 0.0 0 1 4 1 1
-782.4 6732.2 39.0 327 0 77.4 52.2 12.5 0.0 0 0 5 3 3
-1679.2 6996.6 43.4 198 0 122.8 68.3 10.0 0.0 0 0 4 3 3
-1568.1 6740.7 41.5 284 0 57.6 37.1 7.5 0.0 0 0 3 1 1
-1546.5 6636.6 39.0 8 0 76.5 56.3 12.5 0.0 0 0 5 3 3
-1690.5 6624.5 33.6 156 0 63.9 39.2 10.0 0.0 0 0 4 2 2
-1814.1 6857.4 38.7 109 0 42.2 58.2 12.5 0.0 0 1 5 3 3
-1853.2 6868.5 38.3 101 0 48.3 104.8 12.5 0.0 0 1 5 3 3
-1775.5 7006.8 38.1 18 0 34.6 71.7 12.5 0.0 0 1 5 3 3
-1673.8 6820.7 41.6 105 0 41.0 58.7 12.5 0.0 0 1 5 5 5
-498.0 7434.1 -3.9 108 0 59.5 41.7 12.5 0.0 0 0 5 0 0
-1399.3 7154.6 36.3 72 0 30.8 33.5 12.5 0.0 0 1 5 2 2
-1474.3 7030.1 43.4 13 0 15.5 24.2 10.0 2.5 2 1 4 3 3
-1388.9 7108.0 37.2 72 0 23.9 17.9 10.0 2.5 2 0 4 2 2
-1490.9 6710.1 47.5 189 0 28.9 69.3 7.5 0.0 0 0 3 5 5
-1478.1 6685.8 47.4 189 0 15.1 53.0 12.5 2.5 2 0 5 2 2
-1488.4 6670.8 46.9 189 0 17.7 60.8 7.5 2.5 2 0 3 2 2
-1498.6 6644.7 45.2 189 0 36.8 69.0 10.0 0.0 0 0 4 1 1
-1651.2 6556.1 35.4 144 0 17.2 40.5 10.0 0.0 0 1 4 5 5
-1611.9 6805.8 42.9 103 0 25.2 13.3 12.5 2.5 2 0 5 3 3
-1538.1 6893.1 46.1 13 0 55.9 72.7 10.0 0.0 0 1 4 0 0
-321.1 6707.9 -19.7 29 0 41.9 30.4 12.5 0.0 0 0 5 0 0
-150.8 6825.8 -18.1 266 0 37.6 59.1 12.5 0.0 0 1 5 0 0
-402.6 6940.4 -5.8 63 0 17.7 32.5 7.5 0.0 0 1 3 0 0
-312.2 6862.7 -6.6 93 0 21.6 19.9 12.5 2.5 2 0 5 3 3
-274.0 6901.2 -0.7 110 0 29.4 30.9 12.5 0.0 0 1 5 0 0
-116.1 6891.5 -6.4 80 0 22.4 53.0 10.0 2.5 2 1 4 5 5
-1163.1 6672.9 43.8 276 0 32.2 14.8 17.5 0.0 0 0 7 5 5
-1200.6 6840.7 30.4 96 0 21.7 27.1 10.0 2.5 2 1 4 2 2
-1133.5 6740.0 42.6 95 0 50.5 25.7 10.0 0.0 0 0 4 1 1
-1132.3 6775.7 38.0 95 0 54.7 24.9 10.0 2.5 2 0 4 4 4
-680.5 7150.2 -7.5 262 0 11.6 17.5 4.0 2.5 2 1 1 0 0
-654.4 7159.0 -9.0 262 0 19.4 27.7 12.5 2.5 4 1 5 4 4
-595.1 7147.9 -10.2 263 0 18.0 18.4 10.0 2.5 2 1 4 4 4
-647.9 7113.5 -10.0 253 0 29.6 41.6 12.5 0.0 0 1 5 4 4
-791.5 7286.9 2.8 226 0 24.7 29.3 12.5 0.0 0 0 5 2 2
-807.1 7267.5 3.3 226 0 24.7 26.3 12.5 0.0 0 0 5 5 5
-822.6 7247.9 3.7 226 0 24.7 22.9 10.0 2.5 2 0 4 0 0
-745.9 7345.1 -0.1 225 0 25.2 38.8 12.5 0.0 0 1 5 3 3
-861.9 7423.7 11.5 252 0 16.6 30.1 12.5 0.0 0 1 5 2 2
-795.0 7365.5 8.6 54 0 24.2 56.2 15.0 2.5 2 1 6 5 5
-1510.5 6564.2 36.6 188 0 30.9 41.8 12.5 0.0 0 1 5 3 3
-1492.6 6500.4 31.7 92 0 31.7 8.5 7.5 2.5 2 0 3 5 5
-1515.9 6522.6 32.2 182 0 25.6 40.0 12.5 0.0 0 0 5 0 0
-1440.9 6498.8 34.5 97 0 10.1 28.2 10.0 2.5 2 0 4 2 2
-1456.4 6500.6 33.8 97 0 21.1 30.5 12.5 0.0 0 0 5 4 4
-1436.1 6550.9 39.2 95 0 43.1 25.2 12.5 0.0 0 0 5 2 2
-1377.0 6711.9 47.7 279 0 65.1 41.1 12.5 0.0 0 0 5 2 2
-1226.6 6435.6 26.1 215 0 40.1 30.8 17.5 0.0 0 0 7 0 0
-1006.6 6479.9 26.1 103 0 36.5 13.5 12.5 2.5 2 0 5 4 4
-942.5 6553.4 36.9 278 0 11.1 16.0 4.0 2.5 2 0 1 4 4
-946.9 6561.9 37.1 8 0 31.6 35.2 17.5 0.0 0 0 7 1 1
-1035.2 6569.3 37.2 189 0 14.0 42.9 12.5 2.5 2 1 5 1 1
-1027.3 6613.9 40.4 189 0 35.1 45.7 10.0 0.0 0 1 4 5 5
-621.1 6534.3 30.0 5 0 20.9 41.0 10.0 0.0 0 1 4 3 3
-695.3 6481.6 27.3 148 0 27.9 29.8 10.0 0.0 0 0 4 1 1
-757.5 6437.4 22.5 298 0 17.8 33.7 15.0 0.0 0 1 6 0 0
-734.4 6425.0 19.8 298 0 15.7 31.2 12.5 2.5 2 1 5 2 2
-668.3 6696.1 27.7 128 0 45.6 72.2 10.0 0.0 0 1 4 4 4
-620.6 6660.1 26.3 138 0 37.9 39.3 12.5 0.0 0 1 5 2 2
-593.7 6626.7 20.5 134 0 30.2 65.1 10.0 0.0 0 1 4 0 0
-886.5 6496.4 32.6 297 0 23.5 21.7 12.5 2.5 2 0 5 2 2
-862.3 6529.6 34.8 148 0 30.9 32.0 10.0 0.0 0 1 4 4 4
-946.6 6439.2 19.1 306 0 15.2 30.1 12.5 2.5 2 1 5 1 1
-999.3 6450.4 17.8 287 0 16.4 28.5 10.0 2.5 2 1 4 3 3
-1126.9 6470.1 19.7 281 0 41.6 44.0 12.5 0.0 0 1 5 4 4
-1098.0 6599.9 33.8 6 0 50.3 24.1 15.0 2.5 2 0 6 4 4
-1068.2 6591.3 33.8 6 0 60.8 19.8 12.5 2.5 2 0 5 4 4
-1193.2 6784.0 37.3 96 0 48.1 28.6 12.5 0.0 0 0 5 5 5
-1233.7 6931.2 22.8 255 0 35.4 14.0 12.5 2.5 2 0 5 5 5
-1303.2 7063.4 28.7 252 0 20.5 44.8 10.0 0.0 0 1 4 4 4
-1288.0 7000.6 26.5 252 0 30.5 42.7 12.5 0.0 0 1 5 0 0
-1146.3 7119.4 17.8 253 0 20.3 37.7 10.0 0.0 0 1 4 4 4
-1249.2 7274.1 28.1 252 0 30.6 16.2 15.0 0.0 0 0 6 5 5
-1270.1 7356.2 24.1 252 0 15.1 29.1 12.5 2.5 2 0 5 5 5
-1285.0 7351.5 24.8 252 0 16.1 50.7 17.5 2.5 2 0 7 2 2
-1307.0 7347.2 25.8 252 0 15.2 51.6 15.0 2.5 2 1 6 0 0
-1385.3 7314.2 29.7 252 0 29.7 37.7 12.5 0.0 0 1 5 1 1
-1425.6 7301.4 31.7 252 0 28.7 43.5 12.5 0.0 0 1 5 2 2
-1259.7 7070.2 24.7 250 0 50.7 37.1 7.5 0.0 0 0 3 5 5
-1129.6 6955.8 17.2 255 0 20.6 44.1 12.5 0.0 0 1 5 2 2
-1061.9 6974.4 13.3 255 0 27.4 44.6 12.5 0.0 0 1 5 2 2
-967.4 7001.1 6.4 249 0 26.6 18.1 12.5 2.5 2 0 5 2 2
-1003.9 6990.3 10.5 256 0 20.3 62.6 12.5 2.5 2 1 5 0 0
-865.4 6914.9 11.4 59 0 26.3 44.4 10.0 0.0 0 1 4 1 1
-781.2 6943.4 -0.1 58 0 40.9 52.6 10.0 0.0 0 1 4 1 1
-756.1 7150.0 -5.1 238 0 44.2 29.3 10.0 0.0 0 0 4 4 4
-795.1 7119.9 -3.3 238 0 29.9 40.7 10.0 0.0 0 1 4 5 5
-826.9 7093.0 -1.9 239 0 31.7 39.5 12.5 0.0 0 1 5 3 3
-1045.8 7152.1 11.9 252 0 42.4 59.0 10.0 0.0 0 1 4 0 0
-967.9 7266.4 15.2 71 0 60.0 50.6 12.5 0.0 0 0 5 1 1
-952.4 7228.5 13.0 71 0 55.0 33.7 10.0 0.0 0 0 4 5 5
-1725.7 6638.6 30.0 337 0 30.0 40.4 10.0 0.0 0 1 4 5 5
-1703.4 6587.2 30.4 336 0 65.5 36.6 12.5 0.0 0 0 5 0 0
-1731.3 7018.4 40.0 20 0 16.5 30.9 12.5 2.5 2 1 5 0 0
-1736.3 6996.5 40.2 20 0 16.9 32.2 10.0 2.5 2 1 4 5 5
-1724.8 7057.4 39.3 17 0 41.4 27.2 12.5 0.0 0 0 5 4 4
-1763.4 7191.0 36.5 252 0 29.0 43.2 15.0 0.0 0 1 6 1 1
-1615.7 7251.5 37.3 252 0 28.5 43.6 12.5 0.0 0 1 5 3 3
-1442.3 7144.5 36.8 72 0 40.8 62.9 10.0 0.0 0 1 4 3 3
-1241.4 7138.8 25.3 71 0 37.2 96.9 10.0 0.0 0 1 4 3 3
-1013.4 7208.5 15.8 72 0 35.4 70.5 12.5 0.0 0 1 5 2 2
-1071.4 7198.8 18.5 72 0 39.5 62.2 10.0 0.0 0 1 4 1 1
-1202.8 7380.9 20.8 253 0 26.5 48.4 10.0 0.0 0 1 4 2 2
-1157.1 7394.5 19.2 251 0 15.7 30.1 10.0 2.5 2 1 4 2 2
-1124.1 7410.8 17.5 251 0 39.5 29.6 15.0 0.0 0 0 6 5 5
-1086.5 7418.8 16.7 253 0 16.2 31.4 12.5 2.5 2 1 5 2 2
-1037.8 7434.3 15.1 253 0 16.3 31.0 10.0 0.0 0 1 4 4 4
-1015.0 7444.6 14.2 253 0 15.8 34.1 15.0 0.0 0 1 6 4 4
-992.0 7451.1 13.5 253 0 10.6 33.5 12.5 2.5 2 1 5 0 0
-964.5 7455.0 12.6 253 0 22.2 29.5 10.0 0.0 0 1 4 0 0
-942.5 7461.5 11.9 253 0 18.3 27.6 12.5 2.5 2 1 5 1 1
-872.6 7485.8 9.0 251 0 18.8 26.9 10.0 2.5 2 1 4 1 1
-853.4 7497.2 8.0 251 0 16.5 34.3 15.0 0.0 0 1 6 4 4
-806.6 7508.1 5.6 253 0 41.6 63.5 10.0 0.0 0 1 4 0 0
-770.2 7226.3 -3.1 236 0 75.6 31.6 10.0 0.0 0 0 4 5 5
-879.5 7209.1 4.8 247 0 53.5 29.2 10.0 0.0 0 0 4 0 0
-388.9 7141.0 9.1 289 0 26.9 46.5 15.0 0.0 0 1 6 2 2
-282.5 7000.4 14.5 109 0 50.6 100.6 10.0 0.0 0 1 4 3 3
-142.4 6632.0 -18.8 172 0 31.2 40.2 10.0 0.0 0 1 4 5 5
-96.8 6753.2 -18.2 233 0 47.6 38.8 7.5 0.0 0 0 3 3 3
66.2 6855.8 -16.1 254 0 49.4 21.5 12.5 2.5 2 0 5 3 3
-1761.4 6924.2 40.8 19 0 17.0 30.9 10.0 2.5 2 1 4 4 4
-1660.6 6912.4 45.7 198 0 26.0 21.1 12.5 2.5 2 0 5 3 3
-689.5 6405.2 14.3 298 0 16.3 34.4 15.0 0.0 0 1 6 3 3
-360.5 7369.2 -2.6 109 0 23.8 49.7 12.5 2.5 2 1 5 2 2
-33.6 7261.5 3.5 109 0 55.3 55.8 10.0 0.0 0 1 4 1 1
-61.1 7216.9 5.6 314 0 20.6 37.8 10.0 2.5 2 1 4 4 4
-48.5 7446.3 -2.3 289 0 65.4 47.1 10.0 0.0 0 0 4 0 0
-250.7 7330.8 0.7 109 0 26.9 45.5 12.5 0.0 0 1 5 2 2
-290.2 7529.5 -4.2 255 0 41.1 25.4 7.5 0.0 0 0 3 3 3
-368.4 7645.1 -3.1 250 0 27.5 43.6 7.5 0.0 0 1 3 0 0
-185.8 7704.3 -2.9 250 0 25.0 49.5 7.5 0.0 0 1 3 2 2
-215.9 7696.2 -2.3 250 0 24.4 48.8 7.5 2.5 2 1 3 5 5
-6475.3 -1069.6 11.3 51 0 15.4 15.7 14.0 3.5 2 1 4 5 5
-5534.5 962.8 -2.2 176 0 10.1 25.6 14.0 3.5 2 0 4 4 4
-3805.9 1096.6 -3.5 168 0 22.7 16.1 7.5 2.5 2 0 3 3 3
-3429.1 2762.3 -20.5 336 0 40.4 65.3 7.5 0.0 0 1 3 4 4
-3141.6 1576.2 -11.5 181 0 16.1 26.7 7.5 2.5 2 1 3 5 5
-3113.0 1620.5 -11.8 271 0 18.4 27.9 7.5 2.5 2 1 3 2 2
-6493.2 2257.3 -3.5 243 0 19.7 11.3 14.0 3.5 2 0 4 0 0
-5281.2 2320.2 -9.7 102 0 17.7 33.4 14.0 3.5 2 1 4 1 1
-1528.9 10417.7 -53.3 154 0 20.7 75.7 15.0 2.5 2 1 6 3 3
-2379.4 10716.2 -22.2 33 0 33.9 61.8 10.0 0.0 0 1 4 4 4
-1323.2 10372.3 -53.4 335 0 31.0 169.9 10.0 0.0 0 1 4 0 0
-1427.8 10079.9 -52.3 71 0 37.8 40.5 5.0 0.0 0 1 2 0 0
-2018.1 10701.4 -44.7 269 0 29.6 62.0 10.0 0.0 0 0 4 1 1
-3549.2 10863.7 -11.7 88 0 33.8 12.9 7.5 2.5 2 0 3 2 2
-3174.2 10954.5 -11.5 259 0 30.8 74.0 12.5 0.0 0 1 5 1 1
-3211.1 10951.7 -11.8 267 0 31.1 77.0 15.0 0.0 0 1 6 1 1
-3344.4 10945.3 -12.8 267 0 29.7 73.5 12.5 0.0 0 1 5 2 2
-3300.1 10947.4 -12.5 267 0 29.3 77.0 10.0 0.0 0 1 4 2 2
-2987.3 10862.4 -8.5 122 0 86.6 50.5 10.0 0.0 0 0 4 2 2
-2951.2 10779.9 -12.0 303 0 60.4 126.6 12.5 0.0 0 1 5 0 0
-2800.3 10853.1 -9.3 33 0 47.4 90.5 10.0 0.0 0 1 4 0 0
-2804.3 10928.7 -15.2 123 0 90.5 47.6 10.0 0.0 0 0 4 3 3
-2724.1 10833.9 -11.2 303 0 48.2 47.9 7.5 0.0 0 0 3 5 5
-2778.7 10727.0 -11.7 123 0 91.5 49.3 7.5 0.0 0 0 3 3 3
-2674.6 10613.6 -19.4 303 0 25.5 35.4 12.5 0.0 0 0 5 1 1
-2696.3 10627.9 -18.4 303 0 26.6 41.3 12.5 0.0 0 0 5 1 1
-2677.5 10661.7 -16.6 123 0 90.5 48.2 15.0 0.0 0 0 6 3 3
-2592.7 10716.9 -14.3 33 0 48.6 90.5 12.5 0.0 0 1 5 4 4
-2597.2 10792.7 -17.6 123 0 90.5 47.6 10.0 0.0 0 0 4 5 5
-2424.3 10911.6 -34.5 213 0 68.4 32.7 12.5 0.0 0 0 5 1 1
-2426.4 10633.4 -20.6 33 0 32.2 67.7 12.5 0.0 0 1 5 4 4
-2453.0 10592.0 -22.7 34 0 35.0 64.1 10.0 0.0 0 1 4 4 4
-2518.2 10555.5 -24.6 124 0 63.6 34.9 10.0 0.0 0 0 4 5 5
-1853.2 10971.2 -56.4 160 0 70.0 252.1 5.0 0.0 0 1 2 2 2
-1738.8 10694.0 -48.5 161 0 27.3 12.0 10.0 2.5 2 0 4 0 0
-1367.0 10131.5 -53.1 152 0 26.3 44.3 7.5 0.0 0 1 3 3 3
-1466.8 10676.7 -54.9 326 0 37.1 18.2 12.5 2.5 2 0 5 5 5
-1468.9 10581.5 -53.1 325 0 23.2 20.1 15.0 0.0 0 0 6 0 0
634.9 5612.6 -36.7 234 0 12.3 8.8 5.0 2.5 2 0 2 3 3
3304.0 2756.4 -41.5 288 0 17.8 17.5 10.0 2.5 2 0 4 0 0
2935.5 7175.5 -56.5 71 0 7.7 15.3 5.0 2.5 2 1 2 3 3
2784.8 7332.0 -56.4 262 0 13.3 61.6 7.5 2.5 2 0 3 0 0
2791.0 7239.6 -56.3 172 0 61.6 13.3 10.0 2.5 2 0 4 2 2
2779.3 7163.5 -55.9 68 0 18.9 14.1 10.0 0.0 0 0 4 4 4
2765.0 7208.7 -56.0 251 0 22.5 14.7 10.0 2.5 4 0 4 3 3
2679.2 7176.7 -55.8 160 0 12.7 32.5 7.5 2.5 2 1 3 4 4
6138.7 2583.7 -11.0 51 0 18.1 12.3 5.0 2.5 2 0 2 3 3
-3703.3 2063.1 -12.8 30 0 22.8 17.6 10.0 2.5 2 0 4 5 5
-3797.2 1147.3 -4.1 269 0 9.5 7.9 5.0 2.5 2 0 2 5 5
