-432.2 -3031.2 -30.0 329 0 94.0 57.4 7.5 0.0 0 0 3 5 5
-475.7 -3250.2 -28.0 68 0 106.5 125.4 12.5 0.0 0 1 5 2 2
5165.1 5501.9 -10.6 90 0 29.5 18.2 10.5 3.5 2 0 3 4 4
6295.1 9678.6 22.7 18 0 82.2 13.7 10.0 2.5 2 0 4 1 1
6234.4 9702.7 19.7 197 0 65.4 26.0 10.0 0.0 0 0 4 4 4
5251.8 5394.0 -9.3 241 0 18.0 18.6 14.0 0.0 0 1 4 0 0
4597.2 5452.3 -14.7 94 0 15.3 12.5 14.0 3.5 2 0 4 5 5
4751.1 5357.2 -13.5 259 0 18.9 15.7 10.5 3.5 2 0 3 2 2
624.3 -9639.1 -40.5 102 0 8.6 14.0 5.0 0.0 0 1 2 5 5
4582.0 -3311.3 -29.1 70 0 19.5 23.8 7.5 2.5 2 1 3 4 4
4428.2 -3192.8 -30.5 73 0 39.0 74.9 7.5 0.0 0 1 3 4 4
4237.1 -3553.3 -30.2 238 0 18.2 20.2 7.5 2.5 2 1 3 1 1
4218.7 -3569.2 -30.4 240 0 18.9 14.0 7.5 2.5 2 0 3 1 1
1642.0 9904.5 -26.9 69 0 14.1 10.7 7.5 2.5 4 0 3 2 2
5276.0 4571.6 -7.4 12 0 51.4 61.9 12.5 0.0 0 1 5 1 1
4635.0 4726.6 -17.5 203 0 6.7 7.4 5.0 2.5 2 1 2 4 4
4788.8 4862.8 -15.3 272 0 10.0 10.1 10.5 3.5 2 1 3 4 4
4800.2 4801.6 -15.3 90 0 8.3 8.5 10.5 3.5 2 1 3 0 0
2518.5 370.4 -32.6 92 0 15.5 12.1 5.0 2.5 2 0 2 4 4
