1703.4 8461.2 -59.5 316 0 18.1 10.2 7.5 2.5 2 0 3 4 4
1719.3 8342.2 -61.3 197 0 14.0 55.2 5.0 2.5 2 1 2 1 1
1771.9 8435.5 -61.6 230 0 24.1 14.2 12.5 2.5 2 0 5 3 3
1687.3 8380.9 -59.8 59 0 21.6 10.5 7.5 2.5 2 0 3 5 5
-6150.7 5850.8 64.0 121 0 18.6 19.4 10.0 2.5 2 1 4 3 3
-336.7 9277.1 -34.1 5 0 17.1 30.8 7.5 2.5 2 1 3 3 3
-876.2 10747.4 22.2 216 0 23.5 14.9 10.0 2.5 2 0 4 5 5
-4678.5 10146.0 28.9 215 0 18.0 18.6 10.0 2.5 2 1 4 1 1
-1751.2 9167.7 -25.9 298 0 15.3 34.4 7.5 2.5 2 1 3 2 2
6808.3 9400.9 -66.8 61 0 14.3 12.4 7.5 2.5 2 0 3 2 2
-3319.2 1125.3 -57.4 88 0 16.7 15.3 10.5 3.5 2 0 3 2 2
-3531.3 1832.1 -34.5 88 0 28.1 45.7 17.5 0.0 0 1 5 5 5
-3706.2 2000.3 -19.6 86 0 6.1 38.9 10.5 3.5 2 1 3 0 0
-3692.8 2000.0 -20.6 84 0 12.0 20.0 14.0 3.5 2 1 4 0 0
-3729.5 1860.1 -21.1 357 0 32.6 18.7 17.5 0.0 0 0 5 5 5
-3902.2 1858.7 -11.9 267 0 24.2 34.5 17.5 0.0 0 1 5 4 4
-3715.2 2091.2 -17.9 86 0 26.5 14.8 17.5 3.5 2 0 5 1 1
-3641.0 2080.8 -24.7 266 0 37.7 74.7 17.5 0.0 0 1 5 4 4
-3700.2 2183.5 -19.1 226 0 25.0 22.9 17.5 3.5 2 0 5 5 5
-3853.6 1951.9 -11.8 355 0 29.7 24.9 14.0 0.0 0 0 4 5 5
-2813.8 2100.3 -57.8 345 0 39.6 13.0 10.0 2.5 2 0 4 0 0
-2821.8 2128.8 -57.8 343 0 19.8 13.0 10.0 2.5 2 0 4 1 1
-2790.9 2088.6 -57.8 165 0 41.4 15.6 14.0 3.5 2 0 4 3 3
-3331.0 2384.2 -38.8 295 0 10.5 6.1 10.5 3.5 4 0 3 1 1
-3440.8 1928.2 -37.1 86 0 10.5 16.1 14.0 3.5 2 1 4 0 0
-3480.3 1438.2 -35.9 68 0 20.2 13.7 17.5 3.5 2 0 5 3 3
-3503.0 1449.0 -34.3 249 0 9.7 21.5 10.5 3.5 2 1 3 3 3
-3388.5 1677.5 -44.0 358 0 20.1 27.4 17.5 3.5 2 1 5 1 1
-3398.7 1598.4 -42.5 89 0 19.2 10.9 17.5 3.5 4 0 5 5 5
-3333.4 1852.7 -44.5 359 0 16.9 18.8 14.0 3.5 2 1 4 2 2
-3339.1 1946.2 -43.5 357 0 11.7 20.5 14.0 3.5 2 1 4 0 0
-3363.9 1944.5 -42.0 357 0 11.0 18.1 14.0 3.5 2 1 4 0 0
-3384.6 1976.5 -40.7 267 0 12.1 26.4 14.0 3.5 4 1 4 2 2
-3350.4 2000.0 -41.9 266 0 21.7 17.1 14.0 3.5 2 0 4 4 4
-3158.7 1742.9 -51.0 89 0 30.8 16.6 17.5 3.5 2 0 5 4 4
-4101.9 1894.4 5.0 81 0 16.1 23.5 14.0 3.5 2 1 4 0 0
-4076.7 1920.8 1.7 360 0 11.7 14.9 14.0 0.0 0 1 4 2 2
-3736.5 1650.8 -24.1 89 0 23.5 22.7 14.0 3.5 2 0 4 2 2
-3714.0 1785.1 -23.3 345 0 11.2 14.9 14.0 3.5 2 1 4 3 3
-3901.8 1866.4 -10.9 88 0 23.3 20.9 17.5 3.5 2 0 5 5 5
-3985.3 1874.7 -5.8 271 0 18.7 12.1 17.5 3.5 2 0 5 4 4
-3955.5 1955.2 -7.7 267 0 23.0 77.3 17.5 0.0 0 1 5 4 4
-3659.5 2208.8 -21.4 178 0 16.1 24.8 17.5 3.5 2 1 5 3 3
-3807.7 2093.6 -12.0 265 0 7.7 9.0 10.5 3.5 2 1 3 1 1
-4077.1 2317.8 7.5 145 0 15.4 14.3 17.5 3.5 2 0 5 4 4
-1605.5 4137.8 -49.8 48 0 25.2 27.9 10.0 2.5 2 1 4 3 3
-2926.7 1818.8 -55.4 289 0 16.6 13.6 10.5 0.0 0 0 3 2 2
-2833.5 1753.3 -58.2 119 0 13.9 25.5 14.0 3.5 4 1 4 1 1
-2844.0 1781.7 -57.5 119 0 13.9 25.5 14.0 3.5 2 1 4 0 0
-2853.5 1810.1 -57.4 119 0 13.9 25.5 14.0 3.5 2 1 4 2 2
-2863.9 1837.8 -57.3 119 0 13.9 25.5 14.0 3.5 2 1 4 1 1
-2873.1 1867.0 -57.2 119 0 13.9 25.5 14.0 3.5 2 1 4 5 5
-2871.4 1917.0 -57.0 299 0 13.9 25.5 14.0 3.5 2 1 4 3 3
-2892.0 1788.0 -56.4 290 0 13.9 25.5 14.0 3.5 2 1 4 5 5
-2884.4 1804.9 -56.3 20 0 25.5 13.9 14.0 3.5 2 0 4 2 2
-2871.2 1781.7 -57.0 290 0 13.9 25.5 14.0 0.0 0 1 4 5 5
-2939.7 1843.7 -55.4 108 0 13.9 25.6 14.0 3.5 2 1 4 1 1
-2910.5 1875.1 -55.8 17 0 13.9 25.5 14.0 0.0 0 1 4 0 0
-2904.3 1895.0 -56.1 17 0 13.9 25.5 14.0 3.5 2 1 4 5 5
-2899.3 1834.8 -56.0 18 0 13.9 25.5 14.0 3.5 2 1 4 2 2
-2956.6 1782.7 -54.9 109 0 16.6 13.6 10.5 0.0 0 0 3 2 2
-2923.2 1779.1 -55.5 19 0 13.6 16.6 10.5 3.5 2 1 3 4 4
-2905.4 1719.0 -57.3 99 0 26.8 19.6 14.0 3.5 2 0 4 5 5
-2869.1 1712.5 -58.3 99 0 28.3 18.9 10.5 3.5 2 0 3 1 1
-2809.3 1704.0 -59.9 161 0 10.9 22.4 10.5 3.5 2 1 3 1 1
-2801.8 1683.4 -60.5 160 0 19.6 21.3 10.5 3.5 4 1 3 4 4
-2777.6 1646.8 -61.3 70 0 19.5 23.1 10.5 3.5 2 1 3 5 5
-2771.5 1633.8 -62.3 251 0 20.7 20.9 14.0 0.0 0 1 4 3 3
-2767.8 1591.4 -62.9 161 0 20.9 20.7 10.5 3.5 2 0 3 3 3
-2761.3 1572.2 -63.1 161 0 9.5 21.4 10.5 3.5 2 1 3 4 4
-2741.8 1520.2 -64.6 161 0 9.5 21.4 10.5 3.5 2 1 3 2 2
-2733.9 1497.7 -64.6 161 0 20.9 20.7 10.5 3.5 2 0 3 0 0
-2716.5 1447.9 -64.6 161 0 9.5 21.4 10.5 3.5 2 1 3 3 3
-3218.3 2175.7 -44.9 87 0 22.3 13.8 17.5 3.5 2 0 5 5 5
-3274.8 2310.0 -40.4 356 0 20.7 14.7 14.0 3.5 2 0 4 0 0
-3276.0 2338.5 -40.8 356 0 20.4 16.1 14.0 3.5 2 0 4 1 1
-3265.2 2160.6 -42.4 356 0 15.2 20.4 17.5 3.5 2 1 5 1 1
-3267.2 2180.0 -42.3 356 0 15.2 20.4 17.5 3.5 2 1 5 3 3
-3269.0 2200.7 -42.1 354 0 15.2 20.3 17.5 3.5 2 1 5 2 2
-3268.2 2218.0 -41.8 356 0 11.3 23.3 17.5 3.5 2 1 5 1 1
-3269.7 2233.5 -41.5 354 0 10.9 23.1 17.5 3.5 2 1 5 0 0
-3283.1 2251.9 -41.3 264 0 24.7 10.4 17.5 0.0 0 0 5 2 2
-3170.6 2227.7 -46.3 267 0 10.3 19.7 17.5 3.5 2 1 5 3 3
-3321.7 2182.6 -40.8 177 0 15.8 21.1 17.5 3.5 2 1 5 1 1
-3356.4 2275.9 -36.8 356 0 19.8 13.4 17.5 0.0 0 0 5 3 3
-3562.9 2237.1 -26.1 265 0 27.1 13.9 17.5 3.5 2 0 5 2 2
-2774.0 1517.0 -64.1 256 0 23.7 15.8 14.0 3.5 4 0 4 2 2
-2778.9 1560.8 -62.7 338 0 14.3 20.3 10.5 3.5 2 1 3 2 2
-2813.1 1638.8 -60.5 2 0 13.6 22.8 14.0 3.5 2 1 4 4 4
-2855.1 1622.4 -60.2 92 0 22.8 13.6 14.0 3.5 2 0 4 5 5
-2898.8 1616.7 -59.7 182 0 13.6 22.8 14.0 3.5 2 1 4 4 4
-2882.9 1651.3 -59.3 251 0 22.8 13.6 14.0 3.5 2 0 4 0 0
-2853.4 1661.7 -59.8 251 0 22.8 13.6 14.0 0.0 0 0 4 2 2
-3676.0 2030.4 -20.7 354 0 10.5 16.9 14.0 3.5 2 1 4 5 5
-3676.3 2046.9 -20.1 355 0 10.3 14.6 14.0 3.5 2 1 4 2 2
-3421.2 2032.6 -37.7 176 0 18.2 29.7 17.5 0.0 0 0 5 5 5
-3385.0 2023.9 -38.3 85 0 11.4 20.7 17.5 3.5 2 0 5 1 1
-3356.9 2313.7 -36.0 355 0 8.5 19.2 10.5 3.5 2 1 3 0 0
-3826.4 1867.8 -16.1 174 0 21.1 18.1 14.0 3.5 2 0 4 5 5
-3156.8 2076.7 -49.1 356 0 15.8 11.1 17.5 3.5 2 0 5 0 0
-3166.4 2165.1 -47.0 268 0 10.4 17.2 17.5 3.5 4 1 5 3 3
-3132.8 2166.8 -48.7 266 0 11.2 18.8 14.0 3.5 2 1 4 2 2
-3308.5 1885.2 -45.6 179 0 22.4 15.3 14.0 3.5 2 0 4 1 1
-2882.6 1589.1 -60.4 251 0 19.6 13.1 10.5 3.5 2 0 3 3 3
-2873.0 1554.4 -61.1 71 0 19.6 13.1 10.5 3.5 2 0 3 5 5
-2829.0 1567.9 -61.4 71 0 19.6 13.1 10.5 3.5 2 0 3 4 4
-2850.3 1560.5 -61.2 72 0 12.2 14.1 10.5 3.5 2 1 3 5 5
-2846.8 1600.8 -60.8 250 0 9.7 14.0 10.5 3.5 4 1 3 2 2
-2860.2 1506.1 -62.6 73 0 20.2 12.5 10.5 3.5 2 0 3 5 5
-2869.2 1538.9 -61.9 253 0 20.2 12.5 10.5 3.5 2 0 3 0 0
-2847.1 1546.7 -62.2 253 0 12.6 14.7 10.5 3.5 2 1 3 5 5
-2836.1 1511.0 -62.9 73 0 12.6 14.7 10.5 3.5 4 1 3 2 2
-2819.9 1516.6 -63.0 73 0 12.6 14.7 10.5 3.5 2 1 3 2 2
-2852.6 1455.0 -63.2 73 0 12.6 14.7 14.0 3.5 2 1 4 4 4
-2830.0 1457.9 -63.4 75 0 9.6 16.3 10.5 3.5 2 1 3 1 1
-2846.5 1434.9 -63.4 258 0 15.7 17.7 14.0 3.5 2 1 4 1 1
-2847.0 1401.2 -63.5 168 0 17.7 15.7 14.0 3.5 2 0 4 1 1
-2826.5 1441.0 -63.6 257 0 9.8 17.9 10.5 3.5 2 1 3 3 3
-2813.5 1444.3 -63.7 257 0 9.8 17.9 10.5 0.0 0 1 3 1 1
-2790.9 1405.5 -63.8 77 0 9.7 17.9 10.5 3.5 2 1 3 3 3
-2785.6 1451.1 -63.9 257 0 9.8 17.9 10.5 0.0 0 1 3 5 5
-2731.4 1433.5 -64.3 346 0 15.8 23.7 14.0 3.5 2 1 4 4 4
-2942.4 1742.8 -55.8 10 0 17.7 15.7 10.5 3.5 2 0 3 2 2
-3043.2 1788.1 -53.3 269 0 17.1 31.9 14.0 3.5 2 1 4 3 3
-3041.6 1718.1 -54.0 89 0 17.1 31.9 14.0 3.5 2 1 4 5 5
-3013.2 1678.5 -55.8 268 0 15.8 23.9 10.5 3.5 4 1 3 4 4
-3042.4 1608.2 -56.1 179 0 10.3 15.8 10.5 3.5 2 1 3 3 3
-3044.4 1623.1 -55.9 179 0 10.3 15.8 10.5 3.5 2 1 3 4 4
-3002.4 1626.8 -56.5 358 0 10.3 15.8 10.5 3.5 2 1 3 5 5
-3003.8 1515.9 -59.4 268 0 15.8 10.3 10.5 3.5 2 0 3 1 1
-2994.9 1495.8 -59.7 359 0 10.3 15.8 10.5 3.5 2 1 3 1 1
-3036.7 1472.6 -59.1 179 0 10.3 15.8 10.5 3.5 2 1 3 5 5
-2996.2 1461.2 -59.9 358 0 22.0 13.2 10.5 3.5 2 0 3 4 4
-3069.8 1773.8 -52.5 359 0 31.9 17.1 17.5 3.5 2 0 5 0 0
-3068.4 1735.4 -53.1 359 0 31.9 17.1 17.5 3.5 2 0 5 4 4
-3115.4 1772.8 -51.9 179 0 31.9 17.1 17.5 3.5 2 0 5 3 3
-3064.8 1668.1 -54.3 359 0 14.7 14.6 14.0 3.5 2 0 4 4 4
-3107.7 1667.6 -53.6 180 0 14.7 14.6 14.0 3.5 2 0 4 5 5
-3064.5 1650.6 -54.6 359 0 11.2 14.3 14.0 3.5 2 1 4 2 2
-3107.8 1651.4 -53.9 179 0 11.2 14.3 14.0 3.5 2 1 4 0 0
-3064.0 1604.8 -55.2 359 0 11.2 14.3 14.0 3.5 2 1 4 4 4
-3092.8 1566.1 -55.7 270 0 15.3 13.0 14.0 3.5 2 0 4 0 0
-3100.6 1528.0 -56.6 178 0 8.8 16.5 10.5 3.5 2 1 3 0 0
-3097.2 1473.2 -57.3 178 0 8.8 16.5 10.5 3.5 2 1 3 4 4
-3096.4 1458.7 -57.4 178 0 8.8 16.5 10.5 3.5 2 1 3 4 4
-3056.0 1485.8 -58.0 358 0 8.8 16.5 10.5 3.5 2 1 3 1 1
-3055.2 1461.0 -58.1 358 0 8.8 16.5 10.5 3.5 2 1 3 4 4
-3121.2 1422.5 -57.1 269 0 11.4 20.0 14.0 3.5 2 1 4 4 4
-3136.5 1422.5 -56.6 269 0 11.4 20.0 14.0 3.5 2 1 4 1 1
-3181.0 1426.6 -55.4 273 0 11.5 20.0 14.0 3.5 2 1 4 1 1
-3196.3 1428.2 -54.9 273 0 11.5 20.0 14.0 3.5 4 1 4 2 2
-3216.5 1428.8 -54.4 273 0 11.4 20.0 14.0 3.5 2 1 4 4 4
-3235.9 1482.1 -52.8 1 0 15.3 12.9 14.0 3.5 2 0 4 3 3
-3259.1 1494.6 -52.3 273 0 11.4 20.0 14.0 3.5 4 1 4 0 0
-3287.1 1496.6 -51.6 270 0 18.0 14.8 14.0 3.5 4 0 4 5 5
-3117.2 1445.2 -56.4 3 0 20.0 11.4 14.0 3.5 2 0 4 1 1
-3139.7 1436.5 -56.0 93 0 11.5 20.0 14.0 3.5 2 1 4 5 5
-3156.4 1437.8 -55.5 93 0 11.4 20.0 14.0 3.5 2 1 4 4 4
-3178.3 1448.4 -55.0 183 0 20.0 11.4 14.0 3.5 4 0 4 3 3
-3154.2 1486.6 -55.3 273 0 11.4 20.0 14.0 3.5 2 1 4 0 0
-3138.5 1485.3 -55.8 273 0 11.4 20.0 14.0 3.5 2 1 4 4 4
-3117.2 1474.3 -56.3 357 0 20.0 11.4 14.0 3.5 2 0 4 3 3
-3144.6 1567.3 -54.4 269 0 10.9 16.1 14.0 3.5 2 1 4 0 0
-3122.8 1557.5 -55.0 358 0 19.9 11.3 14.0 3.5 4 0 4 3 3
-3171.1 1540.6 -54.6 191 0 15.8 18.1 14.0 3.5 2 1 4 1 1
-3176.3 1513.6 -55.0 184 0 20.6 18.2 14.0 3.5 4 0 4 4 4
-3184.1 1542.7 -53.7 7 0 14.6 20.5 14.0 3.5 2 1 4 3 3
-3181.3 1560.5 -53.3 7 0 14.6 20.5 14.0 3.5 2 1 4 3 3
-3215.7 1569.4 -52.8 276 0 17.4 19.9 14.0 0.0 0 1 4 4 4
-3243.0 1524.2 -52.5 2 0 25.1 10.9 17.5 3.5 2 0 5 0 0
-3292.6 1570.8 -50.6 272 0 13.8 17.0 17.5 3.5 2 1 5 4 4
-3297.1 1541.5 -50.8 182 0 11.1 7.4 10.5 0.0 0 0 3 3 3
-3292.6 1626.5 -49.6 269 0 17.5 17.2 17.5 3.5 2 0 5 5 5
-3291.9 1586.7 -50.0 89 0 17.5 17.2 17.5 3.5 2 0 5 2 2
-3269.6 1586.4 -50.6 89 0 19.5 14.9 17.5 3.5 2 0 5 5 5
-3235.8 1593.7 -51.2 359 0 14.9 19.5 17.5 0.0 0 1 5 0 0
-3269.6 1624.5 -50.2 269 0 19.5 14.9 17.5 3.5 2 0 5 3 3
-3236.6 1618.0 -50.8 359 0 14.9 19.5 17.5 3.5 2 1 5 2 2
-3183.8 1583.9 -52.7 90 0 18.1 15.8 14.0 3.5 2 0 4 0 0
-3192.4 1626.4 -52.1 270 0 18.1 15.8 14.0 3.5 4 0 4 5 5
-3170.3 1626.4 -52.6 270 0 18.1 15.8 14.0 3.5 2 0 4 1 1
-3215.7 1625.9 -51.5 267 0 15.7 18.2 14.0 3.5 2 1 4 4 4
-3140.7 1628.0 -53.5 269 0 27.2 19.2 14.0 3.5 2 0 4 0 0
-3155.3 1581.6 -53.6 89 0 27.2 19.2 14.0 3.5 2 0 4 0 0
-3293.0 1640.3 -49.2 89 0 17.5 17.2 17.5 3.5 2 0 5 3 3
-3294.4 1689.8 -48.9 269 0 16.8 23.6 17.5 3.5 2 1 5 2 2
-3238.2 1647.7 -50.4 359 0 14.9 19.5 17.5 3.5 2 1 5 5 5
-3270.7 1639.6 -49.8 89 0 19.5 14.9 17.5 3.5 2 0 5 0 0
-3189.7 1640.7 -51.8 88 0 15.7 18.2 17.5 3.5 2 1 5 4 4
-3167.2 1640.9 -52.4 88 0 15.7 18.2 17.5 3.5 2 1 5 0 0
-3149.5 1642.2 -52.7 88 0 9.4 19.9 10.5 3.5 2 1 3 0 0
-3138.0 1690.2 -52.6 267 0 11.0 22.6 17.5 0.0 0 1 5 3 3
-3223.9 1650.6 -51.1 180 0 14.2 14.7 17.5 3.5 2 1 5 0 0
-3212.4 1686.3 -50.9 269 0 23.5 16.9 17.5 0.0 0 0 5 2 2
-3184.3 1686.8 -51.5 269 0 17.5 17.2 17.5 3.5 2 0 5 3 3
-3243.1 1711.3 -49.3 359 0 20.2 14.2 14.0 3.5 4 0 4 1 1
-3299.5 1701.0 -48.2 89 0 12.2 21.3 14.0 3.5 2 1 4 1 1
-3279.7 1702.3 -48.6 89 0 10.8 19.1 14.0 3.5 2 1 4 5 5
-3243.9 1737.6 -48.9 359 0 11.5 21.1 14.0 3.5 2 1 4 5 5
-3244.1 1752.3 -48.7 359 0 11.5 21.0 14.0 3.5 2 1 4 5 5
-3244.6 1767.7 -48.3 359 0 11.5 21.0 14.0 3.5 2 1 4 3 3
-3306.0 1736.4 -48.0 178 0 11.5 23.2 14.0 3.5 2 1 4 2 2
-3306.3 1751.0 -47.7 179 0 10.1 20.4 14.0 3.5 2 1 4 3 3
-3244.6 1786.9 -47.8 359 0 16.8 13.4 14.0 3.5 2 0 4 3 3
-3300.5 1793.2 -46.4 270 0 7.6 7.3 10.5 3.5 2 0 3 3 3
-3307.2 1836.6 -46.0 179 0 11.4 18.1 14.0 3.5 2 1 4 3 3
-3307.4 1850.9 -45.8 179 0 11.4 18.1 14.0 3.5 2 1 4 0 0
-3307.9 1864.2 -45.8 180 0 10.1 22.8 14.0 3.5 2 1 4 5 5
-3299.3 1926.5 -45.5 269 0 18.1 11.4 14.0 3.5 2 0 4 5 5
-3308.2 1905.9 -45.7 179 0 11.4 18.1 14.0 3.5 2 1 4 4 4
-3254.5 1839.9 -47.0 2 0 14.5 19.5 14.0 3.5 2 1 4 1 1
-3254.7 1859.1 -46.8 2 0 14.5 19.5 14.0 3.5 2 1 4 5 5
-3253.7 1876.6 -46.7 2 0 14.5 19.5 14.0 3.5 2 1 4 2 2
-3253.0 1892.3 -46.7 3 0 10.0 21.9 10.5 3.5 2 1 3 0 0
-3252.9 1914.8 -46.7 359 0 22.6 22.0 14.0 3.5 2 0 4 1 1
-3233.1 1866.3 -47.7 268 0 12.0 22.5 17.5 3.5 2 1 5 4 4
-3204.4 1868.0 -48.6 268 0 11.0 23.3 17.5 3.5 2 1 5 3 3
-3190.2 1868.5 -49.0 268 0 11.0 23.3 17.5 0.0 0 1 5 4 4
-3188.4 1816.9 -49.0 88 0 11.0 23.3 17.5 3.5 2 1 5 1 1
-3174.1 1817.2 -49.4 88 0 11.0 23.3 17.5 3.5 2 1 5 5 5
-3137.8 1824.1 -50.1 358 0 11.0 23.2 17.5 0.0 0 1 5 1 1
-3151.9 1872.3 -50.0 267 0 19.8 11.0 17.5 3.5 2 0 5 0 0
-3138.2 1838.2 -50.2 357 0 11.0 19.8 17.5 3.5 2 1 5 0 0
-3246.0 1824.6 -48.0 181 0 21.5 20.1 17.5 3.5 2 0 5 2 2
-3120.4 1853.3 -51.1 177 0 10.4 16.1 14.0 3.5 2 1 4 3 3
-3120.1 1839.8 -51.2 178 0 10.2 21.5 14.0 3.5 2 1 4 5 5
-3119.2 1823.6 -51.1 178 0 12.7 21.8 14.0 3.5 4 1 4 5 5
-3110.6 1875.3 -51.2 268 0 21.8 12.7 14.0 3.5 2 0 4 4 4
-3065.3 1874.1 -52.2 284 0 16.4 10.1 14.0 3.5 2 0 4 3 3
-3062.5 1851.4 -52.1 13 0 8.9 14.4 10.5 3.5 2 1 3 4 4
-3065.4 1835.6 -51.9 8 0 11.0 23.2 14.0 3.5 2 1 4 3 3
-3082.4 1810.6 -51.8 98 0 23.8 15.9 14.0 3.5 2 0 4 1 1
-3047.2 1848.3 -52.8 194 0 9.9 15.7 10.5 3.5 2 1 3 1 1
-3031.8 1868.4 -53.1 284 0 20.4 13.1 14.0 0.0 0 0 4 3 3
-3021.5 1802.7 -53.3 106 0 23.1 16.7 14.0 3.5 2 0 4 2 2
-2981.7 1799.3 -53.8 17 0 13.2 21.7 14.0 3.5 2 1 4 1 1
-2975.8 1816.5 -54.1 17 0 13.2 21.7 14.0 3.5 4 1 4 2 2
-2976.8 1855.7 -54.3 286 0 16.1 13.7 14.0 3.5 2 0 4 1 1
-3036.2 1879.8 -53.1 103 0 16.4 12.2 14.0 3.5 2 0 4 5 5
-3033.7 1899.5 -52.9 85 0 15.8 8.9 10.5 3.5 2 0 3 0 0
-3012.5 1933.0 -53.2 278 0 9.3 19.9 10.5 0.0 0 1 3 0 0
-3003.2 1875.7 -53.9 106 0 9.7 18.9 10.5 3.5 4 1 3 5 5
-2990.9 1872.1 -54.1 106 0 9.8 18.9 10.5 3.5 2 1 3 3 3
-2970.9 1866.6 -54.6 105 0 17.5 13.2 14.0 3.5 2 0 4 4 4
-2956.1 1887.0 -54.8 15 0 13.2 17.5 14.0 3.5 2 1 4 0 0
-2905.3 1937.0 -56.2 87 0 9.8 17.1 10.5 3.5 2 1 3 1 1
-2884.9 1938.7 -56.8 88 0 15.6 10.3 14.0 3.5 2 0 4 1 1
-2955.7 2000.4 -54.7 356 0 9.9 16.9 10.5 3.5 4 1 3 0 0
-2993.2 2028.8 -53.9 267 0 14.6 17.5 14.0 3.5 2 1 4 0 0
-3077.6 1895.5 -51.6 358 0 13.1 19.8 14.0 3.5 2 1 4 4 4
-3087.6 1934.3 -51.4 266 0 19.8 13.1 14.0 3.5 2 0 4 0 0
-3076.8 1912.6 -51.4 357 0 10.2 20.1 14.0 3.5 2 1 4 3 3
-3127.8 1967.6 -50.3 176 0 10.4 22.3 17.5 3.5 2 1 5 4 4
-3128.9 1981.7 -50.3 176 0 10.4 22.3 17.5 3.5 2 1 5 5 5
-3078.6 1985.3 -51.1 356 0 10.4 22.3 17.5 3.5 2 1 5 5 5
-3078.4 1970.7 -51.1 356 0 9.0 15.7 10.5 3.5 2 1 3 0 0
-3078.1 1954.9 -51.1 358 0 13.7 20.6 17.5 0.0 0 1 5 1 1
-3079.4 2009.7 -51.2 358 0 23.4 8.9 10.5 3.5 2 0 3 5 5
-3096.9 2020.7 -50.8 268 0 8.9 23.4 10.5 0.0 0 1 3 0 0
-3111.4 2020.1 -50.5 268 0 12.2 24.3 17.5 3.5 2 1 5 3 3
-3144.8 1905.2 -49.6 355 0 9.2 13.8 10.5 3.5 2 1 3 3 3
-3171.9 1883.4 -49.0 88 0 10.5 22.6 14.0 3.5 2 1 4 1 1
-3237.3 1901.7 -47.5 178 0 10.0 13.7 10.5 0.0 0 1 3 4 4
-3229.0 1930.4 -47.4 275 0 11.0 16.9 14.0 3.5 2 1 4 1 1
-3183.7 1933.6 -48.6 265 0 9.3 15.0 10.5 3.5 2 1 3 0 0
-3145.2 1928.7 -49.6 355 0 18.8 10.8 14.0 0.0 0 0 4 1 1
-3203.2 1879.7 -48.2 88 0 11.0 23.3 14.0 3.5 2 1 4 4 4
-3187.9 1880.2 -48.6 88 0 11.0 23.3 14.0 3.5 2 1 4 2 2
-3149.4 1986.0 -49.1 357 0 9.9 16.8 10.5 3.5 4 1 3 1 1
-3150.9 2011.0 -49.1 357 0 7.8 10.5 10.5 3.5 2 1 3 5 5
-3194.6 1951.6 -47.9 87 0 10.2 18.1 17.5 3.5 2 1 5 4 4
-3199.2 2013.1 -47.9 267 0 10.2 18.1 17.5 3.5 2 1 5 2 2
-3219.9 1980.0 -47.6 177 0 9.9 16.8 10.5 3.5 2 1 3 4 4
-3299.3 1944.5 -45.2 87 0 20.8 10.2 17.5 3.5 2 0 5 4 4
-3280.8 1945.7 -45.5 88 0 9.2 14.4 10.5 0.0 0 1 3 5 5
-3267.1 1946.2 -45.9 89 0 10.2 20.5 17.5 3.5 2 1 5 2 2
-3253.8 1946.6 -46.3 88 0 9.3 26.1 10.5 3.5 2 1 3 1 1
-3315.3 2047.3 -41.6 177 0 14.1 8.5 10.5 3.5 2 0 3 2 2
-3310.5 2085.4 -41.3 266 0 15.0 27.9 17.5 3.5 2 1 5 1 1
-3293.3 2086.6 -42.0 267 0 10.3 23.7 17.5 3.5 2 1 5 5 5
-3279.0 2087.7 -42.8 266 0 10.3 23.7 17.5 3.5 2 1 5 4 4
-3265.3 2088.3 -43.4 267 0 9.2 17.7 10.5 3.5 2 1 3 1 1
-3251.0 2090.0 -44.2 267 0 9.2 17.7 10.5 3.5 4 1 3 3 3
-3236.8 2091.1 -45.1 267 0 11.5 24.1 17.5 3.5 2 1 5 2 2
-3173.1 2041.0 -48.7 87 0 8.7 16.5 10.5 3.5 2 1 3 2 2
-3080.5 2051.9 -51.6 266 0 26.0 11.5 17.5 3.5 2 0 5 0 0
-3033.7 2050.6 -52.6 356 0 9.5 10.3 10.5 3.5 2 1 3 4 4
-3262.2 2143.4 -42.5 357 0 13.1 25.6 17.5 3.5 2 1 5 4 4
-3111.4 2233.1 -49.1 265 0 8.2 18.2 10.5 3.5 2 1 3 5 5
-3124.4 2231.4 -48.5 265 0 8.2 18.2 10.5 3.5 2 1 3 1 1
-3113.1 2184.0 -49.5 85 0 20.6 15.9 14.0 0.0 0 0 4 5 5
-3108.8 2376.9 -48.7 101 0 10.5 14.9 10.5 3.5 2 1 3 5 5
-3315.2 2251.0 -39.7 267 0 23.7 18.2 17.5 3.5 4 0 5 3 3
-3261.7 2112.2 -42.4 356 0 11.3 23.3 17.5 3.5 2 1 5 4 4
-3180.7 2164.0 -46.4 268 0 10.4 17.2 17.5 3.5 4 1 5 3 3
-3158.7 2126.8 -47.7 358 0 19.8 11.6 17.5 3.5 2 0 5 0 0
-3242.0 2172.9 -43.7 88 0 11.3 19.7 17.5 3.5 2 1 5 2 2
-3183.4 2176.7 -46.1 88 0 11.3 19.7 17.5 3.5 2 1 5 5 5
-3213.8 2225.1 -44.5 266 0 9.9 17.6 10.5 3.5 2 1 3 5 5
-3221.2 2332.7 -43.5 102 0 8.8 16.3 10.5 3.5 2 1 3 3 3
-3249.3 2382.0 -42.6 279 0 10.0 18.1 14.0 0.0 0 1 4 4 4
-3228.7 2377.4 -43.6 280 0 19.4 16.2 14.0 0.0 0 0 4 2 2
-3272.4 2272.9 -40.9 358 0 11.4 22.1 14.0 3.5 2 1 4 5 5
-3272.6 2288.1 -40.7 358 0 11.3 22.1 14.0 3.5 2 1 4 3 3
-3318.5 2265.6 -39.1 87 0 20.0 30.2 14.0 0.0 0 1 4 3 3
-3330.4 2315.2 -38.5 177 0 29.9 21.6 14.0 0.0 0 0 4 1 1
-3332.4 2339.1 -38.8 177 0 11.1 22.4 14.0 3.5 2 1 4 2 2
-3338.9 2460.9 -39.7 177 0 20.4 16.1 17.5 3.5 2 0 5 3 3
-3337.4 2423.4 -39.6 177 0 20.4 16.1 17.5 3.5 4 0 5 1 1
-3285.7 2445.1 -41.5 357 0 20.4 16.1 17.5 3.5 2 0 5 4 4
-3292.7 2473.7 -41.2 357 0 20.4 16.1 17.5 3.5 4 0 5 3 3
-3289.0 2414.6 -41.0 357 0 20.4 16.1 17.5 3.5 2 0 5 1 1
-3346.0 2552.6 -40.8 177 0 12.3 19.6 10.5 3.5 2 1 3 1 1
-3464.8 2180.8 -33.5 176 0 7.9 23.1 10.5 0.0 0 1 3 2 2
-3409.8 2366.1 -34.8 175 0 9.8 22.8 10.5 3.5 2 1 3 5 5
-3420.4 2281.0 -33.2 357 0 9.4 20.2 10.5 3.5 2 1 3 1 1
6570.5 7612.9 -64.9 270 0 23.7 68.9 10.0 0.0 0 1 4 3 3
6527.7 7548.7 -65.3 90 0 31.6 16.4 15.0 0.0 0 0 6 0 0
6842.3 7552.0 -62.6 359 0 43.2 48.6 10.0 0.0 0 1 4 4 4
6850.3 7501.9 -65.1 359 0 37.9 57.3 12.5 0.0 0 1 5 3 3
6850.8 7394.1 -66.0 359 0 37.5 63.1 10.0 0.0 0 1 4 3 3
6851.0 7339.9 -66.7 359 0 38.7 66.2 10.0 0.0 0 1 4 4 4
6850.6 7293.5 -66.7 359 0 24.0 49.9 10.0 2.5 2 1 4 4 4
6850.3 7232.9 -67.6 359 0 39.4 64.3 12.5 0.0 0 1 5 1 1
6850.4 7163.8 -67.9 359 0 30.6 48.1 12.5 0.0 0 1 5 3 3
6827.3 7087.7 -68.5 89 0 59.5 48.9 10.0 0.0 0 0 4 1 1
6839.4 7011.6 -69.7 359 0 63.4 51.0 10.0 0.0 0 0 4 2 2
6662.9 7017.8 -72.0 179 0 43.4 72.7 12.5 0.0 0 1 5 1 1
6575.2 7124.7 -74.7 359 0 30.6 103.0 10.0 0.0 0 1 4 2 2
6441.9 6852.0 -76.6 179 0 24.6 41.3 10.0 0.0 0 1 4 5 5
6467.1 6950.5 -76.5 180 0 14.6 15.0 7.5 2.5 2 1 3 0 0
6553.4 6954.0 -75.2 359 0 12.3 21.7 7.5 2.5 2 1 3 3 3
6480.7 6746.4 -76.0 179 0 20.1 11.4 5.0 2.5 2 0 2 2 2
6535.9 6733.0 -76.1 359 0 13.9 15.1 5.0 2.5 2 1 2 0 0
6557.0 6734.1 -76.2 359 0 14.6 15.2 5.0 0.0 0 1 2 4 4
6579.8 6736.8 -76.2 359 0 17.8 7.8 5.0 2.5 2 0 2 5 5
6673.3 6631.3 -75.6 90 0 44.6 22.5 10.0 0.0 0 0 4 1 1
6742.6 6631.7 -74.0 90 0 28.8 45.2 10.0 0.0 0 0 4 0 0
6719.2 6631.8 -74.3 90 0 18.0 45.2 10.0 2.5 2 0 4 2 2
6768.2 6699.1 -72.7 90 0 12.8 17.1 7.5 2.5 2 1 3 3 3
6771.8 6665.2 -72.9 90 0 16.3 31.6 5.0 2.5 2 1 2 5 5
6852.7 6690.4 -72.5 0 0 44.7 65.1 12.5 0.0 0 1 5 4 4
6851.2 6642.8 -72.9 0 0 26.9 68.4 10.0 0.0 0 1 4 4 4
6852.9 6564.9 -73.7 0 0 37.2 70.8 10.0 0.0 0 1 4 0 0
6853.6 6513.2 -74.1 0 0 35.0 68.9 12.5 0.0 0 1 5 0 0
6841.2 6464.3 -73.8 0 0 33.8 21.6 10.0 0.0 0 0 4 1 1
6853.5 6412.9 -74.2 0 0 43.5 30.9 15.0 0.0 0 0 6 4 4
6820.5 6403.9 -74.9 0 0 18.7 31.4 7.5 2.5 2 1 3 5 5
6852.9 6362.9 -75.1 0 0 33.7 70.1 12.5 0.0 0 1 5 5 5
6847.0 6322.1 -74.7 0 0 18.2 67.7 10.0 2.5 4 1 4 4 4
6853.8 6212.8 -74.8 0 0 34.6 63.1 10.0 0.0 0 1 4 1 1
6856.2 6163.5 -74.9 0 0 35.3 75.7 15.0 0.0 0 1 6 3 3
6823.5 6045.9 -73.1 90 0 61.4 33.9 10.0 0.0 0 0 4 1 1
6772.9 6072.0 -73.5 180 0 20.3 11.0 5.0 0.0 0 0 2 2 2
6777.9 6008.9 -70.6 90 0 10.2 21.6 5.0 2.5 2 1 2 2 2
6661.3 6346.3 -74.6 180 0 19.7 89.8 7.5 0.0 0 0 3 0 0
6658.5 6325.9 -74.7 180 0 21.1 92.7 7.5 0.0 0 0 3 1 1
6671.9 6229.7 -75.4 90 0 31.6 49.3 7.5 0.0 0 1 3 1 1
6739.2 6154.5 -75.0 90 0 28.6 48.7 10.0 0.0 0 1 4 5 5
6690.9 6154.4 -75.3 90 0 65.4 48.7 7.5 0.0 0 0 3 0 0
6754.2 6053.2 -72.6 180 0 17.6 13.0 5.0 2.5 4 0 2 5 5
6759.6 6120.8 -74.8 270 0 10.7 25.9 12.5 2.5 2 1 5 3 3
6703.5 6126.6 -75.3 270 0 93.9 50.5 12.5 0.0 0 0 5 1 1
6469.2 5874.3 -75.6 270 0 15.5 41.7 10.0 2.5 2 1 4 5 5
6537.5 5874.6 -75.6 270 0 117.8 83.3 10.0 0.0 0 0 4 4 4
-3773.5 1938.4 -17.5 179 0 21.6 12.3 14.0 3.5 2 0 4 5 5
-3751.2 1968.1 -19.2 263 0 19.3 35.7 14.0 3.5 2 1 4 1 1
-4087.0 2010.1 1.9 237 0 16.7 28.5 17.5 3.5 2 1 5 3 3
-3717.5 2270.2 -16.5 224 0 16.2 22.7 17.5 3.5 2 0 5 1 1
-3686.1 2297.8 -17.7 228 0 11.4 22.2 17.5 3.5 2 1 5 4 4
-3455.9 2652.9 -38.1 267 0 67.0 52.6 10.5 0.0 0 0 3 2 2
-3475.0 2664.7 -38.6 94 0 64.0 30.4 14.0 0.0 0 0 4 2 2
-3473.2 2746.4 -39.6 273 0 55.6 31.4 14.0 0.0 0 0 4 3 3
-3504.1 2761.0 -37.7 83 0 19.0 26.6 14.0 3.5 2 1 4 3 3
-3405.8 2699.3 -41.4 266 0 37.5 33.6 10.5 0.0 0 0 3 4 4
-3406.7 2748.2 -42.3 266 0 33.4 31.7 14.0 0.0 0 0 4 5 5
-3410.5 2797.6 -42.5 266 0 31.5 31.8 14.0 0.0 0 1 4 2 2
-3412.9 2829.8 -42.6 265 0 29.9 17.5 10.5 3.5 2 0 3 2 2
-3415.3 2873.0 -42.9 86 0 31.1 31.6 14.0 0.0 0 1 4 2 2
-3434.9 2937.5 -43.3 176 0 30.5 30.2 14.0 0.0 0 0 4 2 2
-3438.4 2987.3 -44.1 176 0 30.0 31.0 14.0 0.0 0 1 4 4 4
-3448.6 2984.9 -42.1 358 0 32.6 13.1 14.0 3.5 2 0 4 3 3
-3480.6 2997.6 -41.1 268 0 18.7 66.2 14.0 3.5 2 1 4 3 3
-3390.0 2454.9 -37.6 175 0 10.7 20.3 14.0 3.5 4 1 4 0 0
-3370.7 2438.2 -37.4 357 0 11.9 6.1 10.5 3.5 2 0 3 5 5
