-6620.2 -215.4 -370.6 252 0 55.7 31.4 7.5 0.0 0 0 3 1 1
-3673.1 -4873.7 -338.5 79 0 15.1 23.7 12.5 2.5 2 1 5 4 4
6676.8 2132.0 377.3 185 0 11.7 41.3 10.0 2.5 4 1 4 5 5
-6458.8 -9755.5 -383.3 72 0 19.1 13.4 12.5 2.5 2 0 5 5 5
-6211.8 -9654.6 -364.8 74 0 16.0 13.2 5.0 2.5 4 0 2 1 1
-6414.1 -10770.2 -393.4 179 0 16.0 17.0 12.5 2.5 2 1 5 5 5
-5907.0 -7465.5 -342.3 352 0 13.1 21.3 10.0 2.5 2 1 4 2 2
-5607.1 -7753.4 -303.3 264 0 17.7 10.2 10.0 2.5 2 0 4 3 3
-6292.8 -9742.7 -368.6 274 0 15.6 23.0 10.0 2.5 2 1 4 5 5
-6274.2 -8009.0 -360.2 272 0 22.2 14.7 10.0 2.5 2 0 4 5 5
-5773.8 -7062.8 -357.7 111 0 23.8 15.9 12.5 2.5 2 0 5 2 2
-5666.2 -6612.6 -365.5 22 0 15.7 13.6 7.5 2.5 2 0 3 3 3
-6327.0 -127.1 -360.6 350 0 8.5 7.3 5.0 2.5 2 0 2 4 4
-6369.8 -103.2 -360.6 167 0 7.7 9.8 5.0 0.0 0 1 2 3 3
-6365.0 -76.3 -359.8 259 0 9.4 7.1 5.0 2.5 2 0 2 0 0
-6363.8 -53.5 -359.0 354 0 8.2 6.3 2.5 2.5 2 0 1 1 1
-6368.1 -45.9 -358.8 79 0 7.2 8.5 5.0 2.5 2 1 2 1 1
-6352.1 -126.9 -361.0 81 0 7.6 9.0 5.0 2.5 2 1 2 0 0
-6307.7 -132.6 -360.1 82 0 11.2 11.9 5.0 2.5 2 1 2 2 2
-6286.8 -129.6 -359.5 73 0 8.6 9.1 5.0 2.5 2 1 2 0 0
-3661.8 -4829.2 -340.3 89 0 11.8 19.4 12.5 2.5 2 1 5 4 4
-638.1 7921.2 268.9 323 0 11.3 13.3 10.0 2.5 2 1 4 4 4
