4223.8 -4355.7 -61.2 181 0 10.8 19.3 2.5 2.5 2 1 1 5 5
-1801.2 -9402.8 -4.1 49 0 18.4 23.1 12.5 2.5 2 1 5 4 4
-1507.8 -9509.1 -46.5 107 0 21.1 35.8 10.0 0.0 0 1 4 1 1
-1915.1 -9384.7 -15.4 56 0 20.1 47.8 10.0 0.0 0 1 4 5 5
6393.4 5969.7 -70.4 18 0 46.3 26.2 7.5 0.0 0 0 3 1 1
-511.1 -10970.5 -70.3 83 0 16.6 15.3 10.0 0.0 0 0 4 2 2
-524.2 -10941.1 -72.4 173 0 11.6 22.1 7.5 2.5 2 1 3 4 4
-473.6 -10962.7 -76.4 132 0 4.2 8.9 5.0 2.5 2 0 2 0 0
-478.6 -10944.9 -75.7 314 0 3.2 10.3 5.0 2.5 2 0 2 4 4
-476.4 -10962.6 -76.5 43 0 13.5 12.2 5.0 2.5 2 0 2 3 3
4753.2 -2415.2 -55.6 115 0 10.8 21.3 5.0 2.5 2 1 2 0 0
6647.7 -184.8 -57.6 10 0 26.5 23.5 12.5 0.0 0 0 5 1 1
5241.6 -2169.4 -72.1 132 0 17.3 12.6 5.0 2.5 2 0 2 0 0
4531.5 -2459.0 -54.7 26 0 15.6 17.4 10.0 2.5 2 1 4 3 3
388.7 -9972.7 -78.0 211 0 135.9 78.2 12.5 0.0 0 0 5 0 0
474.0 -9923.5 -77.3 120 0 29.2 29.8 10.0 0.0 0 1 4 5 5
5163.4 276.9 3.3 341 0 10.7 20.2 10.5 2.5 2 1 3 1 1
5145.7 294.6 2.9 160 0 24.3 10.8 10.0 2.5 2 0 4 3 3
4332.3 5391.9 -46.8 78 0 14.1 14.6 5.0 2.5 2 1 2 5 5
6881.7 5638.6 -70.0 2 0 21.1 14.0 12.5 2.5 2 0 5 2 2
5808.5 -1591.5 -71.0 41 0 24.4 22.4 10.0 2.5 2 0 4 4 4
6562.1 -209.5 -53.3 57 0 10.1 8.2 2.5 2.5 2 0 1 5 5
6541.7 -238.9 -55.5 147 0 22.8 16.4 10.0 2.5 2 0 4 2 2
3619.1 -3789.5 -35.2 243 0 21.7 14.6 10.0 2.5 2 0 4 3 3
2625.8 -5203.6 -55.1 52 0 14.1 13.3 7.5 0.0 0 0 3 3 3
2604.7 -5164.4 -52.3 322 0 19.2 14.1 12.5 2.5 2 0 5 3 3
1655.5 -6071.9 -63.9 43 0 12.3 16.7 5.0 2.5 2 1 2 1 1
1837.6 5729.9 9.9 335 0 12.4 14.7 7.5 2.5 2 1 3 3 3
-6238.0 1391.7 50.6 348 0 10.5 18.3 5.0 2.5 2 1 2 4 4
-908.9 7599.4 -14.3 148 0 10.4 13.6 2.5 2.5 2 1 1 1 1
-1123.7 6740.5 1.5 69 0 15.9 35.7 12.5 2.5 2 1 5 3 3
-1145.5 6724.5 0.7 69 0 13.2 45.9 15.0 2.5 2 1 6 1 1
-1162.4 6702.0 -1.7 69 0 14.6 60.8 12.5 2.5 2 1 5 4 4
-1199.0 6664.1 -3.8 69 0 14.1 82.7 10.0 2.5 2 0 4 4 4
-1235.2 6650.0 -3.6 69 0 10.2 13.8 8.0 2.5 2 0 2 5 5
-1224.7 6647.1 -3.7 69 0 17.9 20.3 7.5 2.5 2 0 3 1 1
-1254.2 6734.5 -3.8 249 0 15.6 70.2 10.0 2.5 2 1 4 0 0
-1256.9 6642.6 -3.7 77 0 15.8 97.9 7.5 2.5 2 1 3 2 2
343.1 6377.2 -19.2 272 0 43.9 9.8 7.5 0.0 0 0 3 3 3
392.6 6366.1 -16.6 272 0 44.8 11.8 12.5 0.0 0 0 5 2 2
286.8 6258.4 -19.3 95 0 12.5 51.2 15.0 2.5 4 1 6 4 4
264.0 6285.9 -19.1 185 0 49.5 12.5 10.0 2.5 2 0 4 2 2
330.1 6241.4 -20.1 96 0 13.5 56.7 7.5 2.5 4 1 3 0 0
349.2 6330.1 -19.5 1 0 43.6 13.3 12.5 2.5 2 0 5 2 2
290.7 6373.0 -20.2 268 0 15.1 48.9 12.5 2.5 2 1 5 5 5
310.8 6377.0 -20.0 268 0 12.8 64.7 7.5 2.5 2 1 3 2 2
-1438.4 10959.6 30.3 60 0 29.5 79.7 12.5 0.0 0 1 5 4 4
-1520.2 10973.9 29.9 150 0 106.3 29.2 10.0 0.0 0 0 4 4 4
-1392.5 10763.8 29.7 60 0 27.3 14.1 10.0 2.5 2 0 4 5 5
-1376.0 10810.1 29.7 330 0 11.8 51.2 7.5 2.5 4 1 3 3 3
-1433.3 10806.8 29.7 150 0 13.1 51.2 10.0 2.5 2 1 4 1 1
-1392.7 10849.8 30.1 60 0 13.6 48.4 10.0 2.5 2 1 4 3 3
-1328.4 10840.4 30.1 60 0 41.7 31.2 10.0 0.0 0 0 4 4 4
-1399.0 10970.5 30.1 240 0 29.5 107.3 10.0 0.0 0 1 4 3 3
-1436.0 10948.8 30.1 240 0 23.2 55.5 7.5 2.5 2 1 3 2 2
-1461.0 10872.0 29.7 150 0 107.3 29.2 10.0 0.0 0 0 4 2 2
-2086.9 9567.2 -2.3 190 0 13.8 111.5 12.5 2.5 4 1 5 4 4
-1950.1 9513.3 -2.8 6 0 12.9 112.9 12.5 2.5 2 1 5 4 4
-1953.8 9477.3 -3.5 6 0 14.1 112.9 12.5 2.5 2 1 5 3 3
-2090.5 9444.8 -4.6 183 0 13.2 113.2 12.5 2.5 2 1 5 3 3
-2092.6 9403.2 -5.5 183 0 13.2 113.2 12.5 2.5 2 1 5 2 2
-1970.0 9240.4 -8.4 3 0 13.4 112.0 17.5 2.5 2 1 7 1 1
-1971.6 9211.8 -8.9 3 0 13.8 112.0 10.0 2.5 2 1 4 5 5
-1973.1 9184.2 -9.5 3 0 13.8 112.0 10.0 2.5 4 1 4 1 1
-1972.9 9155.2 -10.0 3 0 13.6 112.1 10.0 2.5 2 1 4 4 4
-2030.9 9122.1 -10.9 93 0 112.1 13.3 10.0 2.5 2 0 4 3 3
-2061.1 9036.4 -13.2 3 0 14.0 114.8 12.5 0.0 0 1 5 1 1
-2107.4 8958.1 -14.3 5 0 13.6 116.4 10.0 0.0 0 1 4 3 3
-1751.6 9690.3 1.7 186 0 13.7 111.4 12.5 0.0 0 1 5 0 0
-1633.1 9584.2 -1.8 6 0 13.6 112.8 10.0 2.5 2 1 4 2 2
-1646.3 9457.3 -5.6 6 0 13.4 112.8 10.0 2.5 2 1 4 5 5
-1751.8 9532.7 -3.7 186 0 13.7 112.8 10.0 2.5 2 1 4 3 3
-1473.8 9807.0 4.8 7 0 14.6 110.1 10.0 0.0 0 1 4 5 5
-1478.0 9774.8 4.6 7 0 13.9 110.1 10.0 2.5 2 1 4 3 3
-1471.1 9740.1 3.9 7 0 15.2 121.4 7.5 0.0 0 1 3 3 3
-1475.6 9705.7 3.0 7 0 14.6 121.4 10.0 0.0 0 1 4 5 5
-1100.4 9736.3 5.3 237 0 23.8 35.0 7.5 0.0 0 1 3 5 5
-1042.6 9704.1 4.7 57 0 5.7 57.6 7.5 2.5 2 1 3 1 1
-1023.2 9783.7 4.1 237 0 6.4 58.3 7.5 2.5 4 1 3 3 3
-2003.3 5233.3 32.4 271 0 14.7 24.7 10.0 2.5 2 0 4 0 0
-2007.5 5161.0 33.3 91 0 16.9 15.8 12.5 2.5 2 0 5 1 1
-2389.4 8729.5 -20.0 150 0 13.3 43.9 15.0 0.0 0 1 6 4 4
-2340.3 8779.6 -19.1 330 0 13.6 43.3 12.5 2.5 2 1 5 4 4
-2907.3 7527.6 -15.5 306 0 75.1 23.2 12.5 0.0 0 0 5 2 2
-3042.8 7541.1 -16.7 253 0 76.8 10.5 17.5 2.5 2 0 7 0 0
-3074.1 7512.3 -16.6 163 0 9.8 76.8 7.5 2.5 2 1 3 3 3
-2991.1 5672.1 -0.4 166 0 11.4 36.2 10.0 2.5 4 1 4 0 0
5257.1 -2079.0 -70.3 207 0 13.3 12.5 5.0 2.5 2 0 2 4 4
5274.4 -2060.5 -70.0 297 0 12.5 13.3 5.0 2.5 4 1 2 3 3
-6289.4 1108.8 46.5 56 0 9.4 10.2 7.5 2.5 4 1 3 0 0
-6337.5 1242.3 44.0 352 0 10.0 10.1 5.0 2.5 2 1 2 5 5
-6159.6 1357.0 54.9 150 0 9.2 17.3 7.5 2.5 2 1 3 1 1
-6108.1 1029.9 67.1 291 0 8.8 6.7 2.5 2.5 2 0 1 3 3
-6120.3 1007.4 65.0 309 0 55.2 13.1 10.0 2.5 2 0 4 5 5
-6144.6 1093.1 57.6 120 0 43.4 10.1 12.5 2.5 2 0 5 1 1
-6172.9 1092.0 57.4 260 0 6.7 8.6 5.0 2.5 2 1 2 0 0
1242.5 -6510.0 -67.3 221 0 15.9 27.7 12.5 2.5 2 1 5 3 3
1257.9 -6493.3 -67.7 221 0 15.9 27.7 10.0 2.5 4 1 4 2 2
1604.1 -6082.4 -63.4 222 0 28.1 30.4 10.0 0.0 0 1 4 2 2
3990.0 -3832.8 -48.4 40 0 14.7 15.9 5.0 2.5 2 1 2 4 4
3979.3 -3849.0 -48.3 41 0 13.3 15.4 5.0 2.5 2 1 2 5 5
3938.9 -3882.2 -47.8 129 0 18.8 16.4 7.5 2.5 2 0 3 3 3
5865.6 -1477.6 -67.9 145 0 13.2 8.9 7.5 2.5 2 0 3 5 5
5844.3 -1448.4 -66.1 147 0 9.1 7.3 2.5 2.5 2 0 1 0 0
5812.6 -1406.3 -63.5 145 0 10.9 8.2 5.0 2.5 4 0 2 2 2
5834.9 -1394.0 -63.6 327 0 5.3 11.5 2.5 2.5 2 1 1 5 5
6125.9 -1262.8 -61.2 44 0 13.8 8.3 5.0 2.5 2 0 2 4 4
6144.4 -1251.3 -61.3 45 0 21.3 8.5 7.5 2.5 2 0 3 3 3
6173.7 -1254.4 -62.8 42 0 21.0 8.1 5.0 0.0 0 0 2 2 2
6163.4 -1236.3 -61.2 44 0 20.6 8.1 2.5 2.5 4 0 1 5 5
6112.1 -1222.5 -58.8 252 0 19.1 10.8 5.0 2.5 2 0 2 5 5
6092.2 -1246.9 -58.8 136 0 7.7 13.9 7.5 2.5 2 1 3 3 3
6072.6 -1222.3 -57.0 161 0 9.8 26.9 7.5 2.5 2 1 3 4 4
6109.9 -1198.9 -56.9 221 0 19.9 11.0 2.5 2.5 2 0 1 0 0
6152.8 -1177.0 -52.9 218 0 28.2 10.5 10.0 2.5 2 0 4 4 4
6168.4 -1143.6 -49.7 258 0 29.1 10.4 12.5 2.5 2 0 5 0 0
6216.8 -1202.4 -59.6 45 0 13.4 24.9 15.0 0.0 0 1 6 1 1
6342.9 -1094.4 -55.6 280 0 19.0 11.3 7.5 2.5 2 0 3 5 5
6363.7 -1094.1 -55.3 261 0 19.0 11.0 7.5 2.5 2 0 3 5 5
6341.5 -1065.9 -51.7 266 0 28.1 11.1 10.0 2.5 2 0 4 2 2
6368.8 -1064.7 -51.2 268 0 19.5 11.0 2.5 2.5 2 0 1 1 1
6399.6 -1066.3 -51.5 281 0 27.3 10.7 10.0 2.5 2 0 4 5 5
6430.5 -1081.2 -53.5 306 0 26.3 10.8 12.5 2.5 2 0 5 0 0
6415.1 -1131.4 -60.3 4 0 18.6 11.0 7.5 2.5 2 0 3 3 3
6417.3 -1151.1 -63.9 346 0 18.1 12.4 2.5 2.5 2 0 1 0 0
6425.1 -1174.5 -66.6 334 0 17.9 11.0 5.0 2.5 2 0 2 5 5
6438.7 -1189.5 -69.5 307 0 19.4 10.5 5.0 2.5 2 0 2 5 5
6462.7 -1181.5 -69.2 210 0 18.3 11.3 7.5 2.5 2 0 3 0 0
