-6775.1 -10853.7 -48.6 117 0 24.9 58.7 5.0 2.5 2 1 2 0 0
-6876.3 -10794.7 -48.8 113 0 21.2 70.5 12.5 2.5 2 1 5 4 4
-6799.2 -10628.5 -49.7 296 0 21.5 86.9 7.5 0.0 0 1 3 1 1
-3551.8 -779.5 -24.3 233 0 15.1 12.2 5.0 0.0 0 0 2 2 2
891.6 -2151.0 -40.5 90 0 36.8 23.1 10.0 0.0 0 0 4 5 5
-4755.3 -2848.3 -46.3 184 0 12.8 13.2 5.0 2.5 2 1 2 3 3
1947.0 2747.2 -2.5 55 0 16.2 13.8 2.5 2.5 2 0 1 1 1
640.0 -2619.2 -42.3 39 0 23.6 37.2 7.5 0.0 0 1 3 4 4
1173.9 -2204.8 -40.5 71 0 22.6 37.3 7.5 0.0 0 1 3 1 1
575.2 -2354.1 -40.3 116 0 23.3 37.1 10.0 0.0 0 1 4 5 5
613.4 -2225.5 -40.8 125 0 37.9 24.0 12.5 0.0 0 0 5 4 4
1607.1 -3144.8 -41.5 109 0 38.0 24.2 10.0 0.0 0 0 4 4 4
1552.8 -2887.9 -40.1 133 0 18.9 30.9 10.0 2.5 2 1 4 3 3
1686.7 -2813.9 -40.4 95 0 18.4 31.0 7.5 2.5 2 1 3 1 1
1750.1 -2748.2 -40.7 54 0 17.8 30.7 7.5 2.5 2 1 3 3 3
1741.9 -3284.2 -41.0 136 0 38.2 23.6 7.5 0.0 0 0 3 3 3
-295.7 -4521.6 -44.9 95 0 32.3 18.3 10.0 2.5 2 0 4 1 1
1966.9 -2716.8 -39.8 77 0 30.2 17.2 10.0 0.0 0 0 4 0 0
-440.4 -4775.7 -46.3 42 0 19.1 32.1 7.5 0.0 0 1 3 0 0
-374.0 -4599.5 -44.8 42 0 19.2 32.1 10.0 0.0 0 1 4 5 5
1711.2 -2898.8 -40.0 132 0 19.3 32.4 5.0 0.0 0 1 2 3 3
-3722.1 1696.9 43.7 66 0 10.3 7.3 5.0 2.5 2 0 2 2 2
706.1 -2706.3 -42.3 63 0 37.3 22.9 10.0 0.0 0 0 4 3 3
1029.5 -2134.4 -40.4 115 0 38.6 23.4 7.5 0.0 0 0 3 3 3
428.4 -2545.3 -40.1 79 0 36.1 21.9 7.5 0.0 0 0 3 3 3
462.8 -2640.7 -41.8 96 0 37.9 23.0 17.5 0.0 0 0 7 5 5
771.5 -2267.6 -40.8 45 0 37.0 22.7 5.0 0.0 0 0 2 0 0
751.9 -2145.2 -40.5 104 0 22.4 37.7 10.0 0.0 0 1 4 5 5
1790.9 -3115.3 -41.2 142 0 38.6 23.7 10.0 0.0 0 0 4 5 5
-525.1 -4849.8 -46.9 123 0 18.2 31.9 10.0 2.5 4 1 4 5 5
-283.1 -4620.0 -42.5 54 0 31.3 20.1 10.0 0.0 0 0 4 0 0
-451.0 -4662.6 -45.3 134 0 32.5 18.3 7.5 2.5 2 0 3 0 0
1635.4 -3425.2 -41.3 99 0 23.6 37.7 5.0 0.0 0 1 2 3 3
1881.8 -2834.7 -40.6 94 0 31.3 18.3 7.5 2.5 2 0 3 5 5
1822.4 -2729.0 -40.3 235 0 17.6 30.4 7.5 2.5 2 1 3 2 2
725.2 -2415.8 -40.7 124 0 36.8 23.0 10.0 0.0 0 0 4 0 0
486.0 -2428.4 -40.6 78 0 22.8 37.6 7.5 0.0 0 1 3 1 1
