-4652.3 -10223.9 -14.0 42 0 23.8 110.2 5.0 0.0 0 1 2 3 3
-2556.2 -7757.1 -9.3 283 0 231.7 64.6 10.0 0.0 0 0 4 3 3
-1825.2 -9583.1 -13.9 357 0 88.0 49.5 10.5 0.0 0 0 3 0 0
-1832.2 -9479.6 -13.6 356 0 78.3 57.7 10.5 0.0 0 0 3 1 1
-2378.3 -7799.2 -8.4 283 0 89.3 58.5 10.0 0.0 0 0 4 4 4
-4785.4 -10438.7 -14.7 99 0 19.5 191.3 7.5 0.0 0 1 3 2 2
-1747.7 -9524.7 -13.6 358 0 71.3 50.4 10.5 0.0 0 0 3 4 4
765.0 -3711.8 5.9 333 0 13.9 17.7 2.5 0.0 0 1 1 3 3
-5231.6 -4714.3 -1.4 325 0 15.1 20.2 10.5 3.5 2 1 3 5 5
-4622.7 -3955.7 0.3 236 0 20.9 21.8 7.5 2.5 2 1 3 3 3
-4386.4 -4131.5 -0.1 346 0 27.9 66.8 10.0 0.0 0 1 4 0 0
-4418.2 -4240.6 -0.4 148 0 29.4 50.1 10.0 0.0 0 1 4 1 1
-4382.6 -4315.2 -0.9 154 0 24.1 35.8 15.0 0.0 0 1 6 2 2
334.5 -4568.9 -1.1 282 0 44.2 36.7 10.0 0.0 0 0 4 4 4
-5287.4 -4733.3 -1.4 357 0 19.1 3.7 10.5 3.5 2 0 3 1 1
-5356.2 -4538.1 -0.9 54 0 19.3 23.5 10.5 3.5 2 1 3 2 2
-5367.1 -4449.3 -0.5 212 0 18.1 20.7 10.5 3.5 4 1 3 3 3
-5361.5 -4706.4 -1.3 101 0 11.8 7.1 10.5 3.5 2 0 3 5 5
-5320.5 -4704.6 -1.3 80 0 20.1 18.8 10.5 3.5 2 0 3 3 3
-5298.4 -4703.4 -1.3 91 0 20.1 13.7 10.5 3.5 2 0 3 0 0
-5334.2 -4719.5 -1.5 270 0 25.2 25.4 14.0 3.5 2 1 4 0 0
-5301.0 -4716.8 -1.4 266 0 25.0 7.8 10.5 3.5 2 0 3 5 5
-5215.4 -4712.6 -1.4 191 0 12.4 12.5 14.0 3.5 2 0 4 4 4
-5267.0 -4700.3 -1.4 179 0 14.7 22.8 10.5 0.0 0 1 3 1 1
-5284.1 -4332.4 -0.1 172 0 13.1 18.2 14.0 3.5 4 1 4 5 5
-5286.9 -4316.9 0.0 170 0 14.2 10.2 14.0 3.5 4 0 4 1 1
-5253.7 -4307.5 0.1 260 0 12.2 12.0 14.0 3.5 2 0 4 2 2
-5279.6 -4294.2 0.2 88 0 9.1 8.2 10.5 3.5 2 0 3 4 4
-5284.5 -4282.4 0.2 179 0 8.4 9.4 10.5 3.5 2 0 3 0 0
-5239.2 -4252.3 0.4 254 0 9.7 23.5 10.5 3.5 2 1 3 4 4
-5309.3 -4284.2 0.1 261 0 12.8 11.9 14.0 3.5 2 0 4 3 3
-5332.3 -4322.8 -0.1 171 0 7.3 22.4 10.5 3.5 2 1 3 0 0
-5267.0 -4588.3 -1.0 190 0 14.8 13.9 14.0 3.5 2 0 4 1 1
-5269.6 -4528.0 -0.9 185 0 9.4 20.4 10.5 0.0 0 1 3 0 0
-4934.7 -5370.6 -3.2 145 0 11.6 14.7 14.0 3.5 4 1 4 3 3
-5571.0 -2587.4 1.7 59 0 15.3 18.6 10.0 2.5 2 0 4 0 0
-5577.0 -2591.9 1.7 50 0 9.7 14.5 5.0 2.5 2 0 2 5 5
-5992.0 -2059.9 3.6 234 0 8.7 7.0 5.0 2.5 4 0 2 1 1
-5004.6 -3305.7 0.7 146 0 16.1 27.3 10.0 2.5 2 0 4 3 3
-4981.7 -3277.4 0.8 238 0 14.5 22.2 7.5 2.5 2 0 3 5 5
-6771.5 -621.5 4.5 59 0 14.9 23.7 10.0 0.0 0 1 4 2 2
-847.1 -10218.1 -16.3 87 0 98.5 103.9 14.0 0.0 0 1 4 4 4
-907.3 -9997.4 -14.0 261 0 38.2 89.8 14.0 0.0 0 1 4 5 5
-525.3 -10327.7 -15.0 126 0 20.3 21.9 14.0 3.5 2 1 4 2 2
-370.3 -10584.4 -15.7 133 0 17.1 16.5 14.0 3.5 2 0 4 3 3
-5360.8 -4289.8 0.0 177 0 22.6 21.6 14.0 0.0 0 0 4 3 3
-3719.8 -2807.4 0.3 237 0 18.9 30.1 7.5 2.5 2 1 3 3 3
-5167.0 -5721.3 -2.2 261 0 21.7 11.4 7.5 2.5 2 0 3 1 1
-4647.8 -7005.9 -6.5 72 0 13.2 18.7 5.0 2.5 2 1 2 3 3
631.3 -8990.2 -10.0 168 0 8.4 4.4 10.5 3.5 2 0 3 4 4
650.8 -9001.2 -10.0 349 0 8.8 8.4 10.5 3.5 2 0 3 1 1
626.0 -8978.6 -10.0 171 0 9.2 9.0 10.5 3.5 4 0 3 3 3
616.8 -8960.6 -10.0 348 0 10.9 12.5 14.0 3.5 2 1 4 1 1
612.3 -8937.7 -9.8 353 0 11.8 10.4 14.0 3.5 2 0 4 4 4
604.9 -8916.6 -9.3 93 0 12.0 11.1 14.0 3.5 2 0 4 4 4
603.4 -8886.9 -8.9 168 0 11.9 11.1 14.0 3.5 2 0 4 5 5
629.8 -8881.5 -8.8 349 0 11.6 8.0 10.5 3.5 2 0 3 1 1
625.9 -8860.0 -8.5 350 0 6.1 20.0 10.5 0.0 0 1 3 0 0
597.2 -8860.9 -8.5 176 0 14.0 8.0 10.5 3.5 2 0 3 2 2
595.1 -8847.9 -8.4 167 0 11.2 9.1 10.5 3.5 2 0 3 3 3
614.8 -8825.0 -8.3 350 0 10.8 13.8 14.0 3.5 2 1 4 2 2
588.9 -8821.6 -8.2 163 0 9.1 10.2 10.5 3.5 2 1 3 4 4
607.5 -8803.0 -8.2 350 0 8.3 12.5 10.5 3.5 2 0 3 2 2
577.4 -8760.3 -8.3 163 0 9.3 11.4 10.5 3.5 2 0 3 0 0
570.1 -8740.6 -9.0 164 0 10.2 11.7 14.0 3.5 4 1 4 2 2
563.5 -8710.6 -10.0 157 0 11.5 10.6 14.0 3.5 2 0 4 5 5
561.9 -9140.1 -10.1 2 0 8.7 9.8 10.5 3.5 4 1 3 2 2
564.3 -9049.0 -9.4 12 0 7.6 8.6 10.5 3.5 2 0 3 4 4
566.2 -9056.8 -9.4 10 0 7.4 12.0 10.5 3.5 2 0 3 4 4
556.2 -9035.3 -9.4 8 0 6.9 5.7 10.5 3.5 2 0 3 5 5
567.1 -9037.6 -9.5 9 0 7.8 10.5 10.5 3.5 2 1 3 3 3
550.3 -8976.5 -9.7 184 0 8.7 8.8 10.5 3.5 2 1 3 1 1
565.0 -8991.5 -9.6 13 0 11.5 11.4 10.5 3.5 2 0 3 3 3
576.6 -8970.6 -9.8 10 0 12.0 10.0 10.5 3.5 2 0 3 4 4
483.8 -9099.5 -11.1 91 0 5.2 12.5 10.5 3.5 2 1 3 3 3
468.0 -9129.3 -11.9 181 0 9.6 15.8 10.5 3.5 2 1 3 2 2
774.9 -8812.9 -8.6 298 0 8.7 15.8 10.5 3.5 4 1 3 2 2
756.6 -8805.1 -8.8 298 0 7.9 12.8 10.5 3.5 2 1 3 4 4
731.1 -8867.0 -8.3 104 0 11.3 20.0 14.0 3.5 2 1 4 4 4
676.0 -8799.8 -8.8 193 0 17.8 49.3 14.0 3.5 2 1 4 3 3
788.2 -8787.6 -9.0 300 0 7.4 14.3 10.5 0.0 0 1 3 3 3
773.5 -8797.2 -9.0 121 0 7.9 13.6 10.5 3.5 2 1 3 2 2
763.0 -8790.8 -9.0 120 0 9.5 12.1 10.5 3.5 2 1 3 1 1
745.4 -8782.5 -8.9 119 0 7.4 11.6 10.5 3.5 2 1 3 5 5
738.2 -8779.3 -8.8 120 0 7.9 10.7 10.5 3.5 2 1 3 1 1
702.2 -8760.0 -8.7 120 0 7.3 10.5 10.5 3.5 2 1 3 4 4
645.2 -8734.8 -8.8 116 0 8.9 9.4 10.5 3.5 2 1 3 3 3
627.3 -8726.0 -9.0 114 0 7.7 14.9 10.5 3.5 2 1 3 1 1
611.2 -8719.8 -9.4 114 0 15.2 13.3 14.0 3.5 2 0 4 3 3
675.9 -8773.3 -8.5 31 0 8.3 7.4 10.5 3.5 2 0 3 0 0
663.1 -8785.9 -8.5 27 0 9.4 18.2 10.5 3.5 2 1 3 2 2
619.7 -8744.6 -8.5 247 0 15.4 16.8 14.0 3.5 4 1 4 5 5
722.9 -9066.5 -10.1 85 0 10.1 9.1 10.5 3.5 2 0 3 3 3
698.8 -9058.3 -10.0 169 0 10.1 5.8 10.5 3.5 2 0 3 5 5
697.2 -9049.5 -10.1 171 0 7.8 8.1 10.5 3.5 2 0 3 3 3
694.2 -9041.2 -10.1 173 0 8.1 9.2 10.5 0.0 0 1 3 3 3
748.3 -9064.4 -10.2 73 0 12.2 9.5 10.5 0.0 0 0 3 5 5
749.0 -9033.8 -10.3 345 0 12.8 12.0 14.0 3.5 2 0 4 5 5
744.7 -9014.4 -10.4 348 0 9.2 11.4 10.5 0.0 0 1 3 1 1
741.3 -9003.9 -10.5 348 0 9.3 9.8 10.5 3.5 2 1 3 3 3
735.6 -8967.2 -10.3 352 0 11.0 10.5 14.0 3.5 2 0 4 0 0
690.6 -8966.0 -10.2 171 0 7.1 5.5 10.5 3.5 4 0 3 1 1
681.8 -8965.7 -10.3 170 0 9.7 8.2 10.5 3.5 2 0 3 4 4
686.0 -8948.6 -9.9 179 0 7.8 9.5 10.5 3.5 2 1 3 4 4
680.8 -8950.0 -10.0 177 0 9.9 4.7 10.5 3.5 2 0 3 2 2
677.5 -8936.4 -9.7 175 0 11.6 10.0 14.0 3.5 2 0 4 0 0
696.7 -8931.6 -9.7 175 0 24.5 7.8 10.5 3.5 2 0 3 3 3
697.8 -8893.8 -9.2 266 0 8.0 25.4 10.5 3.5 2 0 3 0 0
674.2 -8887.7 -8.8 178 0 11.7 18.5 14.0 3.5 2 1 4 4 4
657.3 -8963.9 -10.2 171 0 8.4 9.2 10.5 3.5 2 1 3 3 3
684.1 -9076.6 -9.9 86 0 12.1 7.5 10.5 3.5 2 0 3 0 0
661.9 -9066.7 -9.8 352 0 10.0 10.1 10.5 3.5 2 1 3 5 5
657.9 -9042.5 -9.9 351 0 9.3 9.5 10.5 3.5 2 1 3 1 1
656.3 -9033.4 -9.9 358 0 8.4 13.3 10.5 3.5 2 1 3 3 3
613.7 -9063.7 -9.6 86 0 6.6 11.3 10.5 3.5 2 1 3 5 5
627.9 -9043.5 -9.7 355 0 9.7 12.3 10.5 3.5 2 1 3 1 1
624.5 -9034.3 -9.7 355 0 9.5 10.6 10.5 3.5 2 1 3 0 0
592.5 -9017.5 -9.7 181 0 11.9 6.3 10.5 3.5 2 0 3 3 3
775.6 -8899.5 -9.1 276 0 12.1 16.2 14.0 0.0 0 1 4 2 2
787.0 -8940.3 -9.6 96 0 14.5 15.3 14.0 3.5 4 1 4 2 2
864.2 -10372.9 -13.9 252 0 17.2 16.3 14.0 3.5 2 0 4 4 4
791.4 -10373.1 -14.1 174 0 15.6 12.7 10.5 3.5 2 0 3 5 5
1148.0 -9672.6 -11.8 271 0 20.9 10.7 10.5 3.5 2 0 3 3 3
1546.0 -9751.1 -12.9 14 0 8.7 100.9 10.5 3.5 2 1 3 5 5
673.4 -10711.9 -15.4 26 0 7.2 7.9 10.5 3.5 2 1 3 0 0
940.6 -8953.0 -10.0 185 0 6.2 19.7 10.5 3.5 2 1 3 2 2
953.0 -8932.1 -9.7 275 0 18.4 17.6 14.0 0.0 0 0 4 5 5
896.2 -9155.3 -10.1 184 0 12.6 8.0 10.5 3.5 2 0 3 4 4
893.4 -9192.7 -10.0 94 0 12.5 13.3 14.0 3.5 4 1 4 3 3
848.7 -9393.6 -11.6 159 0 22.1 29.5 10.5 0.0 0 1 3 2 2
-5383.2 -6344.0 -4.4 141 0 14.7 15.6 5.0 2.5 4 1 2 5 5
-2221.3 -7692.7 -8.2 148 0 17.2 11.4 7.5 2.5 2 0 3 5 5
-2238.8 -7693.6 -8.0 238 0 30.7 17.1 5.0 2.5 2 0 2 3 3
-1680.3 -8753.8 -9.7 247 0 21.8 13.3 7.5 2.5 2 0 3 4 4
-2407.0 -9600.0 -13.1 330 0 10.4 16.3 5.0 2.5 2 1 2 0 0
-2418.8 -10260.1 -15.0 159 0 13.7 15.1 10.5 3.5 2 1 3 4 4
