-1323.1 8417.4 -279.1 161 0 86.9 19.3 10.0 0.0 0 0 4 3 3
-2381.3 8304.6 -286.6 87 0 119.2 16.3 10.0 0.0 0 0 4 1 1
-6347.4 5401.6 -393.3 360 0 152.9 38.9 14.0 0.0 0 0 4 5 5
-6262.1 5400.2 -392.8 360 0 152.9 38.9 10.5 0.0 0 0 3 2 2
-6315.1 6791.0 -390.3 81 0 21.6 14.3 14.0 3.5 2 0 4 1 1
-6055.0 7151.7 -392.1 236 0 16.0 11.5 14.0 3.5 2 0 4 1 1
-6441.2 8162.5 -399.0 145 0 23.3 23.7 17.5 3.5 2 1 5 5 5
-5744.2 8845.1 -363.3 254 0 19.4 22.3 14.0 0.0 0 1 4 4 4
-5715.9 7215.4 -371.9 77 0 22.7 23.0 14.0 3.5 2 1 4 3 3
-5936.2 8043.8 -389.7 324 0 17.6 20.7 17.5 3.5 2 1 5 1 1
-6280.3 -7755.5 -249.4 79 0 25.8 18.0 15.0 0.0 0 0 6 4 4
-5571.9 -10563.2 414.8 181 0 14.7 16.4 7.5 2.5 2 1 3 5 5
-6072.8 -7056.1 -286.7 108 0 99.1 37.0 10.0 0.0 0 0 4 0 0
-1365.1 -10848.4 -371.5 275 0 29.8 16.1 12.5 2.5 2 0 5 4 4
-5341.2 2754.1 -392.4 353 0 76.1 56.1 10.0 0.0 0 0 4 0 0
-6362.5 5551.8 -392.3 328 0 15.4 17.9 14.0 3.5 2 1 4 0 0
-5783.6 1354.9 -390.6 360 0 62.8 53.6 10.0 0.0 0 0 4 5 5
-4434.2 -1315.8 -398.1 183 0 89.0 46.0 10.0 0.0 0 0 4 0 0
-5985.9 2481.6 -408.8 51 0 38.5 16.4 10.0 2.5 2 0 4 0 0
-5989.0 1709.5 -399.0 79 0 7.1 10.5 5.0 2.5 2 1 2 3 3
-5914.5 1721.2 -397.6 351 0 11.3 38.6 10.0 2.5 2 1 4 1 1
-5986.0 1922.0 -398.6 261 0 44.1 83.7 10.0 0.0 0 0 4 5 5
-5913.6 1890.4 -398.0 352 0 83.8 44.8 17.5 0.0 0 0 7 1 1
-4227.1 -1855.6 -408.1 226 0 17.0 29.1 12.5 0.0 0 1 5 0 0
-4085.9 -1905.1 -402.8 47 0 12.7 57.1 12.5 2.5 2 1 5 5 5
-3547.9 -1261.8 -378.0 244 0 12.3 78.5 12.5 2.5 2 1 5 1 1
-3019.7 2277.6 -355.6 231 0 35.0 24.0 12.5 0.0 0 0 5 0 0
-3804.1 -1648.5 -385.3 71 0 15.6 58.5 10.0 2.5 2 1 4 1 1
-4130.3 -1808.7 -403.7 313 0 75.4 19.6 12.5 2.5 2 0 5 4 4
-3594.7 -1280.1 -378.6 246 0 12.4 89.4 12.5 2.5 4 1 5 3 3
-3683.9 -1353.6 -378.6 159 0 14.3 87.4 12.5 2.5 2 1 5 2 2
-3225.3 -698.8 -370.1 43 0 55.4 11.6 12.5 2.5 2 0 5 0 0
-3232.9 -606.4 -370.2 243 0 13.9 60.3 15.0 2.5 4 1 6 4 4
-4069.0 -1894.9 -401.5 43 0 13.3 35.2 15.0 0.0 0 1 6 5 5
-3385.2 2462.4 -347.1 66 0 19.8 15.6 12.5 0.0 0 0 5 5 5
-3521.0 -1254.7 -377.9 245 0 16.6 67.7 12.5 2.5 2 1 5 4 4
-3245.6 -776.7 -371.0 34 0 14.3 10.7 8.0 2.5 2 0 2 3 3
-3211.0 -595.8 -368.8 241 0 13.9 58.7 12.5 2.5 2 1 5 5 5
-4070.1 -1856.5 -401.0 310 0 58.7 14.0 12.5 2.5 2 0 5 3 3
-4114.4 -1936.9 -405.8 59 0 59.6 12.0 10.0 2.5 2 0 4 0 0
-3940.8 -1880.6 -399.2 293 0 30.4 9.6 5.0 0.0 0 0 2 0 0
-3949.2 -1859.9 -397.6 50 0 9.9 18.0 2.5 2.5 2 1 1 4 4
-3686.8 -1334.8 -376.9 159 0 12.9 84.0 12.5 2.5 4 1 5 4 4
-3676.8 -1393.1 -380.8 160 0 10.3 94.8 12.5 2.5 2 1 5 3 3
-3714.7 -1592.0 -389.6 341 0 80.7 14.9 15.0 2.5 2 0 6 0 0
-3691.1 -1317.3 -375.6 159 0 14.5 76.2 10.0 2.5 2 1 4 0 0
-3755.7 -1560.0 -388.6 251 0 14.5 81.4 10.0 0.0 0 1 4 4 4
-3186.7 -586.4 -367.3 245 0 13.0 51.6 12.5 2.5 2 1 5 5 5
-3669.4 -1411.0 -381.1 160 0 12.0 95.6 10.0 2.5 4 1 4 2 2
-2973.3 2238.1 -353.8 49 0 13.1 26.5 12.5 2.5 2 1 5 4 4
-3270.9 -661.2 -373.0 153 0 60.9 16.2 10.0 2.5 2 0 4 2 2
-4179.3 -1869.9 -405.7 316 0 12.3 5.2 5.0 2.5 2 0 2 0 0
-3284.8 -803.6 -371.5 201 0 13.8 40.5 10.0 2.5 2 1 4 4 4
-4097.5 -2150.7 -408.3 47 0 24.5 30.2 10.0 0.0 0 1 4 5 5
-2920.2 2159.0 -351.4 320 0 30.7 66.3 10.0 0.0 0 1 4 5 5
-3272.5 -741.1 -371.5 134 0 12.5 35.3 10.0 2.5 2 0 4 3 3
-3782.0 -1568.7 -387.6 251 0 15.7 82.8 10.0 2.5 2 1 4 1 1
-2902.5 2115.7 -348.9 48 0 35.7 13.3 12.5 2.5 2 0 5 0 0
-3571.5 -1271.2 -378.4 245 0 14.6 85.6 15.0 2.5 2 1 6 0 0
-3803.0 -1578.5 -386.3 251 0 15.5 67.3 10.0 2.5 2 1 4 4 4
-4207.3 -1319.6 -393.5 9 0 87.5 45.9 12.5 0.0 0 0 5 1 1
-3683.5 -1373.6 -380.4 159 0 12.1 93.5 10.0 0.0 0 1 4 1 1
-3256.4 -617.1 -371.7 241 0 14.1 62.4 10.0 2.5 2 1 4 1 1
-3146.6 -2952.0 -405.0 272 0 82.3 41.7 12.5 0.0 0 0 5 4 4
-3694.2 -1670.5 -390.6 55 0 25.3 16.5 10.0 2.5 4 0 4 4 4
-3244.7 -796.1 -371.3 27 0 11.3 18.2 8.0 2.5 2 1 2 2 2
-3212.9 -2774.3 -402.6 92 0 10.6 47.1 10.0 2.5 2 1 4 2 2
-4628.4 -1374.0 -405.2 92 0 16.6 71.8 10.0 2.5 2 1 4 2 2
-4918.1 -814.0 -396.1 55 0 18.8 11.9 10.0 2.5 2 0 4 3 3
-3178.0 -3531.8 -405.4 91 0 13.0 120.8 12.5 2.5 2 1 5 0 0
-3242.1 -3531.0 -406.2 91 0 13.0 96.5 10.0 2.5 4 1 4 2 2
-3106.1 -3540.8 -403.7 91 0 13.0 120.8 7.5 2.5 2 1 3 3 3
-4692.2 -1120.0 -403.4 238 0 12.1 33.7 12.5 2.5 2 1 5 3 3
-4899.5 -742.6 -395.7 326 0 14.6 31.5 12.5 2.5 2 1 5 4 4
-5997.4 4509.6 -387.7 107 0 18.6 64.4 14.0 3.5 2 0 4 1 1
-6510.8 4984.8 -398.5 347 0 27.6 46.4 14.0 0.0 0 1 4 5 5
-3130.2 -3541.4 -404.2 91 0 13.0 120.8 12.5 2.5 2 1 5 1 1
-3308.4 -3407.0 -406.5 181 0 13.3 96.7 7.5 2.5 2 1 3 2 2
-6001.8 4684.1 -386.3 224 0 20.8 46.7 14.0 3.5 2 1 4 5 5
-3206.4 -3538.4 -405.5 91 0 13.0 104.1 7.5 2.5 2 1 3 0 0
-4704.9 -1141.7 -403.7 239 0 9.2 37.1 7.5 2.5 4 1 3 5 5
-3281.0 -3496.8 -405.4 216 0 11.9 19.4 8.0 2.5 2 1 2 5 5
-4939.0 -788.0 -396.7 56 0 48.9 24.0 15.0 2.5 2 0 6 0 0
-6585.1 5051.4 -399.0 348 0 29.8 34.6 14.0 0.0 0 1 4 0 0
-3154.1 -3531.8 -404.9 91 0 13.0 120.8 12.5 2.5 2 1 5 3 3
-3224.6 -3538.6 -405.8 91 0 13.0 104.1 15.0 2.5 2 1 6 3 3
-4880.5 -730.4 -394.7 328 0 14.4 19.6 12.5 2.5 2 1 5 3 3
-5981.8 4482.9 -387.5 106 0 19.3 78.2 14.0 0.0 0 1 4 4 4
-3307.8 -3384.0 -406.5 181 0 13.8 95.7 10.0 2.5 2 1 4 3 3
-5751.9 4363.1 -382.6 58 0 66.2 79.3 10.0 0.0 0 0 4 0 0
-6438.6 5432.5 -395.9 358 0 130.7 80.1 14.0 0.0 0 0 4 5 5
-4971.5 -830.1 -398.4 57 0 33.0 41.6 15.0 0.0 0 1 6 0 0
-6523.0 5645.7 -397.5 340 0 22.1 18.1 14.0 3.5 2 0 4 5 5
-4895.0 3198.5 -386.2 270 0 11.2 9.4 5.0 2.5 2 0 2 1 1
-2557.5 2349.4 -342.6 49 0 14.9 42.4 10.0 2.5 4 1 4 0 0
-2584.8 2327.3 -342.8 50 0 14.3 40.0 7.5 2.5 2 1 3 3 3
-3058.2 1590.0 -356.1 56 0 13.9 29.3 15.0 0.0 0 1 6 3 3
-3621.1 2663.6 -355.5 82 0 37.0 20.3 10.0 0.0 0 0 4 5 5
-2598.8 2308.1 -342.9 49 0 14.9 42.4 7.5 2.5 2 1 3 2 2
-6879.3 632.2 -429.7 276 0 57.3 27.1 10.0 2.5 2 0 4 4 4
-2542.2 2366.6 -342.6 49 0 14.9 42.4 10.0 2.5 4 1 4 0 0
-4876.1 3189.8 -385.2 272 0 9.9 8.7 5.0 2.5 2 0 2 4 4
-2690.3 2428.8 -345.5 229 0 14.9 42.4 12.5 2.5 2 1 5 0 0
-4856.4 3174.6 -384.4 9 0 9.1 15.4 5.0 2.5 2 1 2 1 1
-5556.2 6071.6 -377.4 241 0 15.2 15.3 14.0 0.0 0 1 4 1 1
-6104.4 4392.2 -392.0 198 0 17.3 18.1 10.5 3.5 2 0 3 5 5
-5621.0 6330.0 -379.7 52 0 21.7 20.0 10.0 2.5 2 0 4 4 4
-4846.6 6009.3 -364.7 248 0 11.0 32.6 10.5 3.5 2 1 3 3 3
-5243.1 1964.6 -378.4 81 0 40.4 61.9 12.5 0.0 0 1 5 2 2
-5239.9 2079.7 -382.6 351 0 73.9 84.0 12.5 0.0 0 1 5 0 0
-5257.9 2172.3 -382.2 351 0 41.1 57.3 10.0 0.0 0 1 4 0 0
-5264.3 2247.0 -380.5 351 0 63.7 74.7 12.5 0.0 0 1 5 5 5
-5196.3 2118.1 -376.9 171 0 116.0 29.7 15.0 0.0 0 0 6 2 2
-5245.8 2387.1 -389.2 171 0 116.4 63.4 12.5 0.0 0 0 5 4 4
-5079.6 2113.5 -373.9 191 0 277.6 162.3 10.0 0.0 0 0 4 4 4
-6104.5 3462.7 -411.4 351 0 18.7 13.0 7.5 2.5 2 0 3 5 5
-6089.0 3458.3 -411.1 81 0 29.2 13.9 10.0 2.5 2 0 4 0 0
-4823.8 6003.2 -363.6 248 0 13.6 15.8 10.5 3.5 2 1 3 1 1
-4945.2 7099.8 -328.5 287 0 15.4 30.2 14.0 3.5 2 1 4 2 2
-6873.1 6690.3 -395.9 91 0 28.7 17.1 14.0 3.5 2 0 4 0 0
-6846.3 6705.1 -396.2 85 0 19.9 56.9 14.0 3.5 2 1 4 1 1
-6907.1 7387.0 -402.5 161 0 17.4 26.3 17.5 0.0 0 1 5 4 4
-6789.2 7753.2 -405.4 177 0 16.7 23.4 14.0 3.5 4 1 4 1 1
-6748.0 7746.4 -405.3 87 0 16.8 22.0 14.0 0.0 0 1 4 5 5
-6725.7 7829.1 -406.0 353 0 46.9 16.1 14.0 0.0 0 0 4 3 3
-6505.7 7641.8 -403.0 262 0 19.1 35.6 17.5 0.0 0 1 5 0 0
-6272.9 7590.5 -397.1 97 0 15.8 23.0 14.0 3.5 2 1 4 2 2
-5880.1 7519.8 -386.1 92 0 11.1 31.9 17.5 3.5 2 1 5 1 1
-6414.9 9529.3 -391.0 92 0 14.7 18.3 14.0 3.5 2 0 4 4 4
-6438.0 9539.2 -391.7 182 0 18.3 16.1 14.0 3.5 2 0 4 1 1
-5927.7 696.3 -380.9 180 0 10.5 14.1 7.5 0.0 0 1 3 4 4
-6702.4 219.5 -415.3 270 0 7.2 5.6 7.5 2.5 2 0 3 3 3
-6711.5 169.5 -417.1 90 0 14.0 34.1 12.5 2.5 4 1 5 5 5
-6120.3 -72.3 -407.7 224 0 34.6 69.5 10.0 0.0 0 1 4 4 4
-6137.1 243.8 -382.3 180 0 44.9 95.6 12.5 0.0 0 1 5 2 2
-6189.7 193.9 -388.2 0 0 85.6 63.2 12.5 0.0 0 0 5 3 3
-6211.4 395.7 -388.3 91 0 34.3 16.1 10.0 2.5 2 0 4 5 5
-6253.1 554.5 -395.0 271 0 52.5 158.3 10.0 0.0 0 0 4 1 1
-5789.4 2646.4 -405.8 262 0 21.3 91.7 12.5 0.0 0 1 5 5 5
-5414.3 2062.1 -384.9 172 0 16.7 62.5 10.0 2.5 2 1 4 5 5
-5507.5 2201.1 -391.3 262 0 60.8 40.4 10.0 0.0 0 0 4 0 0
-5586.5 1872.6 -381.1 90 0 23.2 29.1 12.5 0.0 0 0 5 4 4
-5671.8 1804.0 -386.2 90 0 106.6 37.4 10.0 0.0 0 0 4 5 5
-5650.9 1676.3 -385.3 179 0 45.2 149.9 12.5 0.0 0 1 5 2 2
-5577.6 1312.4 -380.8 351 0 10.3 52.3 12.5 2.5 2 1 5 0 0
-5585.1 1361.6 -383.8 351 0 55.4 82.1 7.5 0.0 0 1 3 0 0
-5515.1 1584.1 -379.9 261 0 70.1 28.6 15.0 0.0 0 0 6 3 3
-5538.2 1502.3 -379.5 171 0 46.5 56.5 12.5 0.0 0 1 5 1 1
-5532.3 1429.8 -379.1 171 0 46.3 76.2 15.0 0.0 0 1 6 0 0
-5508.0 1340.5 -384.4 171 0 89.4 61.1 12.5 0.0 0 0 5 2 2
-5548.3 1239.6 -388.1 351 0 110.7 105.9 10.0 0.0 0 0 4 4 4
-5457.8 2352.1 -384.5 171 0 34.2 57.6 10.0 0.0 0 1 4 4 4
-5450.7 2302.7 -381.5 171 0 31.1 67.3 12.5 0.0 0 1 5 4 4
-5441.5 2261.4 -382.6 172 0 17.5 54.6 7.5 2.5 2 0 3 3 3
-5439.1 2244.1 -383.2 172 0 17.5 54.6 10.0 2.5 2 0 4 2 2
-5428.1 2187.0 -385.2 172 0 20.1 55.0 10.0 2.5 2 0 4 0 0
-5428.8 2166.6 -386.1 172 0 20.3 65.7 10.0 2.5 2 0 4 5 5
-5405.4 2005.3 -380.8 172 0 34.5 63.8 10.0 0.0 0 1 4 2 2
-5424.9 2103.0 -387.5 172 0 35.4 70.2 17.5 0.0 0 1 7 3 3
-5375.9 2443.6 -390.3 261 0 42.5 74.0 10.0 0.0 0 1 4 3 3
-5040.0 3037.7 -387.1 170 0 37.3 91.0 10.0 0.0 0 1 4 1 1
-5031.6 2988.1 -383.9 170 0 35.0 82.0 10.0 0.0 0 1 4 2 2
-5046.5 2849.0 -374.1 260 0 24.8 61.2 10.0 2.5 2 1 4 4 4
-5134.4 2829.1 -378.5 148 0 44.6 22.0 10.0 2.5 4 0 4 3 3
-5119.6 2771.6 -381.0 348 0 26.5 14.3 10.0 2.5 2 0 4 3 3
-5148.9 2687.9 -383.8 81 0 73.2 28.7 12.5 0.0 0 0 5 1 1
-5246.1 2640.5 -383.3 81 0 70.1 59.4 10.0 0.0 0 0 4 5 5
-5284.5 2747.2 -387.8 172 0 55.3 120.6 12.5 0.0 0 1 5 4 4
-5060.5 2705.5 -379.6 170 0 89.4 41.1 10.0 0.0 0 0 4 5 5
-4670.8 2749.7 -361.9 344 0 65.0 50.6 10.0 0.0 0 0 4 3 3
-4739.8 2831.7 -363.1 254 0 59.2 41.1 7.5 0.0 0 0 3 0 0
2766.8 -7935.9 -348.4 289 0 27.1 13.8 12.5 2.5 2 0 5 4 4
2779.5 -7915.8 -348.3 289 0 16.2 23.2 10.0 2.5 2 0 4 2 2
2660.3 -7893.0 -349.0 282 0 11.4 45.9 10.0 2.5 2 1 4 1 1
2675.6 -7948.9 -348.9 102 0 13.7 38.5 10.0 2.5 2 1 4 5 5
2596.0 -7883.7 -349.7 16 0 14.5 27.2 10.0 2.5 2 1 4 0 0
2445.9 -7818.4 -350.3 287 0 72.5 26.2 7.5 0.0 0 0 3 0 0
2824.0 -7421.5 -346.7 97 0 36.9 29.8 10.0 0.0 0 0 4 2 2
2850.1 -7283.1 -345.0 280 0 35.4 10.8 7.5 0.0 0 0 3 1 1
2281.8 -7831.2 -352.3 103 0 45.6 44.4 10.0 0.0 0 0 4 3 3
2209.2 -7814.6 -353.9 103 0 65.3 44.4 10.0 0.0 0 0 4 5 5
1943.4 -7576.5 -357.2 103 0 13.2 30.1 7.5 2.5 2 0 3 5 5
1991.0 -7486.5 -357.2 283 0 39.8 98.4 7.5 0.0 0 0 3 1 1
1923.5 -7486.8 -357.6 284 0 9.8 16.2 8.0 2.5 2 0 2 5 5
1903.8 -7482.0 -357.8 284 0 10.2 16.3 12.0 2.5 2 0 3 3 3
1913.7 -7484.4 -357.7 284 0 10.3 42.2 7.5 2.5 2 0 3 2 2
1882.7 -7633.6 -357.7 103 0 23.7 69.4 5.0 0.0 0 1 2 2 2
1776.6 -7576.3 -359.2 193 0 62.3 90.9 10.0 0.0 0 1 4 0 0
1644.1 -7639.9 -360.3 283 0 27.8 54.8 7.5 0.0 0 1 3 0 0
1629.3 -7734.0 -360.4 103 0 28.0 17.9 10.0 2.5 2 0 4 0 0
1415.6 -7379.2 -362.5 190 0 45.7 61.1 10.0 0.0 0 0 4 2 2
1293.3 -7358.7 -364.6 276 0 21.9 50.1 7.5 2.5 2 1 3 3 3
1335.4 -7368.5 -364.1 276 0 41.7 44.8 7.5 0.0 0 1 3 2 2
1516.6 -7637.3 -361.4 13 0 43.5 39.9 7.5 0.0 0 0 3 2 2
1407.2 -7598.0 -362.5 275 0 37.6 41.8 10.0 0.0 0 1 4 0 0
1301.6 -7555.3 -364.6 83 0 44.9 40.1 7.5 0.0 0 0 3 1 1
1312.5 -7592.1 -364.2 264 0 39.5 53.8 10.0 0.0 0 1 4 0 0
1193.3 -7604.5 -365.0 269 0 23.4 45.1 10.0 0.0 0 1 4 1 1
1031.3 -7593.5 -366.2 284 0 21.0 43.3 5.0 2.5 2 1 2 3 3
1061.9 -7599.2 -365.8 277 0 20.8 45.5 10.0 2.5 2 1 4 3 3
1156.2 -7660.0 -365.2 97 0 20.9 43.9 7.5 2.5 2 1 3 4 4
1129.4 -7605.0 -365.4 268 0 19.1 48.4 10.0 2.5 2 1 4 4 4
1099.5 -7602.6 -365.5 273 0 20.0 47.7 10.0 2.5 4 1 4 4 4
1166.9 -7336.0 -365.6 278 0 36.2 36.4 10.0 0.0 0 0 4 3 3
1228.4 -7348.0 -365.7 279 0 29.8 97.9 10.0 0.0 0 1 4 0 0
1059.3 -7560.5 -366.4 96 0 74.2 116.4 5.0 0.0 0 1 2 0 0
978.4 -7374.6 -367.4 193 0 33.3 76.3 12.5 0.0 0 0 5 0 0
1091.0 -7323.6 -366.5 284 0 42.6 92.6 10.0 0.0 0 0 4 2 2
3364.5 -8016.6 -333.5 25 0 30.5 18.8 10.0 2.5 2 0 4 4 4
3356.4 -7905.4 -332.7 284 0 19.2 36.4 10.0 0.0 0 1 4 0 0
1653.3 -7309.9 -361.9 280 0 22.3 26.1 12.5 2.5 2 1 5 4 4
1750.7 -7252.0 -362.3 282 0 14.4 26.2 10.0 2.5 2 1 4 4 4
1590.4 -7470.8 -361.0 100 0 83.2 62.6 10.0 0.0 0 0 4 2 2
1752.1 -7503.5 -360.2 13 0 172.0 104.0 7.5 0.0 0 0 3 3 3
-6044.0 3142.1 -416.3 351 0 46.3 24.5 7.5 0.0 0 0 3 0 0
-6083.9 3265.5 -416.4 261 0 40.2 105.0 10.0 0.0 0 0 4 2 2
-6356.4 3182.3 -419.4 175 0 11.8 24.9 7.5 2.5 2 1 3 3 3
-6288.4 3194.5 -419.2 85 0 112.8 49.7 10.0 0.0 0 0 4 3 3
-6034.4 2435.0 -409.9 70 0 16.7 22.1 7.5 2.5 2 0 3 0 0
-6168.5 2199.1 -407.3 95 0 16.4 31.6 12.5 2.5 4 1 5 5 5
-6105.6 2245.2 -404.7 75 0 22.2 13.3 7.5 2.5 2 0 3 4 4
-6166.2 2241.2 -407.0 165 0 20.4 48.6 10.0 2.5 2 0 4 1 1
-6007.9 2265.7 -404.1 345 0 18.2 77.4 12.5 2.5 2 1 5 4 4
-6200.0 2383.7 -415.9 90 0 52.9 76.4 12.5 0.0 0 1 5 4 4
-6152.7 2406.1 -414.6 90 0 22.9 94.5 12.5 0.0 0 1 5 1 1
-6345.8 2639.0 -420.8 277 0 44.2 65.8 10.0 0.0 0 1 4 5 5
-5669.0 2902.3 -406.1 144 0 35.0 68.8 12.5 0.0 0 0 5 3 3
-5677.7 2897.0 -406.5 54 0 20.1 37.2 10.0 0.0 0 0 4 1 1
-5695.1 2877.6 -407.1 54 0 30.7 36.2 10.0 0.0 0 0 4 1 1
-5679.9 2955.1 -407.4 54 0 90.6 36.3 10.0 0.0 0 0 4 2 2
-5663.3 3059.7 -408.5 324 0 37.5 98.1 10.0 0.0 0 0 4 2 2
-5895.9 2899.3 -410.3 144 0 54.5 184.4 12.5 0.0 0 0 5 2 2
-5787.2 3069.6 -410.2 324 0 18.3 75.3 7.5 2.5 2 0 3 3 3
-5721.5 3095.1 -410.0 324 0 18.6 151.2 10.0 0.0 0 0 4 1 1
-1244.4 -10664.5 -374.3 187 0 8.6 12.7 2.5 2.5 2 1 1 0 0
-1252.9 -10633.7 -374.3 277 0 25.7 18.6 10.0 2.5 2 0 4 1 1
-1457.8 -10421.9 -362.5 17 0 54.4 14.9 12.5 2.5 2 0 5 3 3
-1134.0 -9872.3 -378.2 103 0 24.6 16.6 7.5 2.5 2 0 3 2 2
-1183.3 -9415.5 -374.0 276 0 21.3 18.5 10.0 2.5 2 0 4 3 3
-1298.9 -9920.0 -370.6 89 0 19.3 19.6 10.0 2.5 2 1 4 2 2
-1299.8 -9832.8 -372.4 181 0 96.3 26.4 10.0 0.0 0 0 4 3 3
-1249.3 -9890.6 -374.9 96 0 18.8 87.9 12.5 0.0 0 1 5 0 0
2101.2 -7692.6 -355.2 103 0 38.2 14.7 7.5 2.5 4 0 3 2 2
2105.3 -7622.9 -355.5 103 0 34.0 23.7 7.5 0.0 0 0 3 2 2
2295.1 -7589.0 -353.7 284 0 51.0 64.8 12.5 0.0 0 0 5 1 1
2250.6 -7559.1 -353.9 284 0 49.9 83.1 7.5 0.0 0 0 3 5 5
2263.3 -7709.1 -353.8 104 0 30.4 51.6 10.0 0.0 0 1 4 5 5
2407.4 -7881.6 -349.8 107 0 29.8 39.6 15.0 2.5 2 1 6 3 3
2519.2 -7932.8 -349.2 273 0 13.1 35.0 7.5 2.5 2 1 3 4 4
2532.5 -7969.9 -349.1 106 0 11.6 41.6 10.0 0.0 0 1 4 4 4
1903.9 -7410.1 -358.5 282 0 82.2 46.9 10.0 0.0 0 0 4 1 1
1809.6 -7418.8 -359.1 192 0 35.8 40.1 10.0 0.0 0 1 4 3 3
-6757.0 7113.6 -399.5 300 0 39.4 36.9 14.0 0.0 0 0 4 0 0
-6817.2 7135.3 -399.9 299 0 25.3 20.0 17.5 3.5 2 0 5 1 1
-6736.2 7113.7 -399.5 116 0 7.4 40.2 10.5 3.5 2 1 3 2 2
-6270.0 1511.9 -421.4 257 0 15.6 47.4 10.0 2.5 2 0 4 0 0
-6243.3 1459.6 -420.9 79 0 6.9 57.1 7.5 2.5 2 1 3 3 3
-6087.7 9746.4 -371.4 324 0 16.2 28.7 10.5 3.5 2 1 3 2 2
-5348.4 6707.0 -357.9 158 0 16.4 24.6 14.0 3.5 2 1 4 4 4
-6313.5 6388.0 -386.1 104 0 18.9 10.9 17.5 3.5 2 0 5 3 3
-6351.9 6403.9 -386.8 195 0 11.0 31.7 17.5 3.5 2 0 5 2 2
-6339.5 6447.0 -387.4 194 0 8.0 20.5 10.5 3.5 2 0 3 3 3
-6341.4 6439.2 -387.3 194 0 8.0 20.5 10.5 3.5 2 0 3 2 2
-6343.3 6431.6 -387.2 194 0 7.7 20.5 10.5 3.5 2 0 3 3 3
-6346.5 6423.8 -387.1 194 0 8.8 25.3 10.5 3.5 2 0 3 5 5
-6328.6 6493.9 -387.8 194 0 9.4 14.7 10.5 3.5 2 0 3 4 4
-6335.6 6466.2 -387.7 194 0 14.4 19.3 17.5 3.5 2 0 5 1 1
-6330.7 6485.5 -387.8 194 0 7.8 21.3 10.5 3.5 2 0 3 2 2
-6273.8 6501.2 -387.3 283 0 5.1 9.0 10.5 3.5 2 0 3 2 2
-6264.8 6498.8 -387.2 285 0 12.9 10.6 17.5 3.5 2 0 5 4 4
-6265.9 6468.5 -387.0 15 0 6.7 20.2 10.5 3.5 2 0 3 5 5
-6268.0 6460.8 -387.0 15 0 9.2 25.4 10.5 3.5 2 0 3 1 1
-6272.4 6444.8 -386.8 15 0 8.6 28.9 10.5 3.5 2 0 3 3 3
-6278.0 6428.8 -386.5 17 0 9.1 23.5 10.5 3.5 4 1 3 2 2
-6282.8 6414.2 -386.3 15 0 9.0 23.2 10.5 3.5 2 1 3 1 1
-6343.7 6503.1 -388.2 15 0 12.0 16.9 14.0 3.5 2 0 4 3 3
-6346.5 6492.2 -388.1 15 0 10.5 12.7 14.0 3.5 2 0 4 2 2
-6387.2 6515.6 -388.7 282 0 8.5 21.3 10.5 3.5 2 0 3 2 2
-6379.2 6515.3 -388.6 283 0 7.2 24.9 10.5 3.5 2 0 3 5 5
-6360.6 6513.8 -388.4 283 0 8.2 26.1 10.5 3.5 2 1 3 5 5
-6369.9 6514.5 -388.5 283 0 8.5 24.4 10.5 3.5 2 1 3 5 5
-6410.9 6500.9 -388.8 195 0 16.7 10.9 14.0 3.5 2 0 4 3 3
-6414.0 6489.0 -388.7 195 0 7.9 4.1 10.5 3.5 2 0 3 4 4
-6416.1 6481.1 -388.6 195 0 8.5 22.9 10.5 3.5 2 0 3 1 1
-6415.4 6415.4 -388.2 105 0 8.1 19.5 10.5 3.5 2 0 3 2 2
-6429.8 6428.1 -388.3 195 0 17.1 13.2 14.0 3.5 2 0 4 3 3
-6385.1 6407.3 -387.7 105 0 8.7 15.4 10.5 3.5 2 0 3 2 2
-6349.2 6482.2 -388.1 15 0 10.2 12.7 14.0 3.5 2 0 4 3 3
-6359.7 6442.4 -388.0 15 0 8.2 23.1 10.5 3.5 2 0 3 2 2
-6357.4 6450.9 -388.0 15 0 9.2 22.9 10.5 3.5 2 0 3 0 0
-6351.4 6473.7 -388.1 15 0 7.4 24.0 10.5 3.5 2 0 3 4 4
-6353.4 6466.2 -388.1 15 0 7.9 26.1 10.5 3.5 2 0 3 1 1
-6347.3 6566.2 -388.7 278 0 9.9 13.9 10.5 3.5 2 0 3 4 4
-6367.8 6569.0 -388.9 278 0 11.0 14.0 17.5 3.5 2 0 5 4 4
-6378.9 6570.5 -389.1 278 0 11.4 13.9 17.5 3.5 2 0 5 1 1
-6333.8 6536.4 -388.4 7 0 13.7 13.4 17.5 3.5 2 0 5 5 5
-6359.0 6532.5 -388.7 97 0 22.3 13.7 17.5 3.5 2 0 5 4 4
-6401.3 6544.5 -389.1 187 0 13.7 32.3 17.5 3.5 2 0 5 0 0
-5814.8 6436.7 -380.1 249 0 10.0 17.1 10.5 3.5 2 1 3 5 5
-5743.3 6396.7 -380.1 341 0 13.8 48.5 17.5 3.5 2 1 5 3 3
-5731.0 6362.5 -379.7 343 0 24.5 16.6 17.5 3.5 2 0 5 5 5
-5754.2 6323.7 -380.1 163 0 20.6 35.2 17.5 0.0 0 1 5 1 1
-5786.8 6238.0 -381.1 151 0 16.3 25.0 14.0 3.5 2 0 4 3 3
-5780.1 6226.1 -380.9 151 0 11.2 29.1 14.0 3.5 2 0 4 2 2
-5835.0 6351.1 -381.0 155 0 8.2 8.7 10.5 3.5 2 0 3 5 5
-5822.0 6312.5 -381.0 156 0 12.1 14.8 14.0 3.5 2 0 4 0 0
-5826.2 6321.8 -381.1 155 0 8.7 14.7 10.5 3.5 2 0 3 3 3
-5834.6 6340.2 -381.1 155 0 12.1 18.1 14.0 3.5 2 0 4 5 5
-5754.0 6279.7 -380.6 331 0 14.1 17.5 14.0 3.5 2 0 4 3 3
-5759.7 6288.9 -380.6 327 0 13.9 17.8 14.0 3.5 2 0 4 1 1
-5769.0 6303.1 -380.5 326 0 20.1 11.8 14.0 3.5 2 0 4 5 5
-5783.0 6323.6 -380.6 326 0 8.5 11.9 10.5 3.5 2 0 3 2 2
-5829.1 6386.4 -380.7 241 0 9.4 21.8 10.5 3.5 2 0 3 1 1
-5809.0 6362.0 -380.7 326 0 19.5 10.4 14.0 3.5 2 0 4 2 2
-5788.9 6332.3 -380.6 326 0 12.4 15.1 14.0 3.5 2 0 4 5 5
-5814.2 6296.0 -381.0 154 0 24.3 23.9 14.0 3.5 2 0 4 1 1
-5812.2 6407.2 -380.2 238 0 5.2 6.0 10.5 3.5 2 1 3 5 5
-5852.4 6330.1 -381.5 333 0 7.7 6.7 10.5 3.5 2 0 3 3 3
-5854.6 6366.6 -381.3 333 0 4.9 15.1 10.5 3.5 2 1 3 3 3
-5877.0 6333.7 -381.8 153 0 7.3 18.3 10.5 3.5 2 0 3 0 0
-5862.3 6304.7 -381.8 153 0 12.9 15.0 14.0 3.5 2 1 4 3 3
-5849.7 6354.0 -381.3 333 0 7.1 5.7 10.5 3.5 2 0 3 4 4
-5837.3 6329.6 -381.4 333 0 11.6 11.5 14.0 0.0 0 0 4 3 3
-5836.8 6293.7 -381.7 63 0 33.2 14.4 14.0 3.5 2 0 4 4 4
-5796.2 6439.5 -379.7 256 0 11.6 8.1 10.5 3.5 2 0 3 3 3
-5822.5 6216.3 -381.7 183 0 11.7 7.0 10.5 3.5 4 0 3 4 4
-5812.9 6244.2 -381.4 240 0 6.9 10.3 10.5 3.5 2 0 3 4 4
-5790.8 6229.3 -381.3 330 0 9.0 12.0 10.5 3.5 2 0 3 5 5
-5822.5 6239.7 -381.7 244 0 15.0 17.1 14.0 3.5 2 1 4 3 3
-5804.6 6202.3 -381.6 60 0 12.2 12.1 14.0 3.5 2 0 4 4 4
-5785.6 6220.2 -381.4 331 0 12.2 19.2 14.0 3.5 2 0 4 0 0
-5818.8 6247.6 -381.5 61 0 7.2 7.3 10.5 3.5 2 0 3 2 2
-5834.6 6253.1 -381.6 151 0 6.5 6.2 10.5 3.5 2 0 3 5 5
-5843.9 6269.9 -381.7 151 0 6.5 14.7 10.5 3.5 2 0 3 4 4
-5847.9 6277.2 -381.7 151 0 10.2 9.0 10.5 3.5 2 0 3 4 4
-5942.9 6182.9 -383.9 180 0 6.8 8.0 10.5 3.5 2 0 3 5 5
-5988.0 6292.1 -383.6 152 0 8.7 10.2 10.5 3.5 2 0 3 0 0
-5960.0 6301.2 -383.4 332 0 19.0 12.8 17.5 3.5 2 0 5 0 0
-5967.5 6316.2 -383.5 336 0 15.5 28.9 17.5 3.5 2 0 5 1 1
-5985.6 6284.2 -383.6 152 0 6.0 12.3 10.5 3.5 2 1 3 5 5
-5982.7 6278.4 -383.7 157 0 5.4 7.5 10.5 3.5 2 1 3 5 5
-5977.7 6267.2 -383.8 156 0 7.2 12.2 10.5 0.0 0 1 3 2 2
-5962.9 6282.8 -383.6 332 0 6.5 11.2 10.5 3.5 2 1 3 1 1
-5974.3 6258.8 -383.8 155 0 9.1 12.7 10.5 3.5 2 1 3 5 5
-5965.3 6238.2 -383.9 173 0 7.5 14.8 10.5 3.5 2 0 3 4 4
-5945.1 6276.4 -383.4 329 0 13.3 9.4 10.5 3.5 2 0 3 0 0
-5932.5 6250.1 -383.4 332 0 7.9 10.5 10.5 3.5 2 1 3 4 4
-5947.6 6203.1 -383.9 107 0 9.9 5.1 10.5 3.5 4 0 3 5 5
-5942.7 6166.4 -384.0 93 0 6.7 7.7 10.5 3.5 2 0 3 5 5
-5970.7 6213.1 -384.1 200 0 6.0 11.1 10.5 3.5 2 0 3 5 5
-5984.8 6180.9 -384.6 184 0 7.8 5.9 10.5 3.5 2 0 3 3 3
-5984.2 6173.3 -384.6 184 0 7.1 6.0 10.5 3.5 2 0 3 2 2
-5900.4 6215.7 -383.4 13 0 32.6 18.3 17.5 3.5 4 0 5 3 3
-5884.7 6329.2 -382.1 327 0 6.4 9.2 10.5 3.5 2 0 3 0 0
-5915.7 6329.3 -382.3 154 0 10.9 5.6 10.5 3.5 2 0 3 0 0
-5871.0 6304.5 -382.1 331 0 13.3 12.4 17.5 3.5 2 0 5 0 0
-5892.3 6278.4 -382.4 153 0 9.8 12.0 10.5 3.5 2 0 3 2 2
-5896.6 6301.9 -382.3 150 0 6.8 8.2 10.5 3.5 2 0 3 1 1
-5866.3 6292.2 -382.0 331 0 11.3 5.1 10.5 3.5 2 0 3 4 4
-5859.8 6284.9 -382.1 331 0 7.8 14.9 10.5 3.5 2 0 3 5 5
-5850.5 6269.1 -382.1 333 0 11.2 15.4 17.5 3.5 2 0 5 4 4
-5878.7 6202.1 -382.7 185 0 6.4 6.3 10.5 3.5 2 0 3 4 4
-5853.3 6204.8 -382.5 10 0 8.0 12.0 10.5 3.5 2 1 3 4 4
-5862.3 6181.5 -382.6 99 0 7.3 17.7 10.5 3.5 2 0 3 5 5
-5848.8 6244.7 -382.1 336 0 7.5 12.1 10.5 3.5 2 0 3 4 4
-5880.4 6251.5 -382.4 155 0 8.5 12.4 10.5 3.5 2 1 3 1 1
-5896.9 6208.7 -383.0 190 0 9.6 13.2 10.5 3.5 2 0 3 3 3
-5837.6 6213.0 -382.5 11 0 11.0 35.7 17.5 3.5 2 1 5 2 2
-5896.5 6269.1 -382.7 339 0 10.1 11.1 14.0 3.5 2 1 4 3 3
-5905.6 6288.8 -382.6 246 0 4.9 9.3 10.5 3.5 2 1 3 3 3
-5949.5 6296.0 -383.1 145 0 10.5 6.8 10.5 3.5 2 0 3 5 5
-5935.1 6271.3 -383.2 154 0 8.3 12.3 10.5 3.5 2 0 3 4 4
-5923.8 6332.9 -382.6 336 0 13.8 14.8 14.0 3.5 2 0 4 5 5
-5942.9 6331.8 -382.7 246 0 6.2 11.9 10.5 3.5 2 0 3 4 4
-5954.1 6326.9 -383.0 246 0 18.3 12.8 14.0 3.5 2 0 4 1 1
-6033.4 6257.4 -384.6 194 0 10.7 8.3 10.5 3.5 2 0 3 2 2
-6021.6 6223.2 -384.9 13 0 8.4 10.7 10.5 3.5 2 1 3 0 0
-6033.5 6198.9 -385.2 102 0 8.4 7.6 10.5 3.5 4 0 3 3 3
-6041.2 6226.3 -385.0 194 0 8.1 7.0 10.5 3.5 2 0 3 0 0
-6042.7 6220.2 -385.2 194 0 5.2 8.5 10.5 3.5 2 0 3 2 2
-6046.7 6204.1 -385.4 194 0 8.0 8.5 10.5 3.5 2 1 3 3 3
-6048.0 6221.8 -385.2 17 0 12.4 9.2 10.5 3.5 2 0 3 0 0
-6059.4 6254.3 -384.9 196 0 10.3 12.7 17.5 3.5 2 0 5 0 0
-6052.9 6302.4 -384.3 270 0 15.1 8.7 10.5 3.5 2 0 3 5 5
-6064.0 6286.6 -384.5 190 0 13.0 11.2 17.5 3.5 2 0 5 1 1
-6041.8 6275.0 -384.4 95 0 9.3 12.9 10.5 3.5 2 1 3 2 2
-6039.4 6302.6 -384.1 274 0 9.1 12.2 10.5 3.5 2 1 3 2 2
-6026.4 6274.8 -384.2 100 0 8.1 11.5 10.5 0.0 0 1 3 2 2
-6005.2 6261.1 -384.2 177 0 7.3 7.0 10.5 3.5 2 0 3 3 3
-6003.0 6249.0 -384.3 180 0 8.3 8.7 10.5 3.5 2 1 3 1 1
-6013.6 6241.7 -384.6 195 0 9.8 9.5 10.5 3.5 4 0 3 4 4
-5984.5 6228.9 -384.4 353 0 6.1 9.0 10.5 3.5 2 1 3 3 3
-6015.5 6230.2 -384.7 194 0 6.9 6.9 10.5 3.5 2 0 3 2 2
-6018.0 6219.7 -384.8 193 0 4.9 9.0 10.5 3.5 2 0 3 3 3
-6011.0 6153.4 -385.2 95 0 7.4 12.7 10.5 3.5 2 0 3 0 0
-5992.5 6177.3 -384.8 10 0 11.3 6.4 10.5 3.5 2 0 3 3 3
-6000.5 6184.4 -384.9 280 0 5.6 12.4 10.5 3.5 2 0 3 5 5
-6162.1 4034.1 -398.4 357 0 8.1 13.2 10.5 3.5 2 1 3 5 5
-6052.3 4376.7 -391.5 19 0 13.3 25.9 10.5 3.5 2 1 3 3 3
-6080.9 4392.5 -391.7 288 0 8.5 14.0 10.5 3.5 2 0 3 2 2
-6087.0 4350.4 -391.8 109 0 17.8 23.5 10.5 3.5 4 1 3 0 0
