472.9 1140.9 12.9 121 0 33.0 14.6 10.5 3.5 2 0 3 0 0
-652.2 -4961.1 124.5 244 0 19.0 14.3 14.0 3.5 2 0 4 5 5
302.9 -6421.9 55.2 269 0 35.3 14.1 14.0 3.5 2 0 4 2 2
357.0 -6456.6 53.6 119 0 37.4 14.1 14.0 0.0 0 0 4 0 0
575.5 -6119.9 48.3 346 0 22.0 10.9 14.0 3.5 2 0 4 0 0
582.6 -6087.0 48.1 346 0 22.0 10.9 14.0 3.5 2 0 4 4 4
536.9 -6018.3 50.4 256 0 10.9 21.9 14.0 3.5 2 1 4 3 3
573.3 -6050.3 48.6 346 0 22.0 10.9 14.0 3.5 2 0 4 4 4
611.2 -6372.9 45.3 132 0 14.7 26.7 14.0 3.5 2 1 4 4 4
6911.2 905.8 -130.2 307 0 15.8 78.1 10.0 2.5 2 1 4 1 1
6935.4 809.6 -129.7 130 0 111.5 17.4 7.5 0.0 0 0 3 0 0
6943.2 711.5 -128.5 30 0 106.2 20.9 10.0 0.0 0 0 4 4 4
6936.6 781.7 -128.3 300 0 19.9 107.1 12.5 0.0 0 1 5 0 0
6911.0 798.2 -127.8 300 0 20.2 105.7 7.5 0.0 0 1 3 1 1
6854.8 779.1 -127.6 210 0 106.0 19.7 12.5 0.0 0 0 5 0 0
6433.6 893.2 -116.9 211 0 18.3 14.3 10.0 2.5 2 0 4 4 4
6444.5 911.0 -117.0 212 0 19.6 14.3 7.5 2.5 2 0 3 0 0
6591.8 985.2 -121.3 23 0 27.4 16.8 15.0 0.0 0 0 6 5 5
6580.2 957.4 -120.2 23 0 32.8 16.8 10.0 2.5 2 0 4 1 1
6166.8 1263.7 -114.5 211 0 14.7 12.2 8.0 2.5 4 0 2 3 3
6160.0 1153.0 -113.7 121 0 18.2 12.1 4.0 2.5 2 0 1 0 0
6239.0 1176.4 -116.1 31 0 23.4 11.2 7.5 2.5 2 0 3 4 4
6211.6 1169.9 -115.8 121 0 17.7 31.5 10.0 2.5 2 0 4 1 1
6160.6 1220.2 -115.0 211 0 59.9 28.7 12.5 2.5 2 0 5 4 4
2971.9 1452.4 -73.3 267 0 16.4 30.4 10.0 2.5 2 1 4 4 4
2974.1 2738.2 -72.2 17 0 20.6 72.3 7.5 0.0 0 1 3 0 0
3033.1 2279.5 -81.5 90 0 12.5 101.8 12.5 2.5 2 1 5 4 4
3009.5 2381.2 -81.4 270 0 12.3 101.7 10.0 0.0 0 1 4 0 0
2922.1 2272.3 -76.7 40 0 20.2 31.1 12.5 0.0 0 1 5 3 3
2465.9 2537.2 -73.9 32 0 5.6 16.9 7.5 2.5 2 0 3 5 5
2236.9 2788.1 -70.6 303 0 50.4 19.2 7.5 2.5 2 0 3 4 4
2176.5 2691.3 -71.0 295 0 13.5 125.1 12.5 0.0 0 1 5 4 4
6564.0 1618.2 -118.3 113 0 3.8 30.8 8.0 2.5 2 1 2 4 4
6574.5 1657.9 -118.2 293 0 7.0 40.6 7.5 0.0 0 1 3 2 2
6543.5 1783.6 -114.4 293 0 7.5 19.1 8.0 2.5 2 0 2 2 2
6525.7 1741.0 -114.6 113 0 10.8 27.1 7.5 2.5 2 0 3 1 1
6555.9 1717.8 -115.3 113 0 14.9 42.8 7.5 2.5 2 0 3 5 5
6546.8 1732.8 -115.0 106 0 18.1 32.8 10.0 0.0 0 0 4 5 5
4831.2 2262.9 -100.5 64 0 24.9 20.8 10.0 2.5 2 0 4 2 2
4895.9 2116.1 -104.7 86 0 40.6 20.9 12.5 0.0 0 0 5 1 1
2691.5 910.6 -63.1 94 0 13.5 101.0 10.0 2.5 2 1 4 2 2
2702.5 1126.4 -63.1 287 0 14.2 105.6 7.5 0.0 0 1 3 3 3
557.5 -6770.6 38.9 131 0 137.5 135.2 7.5 0.0 0 0 3 1 1
447.5 -6485.5 50.9 304 0 72.0 65.5 14.0 0.0 0 0 4 5 5
