-1600.4 -2253.7 -21.4 227 0 104.9 110.6 7.5 0.0 0 1 3 4 4
4190.6 -1186.5 -60.9 241 0 52.2 26.0 17.5 3.5 2 0 5 5 5
1967.4 -2400.5 -46.2 246 0 30.4 11.7 17.5 3.5 2 0 5 1 1
1911.3 -2426.0 -45.4 244 0 19.6 13.1 17.5 3.5 2 0 5 4 4
1878.3 -2443.4 -44.8 244 0 13.2 8.4 10.5 3.5 2 0 3 4 4
1897.4 -2432.9 -45.1 244 0 10.3 10.6 17.5 3.5 2 1 5 1 1
5911.6 -4693.8 -47.6 77 0 33.0 17.1 10.0 2.5 2 0 4 2 2
5749.8 -1099.6 -72.8 277 0 47.5 27.2 14.0 0.0 0 0 4 1 1
-4819.1 -1889.7 71.9 359 0 10.9 25.3 15.0 0.0 0 1 6 0 0
-4847.4 -1935.0 75.6 78 0 9.3 41.3 7.5 2.5 2 1 3 0 0
-3859.7 -5503.1 -28.4 29 0 48.1 65.9 10.0 0.0 0 1 4 4 4
-3144.5 -4931.4 -33.5 213 0 334.1 100.1 12.5 0.0 0 0 5 3 3
-3939.9 -5565.4 -26.0 119 0 36.8 58.4 10.0 0.0 0 1 4 5 5
3324.8 -1783.0 -51.7 253 0 9.7 23.8 10.5 3.5 2 1 3 5 5
2968.5 -1326.7 -49.7 319 0 16.7 30.9 14.0 3.5 2 1 4 0 0
-5382.1 -6655.7 -9.8 27 0 166.5 14.2 10.0 0.0 0 0 4 4 4
2910.4 -2331.4 -52.7 147 0 17.5 18.7 14.0 3.5 2 1 4 3 3
-3099.3 -10659.7 -19.6 58 0 53.8 71.2 5.0 0.0 0 1 2 1 1
-1877.6 -10159.5 -46.5 341 0 46.6 190.8 7.5 0.0 0 1 3 3 3
-2686.5 -10212.7 -37.9 248 0 17.1 46.2 12.5 2.5 2 1 5 2 2
-2675.7 -10091.4 -41.2 148 0 7.7 39.0 7.5 0.0 0 1 3 4 4
-2671.2 -10167.6 -40.6 148 0 89.3 56.7 12.5 0.0 0 0 5 4 4
-2660.2 -10243.6 -38.5 176 0 34.2 91.5 12.5 0.0 0 0 5 4 4
-2488.5 -10249.5 -38.4 356 0 8.2 79.4 7.5 2.5 2 0 3 0 0
-2710.7 -10286.6 -36.9 180 0 34.6 61.5 12.5 0.0 0 1 5 5 5
-2538.4 -10329.5 -36.7 360 0 33.9 130.2 12.5 0.0 0 1 5 2 2
-2421.9 -10684.9 -40.0 201 0 40.1 50.3 10.0 0.0 0 0 4 3 3
-2317.1 -10545.6 -41.1 356 0 61.7 75.8 10.0 0.0 0 1 4 1 1
-2324.1 -10451.6 -40.7 356 0 62.8 75.8 10.0 0.0 0 1 4 5 5
-2769.0 -10621.3 -31.0 212 0 45.8 87.7 10.0 0.0 0 1 4 3 3
-2815.8 -10778.1 -19.7 122 0 87.7 46.7 10.0 0.0 0 0 4 2 2
-2385.7 -10866.6 -31.9 33 0 46.9 90.1 12.5 0.0 0 1 5 3 3
-2490.5 -10909.7 -25.3 123 0 52.0 47.1 15.0 0.0 0 0 6 2 2
-2608.0 -10913.8 -18.5 123 0 90.5 47.5 12.5 0.0 0 0 5 0 0
-2595.8 -10812.2 -24.4 213 0 47.1 90.5 10.0 0.0 0 1 4 2 2
-2631.0 -10788.8 -22.4 33 0 47.1 91.4 7.5 0.0 0 1 3 2 2
-2719.4 -10840.6 -16.5 123 0 91.4 46.7 7.5 0.0 0 0 3 2 2
-2756.1 -10863.4 -8.6 303 0 54.8 49.3 15.0 0.0 0 0 6 2 2
-2902.9 -10910.6 -5.2 122 0 90.5 48.4 10.0 0.0 0 0 4 3 3
-1725.9 -10733.4 -44.9 250 0 128.8 75.1 10.0 0.0 0 0 4 4 4
-1580.8 -10830.0 -43.8 340 0 70.0 38.4 10.0 0.0 0 0 4 0 0
-2956.0 -10465.4 -24.9 33 0 21.6 14.3 7.5 2.5 2 0 3 1 1
-2938.0 -10437.6 -26.1 33 0 44.7 17.5 12.5 2.5 2 0 5 5 5
-3028.7 -10399.7 -26.6 213 0 75.8 70.7 12.5 0.0 0 0 5 3 3
-2930.6 -10346.9 -28.4 132 0 63.2 43.4 12.5 0.0 0 0 5 5 5
-2815.2 -10219.5 -32.8 311 0 87.9 43.9 10.0 0.0 0 0 4 3 3
-2896.5 -10262.3 -30.4 222 0 43.3 87.9 12.5 0.0 0 1 5 3 3
-2982.1 -10179.7 -32.3 131 0 34.2 5.7 8.0 2.5 2 0 2 2 2
-2989.1 -10077.4 -35.1 312 0 20.7 64.4 12.5 2.5 4 1 5 1 1
-2978.3 -10175.4 -34.6 132 0 43.1 69.9 10.0 0.0 0 0 4 5 5
-2918.2 -9603.3 -38.9 325 0 13.6 110.9 10.0 2.5 4 1 4 3 3
-2902.9 -9624.9 -39.4 325 0 13.2 110.9 12.5 2.5 2 1 5 5 5
-2887.2 -9646.9 -39.8 325 0 12.6 110.9 15.0 2.5 2 1 6 3 3
-2871.3 -9669.3 -40.3 325 0 13.1 110.9 10.0 2.5 2 1 4 1 1
-2855.6 -9691.3 -40.8 325 0 14.9 110.9 10.0 0.0 0 1 4 4 4
-2839.7 -9713.7 -41.2 325 0 14.0 110.9 10.0 0.0 0 1 4 4 4
-2823.8 -9735.9 -41.7 325 0 14.2 110.9 12.5 0.0 0 1 5 0 0
-2898.2 -9822.6 -42.3 145 0 13.1 110.9 12.5 2.5 2 1 5 1 1
-2699.3 -9923.6 -43.7 324 0 214.8 12.8 12.5 0.0 0 0 5 1 1
-2789.6 -9856.5 -43.2 234 0 13.0 214.8 10.0 0.0 0 1 4 2 2
-2811.6 -9872.6 -42.5 234 0 12.9 214.8 10.0 0.0 0 1 4 3 3
-2833.8 -9888.7 -41.8 234 0 12.8 214.8 10.0 0.0 0 1 4 4 4
-3229.1 -10429.1 -19.6 125 0 75.5 13.2 12.5 2.5 4 0 5 2 2
-3122.8 -10463.2 -21.6 35 0 13.1 144.2 10.0 0.0 0 1 4 0 0
-3107.0 -10440.9 -22.6 35 0 13.1 144.2 17.5 0.0 0 1 7 4 4
-3084.4 -10067.5 -34.0 42 0 8.7 46.9 7.5 2.5 2 1 3 3 3
-3130.0 -9952.6 -34.8 312 0 87.6 60.9 10.0 0.0 0 0 4 0 0
-5027.4 -9313.9 -19.6 120 0 8.3 43.8 7.5 2.5 2 0 3 0 0
-5013.3 -9330.3 -20.2 121 0 32.6 50.7 10.0 0.0 0 0 4 3 3
-4972.5 -9352.8 -21.1 121 0 27.2 58.3 12.5 2.5 2 1 5 5 5
-4934.8 -9375.0 -22.0 121 0 28.9 58.3 10.0 0.0 0 1 4 2 2
-4705.7 -9015.6 -24.7 29 0 73.3 22.9 10.0 0.0 0 0 4 3 3
-4781.1 -8972.4 -23.5 209 0 70.5 17.1 7.5 0.0 0 0 3 1 1
-4551.3 -9056.9 -27.5 301 0 40.3 59.3 10.0 0.0 0 1 4 4 4
-4521.1 -9085.3 -28.6 301 0 35.4 50.7 12.5 0.0 0 1 5 3 3
-4326.1 -9555.8 -28.7 304 0 62.0 42.0 7.5 0.0 0 0 3 5 5
-4562.8 -9404.9 -28.0 302 0 7.3 61.4 7.5 2.5 2 1 3 4 4
-4580.0 -9466.4 -27.8 122 0 10.8 23.4 10.0 2.5 2 0 4 1 1
-4533.7 -9425.3 -28.4 302 0 25.2 59.3 7.5 2.5 2 0 3 1 1
-4725.7 -9502.5 -27.4 121 0 80.4 76.4 12.5 0.0 0 0 5 1 1
-4570.3 -9347.5 -29.3 121 0 56.7 51.4 12.5 0.0 0 0 5 3 3
-4626.8 -9391.0 -27.2 302 0 10.3 22.8 8.0 2.5 2 0 2 2 2
-4595.4 -9387.2 -27.8 302 0 39.3 59.3 12.5 0.0 0 0 5 4 4
-4654.5 -9356.2 -27.2 302 0 54.2 45.7 12.5 0.0 0 0 5 3 3
-4810.8 -9294.5 -23.9 209 0 64.1 45.0 10.0 0.0 0 0 4 0 0
-4967.3 -9235.6 -20.4 120 0 14.0 67.6 10.0 2.5 2 0 4 2 2
-4950.4 -9245.2 -20.8 120 0 25.1 60.6 7.5 2.5 2 0 3 4 4
-4932.5 -9268.4 -21.4 120 0 18.7 69.6 10.0 2.5 2 0 4 2 2
-4889.7 -9283.0 -22.7 120 0 70.4 61.3 10.0 0.0 0 0 4 3 3
-4841.4 -9187.5 -22.9 119 0 74.4 25.7 10.0 0.0 0 0 4 4 4
-4783.6 -9160.6 -23.0 30 0 30.3 74.4 12.5 0.0 0 1 5 5 5
-5015.3 -9174.5 -19.4 29 0 63.3 32.0 7.5 0.0 0 0 3 3 3
-5035.4 -9080.6 -19.3 120 0 10.0 35.5 5.0 2.5 2 0 2 1 1
-5069.1 -9069.9 -19.2 120 0 23.9 73.9 15.0 0.0 0 1 6 0 0
-5064.9 -8946.6 -18.7 120 0 26.8 49.7 10.0 0.0 0 1 4 0 0
-4922.9 -8888.0 -20.4 29 0 24.5 10.9 10.0 2.5 2 0 4 1 1
-4943.6 -8846.8 -20.2 299 0 54.4 66.6 10.0 0.0 0 0 4 2 2
-4916.7 -9000.2 -21.0 29 0 30.2 127.4 10.0 0.0 0 1 4 2 2
-5270.6 -9137.6 -15.1 210 0 52.7 70.9 10.0 0.0 0 1 4 5 5
-3833.9 -8590.4 -32.6 207 0 29.7 19.5 7.5 2.5 2 0 3 5 5
-3789.9 -8529.6 -33.3 207 0 9.2 58.5 7.5 2.5 2 1 3 3 3
-4342.4 -9170.9 -30.9 301 0 15.0 69.5 7.5 2.5 2 1 3 0 0
-4262.6 -9218.5 -31.6 301 0 17.8 66.4 7.5 0.0 0 1 3 5 5
-4355.1 -9435.3 -30.7 30 0 77.9 80.8 12.5 0.0 0 1 5 5 5
-4305.5 -9516.7 -30.5 123 0 19.4 68.5 10.0 2.5 2 1 4 2 2
-4144.9 -9355.2 -32.7 301 0 15.6 21.7 7.5 2.5 2 1 3 3 3
-4264.4 -9371.5 -32.3 210 0 74.4 88.4 12.5 0.0 0 1 5 1 1
-4139.6 -9401.8 -32.2 300 0 32.5 73.2 12.5 0.0 0 1 5 3 3
-4124.1 -9422.2 -31.8 210 0 32.1 32.2 10.0 0.0 0 0 4 5 5
-4051.1 -9493.0 -32.4 30 0 83.3 66.2 12.5 0.0 0 0 5 5 5
-4105.5 -9394.3 -32.2 211 0 12.8 18.1 4.0 2.5 2 1 1 1 1
-4075.5 -9344.9 -33.4 301 0 36.2 46.1 10.0 0.0 0 1 4 0 0
-4029.3 -9360.9 -33.5 301 0 38.7 72.6 12.5 0.0 0 1 5 0 0
-4077.0 -9658.7 -32.2 121 0 34.1 69.4 7.5 0.0 0 1 3 2 2
-4129.5 -9870.7 -30.8 121 0 26.6 56.7 12.5 2.5 4 1 5 3 3
-4089.9 -9873.8 -31.0 121 0 24.6 44.2 10.0 0.0 0 1 4 0 0
-4062.4 -9906.9 -32.8 121 0 22.0 154.9 10.0 0.0 0 1 4 4 4
-4424.1 -9697.4 -27.8 121 0 44.8 49.2 7.5 0.0 0 1 3 5 5
-4372.3 -9717.1 -28.2 122 0 56.5 35.8 10.0 0.0 0 0 4 2 2
-4286.8 -9756.5 -28.9 121 0 34.3 38.2 12.5 0.0 0 1 5 4 4
-4211.5 -9645.7 -29.9 301 0 50.8 82.9 10.0 0.0 0 1 4 3 3
-3950.9 -9446.8 -33.4 120 0 50.3 40.9 7.5 0.0 0 0 3 4 4
-3901.7 -9507.3 -33.0 121 0 47.9 66.7 7.5 0.0 0 1 3 3 3
-3836.4 -9470.4 -32.8 299 0 15.1 50.6 10.0 2.5 2 1 4 2 2
-3826.3 -9515.8 -33.0 29 0 69.6 17.3 10.0 2.5 2 0 4 5 5
-4332.7 -10543.6 -6.3 211 0 13.0 100.5 7.5 0.0 0 1 3 5 5
-4258.4 -10352.3 -15.9 212 0 13.0 100.5 10.0 2.5 4 1 4 3 3
-4208.8 -10270.1 -21.5 210 0 13.5 99.8 12.5 2.5 2 1 5 5 5
-4153.0 -10173.4 -23.5 210 0 14.3 99.8 5.0 2.5 2 1 2 0 0
-4157.2 -10522.5 -14.8 118 0 98.9 14.3 12.5 2.5 2 0 5 2 2
-4014.7 -10376.1 -21.8 28 0 14.1 100.2 7.5 2.5 2 1 3 4 4
-3960.1 -10283.0 -23.5 30 0 14.3 99.8 15.0 2.5 2 1 6 5 5
-3943.8 -10159.7 -24.5 301 0 99.8 13.8 15.0 2.5 2 0 6 4 4
-3894.5 -10025.9 -28.5 118 0 32.9 24.8 7.5 0.0 0 0 3 0 0
-3434.1 -9279.6 -36.8 304 0 33.6 70.5 12.5 0.0 0 1 5 2 2
-3527.8 -9390.0 -35.4 214 0 69.4 33.6 12.5 0.0 0 0 5 1 1
-3456.0 -9393.3 -35.1 304 0 32.0 69.3 7.5 0.0 0 1 3 4 4
-3309.7 -9369.0 -36.2 304 0 32.0 69.3 15.0 0.0 0 1 6 0 0
-3218.3 -9420.6 -36.0 304 0 40.2 69.6 12.5 0.0 0 1 5 1 1
-3175.5 -9449.2 -35.8 304 0 38.4 65.4 15.0 0.0 0 1 6 2 2
-3273.1 -9539.1 -35.3 34 0 56.7 40.2 10.0 0.0 0 0 4 3 3
-3228.7 -9563.6 -35.9 34 0 65.4 38.4 12.5 0.0 0 0 5 5 5
-3662.5 -9391.8 -34.2 299 0 12.3 75.5 10.0 2.5 2 1 4 1 1
-3634.7 -9407.1 -34.1 299 0 13.6 75.5 7.5 2.5 2 1 3 2 2
-3606.2 -9422.9 -34.1 299 0 12.3 75.5 7.5 2.5 2 1 3 1 1
-3615.2 -9504.2 -34.1 119 0 13.6 75.5 7.5 2.5 2 1 3 0 0
-3587.5 -9519.5 -34.2 119 0 13.8 75.5 12.5 0.0 0 1 5 2 2
-3759.0 -9551.2 -33.3 209 0 72.7 12.9 7.5 2.5 2 0 3 2 2
-3707.5 -9538.1 -33.4 299 0 12.4 72.7 10.0 2.5 2 1 4 3 3
-3679.7 -9553.4 -33.5 299 0 13.5 72.7 7.5 0.0 0 1 3 5 5
-3651.3 -9569.1 -33.6 299 0 12.8 72.7 10.0 2.5 2 1 4 2 2
-3623.0 -9584.7 -33.7 299 0 13.8 72.7 7.5 2.5 2 1 3 0 0
-3824.6 -9755.7 -33.4 124 0 43.9 141.1 7.5 0.0 0 1 3 2 2
-3771.0 -9791.7 -33.5 124 0 44.4 141.1 10.0 0.0 0 1 4 2 2
-3604.7 -9634.4 -34.2 214 0 118.7 64.0 12.5 0.0 0 0 5 4 4
-3535.1 -9587.4 -34.1 124 0 64.0 102.5 7.5 0.0 0 1 3 5 5
-3468.5 -9725.9 -34.4 34 0 118.7 64.3 10.0 0.0 0 0 4 0 0
-3397.1 -9618.4 -35.3 34 0 102.5 64.1 10.0 0.0 0 0 4 4 4
-3596.6 -9859.8 -33.8 124 0 64.4 104.9 15.0 0.0 0 1 6 1 1
-3679.5 -9804.0 -33.7 124 0 64.0 104.9 10.0 0.0 0 1 4 5 5
-3312.1 -9675.4 -35.4 34 0 102.5 64.1 7.5 0.0 0 0 3 1 1
-3383.7 -9782.9 -34.5 34 0 118.7 64.1 10.0 0.0 0 0 4 0 0
-3455.8 -9891.2 -33.3 34 0 104.9 64.1 10.0 0.0 0 0 4 4 4
-4520.9 -9211.8 -29.5 302 0 24.2 18.3 7.5 2.5 2 0 3 1 1
-4445.0 -9259.0 -30.7 302 0 25.9 18.3 15.0 0.0 0 0 6 4 4
-4430.0 -9229.1 -31.1 300 0 19.7 18.9 10.0 2.5 2 0 4 2 2
-4452.5 -9216.2 -31.1 300 0 17.1 18.9 10.0 2.5 2 0 4 2 2
-4593.2 -9219.4 -27.8 210 0 16.4 16.2 7.5 2.5 2 0 3 5 5
-4627.6 -9189.6 -26.7 301 0 24.3 16.4 10.0 2.5 2 0 4 2 2
-4621.3 -9202.8 -27.5 210 0 16.3 32.6 12.5 2.5 2 0 5 2 2
-4538.1 -9172.7 -28.6 31 0 21.4 23.6 7.5 2.5 2 0 3 5 5
-4572.5 -9155.7 -28.0 210 0 15.6 14.6 8.0 2.5 2 0 2 5 5
-4594.0 -9141.1 -27.7 211 0 22.0 26.0 7.5 2.5 2 0 3 5 5
-4552.2 -9191.1 -28.3 300 0 9.6 21.3 4.0 2.5 2 0 1 2 2
-4576.5 -9190.7 -28.1 210 0 14.1 16.3 8.0 2.5 2 0 2 0 0
-4611.1 -9170.4 -27.7 211 0 14.3 40.1 10.0 2.5 2 0 4 4 4
-4500.0 -9264.9 -30.3 302 0 112.7 16.7 10.0 0.0 0 0 4 4 4
-4483.3 -9235.2 -30.7 302 0 64.4 18.3 15.0 2.5 2 0 6 2 2
-4487.9 -9196.1 -30.9 300 0 64.3 18.9 10.0 2.5 2 0 4 1 1
-4369.3 -9267.4 -31.4 299 0 95.2 15.6 7.5 2.5 2 0 3 0 0
-4346.5 -9323.8 -31.1 29 0 20.1 97.1 10.0 0.0 0 1 4 1 1
-4364.8 -9355.2 -30.7 31 0 15.4 97.1 7.5 2.5 4 1 3 4 4
-4724.3 -9268.2 -25.5 118 0 32.9 84.8 12.5 0.0 0 0 5 2 2
-4650.3 -9242.5 -26.6 121 0 29.7 15.8 7.5 2.5 2 0 3 2 2
-4867.7 -9418.2 -22.9 119 0 39.1 72.7 7.5 0.0 0 1 3 3 3
1003.9 -1744.1 -38.3 254 0 18.3 23.4 10.0 2.5 2 0 4 3 3
1967.8 -1455.7 -44.1 343 0 6.3 15.0 10.5 3.5 2 1 3 2 2
1953.4 -1433.7 -44.2 253 0 16.6 16.2 10.5 3.5 2 0 3 1 1
3591.4 -838.8 -58.0 252 0 26.5 17.2 17.5 3.5 2 0 5 0 0
3948.8 -1560.1 -58.3 157 0 15.6 23.4 14.0 3.5 2 1 4 1 1
3972.4 -1549.4 -58.6 158 0 17.2 33.8 14.0 3.5 2 1 4 1 1
3937.5 -1508.6 -58.7 158 0 17.8 35.5 14.0 0.0 0 1 4 4 4
3837.7 -1138.0 -51.8 6 0 15.3 22.9 17.5 3.5 2 1 5 1 1
3789.3 -1121.1 -51.7 276 0 34.7 17.6 17.5 0.0 0 0 5 1 1
3971.2 -723.7 -59.8 250 0 16.6 21.6 14.0 3.5 2 0 4 4 4
2479.8 -309.9 -50.9 59 0 20.7 16.9 10.0 2.5 2 0 4 4 4
493.3 -1098.0 -35.3 203 0 208.7 37.5 7.5 0.0 0 0 3 5 5
-1730.7 -3482.3 -29.6 118 0 39.8 135.6 10.0 0.0 0 1 4 4 4
-1640.4 -2675.7 -23.7 292 0 81.3 290.9 12.5 0.0 0 1 5 4 4
-923.3 -2761.4 -28.5 320 0 31.1 54.6 10.0 0.0 0 0 4 5 5
-1049.8 -2864.4 -27.1 140 0 23.2 54.9 12.5 2.5 2 0 5 4 4
-999.8 -2797.1 -27.9 230 0 53.6 38.1 7.5 0.0 0 0 3 5 5
-518.9 -2531.3 -28.6 335 0 7.5 15.8 7.5 2.5 2 0 3 0 0
-538.7 -2526.2 -28.4 155 0 18.5 15.8 5.0 2.5 2 0 2 3 3
247.4 -2028.1 -34.0 73 0 21.6 15.9 7.5 2.5 2 0 3 3 3
230.7 -2001.3 -33.5 163 0 29.5 15.8 12.5 2.5 2 0 5 0 0
265.1 -1746.8 -31.8 125 0 11.4 18.8 2.5 2.5 2 0 1 0 0
559.7 -1472.3 -35.8 55 0 17.5 17.2 7.5 2.5 2 0 3 1 1
2050.1 -1868.2 -45.2 276 0 46.1 27.6 10.5 0.0 0 0 3 0 0
2054.8 -1839.1 -45.1 186 0 7.6 41.6 10.5 3.5 2 1 3 3 3
1953.3 -2014.4 -43.1 323 0 21.4 27.7 14.0 0.0 0 1 4 2 2
3825.9 -2125.1 -59.9 53 0 17.1 15.0 14.0 3.5 2 0 4 2 2
4096.8 -1771.2 -59.3 344 0 28.5 46.1 14.0 0.0 0 1 4 5 5
4086.2 -1738.8 -59.3 345 0 20.4 44.5 14.0 3.5 2 1 4 2 2
-6444.7 -8959.0 15.8 145 0 13.0 25.1 7.5 2.5 2 1 3 1 1
-5728.5 -8227.9 -2.7 325 0 15.0 19.0 10.0 2.5 2 1 4 3 3
-4817.5 -5451.7 -17.9 303 0 54.8 37.2 10.0 0.0 0 0 4 4 4
-4593.6 -5487.8 -23.8 216 0 80.8 20.2 7.5 0.0 0 0 3 4 4
-4534.9 -5498.2 -23.8 36 0 56.4 23.1 12.5 2.5 4 0 5 2 2
-4609.6 -5601.0 -24.4 36 0 87.1 23.1 7.5 0.0 0 0 3 1 1
-4503.9 -5721.6 -24.5 134 0 60.8 34.2 7.5 0.0 0 0 3 5 5
-4441.2 -5587.5 -25.3 211 0 58.6 52.6 15.0 0.0 0 0 6 2 2
-4522.1 -5533.2 -24.9 216 0 71.8 43.0 10.0 0.0 0 0 4 0 0
-4590.5 -5666.8 -25.1 126 0 46.9 100.2 12.5 0.0 0 1 5 5 5
-3853.3 -5951.9 -31.1 119 0 26.3 19.9 10.0 2.5 4 0 4 0 0
-3868.7 -5777.3 -31.4 118 0 60.9 22.2 5.0 2.5 2 0 2 1 1
-3821.8 -5763.9 -31.8 118 0 9.4 40.2 7.5 2.5 2 0 3 1 1
-3869.2 -5721.7 -31.7 208 0 30.0 56.9 12.5 0.0 0 0 5 5 5
-3719.2 -5187.2 -29.6 207 0 53.1 72.6 10.0 0.0 0 0 4 1 1
-3686.3 -5478.8 -30.9 122 0 59.6 136.1 10.0 0.0 0 1 4 5 5
-3539.3 -5491.5 -32.4 32 0 136.1 61.7 10.0 0.0 0 0 4 1 1
-3394.3 -5711.0 -32.9 302 0 36.2 50.1 12.5 0.0 0 1 5 2 2
-3472.0 -5719.2 -33.1 212 0 82.1 31.4 10.0 0.0 0 0 4 1 1
-3532.3 -5847.1 -33.3 122 0 31.4 69.6 7.5 0.0 0 1 3 1 1
-3495.0 -5865.4 -33.7 122 0 32.2 57.1 7.5 0.0 0 1 3 1 1
-3477.0 -5946.0 -34.8 208 0 59.7 74.6 15.0 0.0 0 1 6 0 0
-3507.7 -5713.1 -32.4 32 0 78.8 32.4 7.5 0.0 0 0 3 3 3
-3564.9 -5638.7 -32.1 302 0 10.0 48.1 7.5 2.5 2 0 3 5 5
-3543.7 -5644.1 -32.2 302 0 31.9 78.7 7.5 0.0 0 0 3 0 0
-3569.0 -5810.4 -32.5 32 0 41.0 60.3 10.0 0.0 0 1 4 0 0
-3670.7 -5693.9 -32.5 212 0 33.3 90.9 10.0 0.0 0 1 4 0 0
-3697.0 -5736.3 -32.3 212 0 41.9 20.4 10.0 2.5 2 0 4 3 3
-3764.2 -5779.0 -31.7 28 0 28.4 46.9 10.0 0.0 0 1 4 3 3
-3735.2 -5796.8 -31.4 209 0 34.4 40.6 10.0 0.0 0 1 4 0 0
-3764.5 -5840.6 -31.6 212 0 65.9 51.5 12.5 0.0 0 0 5 1 1
-3608.0 -6014.1 -32.9 118 0 77.7 22.8 7.5 0.0 0 0 3 0 0
-3767.7 -5977.5 -31.9 294 0 39.7 41.6 15.0 0.0 0 1 6 0 0
-3848.3 -6124.3 -30.2 122 0 40.6 92.9 15.0 0.0 0 1 6 5 5
-3801.1 -6192.2 -29.4 300 0 44.1 59.7 7.5 0.0 0 1 3 4 4
-3946.0 -6346.9 -27.6 305 0 47.1 25.5 7.5 0.0 0 0 3 4 4
-3909.5 -6291.2 -28.6 122 0 33.5 71.8 10.0 0.0 0 1 4 0 0
-3958.8 -6289.6 -28.2 122 0 29.6 83.9 10.0 0.0 0 1 4 3 3
-3976.9 -6092.4 -27.9 304 0 40.9 60.8 10.0 0.0 0 1 4 0 0
-4099.4 -5851.2 -30.1 208 0 90.2 118.0 10.0 0.0 0 1 4 2 2
-6099.2 -9819.3 24.6 323 0 21.4 10.4 5.0 2.5 2 0 2 0 0
-6383.2 -4831.3 37.9 52 0 17.9 17.5 10.0 2.5 2 0 4 0 0
-3288.0 -4794.9 -30.9 218 0 36.7 120.3 10.0 0.0 0 1 4 2 2
-2907.5 -4989.4 -35.0 27 0 32.4 9.5 7.5 2.5 2 0 3 5 5
-2954.6 -4980.2 -34.9 117 0 73.4 59.0 12.5 0.0 0 0 5 0 0
-2941.7 -4868.2 -34.5 213 0 21.4 47.9 7.5 0.0 0 1 3 0 0
-2852.6 -4939.5 -35.3 26 0 25.9 54.6 7.5 2.5 2 1 3 0 0
-2855.4 -4841.2 -35.2 295 0 70.5 36.2 10.0 0.0 0 0 4 4 4
-2714.8 -4628.7 -34.8 198 0 40.5 13.3 7.5 2.5 2 0 3 1 1
-2706.2 -4658.7 -34.9 108 0 8.7 45.9 7.5 2.5 2 0 3 4 4
-2627.5 -4408.0 -34.0 16 0 59.9 12.2 10.0 2.5 2 0 4 1 1
-2785.6 -4239.0 -31.9 290 0 47.2 16.1 10.0 2.5 2 0 4 1 1
-2802.8 -4376.5 -33.4 194 0 91.5 61.6 12.5 0.0 0 0 5 5 5
-4152.5 -4587.2 -19.6 129 0 23.5 24.0 10.0 2.5 2 0 4 2 2
-4191.8 -4496.0 -19.0 219 0 25.3 22.6 10.0 2.5 2 0 4 0 0
-4178.9 -4535.4 -19.2 129 0 24.1 42.7 5.0 0.0 0 0 2 0 0
-4178.3 -4558.1 -19.3 129 0 53.1 17.4 10.0 2.5 2 0 4 1 1
-4017.8 -4670.7 -23.8 127 0 54.6 19.7 10.0 2.5 2 0 4 5 5
-4066.0 -4634.4 -22.2 127 0 66.2 19.6 10.0 2.5 2 0 4 2 2
-4103.3 -4668.1 -21.2 304 0 41.4 29.3 7.5 0.0 0 0 3 4 4
-4199.1 -4662.9 -20.0 214 0 20.5 59.8 7.5 2.5 2 1 3 2 2
-4204.5 -4574.3 -19.0 308 0 59.3 11.9 7.5 0.0 0 0 3 2 2
-4036.4 -4519.7 -20.7 35 0 10.6 56.6 5.0 2.5 2 0 2 1 1
-4179.9 -4346.3 -19.8 304 0 84.6 34.8 12.5 0.0 0 0 5 4 4
-3993.6 -4463.0 -21.5 304 0 9.2 39.5 7.5 0.0 0 0 3 5 5
-4064.0 -4415.2 -21.5 304 0 161.2 42.9 12.5 0.0 0 0 5 4 4
-4000.1 -4574.3 -24.0 217 0 16.5 67.7 12.5 2.5 2 0 5 1 1
-4041.4 -4589.1 -23.1 217 0 34.5 65.2 12.5 0.0 0 1 5 4 4
-3822.5 -4629.8 -25.9 33 0 37.6 65.4 10.0 0.0 0 1 4 4 4
-3862.2 -4682.2 -25.6 39 0 60.3 80.7 10.0 0.0 0 1 4 0 0
-3774.7 -4613.0 -26.0 212 0 50.9 11.1 10.0 2.5 2 0 4 0 0
-3720.3 -4752.9 -27.5 32 0 8.3 51.0 7.5 2.5 2 0 3 4 4
-3765.0 -4690.1 -26.7 211 0 26.6 11.9 7.5 2.5 2 0 3 0 0
-3811.0 -4678.5 -26.5 212 0 55.3 45.3 7.5 0.0 0 0 3 4 4
-3707.0 -4731.6 -27.2 32 0 41.9 51.0 7.5 0.0 0 0 3 1 1
-3665.2 -4675.1 -27.1 32 0 50.9 114.6 10.0 0.0 0 0 4 5 5
-3633.7 -4624.2 -26.2 32 0 40.0 108.9 10.0 0.0 0 1 4 1 1
-3582.2 -4539.3 -26.1 34 0 25.3 49.1 10.0 0.0 0 1 4 2 2
-3563.0 -4506.5 -26.0 31 0 38.1 49.1 12.5 0.0 0 1 5 1 1
-3499.9 -4378.7 -26.4 302 0 25.3 107.6 7.5 0.0 0 1 3 4 4
-3651.8 -4459.0 -25.9 211 0 83.5 40.8 10.0 0.0 0 0 4 0 0
-3602.6 -4378.0 -26.1 211 0 105.9 60.8 10.0 0.0 0 0 4 5 5
-3455.6 -4336.8 -26.2 33 0 25.4 46.2 7.5 0.0 0 1 3 0 0
-3401.4 -4247.9 -26.6 34 0 32.2 35.1 7.5 0.0 0 1 3 1 1
-3496.3 -4205.3 -26.9 211 0 44.9 58.4 10.0 0.0 0 1 4 4 4
-3728.4 -4243.1 -24.0 307 0 30.4 49.7 10.0 0.0 0 1 4 5 5
-3751.5 -4181.9 -22.6 126 0 41.5 108.9 10.0 0.0 0 1 4 3 3
-3909.0 -4296.1 -23.2 80 0 14.0 42.7 7.5 2.5 2 1 3 2 2
-3953.1 -4150.4 -16.4 117 0 17.7 49.8 12.5 2.5 2 0 5 5 5
-4030.3 -3961.0 -11.3 318 0 18.0 51.1 10.0 2.5 2 1 4 4 4
-4018.8 -4011.9 -12.0 48 0 51.1 18.0 12.5 2.5 2 0 5 1 1
-4035.7 -3879.0 -4.0 57 0 26.9 34.9 10.0 0.0 0 0 4 3 3
-4094.2 -3866.7 -5.2 147 0 14.6 56.0 7.5 2.5 2 0 3 5 5
-4017.1 -3625.1 15.9 233 0 15.0 62.7 10.0 2.5 2 1 4 0 0
-3990.1 -3692.4 13.2 51 0 13.9 69.4 10.0 2.5 2 1 4 1 1
-4007.9 -3706.7 10.2 51 0 13.8 69.4 10.0 2.5 2 1 4 2 2
-4028.0 -3717.3 7.3 51 0 13.2 65.1 12.5 2.5 2 1 5 3 3
-4046.1 -3731.8 4.1 51 0 13.8 65.1 17.5 2.5 2 1 7 3 3
-4065.0 -3747.0 0.8 51 0 13.6 65.1 15.0 2.5 2 1 6 1 1
-4083.4 -3761.7 -1.7 51 0 13.6 65.1 10.0 2.5 2 1 4 4 4
-4102.2 -3776.8 -2.8 51 0 13.4 65.1 10.0 2.5 2 1 4 1 1
-4146.7 -4232.4 -19.1 218 0 33.2 69.4 10.0 0.0 0 1 4 3 3
-4374.5 -4447.8 -15.2 39 0 98.1 30.7 12.5 0.0 0 0 5 0 0
-4470.0 -4552.2 -15.9 129 0 44.9 92.2 10.0 0.0 0 0 4 2 2
-4588.9 -4536.8 -14.0 33 0 28.3 31.7 10.0 0.0 0 1 4 0 0
-4668.3 -4493.3 -10.4 116 0 44.4 20.7 15.0 2.5 2 0 6 3 3
-4672.3 -4544.0 -12.3 27 0 23.1 35.8 10.0 0.0 0 1 4 0 0
-4838.6 -4604.0 -9.5 109 0 12.8 45.6 7.5 2.5 2 1 3 4 4
-4782.7 -4543.0 -10.0 26 0 46.4 39.2 10.0 0.0 0 0 4 1 1
-4866.9 -4453.1 -4.3 20 0 40.2 78.3 10.0 0.0 0 1 4 3 3
-4891.4 -4517.0 -7.7 17 0 40.8 72.0 10.0 0.0 0 1 4 2 2
-5109.5 -4384.1 -1.6 301 0 98.1 60.0 12.5 0.0 0 0 5 5 5
-5014.9 -4589.2 -6.2 202 0 20.3 39.1 12.5 0.0 0 1 5 2 2
-5026.5 -4617.8 -6.0 202 0 20.1 39.1 17.5 0.0 0 1 7 4 4
-5037.9 -4646.1 -5.9 202 0 20.6 39.1 10.0 0.0 0 1 4 5 5
-4925.7 -4618.9 -7.6 22 0 20.6 39.1 12.5 0.0 0 1 5 0 0
-4937.3 -4647.6 -7.4 22 0 20.5 39.1 10.0 0.0 0 1 4 0 0
-4948.7 -4675.9 -7.3 22 0 20.6 39.1 10.0 0.0 0 1 4 2 2
-4960.3 -4704.6 -7.2 22 0 20.9 39.1 12.5 0.0 0 1 5 3 3
-3521.8 -4895.4 -29.2 214 0 39.1 12.1 10.0 2.5 2 0 4 0 0
-3500.6 -4909.0 -29.3 214 0 43.6 14.8 10.0 2.5 4 0 4 3 3
-3445.5 -4819.1 -29.5 304 0 45.2 67.7 10.0 0.0 0 1 4 2 2
-3398.0 -4847.0 -29.8 306 0 40.2 100.6 10.0 0.0 0 1 4 3 3
-3784.0 -5583.7 -29.1 304 0 4.0 84.3 7.5 0.0 0 0 3 4 4
-3760.7 -5592.5 -30.5 304 0 44.7 96.5 10.0 0.0 0 0 4 5 5
-3735.2 -5697.7 -32.2 32 0 23.5 7.0 8.0 2.5 2 0 2 2 2
-3731.0 -5729.7 -32.6 32 0 26.7 20.6 7.5 2.5 2 0 3 5 5
-3481.1 -5629.5 -32.1 112 0 11.1 73.9 10.0 2.5 2 0 4 3 3
-3446.6 -5643.5 -31.6 112 0 13.7 79.2 10.0 2.5 2 0 4 1 1
-3464.4 -5636.2 -32.0 112 0 25.0 73.9 7.5 0.0 0 0 3 4 4
-3510.3 -5620.0 -32.1 116 0 18.8 20.6 7.5 2.5 2 0 3 3 3
-3532.5 -5609.4 -32.2 115 0 30.2 20.7 10.0 0.0 0 0 4 2 2
-3308.5 -5498.7 -31.1 291 0 16.0 24.4 10.0 2.5 2 1 4 3 3
-3317.4 -5603.7 -31.2 123 0 13.6 18.4 12.0 2.5 4 1 3 1 1
-3247.0 -5569.5 -32.1 29 0 55.2 66.8 12.5 0.0 0 1 5 0 0
-3350.7 -5623.7 -31.1 27 0 20.9 51.1 12.5 2.5 2 1 5 3 3
-3477.1 -5483.4 -33.0 199 0 16.9 19.2 7.5 2.5 2 0 3 5 5
-3438.7 -5416.0 -33.2 201 0 31.3 84.7 10.0 0.0 0 1 4 2 2
-3320.7 -5219.4 -32.5 204 0 31.4 20.8 10.0 0.0 0 0 4 1 1
-3248.9 -5234.1 -33.5 294 0 61.8 31.4 7.5 0.0 0 0 3 0 0
-3184.9 -5162.9 -32.9 111 0 38.8 28.4 7.5 0.0 0 0 3 5 5
-3261.8 -5118.6 -32.2 202 0 20.3 53.2 10.0 2.5 2 1 4 3 3
-3357.4 -5017.7 -30.1 125 0 20.0 51.8 10.0 2.5 2 1 4 5 5
-3233.4 -5002.1 -31.1 36 0 60.1 40.6 7.5 0.0 0 0 3 0 0
-3272.7 -4925.4 -30.7 306 0 51.5 60.8 12.5 0.0 0 1 5 3 3
-3529.3 -4930.9 -29.5 214 0 10.8 14.8 8.0 2.5 2 1 2 3 3
-3549.0 -4917.9 -29.5 214 0 23.3 21.0 10.0 2.5 2 0 4 4 4
-3563.2 -4952.2 -30.3 214 0 19.1 19.2 7.5 2.5 2 0 3 5 5
-3616.1 -5024.1 -30.6 209 0 30.6 67.0 7.5 0.0 0 1 3 5 5
-3818.4 -5355.2 -28.3 117 0 16.8 43.6 7.5 2.5 2 0 3 0 0
-3802.9 -5360.2 -28.7 117 0 15.5 29.6 15.0 0.0 0 0 6 0 0
-3812.3 -5293.1 -27.6 213 0 14.1 17.6 10.0 2.5 2 1 4 1 1
-3753.7 -5275.3 -28.2 298 0 16.5 21.0 7.5 2.5 2 1 3 3 3
-3725.0 -5302.3 -29.0 208 0 15.9 24.9 7.5 2.5 2 0 3 3 3
-3747.1 -5290.5 -28.6 208 0 16.1 25.0 12.5 2.5 2 0 5 5 5
-3773.9 -5415.4 -29.5 199 0 39.1 15.4 10.0 2.5 2 0 4 4 4
-3826.3 -5427.1 -29.0 296 0 17.2 23.3 12.5 2.5 2 1 5 0 0
-3813.4 -5426.7 -29.3 206 0 52.0 17.2 7.5 2.5 2 0 3 5 5
-3923.6 -5196.4 -26.7 202 0 45.8 54.1 7.5 0.0 0 1 3 1 1
-3949.8 -5256.3 -26.2 202 0 79.4 46.6 10.0 0.0 0 0 4 0 0
-3902.4 -5304.8 -26.2 113 0 10.6 27.6 10.0 0.0 0 1 4 2 2
-3856.1 -5239.1 -27.0 32 0 70.7 21.9 10.0 2.5 2 0 4 1 1
-3906.1 -5145.3 -26.7 202 0 51.8 49.4 7.5 0.0 0 0 3 2 2
-3873.1 -5098.8 -27.1 205 0 48.1 42.4 10.0 0.0 0 0 4 1 1
-3795.2 -4958.4 -27.5 209 0 9.0 40.4 7.5 2.5 2 0 3 4 4
-3890.6 -4928.4 -25.6 29 0 18.6 22.5 10.0 2.5 2 1 4 3 3
-3833.9 -4949.3 -26.5 29 0 30.1 40.7 7.5 0.0 0 0 3 0 0
-3858.9 -4993.8 -26.4 29 0 71.8 40.7 10.0 0.0 0 0 4 1 1
-3947.0 -5013.9 -25.6 119 0 26.5 63.1 10.0 0.0 0 1 4 3 3
-3980.0 -5060.4 -25.1 291 0 40.7 77.3 10.0 0.0 0 1 4 5 5
-4088.2 -5166.8 -23.9 25 0 46.1 32.5 10.0 0.0 0 0 4 3 3
-4052.0 -5241.8 -24.5 24 0 83.8 39.8 12.5 0.0 0 0 5 2 2
-4111.4 -5277.3 -24.0 24 0 61.3 40.8 10.0 0.0 0 0 4 5 5
-2458.1 -5703.6 -32.8 124 0 15.5 25.2 15.0 0.0 0 1 6 4 4
-2638.6 -5893.4 -38.0 23 0 27.2 23.6 10.0 0.0 0 0 4 4 4
-2691.6 -5824.6 -35.0 113 0 23.5 15.4 10.0 2.5 2 0 4 2 2
-2665.0 -5695.4 -29.6 293 0 81.6 15.4 12.5 2.5 2 0 5 5 5
-2709.3 -5800.5 -36.0 113 0 74.9 96.0 7.5 0.0 0 0 3 3 3
-2786.8 -5732.2 -31.5 204 0 63.3 35.3 12.5 0.0 0 0 5 2 2
-2781.8 -5872.2 -37.6 294 0 11.7 25.6 7.5 2.5 2 0 3 3 3
-2800.7 -5863.9 -37.5 294 0 18.2 25.6 12.5 2.5 2 0 5 5 5
-2793.1 -6106.5 -37.9 114 0 41.6 26.9 7.5 0.0 0 0 3 4 4
-2741.9 -6129.0 -37.9 114 0 65.7 26.9 7.5 0.0 0 0 3 3 3
-2693.1 -6150.4 -37.9 114 0 37.2 26.9 10.0 0.0 0 0 4 3 3
-2904.6 -6041.2 -38.0 24 0 24.1 81.8 10.0 0.0 0 1 4 4 4
-2855.4 -6020.7 -37.7 114 0 18.3 14.3 7.5 2.5 2 0 3 2 2
-2940.9 -5975.4 -37.7 203 0 14.3 24.3 10.0 2.5 2 0 4 1 1
-4702.1 -6484.6 -19.0 300 0 26.4 8.1 4.0 2.5 2 0 1 3 3
-4722.5 -6502.3 -18.3 300 0 8.2 5.1 4.0 2.5 2 0 1 0 0
-4710.4 -6585.7 -18.7 31 0 32.3 9.9 7.5 2.5 2 0 3 0 0
-4718.8 -6580.5 -18.7 31 0 32.1 78.8 12.5 0.0 0 0 5 2 2
-4831.1 -6686.2 -17.0 122 0 16.1 44.7 7.5 2.5 2 0 3 3 3
-4839.4 -6623.3 -16.9 212 0 7.9 32.5 7.5 2.5 2 0 3 3 3
-4905.9 -6574.1 -15.9 212 0 4.5 18.8 8.0 2.5 2 0 2 1 1
-4855.2 -6603.1 -16.9 122 0 12.8 26.0 10.0 2.5 2 0 4 5 5
-4922.0 -6546.0 -16.7 212 0 25.9 80.4 7.5 0.0 0 0 3 1 1
-4815.3 -6417.6 -17.5 296 0 12.1 7.5 8.0 2.5 2 0 2 0 0
-4804.2 -6422.9 -17.7 296 0 12.6 65.1 10.0 2.5 2 0 4 0 0
-4867.7 -6419.7 -17.5 214 0 80.7 25.7 12.5 0.0 0 0 5 5 5
-4903.4 -6340.2 -16.4 305 0 20.0 74.3 10.0 2.5 2 1 4 0 0
-4971.1 -6305.0 -15.4 305 0 30.3 77.6 7.5 0.0 0 1 3 0 0
-4935.9 -6317.3 -15.7 305 0 21.1 114.8 12.5 0.0 0 1 5 3 3
-5006.3 -6624.4 -14.2 298 0 33.2 42.7 12.5 0.0 0 1 5 5 5
-4658.8 -6287.4 -18.2 33 0 14.6 20.5 7.5 2.5 2 1 3 0 0
-5071.5 -6603.6 -13.2 300 0 7.7 41.4 7.5 2.5 2 0 3 1 1
-5030.4 -6735.1 -15.0 277 0 10.3 38.2 7.5 2.5 2 0 3 3 3
-5007.3 -6728.3 -15.3 277 0 33.2 9.7 7.5 2.5 2 0 3 4 4
-5053.0 -6735.9 -14.7 294 0 25.7 66.1 7.5 0.0 0 1 3 5 5
-5196.0 -6810.7 -13.2 117 0 10.2 38.0 7.5 2.5 2 0 3 2 2
-5170.9 -6730.4 -13.1 297 0 18.3 82.9 10.0 2.5 2 0 4 1 1
-5194.8 -6718.1 -12.8 297 0 36.1 90.4 10.0 0.0 0 0 4 2 2
-2242.2 -4330.3 -35.9 289 0 10.9 21.1 8.0 2.5 2 0 2 4 4
-2240.4 -4311.0 -36.0 289 0 20.2 18.8 12.5 2.5 2 0 5 4 4
-2266.0 -4345.2 -36.0 289 0 25.3 252.1 10.0 0.0 0 1 4 0 0
-4355.0 -5902.6 -26.5 302 0 6.3 50.6 7.5 2.5 2 0 3 0 0
-4391.6 -6069.2 -24.9 31 0 8.3 38.2 7.5 2.5 2 0 3 5 5
-4437.3 -5847.6 -25.6 309 0 29.3 66.9 12.5 0.0 0 1 5 4 4
-4484.9 -5833.2 -25.4 213 0 62.9 18.6 12.5 2.5 2 0 5 3 3
-4588.8 -5971.3 -22.4 213 0 16.2 24.7 10.0 0.0 0 1 4 3 3
-4537.7 -5899.3 -24.3 213 0 92.9 21.4 10.0 0.0 0 0 4 1 1
-4468.8 -5967.2 -24.4 212 0 29.8 13.6 7.5 2.5 2 0 3 2 2
-4513.5 -5908.1 -24.5 212 0 10.4 69.5 7.5 2.5 2 0 3 5 5
-4494.2 -6117.2 -23.2 125 0 137.1 33.1 10.0 0.0 0 0 4 3 3
-4478.9 -6224.7 -22.3 31 0 28.6 59.3 12.5 0.0 0 0 5 3 3
-4533.4 -6247.0 -20.8 121 0 70.4 24.0 10.0 0.0 0 0 4 4 4
-4554.4 -6270.3 -19.4 301 0 53.7 27.6 7.5 0.0 0 0 3 2 2
-4560.7 -6343.4 -18.7 31 0 8.5 52.6 7.5 2.5 2 0 3 4 4
-4613.7 -6291.9 -18.7 211 0 22.1 21.0 7.5 2.5 2 0 3 2 2
-4548.2 -6333.5 -18.9 31 0 21.3 38.3 10.0 0.0 0 0 4 4 4
-4670.1 -6216.0 -18.6 301 0 34.3 35.3 7.5 0.0 0 1 3 4 4
-4768.5 -6251.0 -17.9 213 0 85.9 11.1 12.5 2.5 2 0 5 0 0
-4787.6 -6378.3 -18.1 121 0 80.4 69.4 12.5 0.0 0 0 5 0 0
-4744.9 -6665.5 -18.0 33 0 14.2 20.9 7.5 2.5 2 0 3 3 3
-4753.5 -6678.6 -17.7 33 0 17.0 21.0 10.0 2.5 2 0 4 0 0
-5513.7 -8146.9 -9.4 201 0 10.5 20.1 3.5 2.5 2 1 1 3 3
-5481.4 -8135.7 -10.6 26 0 20.0 15.0 12.5 2.5 2 0 5 3 3
-5506.1 -8103.2 -10.7 200 0 15.2 22.4 10.0 2.5 2 1 4 2 2
-5643.8 -8179.9 -3.5 14 0 17.7 33.5 17.5 0.0 0 1 7 3 3
-5717.7 -8198.5 -2.2 106 0 24.8 10.8 10.0 2.5 2 0 4 3 3
-5211.8 -7509.8 -20.8 31 0 19.8 72.9 5.0 2.5 2 1 2 3 3
-4974.8 -7165.6 -18.7 31 0 23.9 16.4 7.5 2.5 2 0 3 0 0
-4875.0 -7141.6 -20.0 27 0 24.2 12.6 10.0 2.5 2 0 4 0 0
-4930.6 -7062.1 -17.5 300 0 14.7 18.4 7.5 2.5 2 0 3 1 1
-4950.1 -7089.2 -17.6 210 0 29.8 10.6 10.0 2.5 2 0 4 4 4
-4906.8 -7156.2 -19.7 120 0 8.2 21.0 8.0 2.5 2 0 2 5 5
-4921.7 -7149.2 -19.5 120 0 24.6 22.6 10.0 2.5 2 0 4 2 2
-4864.4 -7113.4 -19.5 30 0 15.1 75.7 12.5 2.5 2 0 5 5 5
-4889.2 -7124.9 -19.4 30 0 29.6 60.0 12.5 0.0 0 0 5 1 1
-5021.1 -6963.2 -16.1 21 0 16.4 23.1 10.0 2.5 2 0 4 3 3
-4968.3 -6901.7 -16.3 218 0 10.0 13.8 8.0 2.5 2 1 2 3 3
-4946.6 -6906.4 -16.7 218 0 11.6 33.9 5.0 2.5 2 1 2 1 1
-4980.2 -6913.2 -16.7 218 0 19.2 48.7 7.5 2.5 2 1 3 2 2
-4892.7 -6903.0 -17.4 32 0 16.7 17.2 10.0 2.5 2 0 4 5 5
-4954.0 -6857.8 -17.4 212 0 36.3 48.9 10.0 0.0 0 0 4 3 3
-4906.3 -6716.2 -15.6 121 0 48.5 30.6 7.5 0.0 0 0 3 3 3
-5024.9 -6141.6 -14.7 304 0 10.7 10.0 8.0 2.5 2 0 2 0 0
-5035.2 -6207.8 -15.5 125 0 49.3 50.4 10.0 0.0 0 0 4 4 4
-5246.8 -6221.1 -11.2 208 0 75.1 16.0 10.0 2.5 2 0 4 5 5
-5151.5 -6286.2 -12.9 121 0 8.8 17.7 8.0 2.5 2 0 2 3 3
-5130.2 -6376.1 -14.1 121 0 35.6 69.0 17.5 0.0 0 1 7 5 5
-5151.3 -6447.1 -12.9 31 0 34.4 45.6 10.0 0.0 0 1 4 4 4
-5253.5 -6585.4 -10.9 31 0 29.9 17.5 7.5 2.5 2 0 3 5 5
-5205.9 -6553.2 -12.1 31 0 74.2 42.0 10.0 0.0 0 0 4 4 4
-5284.1 -6468.7 -11.7 29 0 97.1 20.0 10.0 0.0 0 0 4 4 4
-5349.3 -6403.8 -11.1 209 0 46.6 58.3 12.5 0.0 0 1 5 3 3
-5286.9 -6292.8 -11.8 209 0 38.2 79.8 10.0 0.0 0 1 4 3 3
-5311.9 -6350.9 -11.7 209 0 47.3 79.6 10.0 0.0 0 1 4 4 4
-5333.7 -6794.0 -11.0 29 0 24.5 8.2 12.0 2.5 4 0 3 1 1
-5358.8 -6783.2 -10.8 119 0 22.4 15.3 10.0 2.5 2 0 4 4 4
-5360.1 -6668.2 -10.3 206 0 52.8 10.7 10.0 2.5 2 0 4 0 0
-5352.3 -6676.6 -10.7 206 0 44.5 27.3 7.5 0.0 0 0 3 3 3
-5354.8 -6729.1 -10.5 206 0 30.5 7.0 8.0 2.5 2 0 2 2 2
-5364.3 -6701.5 -10.5 206 0 10.8 20.6 8.0 2.5 2 0 2 3 3
-5373.3 -6720.0 -10.5 206 0 30.4 20.6 7.5 0.0 0 0 3 4 4
-5329.6 -6771.2 -11.0 29 0 16.1 30.9 10.0 0.0 0 1 4 3 3
-5307.7 -6673.8 -10.9 296 0 11.0 49.1 7.5 2.5 2 0 3 4 4
-5299.5 -6706.2 -11.1 26 0 50.8 16.1 7.5 2.5 2 0 3 5 5
-5274.0 -6728.6 -12.1 207 0 58.8 30.2 7.5 0.0 0 0 3 2 2
-5438.5 -6602.1 -8.4 30 0 10.2 24.0 8.0 2.5 2 0 2 2 2
-5433.3 -6593.2 -8.4 30 0 10.2 24.0 8.0 2.5 2 0 2 2 2
-5428.1 -6584.3 -8.5 31 0 10.3 24.1 8.0 2.5 2 0 2 0 0
-3420.2 -4468.3 -27.5 303 0 22.6 59.1 10.0 2.5 2 1 4 0 0
-3482.2 -4546.4 -26.6 213 0 59.4 31.4 10.0 0.0 0 0 4 4 4
-3486.4 -4637.2 -26.5 33 0 78.1 45.5 10.0 0.0 0 0 4 0 0
-3554.8 -4750.4 -28.4 33 0 41.4 31.0 7.5 0.0 0 0 3 1 1
-3628.5 -4820.8 -28.3 32 0 43.8 39.8 7.5 0.0 0 0 3 2 2
-3690.5 -4876.4 -29.9 123 0 82.2 46.3 10.0 0.0 0 0 4 2 2
-4332.2 -7098.6 -25.6 33 0 11.1 21.1 8.0 2.5 4 1 2 5 5
-4336.3 -7060.6 -25.4 307 0 8.4 20.8 8.0 2.5 4 1 2 4 4
-4530.5 -6728.6 -20.9 303 0 37.3 12.2 10.0 2.5 2 0 4 0 0
-4347.6 -5853.7 -26.5 126 0 31.3 34.2 10.0 0.0 0 1 4 5 5
-4185.8 -5708.7 -26.1 35 0 40.2 60.9 10.0 0.0 0 0 4 2 2
-4240.9 -5846.6 -26.7 32 0 24.8 38.5 7.5 0.0 0 0 3 3 3
-4327.6 -5812.7 -26.0 122 0 11.5 29.5 7.5 2.5 2 0 3 0 0
-4282.6 -5840.8 -26.4 32 0 24.9 47.3 7.5 0.0 0 0 3 3 3
-4298.0 -5885.0 -27.1 122 0 39.8 30.7 10.0 0.0 0 0 4 2 2
-4155.5 -5468.3 -25.1 113 0 57.4 78.6 12.5 0.0 0 1 5 2 2
-4106.0 -5496.8 -25.9 112 0 34.4 81.8 10.0 0.0 0 1 4 3 3
-4101.2 -5542.7 -23.5 304 0 12.1 19.5 8.0 2.5 2 1 2 2 2
-4088.2 -5592.7 -24.4 33 0 31.1 29.2 7.5 0.0 0 0 3 0 0
-4271.3 -5485.4 -23.9 305 0 35.9 75.7 10.0 0.0 0 1 4 5 5
-4338.2 -5602.7 -25.5 214 0 46.8 23.9 5.0 0.0 0 0 2 1 1
-4163.3 -5549.2 -25.6 309 0 34.2 113.8 15.0 0.0 0 1 6 1 1
-4391.6 -5817.6 -25.8 122 0 27.0 49.3 7.5 0.0 0 1 3 1 1
-4634.8 -5828.3 -22.8 217 0 9.6 68.0 7.5 2.5 2 0 3 5 5
-4620.4 -5814.1 -23.3 217 0 30.2 59.5 10.0 0.0 0 0 4 2 2
-4649.0 -5912.0 -21.4 303 0 34.3 34.4 7.5 0.0 0 1 3 4 4
-4654.3 -6008.6 -20.5 33 0 16.6 96.3 7.5 0.0 0 0 3 0 0
-4685.4 -6055.7 -20.4 33 0 96.1 96.5 12.5 0.0 0 0 5 5 5
-4729.8 -6144.0 -18.7 31 0 36.7 99.4 7.5 0.0 0 1 3 0 0
-4755.8 -6179.1 -18.1 32 0 20.1 120.5 10.0 0.0 0 1 4 2 2
-4772.1 -6205.5 -17.8 32 0 26.4 98.0 7.5 0.0 0 0 3 0 0
-5317.9 -6635.5 -10.6 116 0 23.9 31.7 15.0 0.0 0 1 6 2 2
-5263.2 -6614.2 -11.0 28 0 6.2 20.9 8.0 2.5 2 0 2 1 1
-5138.5 -6662.5 -13.0 121 0 7.2 32.2 12.0 2.5 2 0 3 0 0
-5176.9 -6648.6 -12.4 121 0 7.0 37.4 7.5 2.5 2 0 3 4 4
-4415.6 -5215.9 -19.7 111 0 22.5 54.7 7.5 2.5 2 1 3 2 2
-4327.6 -5215.5 -20.8 22 0 41.8 54.5 7.5 0.0 0 1 3 0 0
-4047.6 -4994.2 -24.1 112 0 16.5 56.0 7.5 2.5 2 1 3 3 3
-4113.6 -4979.8 -23.1 105 0 42.0 12.2 7.5 2.5 2 0 3 5 5
-4249.3 -4939.9 -20.9 109 0 25.5 48.9 10.0 0.0 0 0 4 3 3
-4224.9 -4948.2 -21.3 109 0 26.2 48.9 10.0 0.0 0 0 4 4 4
-4293.5 -4927.1 -19.9 115 0 31.7 78.2 10.0 0.0 0 1 4 4 4
-4331.3 -4917.6 -18.9 114 0 28.8 95.0 12.5 0.0 0 1 5 3 3
-4605.6 -5116.9 -16.3 109 0 25.1 10.2 10.0 2.5 2 0 4 2 2
-4599.6 -5047.3 -16.1 199 0 114.7 30.0 10.0 0.0 0 0 4 0 0
-4555.1 -4943.0 -16.3 200 0 57.6 22.9 10.0 2.5 2 0 4 5 5
-4501.5 -4928.6 -16.6 290 0 30.5 21.1 7.5 0.0 0 0 3 3 3
-4460.9 -4934.4 -17.0 289 0 29.1 90.5 10.0 0.0 0 1 4 4 4
-4553.3 -5119.1 -17.2 110 0 55.7 97.6 12.5 0.0 0 1 5 0 0
-4497.4 -4835.0 -16.5 295 0 33.3 49.8 10.0 0.0 0 0 4 2 2
-4464.0 -4895.8 -17.1 115 0 27.0 99.4 12.5 0.0 0 1 5 3 3
-4863.8 -4798.6 -10.1 205 0 30.7 5.1 8.0 2.5 2 0 2 4 4
-4787.9 -4916.5 -12.0 106 0 21.8 23.7 7.5 2.5 2 0 3 3 3
-4644.6 -4871.6 -14.4 95 0 30.7 19.5 10.0 2.5 4 0 4 2 2
-4707.4 -4863.5 -13.6 127 0 18.2 48.8 7.5 2.5 2 1 3 4 4
-4641.4 -4912.1 -14.6 291 0 25.0 72.5 10.0 0.0 0 1 4 0 0
-4927.5 -4706.4 -9.0 192 0 30.0 39.3 12.5 0.0 0 1 5 3 3
-4839.1 -4687.8 -9.8 16 0 35.6 25.6 12.5 0.0 0 0 5 0 0
-4863.7 -4680.9 -9.3 16 0 35.6 19.4 12.5 0.0 0 0 5 5 5
-4892.5 -4629.9 -8.9 200 0 22.9 21.0 10.0 2.5 4 0 4 5 5
-4239.8 -5364.1 -23.1 115 0 10.4 61.4 7.5 2.5 2 0 3 1 1
-4246.9 -5354.9 -23.0 115 0 10.5 56.1 12.5 2.5 2 0 5 2 2
-4256.3 -5350.4 -22.8 115 0 10.5 49.2 10.0 2.5 2 0 4 3 3
-4268.0 -5350.7 -22.7 115 0 10.5 54.4 7.5 2.5 2 0 3 4 4
-4275.1 -5341.5 -22.5 115 0 10.5 56.1 7.5 2.5 2 0 3 5 5
-4284.5 -5337.0 -22.4 115 0 10.5 49.2 7.5 2.5 2 0 3 2 2
-4296.2 -5337.3 -22.2 115 0 10.5 54.4 10.0 2.5 2 0 4 1 1
-4297.6 -5303.6 -22.0 205 0 56.1 10.4 10.0 2.5 2 0 4 4 4
-4306.9 -5299.1 -21.9 205 0 49.1 10.4 10.0 2.5 2 0 4 2 2
-4327.9 -5319.3 -21.8 205 0 54.4 10.4 15.0 0.0 0 0 6 2 2
-4324.3 -5287.1 -21.6 205 0 56.2 10.4 10.0 2.5 2 0 4 3 3
-4271.1 -5383.6 -23.3 115 0 50.5 21.5 7.5 0.0 0 0 3 1 1
-4200.3 -5381.6 -23.8 115 0 11.3 10.2 8.0 2.5 2 0 2 3 3
-4177.4 -5329.0 -23.5 25 0 58.3 26.8 15.0 2.5 2 0 6 5 5
-4165.2 -5372.1 -24.0 25 0 9.0 14.2 8.0 2.5 2 0 2 0 0
-4153.0 -5341.8 -23.9 25 0 56.1 27.5 10.0 2.5 2 0 4 4 4
-3890.5 -4796.0 -25.4 299 0 36.3 70.5 7.5 0.0 0 0 3 1 1
-4010.3 -5005.2 -25.2 119 0 36.2 170.6 10.0 0.0 0 0 4 2 2
-3795.8 -4891.1 -26.8 29 0 45.5 13.7 7.5 0.0 0 0 3 2 2
-3809.5 -4842.1 -26.6 302 0 27.9 48.9 7.5 0.0 0 1 3 0 0
-3626.0 -5117.3 -29.4 297 0 11.8 45.2 7.5 2.5 2 0 3 2 2
-3576.2 -5137.7 -29.8 297 0 23.9 49.8 10.0 2.5 2 0 4 4 4
-3604.8 -5128.1 -29.6 297 0 35.9 43.6 10.0 0.0 0 0 4 3 3
-3366.5 -4434.9 -27.8 120 0 52.5 36.5 7.5 0.0 0 0 3 1 1
-3388.3 -4435.0 -27.8 300 0 45.8 35.1 12.5 0.0 0 0 5 4 4
-3237.9 -4548.8 -29.7 32 0 19.8 81.1 10.0 2.5 2 1 4 5 5
-3252.7 -4578.7 -29.4 35 0 15.2 57.8 7.5 2.5 2 1 3 0 0
-3217.1 -4639.6 -29.5 24 0 15.5 51.6 7.5 2.5 2 1 3 5 5
-3229.0 -4666.2 -29.3 24 0 14.5 56.1 7.5 0.0 0 1 3 4 4
-3239.4 -4689.7 -29.1 24 0 14.5 58.4 7.5 2.5 2 1 3 0 0
-3250.8 -4712.3 -29.0 24 0 14.5 60.9 12.5 2.5 2 1 5 4 4
-3278.1 -4622.0 -28.7 32 0 12.8 87.1 12.5 2.5 2 1 5 2 2
-3329.7 -4622.1 -28.6 122 0 87.1 12.4 12.5 2.5 2 0 5 2 2
-3341.6 -4641.0 -28.4 122 0 87.1 13.6 10.0 2.5 2 0 4 0 0
-3352.9 -4659.0 -28.2 122 0 87.1 13.2 10.0 2.5 2 0 4 4 4
-3377.4 -4774.6 -29.8 37 0 15.9 69.3 12.5 2.5 2 1 5 4 4
-3242.0 -4031.0 -20.8 352 0 18.6 35.3 7.5 0.0 0 1 3 3 3
-307.1 -496.0 -27.6 254 0 67.9 114.1 15.0 0.0 0 1 6 3 3
-318.6 -792.0 -25.8 74 0 67.2 273.0 12.5 0.0 0 1 5 1 1
-485.5 -555.3 -27.0 254 0 68.3 278.3 10.0 0.0 0 1 4 2 2
3.1 -682.9 -30.7 289 0 64.6 19.9 7.5 2.5 2 0 3 0 0
-65.3 -726.6 -29.6 109 0 12.2 25.9 7.5 2.5 2 0 3 5 5
-44.3 -792.5 -30.9 294 0 124.7 60.1 12.5 0.0 0 0 5 2 2
167.9 -207.2 -34.7 32 0 26.4 17.3 7.5 2.5 2 0 3 4 4
-95.5 -323.5 -32.3 212 0 7.8 154.6 7.5 2.5 2 0 3 2 2
23.3 -274.4 -33.7 302 0 169.1 100.3 17.5 0.0 0 0 7 3 3
229.9 -283.6 -34.5 97 0 17.7 32.8 7.5 2.5 4 1 3 5 5
271.8 -142.6 -35.5 277 0 5.7 48.4 5.0 2.5 2 0 2 4 4
275.6 -135.2 -35.6 187 0 48.5 21.0 10.0 2.5 2 0 4 2 2
894.7 -343.6 -38.2 101 0 12.9 31.9 14.0 3.5 2 0 4 1 1
914.8 -241.5 -38.0 101 0 12.9 138.9 14.0 0.0 0 0 4 3 3
796.4 -70.1 -38.9 191 0 12.3 142.9 14.0 0.0 0 0 4 3 3
810.2 -348.5 -37.9 101 0 76.7 21.3 14.0 0.0 0 0 4 2 2
563.2 -682.7 -36.2 190 0 15.1 32.3 10.0 2.5 2 1 4 4 4
597.5 -607.3 -35.4 10 0 6.2 14.2 8.0 2.5 2 0 2 4 4
512.0 -589.5 -35.1 190 0 10.3 46.3 7.5 2.5 2 0 3 3 3
626.4 -381.3 -38.1 280 0 97.3 174.4 10.0 0.0 0 1 4 5 5
701.7 -526.0 -37.6 191 0 202.2 98.0 12.5 0.0 0 0 5 4 4
903.2 -422.0 -39.4 281 0 62.1 241.6 12.5 0.0 0 1 5 1 1
1170.7 -300.1 -38.8 8 0 40.1 16.9 14.0 3.5 2 0 4 0 0
1033.7 3.5 -37.2 189 0 32.7 117.2 14.0 0.0 0 0 4 5 5
1182.9 -104.0 -37.3 9 0 150.7 163.4 14.0 0.0 0 0 4 5 5
1364.1 215.6 -41.9 3 0 19.1 29.9 14.0 3.5 2 0 4 4 4
1355.9 200.7 -41.3 3 0 11.6 24.3 14.0 3.5 2 0 4 1 1
1355.2 187.6 -40.9 3 0 9.8 21.2 12.0 3.5 2 0 3 4 4
1353.5 158.5 -40.1 3 0 12.7 24.0 14.0 3.5 2 0 4 3 3
1389.5 123.0 -40.9 184 0 145.6 18.4 14.0 0.0 0 0 4 1 1
1458.6 164.3 -40.4 5 0 28.2 10.5 14.0 3.5 2 0 4 5 5
1456.8 142.7 -39.6 5 0 13.3 10.5 16.0 3.5 2 0 4 5 5
-5460.2 -4387.8 8.2 308 0 12.4 25.5 7.5 2.5 2 1 3 3 3
1357.1 87.1 -39.4 3 0 183.2 78.0 14.0 0.0 0 0 4 2 2
1231.9 47.3 -39.6 183 0 185.1 45.2 14.0 0.0 0 0 4 5 5
2457.5 937.9 -52.2 22 0 11.2 21.1 12.0 3.5 2 1 3 4 4
2434.9 1051.1 -52.7 260 0 40.6 11.6 10.5 3.5 2 0 3 4 4
1607.0 1240.8 -49.0 269 0 57.5 40.5 10.0 0.0 0 0 4 3 3
1630.4 740.9 -47.1 267 0 51.2 15.5 14.0 3.5 2 0 4 4 4
1611.6 805.5 -48.4 350 0 20.3 63.2 10.5 0.0 0 1 3 5 5
1812.5 876.3 -49.4 350 0 48.7 101.6 10.5 0.0 0 1 3 5 5
-6203.7 -5477.6 13.5 214 0 8.8 13.3 4.0 2.5 2 0 1 0 0
-6176.6 -5450.9 13.6 304 0 12.3 33.0 10.0 2.5 2 0 4 4 4
-6156.5 -5460.5 12.9 305 0 15.4 66.8 10.0 2.5 2 1 4 1 1
-5510.9 -5317.3 4.2 57 0 17.3 17.7 10.0 2.5 2 1 4 2 2
-6239.3 -4830.4 30.0 140 0 15.3 22.8 7.5 2.5 2 1 3 3 3
-5762.1 -4414.9 20.5 192 0 16.2 18.8 10.0 2.5 2 1 4 1 1
-5784.4 -4539.6 15.6 38 0 17.4 28.3 10.0 2.5 2 1 4 1 1
-5500.0 -4421.8 7.8 126 0 67.4 6.8 7.5 2.5 2 0 3 1 1
-5492.4 -4345.2 9.9 303 0 26.9 50.6 10.0 2.5 2 1 4 5 5
-4409.1 -4906.5 -17.7 99 0 41.4 38.0 10.0 0.0 0 0 4 5 5
-4410.7 -4963.5 -17.6 20 0 34.6 27.7 10.0 0.0 0 0 4 2 2
-424.1 -907.1 -26.2 34 0 7.3 13.8 12.0 2.5 2 0 3 3 3
-432.4 -919.2 -26.2 34 0 7.3 13.8 8.0 2.5 2 0 2 3 3
-436.5 -925.2 -26.3 35 0 7.3 13.8 4.0 2.5 2 0 1 2 2
-454.0 -882.4 -26.3 0 0 11.5 13.0 8.0 2.5 2 1 2 0 0
-515.7 -852.3 -26.4 213 0 30.7 38.9 7.5 0.0 0 1 3 5 5
-468.8 -959.4 -26.4 33 0 14.2 9.5 4.0 2.5 2 0 1 1 1
-570.2 -1064.1 -25.8 33 0 139.9 77.7 12.5 0.0 0 0 5 3 3
595.7 113.9 -38.8 275 0 9.3 34.8 7.5 2.5 2 0 3 2 2
609.4 77.7 -39.0 95 0 24.4 34.9 7.5 0.0 0 0 3 2 2
609.1 137.1 -39.7 185 0 23.9 66.2 7.5 2.5 2 1 3 5 5
703.0 109.9 -39.7 95 0 32.8 33.2 10.0 0.0 0 1 4 1 1
793.6 183.4 -41.0 5 0 34.2 33.1 15.0 0.0 0 0 6 2 2
789.0 130.8 -39.2 5 0 46.6 33.1 7.5 0.0 0 0 3 5 5
-472.6 -1088.6 -26.5 305 0 16.7 22.4 10.0 2.5 2 0 4 4 4
-353.0 -1252.0 -25.5 125 0 5.5 12.0 8.0 2.5 2 0 2 1 1
-359.8 -1243.7 -25.7 125 0 15.1 20.5 7.5 2.5 2 0 3 3 3
-353.9 -1279.1 -25.2 125 0 17.8 14.1 7.5 2.5 2 0 3 1 1
-316.8 -1195.0 -26.7 305 0 43.3 15.3 7.5 0.0 0 0 3 0 0
-406.7 -1231.1 -25.2 125 0 22.4 16.9 10.0 2.5 2 0 4 1 1
-383.3 -1242.8 -25.5 125 0 21.1 25.7 7.5 0.0 0 1 3 1 1
-275.8 -1160.3 -27.6 124 0 9.2 26.4 4.0 2.5 2 1 1 0 0
-327.1 -1156.0 -27.6 125 0 24.9 83.8 7.5 0.0 0 0 3 1 1
-385.3 -1105.0 -27.5 125 0 129.2 61.2 7.5 0.0 0 0 3 2 2
-38.2 -1267.3 -28.9 34 0 66.5 221.5 12.5 0.0 0 1 5 3 3
182.0 -895.6 -32.8 292 0 20.8 17.4 7.5 2.5 2 0 3 3 3
130.1 -1039.4 -31.4 112 0 11.7 15.1 8.0 2.5 2 0 2 4 4
114.2 -1033.0 -32.7 112 0 22.8 135.3 10.0 0.0 0 0 4 3 3
4430.2 -4407.7 -51.8 331 0 22.3 14.6 7.5 2.5 2 0 3 3 3
5646.5 -4894.4 -36.5 280 0 24.3 13.0 12.5 2.5 2 0 5 5 5
5603.1 -4947.2 -36.4 83 0 49.6 8.7 7.5 2.5 2 0 3 0 0
5512.1 -4818.2 -44.5 259 0 7.7 30.3 8.0 2.5 2 1 2 1 1
5577.4 -4869.8 -40.9 347 0 10.4 30.1 15.0 0.0 0 1 6 1 1
5585.9 -4840.1 -44.0 354 0 15.7 46.0 12.5 2.5 2 1 5 2 2
221.1 -1642.8 -32.5 303 0 117.5 12.2 12.5 2.5 2 0 5 1 1
214.5 -1653.1 -32.0 303 0 117.6 62.2 10.0 0.0 0 0 4 0 0
49.9 -1702.1 -31.4 306 0 75.9 192.6 7.5 0.0 0 1 3 2 2
3095.9 -1730.0 -49.9 265 0 17.0 33.6 14.0 0.0 0 1 4 2 2
-1856.0 -3292.4 -26.6 114 0 24.1 13.4 7.5 2.5 2 0 3 5 5
-2064.8 -3339.0 -27.2 107 0 11.8 31.7 10.0 2.5 2 0 4 4 4
-2034.3 -3446.3 -28.8 114 0 19.6 35.5 5.0 0.0 0 1 2 1 1
-2672.0 -3390.7 -28.4 25 0 14.5 50.9 12.5 2.5 2 1 5 5 5
-2732.7 -3579.1 -27.4 144 0 5.5 19.2 2.5 2.5 2 0 1 0 0
-2723.2 -3575.7 -27.6 234 0 14.2 20.3 10.0 2.5 2 0 4 5 5
-2535.8 -3075.1 -27.8 294 0 54.9 12.3 7.5 2.5 2 0 3 3 3
-2442.7 -3122.3 -27.8 22 0 11.9 55.7 12.5 2.5 2 1 5 0 0
-2375.6 -3231.3 -28.1 206 0 15.3 87.2 10.0 2.5 2 1 4 0 0
-2420.9 -3153.9 -28.1 206 0 15.6 42.8 10.0 2.5 2 0 4 0 0
-2375.2 -3185.1 -28.1 116 0 24.0 15.6 7.5 2.5 2 0 3 2 2
-2285.6 -3245.6 -28.0 26 0 17.4 87.2 7.5 2.5 2 1 3 4 4
-2275.4 -3224.6 -28.1 26 0 16.8 90.1 10.0 0.0 0 1 4 2 2
-2377.4 -3091.0 -26.9 203 0 16.0 143.4 7.5 0.0 0 1 3 0 0
-1466.7 -2812.2 -26.4 296 0 57.8 89.0 12.5 0.0 0 1 5 3 3
-1604.6 -2861.2 -25.1 117 0 64.7 103.4 10.0 0.0 0 1 4 2 2
-2137.7 -2761.0 -22.9 207 0 30.3 10.6 10.0 2.5 2 0 4 5 5
-1977.2 -2773.8 -22.8 27 0 100.3 115.9 7.5 0.0 0 1 3 5 5
-1682.4 -2194.2 -19.6 136 0 43.9 41.4 7.5 0.0 0 0 3 0 0
-1740.3 -2476.2 -20.7 136 0 47.3 23.1 7.5 2.5 2 0 3 3 3
-1578.6 -2396.1 -21.4 316 0 42.1 24.7 7.5 0.0 0 0 3 5 5
-1614.5 -2457.0 -21.2 316 0 33.3 25.6 10.0 0.0 0 0 4 1 1
-1548.7 -2526.2 -21.9 46 0 135.5 79.0 7.5 0.0 0 0 3 1 1
-1691.9 -2277.0 -20.8 316 0 89.6 24.7 12.5 0.0 0 0 5 0 0
-1623.9 -2348.5 -21.2 316 0 75.2 24.7 7.5 0.0 0 0 3 4 4
-1662.5 -2343.7 -20.9 316 0 14.8 13.8 4.0 2.5 2 0 1 5 5
-1836.7 -2282.9 -19.8 226 0 53.5 20.3 10.0 2.5 2 0 4 4 4
-1801.4 -2358.9 -20.7 136 0 118.1 97.3 7.5 0.0 0 0 3 0 0
-1671.4 -969.3 -18.8 12 0 66.3 27.9 5.0 0.0 0 0 2 4 4
-1647.5 85.5 -17.1 288 0 120.0 75.0 10.0 0.0 0 0 4 5 5
-1461.2 -32.6 -20.5 18 0 40.6 153.6 15.0 0.0 0 0 6 4 4
-1102.5 -444.2 -23.2 264 0 8.2 22.8 8.0 2.5 2 0 2 4 4
-1136.6 -447.5 -23.0 264 0 60.2 22.8 12.5 2.5 2 0 5 2 2
-1003.0 -636.4 -23.3 102 0 18.2 10.8 8.0 2.5 2 0 2 3 3
-972.6 -607.3 -23.5 12 0 22.2 19.5 7.5 2.5 2 0 3 0 0
-1029.6 -590.3 -23.0 282 0 12.9 29.8 12.5 2.5 2 1 5 1 1
-439.0 -1052.7 -26.9 125 0 18.9 26.4 10.0 2.5 2 0 4 4 4
-916.2 -1125.3 -22.9 104 0 18.8 12.9 4.0 2.5 2 0 1 0 0
-900.9 -1115.8 -22.9 104 0 31.1 45.4 10.0 0.0 0 0 4 2 2
-620.6 -843.7 -26.0 301 0 8.6 20.5 8.0 2.5 2 1 2 2 2
-585.3 -841.5 -26.3 280 0 21.4 37.7 7.5 0.0 0 1 3 4 4
-720.1 -883.0 -25.5 190 0 22.8 49.7 7.5 2.5 4 1 3 5 5
-677.7 -1005.6 -24.5 190 0 19.1 21.3 7.5 2.5 2 0 3 3 3
-717.3 -917.9 -25.3 190 0 16.5 54.5 10.0 2.5 2 0 4 5 5
-638.9 -780.5 -26.3 10 0 28.0 13.3 10.0 0.0 0 0 4 5 5
-567.2 -730.3 -26.1 10 0 10.0 41.8 7.5 2.5 2 1 3 1 1
-2729.8 -1828.0 -14.6 281 0 12.8 109.8 7.5 2.5 2 1 3 3 3
-2707.7 -1832.4 -15.0 281 0 12.5 109.8 7.5 0.0 0 1 3 1 1
-2685.9 -1836.7 -15.3 281 0 12.2 109.8 7.5 2.5 2 1 3 1 1
-2636.7 -1853.3 -15.8 281 0 39.9 40.5 7.5 0.0 0 1 3 0 0
-2634.8 -1951.6 -16.2 11 0 64.4 39.9 7.5 0.0 0 0 3 1 1
-2209.3 -1890.4 -15.2 111 0 19.4 56.4 12.5 2.5 2 0 5 1 1
-2193.6 -1904.5 -15.5 111 0 20.3 71.7 12.5 2.5 2 0 5 2 2
-2178.2 -1920.2 -15.7 111 0 20.2 89.8 12.5 0.0 0 0 5 3 3
-2162.3 -1934.5 -16.0 111 0 20.0 105.0 10.0 0.0 0 0 4 3 3
-2113.9 -1961.2 -16.5 111 0 39.8 128.9 12.5 0.0 0 1 5 2 2
-1358.3 -2447.6 -22.0 47 0 26.3 23.0 10.0 0.0 0 0 4 4 4
-885.2 -2173.7 -24.7 316 0 62.5 8.7 7.5 2.5 2 0 3 0 0
-1077.2 -2130.5 -22.6 226 0 74.6 11.8 10.0 2.5 2 0 4 3 3
-1040.2 -2315.2 -23.6 46 0 11.6 30.6 15.0 0.0 0 0 6 4 4
-1050.5 -2235.3 -23.5 226 0 28.1 64.7 10.0 0.0 0 0 4 2 2
-900.0 -1889.8 -24.0 136 0 23.8 20.2 15.0 0.0 0 0 6 5 5
-884.2 -1906.1 -24.1 136 0 21.7 36.6 10.0 0.0 0 0 4 0 0
-853.8 -1928.9 -24.1 136 0 34.3 43.7 10.0 0.0 0 1 4 2 2
-820.5 -1958.6 -24.5 136 0 37.1 40.3 12.5 0.0 0 1 5 4 4
-769.9 -1908.2 -25.2 225 0 31.8 78.2 15.0 0.0 0 1 6 3 3
-729.4 -1998.3 -25.2 46 0 8.3 17.6 12.0 2.5 2 0 3 3 3
-763.1 -2027.8 -25.3 136 0 30.4 40.6 7.5 0.0 0 0 3 5 5
-734.2 -2062.8 -25.9 136 0 37.2 44.1 5.0 0.0 0 1 2 1 1
-580.7 -2077.3 -27.4 46 0 77.3 42.9 10.0 0.0 0 0 4 2 2
-668.4 -2130.8 -27.2 136 0 40.0 49.8 5.0 0.0 0 0 2 1 1
-801.7 -2206.4 -26.4 137 0 30.2 6.1 8.0 2.5 2 0 2 2 2
-852.6 -2154.1 -25.5 137 0 52.5 7.7 5.0 2.5 2 0 2 3 3
-846.9 -2148.8 -25.6 137 0 75.4 47.2 15.0 0.0 0 0 6 5 5
-767.7 -2559.2 -27.7 49 0 14.3 80.3 12.5 2.5 2 1 5 2 2
-683.9 -2230.0 -28.2 226 0 19.4 54.4 7.5 2.5 2 1 3 2 2
-632.0 -2220.3 -28.2 316 0 54.5 24.9 10.0 2.5 4 0 4 0 0
-601.5 -2152.7 -28.9 226 0 40.4 113.3 12.5 0.0 0 0 5 5 5
-798.6 -2669.5 -27.8 333 0 10.3 29.7 10.0 2.5 2 1 4 4 4
-1134.0 -2547.2 -25.3 319 0 15.3 30.7 15.0 0.0 0 1 6 0 0
-1151.2 -2527.3 -24.7 319 0 20.2 30.7 12.5 0.0 0 1 5 5 5
-1250.6 -2590.9 -21.3 51 0 15.1 20.0 7.5 2.5 2 1 3 5 5
-1220.1 -2566.0 -22.5 51 0 53.1 20.0 15.0 2.5 2 0 6 0 0
-1222.2 -2447.2 -22.1 316 0 34.7 14.0 12.5 2.5 2 0 5 5 5
-1405.0 -2525.0 -22.5 229 0 64.2 73.1 7.5 0.0 0 0 3 5 5
-1401.2 -2651.4 -22.4 46 0 63.3 19.9 10.0 2.5 2 0 4 1 1
-1480.5 -2610.7 -23.4 226 0 122.0 64.4 10.0 0.0 0 0 4 2 2
-1033.8 -2564.8 -28.3 227 0 6.1 60.3 7.5 2.5 2 0 3 4 4
-993.0 -2526.3 -28.1 227 0 106.0 60.3 10.0 0.0 0 0 4 3 3
-1095.0 -2477.0 -24.9 136 0 7.0 49.4 7.5 2.5 2 0 3 2 2
-3747.6 -265.8 -1.2 198 0 136.2 34.7 15.0 0.0 0 0 6 5 5
-3608.1 -156.6 -3.5 21 0 37.7 22.5 10.0 0.0 0 0 4 5 5
-3668.3 -181.9 -2.1 197 0 20.0 45.3 12.5 2.5 2 1 5 2 2
-3599.5 -304.3 -1.5 111 0 39.8 101.6 10.0 0.0 0 1 4 5 5
-3733.5 187.6 -1.5 284 0 9.2 21.2 8.0 0.0 0 1 2 0 0
-3737.1 118.2 -4.0 194 0 14.6 24.0 7.5 2.5 2 0 3 4 4
-3712.3 118.9 -5.7 194 0 20.8 128.1 10.0 0.0 0 0 4 1 1
-3644.9 160.6 -4.9 284 0 144.9 34.5 10.0 0.0 0 0 4 3 3
-2930.9 17.7 -8.9 1 0 20.4 91.4 10.0 0.0 0 1 4 3 3
-3149.4 39.8 -7.9 281 0 48.1 80.8 12.5 0.0 0 1 5 0 0
-3191.4 47.9 -6.6 281 0 39.9 68.6 10.0 0.0 0 1 4 3 3
-3242.9 57.8 -6.7 281 0 40.1 65.4 12.5 0.0 0 1 5 2 2
-3251.2 207.2 -4.7 102 0 92.5 75.1 12.5 0.0 0 0 5 2 2
-3038.1 517.5 -7.9 2 0 24.4 81.1 12.5 0.0 0 1 5 0 0
-3403.5 151.5 -4.2 100 0 49.2 48.9 7.5 0.0 0 0 3 1 1
-3386.1 254.7 -3.8 280 0 49.1 40.1 10.0 0.0 0 0 4 2 2
-3572.7 325.7 -1.3 10 0 50.9 39.8 7.5 0.0 0 0 3 1 1
-3587.6 244.2 -2.4 10 0 50.2 39.8 12.5 0.0 0 0 5 1 1
-3734.9 247.0 -1.0 104 0 62.2 80.8 10.0 0.0 0 0 4 3 3
-3951.1 45.1 -5.6 300 0 61.4 20.1 10.0 2.5 4 0 4 5 5
-4064.7 -180.5 -2.0 9 0 12.3 28.1 5.0 2.5 2 1 2 2 2
-4044.9 -327.8 -0.3 103 0 17.1 60.8 17.5 2.5 2 1 7 5 5
-4196.2 -355.1 3.0 104 0 19.1 45.6 12.5 2.5 2 0 5 3 3
-4192.0 -297.2 2.2 194 0 23.3 28.0 15.0 0.0 0 0 6 0 0
-4140.1 -314.3 1.5 104 0 52.9 16.0 10.0 2.5 2 0 4 2 2
-4127.6 -232.6 0.1 284 0 62.0 35.6 10.0 0.0 0 0 4 0 0
-4461.4 -772.9 3.5 283 0 13.8 115.9 12.5 2.5 2 1 5 3 3
-4431.1 -770.4 3.3 283 0 13.6 125.1 10.0 0.0 0 1 4 3 3
-4546.9 -895.4 4.6 191 0 19.5 108.1 12.5 0.0 0 1 5 5 5
-4445.7 -941.4 5.6 11 0 15.1 108.1 12.5 0.0 0 1 5 3 3
-4451.3 -969.8 6.4 11 0 14.9 108.1 10.0 0.0 0 1 4 2 2
-4514.6 -989.6 7.1 101 0 99.7 14.7 10.0 0.0 0 0 4 5 5
-4800.8 240.2 4.2 187 0 11.6 23.4 10.0 2.5 2 1 4 3 3
-4738.9 284.5 3.9 193 0 27.0 18.7 7.5 2.5 2 0 3 0 0
-4570.9 290.9 2.5 282 0 19.7 11.4 4.0 2.5 2 0 1 1 1
-4591.4 291.2 2.4 282 0 40.1 37.9 7.5 0.0 0 0 3 5 5
-4942.1 414.5 6.8 298 0 17.1 16.3 7.5 2.5 2 0 3 2 2
-4957.3 422.6 6.8 298 0 17.4 25.5 5.0 2.5 2 0 2 4 4
-5016.5 451.2 7.0 297 0 15.5 29.5 7.5 2.5 2 0 3 0 0
-5032.3 459.1 6.7 297 0 20.1 37.6 5.0 0.0 0 0 2 2 2
-5070.7 427.3 6.3 117 0 20.6 45.6 10.0 2.5 2 0 4 3 3
-4951.8 298.4 5.3 182 0 126.9 66.4 12.5 0.0 0 0 5 4 4
-5458.0 423.9 10.1 2 0 42.4 19.0 7.5 2.5 2 0 3 5 5
-5654.8 638.2 14.8 281 0 7.3 15.4 8.0 2.5 2 0 2 4 4
-5661.5 650.1 14.8 281 0 10.6 50.3 10.0 2.5 2 0 4 5 5
-5600.7 708.9 14.4 13 0 23.4 22.7 10.0 2.5 2 0 4 2 2
-5636.7 686.0 14.8 103 0 14.7 55.2 5.0 2.5 2 0 2 3 3
-6549.1 1867.5 25.3 14 0 41.8 18.1 7.5 2.5 2 0 3 5 5
-6399.0 1921.5 25.7 9 0 11.7 60.7 10.0 2.5 2 1 4 0 0
-6394.4 1937.9 25.8 9 0 12.1 65.6 10.0 2.5 4 1 4 0 0
-6393.8 1955.0 25.9 9 0 11.9 63.7 10.0 2.5 2 1 4 5 5
-6391.3 1970.5 26.0 9 0 11.7 63.9 10.0 2.5 2 1 4 5 5
-6394.4 1986.0 26.0 8 0 11.9 58.5 10.0 2.5 4 1 4 1 1
-6392.1 2001.1 26.1 9 0 12.2 58.5 7.5 2.5 2 1 3 5 5
-6493.3 2024.1 26.0 280 0 80.7 12.9 10.0 2.5 2 0 4 3 3
-6879.9 675.0 24.2 209 0 61.5 18.3 7.5 2.5 2 0 3 5 5
-6943.8 651.9 23.3 120 0 20.4 106.2 12.5 0.0 0 1 5 1 1
-3727.0 1374.1 -2.6 183 0 31.1 12.4 7.5 2.5 2 0 3 0 0
-3708.1 1340.3 -3.0 93 0 16.2 48.4 10.0 2.5 2 0 4 3 3
-3484.4 1327.0 0.3 84 0 7.0 60.8 7.5 2.5 2 0 3 1 1
-4058.9 1878.7 7.1 253 0 44.7 30.3 10.0 0.0 0 0 4 5 5
-3707.2 1732.4 1.8 10 0 48.4 15.9 5.0 2.5 2 0 2 2 2
-3553.0 2186.7 5.3 359 0 33.3 36.5 12.5 0.0 0 1 5 2 2
-3554.2 2260.9 6.7 1 0 61.1 53.1 12.5 0.0 0 0 5 4 4
-3226.4 2452.5 18.4 93 0 33.0 29.0 10.0 0.0 0 0 4 0 0
-3315.5 2732.3 12.2 181 0 15.4 51.5 12.5 2.5 2 1 5 0 0
-3239.7 2764.7 14.7 271 0 24.5 20.2 12.5 2.5 2 0 5 1 1
-3168.8 2745.8 16.1 1 0 39.7 52.1 12.5 0.0 0 1 5 1 1
-2605.7 3039.1 56.6 6 0 12.0 50.5 12.5 2.5 2 1 5 4 4
-2517.8 394.7 -5.0 294 0 77.7 17.2 12.5 2.5 2 0 5 5 5
-2450.4 373.5 -4.5 294 0 50.0 24.4 12.5 2.5 2 0 5 5 5
-3285.1 -414.3 -5.7 184 0 9.8 79.6 7.5 2.5 2 1 3 1 1
-2553.8 -674.0 -10.4 189 0 24.9 63.7 15.0 2.5 2 1 6 4 4
-2447.9 -739.6 -12.2 13 0 37.2 50.4 10.0 0.0 0 1 4 5 5
-2747.0 -1230.6 -9.8 203 0 13.5 96.9 17.5 2.5 2 1 7 3 3
-2667.3 -1378.9 -8.5 122 0 14.3 115.6 10.0 0.0 0 1 4 2 2
-2715.4 -1307.9 -9.1 146 0 96.1 13.6 10.0 2.5 2 0 4 3 3
-2813.2 -1238.0 -9.9 317 0 13.5 101.3 10.0 2.5 2 1 4 3 3
-2800.5 -1251.6 -9.6 317 0 12.2 97.6 10.0 2.5 2 1 4 5 5
-2778.6 -1275.0 -9.1 317 0 13.1 97.6 12.5 0.0 0 1 5 1 1
-2697.5 -544.2 -10.4 98 0 30.6 15.5 10.0 2.5 2 0 4 2 2
-3546.0 -496.7 -1.7 13 0 18.0 7.3 4.0 2.5 2 0 1 1 1
-3554.8 -457.4 -1.4 285 0 8.9 29.8 7.5 2.5 2 0 3 5 5
-3571.5 -502.1 -1.7 195 0 35.4 9.0 7.5 2.5 2 0 3 4 4
-3571.7 -542.7 -2.1 196 0 34.2 8.9 7.5 2.5 2 0 3 2 2
-3584.3 -585.8 -2.5 197 0 46.3 11.5 7.5 2.5 2 0 3 2 2
-3748.6 -528.1 -1.0 23 0 38.3 14.1 10.0 2.5 2 0 4 1 1
-3765.8 -375.3 -1.0 86 0 30.6 14.7 10.0 2.5 2 0 4 0 0
-3691.7 -353.5 -0.2 108 0 24.0 85.5 10.0 0.0 0 1 4 3 3
-6464.3 -163.3 27.3 12 0 13.0 65.8 17.5 0.0 0 1 7 2 2
-6470.1 -190.4 27.7 12 0 13.2 65.8 10.0 0.0 0 1 4 1 1
-6471.3 -217.6 28.0 13 0 13.8 69.4 10.0 2.5 2 1 4 3 3
-6484.9 -260.3 28.6 13 0 13.5 65.7 10.0 2.5 2 1 4 3 3
-6491.8 -290.1 29.0 13 0 13.1 65.7 7.5 2.5 2 1 3 4 4
-6498.5 -319.4 29.4 13 0 13.1 65.7 10.0 2.5 2 1 4 1 1
-6615.4 -385.4 30.6 135 0 12.6 66.7 12.5 2.5 2 1 5 0 0
-6583.7 -392.5 30.2 135 0 12.6 66.7 12.5 2.5 2 1 5 0 0
-6511.7 -354.6 29.9 315 0 13.0 65.6 12.5 2.5 2 1 5 4 4
-6623.9 -231.4 29.2 156 0 13.1 66.9 10.0 2.5 2 1 4 5 5
-6634.9 -206.4 29.2 156 0 13.4 66.9 15.0 2.5 2 1 6 4 4
-6645.7 -182.0 29.2 156 0 12.5 66.9 7.5 2.5 2 1 3 5 5
214.6 -1817.2 -30.5 35 0 27.9 59.9 10.0 0.0 0 0 4 1 1
488.5 -2037.7 -36.3 280 0 76.7 111.8 10.0 0.0 0 1 4 0 0
-600.2 -1264.7 -24.3 308 0 61.3 70.4 7.5 0.0 0 1 3 3 3
-537.7 -1313.8 -24.9 308 0 59.3 70.4 7.5 0.0 0 1 3 1 1
-929.8 -1485.9 -24.3 138 0 11.7 33.4 7.5 2.5 2 0 3 2 2
-677.7 -1428.6 -25.4 128 0 141.1 70.9 10.0 0.0 0 0 4 5 5
-512.8 -1390.8 -25.3 38 0 90.5 31.0 7.5 0.0 0 0 3 1 1
-545.3 -1438.7 -25.3 38 0 24.9 28.6 7.5 0.0 0 0 3 0 0
-617.7 -1524.9 -25.4 38 0 9.3 24.2 8.0 2.5 2 1 2 3 3
-581.0 -1484.3 -25.4 38 0 91.1 30.5 7.5 0.0 0 0 3 4 4
-511.2 -1611.0 -25.8 129 0 19.5 14.4 12.5 2.5 2 0 5 3 3
-553.5 -1573.5 -25.4 129 0 30.5 13.3 7.5 2.5 2 0 3 4 4
-489.8 -1579.4 -27.3 130 0 91.0 143.9 10.0 0.0 0 0 4 2 2
-119.0 -2014.9 -32.2 221 0 13.5 52.8 12.5 2.5 4 1 5 1 1
-159.6 -2055.8 -32.2 132 0 100.8 40.3 12.5 0.0 0 0 5 0 0
60.4 -1948.4 -31.5 38 0 7.6 30.3 8.0 2.5 2 0 2 2 2
84.7 -1952.7 -31.5 38 0 15.7 66.8 7.5 2.5 2 0 3 1 1
-1273.7 -1156.8 -20.6 284 0 21.5 49.0 10.0 2.5 2 1 4 4 4
-1485.6 -807.7 -19.3 102 0 23.2 55.3 7.5 2.5 2 1 3 0 0
-1606.1 -785.6 -18.8 102 0 23.4 54.6 5.0 2.5 2 1 2 0 0
-1638.7 -782.0 -19.2 79 0 38.2 65.5 10.0 0.0 0 1 4 5 5
-1954.9 -687.8 -18.4 191 0 56.7 184.0 10.0 0.0 0 1 4 4 4
-1728.1 -662.5 -18.9 92 0 81.0 28.2 10.0 0.0 0 0 4 3 3
-1651.9 -609.6 -19.0 272 0 12.8 28.3 7.5 2.5 2 0 3 3 3
-1621.7 -501.6 -19.5 272 0 12.8 114.1 7.5 2.5 2 0 3 5 5
-1849.1 -483.9 -18.0 272 0 71.2 18.0 10.0 2.5 2 0 4 3 3
-1907.3 -560.5 -18.8 182 0 120.5 141.7 12.5 0.0 0 0 5 0 0
-4106.9 413.9 -0.8 281 0 10.7 24.9 7.5 2.5 2 0 3 1 1
-4088.5 364.7 -1.0 101 0 57.5 20.0 7.5 2.5 2 0 3 5 5
-3984.9 736.5 0.1 289 0 33.9 30.7 10.0 0.0 0 0 4 1 1
-3984.2 650.0 -0.2 13 0 77.8 22.3 7.5 0.0 0 0 3 1 1
-4524.0 1444.8 20.0 191 0 37.2 14.6 10.0 2.5 2 0 4 2 2
-5203.1 -453.3 10.9 180 0 50.5 20.5 5.0 2.5 2 0 2 2 2
-5549.9 -1057.3 17.5 15 0 18.5 89.8 15.0 0.0 0 1 6 5 5
-5639.5 -1059.9 17.7 195 0 18.5 90.8 12.5 0.0 0 1 5 3 3
-5644.5 -1092.3 18.8 195 0 18.0 90.1 10.0 0.0 0 1 4 3 3
-5635.2 -1116.4 19.5 195 0 13.8 131.1 7.5 0.0 0 1 3 1 1
-5633.8 -1134.9 20.1 195 0 13.2 130.5 12.5 0.0 0 1 5 3 3
-5654.3 -640.7 17.5 5 0 15.2 104.0 10.0 2.5 2 1 4 1 1
4761.8 -819.3 -64.1 329 0 20.8 18.9 17.5 3.5 2 0 5 4 4
4583.6 -824.6 -64.6 65 0 126.0 17.0 14.0 0.0 0 0 4 1 1
2211.3 -2843.5 -50.1 278 0 6.5 25.8 8.0 2.5 2 1 2 2 2
1648.8 -3287.6 -49.5 197 0 26.8 41.3 10.0 0.0 0 1 4 5 5
1835.1 -3271.5 -50.7 17 0 6.3 55.8 7.5 2.5 2 1 3 5 5
1743.9 -3240.3 -50.1 287 0 61.0 13.1 10.0 2.5 4 0 4 1 1
1663.2 -3215.5 -49.5 287 0 85.9 22.8 10.0 0.0 0 0 4 3 3
951.9 -2283.1 -39.8 326 0 14.5 20.9 5.0 2.5 2 1 2 1 1
2165.1 975.7 -51.6 45 0 28.5 20.0 14.0 3.5 2 0 4 3 3
1949.7 -1249.3 -44.7 170 0 51.9 22.4 7.5 2.5 2 0 3 1 1
14.3 -1575.2 -29.4 212 0 66.2 32.6 10.0 0.0 0 0 4 0 0
102.6 -1573.1 -31.0 302 0 78.1 67.3 7.5 0.0 0 0 3 2 2
-372.7 -293.5 -29.4 348 0 18.1 13.2 8.0 2.5 2 0 2 2 2
-453.1 -304.3 -29.0 168 0 8.5 56.7 7.5 2.5 2 1 3 1 1
-450.4 -316.8 -28.8 168 0 9.5 56.7 5.0 2.5 2 1 2 4 4
-419.3 -326.7 -28.7 78 0 56.7 9.3 7.5 2.5 2 0 3 3 3
-3467.3 239.0 -3.9 194 0 38.0 31.4 7.5 0.0 0 0 3 1 1
-4978.7 291.4 6.3 182 0 28.8 12.5 10.0 2.5 2 0 4 2 2
5654.7 -2043.9 -74.2 267 0 51.6 18.3 7.5 2.5 2 0 3 4 4
5726.8 -1162.2 -72.8 96 0 26.7 9.7 10.5 3.5 2 0 3 5 5
5714.1 -1066.5 -72.7 278 0 12.2 12.0 14.0 3.5 2 0 4 5 5
5749.8 -1089.5 -72.7 277 0 27.2 9.1 10.5 3.5 2 0 3 3 3
5761.3 -1145.1 -72.9 7 0 20.2 51.2 14.0 3.5 2 0 4 0 0
5763.0 -1131.9 -72.8 7 0 6.3 32.4 10.5 3.5 2 0 3 0 0
6940.2 -285.1 -76.9 87 0 17.3 100.4 7.5 0.0 0 1 3 3 3
6801.3 -279.5 -76.2 357 0 30.1 67.0 10.0 0.0 0 1 4 1 1
6496.6 -666.8 -73.4 177 0 39.0 20.4 14.0 0.0 0 0 4 2 2
4256.1 -288.4 -60.7 174 0 17.1 33.7 17.5 3.5 2 1 5 5 5
5658.7 -286.8 -68.6 332 0 17.9 47.5 12.5 0.0 0 1 5 3 3
5594.2 -449.0 -68.0 65 0 41.7 21.1 10.0 0.0 0 0 4 5 5
5505.8 -478.9 -67.8 157 0 23.4 51.1 12.5 2.5 2 1 5 1 1
6552.1 630.6 -75.1 18 0 28.7 12.9 7.5 2.5 2 0 3 5 5
6539.8 634.7 -75.0 18 0 28.7 61.4 7.5 0.0 0 0 3 3 3
6186.8 606.4 -72.2 92 0 13.2 31.9 7.5 2.5 2 0 3 5 5
6523.2 954.6 -75.7 204 0 11.7 48.8 12.5 2.5 2 0 5 3 3
6505.1 984.0 -75.6 204 0 27.0 66.5 12.5 0.0 0 0 5 5 5
6529.2 518.6 -74.6 84 0 50.6 8.0 7.5 2.5 2 0 3 4 4
6562.5 540.8 -74.8 352 0 12.3 61.2 10.0 2.5 2 1 4 2 2
6628.1 679.4 -76.0 84 0 47.0 92.9 12.5 0.0 0 1 5 0 0
6569.6 784.9 -75.9 288 0 85.5 34.2 12.5 0.0 0 0 5 0 0
6590.2 710.8 -75.5 18 0 38.9 85.4 7.5 0.0 0 0 3 4 4
6575.6 666.5 -75.1 18 0 54.1 85.4 10.0 0.0 0 0 4 0 0
6140.9 582.1 -72.0 92 0 90.4 10.5 12.5 2.5 2 0 5 0 0
6142.5 592.6 -72.3 92 0 74.3 47.6 7.5 0.0 0 0 3 2 2
5994.6 619.9 -71.7 273 0 10.3 25.9 7.5 2.5 2 0 3 1 1
6151.6 684.3 -72.5 359 0 31.5 28.3 10.0 0.0 0 0 4 3 3
6177.8 701.9 -72.6 269 0 17.3 43.9 7.5 0.0 0 0 3 2 2
6175.0 706.7 -72.6 359 0 9.8 56.2 7.5 2.5 2 0 3 4 4
6173.0 869.0 -73.0 359 0 40.8 15.9 7.5 2.5 2 0 3 5 5
5426.9 184.6 -70.3 184 0 17.4 35.0 14.0 3.5 2 1 4 4 4
4740.6 2584.2 -67.1 82 0 15.5 11.1 2.5 2.5 4 0 1 5 5
6845.2 1420.8 -76.9 359 0 37.6 31.4 15.0 0.0 0 0 6 5 5
6755.3 1363.8 -75.9 179 0 30.4 14.0 10.0 2.5 2 0 4 0 0
6946.5 1396.9 -76.4 3 0 16.8 79.3 10.0 2.5 2 1 4 0 0
6835.2 1016.1 -76.8 180 0 25.5 14.1 7.5 2.5 2 0 3 2 2
6849.4 942.9 -76.8 275 0 11.4 52.0 15.0 0.0 0 1 6 4 4
6936.9 1010.5 -76.9 271 0 67.7 28.5 10.0 0.0 0 0 4 4 4
6622.8 1140.6 -75.1 186 0 18.3 27.5 7.5 2.5 2 1 3 3 3
6480.4 1128.5 -74.1 279 0 49.8 28.8 10.0 0.0 0 0 4 2 2
6226.0 800.0 -73.2 175 0 12.6 52.8 7.5 2.5 2 1 3 3 3
6227.4 782.9 -73.2 175 0 13.5 52.8 7.5 2.5 2 1 3 5 5
6229.1 763.4 -73.1 175 0 13.2 52.8 10.0 2.5 2 1 4 2 2
6345.7 945.6 -74.1 258 0 12.0 16.5 4.0 2.5 2 1 1 1 1
6381.3 935.0 -74.3 78 0 39.0 13.2 7.5 2.5 2 0 3 4 4
5905.4 4532.3 -81.6 179 0 20.3 94.3 7.5 0.0 0 1 3 0 0
5874.0 4675.3 -82.0 340 0 18.7 140.5 10.0 0.0 0 1 4 4 4
5636.4 4526.4 -81.9 344 0 14.5 63.3 10.0 2.5 2 1 4 1 1
5614.9 4486.6 -81.8 74 0 63.3 15.9 5.0 0.0 0 0 2 2 2
5792.0 4245.8 -81.3 3 0 96.1 16.0 10.0 2.5 2 0 4 1 1
5224.2 5737.5 -82.0 287 0 17.1 118.4 5.0 0.0 0 1 2 4 4
5253.4 5665.9 -82.1 17 0 119.9 21.1 7.5 0.0 0 0 3 3 3
5028.9 5394.5 -81.4 276 0 101.0 20.4 10.0 0.0 0 0 4 2 2
4923.1 5406.1 -81.2 276 0 101.5 21.2 10.0 0.0 0 0 4 3 3
4868.5 5371.1 -81.1 186 0 18.1 101.4 10.0 0.0 0 1 4 1 1
5075.3 5351.2 -81.4 6 0 20.5 101.0 7.5 0.0 0 1 3 0 0
4495.9 4479.7 -79.3 101 0 15.9 110.0 10.0 0.0 0 1 4 2 2
4491.7 4592.5 -79.4 281 0 16.5 110.0 5.0 0.0 0 1 2 5 5
3956.4 4593.0 -77.9 92 0 42.7 20.8 7.5 2.5 2 0 3 4 4
3976.5 4648.7 -78.0 9 0 59.9 16.0 10.0 2.5 2 0 4 3 3
3933.4 4654.6 -77.9 189 0 62.4 27.5 7.5 0.0 0 0 3 1 1
4180.2 -1133.9 -60.2 356 0 17.0 12.8 17.5 3.5 2 0 5 2 2
4178.6 -1119.6 -60.0 355 0 9.6 13.4 10.5 3.5 2 1 3 0 0
4177.4 -1105.1 -59.8 357 0 7.7 14.0 10.5 3.5 2 1 3 2 2
4175.5 -1081.7 -59.3 353 0 8.3 14.7 10.5 3.5 2 1 3 0 0
4174.1 -1072.2 -59.0 346 0 7.6 16.9 10.5 3.5 2 1 3 1 1
4173.0 -1061.2 -58.7 355 0 13.5 18.2 17.5 3.5 2 1 5 3 3
4214.0 -1016.0 -59.3 57 0 15.4 21.9 17.5 3.5 2 1 5 2 2
4330.1 -1236.9 -61.0 245 0 9.2 5.7 10.5 3.5 2 0 3 5 5
4340.1 -1233.0 -60.8 248 0 8.9 4.5 10.5 0.0 0 0 3 2 2
4173.7 -1226.1 -60.8 329 0 22.2 10.0 17.5 3.5 2 0 5 3 3
4216.1 -1138.9 -60.4 71 0 18.9 17.4 14.0 3.5 2 0 4 2 2
4230.1 -1133.9 -60.3 79 0 12.0 16.9 14.0 3.5 4 1 4 2 2
4197.9 -1123.2 -60.2 153 0 5.0 17.4 10.5 3.5 2 1 3 4 4
4195.5 -1117.9 -60.1 153 0 5.1 16.8 10.5 3.5 2 1 3 2 2
4193.4 -1113.8 -60.1 138 0 7.7 16.4 10.5 3.5 2 1 3 4 4
4199.0 -1087.4 -59.9 264 0 16.5 6.9 10.5 3.5 2 0 3 2 2
4159.6 -1049.0 -58.2 341 0 11.2 13.7 17.5 3.5 2 1 5 3 3
4141.8 -1210.2 -60.6 214 0 22.8 16.8 17.5 3.5 2 0 5 1 1
4129.9 -1227.6 -60.4 214 0 16.6 16.6 17.5 3.5 2 1 5 2 2
4115.5 -1248.0 -60.4 218 0 9.1 16.6 10.5 3.5 2 1 3 5 5
4109.0 -1256.5 -60.5 217 0 9.3 16.7 10.5 3.5 2 1 3 3 3
4141.7 -1144.4 -59.8 88 0 25.0 18.6 17.5 3.5 2 0 5 1 1
4229.6 -1168.3 -60.7 51 0 5.4 16.9 10.5 3.5 2 1 3 4 4
4274.7 -976.7 -59.6 52 0 26.7 9.8 10.5 3.5 2 0 3 5 5
4091.1 -1163.6 -58.9 268 0 17.8 11.6 14.0 3.5 2 0 4 5 5
4248.1 -1128.2 -60.5 71 0 12.8 18.7 14.0 3.5 2 1 4 3 3
4271.4 -1120.8 -60.6 72 0 10.0 17.1 10.5 3.5 2 1 3 0 0
3044.3 -1641.2 -48.9 356 0 21.3 20.0 17.5 3.5 2 0 5 1 1
2997.2 -1655.0 -48.6 86 0 8.7 16.7 10.5 3.5 2 1 3 1 1
2991.5 -1609.2 -48.6 267 0 8.6 17.2 10.5 3.5 2 1 3 0 0
2977.3 -1609.7 -48.5 267 0 9.6 18.0 10.5 3.5 2 1 3 1 1
2963.3 -1610.4 -48.4 266 0 10.1 17.5 17.5 3.5 2 1 5 1 1
2950.3 -1612.1 -48.3 267 0 8.4 17.3 10.5 3.5 2 1 3 0 0
2981.9 -1656.3 -48.5 84 0 10.1 19.8 17.5 3.5 2 1 5 3 3
2967.7 -1657.3 -48.3 84 0 7.8 17.2 10.5 3.5 2 1 3 2 2
2939.9 -1659.6 -48.2 86 0 11.6 17.5 17.5 3.5 2 1 5 1 1
2935.2 -1613.7 -48.2 264 0 10.5 19.5 17.5 0.0 0 1 5 5 5
3100.2 -1692.6 -49.2 177 0 24.3 13.9 14.0 0.0 0 0 4 3 3
2914.8 -1769.2 -48.8 349 0 15.4 18.3 14.0 3.5 2 1 4 3 3
2895.8 -1616.9 -48.0 265 0 10.0 21.9 10.5 3.5 2 1 3 0 0
2915.7 -1578.0 -48.3 177 0 21.3 11.5 14.0 0.0 0 0 4 3 3
3095.4 -1635.6 -49.3 176 0 12.6 17.7 14.0 3.5 2 1 4 0 0
3096.7 -1661.4 -49.2 174 0 23.0 14.1 14.0 3.5 2 0 4 3 3
3135.4 -1698.5 -49.4 85 0 17.2 29.0 14.0 3.5 2 1 4 2 2
3160.4 -1693.9 -49.6 82 0 17.7 29.9 14.0 3.5 2 1 4 5 5
3174.3 -1632.7 -50.1 257 0 19.3 19.7 14.0 3.5 2 1 4 4 4
3200.0 -1627.0 -50.5 257 0 18.4 19.8 14.0 3.5 2 1 4 3 3
3239.3 -1679.8 -50.8 77 0 13.5 25.7 14.0 3.5 4 1 4 3 3
3218.7 -1683.7 -50.4 77 0 11.2 23.2 14.0 3.5 2 1 4 3 3
3236.9 -1636.9 -51.0 349 0 11.4 15.1 14.0 3.5 2 1 4 0 0
3210.0 -1592.7 -51.4 168 0 25.4 14.8 14.0 3.5 2 0 4 5 5
3165.7 -1592.3 -50.3 259 0 16.9 19.1 14.0 3.5 2 1 4 1 1
3192.1 -1585.8 -50.9 260 0 18.2 20.3 14.0 3.5 2 1 4 0 0
3143.7 -1594.0 -49.9 263 0 14.0 35.2 14.0 3.5 2 1 4 2 2
3124.6 -1596.6 -49.7 265 0 14.7 31.3 14.0 3.5 2 1 4 0 0
3360.3 -1904.0 -53.6 353 0 17.8 26.1 17.5 3.5 2 1 5 1 1
3363.7 -1932.3 -54.2 353 0 17.8 26.0 17.5 3.5 2 1 5 2 2
3368.8 -1961.1 -55.0 353 0 17.8 26.1 17.5 3.5 2 1 5 1 1
3347.8 -2036.9 -56.2 167 0 23.8 11.5 14.0 3.5 2 0 4 1 1
3370.2 -2020.2 -56.6 262 0 14.3 22.7 14.0 3.5 2 1 4 5 5
3383.0 -2059.1 -56.9 351 0 23.7 12.8 14.0 3.5 2 0 4 4 4
3354.6 -2066.7 -56.5 168 0 22.3 9.4 10.5 3.5 2 0 3 2 2
3387.5 -2089.7 -57.2 353 0 22.7 11.4 14.0 3.5 2 0 4 4 4
3360.8 -2096.3 -56.9 171 0 22.6 10.8 14.0 3.5 2 0 4 5 5
2933.5 -1774.9 -49.2 174 0 17.6 21.3 17.5 3.5 2 1 5 4 4
2992.7 -1760.4 -49.7 265 0 8.3 18.5 10.5 3.5 2 1 3 1 1
3020.7 -1758.2 -50.0 264 0 7.6 17.1 10.5 3.5 2 1 3 4 4
3053.6 -1775.7 -50.1 354 0 8.9 16.2 10.5 3.5 2 1 3 0 0
3002.4 -1802.1 -49.7 85 0 10.6 18.7 17.5 3.5 2 1 5 4 4
3261.8 -1518.9 -52.3 86 0 9.3 26.4 10.5 3.5 2 1 3 4 4
3233.2 -1500.7 -52.0 176 0 12.5 15.3 17.5 3.5 2 1 5 1 1
3235.7 -1525.4 -52.0 175 0 19.6 14.6 17.5 3.5 2 0 5 3 3
3141.5 -1569.0 -50.4 88 0 21.5 16.7 17.5 3.5 2 0 5 0 0
3113.5 -1571.2 -49.9 88 0 21.5 16.7 17.5 3.5 2 0 5 1 1
3086.0 -1573.5 -49.5 88 0 21.5 16.7 17.5 3.5 2 0 5 3 3
3125.4 -1527.4 -50.4 266 0 21.5 16.7 17.5 3.5 2 0 5 5 5
3054.2 -1545.1 -49.4 176 0 16.7 22.3 17.5 3.5 2 1 5 0 0
3190.8 -1525.7 -51.3 267 0 9.2 30.2 10.5 3.5 2 1 3 2 2
3208.9 -1522.2 -51.6 267 0 13.5 26.1 17.5 0.0 0 1 5 0 0
2863.7 -1874.1 -50.4 346 0 21.1 17.8 14.0 0.0 0 0 4 2 2
2856.6 -1834.6 -49.5 347 0 21.1 17.8 14.0 3.5 2 0 4 5 5
2758.2 -1840.4 -49.9 175 0 21.1 17.8 14.0 3.5 2 0 4 5 5
2818.1 -1875.6 -50.5 152 0 22.7 17.8 14.0 3.5 2 0 4 0 0
2793.1 -1866.2 -50.2 103 0 21.0 17.8 14.0 3.5 2 0 4 3 3
2906.7 -1680.3 -48.5 357 0 9.9 17.9 10.5 3.5 2 1 3 2 2
2906.2 -1665.5 -48.5 357 0 9.9 17.9 10.5 3.5 2 1 3 4 4
2906.0 -1652.2 -48.3 357 0 9.9 17.9 10.5 3.5 2 1 3 0 0
2857.5 -1683.3 -48.4 177 0 9.9 17.9 10.5 3.5 2 1 3 2 2
2852.5 -1641.5 -48.1 177 0 9.9 17.9 10.5 3.5 2 1 3 1 1
2861.8 -1621.3 -47.9 267 0 17.9 9.9 10.5 3.5 2 0 3 0 0
2859.3 -1712.4 -48.6 176 0 10.3 18.3 17.5 3.5 2 1 5 0 0
2845.6 -1506.6 -48.1 180 0 17.6 17.9 14.0 3.5 2 1 4 3 3
2884.6 -1513.2 -48.3 91 0 17.9 17.8 14.0 3.5 4 0 4 5 5
2894.5 -1480.3 -48.4 1 0 18.0 17.9 14.0 0.0 0 0 4 5 5
2847.3 -1479.6 -48.2 180 0 17.6 17.9 14.0 3.5 2 1 4 3 3
2857.1 -1448.2 -48.2 272 0 20.7 14.8 14.0 3.5 2 0 4 3 3
2884.3 -1448.2 -48.4 272 0 20.7 14.8 14.0 3.5 2 0 4 5 5
2967.9 -2014.6 -50.0 245 0 18.4 22.7 14.0 0.0 0 1 4 2 2
2983.9 -2045.2 -50.4 245 0 18.4 22.7 14.0 0.0 0 1 4 4 4
2998.2 -2074.7 -50.8 245 0 18.3 22.7 14.0 0.0 0 1 4 5 5
3011.6 -2109.4 -51.3 245 0 18.3 22.7 14.0 0.0 0 1 4 0 0
2945.2 -2180.0 -52.1 245 0 18.3 22.7 14.0 0.0 0 1 4 2 2
2900.2 -2085.2 -49.7 245 0 18.4 22.7 14.0 0.0 0 1 4 0 0
2887.7 -2055.3 -49.3 245 0 18.3 22.7 14.0 0.0 0 1 4 5 5
2884.6 -2198.5 -51.9 65 0 18.4 22.7 10.5 0.0 0 1 3 4 4
1442.2 -2363.0 -41.6 182 0 42.4 61.3 24.5 0.0 0 1 7 3 3
1651.1 -2432.1 -43.8 0 0 48.9 36.9 14.0 0.0 0 0 4 2 2
1243.9 -1839.8 -41.0 75 0 98.4 169.1 14.0 0.0 0 1 4 5 5
1006.6 -2311.3 -40.2 105 0 38.3 26.5 10.0 0.0 0 0 4 5 5
1061.1 -2303.7 -41.1 294 0 43.0 23.9 10.0 0.0 0 0 4 4 4
4049.9 -152.8 -58.8 232 0 26.7 20.4 14.0 3.5 2 0 4 1 1
3845.9 -725.6 -58.9 81 0 15.8 19.7 14.0 3.5 2 1 4 1 1
1301.7 -2210.8 -41.2 306 0 17.5 25.1 10.5 3.5 2 1 3 0 0
249.6 -1908.9 -31.7 341 0 18.9 14.2 7.5 2.5 2 0 3 5 5
926.0 -1865.8 -38.7 93 0 21.7 34.1 10.0 0.0 0 1 4 2 2
-3671.8 -10544.2 -17.0 35 0 69.8 18.8 10.0 2.5 2 0 4 2 2
-4114.6 -10844.6 -7.6 38 0 74.6 18.9 12.5 2.5 4 0 5 0 0
