-299.9 -10286.1 -473.8 329 0 66.8 135.1 7.5 0.0 0 1 3 3 3
-624.1 -10598.9 -475.7 150 0 96.7 55.5 12.5 0.0 0 0 5 1 1
-520.9 -10429.8 -473.4 146 0 61.8 91.4 7.5 0.0 0 1 3 0 0
-584.8 -10352.8 -472.2 140 0 109.4 120.1 12.5 0.0 0 1 5 3 3
5197.7 -44.6 -474.0 222 0 10.7 8.4 5.0 2.5 2 0 2 4 4
-272.6 -9351.3 -464.8 59 0 62.8 11.5 5.0 2.5 2 0 2 0 0
3829.5 3987.8 -407.4 131 0 15.2 124.8 15.0 0.0 0 1 6 0 0
3957.9 4059.3 -414.0 303 0 14.3 123.2 12.5 0.0 0 1 5 5 5
3936.2 3940.3 -417.9 121 0 14.3 124.8 7.5 0.0 0 1 3 4 4
3890.4 4121.7 -400.2 318 0 12.8 123.0 12.5 2.5 4 1 5 0 0
3981.8 4056.8 -416.0 301 0 14.3 124.8 12.5 0.0 0 1 5 0 0
3851.6 3947.7 -412.6 126 0 13.2 136.7 10.0 0.0 0 1 4 1 1
2487.5 -8666.7 -484.8 345 0 12.6 19.5 2.5 2.5 2 1 1 1 1
5189.7 -740.7 -464.6 73 0 13.8 15.0 5.0 2.5 2 1 2 3 3
2026.1 -8894.4 -484.3 227 0 15.2 21.3 10.0 2.5 2 0 4 3 3
-3341.8 -1549.9 480.6 55 0 23.5 13.6 12.5 2.5 2 0 5 3 3
4811.9 -6757.5 -486.3 314 0 12.2 17.2 2.5 2.5 2 0 1 1 1
4826.2 -6763.4 -486.5 314 0 6.9 36.4 7.5 2.5 2 0 3 3 3
4009.2 -7506.5 -487.3 278 0 23.6 15.3 10.0 2.5 2 0 4 0 0
2049.8 -8908.6 -484.6 317 0 10.4 15.2 5.0 2.5 2 0 2 1 1
1216.3 -9444.0 -481.0 165 0 14.8 20.3 15.0 0.0 0 0 6 3 3
542.4 -9893.0 -477.0 325 0 9.4 12.6 7.5 2.5 2 0 3 0 0
554.1 -9920.3 -477.3 55 0 14.5 24.3 7.5 2.5 2 0 3 3 3
-484.7 -10702.3 -477.3 235 0 11.4 25.4 17.5 0.0 0 0 7 2 2
-500.9 -10608.0 -475.3 59 0 16.2 10.1 10.0 2.5 2 0 4 3 3
-508.3 -10612.5 -475.2 239 0 18.3 19.6 10.0 2.5 2 0 4 2 2
-1298.9 -8545.4 -434.6 237 0 27.1 22.3 10.0 2.5 2 0 4 3 3
-1256.6 -8585.6 -435.4 72 0 15.3 23.2 7.5 2.5 2 1 3 5 5
-1343.0 -8910.9 -444.4 342 0 20.7 17.8 7.5 2.5 2 0 3 5 5
-872.3 -8178.3 -429.3 257 0 10.7 59.8 10.0 2.5 2 1 4 4 4
-1046.2 -8212.1 -427.2 257 0 15.5 47.6 12.5 0.0 0 1 5 5 5
-1088.1 -8285.4 -428.4 165 0 10.4 26.8 10.0 2.5 2 1 4 5 5
-1003.7 -8504.5 -436.1 76 0 27.5 27.4 10.0 0.0 0 0 4 3 3
