4365.7 9976.9 84.8 270 0 19.8 57.7 5.0 2.5 2 1 2 0 0
3422.0 8393.3 153.0 271 0 21.7 11.6 12.5 2.5 2 0 5 4 4
4660.8 9806.0 84.7 90 0 49.8 19.9 7.5 2.5 2 0 3 1 1
4506.7 9976.5 86.0 270 0 21.9 116.9 7.5 0.0 0 1 3 1 1
4600.9 9828.9 85.3 90 0 49.8 19.9 10.0 2.5 2 0 4 1 1
4541.9 9977.0 86.1 270 0 21.9 116.9 7.5 0.0 0 1 3 3 3
4760.1 9929.3 85.0 179 0 84.9 71.7 10.0 0.0 0 0 4 5 5
4646.1 9978.6 85.3 270 0 21.9 116.9 10.0 0.0 0 1 4 0 0
4470.9 9981.8 85.8 270 0 19.8 57.7 7.5 0.0 0 1 3 4 4
4435.8 9978.0 85.4 270 0 19.8 57.7 5.0 2.5 2 1 2 1 1
4319.7 9949.1 83.8 180 0 57.7 19.8 12.5 2.5 2 0 5 3 3
4610.5 9978.1 85.5 270 0 21.9 116.9 12.5 0.0 0 1 5 5 5
4401.8 9976.4 85.1 270 0 19.8 57.7 5.0 2.5 2 1 2 2 2
4575.4 9977.6 85.8 270 0 21.9 116.9 10.0 0.0 0 1 4 2 2
-6438.3 -5098.5 -175.9 74 0 20.2 12.8 15.0 0.0 0 0 6 1 1
-3365.7 1686.0 174.3 69 0 14.4 11.3 5.0 2.5 2 0 2 4 4
-5966.0 -5398.1 -161.2 322 0 17.4 26.7 12.5 2.5 2 1 5 4 4
-5147.5 -5240.9 -122.6 52 0 24.5 18.5 15.0 0.0 0 0 6 5 5
814.2 -6224.0 -163.4 309 0 12.2 20.3 8.0 2.5 2 1 2 5 5
251.9 -7492.1 -179.4 0 0 15.0 29.2 7.5 2.5 2 1 3 0 0
-637.0 -7750.9 -177.9 102 0 78.0 56.7 12.5 0.0 0 0 5 1 1
-698.7 -7671.6 -174.4 116 0 27.7 19.8 17.5 0.0 0 0 7 2 2
-858.4 -7145.8 -126.0 118 0 18.9 12.2 8.0 2.5 2 0 2 0 0
-858.9 -7013.5 -121.2 94 0 19.4 24.9 7.5 0.0 0 1 3 4 4
-757.0 -6937.1 -124.7 13 0 10.3 34.3 12.5 2.5 4 1 5 0 0
-833.4 -6919.9 -119.5 193 0 10.2 33.5 10.0 2.5 2 1 4 2 2
-733.8 -6979.4 -126.9 359 0 20.1 25.5 10.0 2.5 2 1 4 4 4
-1127.2 -6820.8 -137.2 199 0 17.0 37.3 10.0 2.5 2 1 4 5 5
-1124.8 -6718.3 -141.6 199 0 35.5 74.4 12.5 0.0 0 1 5 3 3
-1241.0 -7414.2 -173.9 132 0 70.3 67.9 12.5 0.0 0 0 5 3 3
-1144.7 -7484.8 -175.2 123 0 55.2 73.9 12.5 0.0 0 1 5 5 5
-919.1 -7623.2 -175.7 120 0 78.9 70.6 10.0 0.0 0 0 4 1 1
-983.4 -7585.8 -173.8 120 0 36.5 77.5 12.5 0.0 0 1 5 0 0
-286.2 -7954.4 -178.9 89 0 10.7 9.4 8.0 2.5 4 0 2 4 4
-266.2 -7918.5 -176.7 359 0 8.9 27.2 8.0 2.5 4 1 2 5 5
-183.0 -7814.3 -170.9 270 0 13.2 23.4 7.5 2.5 2 0 3 5 5
-183.2 -7837.7 -172.9 270 0 13.2 23.4 12.5 2.5 2 0 5 1 1
-1011.0 -7086.0 -138.6 314 0 17.0 76.0 10.0 0.0 0 1 4 0 0
-1055.0 -7046.3 -139.0 314 0 33.8 74.2 10.0 0.0 0 1 4 5 5
-1167.6 -6932.4 -147.1 315 0 48.7 77.8 10.0 0.0 0 1 4 2 2
-779.1 -7237.8 -136.9 300 0 39.7 73.2 10.0 0.0 0 1 4 5 5
-840.0 -7197.6 -131.4 298 0 61.3 35.5 10.0 0.0 0 0 4 4 4
-932.1 -7364.3 -153.1 120 0 73.5 39.5 12.5 0.0 0 0 5 0 0
460.1 -6161.9 -167.8 304 0 19.9 68.7 10.0 2.5 2 1 4 4 4
187.8 -6047.7 -164.0 299 0 18.1 5.2 8.0 2.5 2 0 2 0 0
208.4 -6098.6 -168.4 303 0 25.5 8.4 4.0 2.5 2 0 1 2 2
108.8 -5906.9 -151.0 125 0 35.8 79.9 17.5 0.0 0 1 7 4 4
-268.6 -6617.5 -168.1 179 0 25.3 18.5 10.0 2.5 2 0 4 3 3
-287.6 -6730.6 -167.2 179 0 10.6 20.8 12.0 2.5 2 1 3 5 5
-313.1 -6721.5 -166.0 179 0 10.0 16.3 8.0 2.5 2 1 2 2 2
-314.6 -6692.9 -166.6 179 0 13.1 29.5 10.0 2.5 4 1 4 0 0
-315.3 -6657.8 -166.4 179 0 12.2 23.4 12.5 2.5 2 1 5 4 4
-315.7 -6637.4 -166.7 179 0 15.1 30.3 12.5 2.5 2 1 5 5 5
-316.1 -6612.3 -166.8 179 0 20.0 30.3 12.5 0.0 0 1 5 2 2
-316.8 -6577.5 -166.8 179 0 35.4 33.5 10.0 0.0 0 0 4 0 0
-317.6 -6535.5 -166.0 179 0 35.0 33.5 10.0 0.0 0 0 4 3 3
-276.0 -6576.8 -167.6 179 0 35.5 33.5 12.5 0.0 0 0 5 3 3
-260.4 -6517.0 -167.2 269 0 33.4 35.0 15.0 0.0 0 1 6 0 0
-263.5 -6696.3 -168.5 179 0 80.8 23.1 12.5 0.0 0 0 5 3 3
-308.9 -6938.4 -167.9 179 0 118.8 68.4 12.5 0.0 0 0 5 2 2
-1411.3 -6529.3 -171.5 22 0 53.1 23.6 12.5 2.5 2 0 5 5 5
-1466.2 -6514.2 -172.1 22 0 66.5 33.1 12.5 0.0 0 0 5 3 3
-1434.7 -6590.9 -172.8 22 0 34.6 24.5 12.5 0.0 0 0 5 5 5
-1445.0 -6681.5 -174.2 22 0 5.8 24.0 8.0 2.5 2 0 2 1 1
-1538.5 -6650.2 -175.1 22 0 18.2 16.8 10.0 2.5 2 0 4 3 3
-1523.4 -6455.0 -169.0 292 0 65.5 66.5 12.5 0.0 0 1 5 1 1
-1604.5 -6568.6 -172.1 202 0 121.1 65.5 10.0 0.0 0 0 4 5 5
-1809.5 -6554.1 -159.1 21 0 65.5 188.2 12.5 0.0 0 1 5 4 4
-1892.7 -6806.8 -176.2 21 0 60.1 71.0 10.0 0.0 0 1 4 5 5
-1859.0 -6683.0 -166.8 21 0 42.9 153.4 12.5 0.0 0 1 5 2 2
-1793.1 -6124.7 -104.5 331 0 27.8 81.5 15.0 0.0 0 1 6 4 4
-1715.3 -6035.9 -116.7 202 0 14.3 69.6 10.0 0.0 0 1 4 4 4
-1733.0 -6073.1 -116.7 202 0 35.8 77.3 7.5 0.0 0 1 3 3 3
-1655.2 -6264.5 -128.6 111 0 43.6 137.6 12.5 0.0 0 1 5 3 3
-1047.2 -5868.4 -126.3 48 0 29.8 74.0 12.5 0.0 0 1 5 3 3
-1118.2 -5133.6 -82.0 259 0 53.5 7.7 7.5 2.5 2 0 3 5 5
-1161.6 -5102.3 -75.2 79 0 48.9 26.9 12.5 0.0 0 0 5 4 4
-2132.3 -5226.0 -67.7 241 0 71.7 44.5 10.0 0.0 0 0 4 2 2
-541.8 -6500.0 -152.7 180 0 33.5 64.0 17.5 0.0 0 1 7 2 2
-681.7 -6723.1 -132.5 360 0 99.3 24.9 10.0 0.0 0 0 4 1 1
-553.6 -7576.2 -165.0 275 0 31.0 86.8 12.5 0.0 0 1 5 0 0
-506.1 -7582.5 -157.0 269 0 34.9 24.6 7.5 0.0 0 0 3 2 2
-546.4 -7391.2 -152.4 269 0 45.3 66.4 12.5 0.0 0 1 5 3 3
-479.0 -7534.3 -155.6 89 0 35.0 78.3 15.0 0.0 0 1 6 1 1
-384.4 -7361.5 -162.0 269 0 41.5 168.5 12.5 0.0 0 1 5 3 3
-244.3 -7314.7 -168.9 89 0 26.8 78.8 10.0 0.0 0 1 4 4 4
24.0 -7069.7 -176.4 179 0 74.8 58.9 10.0 0.0 0 0 4 4 4
26.1 -7159.9 -172.7 179 0 57.5 22.0 10.0 2.5 2 0 4 5 5
35.7 -7394.4 -178.6 179 0 126.5 58.1 10.0 0.0 0 0 4 3 3
28.6 -7495.1 -179.8 179 0 33.8 70.9 12.5 0.0 0 1 5 2 2
6194.9 -5818.3 -59.2 328 0 11.0 15.0 7.5 2.5 2 1 3 0 0
-25.7 -6112.3 -174.0 302 0 240.7 393.0 10.0 0.0 0 1 4 3 3
