4572.7 10837.8 -31.5 87 0 34.3 26.5 14.0 0.0 0 0 4 2 2
-6206.4 7193.0 -44.6 23 0 66.8 62.2 7.5 0.0 0 0 3 3 3
-6206.4 7193.0 -44.6 23 0 66.8 62.2 10.0 0.0 0 0 4 0 0
-6290.2 7161.2 -44.6 202 0 8.7 6.1 7.5 2.5 2 0 3 0 0
-6248.6 7276.9 -44.6 291 0 15.2 24.3 10.0 2.5 2 1 4 0 0
-6270.0 7153.5 -44.7 203 0 8.3 6.1 7.5 0.0 0 0 3 2 2
-6178.2 7407.7 -45.8 203 0 36.5 18.4 12.5 0.0 0 0 5 1 1
-6287.7 7170.8 -44.7 203 0 15.6 34.2 10.0 2.5 2 0 4 4 4
4626.4 10895.9 -26.4 25 0 13.7 20.5 14.0 3.5 2 1 4 5 5
-6318.2 6729.5 -44.6 180 0 17.4 11.9 2.5 2.5 2 0 1 4 4
4634.8 10265.8 -28.6 82 0 30.8 20.8 17.5 0.0 0 0 5 4 4
6915.1 1522.0 -35.4 70 0 17.6 23.2 10.0 2.5 2 1 4 4 4
6566.9 1743.6 -41.8 179 0 18.0 29.5 7.5 2.5 2 1 3 5 5
3962.7 10915.9 -39.4 265 0 8.7 13.2 7.5 2.5 4 1 3 4 4
3522.4 10841.0 -45.8 79 0 9.2 7.6 10.5 3.5 2 0 3 1 1
3801.8 10622.4 -41.3 159 0 14.7 23.0 14.0 3.5 2 1 4 3 3
4018.4 10388.8 -41.3 100 0 9.6 23.5 10.5 3.5 2 0 3 2 2
3464.4 10868.3 -46.1 164 0 8.3 11.7 10.5 3.5 2 1 3 3 3
4009.7 10181.4 -43.5 339 0 10.0 22.3 14.0 3.5 2 1 4 3 3
4000.0 10721.2 -39.2 62 0 17.6 16.6 14.0 3.5 2 0 4 5 5
3588.3 10618.5 -45.7 163 0 11.8 13.0 14.0 3.5 2 1 4 4 4
3544.0 10561.0 -47.8 38 0 13.3 23.8 14.0 3.5 2 1 4 5 5
3437.6 10814.7 -46.2 75 0 25.0 10.0 14.0 3.5 2 0 4 4 4
3532.7 10742.5 -46.6 260 0 7.9 14.0 10.5 3.5 2 1 3 1 1
3503.1 10833.7 -46.2 74 0 9.4 7.8 10.5 3.5 2 0 3 2 2
3967.5 10377.8 -41.2 123 0 20.7 25.9 14.0 0.0 0 1 4 0 0
3644.3 10478.4 -46.0 354 0 4.7 14.4 10.5 3.5 4 1 3 3 3
3566.0 10552.4 -46.9 251 0 11.7 17.5 14.0 3.5 4 1 4 0 0
3502.4 10679.1 -46.3 80 0 10.8 11.7 14.0 3.5 2 0 4 2 2
3553.2 10910.6 -45.0 268 0 47.4 14.1 14.0 3.5 2 0 4 3 3
4129.4 10355.2 -40.2 148 0 16.6 27.0 17.5 3.5 2 1 5 0 0
3346.5 10909.2 -48.2 252 0 22.4 13.0 14.0 3.5 4 0 4 0 0
3799.4 10230.9 -48.9 302 0 57.2 22.7 14.0 3.5 2 0 4 5 5
4164.4 10571.4 -40.5 273 0 5.6 12.4 10.5 3.5 2 0 3 1 1
4011.8 10206.5 -43.4 160 0 20.4 12.0 17.5 3.5 2 0 5 2 2
3599.6 10506.0 -46.6 158 0 15.1 19.6 14.0 3.5 2 1 4 2 2
4035.8 10382.4 -41.2 43 0 9.4 13.0 10.5 3.5 2 0 3 2 2
4121.8 10422.4 -40.4 335 0 15.3 17.1 14.0 3.5 2 1 4 3 3
4021.2 10589.7 -39.2 66 0 10.7 10.5 17.5 3.5 4 0 5 1 1
4042.5 10280.0 -42.7 50 0 43.2 24.6 14.0 0.0 0 0 4 4 4
4213.9 10755.1 -37.9 335 0 14.8 23.6 17.5 0.0 0 1 5 3 3
3859.7 10509.9 -39.4 37 0 13.4 32.8 10.5 3.5 4 1 3 2 2
3429.1 10914.3 -46.3 254 0 27.6 12.2 14.0 3.5 2 0 4 3 3
4003.5 10660.6 -37.8 246 0 9.4 10.8 10.5 3.5 2 1 3 0 0
4022.6 10236.1 -43.0 77 0 15.3 12.7 14.0 3.5 4 0 4 3 3
4004.5 10194.5 -43.3 339 0 10.0 22.3 10.5 3.5 2 1 3 5 5
3871.9 10370.1 -43.8 213 0 13.1 33.2 14.0 3.5 2 1 4 5 5
3790.3 10656.6 -42.2 150 0 10.5 10.4 14.0 3.5 2 0 4 3 3
3509.9 10904.0 -45.3 274 0 8.4 8.2 10.5 3.5 2 0 3 2 2
4087.4 10237.2 -42.8 250 0 12.0 20.4 17.5 3.5 2 1 5 0 0
3734.5 10494.2 -42.3 268 0 18.9 11.0 10.5 3.5 2 0 3 2 2
3995.7 10689.2 -38.4 70 0 7.9 6.7 10.5 3.5 2 0 3 0 0
3664.5 10700.3 -45.7 79 0 12.0 8.8 10.5 3.5 2 0 3 5 5
3532.5 10495.0 -48.9 338 0 12.4 12.1 14.0 0.0 0 0 4 0 0
4102.2 10197.4 -43.0 70 0 12.0 20.4 17.5 3.5 2 1 5 0 0
3949.0 10291.7 -42.3 213 0 25.9 20.7 14.0 3.5 2 0 4 2 2
3900.0 10643.7 -39.8 346 0 12.3 17.2 14.0 3.5 2 1 4 5 5
3584.5 10471.1 -47.9 143 0 10.5 9.0 10.5 3.5 2 0 3 0 0
4219.3 10584.1 -39.7 247 0 10.3 8.9 10.5 3.5 2 0 3 5 5
3907.0 10864.1 -40.6 57 0 11.7 10.3 7.5 2.5 4 0 3 1 1
3967.0 10420.9 -40.7 331 0 26.2 15.7 14.0 3.5 2 0 4 5 5
3445.0 10620.8 -50.3 85 0 12.4 5.4 10.5 3.5 2 0 3 1 1
3548.4 10614.6 -47.2 282 0 18.9 16.3 14.0 3.5 4 0 4 4 4
3726.0 10712.2 -44.7 82 0 13.4 6.6 10.5 3.5 2 0 3 1 1
3504.7 10705.2 -46.3 74 0 9.5 11.0 10.5 3.5 2 1 3 4 4
3629.5 10538.7 -45.4 345 0 16.7 13.8 14.0 3.5 2 0 4 1 1
3974.0 10171.1 -43.6 339 0 10.0 22.3 14.0 0.0 0 1 4 2 2
4109.6 10321.8 -40.9 199 0 10.1 14.3 17.5 3.5 4 1 5 4 4
3815.8 10459.8 -40.9 121 0 29.5 19.1 10.5 0.0 0 0 3 3 3
3916.6 10234.7 -43.9 213 0 25.9 20.7 14.0 3.5 2 0 4 3 3
3508.0 10539.2 -48.9 255 0 21.5 22.5 14.0 3.5 2 1 4 1 1
4177.6 10472.7 -39.9 90 0 15.2 8.7 10.5 0.0 0 0 3 3 3
4094.3 10293.5 -41.5 207 0 10.8 17.1 17.5 3.5 2 1 5 5 5
4085.6 10189.9 -43.3 70 0 12.0 20.4 17.5 3.5 2 1 5 1 1
3873.5 10269.6 -44.5 213 0 13.1 33.2 14.0 3.5 2 1 4 1 1
4074.1 10412.4 -40.9 323 0 14.7 14.0 17.5 3.5 2 0 5 5 5
4121.0 10679.9 -39.0 312 0 16.4 19.5 17.5 3.5 2 1 5 5 5
4033.5 10476.5 -41.1 240 0 14.0 19.5 17.5 3.5 2 1 5 3 3
3604.8 10687.2 -45.7 77 0 8.3 8.6 10.5 3.5 4 1 3 3 3
4071.8 10233.6 -43.0 250 0 12.0 20.4 17.5 3.5 2 1 5 0 0
3866.7 10463.4 -40.4 36 0 18.5 31.4 10.5 3.5 2 1 3 5 5
3743.1 10744.1 -44.1 77 0 7.4 8.6 10.5 3.5 2 1 3 4 4
3500.8 10905.2 -45.4 260 0 5.6 9.7 10.5 3.5 2 0 3 1 1
3623.3 10560.2 -45.3 359 0 5.3 9.0 10.5 3.5 2 1 3 3 3
3742.2 10531.0 -41.7 61 0 10.8 23.5 14.0 3.5 4 1 4 4 4
3961.3 10687.8 -39.3 80 0 7.9 17.8 10.5 3.5 2 1 3 3 3
3575.0 10723.6 -46.5 75 0 10.6 13.4 14.0 3.5 2 1 4 3 3
3533.3 10839.8 -45.7 77 0 10.5 11.1 14.0 3.5 2 1 4 0 0
3716.3 10514.8 -42.6 64 0 12.1 20.6 14.0 0.0 0 1 4 5 5
3962.5 10779.7 -40.9 350 0 22.2 29.4 14.0 0.0 0 1 4 1 1
3592.4 10598.9 -45.6 162 0 15.0 17.1 14.0 3.5 2 1 4 1 1
3559.0 10479.4 -49.1 337 0 10.0 19.8 10.5 3.5 2 1 3 2 2
4072.1 10184.5 -43.6 70 0 12.0 20.4 17.5 3.5 2 1 5 5 5
3389.3 10833.3 -46.9 161 0 8.7 25.2 10.5 3.5 2 1 3 0 0
3521.5 10554.3 -48.5 40 0 15.3 22.5 14.0 0.0 0 1 4 4 4
3514.1 10835.2 -46.0 75 0 8.7 12.1 10.5 3.5 2 1 3 0 0
3637.0 10462.7 -46.1 74 0 7.1 10.4 10.5 3.5 2 1 3 4 4
3327.2 10911.8 -48.6 164 0 17.0 19.6 14.0 3.5 2 1 4 1 1
3377.0 10860.7 -47.3 77 0 26.9 11.1 14.0 0.0 0 0 4 2 2
3579.8 10587.4 -46.5 310 0 18.1 14.5 14.0 3.5 2 0 4 2 2
3605.2 10485.5 -46.8 157 0 14.5 18.3 14.0 3.5 2 1 4 1 1
3565.6 10494.9 -47.6 139 0 10.3 6.6 10.5 3.5 2 0 3 3 3
4132.8 10409.9 -40.2 330 0 13.2 19.4 14.0 0.0 0 1 4 0 0
3617.5 10679.5 -45.4 263 0 7.6 7.6 10.5 3.5 2 0 3 2 2
4068.0 10660.3 -38.7 275 0 21.4 10.6 17.5 3.5 2 0 5 5 5
3503.5 10810.7 -46.4 240 0 8.2 6.5 10.5 3.5 2 0 3 3 3
3827.3 10508.4 -40.1 38 0 19.0 31.5 10.5 3.5 2 1 3 4 4
3988.1 10209.9 -43.0 249 0 22.3 10.0 10.5 3.5 2 0 3 5 5
3531.8 10752.3 -46.6 85 0 9.6 8.5 10.5 3.5 4 0 3 2 2
4004.2 10237.8 -42.7 57 0 16.9 8.1 10.5 3.5 4 0 3 4 4
3666.5 10506.1 -44.6 352 0 16.8 13.1 14.0 3.5 2 0 4 3 3
3980.1 10432.2 -40.5 146 0 21.5 15.8 17.5 3.5 2 0 5 4 4
4115.0 10199.5 -42.8 70 0 12.0 20.4 17.5 3.5 2 1 5 3 3
3964.4 10320.3 -42.0 213 0 25.9 20.7 14.0 3.5 2 0 4 4 4
3563.7 10712.1 -46.4 244 0 7.0 8.2 10.5 3.5 2 0 3 0 0
4099.8 10248.1 -42.5 250 0 12.0 20.4 17.5 3.5 2 1 5 2 2
3790.8 10640.7 -41.8 151 0 7.7 13.2 10.5 3.5 2 1 3 2 2
3755.1 10914.8 -42.0 1 0 14.1 9.2 10.5 3.5 2 0 3 3 3
3703.4 10502.3 -43.3 57 0 20.0 13.4 14.0 3.5 2 0 4 4 4
4036.5 10733.0 -38.7 65 0 19.9 19.6 14.0 3.5 2 0 4 1 1
4045.6 10223.6 -43.5 250 0 12.0 20.4 17.5 3.5 4 1 5 5 5
3529.8 10479.5 -49.0 156 0 10.3 15.5 14.0 3.5 2 1 4 5 5
3543.9 10719.2 -46.5 71 0 13.1 9.9 10.5 0.0 0 0 3 2 2
3754.5 10580.1 -41.1 230 0 23.7 14.3 14.0 3.5 2 0 4 4 4
3855.4 10628.6 -40.7 66 0 24.3 18.4 14.0 3.5 2 0 4 4 4
3574.0 10482.8 -47.9 156 0 10.6 15.4 10.5 3.5 2 1 3 0 0
3838.5 10212.6 -47.8 305 0 25.7 23.5 14.0 0.0 0 0 4 5 5
3483.3 10492.1 -50.4 284 0 10.0 13.3 10.5 3.5 2 1 3 1 1
3478.7 10904.7 -45.7 256 0 18.0 8.7 10.5 3.5 2 0 3 2 2
3527.2 10614.5 -47.7 273 0 15.5 19.7 14.0 3.5 2 1 4 0 0
3711.5 10709.2 -44.9 78 0 11.6 10.3 14.0 3.5 2 0 4 1 1
3462.9 10822.0 -46.2 76 0 18.8 8.9 10.5 3.5 2 0 3 2 2
3931.9 10170.9 -44.8 334 0 15.1 16.7 14.0 3.5 2 1 4 0 0
3597.5 10557.0 -46.0 261 0 15.1 10.9 14.0 3.5 2 0 4 1 1
4101.6 10306.0 -41.3 202 0 13.6 17.2 17.5 3.5 2 1 5 2 2
3875.2 10302.2 -44.7 213 0 13.1 33.2 14.0 3.5 2 1 4 5 5
4161.4 10412.1 -39.7 154 0 15.1 18.4 14.0 3.5 2 1 4 1 1
4056.4 10454.5 -41.2 328 0 10.5 15.7 17.5 3.5 2 1 5 4 4
4115.9 10714.3 -38.0 146 0 14.3 18.1 17.5 3.5 4 1 5 3 3
4017.1 10464.9 -40.9 240 0 16.6 17.8 17.5 3.5 2 1 5 3 3
3512.5 10782.9 -46.5 74 0 8.1 10.0 10.5 3.5 2 1 3 4 4
3501.7 10885.4 -45.5 163 0 9.6 12.5 10.5 3.5 2 1 3 1 1
3892.3 10204.3 -46.2 339 0 10.0 22.3 14.0 3.5 2 1 4 4 4
3756.4 10539.7 -41.3 56 0 15.2 23.3 14.0 0.0 0 1 4 3 3
4051.0 10600.2 -39.4 65 0 7.5 10.1 10.5 3.5 2 0 3 3 3
3929.3 10909.3 -39.9 304 0 14.3 14.1 7.5 2.5 2 0 3 1 1
3519.7 10641.0 -47.4 76 0 21.6 14.3 14.0 3.5 2 0 4 3 3
3595.4 10677.1 -45.9 264 0 12.4 12.8 14.0 3.5 2 0 4 5 5
3480.0 10731.2 -46.4 258 0 7.5 13.2 10.5 3.5 2 0 3 4 4
3718.4 10546.6 -42.2 240 0 10.1 25.6 14.0 3.5 2 1 4 5 5
3925.0 10724.0 -40.3 162 0 13.6 22.7 14.0 3.5 4 1 4 5 5
3596.2 10582.1 -45.6 161 0 11.8 17.6 14.0 0.0 0 1 4 1 1
3625.0 10387.4 -48.9 145 0 25.4 19.6 10.5 3.5 2 0 3 4 4
3620.2 10625.7 -45.4 162 0 40.3 29.7 10.5 0.0 0 0 3 1 1
3563.8 10751.6 -46.7 255 0 7.9 6.5 10.5 3.5 2 0 3 3 3
3500.4 10858.5 -45.8 166 0 9.4 14.2 10.5 3.5 2 1 3 2 2
3497.6 10670.0 -46.9 251 0 10.4 6.4 10.5 3.5 2 0 3 1 1
3537.5 10544.8 -47.8 253 0 15.8 15.2 14.0 3.5 2 0 4 1 1
3444.5 10899.1 -46.2 254 0 9.7 12.7 10.5 3.5 2 1 3 2 2
3637.6 10699.5 -45.8 69 0 8.8 5.8 10.5 3.5 2 0 3 3 3
3931.7 10264.1 -42.6 213 0 25.9 20.7 14.0 3.5 2 0 4 4 4
3565.1 10568.5 -47.1 40 0 14.4 21.5 14.0 3.5 4 1 4 0 0
3406.7 10870.0 -46.8 76 0 27.7 6.8 10.5 3.5 2 0 3 2 2
3601.6 10913.2 -44.2 72 0 46.6 10.8 14.0 3.5 2 0 4 0 0
4134.9 10382.0 -40.1 244 0 22.0 8.1 10.5 3.5 2 0 3 3 3
3489.8 10734.1 -46.4 250 0 13.0 15.6 14.0 3.5 2 0 4 1 1
3965.8 10183.5 -43.3 339 0 10.0 22.3 14.0 3.5 2 1 4 1 1
3631.9 10516.5 -45.7 347 0 14.4 11.0 14.0 3.5 2 0 4 3 3
3975.9 10346.0 -42.0 123 0 20.7 25.9 14.0 3.5 2 1 4 4 4
4261.0 10699.0 -37.4 62 0 23.1 16.6 17.5 3.5 2 0 5 4 4
3892.5 10484.5 -40.1 312 0 31.8 20.2 10.5 0.0 0 0 3 5 5
4118.8 10339.9 -40.5 216 0 14.7 28.5 17.5 3.5 2 1 5 3 3
3499.2 10771.6 -46.4 262 0 10.3 12.1 14.0 0.0 0 1 4 3 3
4009.9 10613.6 -38.9 159 0 17.8 16.9 17.5 3.5 2 0 5 5 5
4001.5 10257.1 -42.6 73 0 27.2 13.7 14.0 3.5 2 0 4 3 3
3674.1 10489.9 -44.7 343 0 12.2 17.1 14.0 3.5 2 1 4 3 3
4027.0 10224.0 -43.5 250 0 12.0 20.4 17.5 3.5 2 1 5 5 5
4204.1 10713.6 -38.3 67 0 20.8 14.3 17.5 3.5 2 0 5 3 3
3885.4 10512.1 -39.1 48 0 12.6 28.0 10.5 3.5 2 1 3 3 3
3393.6 10916.1 -46.8 172 0 15.6 7.3 10.5 3.5 2 0 3 1 1
4058.7 10231.3 -43.2 250 0 12.0 20.4 17.5 3.5 2 1 5 0 0
3461.4 10800.0 -46.1 252 0 18.1 13.3 14.0 3.5 2 0 4 4 4
3684.1 10531.4 -43.5 235 0 18.3 14.8 14.0 3.5 2 0 4 0 0
3825.6 10679.2 -41.8 249 0 20.0 11.3 14.0 3.5 2 0 4 1 1
3515.3 10508.0 -49.0 247 0 17.3 9.3 10.5 3.5 4 0 3 2 2
3497.6 10601.3 -48.4 185 0 23.5 17.4 14.0 3.5 2 0 4 0 0
3934.9 10663.7 -39.3 36 0 23.2 11.0 14.0 3.5 4 0 4 2 2
3874.2 10337.3 -44.9 213 0 13.1 33.2 14.0 0.0 0 1 4 1 1
3597.0 10731.4 -46.3 71 0 16.3 24.8 14.0 3.5 2 1 4 4 4
3934.4 10494.5 -39.5 183 0 15.9 28.1 14.0 3.5 2 1 4 2 2
3476.1 10886.3 -45.8 78 0 6.8 5.7 10.5 3.5 2 0 3 1 1
3573.7 10610.1 -46.5 8 0 16.8 13.7 14.0 3.5 2 0 4 3 3
3519.8 10912.7 -45.0 257 0 6.4 7.4 10.5 3.5 2 0 3 4 4
4157.4 10771.4 -37.6 250 0 27.3 19.6 17.5 0.0 0 0 5 5 5
4064.9 10432.8 -41.2 328 0 16.6 13.3 17.5 3.5 2 0 5 3 3
3998.2 10458.4 -40.7 243 0 14.4 19.9 17.5 3.5 2 1 5 4 4
4085.6 10277.4 -41.9 207 0 12.6 18.4 17.5 3.5 2 1 5 4 4
4005.0 10157.1 -43.8 69 0 22.3 10.0 10.5 3.5 2 0 3 0 0
3522.3 10784.7 -46.6 75 0 10.6 11.6 14.0 3.5 2 1 4 4 4
3449.0 10812.7 -46.1 259 0 14.8 14.3 14.0 3.5 2 0 4 0 0
3999.2 10408.8 -41.0 145 0 14.8 17.6 17.5 3.5 2 0 5 2 2
3614.4 10713.3 -46.1 79 0 10.4 10.2 14.0 3.5 2 0 4 4 4
3773.4 10552.8 -40.7 61 0 24.7 15.0 14.0 3.5 2 0 4 2 2
3976.1 10697.5 -39.0 63 0 8.3 10.3 10.5 3.5 2 1 3 4 4
3647.4 10721.1 -45.7 81 0 5.7 12.0 10.5 3.5 4 1 3 0 0
4155.5 10571.0 -40.6 260 0 6.9 12.6 10.5 3.5 2 0 3 5 5
6675.5 1717.4 -40.9 357 0 19.0 18.9 7.5 0.0 0 0 3 3 3
6754.2 1886.3 -39.7 359 0 16.2 29.5 7.5 0.0 0 1 3 4 4
6724.6 1851.0 -39.5 90 0 15.7 15.8 7.5 0.0 0 1 3 1 1
6641.6 1869.9 -40.8 180 0 22.5 17.3 7.5 2.5 2 0 3 3 3
6580.2 1806.9 -41.2 271 0 16.8 17.6 7.5 2.5 4 1 3 0 0
6811.3 1724.4 -38.2 1 0 15.1 16.5 7.5 2.5 2 1 3 5 5
6539.9 1929.9 -43.7 0 0 11.9 9.9 5.0 2.5 4 0 2 5 5
6938.9 1707.9 -34.6 2 0 14.0 6.8 2.5 2.5 2 0 1 1 1
6577.9 1824.5 -41.0 89 0 18.2 13.8 10.0 0.0 0 0 4 2 2
6618.7 1907.1 -42.0 267 0 8.8 8.0 5.0 2.5 4 0 2 0 0
6729.0 1911.5 -40.0 271 0 14.5 6.4 5.0 2.5 2 0 2 3 3
6571.5 2021.6 -41.8 263 0 20.1 15.2 10.0 2.5 2 0 4 2 2
6615.4 1958.1 -42.1 355 0 15.9 19.1 10.0 2.5 2 1 4 2 2
6829.3 1784.1 -37.6 8 0 5.1 8.0 5.0 2.5 2 1 2 0 0
6775.9 1753.5 -38.9 270 0 13.1 12.5 7.5 2.5 4 0 3 3 3
6600.9 2000.7 -41.6 263 0 22.1 17.0 7.5 2.5 4 0 3 0 0
6768.6 1704.1 -39.1 180 0 14.5 17.3 5.0 2.5 4 1 2 1 1
6917.6 1844.0 -36.5 359 0 24.5 50.8 10.0 2.5 2 1 4 1 1
6943.9 1837.3 -34.9 97 0 45.4 18.3 10.0 2.5 2 0 4 5 5
6566.2 1852.0 -41.6 180 0 13.6 11.7 7.5 2.5 2 0 3 4 4
6619.5 1878.1 -41.7 360 0 16.2 19.4 10.0 0.0 0 1 4 5 5
6599.6 2025.6 -41.4 266 0 21.1 17.0 10.0 2.5 2 0 4 2 2
6797.0 1808.8 -38.2 179 0 10.2 7.0 5.0 2.5 2 0 2 5 5
6583.0 1774.9 -41.4 90 0 21.0 8.4 2.5 2.5 2 0 1 4 4
6835.6 1706.2 -37.4 358 0 14.0 15.5 10.0 2.5 2 1 4 5 5
6573.2 1996.6 -42.0 262 0 21.1 16.5 7.5 2.5 2 0 3 3 3
6570.4 1904.1 -42.9 268 0 13.3 7.2 7.5 0.0 0 0 3 1 1
6696.7 1905.8 -40.8 1 0 5.6 16.0 5.0 2.5 2 1 2 4 4
6750.0 1729.6 -40.1 0 0 20.1 17.6 10.0 2.5 4 0 4 1 1
6652.8 1837.9 -40.2 89 0 9.2 10.6 7.5 2.5 2 1 3 1 1
6544.3 1839.7 -42.1 357 0 22.1 6.7 7.5 2.5 2 0 3 1 1
6623.4 1802.6 -40.9 0 0 10.3 24.3 10.0 2.5 2 1 4 0 0
6664.3 1907.8 -41.1 270 0 9.0 17.6 2.5 2.5 2 1 1 4 4
6678.8 1781.3 -40.4 309 0 5.9 7.0 2.5 2.5 2 1 1 2 2
6697.9 1734.6 -40.5 178 0 19.3 18.5 7.5 2.5 2 0 3 4 4
6588.0 1714.5 -42.0 274 0 25.0 13.4 12.5 2.5 2 0 5 2 2
6628.1 1708.8 -41.2 180 0 19.5 17.5 7.5 2.5 2 0 3 4 4
6640.0 1748.4 -41.3 270 0 18.2 18.4 10.0 2.5 2 1 4 4 4
6612.3 1914.7 -42.3 88 0 4.2 10.8 5.0 2.5 2 1 2 1 1
6670.4 1749.5 -40.9 274 0 17.6 18.2 12.5 2.5 2 1 5 2 2
6725.4 2052.4 -40.5 25 0 23.1 18.4 7.5 0.0 0 0 3 5 5
6633.6 2039.5 -41.0 161 0 17.4 23.2 7.5 0.0 0 1 3 2 2
6719.6 2081.7 -40.8 335 0 14.2 17.8 7.5 2.5 2 1 3 2 2
6657.5 2009.6 -40.7 63 0 22.9 17.5 10.0 2.5 2 0 4 4 4
6639.1 2077.9 -41.4 252 0 24.3 17.9 7.5 0.0 0 0 3 2 2
6595.3 2061.7 -41.9 260 0 18.0 23.7 7.5 0.0 0 1 3 4 4
6694.4 2027.3 -40.3 63 0 22.9 17.5 10.0 2.5 4 0 4 5 5
6576.4 2137.9 -42.9 79 0 11.9 5.3 7.5 2.5 2 0 3 0 0
6905.2 1946.6 -35.7 359 0 6.8 11.4 7.5 2.5 2 1 3 1 1
6831.4 2422.4 -37.6 262 0 5.9 5.4 5.0 0.0 0 0 2 3 3
6938.1 2041.8 -34.7 0 0 18.5 9.8 2.5 2.5 2 0 1 0 0
6706.2 1984.3 -40.0 82 0 19.3 16.7 10.0 2.5 2 0 4 2 2
6565.2 2074.0 -42.6 79 0 14.3 12.9 2.5 2.5 2 0 1 5 5
6734.2 1988.4 -39.9 83 0 20.2 17.0 10.0 2.5 2 0 4 1 1
6931.5 2413.1 -34.6 168 0 10.2 64.5 10.0 2.5 2 1 4 5 5
6569.0 2031.5 -42.2 82 0 17.0 23.4 5.0 2.5 4 1 2 1 1
6687.0 2123.7 -41.5 343 0 11.8 14.9 7.5 2.5 2 1 3 1 1
6582.9 2219.1 -43.1 262 0 17.4 18.2 10.0 2.5 4 1 4 1 1
6649.4 2099.9 -41.7 348 0 12.1 13.1 2.5 2.5 2 1 1 5 5
6679.0 1965.5 -40.9 266 0 12.6 40.4 7.5 2.5 2 1 3 2 2
6893.6 2181.0 -35.9 71 0 6.4 9.7 5.0 0.0 0 1 2 1 1
6608.3 2225.8 -42.7 166 0 6.5 12.5 5.0 0.0 0 1 2 5 5
6553.0 2153.4 -43.2 174 0 15.3 16.2 5.0 2.5 2 1 2 3 3
6636.5 1932.6 -41.6 173 0 20.9 9.2 5.0 2.5 2 0 2 3 3
6620.9 2118.2 -42.1 256 0 7.5 12.6 7.5 2.5 2 1 3 1 1
6636.2 2136.2 -42.1 79 0 11.9 8.9 7.5 2.5 2 0 3 4 4
6660.6 2125.8 -41.7 261 0 9.3 12.8 7.5 2.5 2 1 3 5 5
6596.6 2184.6 -43.0 350 0 18.3 17.8 7.5 2.5 2 0 3 2 2
6657.2 1962.0 -41.4 355 0 16.4 20.9 10.0 2.5 2 1 4 5 5
6584.3 2074.6 -42.4 88 0 14.6 16.9 5.0 2.5 2 1 2 3 3
6829.0 1949.5 -37.9 359 0 4.8 13.0 5.0 2.5 2 1 2 3 3
6661.6 1935.2 -41.3 355 0 21.3 9.8 5.0 0.0 0 0 2 3 3
6693.5 1968.9 -40.5 260 0 10.0 41.4 7.5 2.5 2 1 3 0 0
6840.0 1965.2 -38.0 357 0 7.4 25.7 7.5 2.5 2 0 3 5 5
6678.9 2155.8 -41.9 348 0 16.0 23.7 12.5 2.5 2 1 5 0 0
6679.0 2087.6 -41.1 258 0 13.2 18.6 7.5 2.5 2 1 3 3 3
6547.2 2184.1 -43.4 173 0 13.4 20.3 7.5 2.5 2 1 3 4 4
6583.2 2315.5 -42.4 169 0 7.9 15.6 5.0 2.5 2 1 2 5 5
6564.8 2329.5 -42.9 351 0 11.7 17.3 10.0 0.0 0 1 4 2 2
6598.4 2434.2 -42.0 262 0 20.8 17.2 10.0 2.5 2 0 4 5 5
6631.3 2340.0 -41.9 176 0 18.7 14.5 7.5 2.5 2 0 3 2 2
6678.8 2375.1 -41.5 357 0 19.2 19.6 7.5 2.5 2 1 3 3 3
6616.6 2252.6 -42.6 82 0 13.9 11.9 2.5 2.5 2 0 1 3 3
6497.3 2468.7 -42.8 254 0 21.2 8.7 7.5 2.5 2 0 3 2 2
6569.8 2302.6 -43.1 355 0 7.9 13.4 2.5 2.5 2 1 1 4 4
6672.2 2291.4 -41.9 268 0 25.9 14.1 10.0 2.5 4 0 4 0 0
6527.5 2479.4 -42.4 80 0 11.4 12.3 5.0 2.5 2 1 2 5 5
6577.6 2262.6 -42.9 172 0 12.9 9.8 7.5 2.5 2 0 3 0 0
6685.3 2493.3 -40.7 8 0 16.7 9.7 5.0 2.5 2 0 2 5 5
6632.2 2367.2 -41.8 179 0 17.3 13.8 7.5 2.5 2 0 3 3 3
6728.8 2472.7 -40.3 270 0 7.7 9.1 5.0 2.5 2 1 2 5 5
6558.9 2249.3 -43.1 168 0 5.7 8.8 5.0 2.5 2 1 2 5 5
6676.8 2398.5 -41.4 354 0 11.6 20.7 5.0 2.5 2 1 2 5 5
6476.3 2485.3 -42.8 163 0 12.0 8.1 7.5 2.5 2 0 3 2 2
6640.1 2490.1 -41.2 269 0 11.4 16.4 2.5 2.5 2 1 1 0 0
6673.9 2302.3 -41.7 86 0 18.3 19.2 7.5 2.5 2 1 3 4 4
6544.2 2275.4 -43.3 266 0 6.2 9.5 7.5 2.5 2 1 3 3 3
6542.8 2426.4 -42.6 262 0 20.0 17.0 7.5 2.5 2 0 3 1 1
6664.7 2254.9 -41.9 176 0 8.0 10.7 7.5 2.5 2 1 3 3 3
6585.6 2276.3 -42.9 349 0 5.2 10.2 7.5 0.0 0 1 3 1 1
6565.8 2311.9 -43.0 348 0 6.4 12.3 5.0 2.5 2 1 2 3 3
6526.1 2343.4 -43.5 78 0 15.9 16.8 10.0 2.5 2 1 4 2 2
6747.7 2442.8 -40.1 352 0 11.5 11.3 2.5 2.5 4 0 1 2 2
6643.5 2436.3 -41.5 266 0 18.9 17.7 7.5 0.0 0 0 3 2 2
6515.4 2477.6 -42.5 73 0 8.2 14.7 2.5 2.5 2 1 1 2 2
6652.0 2212.4 -42.2 261 0 10.3 5.7 7.5 2.5 2 0 3 4 4
6639.4 2300.4 -42.1 86 0 12.6 16.5 7.5 2.5 2 1 3 4 4
6679.1 2350.1 -41.6 355 0 20.2 18.3 10.0 2.5 2 0 4 1 1
6493.2 2505.1 -42.6 252 0 8.0 8.5 7.5 2.5 2 1 3 4 4
6643.9 2277.0 -42.2 360 0 10.7 12.3 10.0 2.5 2 1 4 3 3
6582.9 2506.1 -41.8 343 0 16.1 12.5 10.0 2.5 2 0 4 2 2
6679.1 2461.3 -41.0 10 0 16.0 10.4 7.5 2.5 2 0 3 5 5
6542.3 2283.9 -43.5 83 0 13.2 12.5 7.5 2.5 2 0 3 0 0
6517.3 2386.3 -43.0 263 0 16.5 16.0 7.5 0.0 0 0 3 0 0
6489.2 2471.4 -42.8 78 0 11.1 10.5 5.0 2.5 2 0 2 0 0
6593.5 2395.1 -42.2 265 0 16.2 12.0 10.0 0.0 0 0 4 5 5
6904.4 317.7 -43.1 83 0 10.9 19.4 7.0 2.5 2 1 2 3 3
6842.0 392.3 -43.7 260 0 15.4 22.9 7.5 2.5 2 0 3 0 0
6853.4 374.4 -43.0 260 0 9.5 42.0 7.5 0.0 0 0 3 0 0
6751.3 889.8 -43.4 262 0 15.6 22.1 12.5 2.5 2 0 5 1 1
6764.1 901.7 -43.3 262 0 44.2 10.0 7.5 2.5 2 0 3 3 3
6245.2 5165.7 -30.2 77 0 18.4 34.6 7.5 0.0 0 1 3 3 3
-6507.1 5803.0 -45.5 75 0 21.3 54.8 7.5 2.5 2 1 3 0 0
-6480.1 5810.1 -45.3 75 0 21.3 54.8 10.0 2.5 2 1 4 3 3
-6453.2 5817.1 -45.1 75 0 21.3 54.8 7.5 2.5 2 1 3 1 1
-6425.8 5824.3 -44.9 75 0 21.3 54.8 10.0 2.5 2 1 4 5 5
-6398.9 5831.3 -44.7 75 0 21.3 54.8 10.0 2.5 2 1 4 1 1
-6371.9 5838.4 -44.5 75 0 21.3 54.8 10.0 2.5 4 1 4 5 5
-6345.0 5845.5 -44.5 75 0 21.3 54.8 7.5 2.5 2 1 3 2 2
-6311.4 5854.2 -44.6 75 0 21.3 54.8 15.0 2.5 2 1 6 1 1
-6284.4 5861.3 -44.7 75 0 21.3 54.8 10.0 0.0 0 1 4 2 2
-6257.5 5868.3 -44.7 75 0 21.3 54.8 10.0 2.5 2 1 4 0 0
-6230.6 5875.4 -44.7 75 0 21.3 54.8 7.5 2.5 2 1 3 5 5
-6203.7 5882.4 -44.7 75 0 21.3 54.8 10.0 2.5 2 1 4 2 2
-6176.7 5889.5 -44.7 75 0 21.3 54.8 7.5 2.5 2 1 3 2 2
-6150.2 5896.4 -44.8 75 0 21.3 54.8 7.5 2.5 2 1 3 0 0
-6116.0 5905.4 -44.8 75 0 21.3 54.8 5.0 2.5 2 1 2 2 2
-6089.2 5912.4 -44.8 75 0 21.3 54.8 7.5 2.5 2 1 3 5 5
-6062.2 5919.5 -44.8 75 0 21.3 54.8 10.0 2.5 2 1 4 5 5
-6035.3 5926.5 -44.8 75 0 21.3 54.8 10.0 2.5 2 1 4 1 1
-6008.3 5933.6 -44.9 75 0 21.3 54.8 10.0 2.5 2 1 4 0 0
-5981.3 5940.6 -44.9 75 0 21.3 54.8 12.5 2.5 2 1 5 3 3
-6503.5 5788.7 -45.7 255 0 21.3 54.8 7.5 2.5 2 1 3 5 5
-6476.6 5795.7 -45.5 255 0 21.3 54.8 7.5 2.5 2 1 3 2 2
-6449.6 5802.8 -45.3 255 0 21.3 54.8 10.0 2.5 2 1 4 5 5
-6422.2 5809.9 -45.1 255 0 21.3 54.8 10.0 2.5 2 1 4 5 5
-6395.3 5817.0 -44.9 255 0 21.3 54.8 7.5 2.5 2 1 3 1 1
-6368.3 5824.0 -44.7 255 0 21.3 54.8 10.0 2.5 2 1 4 3 3
-6341.4 5831.1 -44.5 255 0 21.3 54.8 7.5 2.5 2 1 3 5 5
-6307.8 5839.9 -44.6 255 0 21.3 54.8 7.5 2.5 4 1 3 0 0
-6280.9 5846.9 -44.7 255 0 21.3 54.8 7.5 2.5 2 1 3 5 5
-6254.0 5854.0 -44.7 255 0 21.3 54.8 7.5 2.5 2 1 3 0 0
-6227.0 5861.0 -44.7 255 0 21.3 54.8 10.0 2.5 2 1 4 0 0
-6200.1 5868.1 -44.7 255 0 21.3 54.8 7.5 2.5 2 1 3 1 1
-6173.2 5875.1 -44.8 255 0 21.3 54.8 10.0 2.5 2 1 4 3 3
-6146.6 5882.1 -44.8 255 0 21.3 54.8 12.5 2.5 2 1 5 0 0
-6112.4 5891.0 -44.8 255 0 21.3 54.8 10.0 2.5 2 1 4 1 1
-6085.6 5898.1 -44.8 255 0 21.3 54.8 10.0 2.5 2 1 4 4 4
-6058.6 5905.1 -44.8 255 0 21.3 54.8 7.5 0.0 0 1 3 1 1
-6031.7 5912.2 -44.9 255 0 21.3 54.8 7.5 2.5 4 1 3 4 4
-6004.7 5919.2 -44.9 255 0 21.3 54.8 15.0 2.5 2 1 6 5 5
-5977.7 5926.3 -44.9 255 0 21.3 54.8 7.5 2.5 4 1 3 3 3
-5954.4 5947.7 -44.9 75 0 21.3 54.8 10.0 2.5 2 1 4 0 0
-5950.8 5933.3 -44.9 255 0 21.3 54.8 10.0 2.5 4 1 4 0 0
-5928.1 5954.5 -44.9 75 0 21.3 54.8 12.5 2.5 2 1 5 5 5
-5924.5 5940.2 -44.9 255 0 21.3 54.8 7.5 2.5 2 1 3 2 2
-6534.1 5795.9 -45.7 75 0 21.3 54.8 10.0 2.5 2 1 4 0 0
-6530.4 5781.6 -45.8 255 0 21.3 54.8 7.5 2.5 2 1 3 3 3
-6541.7 6092.0 -47.0 297 0 26.8 114.3 10.0 0.0 0 1 4 5 5
-6554.7 5914.8 -46.2 76 0 75.9 22.4 7.5 0.0 0 0 3 1 1
-2773.1 6804.2 -44.5 262 0 18.1 92.0 7.5 0.0 0 1 3 3 3
-2714.6 6672.0 -44.9 353 0 54.2 14.9 10.0 2.5 4 0 4 0 0
-2867.8 6629.5 -44.7 173 0 15.4 68.4 10.0 2.5 2 1 4 1 1
-2910.3 6739.0 -44.6 352 0 92.1 17.6 10.0 0.0 0 0 4 3 3
-2947.6 6687.4 -44.5 82 0 17.5 92.0 7.5 0.0 0 1 3 0 0
-2981.0 6682.8 -44.6 82 0 17.5 92.1 12.5 0.0 0 1 5 5 5
-6937.6 6102.8 -45.8 85 0 16.6 26.9 12.5 2.5 2 0 5 0 0
-6867.0 6225.3 -45.5 293 0 107.9 51.8 7.5 0.0 0 0 3 0 0
-6527.5 6061.3 -46.6 283 0 13.8 111.4 12.5 0.0 0 1 5 2 2
-6607.7 5955.0 -46.7 161 0 36.1 25.6 10.0 0.0 0 0 4 2 2
-6495.2 6012.3 -46.0 13 0 127.9 26.2 7.5 0.0 0 0 3 2 2
-6864.6 5911.6 -46.9 3 0 20.6 38.9 7.5 0.0 0 1 3 1 1
-6856.8 5865.2 -47.0 349 0 48.7 41.1 10.0 0.0 0 0 4 3 3
-6068.8 7629.0 -43.9 150 0 16.8 8.9 5.0 2.5 2 0 2 1 1
-5950.3 7731.9 -44.0 0 0 7.1 18.2 5.0 2.5 2 1 2 5 5
-5981.2 7753.5 -44.2 270 0 13.5 20.6 7.5 0.0 0 1 3 5 5
-5768.0 7344.4 -45.2 236 0 7.8 19.9 5.0 2.5 2 1 2 1 1
-5729.4 7373.6 -45.3 236 0 8.7 24.1 5.0 2.5 2 1 2 0 0
-5737.1 7334.3 -45.2 56 0 27.6 12.0 7.5 0.0 0 0 3 4 4
-5668.0 7520.3 -45.6 216 0 29.8 8.6 7.5 2.5 2 0 3 4 4
-5703.3 7529.9 -45.4 306 0 16.1 11.3 5.0 2.5 2 0 2 0 0
-5695.7 7554.1 -45.2 126 0 32.6 12.0 7.5 2.5 2 0 3 4 4
-6370.4 6127.5 -44.6 106 0 14.9 36.7 7.5 2.5 4 1 3 5 5
-6487.5 6188.2 -45.5 199 0 20.7 13.7 10.0 2.5 4 0 4 1 1
-6281.0 6138.0 -44.3 234 0 14.8 19.3 7.5 2.5 2 1 3 3 3
6859.4 221.8 -44.2 346 0 12.3 14.3 2.5 2.5 2 1 1 2 2
6846.8 243.6 -43.9 77 0 10.7 11.9 7.5 2.5 2 1 3 5 5
6761.8 825.5 -43.7 262 0 25.9 58.8 7.5 2.5 2 1 3 1 1
6488.8 3254.9 -38.3 71 0 20.3 20.0 10.0 2.5 2 0 4 5 5
6426.8 3275.5 -38.4 162 0 19.8 22.9 10.0 2.5 4 1 4 5 5
6417.2 3305.7 -37.6 165 0 9.1 8.8 5.0 2.5 2 0 2 1 1
6435.7 3249.6 -39.1 160 0 19.6 22.9 10.0 2.5 2 1 4 3 3
6431.5 3180.6 -42.0 353 0 20.1 19.2 10.0 2.5 2 0 4 4 4
6505.2 3047.3 -41.6 160 0 19.1 21.5 7.5 0.0 0 1 3 5 5
6500.9 3082.6 -41.8 252 0 21.3 18.1 7.5 2.5 2 0 3 3 3
6538.1 3107.2 -41.1 248 0 20.4 18.5 10.0 2.5 2 0 4 1 1
6559.2 3077.1 -41.0 340 0 17.7 20.5 10.0 2.5 2 1 4 0 0
6557.6 3038.8 -40.9 72 0 14.8 18.5 7.5 2.5 2 1 3 0 0
5122.6 10169.1 28.7 350 0 17.6 17.0 17.5 3.5 4 0 5 1 1
5109.7 10137.6 27.3 170 0 17.6 17.0 17.5 3.5 2 0 5 0 0
5127.7 10102.1 27.7 129 0 17.6 17.0 17.5 3.5 2 0 5 4 4
5150.5 10078.1 30.8 129 0 17.6 17.0 17.5 3.5 2 0 5 5 5
4525.2 10864.0 -32.0 178 0 19.7 25.4 14.0 3.5 2 1 4 3 3
4536.7 10902.9 -30.5 269 0 26.4 19.0 14.0 3.5 2 0 4 2 2
4535.4 10911.8 -29.0 89 0 25.9 19.5 14.0 3.5 2 0 4 3 3
4683.7 10726.9 -26.6 271 0 19.6 20.8 14.0 3.5 2 1 4 2 2
4652.5 10696.2 -28.1 165 0 23.1 18.3 14.0 3.5 2 0 4 1 1
4641.1 10705.0 -30.8 356 0 46.4 30.5 17.5 0.0 0 0 5 1 1
4659.1 10740.4 -28.8 7 0 9.0 26.5 10.5 3.5 2 0 3 2 2
4660.1 10749.9 -28.3 6 0 10.1 23.9 14.0 3.5 2 0 4 5 5
4721.5 10709.1 -23.4 166 0 17.5 22.7 17.5 0.0 0 1 5 0 0
4758.7 10710.0 -21.5 65 0 18.2 26.3 17.5 3.5 2 1 5 1 1
4776.1 10719.7 -20.1 65 0 15.5 22.1 17.5 0.0 0 1 5 4 4
4801.7 10689.3 -19.5 7 0 14.8 16.5 14.0 3.5 2 1 4 4 4
4822.3 10694.9 -17.4 277 0 13.7 17.9 17.5 3.5 2 1 5 4 4
4840.2 10693.1 -16.3 279 0 14.5 18.5 17.5 3.5 4 1 5 5 5
4854.0 10691.9 -15.2 268 0 6.7 17.2 10.5 3.5 2 0 3 4 4
4861.3 10691.4 -14.7 279 0 7.9 18.0 10.5 3.5 2 0 3 2 2
4745.2 9929.5 -18.8 86 0 23.6 51.8 17.5 3.5 2 1 5 5 5
4716.9 10005.9 -19.6 90 0 17.4 28.0 14.0 3.5 2 1 4 0 0
4636.0 10328.7 -27.3 260 0 21.7 34.9 17.5 0.0 0 1 5 5 5
4910.3 10464.4 14.0 358 0 63.5 32.1 17.5 0.0 0 0 5 2 2
4918.0 10217.7 -7.4 28 0 17.9 21.7 14.0 3.5 2 1 4 1 1
5030.6 9957.6 2.8 2 0 41.8 20.8 15.0 2.5 2 0 6 4 4
