-6919.4 -7567.8 -329.6 229 0 18.8 32.1 12.5 0.0 0 1 5 4 4
-1840.5 -9425.4 -280.8 277 0 40.3 33.0 17.5 0.0 0 0 5 2 2
-1223.7 -9454.8 -266.3 168 0 12.5 13.7 17.5 3.5 2 1 5 3 3
-856.5 -9309.3 -252.8 95 0 23.7 16.2 14.0 3.5 2 0 4 4 4
-917.3 -9434.4 -259.4 153 0 26.4 14.5 17.5 3.5 2 0 5 1 1
-1051.5 -9749.0 -263.4 100 0 18.6 5.7 10.5 3.5 2 0 3 1 1
-1042.3 -9900.6 -259.3 175 0 44.9 14.4 17.5 3.5 2 0 5 5 5
-1004.4 -9980.1 -258.1 84 0 18.0 11.5 14.0 0.0 0 0 4 1 1
-955.3 -10035.1 -253.7 175 0 18.6 35.2 17.5 0.0 0 1 5 4 4
-1781.7 -9435.6 -279.3 275 0 26.3 19.2 17.5 3.5 2 0 5 4 4
-1409.5 -10673.5 -259.2 337 0 17.2 12.6 14.0 3.5 2 0 4 5 5
-1418.8 -10651.1 -258.9 337 0 16.8 12.6 14.0 3.5 2 0 4 1 1
-1426.7 -10626.2 -258.5 338 0 17.4 15.0 14.0 3.5 2 0 4 1 1
-1439.1 -10602.7 -256.7 331 0 19.8 13.3 14.0 3.5 2 0 4 2 2
-1466.7 -10572.1 -254.8 238 0 16.0 18.5 14.0 3.5 2 1 4 5 5
-1758.2 -9549.1 -285.5 280 0 19.7 20.1 14.0 3.5 2 1 4 5 5
-1672.6 -9456.0 -277.1 64 0 17.5 14.5 14.0 3.5 2 0 4 4 4
-1456.6 -9441.3 -269.4 165 0 16.8 25.1 17.5 3.5 2 1 5 1 1
-1369.1 -9474.6 -269.4 169 0 17.3 11.4 14.0 3.5 2 0 4 3 3
-1148.3 -9202.3 -251.5 85 0 11.6 20.7 17.5 3.5 2 1 5 1 1
-1032.0 -8789.6 -236.1 24 0 8.4 10.9 10.5 3.5 2 1 3 5 5
-1149.0 -8921.3 -251.0 188 0 13.6 16.8 17.5 3.5 4 1 5 4 4
-1141.8 -8981.0 -252.0 93 0 16.4 19.7 17.5 3.5 2 1 5 1 1
-1171.3 -8968.0 -253.9 186 0 18.9 16.3 17.5 3.5 2 0 5 2 2
-1166.1 -8936.6 -252.8 224 0 16.4 19.2 17.5 3.5 2 1 5 0 0
-1296.8 -9074.8 -255.2 97 1 10.6 19.9 14.0 0.0 0 1 4 4 4
-1279.5 -9076.3 -254.6 99 1 11.3 14.3 14.0 3.5 2 1 4 4 4
-1256.5 -9071.2 -254.4 9 1 14.9 11.3 14.0 3.5 2 0 4 5 5
-1251.2 -9049.2 -254.7 16 1 13.1 10.9 14.0 3.5 2 0 4 0 0
-77.0 -9657.1 -235.2 189 0 13.9 20.1 10.5 3.5 4 1 3 1 1
-30.5 -9663.3 -234.4 7 0 13.9 21.2 10.5 3.5 2 1 3 2 2
-37.5 -9790.2 -233.9 99 0 12.9 21.8 10.5 3.5 2 0 3 1 1
-30.7 -9729.6 -235.5 279 0 7.7 39.3 10.5 3.5 2 0 3 5 5
-676.8 -10395.2 -253.8 274 0 24.2 28.7 14.0 0.0 0 1 4 0 0
-645.9 -10096.4 -243.7 203 0 25.6 22.6 10.5 3.5 2 0 3 2 2
-1031.0 -9681.1 -263.5 146 0 10.2 12.3 14.0 3.5 2 0 4 3 3
-1036.6 -9672.6 -263.9 147 0 10.5 12.2 14.0 3.5 2 0 4 3 3
-1047.7 -9667.6 -264.7 328 0 10.3 10.9 14.0 3.5 2 0 4 2 2
-1086.9 -9621.5 -266.9 261 0 14.2 7.1 10.5 3.5 2 0 3 3 3
-1076.1 -9630.6 -266.5 350 0 7.9 9.9 10.5 3.5 2 0 3 5 5
-1075.2 -9576.8 -267.1 182 0 14.7 18.0 14.0 3.5 2 1 4 5 5
-1056.6 -9571.8 -266.6 179 0 27.1 13.6 14.0 0.0 0 0 4 5 5
-1070.0 -9491.4 -264.3 43 0 21.4 9.7 10.5 3.5 2 0 3 2 2
-1109.9 -9488.2 -265.2 316 0 9.5 15.9 10.5 3.5 2 1 3 1 1
-1186.4 -9338.8 -260.2 188 0 15.7 21.9 17.5 3.5 2 1 5 1 1
-1334.5 -9317.7 -262.5 267 0 28.2 29.8 17.5 0.0 0 0 5 0 0
-973.6 -9612.6 -263.2 266 0 50.2 17.3 14.0 3.5 2 0 4 1 1
-1280.9 -9448.3 -267.6 263 0 8.0 17.8 10.5 3.5 2 0 3 1 1
-1233.4 -9451.4 -266.9 351 0 21.1 20.4 14.0 3.5 2 0 4 0 0
-1200.1 -9436.6 -265.7 255 0 20.6 17.3 17.5 3.5 2 0 5 4 4
-1296.7 -9514.8 -269.2 220 0 12.4 24.3 14.0 3.5 2 0 4 4 4
-1188.6 -9464.7 -265.8 78 0 9.5 12.9 10.5 3.5 2 0 3 2 2
-1067.1 -9537.9 -266.6 76 0 12.5 9.9 10.5 3.5 4 0 3 4 4
-1110.7 -9619.6 -268.3 81 0 13.9 15.8 14.0 3.5 2 1 4 4 4
-1200.4 -9680.9 -271.6 109 0 13.6 9.4 10.5 3.5 2 0 3 4 4
-1206.4 -9719.6 -270.7 178 0 10.1 8.2 10.5 3.5 2 0 3 1 1
-1159.9 -9747.8 -268.0 96 0 6.9 14.8 10.5 3.5 2 1 3 4 4
-1074.2 -9762.1 -263.9 103 0 10.3 20.3 14.0 3.5 4 1 4 1 1
-1022.1 -9815.7 -260.6 267 0 15.1 10.9 14.0 3.5 2 0 4 1 1
-1028.0 -9808.9 -261.5 82 0 14.1 19.0 17.5 3.5 2 1 5 5 5
-1032.8 -9771.1 -261.9 263 0 12.7 17.9 17.5 3.5 2 1 5 0 0
-993.7 -9842.8 -257.7 172 0 12.9 10.5 17.5 3.5 2 0 5 2 2
-984.0 -9928.6 -255.8 176 0 9.4 13.5 10.5 3.5 2 1 3 0 0
-986.3 -9913.3 -255.8 175 0 12.9 9.3 10.5 3.5 2 0 3 5 5
-990.3 -9891.5 -256.4 174 0 14.0 8.2 10.5 3.5 2 0 3 3 3
-937.0 -9970.5 -254.2 264 0 15.7 12.3 17.5 3.5 2 0 5 1 1
-926.5 -9957.5 -253.6 88 0 9.8 14.3 10.5 3.5 2 1 3 4 4
-1336.3 -9370.1 -263.8 115 0 18.7 29.9 17.5 3.5 2 0 5 4 4
-1116.4 -9340.8 -259.9 179 0 14.3 31.5 14.0 0.0 0 1 4 3 3
-1493.7 -8921.7 -266.4 181 0 10.8 8.8 10.5 3.5 4 0 3 5 5
-1200.0 -9361.4 -261.9 193 0 8.3 23.2 10.5 3.5 2 1 3 5 5
-1127.3 -9338.9 -259.4 3 0 12.6 13.9 17.5 3.5 2 1 5 2 2
-6796.2 -899.5 -335.8 347 0 29.6 33.8 10.0 0.0 0 1 4 1 1
-6807.9 -847.5 -335.4 349 0 28.9 17.7 10.0 2.5 2 0 4 3 3
-6830.6 -751.8 -335.5 346 0 17.9 28.5 12.5 2.5 2 1 5 3 3
-2010.6 -1080.1 -282.2 2 0 21.4 15.7 10.0 2.5 2 0 4 3 3
4368.2 -3919.3 -258.5 283 0 26.5 13.2 10.0 2.5 4 0 4 1 1
-1122.6 -9549.5 -268.0 124 0 4.1 8.0 10.5 3.5 4 1 3 1 1
-5244.9 1143.6 -257.7 250 0 34.7 21.9 14.0 0.0 0 0 4 1 1
-4609.5 -6584.0 -335.0 68 0 10.4 10.0 5.0 0.0 0 0 2 1 1
-6584.8 -1603.1 -334.4 169 0 26.1 25.6 7.5 0.0 0 0 3 0 0
-3338.8 -6855.8 -305.3 336 0 12.1 18.7 2.5 2.5 2 1 1 3 3
-3306.3 -7398.6 -316.5 257 0 9.6 8.9 2.5 2.5 2 0 1 0 0
-2838.0 -7319.8 -291.9 345 0 22.3 18.4 10.0 0.0 0 0 4 2 2
-3596.1 -6960.5 -317.6 336 0 14.9 25.0 12.5 2.5 2 1 5 3 3
-2938.0 -7317.4 -298.3 258 0 13.4 16.0 2.5 0.0 0 1 1 1 1
-3670.8 -6860.1 -312.9 60 0 18.6 22.1 10.0 2.5 4 1 4 5 5
-2995.3 -6803.8 -294.7 333 0 8.9 15.5 5.0 2.5 4 1 2 5 5
-3488.2 -7131.3 -316.9 294 0 20.7 24.3 7.5 2.5 2 1 3 1 1
-3364.2 -7138.1 -311.6 123 0 15.0 21.5 7.5 2.5 2 1 3 1 1
-3269.9 -6888.5 -304.6 78 0 7.9 10.0 7.5 2.5 2 1 3 0 0
-3537.9 -7290.0 -319.3 55 0 5.6 8.6 7.5 2.5 2 1 3 1 1
-3494.2 -6681.4 -297.6 175 0 5.4 8.6 7.5 2.5 2 1 3 3 3
-3468.4 -6849.1 -307.0 252 0 19.4 18.2 12.5 2.5 2 0 5 4 4
-3336.1 -6978.9 -310.6 330 0 11.0 11.1 2.5 2.5 2 1 1 3 3
-2727.1 -7080.5 -273.7 181 0 23.0 10.5 5.0 2.5 2 0 2 5 5
-3152.7 -6780.6 -296.0 89 0 14.2 18.8 12.5 2.5 2 1 5 2 2
-2847.3 -7349.6 -291.7 66 0 17.4 11.2 7.5 2.5 2 0 3 3 3
-2917.3 -7359.0 -296.0 173 0 14.6 12.2 5.0 0.0 0 0 2 1 1
-3136.2 -6805.0 -296.9 167 0 7.9 8.1 7.5 2.5 2 0 3 3 3
-3500.2 -6728.6 -300.7 164 0 19.7 18.7 10.0 2.5 2 0 4 3 3
-3559.1 -6945.9 -314.6 100 0 20.0 22.4 12.5 2.5 4 1 5 0 0
-2718.7 -7043.2 -270.9 295 0 7.2 14.9 2.5 2.5 2 1 1 4 4
-3095.5 -6638.1 -288.8 3 0 10.6 29.1 10.0 2.5 2 1 4 5 5
-3424.7 -6708.2 -296.1 325 0 8.9 6.7 5.0 2.5 2 0 2 3 3
-3437.2 -7232.3 -315.3 53 0 15.7 11.7 5.0 2.5 2 0 2 5 5
-3492.5 -6888.4 -310.2 358 0 24.4 19.3 12.5 2.5 2 0 5 2 2
-2736.1 -7108.4 -278.9 195 0 19.6 13.8 12.5 2.5 2 0 5 3 3
-2700.8 -7049.8 -271.3 301 0 11.8 19.5 5.0 2.5 4 1 2 4 4
-3162.4 -6747.3 -294.8 255 0 8.0 6.9 5.0 2.5 2 0 2 5 5
-3016.4 -7306.9 -302.7 161 0 17.4 11.8 7.5 2.5 2 0 3 4 4
-3463.0 -7262.1 -316.8 62 0 15.0 15.1 5.0 2.5 2 1 2 4 4
-3279.6 -7392.6 -315.8 324 0 14.3 12.4 5.0 2.5 2 0 2 4 4
-3541.9 -6966.3 -316.0 244 0 16.6 23.4 10.0 2.5 2 1 4 4 4
-3646.8 -6986.6 -319.0 64 0 8.0 12.1 2.5 2.5 2 1 1 5 5
-3618.4 -6938.2 -315.8 247 0 14.4 11.4 7.5 2.5 2 0 3 5 5
-3147.8 -6799.5 -297.1 194 0 12.6 12.3 5.0 0.0 0 0 2 0 0
-3035.0 -6782.7 -294.4 275 0 8.1 8.9 7.5 2.5 2 1 3 4 4
-3483.3 -7211.6 -315.8 148 0 28.5 11.1 10.0 2.5 2 0 4 0 0
-3541.5 -6862.9 -309.0 257 0 16.6 19.0 7.5 2.5 2 1 3 3 3
-3139.9 -7246.3 -308.3 345 0 10.0 13.5 2.5 2.5 2 1 1 3 3
-3631.6 -7153.4 -320.3 157 0 4.3 7.3 5.0 2.5 2 1 2 0 0
-3695.2 -7335.5 -324.7 78 0 13.8 19.0 5.0 0.0 0 1 2 1 1
-3127.2 -6741.4 -294.4 245 0 13.9 23.1 7.5 2.5 4 1 3 4 4
-3553.8 -7229.9 -318.4 241 0 5.2 6.4 7.5 2.5 2 1 3 4 4
-3121.1 -6675.8 -291.3 356 0 14.1 8.6 2.5 2.5 2 0 1 3 3
4225.8 5717.4 177.6 28 0 8.0 8.7 5.0 2.5 2 1 2 5 5
4205.3 5737.5 180.6 170 0 8.1 15.9 7.5 2.5 2 1 3 0 0
-456.4 4311.6 168.0 350 0 7.3 9.4 2.5 2.5 2 1 1 4 4
-410.0 4350.2 169.2 66 0 9.2 12.1 5.0 2.5 2 1 2 3 3
-448.5 4325.7 169.3 2 0 6.2 11.3 7.5 2.5 2 0 3 4 4
-385.9 4368.8 169.5 62 0 5.0 8.8 5.0 2.5 2 0 2 5 5
-444.8 4479.9 177.1 299 0 8.3 7.2 5.0 2.5 2 0 2 0 0
-464.9 4323.4 169.6 273 0 9.9 6.1 7.5 2.5 2 0 3 1 1
-426.1 4249.9 156.0 86 0 9.6 14.9 7.5 2.5 2 1 3 2 2
-379.9 4358.7 167.3 82 0 14.0 7.9 7.5 2.5 2 0 3 3 3
-442.1 4143.2 129.1 97 0 17.2 14.7 10.0 2.5 2 0 4 3 3
-88.6 4227.2 114.2 11 0 14.8 13.6 5.0 2.5 2 0 2 2 2
-517.8 4315.4 169.2 11 0 7.2 7.9 5.0 2.5 2 1 2 2 2
-429.8 4237.8 151.2 275 0 8.4 8.5 7.5 2.5 2 1 3 3 3
-489.0 4391.5 181.8 323 0 3.5 10.0 5.0 2.5 2 1 2 1 1
-347.1 4313.1 156.7 16 0 6.7 10.6 7.5 2.5 2 1 3 3 3
-559.2 4284.9 159.6 182 0 11.6 10.0 5.0 2.5 2 0 2 2 2
-520.9 4328.3 172.9 73 0 6.4 6.8 7.5 2.5 4 1 3 4 4
-341.6 4328.3 157.2 20 0 10.5 14.7 5.0 0.0 0 1 2 0 0
-521.1 4301.0 164.2 263 0 4.9 7.7 7.5 2.5 2 1 3 5 5
-430.4 4336.9 168.4 242 0 10.4 5.8 7.5 2.5 2 0 3 4 4
-336.5 4386.8 158.7 340 0 10.8 9.4 7.5 2.5 2 0 3 1 1
-579.4 4240.7 146.7 265 0 5.3 13.8 7.5 2.5 2 1 3 3 3
-473.7 4335.1 172.8 353 0 7.2 7.2 7.5 2.5 2 1 3 5 5
-735.1 4260.9 152.5 254 0 20.4 12.2 7.5 0.0 0 0 3 3 3
-574.7 4285.9 159.8 41 0 11.5 20.3 7.5 2.5 2 1 3 0 0
-374.0 4305.9 161.0 44 0 6.9 8.5 2.5 2.5 2 1 1 5 5
-410.8 4414.1 173.6 264 0 4.4 9.7 7.5 2.5 4 1 3 4 4
-542.3 4325.4 172.0 91 0 9.0 6.5 7.5 2.5 4 0 3 0 0
-568.7 4346.3 175.9 172 0 6.3 12.8 5.0 2.5 2 1 2 1 1
-438.4 4281.3 162.2 357 0 10.0 7.1 7.5 2.5 2 0 3 4 4
-434.6 4342.1 169.9 159 0 3.3 9.7 7.5 2.5 2 1 3 5 5
-446.3 4385.7 176.1 229 0 11.5 7.3 5.0 2.5 2 0 2 4 4
-366.3 4274.5 155.9 50 0 11.6 10.6 2.5 2.5 2 0 1 1 1
-450.9 4397.0 177.8 225 0 10.3 8.9 5.0 2.5 2 0 2 3 3
-496.5 4334.3 173.7 65 0 10.8 5.2 5.0 2.5 2 0 2 3 3
-505.4 4112.9 122.8 59 0 18.1 15.4 12.5 2.5 2 0 5 2 2
-69.4 4109.6 91.4 114 0 15.2 10.3 5.0 2.5 2 0 2 3 3
-382.5 4461.9 163.1 321 0 6.0 7.2 2.5 2.5 2 0 1 0 0
-525.6 4348.2 176.8 87 0 5.6 5.9 2.5 2.5 2 1 1 1 1
-539.9 4273.0 158.4 86 0 5.8 9.4 7.5 0.0 0 1 3 3 3
-504.2 4315.2 167.7 267 0 9.6 9.9 7.5 2.5 4 1 3 4 4
-448.9 4411.6 179.1 78 0 10.5 9.1 2.5 2.5 4 0 1 5 5
-415.0 4341.9 167.4 242 0 13.0 7.7 5.0 2.5 2 0 2 1 1
-425.7 4400.6 175.6 254 0 11.0 6.0 5.0 0.0 0 0 2 3 3
-431.1 4445.1 175.6 61 0 10.2 9.9 7.5 2.5 4 0 3 0 0
-444.6 4219.7 145.7 262 0 10.2 11.4 2.5 2.5 2 1 1 2 2
-543.9 4229.3 147.5 253 0 6.4 5.6 5.0 2.5 2 0 2 2 2
-863.1 4248.6 158.8 250 0 19.4 13.3 7.5 2.5 2 0 3 5 5
-478.7 4396.3 181.7 65 0 6.6 5.5 5.0 2.5 2 0 2 5 5
-522.9 4251.5 152.3 263 0 11.8 9.1 2.5 2.5 2 0 1 5 5
-395.2 4320.5 163.0 222 0 4.1 10.3 7.5 0.0 0 1 3 1 1
-449.2 4369.9 174.6 250 0 6.3 5.6 7.5 2.5 2 0 3 5 5
-541.9 4293.4 161.4 267 0 6.1 9.0 2.5 2.5 2 1 1 5 5
-429.6 4330.5 167.3 224 0 7.7 7.4 5.0 2.5 2 0 2 0 0
-442.3 4397.7 177.5 232 0 9.4 6.7 7.5 2.5 2 0 3 0 0
-544.7 4332.5 173.6 85 0 9.4 8.7 2.5 2.5 4 0 1 0 0
-496.2 4376.6 180.4 348 0 5.9 8.8 5.0 2.5 2 1 2 5 5
-425.3 4286.0 161.7 285 0 8.5 8.9 5.0 2.5 2 1 2 3 3
-398.3 4340.5 166.4 241 0 7.7 4.9 7.5 2.5 2 0 3 5 5
-560.5 4221.4 143.7 261 0 10.2 11.4 2.5 2.5 2 1 1 2 2
-487.9 4334.4 174.0 67 0 5.7 6.3 7.5 2.5 2 0 3 0 0
-623.0 4293.3 158.7 335 0 8.3 14.8 2.5 2.5 2 1 1 4 4
-375.6 4282.7 158.5 50 0 9.8 10.0 5.0 2.5 2 1 2 5 5
-463.7 4391.9 179.8 53 0 6.5 10.5 7.5 2.5 2 1 3 3 3
-481.8 4285.2 163.2 89 0 17.5 12.4 7.5 2.5 2 0 3 5 5
-481.5 4331.6 172.8 350 0 6.3 8.6 7.5 2.5 2 0 3 4 4
-412.7 4291.4 161.6 130 0 14.5 10.1 10.0 2.5 2 0 4 4 4
-463.2 4238.9 150.1 261 0 14.8 10.2 10.0 2.5 2 0 4 1 1
-386.7 4468.1 163.6 328 0 10.2 12.0 5.0 0.0 0 1 2 3 3
-492.5 4316.2 168.2 271 0 11.9 10.1 2.5 2.5 2 0 1 4 4
-513.0 4305.7 165.5 288 0 5.8 8.4 2.5 2.5 2 1 1 3 3
-570.2 4211.4 142.3 257 0 6.3 6.7 2.5 2.5 2 0 1 0 0
-422.5 4224.2 146.5 273 0 14.7 14.8 10.0 2.5 2 1 4 1 1
-383.1 4352.6 166.1 264 0 12.4 6.0 7.5 2.5 2 0 3 2 2
-374.3 4456.2 161.0 319 0 13.9 9.7 5.0 2.5 2 0 2 4 4
-353.3 4305.0 157.1 24 0 6.9 8.7 7.5 2.5 2 1 3 5 5
-548.2 4262.0 155.5 89 0 10.2 10.3 5.0 2.5 2 1 2 1 1
-387.7 4295.6 160.3 133 0 10.5 11.5 5.0 2.5 2 1 2 1 1
-415.8 4251.2 156.5 86 0 9.1 8.6 5.0 2.5 4 0 2 1 1
-407.3 4399.3 173.1 270 0 8.4 15.7 2.5 2.5 2 1 1 1 1
-505.2 4347.3 176.6 87 0 12.4 12.9 7.5 2.5 2 1 3 5 5
-404.6 4346.8 167.4 242 0 9.8 6.1 2.5 2.5 2 0 1 0 0
-586.9 4241.6 147.9 256 0 9.1 6.5 2.5 2.5 2 0 1 3 3
-672.9 4279.7 155.7 254 0 13.2 6.8 5.0 2.5 2 0 2 2 2
6505.3 -944.2 -118.9 56 0 13.5 15.2 7.5 2.5 2 1 3 2 2
4101.7 -10838.7 -289.6 354 0 14.2 17.5 5.0 0.0 0 1 2 5 5
4622.9 -10764.9 -294.6 125 0 9.4 5.0 5.0 2.5 2 0 2 3 3
4875.9 -10664.5 -287.7 0 0 8.9 6.8 7.5 2.5 2 0 3 2 2
4094.7 -10766.9 -289.5 357 0 17.8 14.1 10.0 2.5 2 0 4 5 5
4771.4 -10540.9 -289.6 267 0 14.8 7.8 2.5 2.5 2 0 1 1 1
4229.2 -10853.9 -291.7 351 0 17.6 15.8 10.0 2.5 2 0 4 0 0
4755.5 -10536.9 -289.4 270 0 6.8 6.6 5.0 2.5 2 0 2 1 1
4565.7 -10768.8 -293.0 34 0 17.8 8.2 7.5 0.0 0 0 3 1 1
4323.5 -10777.5 -288.3 141 0 9.3 10.8 2.5 2.5 2 1 1 0 0
4827.5 -10789.5 -290.3 354 0 13.2 16.2 7.5 2.5 2 1 3 4 4
4096.6 -10787.5 -290.1 0 0 15.6 17.6 10.0 2.5 2 0 4 2 2
4097.6 -10820.5 -290.5 353 0 14.7 19.6 12.5 2.5 2 0 5 0 0
4871.2 -10675.5 -287.8 2 0 7.5 11.1 7.5 2.5 2 1 3 3 3
4112.8 -10746.9 -288.4 173 0 12.3 16.7 5.0 2.5 2 1 2 3 3
4358.0 -10807.0 -290.7 60 0 9.1 9.4 5.0 2.5 2 1 2 3 3
4265.6 -10770.8 -288.3 75 0 12.5 12.9 7.5 2.5 2 1 3 4 4
4571.4 -10784.1 -293.6 32 0 7.6 10.4 2.5 2.5 2 1 1 0 0
4125.6 -10865.9 -289.4 265 0 13.2 16.0 5.0 2.5 4 1 2 4 4
4539.6 -10552.4 -287.2 345 0 9.2 12.1 7.5 2.5 2 1 3 3 3
4172.8 -10763.5 -289.7 273 0 17.2 13.4 5.0 2.5 2 0 2 1 1
-5024.3 -5136.7 -324.2 89 0 12.8 17.4 2.5 2.5 2 1 1 1 1
-5372.1 -5051.5 -323.6 130 0 7.3 10.6 7.5 2.5 2 1 3 4 4
-5116.9 -5149.0 -326.4 89 0 12.8 17.4 10.0 2.5 2 1 4 5 5
-5183.9 -4767.2 -310.2 179 0 17.4 12.8 2.5 2.5 2 0 1 3 3
-4763.0 -4664.5 -274.2 184 0 7.5 10.6 7.5 2.5 2 1 3 3 3
-4902.7 -4842.9 -308.3 82 0 13.3 10.2 2.5 2.5 2 0 1 3 3
-5104.6 -4761.6 -311.0 179 0 17.4 12.8 7.5 2.5 2 0 3 3 3
-5538.0 -5021.3 -330.3 144 0 8.4 14.0 2.5 2.5 2 1 1 0 0
-5521.9 -5042.2 -330.7 144 0 8.4 14.0 7.5 2.5 2 1 3 4 4
-5423.6 -5176.9 -333.5 264 0 19.9 17.5 12.5 2.5 2 0 5 4 4
-5278.3 -5123.7 -329.1 132 0 11.5 26.2 10.0 2.5 2 1 4 0 0
-4903.6 -5121.2 -319.0 257 0 13.2 11.3 5.0 2.5 2 0 2 1 1
-5401.6 -4911.2 -316.1 220 0 10.6 7.3 7.5 2.5 2 0 3 4 4
-5588.5 -4814.7 -327.9 234 0 14.0 8.4 7.5 2.5 2 0 3 2 2
-5188.6 -5182.4 -331.8 35 0 23.5 16.0 10.0 2.5 2 0 4 4 4
-4902.4 -5160.2 -319.7 167 0 11.3 13.2 10.0 2.5 2 1 4 5 5
-4835.8 -4877.4 -305.5 135 0 19.2 23.8 10.0 2.5 2 1 4 4 4
-4891.3 -4513.2 -291.5 95 0 6.5 12.5 7.5 2.5 2 0 3 1 1
-5297.0 -4993.1 -321.5 354 0 17.5 19.9 10.0 2.5 2 1 4 0 0
-5531.4 -4967.3 -327.9 324 0 8.4 14.0 5.0 2.5 2 1 2 1 1
-4799.6 -4914.9 -304.3 135 0 19.2 23.8 12.5 2.5 4 1 5 1 1
-4967.4 -5095.1 -321.1 149 0 19.1 19.6 10.0 2.5 2 1 4 0 0
-5084.3 -5151.3 -326.6 359 0 17.4 12.8 7.5 2.5 2 0 3 5 5
-5589.5 -4637.3 -326.2 324 0 8.4 14.0 2.5 2.5 2 1 1 2 2
-4848.9 -4909.9 -307.3 161 0 34.0 13.8 10.0 2.5 2 0 4 0 0
-5480.8 -4768.7 -319.2 144 0 8.4 14.0 2.5 2.5 2 1 1 1 1
-5669.8 -4599.5 -326.4 324 0 8.4 14.0 7.5 2.5 2 1 3 0 0
-5167.0 -5113.8 -325.6 26 0 11.5 13.6 5.0 2.5 2 0 2 5 5
-5107.4 -4783.6 -311.4 179 0 17.4 12.8 7.5 2.5 2 0 3 4 4
-5093.6 -5071.9 -323.0 269 0 12.8 17.4 2.5 2.5 4 1 1 4 4
-5343.1 -4891.8 -315.4 310 0 7.3 10.6 7.5 2.5 2 1 3 2 2
-5500.8 -5129.5 -333.7 300 0 14.0 23.7 12.5 2.5 2 1 5 2 2
-5143.3 -4938.8 -316.9 179 0 17.4 12.8 7.5 2.5 2 0 3 0 0
-4790.4 -4674.7 -282.2 274 0 10.6 7.5 5.0 2.5 2 0 2 0 0
-4689.8 -4461.4 -273.7 275 0 8.0 20.4 7.5 2.5 2 0 3 0 0
-5646.6 -4612.4 -326.4 144 0 8.4 14.0 2.5 2.5 2 1 1 3 3
-4801.1 -5017.8 -308.0 181 0 12.1 9.1 7.5 0.0 0 0 3 1 1
-5405.5 -4975.1 -321.0 130 0 7.3 10.6 7.5 2.5 2 1 3 1 1
-5628.3 -4748.2 -329.5 324 0 8.4 14.0 5.0 2.5 2 1 2 5 5
-5126.7 -5088.4 -323.8 179 0 17.4 12.8 5.0 2.5 2 0 2 2 2
-5402.8 -4928.6 -317.6 220 0 10.6 7.3 5.0 2.5 2 0 2 4 4
-5094.3 -5050.5 -322.0 269 0 12.8 17.4 5.0 2.5 2 1 2 5 5
-5340.5 -4671.7 -307.2 188 0 10.0 9.2 7.5 2.5 2 0 3 5 5
-5425.0 -4906.0 -316.4 220 0 10.6 7.3 5.0 2.5 2 0 2 5 5
-5388.7 -4784.4 -311.0 324 0 8.4 14.0 2.5 2.5 2 1 1 4 4
-4949.1 -4786.9 -309.3 253 0 18.8 24.5 7.5 2.5 2 1 3 4 4
-4878.2 -5178.7 -319.3 256 0 13.0 8.9 5.0 2.5 2 0 2 4 4
-5492.3 -4713.1 -320.5 54 0 14.0 8.4 5.0 2.5 4 0 2 1 1
-5538.7 -4897.5 -325.8 144 0 8.4 14.0 5.0 2.5 2 1 2 3 3
-5600.2 -4761.4 -328.1 324 0 8.4 14.0 2.5 0.0 0 1 1 5 5
-5555.2 -4691.7 -324.6 324 0 8.4 14.0 7.5 2.5 2 1 3 4 4
-5291.5 -4786.3 -308.6 188 0 25.9 10.8 15.0 0.0 0 0 6 2 2
-5250.9 -5065.4 -324.4 89 0 15.8 23.9 10.0 2.5 2 1 4 0 0
-5243.6 -4723.0 -306.3 36 0 16.8 17.9 10.0 2.5 2 1 4 0 0
-5468.8 -4551.0 -311.8 55 0 14.1 11.5 7.5 2.5 4 0 3 2 2
-5127.0 -5108.1 -324.8 179 0 17.4 12.8 2.5 2.5 2 0 1 2 2
-5014.3 -4517.2 -301.5 329 0 6.8 7.3 7.5 2.5 2 1 3 2 2
-5577.0 -4775.2 -326.2 144 0 8.4 14.0 7.5 2.5 2 1 3 3 3
-4830.8 -4791.3 -298.7 225 0 23.8 19.2 12.5 2.5 2 0 5 0 0
-5449.7 -4828.9 -316.5 324 0 8.4 14.0 5.0 2.5 2 1 2 3 3
-5377.8 -4745.3 -311.4 178 0 10.8 9.0 2.5 2.5 2 0 1 4 4
-4933.0 -4844.0 -309.7 79 0 18.7 26.7 7.5 2.5 4 1 3 0 0
-4935.8 -5183.1 -322.8 167 0 11.3 13.2 5.0 2.5 2 1 2 2 2
-5343.4 -5035.1 -323.0 130 0 7.3 10.6 2.5 0.0 0 1 1 3 3
-5672.7 -4792.8 -332.3 144 0 8.4 14.0 5.0 2.5 2 1 2 1 1
-4696.6 -4464.0 -274.1 275 0 5.1 17.2 7.5 2.5 2 0 3 0 0
-5285.9 -5083.8 -326.8 196 0 20.5 19.3 7.5 2.5 4 0 3 5 5
-4840.2 -4519.5 -285.3 4 0 7.5 10.6 7.5 0.0 0 1 3 2 2
-5578.3 -4786.7 -327.4 324 0 8.4 14.0 5.0 2.5 2 1 2 2 2
-5215.0 -5174.4 -331.2 110 0 16.7 26.0 12.5 2.5 2 1 5 4 4
-5056.5 -5040.7 -320.4 179 0 17.4 12.8 7.5 2.5 2 0 3 3 3
-5380.6 -5124.0 -329.9 354 0 17.5 19.9 10.0 2.5 4 1 4 4 4
-4812.4 -4499.7 -282.6 94 0 10.6 7.5 2.5 2.5 2 0 1 1 1
-4797.2 -4822.3 -301.9 315 0 19.2 23.8 12.5 2.5 2 1 5 5 5
-5376.4 -4861.5 -312.1 220 0 10.6 7.3 5.0 2.5 2 0 2 1 1
-5296.5 -5017.1 -322.9 354 0 17.5 19.9 10.0 2.5 2 1 4 4 4
-5131.4 -5156.1 -327.0 89 0 12.8 17.4 5.0 0.0 0 1 2 0 0
-4820.5 -4542.3 -279.6 184 0 7.5 10.6 5.0 2.5 2 1 2 0 0
-5370.8 -4716.8 -310.4 213 0 7.0 10.9 2.5 2.5 2 1 1 4 4
-5438.8 -4810.4 -314.6 144 0 8.4 14.0 5.0 2.5 2 1 2 5 5
-4790.0 -4595.3 -277.5 4 0 7.5 10.6 5.0 2.5 2 1 2 5 5
-5453.3 -4696.9 -317.9 54 0 14.0 8.4 7.5 2.5 2 0 3 4 4
-5315.1 -4877.1 -314.6 310 0 7.3 10.6 5.0 2.5 2 1 2 0 0
-5364.7 -5041.2 -323.1 130 0 7.3 10.6 5.0 2.5 2 1 2 3 3
-5400.1 -5005.6 -322.3 130 0 7.3 10.6 7.5 2.5 2 1 3 5 5
-5329.1 -4937.8 -319.1 310 0 7.3 10.6 7.5 2.5 2 1 3 5 5
-5427.9 -4735.4 -314.7 234 0 14.0 8.4 7.5 2.5 2 0 3 4 4
-5420.0 -4698.5 -314.4 234 0 14.0 8.4 7.5 2.5 2 0 3 5 5
-5595.0 -4960.8 -330.3 144 0 8.4 14.0 2.5 2.5 2 1 1 2 2
-5312.9 -4681.4 -306.1 357 0 10.6 9.6 5.0 2.5 2 0 2 3 3
-5622.8 -4812.0 -330.3 54 0 14.0 8.4 7.5 2.5 2 0 3 4 4
-5489.6 -5020.4 -328.3 324 0 8.4 14.0 5.0 2.5 2 1 2 2 2
-5189.1 -4825.9 -313.8 266 0 23.6 26.3 12.5 0.0 0 1 5 2 2
-5493.2 -5072.7 -329.5 174 0 17.5 19.9 12.5 2.5 2 1 5 4 4
-5658.1 -4735.8 -330.8 234 0 14.0 8.4 5.0 2.5 2 0 2 4 4
-5298.4 -4954.2 -319.9 354 0 13.7 26.6 10.0 2.5 2 1 4 4 4
-5391.4 -4900.9 -315.3 220 0 10.6 7.3 2.5 2.5 4 0 1 2 2
-5347.3 -4974.9 -321.3 310 0 7.3 10.6 5.0 2.5 2 1 2 1 1
-5425.9 -4897.6 -316.0 220 0 10.6 7.3 2.5 2.5 2 0 1 4 4
-5150.1 -4763.8 -310.6 359 0 17.4 12.8 7.5 2.5 2 0 3 4 4
-4758.1 -4658.0 -272.4 184 0 7.5 10.6 2.5 2.5 2 1 1 3 3
-5476.5 -5148.6 -332.7 288 0 5.1 6.9 5.0 2.5 2 0 2 4 4
-5445.3 -4888.4 -316.7 220 0 10.6 7.3 7.5 2.5 2 0 3 5 5
-5362.6 -5064.5 -324.7 130 0 7.3 10.6 5.0 2.5 2 1 2 5 5
-4872.7 -4730.2 -300.6 342 0 17.0 16.8 7.5 2.5 2 0 3 3 3
-5305.7 -4662.9 -305.6 0 0 12.9 16.3 10.0 2.5 2 1 4 3 3
-5394.5 -5011.9 -322.4 130 0 7.3 10.6 7.5 2.5 2 1 3 1 1
-5390.8 -4755.5 -312.6 324 0 8.4 14.0 7.5 2.5 2 1 3 4 4
-4823.7 -5186.9 -317.3 356 0 13.6 18.4 17.5 0.0 0 1 7 1 1
-5081.7 -5171.6 -327.0 89 0 12.8 17.4 2.5 2.5 4 1 1 5 5
-5298.1 -4752.9 -306.9 183 0 12.4 17.0 5.0 2.5 2 1 2 2 2
-4686.9 -4408.0 -272.0 231 0 7.5 26.8 5.0 2.5 2 1 2 1 1
-5672.1 -4742.6 -331.7 234 0 14.0 8.4 7.5 2.5 2 0 3 0 0
-5273.9 -4986.9 -321.1 163 0 14.2 25.5 12.5 2.5 2 1 5 0 0
-5294.1 -4912.6 -317.6 354 0 13.7 26.6 10.0 2.5 2 1 4 0 0
-4770.7 -4563.4 -271.1 184 0 7.5 10.6 7.5 2.5 2 1 3 3 3
-5630.0 -4920.5 -330.8 144 0 8.4 14.0 5.0 2.5 2 1 2 5 5
-5544.1 -4767.9 -324.6 54 0 14.0 8.4 5.0 2.5 2 0 2 0 0
-5250.6 -4835.9 -313.2 171 0 20.5 18.4 10.0 0.0 0 0 4 5 5
-5477.4 -4919.3 -320.7 234 0 14.0 8.4 2.5 2.5 4 0 1 1 1
-4846.9 -4849.9 -305.5 225 0 23.8 19.2 10.0 2.5 2 0 4 4 4
-4831.9 -4599.5 -282.8 184 0 7.5 10.6 2.5 2.5 2 1 1 3 3
-5098.9 -4853.1 -312.4 179 0 17.4 12.8 5.0 2.5 2 0 2 3 3
-5449.7 -5129.1 -331.0 84 0 19.9 17.5 17.5 0.0 0 0 7 0 0
-5419.5 -5012.8 -322.6 130 0 7.3 10.6 7.5 2.5 2 1 3 2 2
-5319.3 -5062.3 -325.1 84 0 15.4 17.5 10.0 2.5 2 0 4 2 2
-5464.2 -5143.5 -332.2 309 0 8.1 10.8 2.5 2.5 2 0 1 4 4
-5571.1 -4589.8 -324.0 61 0 33.0 27.3 10.0 0.0 0 0 4 5 5
-5385.6 -4995.7 -322.0 144 0 8.4 14.0 5.0 2.5 4 1 2 1 1
-5568.0 -4940.8 -328.7 324 0 8.4 14.0 2.5 2.5 2 1 1 0 0
-5432.5 -5137.1 -330.7 84 0 19.9 17.5 10.0 2.5 2 0 4 5 5
-5531.7 -5051.3 -332.0 144 0 8.4 14.0 2.5 2.5 2 1 1 1 1
-5448.7 -4734.2 -316.5 234 0 14.0 8.4 5.0 0.0 0 0 2 5 5
-5429.6 -5057.9 -327.3 354 0 17.5 19.9 17.5 0.0 0 1 7 2 2
-4782.3 -4565.7 -274.5 4 0 7.5 10.6 5.0 2.5 2 1 2 2 2
-5401.9 -4921.0 -316.9 220 0 10.6 7.3 2.5 2.5 2 0 1 0 0
-5532.4 -4719.2 -322.5 144 0 8.4 14.0 2.5 2.5 2 1 1 2 2
-5478.0 -5130.4 -331.9 242 0 3.2 10.5 7.5 2.5 2 0 3 2 2
-5624.4 -4722.7 -328.4 144 0 8.4 14.0 7.5 2.5 4 1 3 4 4
-5105.9 -4820.2 -312.0 179 0 17.4 12.8 2.5 2.5 2 0 1 4 4
-5086.6 -5128.1 -325.4 359 0 17.4 12.8 5.0 2.5 2 0 2 2 2
-5480.7 -4872.3 -320.9 324 0 8.4 14.0 7.5 2.5 2 1 3 0 0
-5447.5 -4995.3 -322.9 174 0 17.5 19.9 10.0 2.5 2 1 4 0 0
-5611.7 -4599.3 -325.5 322 0 6.5 13.2 2.5 2.5 2 0 1 5 5
-4826.4 -4683.4 -289.6 274 0 10.6 7.5 5.0 2.5 4 0 2 2 2
-5532.1 -4824.7 -324.8 324 0 8.4 14.0 2.5 2.5 4 1 1 2 2
-5583.2 -4782.3 -327.6 324 0 8.4 14.0 7.5 2.5 2 1 3 3 3
-4787.5 -4580.3 -276.2 4 0 7.5 10.6 5.0 2.5 2 1 2 5 5
-4726.7 -4915.2 -301.3 315 0 19.2 23.8 10.0 2.5 2 1 4 4 4
-4756.8 -4733.1 -289.2 310 0 24.6 18.1 15.0 0.0 0 0 6 4 4
-5358.3 -4693.7 -308.8 182 0 7.0 16.2 5.0 2.5 2 1 2 0 0
-5029.2 -5180.8 -326.9 359 0 17.4 12.8 10.0 2.5 2 0 4 1 1
-5343.3 -4829.6 -309.2 107 0 8.3 16.2 7.5 0.0 0 1 3 1 1
-4839.3 -4533.8 -284.5 4 0 7.5 10.6 2.5 2.5 2 1 1 2 2
-5124.9 -4731.9 -309.1 359 0 17.4 12.8 7.5 2.5 2 0 3 2 2
-4771.9 -4622.8 -274.0 184 0 7.5 10.6 2.5 2.5 2 1 1 5 5
-5609.9 -4943.4 -329.7 144 0 8.4 14.0 5.0 2.5 2 1 2 3 3
-5543.1 -4831.3 -325.8 324 0 8.4 14.0 7.5 2.5 2 1 3 3 3
-5499.3 -4814.2 -320.6 144 0 8.4 14.0 2.5 2.5 2 1 1 0 0
-5404.4 -5129.1 -329.7 84 0 19.9 17.5 12.5 2.5 2 0 5 5 5
-5663.5 -4933.8 -333.0 324 0 8.4 14.0 2.5 2.5 2 1 1 1 1
-5620.3 -4949.7 -331.7 324 0 8.4 14.0 7.5 2.5 4 1 3 3 3
-4896.2 -4704.1 -301.4 338 0 14.9 15.6 7.5 2.5 2 1 3 1 1
-5275.6 -4897.9 -316.8 192 0 18.4 13.6 10.0 0.0 0 0 4 5 5
-5347.8 -4839.5 -310.7 310 0 7.3 10.6 2.5 2.5 2 1 1 3 3
-5077.2 -5040.9 -321.2 269 0 12.8 17.4 5.0 2.5 4 1 2 4 4
-5342.9 -4780.3 -310.7 42 0 11.3 18.0 5.0 2.5 2 1 2 2 2
-5610.9 -4661.5 -327.0 144 0 8.4 14.0 5.0 2.5 2 1 2 3 3
-4783.6 -4840.4 -302.6 315 0 19.2 23.8 10.0 2.5 2 1 4 3 3
-5557.3 -4948.8 -328.8 324 0 8.4 14.0 7.5 2.5 2 1 3 5 5
-4731.8 -4888.0 -300.8 315 0 19.2 23.8 10.0 2.5 2 1 4 0 0
-5467.4 -5025.3 -327.3 324 0 8.4 14.0 5.0 2.5 4 1 2 4 4
-5273.2 -5008.5 -322.4 171 0 18.5 30.1 10.0 2.5 2 0 4 2 2
-5216.3 -4815.6 -313.7 267 0 30.0 26.3 10.0 0.0 0 0 4 4 4
-5407.6 -4662.2 -313.2 49 0 16.7 24.8 10.0 2.5 2 1 4 5 5
-5351.6 -4793.5 -310.5 47 0 10.3 20.4 5.0 2.5 2 1 2 5 5
-5311.8 -5081.2 -326.7 20 0 15.0 16.9 15.0 0.0 0 1 6 2 2
-5069.8 -5129.5 -325.3 359 0 17.4 12.8 7.5 2.5 2 0 3 4 4
-5444.6 -5154.9 -332.6 264 0 19.9 17.5 10.0 2.5 2 0 4 4 4
-5640.5 -4621.4 -326.6 144 0 8.4 14.0 5.0 2.5 2 1 2 0 0
-5371.3 -4920.3 -317.4 220 0 10.6 7.3 5.0 2.5 2 0 2 1 1
-5331.5 -4926.8 -318.5 310 0 7.3 10.6 7.5 2.5 2 1 3 4 4
-5053.7 -4490.2 -301.2 242 0 9.3 10.4 7.5 2.5 2 1 3 5 5
-5140.8 -4784.4 -312.0 359 0 17.4 12.8 5.0 2.5 2 0 2 2 2
-4764.2 -4648.8 -273.2 184 0 7.5 10.6 5.0 2.5 2 1 2 2 2
-5636.6 -4823.3 -330.9 144 0 8.4 14.0 5.0 2.5 2 1 2 0 0
-5547.5 -4732.5 -324.3 324 0 8.4 14.0 5.0 2.5 2 1 2 1 1
-5331.0 -4958.7 -320.3 310 0 7.3 10.6 7.5 2.5 2 1 3 2 2
-5669.6 -4918.8 -333.3 324 0 8.4 14.0 7.5 2.5 2 1 3 0 0
-5410.0 -4745.4 -313.6 324 0 8.4 14.0 5.0 2.5 2 1 2 2 2
-5655.5 -4714.0 -330.3 54 0 14.0 8.4 2.5 2.5 2 0 1 3 3
-5486.5 -4737.2 -320.2 234 0 14.0 8.4 2.5 2.5 2 0 1 5 5
-5316.6 -4813.8 -309.0 20 0 15.0 6.8 2.5 2.5 2 0 1 4 4
-4919.7 -5127.6 -320.3 257 0 13.2 11.3 5.0 0.0 0 0 2 1 1
-5494.3 -4857.6 -321.6 324 0 8.4 14.0 7.5 2.5 2 1 3 4 4
-5292.8 -5050.7 -325.0 354 0 17.5 19.9 17.5 0.0 0 0 7 4 4
-4860.6 -4448.9 -286.7 261 0 18.7 8.8 7.5 2.5 2 0 3 3 3
-5334.1 -4682.9 -307.7 270 0 12.4 20.4 7.5 0.0 0 1 3 1 1
-5642.3 -4642.9 -328.2 324 0 8.4 14.0 7.5 2.5 2 1 3 4 4
-4884.8 -5059.6 -316.3 326 0 17.3 19.2 10.0 2.5 2 1 4 0 0
-5645.1 -4758.6 -330.6 324 0 8.4 14.0 2.5 2.5 2 1 1 2 2
-5571.8 -4715.4 -325.7 324 0 8.4 14.0 5.0 2.5 2 1 2 5 5
-5177.4 -4956.4 -318.1 89 0 12.8 17.4 5.0 2.5 2 1 2 2 2
-5562.0 -4710.0 -325.1 324 0 8.4 14.0 5.0 2.5 2 1 2 5 5
-5068.4 -5154.2 -326.8 269 0 12.8 17.4 5.0 2.5 2 1 2 0 0
-5499.5 -4943.7 -322.9 144 0 8.4 14.0 7.5 2.5 2 1 3 2 2
-5660.7 -4688.7 -330.1 324 0 8.4 14.0 5.0 2.5 2 1 2 3 3
-5487.9 -4893.9 -321.5 54 0 14.0 8.4 5.0 2.5 2 0 2 0 0
-5336.2 -4627.6 -306.1 237 0 12.0 17.3 5.0 2.5 2 1 2 3 3
-4972.5 -5174.3 -324.9 64 0 15.5 16.9 10.0 2.5 2 1 4 1 1
-5604.0 -4777.6 -328.7 324 0 8.4 14.0 7.5 2.5 2 1 3 2 2
-5085.0 -5109.5 -324.5 359 0 17.4 12.8 5.0 2.5 2 0 2 3 3
-4880.2 -5146.3 -318.1 77 0 13.2 11.3 7.5 2.5 2 0 3 2 2
-5418.4 -4994.1 -322.1 130 0 7.3 10.6 7.5 2.5 2 1 3 1 1
-5583.4 -4821.0 -327.8 234 0 14.0 8.4 2.5 2.5 2 0 1 4 4
-5126.5 -5123.6 -325.6 179 0 17.4 12.8 2.5 2.5 4 0 1 2 2
-4711.7 -5042.9 -303.4 83 0 16.9 13.7 2.5 2.5 2 0 1 1 1
-5683.5 -4967.6 -334.7 144 0 8.4 14.0 2.5 2.5 2 1 1 0 0
-5496.9 -4508.9 -312.7 240 0 15.7 11.9 5.0 2.5 2 0 2 2 2
-4766.6 -4857.3 -302.0 315 0 19.2 23.8 12.5 2.5 2 1 5 0 0
-5478.9 -5128.9 -332.3 288 0 4.9 13.6 7.5 2.5 2 0 3 1 1
-5490.5 -4775.9 -321.0 324 0 8.4 14.0 5.0 2.5 2 1 2 0 0
-5394.2 -5029.4 -322.8 130 0 7.3 10.6 7.5 2.5 2 1 3 3 3
-4777.2 -4535.7 -275.0 4 0 7.5 10.6 7.5 2.5 4 1 3 4 4
-5137.2 -5078.8 -323.5 179 0 17.4 12.8 7.5 2.5 2 0 3 0 0
-4790.7 -4939.5 -304.5 135 0 19.2 23.8 12.5 2.5 2 1 5 3 3
-4997.9 -5169.6 -325.7 244 0 15.5 16.9 12.5 0.0 0 1 5 4 4
-5559.8 -4893.5 -327.5 144 0 8.4 14.0 5.0 2.5 2 1 2 1 1
-5420.1 -4792.1 -313.0 144 0 8.4 14.0 7.5 2.5 2 1 3 1 1
-5516.9 -4532.3 -313.3 146 0 13.0 17.5 5.0 2.5 2 1 2 2 2
-5386.5 -4857.2 -311.6 220 0 10.6 7.3 5.0 2.5 2 0 2 3 3
-5438.1 -5175.5 -333.7 264 0 19.9 17.5 15.0 0.0 0 0 6 5 5
-5644.8 -4923.7 -332.1 324 0 8.4 14.0 5.0 2.5 2 1 2 4 4
-4829.1 -4631.9 -282.7 184 0 7.5 10.6 2.5 2.5 2 1 1 2 2
-5069.1 -5062.4 -321.9 359 0 17.4 12.8 2.5 2.5 2 0 1 2 2
-5373.9 -5173.1 -331.7 144 0 8.4 14.0 2.5 2.5 4 1 1 1 1
-5296.4 -4841.3 -311.8 190 0 5.3 11.7 5.0 2.5 2 1 2 0 0
-5671.4 -4562.6 -322.9 57 0 12.1 15.4 5.0 2.5 2 1 2 4 4
-5385.8 -4906.3 -315.9 220 0 10.6 7.3 2.5 0.0 0 0 1 5 5
-5635.5 -4768.9 -330.3 324 0 8.4 14.0 2.5 2.5 2 1 1 1 1
-5607.4 -4852.9 -329.9 144 0 8.4 14.0 7.5 2.5 2 1 3 1 1
-4777.1 -4497.1 -279.8 94 0 10.6 7.5 5.0 2.5 2 0 2 5 5
-5573.6 -4651.8 -325.6 324 0 8.4 14.0 7.5 0.0 0 1 3 0 0
-5475.6 -4803.4 -319.4 324 0 8.4 14.0 5.0 2.5 2 1 2 3 3
-5606.4 -4605.1 -325.7 324 0 8.4 14.0 7.5 2.5 2 0 3 3 3
-5459.8 -4765.2 -317.3 144 0 8.4 14.0 7.5 2.5 2 1 3 5 5
-5538.9 -4814.6 -325.3 324 0 8.4 14.0 7.5 2.5 2 1 3 4 4
-5160.8 -5127.2 -326.7 14 0 17.9 23.7 10.0 2.5 2 0 4 0 0
-5039.6 -5090.6 -323.5 268 0 15.3 23.9 15.0 0.0 0 1 6 0 0
-5339.0 -4986.1 -321.6 310 0 7.3 10.6 5.0 2.5 2 1 2 2 2
-4821.4 -4569.3 -279.8 184 0 7.5 10.6 2.5 2.5 4 1 1 0 0
-5142.8 -5132.0 -326.3 179 0 17.4 12.8 2.5 0.0 0 0 1 5 5
-5362.0 -5002.8 -321.9 144 0 8.4 14.0 5.0 2.5 2 1 2 4 4
-4829.0 -4672.9 -287.3 4 0 7.5 10.6 5.0 2.5 2 1 2 0 0
-5272.3 -5028.2 -323.4 183 0 21.1 24.4 12.5 2.5 2 0 5 2 2
-5295.5 -4926.7 -318.4 354 0 13.7 26.6 7.5 2.5 2 1 3 3 3
-5636.4 -4653.0 -328.3 324 0 8.4 14.0 5.0 2.5 2 1 2 0 0
-5554.6 -5000.9 -330.4 144 0 8.4 14.0 7.5 2.5 2 1 3 0 0
-5368.4 -5055.5 -324.0 130 0 7.3 10.6 2.5 2.5 2 1 1 4 4
-5447.8 -4811.8 -316.5 324 0 8.4 14.0 5.0 0.0 0 1 2 5 5
-5385.7 -5020.4 -322.5 130 0 7.3 10.6 7.5 2.5 2 1 3 5 5
-4775.9 -4592.5 -273.0 184 0 7.5 10.6 5.0 2.5 2 1 2 2 2
-5614.5 -4756.2 -328.8 324 0 8.4 14.0 5.0 0.0 0 1 2 0 0
-5106.7 -5157.2 -326.7 89 0 12.8 17.4 5.0 2.5 2 1 2 4 4
-5522.4 -4730.9 -321.9 144 0 8.4 14.0 5.0 2.5 2 1 2 2 2
-5352.4 -4639.4 -307.6 231 0 15.8 10.1 5.0 2.5 2 0 2 5 5
-4974.0 -5141.3 -323.6 243 0 10.3 10.5 7.5 2.5 2 1 3 1 1
-5643.8 -4829.4 -331.4 144 0 8.4 14.0 7.5 2.5 2 1 3 2 2
-5373.8 -5031.4 -322.7 130 0 7.3 10.6 5.0 2.5 2 1 2 1 1
-4861.6 -4834.0 -304.2 225 0 23.8 19.2 15.0 0.0 0 0 6 1 1
-5406.5 -5001.8 -322.3 130 0 7.3 10.6 7.5 0.0 0 1 3 2 2
-5412.4 -5180.7 -333.5 264 0 19.9 17.5 10.0 2.5 2 0 4 2 2
-5650.6 -4794.0 -331.0 144 0 8.4 14.0 5.0 2.5 2 1 2 4 4
-4767.7 -4546.1 -271.8 184 0 7.5 10.6 2.5 2.5 2 1 1 2 2
-5298.1 -4858.1 -313.4 267 0 11.0 10.8 7.5 2.5 2 0 3 3 3
-4789.6 -4984.1 -306.2 172 0 28.4 25.3 12.5 0.0 0 0 5 5 5
-4834.6 -4657.0 -285.3 4 0 7.5 10.6 5.0 2.5 2 1 2 0 0
-5424.4 -5072.4 -328.0 354 0 17.5 19.9 12.5 2.5 2 1 5 2 2
-5502.8 -4551.0 -313.3 147 0 16.2 20.1 15.0 0.0 0 1 6 1 1
-5426.4 -4888.2 -315.5 220 0 10.6 7.3 5.0 0.0 0 0 2 1 1
-5545.4 -4955.6 -328.3 324 0 8.4 14.0 7.5 2.5 4 1 3 2 2
-5520.2 -4745.2 -322.9 324 0 8.4 14.0 2.5 0.0 0 1 1 0 0
-4819.4 -4895.9 -305.0 135 0 19.2 23.8 10.0 2.5 2 1 4 0 0
-4843.7 -4577.7 -285.9 4 0 7.5 10.6 2.5 2.5 4 1 1 4 4
-5351.1 -4858.1 -312.3 310 0 7.3 10.6 2.5 2.5 4 1 1 4 4
-5418.9 -5118.3 -329.5 84 0 19.9 17.5 12.5 2.5 2 0 5 4 4
-5504.4 -5057.9 -330.4 144 0 8.4 14.0 2.5 2.5 2 1 1 0 0
-5470.3 -4761.9 -318.3 144 0 8.4 14.0 5.0 2.5 2 1 2 1 1
-4764.2 -4533.6 -272.8 184 0 7.5 10.6 5.0 2.5 2 1 2 4 4
-5671.3 -4661.7 -329.1 144 0 8.4 14.0 7.5 2.5 2 1 3 2 2
-5458.5 -5035.4 -327.3 324 0 8.4 14.0 5.0 2.5 2 1 2 4 4
-5107.8 -4800.1 -311.7 179 0 17.4 12.8 7.5 2.5 2 0 3 2 2
-5293.6 -4891.5 -316.0 354 0 13.7 26.6 10.0 2.5 2 1 4 2 2
-5504.3 -4931.5 -323.6 234 0 14.0 8.4 7.5 2.5 2 0 3 1 1
-5473.7 -4881.0 -320.4 324 0 8.4 14.0 7.5 2.5 2 1 3 5 5
-5468.5 -4967.8 -322.1 144 0 8.4 14.0 7.5 2.5 2 1 3 2 2
-4849.0 -4595.2 -286.0 94 0 10.6 7.5 7.5 2.5 2 0 3 4 4
-5129.7 -4967.9 -317.7 89 0 12.8 17.4 7.5 2.5 2 1 3 1 1
-4807.9 -4676.1 -285.2 274 0 10.6 7.5 7.5 2.5 2 0 3 1 1
-5239.9 -5088.8 -327.3 318 0 17.2 20.2 12.5 0.0 0 1 5 0 0
-5039.9 -5145.7 -325.8 269 0 12.8 17.4 7.5 2.5 2 1 3 2 2
-5596.7 -4833.2 -329.0 234 0 14.0 8.4 7.5 2.5 2 0 3 4 4
-5453.8 -4975.1 -321.7 144 0 8.4 14.0 7.5 2.5 2 1 3 2 2
-5438.1 -5109.9 -329.9 84 0 19.9 17.5 12.5 2.5 2 0 5 4 4
-5585.2 -4758.4 -326.2 144 0 8.4 14.0 7.5 2.5 2 1 3 3 3
-5048.1 -5202.5 -327.8 89 0 12.8 17.4 7.5 0.0 0 1 3 0 0
-4772.1 -4574.7 -271.3 184 0 7.5 10.6 7.5 2.5 2 1 3 1 1
-5436.1 -4849.8 -315.6 54 0 14.0 8.4 7.5 2.5 2 0 3 0 0
-5547.6 -5107.6 -334.1 179 0 21.8 17.3 12.5 2.5 2 0 5 3 3
-5667.4 -4964.8 -333.8 144 0 8.4 14.0 2.5 2.5 4 1 1 5 5
-5381.7 -5186.9 -333.0 324 0 8.4 14.0 7.5 2.5 2 1 3 0 0
-5443.1 -5048.0 -327.0 354 0 17.5 19.9 12.5 2.5 2 1 5 0 0
-5660.8 -4785.3 -331.4 144 0 8.4 14.0 5.0 2.5 2 1 2 3 3
-5617.7 -4416.7 -301.5 354 0 37.8 20.3 12.5 0.0 0 0 5 0 0
-5554.5 -4839.0 -326.8 324 0 8.4 14.0 2.5 2.5 2 1 1 0 0
-4937.3 -4446.7 -293.3 304 0 10.1 11.0 5.0 2.5 2 1 2 3 3
-4988.6 -5142.6 -324.3 244 0 15.5 16.9 17.5 0.0 0 1 7 3 3
-5160.9 -5136.5 -327.5 354 0 13.0 17.0 7.5 2.5 2 0 3 1 1
-5057.7 -4862.3 -312.1 359 0 17.4 12.8 7.5 2.5 2 0 3 5 5
-5413.8 -5148.8 -331.0 84 0 19.9 17.5 12.5 2.5 2 0 5 4 4
-5173.3 -5087.6 -324.7 270 0 15.9 10.3 5.0 0.0 0 0 2 4 4
-5296.9 -4940.3 -319.2 354 0 13.7 26.6 7.5 2.5 2 1 3 5 5
-5600.0 -4619.9 -326.1 324 0 8.4 14.0 2.5 2.5 2 1 1 5 5
-4749.5 -4872.3 -301.4 315 0 19.2 23.8 10.0 2.5 2 1 4 5 5
-5397.4 -5156.8 -331.3 84 0 19.9 17.5 12.5 2.5 2 0 5 3 3
-5491.4 -5147.5 -333.3 300 0 7.7 9.4 7.5 2.5 2 1 3 4 4
-5395.0 -4965.7 -320.4 130 0 7.3 10.6 7.5 2.5 2 1 3 2 2
-5310.2 -4698.5 -306.5 359 0 9.6 12.4 5.0 2.5 2 1 2 2 2
-4867.0 -4950.7 -309.8 162 0 10.6 3.8 5.0 2.5 2 0 2 2 2
-4713.4 -4431.5 -277.3 349 0 5.0 22.6 7.5 2.5 4 1 3 1 1
-5331.5 -4861.6 -312.9 310 0 7.3 10.6 7.5 2.5 4 1 3 5 5
-5062.1 -4885.6 -312.4 89 0 12.8 17.4 10.0 2.5 4 1 4 5 5
-5068.9 -5100.2 -323.8 359 0 17.4 12.8 5.0 2.5 2 0 2 4 4
-4795.9 -5040.9 -308.4 176 0 9.3 7.3 7.5 2.5 2 0 3 0 0
-5602.3 -4825.7 -329.1 234 0 14.0 8.4 2.5 2.5 2 0 1 3 3
-5188.8 -5165.1 -329.6 104 0 12.4 22.8 10.0 2.5 2 0 4 4 4
-5514.5 -4740.3 -321.6 144 0 8.4 14.0 2.5 2.5 2 1 1 1 1
-5568.7 -4832.2 -327.2 234 0 14.0 8.4 7.5 2.5 2 0 3 0 0
-4820.9 -4555.7 -279.1 184 0 7.5 10.6 7.5 2.5 2 1 3 5 5
-4902.6 -4467.5 -291.4 304 0 11.4 14.4 7.5 2.5 2 1 3 3 3
-5116.5 -4776.4 -311.6 359 0 17.4 12.8 5.0 2.5 2 0 2 0 0
-6711.7 1867.0 -321.7 187 0 10.4 71.0 10.0 2.5 2 1 4 3 3
-1710.9 -5356.7 -270.4 93 0 24.4 29.1 10.0 0.0 0 0 4 2 2
-2193.2 -5526.3 -266.5 92 0 19.3 14.1 15.0 0.0 0 0 6 5 5
-1827.2 -5331.9 -273.1 289 0 7.0 32.2 7.5 2.5 2 1 3 5 5
-2105.0 -5762.4 -247.0 218 0 25.0 17.1 7.5 0.0 0 0 3 5 5
-2324.1 -5427.7 -275.4 88 0 11.5 15.0 2.5 2.5 2 1 1 3 3
-1722.9 -5331.5 -270.4 195 0 9.2 8.7 7.5 2.5 2 0 3 3 3
-2584.4 -5370.7 -276.7 90 0 25.2 9.9 5.0 0.0 0 0 2 1 1
-2075.3 -5725.3 -251.4 221 0 25.9 17.8 10.0 2.5 2 0 4 1 1
-2122.7 -5810.7 -245.9 165 0 27.2 18.0 12.5 2.5 2 0 5 1 1
-1968.3 -5469.2 -273.6 90 0 17.7 8.4 5.0 2.5 2 0 2 4 4
-2582.8 -5382.4 -275.3 90 0 16.4 8.9 7.5 2.5 2 0 3 2 2
-2094.8 -5855.0 -248.3 76 0 17.7 22.7 10.0 2.5 2 1 4 2 2
-2074.4 -5415.0 -277.9 121 0 17.4 16.4 10.0 2.5 2 0 4 3 3
-6814.7 2265.2 -323.3 182 0 17.4 24.4 7.5 2.5 2 1 3 1 1
-6796.7 2048.7 -323.2 265 0 5.6 82.3 7.5 2.5 4 1 3 5 5
-6740.6 2064.4 -322.7 182 0 11.4 8.4 5.0 2.5 2 0 2 5 5
-6864.0 2085.4 -323.9 92 0 31.2 13.3 10.0 2.5 4 0 4 2 2
-6692.3 2086.6 -322.3 360 0 9.7 7.2 7.5 2.5 2 0 3 2 2
-6855.6 2100.3 -323.7 90 0 9.1 24.0 2.5 0.0 0 1 1 3 3
-6830.8 2048.3 -323.5 265 0 5.7 32.2 2.5 2.5 2 1 1 3 3
-6653.6 2382.2 -321.9 177 0 5.1 25.8 5.0 2.5 2 1 2 0 0
-6709.9 2456.8 -322.9 347 0 12.7 63.0 7.5 2.5 2 1 3 0 0
-6651.5 2326.2 -321.9 179 0 5.6 30.1 7.5 0.0 0 1 3 3 3
-6931.4 2170.5 -324.4 269 0 9.3 16.7 2.5 2.5 2 1 1 0 0
-6761.9 2337.5 -323.0 358 0 3.8 11.3 2.5 2.5 4 1 1 2 2
-6625.9 2389.4 -321.9 358 0 5.2 27.5 5.0 0.0 0 1 2 3 3
-6651.4 2332.5 -321.9 180 0 5.3 30.0 2.5 2.5 2 1 1 3 3
-6847.9 2117.2 -323.7 89 0 4.6 8.3 2.5 2.5 2 1 1 1 1
-6762.9 2283.3 -322.9 0 0 12.3 4.4 7.5 2.5 2 0 3 2 2
-6897.8 1964.1 -324.1 177 0 25.5 16.3 10.0 2.5 2 0 4 2 2
-6824.2 1963.5 -323.5 87 0 8.0 41.5 7.5 2.5 2 0 3 4 4
-6865.5 2065.9 -323.9 92 0 33.4 17.7 10.0 2.5 2 0 4 4 4
-6744.7 2350.4 -322.7 90 0 5.8 8.8 5.0 2.5 2 1 2 1 1
-6934.3 1914.9 -324.4 178 0 12.2 70.1 12.5 2.5 4 1 5 4 4
-6835.7 1963.2 -323.6 89 0 15.1 7.6 5.0 2.5 2 0 2 0 0
-6873.3 1947.9 -324.0 358 0 9.0 12.6 5.0 2.5 2 0 2 3 3
-6870.4 1950.2 -323.8 90 0 4.7 10.7 2.5 2.5 2 1 1 5 5
-6651.2 2319.7 -321.9 180 0 6.8 29.3 5.0 2.5 2 1 2 0 0
-6827.2 2015.5 -323.5 268 0 4.7 10.2 7.5 2.5 2 1 3 2 2
-6651.8 2338.5 -321.9 179 0 5.8 30.7 5.0 2.5 2 1 2 4 4
-6652.8 2345.4 -321.9 179 0 5.8 31.1 7.5 2.5 2 1 3 5 5
-6871.1 1968.2 -323.9 91 0 5.9 12.5 2.5 2.5 2 1 1 0 0
-6854.7 2007.7 -323.8 266 0 18.2 17.7 7.5 2.5 2 0 3 2 2
-6875.5 2113.5 -323.9 184 0 24.6 14.8 10.0 2.5 2 0 4 4 4
-6697.4 2005.5 -322.8 6 0 13.2 60.5 7.5 2.5 2 1 3 3 3
-6713.2 2470.1 -322.9 348 0 12.4 62.7 7.5 0.0 0 1 3 3 3
-6643.4 2085.6 -321.5 107 0 6.4 9.0 2.5 2.5 2 1 1 4 4
-6815.6 2281.7 -323.4 179 0 12.2 45.2 10.0 2.5 2 1 4 3 3
-6911.7 2050.3 -324.3 265 0 12.5 99.8 7.5 2.5 2 0 3 1 1
-6787.8 2512.7 -323.4 262 0 76.2 13.0 7.5 2.5 2 0 3 4 4
-6866.9 1945.8 -323.8 0 0 7.6 6.1 7.5 2.5 2 0 3 1 1
-6750.1 2329.8 -323.1 356 0 12.3 39.0 10.0 2.5 2 1 4 4 4
-6754.6 2038.7 -322.8 185 0 13.2 61.4 12.5 2.5 2 1 5 1 1
-6750.6 2316.9 -323.2 354 0 12.8 49.5 7.5 2.5 2 1 3 3 3
-6934.1 1929.7 -324.4 178 0 12.4 75.1 5.0 2.5 2 1 2 3 3
5209.3 1963.9 56.5 196 0 4.7 7.5 2.5 2.5 2 1 1 0 0
545.4 2566.9 97.8 166 0 5.5 14.2 7.5 2.5 4 1 3 2 2
68.6 7324.7 205.9 270 0 9.6 10.9 5.0 0.0 0 1 2 1 1
-762.3 7546.0 286.0 267 0 8.2 8.5 7.5 2.5 4 1 3 5 5
106.4 7315.6 201.6 360 0 4.9 12.9 7.5 2.5 2 1 3 4 4
67.8 7168.0 216.4 327 0 10.5 5.3 5.0 2.5 2 0 2 3 3
-728.3 7674.4 319.8 269 0 10.7 9.6 2.5 2.5 2 0 1 3 3
55.4 7278.3 208.6 180 0 6.7 7.0 7.5 2.5 2 1 3 4 4
128.3 7334.5 199.8 1 0 10.7 11.8 2.5 2.5 2 1 1 2 2
61.2 7349.2 207.1 271 0 9.8 7.5 5.0 2.5 2 0 2 4 4
-7.0 7337.9 220.4 180 0 8.3 8.9 7.5 0.0 0 1 3 5 5
-777.6 7526.9 284.2 180 0 8.0 7.5 5.0 2.5 2 0 2 1 1
93.9 7339.7 201.7 271 0 11.8 11.0 2.5 2.5 2 0 1 1 1
90.5 7358.6 201.7 269 0 10.0 5.6 2.5 2.5 2 0 1 5 5
25.0 7201.1 226.0 146 0 10.2 7.9 5.0 2.5 2 0 2 5 5
112.2 7355.3 200.5 268 0 4.1 8.7 5.0 2.5 2 1 2 0 0
83.5 7271.6 204.0 90 0 7.5 9.7 7.5 2.5 2 1 3 5 5
141.2 7309.8 199.4 359 0 7.9 7.8 7.5 2.5 2 0 3 5 5
21.3 7255.0 215.7 159 0 9.9 9.7 5.0 2.5 2 0 2 4 4
146.1 7312.5 198.9 266 0 5.0 8.9 7.5 2.5 2 1 3 3 3
26.4 7280.3 213.2 179 0 11.4 10.6 7.5 2.5 2 0 3 0 0
6.9 7249.7 226.7 334 0 7.7 4.3 2.5 2.5 2 0 1 4 4
-817.3 7708.6 327.4 109 0 13.7 10.9 7.5 2.5 2 0 3 4 4
-112.9 7592.8 282.5 279 0 8.8 19.0 7.5 2.5 2 1 3 3 3
-11.5 7376.6 221.5 181 0 11.1 11.7 7.5 2.5 2 1 3 2 2
75.1 7356.0 204.3 275 0 11.0 10.5 7.5 2.5 2 0 3 4 4
35.7 7214.2 224.6 332 0 5.7 5.8 7.5 2.5 2 1 3 0 0
69.8 7375.1 205.8 280 0 10.0 12.3 2.5 2.5 2 1 1 3 3
-5503.1 -8589.9 -337.4 17 0 12.2 15.0 7.5 2.5 2 1 3 1 1
-6102.0 -3200.0 -325.1 353 0 17.8 13.6 5.0 2.5 2 0 2 2 2
-6194.7 -3592.4 -311.3 51 0 15.0 10.4 5.0 2.5 2 0 2 3 3
-5928.4 772.1 -287.3 338 0 16.2 23.3 14.0 3.5 2 0 4 0 0
-5166.4 1106.0 -251.6 7 0 17.5 33.8 14.0 3.5 2 1 4 4 4
-5170.2 1169.3 -254.0 276 0 17.9 34.9 14.0 0.0 0 1 4 0 0
-4469.8 376.9 -268.6 109 0 33.3 20.4 12.5 0.0 0 0 5 5 5
-4415.5 423.8 -264.5 289 0 21.4 37.1 17.5 0.0 0 0 7 4 4
-610.9 -1227.5 -272.1 203 0 18.8 18.8 12.5 2.5 4 1 5 3 3
-77.2 -1304.8 -265.6 273 0 18.2 41.6 10.0 2.5 2 1 4 2 2
-4641.3 -7268.6 -336.5 291 0 15.9 50.3 10.0 2.5 2 1 4 3 3
-2103.2 -9891.6 -282.6 342 0 11.9 17.4 10.5 3.5 2 1 3 5 5
-6404.1 -2572.7 -335.6 86 0 18.2 17.1 10.0 2.5 2 0 4 5 5
-4766.9 -1610.0 -310.8 214 0 31.6 16.4 12.5 2.5 2 0 5 0 0
-4143.6 -1981.6 -300.7 152 0 16.8 7.8 7.5 2.5 2 0 3 0 0
-4157.3 -1979.5 -300.5 242 0 22.2 16.7 12.5 2.5 2 0 5 1 1
-2021.6 -1090.3 -283.6 272 0 21.3 15.0 12.5 2.5 2 0 5 1 1
-5029.9 -376.5 -314.0 208 0 12.0 24.3 7.5 2.5 2 0 3 4 4
-5315.7 -171.3 -313.2 104 0 19.6 10.3 5.0 2.5 2 0 2 5 5
-5327.2 -176.9 -314.4 194 0 16.5 19.5 10.0 2.5 2 0 4 0 0
-5820.2 37.2 -312.2 93 0 18.7 33.6 14.0 0.0 0 1 4 1 1
-6017.3 -121.2 -318.2 276 0 19.7 19.9 10.0 2.5 2 0 4 5 5
-6542.0 1346.3 -316.5 273 0 37.6 30.4 12.5 0.0 0 0 5 1 1
-5131.5 -1381.4 -314.2 6 0 46.7 26.1 10.0 0.0 0 0 4 3 3
-5125.6 -1385.0 -315.0 186 0 49.7 25.5 12.5 2.5 2 0 5 4 4
-5173.3 -1440.7 -305.4 3 0 54.0 28.6 12.5 0.0 0 0 5 2 2
-5232.6 -1373.6 -312.4 181 0 60.3 28.9 12.5 0.0 0 0 5 3 3
-5170.8 -1375.7 -313.2 1 0 54.2 28.6 10.0 0.0 0 0 4 4 4
4203.7 -3263.3 -274.2 17 0 16.9 11.1 10.0 2.5 2 0 4 4 4
-3048.2 -8357.1 -318.0 334 0 17.6 9.3 2.5 2.5 2 0 1 3 3
-3390.3 -7835.6 -321.9 148 0 12.8 7.8 7.5 2.5 2 0 3 1 1
-6446.2 -7728.3 -334.7 309 0 38.0 13.6 10.0 2.5 2 0 4 1 1
-2741.6 -9048.5 -305.4 149 0 17.2 9.6 10.5 3.5 2 0 3 5 5
-2628.6 -9050.1 -302.8 58 0 11.6 13.9 14.0 3.5 2 0 4 2 2
-6714.9 -7618.5 -337.1 269 0 17.3 17.9 7.5 2.5 2 1 3 2 2
-6680.6 -7646.9 -336.2 170 0 9.7 20.0 2.5 2.5 2 1 1 4 4
-6649.2 -7714.3 -332.3 12 0 10.0 22.4 7.5 2.5 2 1 3 5 5
-6630.5 -7630.4 -336.4 263 0 23.4 18.3 12.5 2.5 2 0 5 2 2
-6449.8 -7746.3 -333.4 304 0 11.0 8.7 7.5 2.5 2 0 3 3 3
1754.6 -2569.7 -218.8 229 0 13.8 9.3 2.5 2.5 2 0 1 5 5
-2163.7 -1268.7 -291.7 15 0 56.7 22.9 12.5 2.5 2 0 5 2 2
-2224.8 -1347.1 -292.1 105 0 22.2 26.2 15.0 0.0 0 1 6 0 0
-2230.5 -1196.5 -289.9 15 0 37.5 28.9 10.0 0.0 0 0 4 4 4
-6128.2 -224.7 -322.6 64 0 17.0 15.9 10.0 2.5 2 0 4 0 0
-6124.3 -200.1 -322.1 330 0 7.9 10.6 7.5 2.5 2 0 3 4 4
810.8 -3332.4 -161.5 273 0 21.5 75.3 10.0 0.0 0 1 4 4 4
-5798.9 -4133.5 -325.1 265 0 6.6 13.5 5.0 2.5 2 1 2 3 3
-5971.5 -4184.7 -331.9 81 0 10.5 13.2 7.5 2.5 2 1 3 1 1
-5964.7 -4141.6 -333.5 264 0 13.1 12.1 2.5 2.5 2 0 1 2 2
-5953.9 -4184.0 -331.2 81 0 12.3 10.4 5.0 2.5 2 0 2 0 0
-5934.4 -4180.2 -330.9 85 0 10.3 12.2 7.5 2.5 2 1 3 2 2
-5816.3 131.8 -302.3 196 0 40.8 20.4 14.0 0.0 0 0 4 4 4
-4439.3 -728.0 -307.0 261 0 17.9 24.1 7.5 2.5 2 1 3 0 0
-1926.3 -996.8 -272.1 11 0 29.7 13.4 12.5 2.5 2 0 5 0 0
-1962.4 -993.1 -272.9 195 0 28.9 13.5 12.5 2.5 2 0 5 5 5
-1926.3 -936.6 -260.5 242 0 8.6 12.1 5.0 2.5 2 1 2 4 4
-1914.8 -919.5 -256.2 348 0 12.1 8.6 2.5 2.5 2 0 1 2 2
-1944.9 -937.6 -259.6 172 0 12.1 8.6 5.0 2.5 2 0 2 0 0
3527.3 8108.0 315.4 151 0 12.6 16.2 7.5 2.5 2 1 3 2 2
