3777.9 -1021.5 -116.1 112 0 15.1 17.6 12.5 2.5 2 1 5 4 4
3760.5 -1011.8 -117.2 113 0 14.5 14.8 5.0 2.5 2 1 2 5 5
3747.7 -988.3 -118.5 293 0 15.0 17.5 10.0 0.0 0 1 4 4 4
3796.4 -1029.8 -114.8 113 0 15.3 17.0 10.0 0.0 0 1 4 4 4
3781.8 -1036.3 -115.7 294 0 8.9 16.2 5.0 2.5 2 1 2 2 2
3726.6 -980.3 -119.8 288 0 14.7 17.1 15.0 0.0 0 1 6 2 2
3703.4 -1004.8 -120.9 290 0 10.2 17.1 5.0 0.0 0 1 2 5 5
-6715.8 -9236.0 -44.3 330 0 13.2 10.0 2.5 2.5 2 0 1 0 0
5171.2 -53.4 -112.7 4 0 11.8 18.3 14.0 3.5 2 1 4 3 3
1887.5 -6477.3 120.4 357 0 10.1 6.2 7.5 2.5 2 0 3 0 0
1680.0 -6407.6 104.4 105 0 7.3 12.7 7.5 2.5 4 1 3 2 2
1905.8 -6388.8 110.3 4 0 6.2 7.5 2.5 2.5 2 1 1 2 2
1666.6 -6403.6 100.6 11 0 4.8 17.8 5.0 2.5 2 1 2 5 5
1605.9 -6354.5 93.1 221 0 7.2 9.6 5.0 2.5 2 1 2 2 2
1922.4 -6384.6 109.1 189 0 9.9 9.6 5.0 2.5 2 0 2 2 2
1749.3 -6416.0 111.9 183 0 8.0 15.0 7.5 2.5 2 1 3 2 2
1843.2 -6356.6 108.1 346 0 8.0 19.3 5.0 2.5 2 0 2 5 5
1677.0 -6380.6 102.8 279 0 10.8 8.5 7.5 2.5 2 0 3 5 5
1590.5 -6377.7 92.1 206 0 10.7 12.4 2.5 2.5 2 1 1 5 5
1861.0 -6411.4 113.8 178 0 7.3 7.8 7.5 2.5 2 1 3 2 2
1803.7 -6379.8 110.2 192 0 9.8 6.9 2.5 2.5 2 0 1 1 1
1963.3 -6420.4 111.8 13 0 8.2 11.2 7.5 2.5 2 1 3 1 1
1626.3 -6368.1 95.1 299 0 15.2 10.1 7.5 2.5 2 0 3 4 4
1876.4 -6423.0 114.6 87 0 10.1 5.8 2.5 2.5 2 0 1 1 1
1856.1 -6421.0 114.9 177 0 5.8 15.2 5.0 2.5 2 0 2 0 0
1702.4 -6375.9 104.8 190 0 8.3 15.3 5.0 2.5 2 1 2 4 4
1855.8 -6355.1 107.5 359 0 10.4 11.6 10.0 2.5 2 0 4 3 3
1631.2 -6356.5 94.2 33 0 5.8 17.8 7.5 2.5 2 1 3 5 5
1745.9 -6444.9 114.8 178 0 6.1 21.1 5.0 2.5 2 1 2 2 2
1736.6 -6425.1 112.6 272 0 6.3 7.3 5.0 2.5 2 1 2 5 5
1723.4 -6362.4 104.2 271 0 17.0 10.0 7.5 2.5 4 0 3 1 1
1747.3 -6401.9 109.4 359 0 12.2 9.8 5.0 2.5 2 0 2 5 5
1676.7 -6372.4 102.2 93 0 11.7 5.2 7.5 2.5 4 0 3 0 0
1901.9 -6417.7 113.7 9 0 7.4 6.1 5.0 2.5 2 0 2 5 5
1644.5 -6358.3 98.0 136 0 6.8 6.3 5.0 2.5 2 0 2 3 3
1783.5 -6382.2 109.5 186 0 9.6 5.8 2.5 2.5 2 0 1 2 2
1696.2 -6370.2 103.7 192 0 9.0 4.9 5.0 2.5 2 0 2 2 2
1815.8 -6462.7 119.4 90 0 25.8 10.5 10.0 2.5 2 0 4 3 3
1747.6 -6361.2 104.9 22 0 7.1 5.0 2.5 2.5 2 0 1 3 3
1999.3 -6346.3 103.2 273 0 10.8 10.1 7.5 2.5 4 0 3 3 3
1910.8 -6373.9 108.2 355 0 10.8 12.9 2.5 2.5 4 1 1 5 5
1632.8 -6460.6 98.2 68 0 10.3 26.1 12.5 2.5 2 1 5 0 0
1704.1 -6388.4 106.6 277 0 6.6 12.7 7.5 2.5 2 1 3 4 4
1919.6 -6433.7 114.3 97 0 7.2 9.2 7.5 0.0 0 1 3 5 5
1662.9 -6354.0 99.4 121 0 13.6 6.6 7.5 2.5 2 0 3 4 4
1847.3 -6415.9 114.6 3 0 13.1 10.1 5.0 0.0 0 0 2 1 1
1888.7 -6463.7 119.1 1 0 9.1 26.6 5.0 0.0 0 1 2 2 2
1970.5 -6376.0 107.0 3 0 7.7 13.5 2.5 2.5 2 1 1 5 5
1694.7 -6427.1 106.2 290 0 21.2 6.7 5.0 2.5 2 0 2 5 5
1688.3 -6351.2 101.2 307 0 6.7 16.5 2.5 2.5 2 1 1 1 1
1598.7 -6362.7 92.6 205 0 5.6 13.1 7.5 2.5 2 1 3 5 5
1779.6 -6422.7 114.1 180 0 9.8 9.5 7.5 2.5 2 0 3 4 4
1811.3 -6354.5 107.8 264 0 12.3 8.5 7.5 2.5 2 0 3 5 5
1765.1 -6358.8 105.8 189 0 9.2 26.6 7.5 2.5 2 1 3 3 3
1913.2 -6360.1 106.7 0 0 7.0 9.3 7.5 2.5 2 1 3 5 5
1942.3 -6425.2 113.0 99 0 7.9 4.5 7.5 2.5 4 0 3 2 2
1711.6 -6389.2 106.5 179 0 12.4 6.5 5.0 2.5 2 0 2 4 4
1731.1 -6401.5 108.8 354 0 6.6 14.5 5.0 0.0 0 1 2 2 2
5714.0 -758.2 -88.8 1 0 9.4 11.2 10.5 3.5 2 0 3 1 1
6311.5 -243.2 -91.3 242 0 15.1 15.0 5.0 0.0 0 0 2 5 5
5908.4 -750.2 -89.0 270 0 5.6 6.1 10.5 3.5 2 1 3 4 4
5713.5 -277.3 -103.3 111 0 12.9 14.8 14.0 3.5 2 1 4 1 1
5735.3 -854.8 -84.8 185 0 10.3 12.9 14.0 3.5 2 1 4 2 2
5541.6 -172.0 -102.2 14 0 15.4 16.4 14.0 3.5 2 1 4 0 0
6256.2 -782.4 -85.2 147 0 4.7 7.8 5.0 2.5 2 1 2 3 3
5939.5 -459.3 -99.0 90 0 5.8 13.1 10.5 3.5 2 1 3 1 1
5600.1 -487.9 -98.9 179 0 18.0 13.0 14.0 3.5 2 0 4 5 5
6478.5 -324.3 -85.7 254 0 6.3 9.5 7.5 2.5 2 0 3 2 2
5665.6 -757.4 -88.6 274 0 5.9 7.5 10.5 3.5 2 0 3 5 5
5702.6 -252.8 -103.8 111 0 12.9 14.8 14.0 3.5 2 1 4 4 4
6488.3 -683.7 -79.9 253 0 10.1 17.3 5.0 2.5 2 1 2 1 1
5790.2 -552.4 -97.0 81 0 11.2 16.3 10.5 3.5 2 1 3 5 5
6068.5 -215.1 -99.4 346 0 13.5 13.2 14.0 3.5 2 0 4 2 2
5930.5 -180.9 -103.3 177 0 8.4 17.4 10.5 3.5 2 1 3 5 5
6397.4 -325.6 -87.6 209 0 12.2 17.9 5.0 2.5 2 1 2 0 0
5554.8 -762.3 -87.6 286 0 6.3 6.1 10.5 3.5 2 0 3 1 1
6534.6 -322.8 -85.1 117 0 11.2 5.2 2.5 2.5 2 0 1 2 2
5931.0 -698.5 -91.6 272 0 22.5 14.7 10.5 0.0 0 0 3 1 1
6271.7 -688.5 -86.1 281 0 5.5 5.6 7.5 2.5 2 1 3 5 5
6292.7 -768.1 -85.0 341 0 3.6 13.6 5.0 0.0 0 1 2 2 2
6083.9 -804.1 -88.3 348 0 4.3 11.2 2.5 2.5 4 1 1 3 3
5805.1 -692.6 -91.0 359 0 16.1 6.7 10.5 3.5 2 0 3 2 2
5603.9 -294.0 -97.2 341 0 12.9 12.3 14.0 3.5 2 0 4 2 2
5700.8 -753.4 -88.8 274 0 4.2 10.8 10.5 0.0 0 1 3 2 2
5731.1 -227.7 -106.2 111 0 12.9 14.8 14.0 3.5 4 1 4 4 4
5841.8 -505.0 -98.4 254 0 12.8 23.4 10.5 3.5 2 1 3 2 2
5649.1 -333.9 -99.1 69 0 11.0 8.5 10.5 3.5 2 0 3 3 3
5556.7 -631.0 -93.3 273 0 14.2 13.6 14.0 3.5 2 0 4 0 0
5811.7 -397.1 -102.1 156 0 16.3 13.1 14.0 3.5 2 0 4 3 3
5850.1 -138.1 -107.1 256 0 10.7 18.8 14.0 3.5 2 1 4 0 0
6498.1 -591.6 -81.3 177 0 8.4 12.2 2.5 2.5 2 1 1 5 5
6513.4 -317.3 -85.2 207 0 5.2 11.2 5.0 2.5 2 0 2 4 4
5562.4 -142.7 -105.4 176 0 7.3 17.9 10.5 0.0 0 1 3 4 4
5935.9 -195.6 -102.9 177 0 8.4 17.4 10.5 3.5 2 1 3 4 4
6110.7 -719.7 -90.1 92 0 8.6 5.4 5.0 2.5 2 0 2 0 0
6090.3 -779.8 -88.4 187 0 9.7 9.9 5.0 2.5 2 1 2 3 3
5866.6 -185.0 -105.3 166 0 18.8 10.7 14.0 3.5 2 0 4 1 1
6467.9 -327.3 -85.9 254 0 4.6 9.5 7.5 2.5 2 0 3 4 4
5961.7 -556.0 -96.0 266 0 10.1 10.5 10.5 3.5 4 1 3 0 0
5744.0 -637.6 -93.4 76 0 14.9 12.0 14.0 3.5 2 0 4 5 5
6469.0 -188.4 -88.1 358 0 7.8 5.1 5.0 2.5 4 0 2 3 3
5688.8 -233.1 -104.2 111 0 12.9 14.8 14.0 3.5 2 1 4 4 4
5615.1 -213.8 -101.7 183 0 8.4 10.9 10.5 3.5 2 1 3 2 2
6386.6 -659.4 -83.2 277 0 12.4 9.9 5.0 2.5 2 0 2 3 3
5544.6 -561.9 -96.3 174 0 11.7 11.7 14.0 3.5 2 0 4 0 0
5770.6 -750.1 -88.7 272 0 17.9 17.3 14.0 3.5 2 0 4 1 1
5705.7 -386.1 -101.3 80 0 11.2 15.4 14.0 3.5 2 1 4 1 1
6056.3 -723.0 -90.7 162 0 5.9 7.5 5.0 2.5 2 1 2 1 1
5960.1 -514.5 -97.3 278 0 13.1 8.0 10.5 0.0 0 0 3 2 2
6388.1 -720.7 -82.4 52 0 6.4 7.1 5.0 2.5 2 1 2 3 3
5693.8 -672.4 -93.3 360 0 43.8 17.7 14.0 3.5 2 0 4 4 4
5924.9 -154.2 -103.8 177 0 8.4 17.4 10.5 0.0 0 1 3 3 3
5761.7 -456.2 -100.6 73 0 9.8 8.1 10.5 3.5 2 0 3 1 1
5684.9 -247.8 -103.3 111 0 12.9 14.8 14.0 3.5 2 1 4 2 2
5862.6 -134.6 -106.7 256 0 10.7 18.8 14.0 0.0 0 1 4 5 5
5691.2 -462.6 -99.7 270 0 10.0 10.8 14.0 3.5 2 1 4 1 1
6220.3 -776.6 -86.7 79 0 10.2 12.1 7.5 0.0 0 1 3 0 0
6472.1 -691.5 -80.2 246 0 7.7 8.7 2.5 2.5 2 1 1 3 3
6318.6 -274.2 -90.7 152 0 15.0 15.1 5.0 2.5 4 1 2 2 2
5693.7 -217.2 -105.3 111 0 12.9 14.8 14.0 3.5 2 1 4 5 5
5630.4 -404.4 -99.2 349 0 16.4 11.7 14.0 0.0 0 0 4 1 1
6516.0 -311.8 -85.3 206 0 7.0 8.6 7.5 2.5 2 0 3 2 2
5558.4 -286.8 -95.4 257 0 10.4 12.9 14.0 3.5 2 1 4 5 5
5673.1 -752.4 -88.8 264 0 10.2 4.8 10.5 3.5 2 0 3 0 0
5900.2 -199.3 -104.2 76 0 10.7 18.8 14.0 3.5 4 1 4 0 0
6117.3 -364.2 -95.7 338 0 13.9 10.4 14.0 3.5 2 0 4 3 3
5642.6 -693.5 -92.5 95 0 10.0 32.2 10.5 3.5 2 1 3 2 2
5761.8 -258.1 -106.2 111 0 12.9 14.8 14.0 3.5 2 1 4 1 1
5742.0 -199.9 -107.2 291 0 12.9 14.8 14.0 3.5 4 1 4 1 1
6217.4 -232.6 -95.2 339 0 13.5 17.9 7.5 2.5 2 1 3 4 4
5776.9 -308.2 -104.9 111 0 12.9 14.8 14.0 3.5 4 1 4 1 1
5600.5 -319.3 -97.0 74 0 11.7 10.4 14.0 3.5 2 0 4 3 3
6489.5 -153.0 -88.2 87 0 12.1 5.1 5.0 2.5 2 0 2 0 0
5827.4 -500.7 -99.1 72 0 13.3 15.5 14.0 3.5 2 1 4 1 1
6361.8 -250.5 -90.0 332 0 15.0 15.1 2.5 2.5 2 1 1 4 4
5768.8 -283.0 -105.5 111 0 12.9 14.8 14.0 3.5 4 1 4 3 3
5729.1 -293.2 -103.3 111 0 12.9 14.8 14.0 3.5 2 1 4 5 5
5738.9 -872.1 -84.1 180 0 15.4 15.7 14.0 3.5 2 1 4 3 3
5951.2 -715.7 -91.8 99 0 13.8 11.5 10.5 3.5 2 0 3 3 3
6335.3 -307.1 -89.7 152 0 15.0 15.1 7.5 2.5 4 1 3 3 3
6282.9 -684.3 -85.8 271 0 5.4 8.5 7.5 2.5 2 1 3 3 3
6076.5 -462.1 -95.2 3 0 10.5 13.1 14.0 3.5 2 1 4 3 3
6019.8 -784.2 -90.3 167 0 15.1 16.2 5.0 2.5 2 1 2 0 0
6532.3 -656.2 -80.1 102 0 12.2 9.1 7.5 2.5 2 0 3 0 0
5588.1 -271.8 -97.4 259 0 17.2 11.9 14.0 0.0 0 0 4 4 4
6447.0 -718.8 -80.5 172 0 4.7 8.4 2.5 2.5 2 1 1 1 1
5864.9 -470.8 -99.6 90 0 16.8 11.0 14.0 3.5 2 0 4 5 5
5673.2 -324.7 -100.4 75 0 16.0 18.4 14.0 3.5 2 1 4 2 2
5645.3 -213.7 -103.4 111 0 12.9 14.8 14.0 3.5 2 1 4 0 0
6211.0 -646.3 -88.6 94 0 6.5 19.7 7.5 2.5 2 1 3 2 2
6249.2 -640.9 -87.6 90 0 8.2 7.7 7.5 2.5 2 0 3 4 4
5919.4 -186.0 -103.8 346 0 18.8 10.7 14.0 3.5 4 0 4 1 1
5557.4 -157.1 -104.2 190 0 16.9 15.8 10.5 0.0 0 0 3 0 0
5971.2 -745.9 -90.3 267 0 5.8 10.8 10.5 3.5 2 1 3 5 5
5663.4 -221.7 -103.8 111 0 12.9 14.8 14.0 3.5 2 1 4 0 0
5705.0 -336.7 -101.6 254 0 8.7 10.0 10.5 3.5 2 1 3 5 5
5612.9 -678.1 -92.0 90 0 14.7 12.9 14.0 3.5 4 0 4 5 5
6299.6 -265.9 -92.0 332 0 15.0 15.1 7.5 2.5 2 1 3 1 1
6369.5 -268.7 -89.6 332 0 15.0 15.1 5.0 2.5 2 1 2 1 1
6516.6 -219.6 -86.7 264 0 4.4 10.6 5.0 2.5 2 0 2 5 5
5850.5 -841.3 -85.8 70 0 14.0 15.5 14.0 3.5 2 1 4 2 2
5632.5 -516.0 -97.9 88 0 7.7 11.9 10.5 3.5 4 1 3 2 2
6078.6 -756.7 -89.6 349 0 4.8 7.1 5.0 2.5 2 1 2 1 1
5725.3 -690.2 -91.6 180 0 16.1 14.2 14.0 3.5 2 0 4 0 0
6356.7 -322.2 -89.1 62 0 15.1 15.0 7.5 2.5 2 0 3 3 3
6441.5 -201.1 -88.6 358 0 7.7 5.6 2.5 2.5 2 0 1 4 4
6368.3 -344.8 -88.5 28 0 15.3 15.8 2.5 2.5 2 1 1 4 4
6369.7 -655.9 -83.9 339 0 5.3 10.2 5.0 2.5 2 1 2 2 2
6515.9 -163.2 -87.6 87 0 6.3 5.1 7.5 2.5 2 0 3 1 1
5640.6 -233.1 -102.2 111 0 12.9 14.8 14.0 3.5 2 1 4 0 0
6456.1 -199.9 -88.3 0 0 6.9 6.8 7.5 2.5 2 0 3 0 0
5719.8 -758.4 -88.7 1 0 9.3 5.8 10.5 3.5 2 0 3 2 2
6040.2 -622.9 -93.7 354 0 12.9 16.3 10.5 3.5 4 1 3 2 2
5862.3 -647.1 -92.7 262 0 8.9 13.9 10.5 3.5 2 1 3 3 3
6076.5 -724.9 -90.5 80 0 11.3 7.8 5.0 2.5 2 0 2 5 5
5526.5 -437.3 -98.5 260 0 8.4 11.9 10.5 3.5 2 1 3 4 4
6402.6 -713.8 -82.1 335 0 9.0 12.1 5.0 0.0 0 1 2 4 4
5746.3 -698.2 -91.4 90 0 13.5 16.1 14.0 3.5 2 0 4 4 4
5613.9 -610.6 -95.0 83 0 14.4 10.8 10.5 0.0 0 0 3 2 2
6272.6 -254.5 -92.9 63 0 14.5 4.7 5.0 2.5 2 0 2 3 3
6378.5 -328.8 -88.5 25 0 10.0 16.7 7.5 2.5 2 1 3 5 5
6234.6 -764.1 -86.2 244 0 12.3 7.5 2.5 2.5 2 0 1 1 1
5897.7 -747.9 -88.9 273 0 9.8 20.6 10.5 3.5 2 1 3 2 2
5856.0 -163.3 -106.2 164 0 10.8 18.7 14.0 3.5 2 1 4 3 3
5797.5 -286.3 -105.7 21 0 14.8 12.9 14.0 3.5 2 0 4 2 2
5916.0 -561.9 -96.3 170 0 9.5 9.7 10.5 3.5 2 1 3 1 1
5887.3 -196.3 -104.6 76 0 10.7 18.8 14.0 3.5 4 1 4 1 1
6492.2 -185.5 -87.6 93 0 6.7 5.4 5.0 2.5 2 0 2 3 3
5633.4 -426.7 -100.2 358 0 6.3 12.1 10.5 3.5 2 1 3 0 0
6168.6 -731.3 -88.9 84 0 13.0 9.4 7.5 2.5 2 0 3 1 1
5643.0 -529.4 -97.0 265 0 11.0 12.4 10.5 3.5 2 1 3 1 1
5673.7 -264.4 -102.1 111 0 12.9 14.8 14.0 3.5 2 1 4 5 5
5787.0 -895.9 -83.2 93 0 13.9 12.9 14.0 3.5 2 0 4 1 1
5766.1 -446.2 -100.9 66 0 4.5 8.4 10.5 3.5 2 0 3 1 1
5978.2 -716.1 -92.6 95 0 20.8 13.3 10.5 3.5 4 0 3 5 5
5606.0 -517.9 -97.8 81 0 10.0 12.1 10.5 3.5 4 1 3 0 0
5597.9 -385.9 -97.4 164 0 8.7 8.6 10.5 3.5 2 0 3 4 4
6065.0 -640.8 -92.9 90 0 10.2 13.1 7.5 2.5 2 1 3 4 4
6338.7 -230.6 -90.6 242 0 15.1 15.0 7.5 2.5 2 0 3 1 1
6510.3 -320.6 -85.2 210 0 3.2 12.3 2.5 2.5 2 1 1 0 0
6519.9 -681.6 -79.7 274 0 10.4 6.1 5.0 2.5 2 0 2 2 2
6477.3 -161.1 -88.5 83 0 5.9 14.4 5.0 2.5 2 1 2 5 5
6436.9 -708.2 -80.9 166 0 6.3 15.8 2.5 0.0 0 1 1 5 5
6387.8 -349.2 -87.5 203 0 16.2 16.2 7.5 2.5 2 1 3 0 0
5803.4 -308.4 -104.9 21 0 14.8 12.9 14.0 3.5 2 0 4 3 3
5625.1 -371.6 -97.5 344 0 4.1 10.3 10.5 3.5 2 1 3 5 5
6271.2 -271.2 -92.6 242 0 15.1 15.0 7.5 0.0 0 0 3 2 2
6125.9 -548.0 -92.2 257 0 11.6 17.2 2.5 2.5 2 1 1 4 4
6232.8 -640.9 -88.1 90 0 10.3 10.1 5.0 2.5 2 0 2 4 4
6444.7 -167.8 -89.1 84 0 4.9 8.9 7.5 2.5 2 0 3 0 0
5547.1 -152.4 -103.9 16 0 17.0 16.3 14.0 3.5 2 0 4 4 4
6162.5 -476.0 -92.9 26 0 9.2 17.9 5.0 2.5 2 1 2 0 0
6520.3 -266.7 -86.0 174 0 10.6 6.9 2.5 2.5 2 0 1 5 5
6138.9 -370.5 -94.7 188 0 20.3 10.8 7.5 2.5 2 0 3 0 0
6413.5 -363.4 -87.0 99 0 17.4 16.1 10.0 2.5 2 0 4 5 5
5864.6 -287.0 -103.3 220 0 11.6 8.5 10.5 3.5 2 0 3 0 0
5647.4 -398.0 -98.9 75 0 7.6 14.0 10.5 3.5 2 1 3 0 0
6015.9 -571.9 -95.1 355 0 8.2 6.5 10.5 3.5 2 0 3 5 5
6038.0 -878.7 -86.1 164 0 19.0 16.9 10.0 2.5 2 0 4 0 0
6376.0 -283.9 -89.2 332 0 15.0 15.1 10.0 2.5 2 1 4 3 3
6383.1 -300.2 -88.7 332 0 15.0 15.1 2.5 2.5 2 1 1 3 3
6524.0 -343.5 -84.9 117 0 12.4 6.3 7.5 2.5 2 0 3 3 3
6523.4 -162.9 -87.6 87 0 8.6 5.2 5.0 2.5 2 0 2 0 0
5725.1 -242.6 -105.3 111 0 12.9 14.8 14.0 3.5 4 1 4 4 4
6461.2 -194.1 -88.3 80 0 4.2 9.5 5.0 2.5 2 1 2 2 2
5602.8 -572.1 -96.0 173 0 12.0 13.3 10.5 3.5 2 1 3 3 3
6021.2 -630.1 -93.8 0 0 13.3 18.6 10.5 3.5 2 1 3 5 5
5768.0 -231.7 -107.6 111 0 12.9 14.8 14.0 3.5 2 1 4 1 1
6496.6 -311.5 -85.5 202 0 10.9 9.5 5.0 2.5 2 0 2 1 1
5607.4 -230.3 -100.8 180 0 12.9 15.6 14.0 3.5 2 1 4 5 5
6032.2 -928.7 -83.3 355 0 11.3 20.2 7.5 2.5 2 1 3 5 5
6522.2 -218.9 -86.6 264 0 6.9 10.6 5.0 2.5 2 0 2 5 5
6229.0 -760.0 -86.5 243 0 6.2 6.1 5.0 2.5 2 0 2 0 0
6326.3 -288.0 -90.2 152 0 15.0 15.1 7.5 0.0 0 1 3 2 2
6359.5 -667.0 -84.2 329 0 9.0 13.9 5.0 2.5 2 1 2 3 3
6486.0 -192.0 -87.7 348 0 4.3 9.0 2.5 2.5 2 1 1 5 5
6481.9 -260.0 -86.9 7 0 10.1 12.2 7.5 2.5 2 1 3 0 0
5867.8 -756.0 -88.4 271 0 14.2 22.4 14.0 3.5 2 1 4 5 5
6323.6 -220.4 -91.3 56 0 15.7 7.1 5.0 2.5 4 0 2 4 4
5748.0 -180.3 -108.6 291 0 12.9 14.8 14.0 3.5 2 1 4 2 2
6517.3 -241.7 -86.4 174 0 10.6 4.4 7.5 2.5 2 0 3 4 4
5618.4 -532.7 -96.9 270 0 6.5 15.0 10.5 3.5 2 1 3 4 4
5883.7 -754.9 -88.6 270 0 8.9 11.9 10.5 3.5 2 1 3 5 5
5694.7 -635.0 -93.7 347 0 8.6 9.2 10.5 3.5 2 1 3 1 1
5695.3 -271.9 -102.7 111 0 12.9 14.8 14.0 3.5 2 1 4 3 3
6441.8 -563.3 -83.2 0 0 11.2 11.9 5.0 2.5 2 1 2 0 0
6508.1 -323.9 -85.2 211 0 4.4 12.2 5.0 2.5 2 1 2 4 4
5633.3 -744.3 -88.9 271 0 28.7 30.4 14.0 3.5 4 1 4 5 5
5598.3 -430.0 -99.7 180 0 8.2 7.2 10.5 3.5 2 0 3 4 4
5608.7 -148.1 -106.4 178 0 8.4 13.9 10.5 3.5 2 1 3 0 0
6319.2 -758.2 -84.1 263 0 14.1 7.3 5.0 2.5 2 0 2 2 2
6522.5 -170.1 -87.5 97 0 8.5 6.6 2.5 2.5 2 0 1 0 0
5555.8 -257.2 -97.0 80 0 7.9 12.7 10.5 3.5 2 1 3 0 0
6377.8 -786.0 -81.7 142 0 7.1 10.2 7.5 2.5 2 1 3 3 3
5652.6 -637.0 -93.6 274 0 7.1 12.2 10.5 3.5 2 1 3 1 1
6309.3 -292.3 -91.0 342 0 8.8 7.9 7.5 2.5 2 0 3 4 4
5928.0 -466.1 -99.3 82 0 6.7 18.5 10.5 3.5 4 1 3 1 1
5015.0 -2486.1 -12.6 87 0 7.5 6.8 2.5 2.5 4 0 1 2 2
4790.0 -2466.2 -23.1 261 0 9.2 11.4 5.0 2.5 2 1 2 4 4
5030.9 -2467.0 -11.7 251 0 6.0 6.4 5.0 2.5 2 1 2 1 1
4812.3 -2480.2 -23.2 82 0 15.7 6.3 7.5 2.5 2 0 3 2 2
5154.7 -2484.2 -0.7 118 0 5.9 7.0 5.0 2.5 4 1 2 5 5
4777.7 -2464.0 -22.5 256 0 9.7 6.2 7.5 2.5 4 0 3 3 3
5144.2 -2498.6 -1.0 121 0 5.3 8.3 5.0 2.5 2 1 2 2 2
5094.9 -2508.2 -8.1 73 0 8.5 7.8 2.5 2.5 4 0 1 1 1
5081.1 -2469.3 -9.9 4 0 7.2 19.6 5.0 2.5 2 1 2 0 0
4902.4 -2477.6 -19.0 40 0 6.7 6.7 7.5 2.5 2 0 3 4 4
4757.2 -2613.4 0.2 39 0 10.3 9.6 5.0 2.5 2 0 2 3 3
5695.4 652.1 -126.6 64 0 24.1 20.9 10.0 2.5 4 0 4 1 1
4902.9 -347.8 -100.2 240 0 58.8 39.5 14.0 0.0 0 0 4 5 5
5802.8 -55.9 -110.2 75 0 18.9 17.5 14.0 3.5 4 0 4 3 3
5912.6 402.3 -117.9 157 0 10.9 5.9 5.0 2.5 2 0 2 2 2
5917.9 390.8 -117.2 153 0 5.5 12.5 5.0 2.5 2 0 2 1 1
6164.5 -380.3 -94.1 92 0 8.9 11.0 5.0 2.5 2 1 2 0 0
5334.6 -315.6 -87.8 33 0 32.7 15.2 14.0 3.5 2 0 4 0 0
1971.4 -6429.6 111.7 190 0 11.4 27.6 12.5 0.0 0 1 5 5 5
1837.4 -6398.6 112.7 1 0 15.2 10.2 7.5 2.5 2 0 3 0 0
1874.4 -6336.1 105.3 270 0 9.3 7.0 5.0 2.5 4 0 2 0 0
6321.2 -321.2 -89.9 208 0 15.3 15.8 5.0 2.5 2 1 2 4 4
6340.8 -340.5 -89.2 118 0 15.8 15.4 7.5 2.5 2 0 3 5 5
5786.7 -416.5 -101.5 335 0 8.3 10.1 10.5 3.5 2 1 3 3 3
5783.2 -453.9 -100.7 69 0 11.1 11.8 10.5 3.5 4 1 3 1 1
6040.0 -585.4 -94.4 359 0 12.6 8.9 10.5 3.5 2 0 3 0 0
6280.1 -310.6 -91.9 118 0 15.8 15.4 10.0 2.5 2 0 4 4 4
6308.4 -317.0 -91.2 28 0 15.3 15.8 7.5 2.5 2 1 3 0 0
3868.5 -692.5 -112.7 185 0 18.4 15.9 15.0 0.0 0 0 6 5 5
3867.7 -656.9 -114.2 279 0 20.8 15.5 10.0 2.5 2 0 4 5 5
3852.4 -715.1 -114.2 99 0 15.1 18.5 12.5 2.5 2 1 5 0 0
3872.6 -718.7 -112.4 95 0 15.2 13.7 5.0 2.5 2 0 2 2 2
3832.3 -708.8 -115.9 102 0 14.8 16.6 7.5 2.5 2 1 3 5 5
3842.2 -654.3 -116.3 280 0 13.7 13.9 5.0 2.5 2 1 2 1 1
3811.1 -705.3 -117.7 100 0 15.1 17.4 10.0 2.5 2 1 4 3 3
3790.7 -701.0 -119.4 103 0 14.5 17.0 7.5 2.5 2 1 3 2 2
3780.5 -645.8 -121.2 280 0 20.7 14.2 10.0 2.5 2 0 4 2 2
3770.7 -695.0 -121.3 101 0 15.5 16.2 12.5 2.5 2 1 5 3 3
3761.3 -641.6 -121.6 281 0 9.0 13.5 2.5 2.5 2 1 1 0 0
3750.4 -682.9 -121.9 192 0 15.7 9.4 5.0 2.5 2 0 2 0 0
3738.5 -709.2 -122.2 194 0 20.8 13.8 15.0 0.0 0 0 6 1 1
3770.2 -721.9 -120.5 14 0 11.9 16.4 7.5 2.5 2 1 3 0 0
3791.8 -712.4 -118.5 284 0 18.0 16.9 15.0 0.0 0 0 6 2 2
3775.7 -742.5 -118.0 192 0 23.9 15.3 12.5 2.5 4 0 5 2 2
3809.6 -748.0 -115.0 221 0 17.5 15.2 12.5 2.5 2 0 5 5 5
3860.4 -729.3 -112.9 313 0 16.4 23.5 10.0 2.5 2 1 4 2 2
3838.6 -721.4 -114.4 311 0 11.1 11.8 5.0 2.5 2 1 2 3 3
3743.4 -754.8 -120.3 294 0 16.4 12.9 5.0 2.5 2 0 2 5 5
3723.8 -748.5 -122.0 292 0 14.1 17.0 7.5 0.0 0 1 3 0 0
3723.4 -834.7 -120.2 106 0 14.5 15.6 5.0 2.5 2 1 2 0 0
3725.7 -799.3 -120.5 288 0 12.3 15.3 5.0 2.5 2 1 2 0 0
3741.0 -804.5 -118.9 287 0 6.4 10.2 5.0 2.5 4 1 2 0 0
3777.5 -852.5 -116.3 23 0 7.9 12.7 7.5 2.5 4 1 3 1 1
3784.3 -837.1 -116.0 24 0 15.2 13.0 7.5 2.5 2 0 3 5 5
3754.7 -826.5 -117.4 206 0 9.6 12.7 7.5 2.5 2 1 3 5 5
3792.2 -820.5 -115.5 24 0 14.9 13.7 5.0 2.5 2 0 2 1 1
3760.0 -813.3 -117.0 200 0 9.1 12.7 7.5 2.5 2 1 3 2 2
3766.5 -798.4 -116.6 202 0 4.3 12.6 7.5 2.5 2 1 3 2 2
3800.4 -801.6 -115.1 23 0 16.6 14.4 7.5 2.5 2 0 3 3 3
3903.5 -928.0 -106.8 202 0 20.3 16.4 10.0 2.5 2 0 4 4 4
3926.1 -966.2 -106.5 27 0 16.3 16.2 12.5 2.5 2 0 5 2 2
3935.8 -948.3 -105.6 26 0 17.8 16.4 10.0 2.5 2 0 4 5 5
3939.1 -926.1 -104.9 295 0 11.6 10.0 5.0 2.5 2 0 2 0 0
3896.1 -950.8 -107.4 189 0 19.0 9.8 7.5 2.5 2 0 3 2 2
3853.1 -804.1 -110.8 297 0 13.3 24.9 10.0 2.5 2 1 4 2 2
3822.1 -811.5 -112.2 206 0 11.3 14.3 7.5 2.5 2 1 3 1 1
3815.9 -635.6 -118.6 97 0 7.0 15.2 5.0 2.5 2 1 2 0 0
3804.5 -635.6 -119.3 97 0 7.1 15.3 5.0 2.5 2 1 2 3 3
3809.4 -598.7 -118.5 282 0 8.0 16.1 7.5 0.0 0 1 3 3 3
3823.1 -592.6 -117.7 284 0 7.6 17.1 7.5 2.5 2 1 3 3 3
3833.7 -595.7 -117.3 281 0 7.6 17.6 5.0 2.5 2 1 2 2 2
3869.4 -605.4 -114.0 283 0 8.3 17.7 7.5 2.5 2 1 3 3 3
3887.6 -590.5 -112.2 108 0 10.0 13.0 7.5 0.0 0 1 3 5 5
3874.6 -589.1 -113.4 105 0 8.0 14.1 5.0 2.5 4 1 2 3 3
3862.2 -585.8 -114.6 107 0 8.1 13.1 7.5 2.5 2 1 3 3 3
3848.8 -580.5 -115.4 106 0 6.9 12.3 5.0 2.5 4 1 2 5 5
3822.9 -572.4 -116.3 111 0 9.2 13.6 5.0 2.5 2 1 2 1 1
3922.7 -594.5 -109.7 26 1 13.6 12.9 10.0 2.5 2 0 4 0 0
3926.3 -631.1 -107.9 216 0 7.3 8.7 5.0 2.5 4 1 2 1 1
3917.8 -564.4 -109.5 288 0 6.6 7.7 5.0 2.5 2 1 2 5 5
3946.1 -541.1 -108.0 28 0 8.6 14.6 5.0 2.5 2 1 2 5 5
3927.6 -506.5 -109.4 295 0 8.1 14.2 7.5 2.5 2 1 3 0 0
3938.9 -511.7 -108.3 294 0 8.4 13.6 5.0 2.5 2 1 2 1 1
3952.9 -516.5 -107.0 295 0 8.7 15.2 5.0 2.5 2 1 2 0 0
3956.5 -552.8 -105.6 205 0 9.3 15.4 7.5 2.5 4 1 3 3 3
3996.6 -520.3 -102.2 110 0 7.7 9.2 5.0 2.5 2 1 2 4 4
3985.2 -498.5 -103.6 116 0 9.0 10.5 7.5 0.0 0 1 3 3 3
3944.3 -480.9 -107.6 117 0 14.3 14.3 7.5 2.5 2 0 3 4 4
3886.6 -467.7 -110.2 216 0 18.1 15.0 7.5 2.5 4 0 3 5 5
3863.0 -449.1 -109.1 220 1 15.9 14.6 10.0 2.5 2 0 4 3 3
3896.7 -422.8 -105.2 311 0 15.9 17.6 12.5 2.5 2 1 5 1 1
3919.3 -440.7 -108.1 312 0 15.9 17.1 12.5 2.5 2 1 5 4 4
3939.7 -426.8 -104.3 39 0 17.8 14.1 10.0 2.5 2 0 4 3 3
3914.0 -417.7 -103.6 126 0 17.0 16.4 10.0 2.5 2 0 4 2 2
3898.2 -403.8 -102.0 130 0 15.5 14.3 7.5 2.5 4 0 3 4 4
3916.4 -373.9 -99.2 304 0 14.5 15.2 7.5 2.5 2 1 3 0 0
3900.8 -360.9 -98.0 302 0 16.8 17.3 10.0 2.5 2 1 4 5 5
3822.5 -468.0 -111.0 216 0 6.8 10.4 7.5 2.5 2 1 3 5 5
3822.1 -443.2 -106.3 46 0 14.4 15.8 7.5 2.5 2 1 3 1 1
3737.3 -477.2 -112.7 209 0 10.6 10.6 7.5 2.5 4 0 3 3 3
3723.0 -508.9 -117.8 210 0 12.0 8.6 5.0 2.5 2 0 2 3 3
3710.4 -523.7 -120.0 226 0 11.4 10.5 7.5 2.5 2 0 3 0 0
3697.3 -537.1 -121.2 228 0 12.5 11.0 5.0 2.5 2 0 2 3 3
3685.1 -549.5 -122.2 225 0 13.6 10.3 5.0 2.5 2 0 2 3 3
3674.2 -561.3 -123.0 226 0 10.2 10.2 5.0 2.5 2 0 2 0 0
3681.7 -531.5 -120.9 22 0 12.3 9.9 5.0 2.5 2 0 2 0 0
3695.1 -517.8 -118.6 30 0 13.4 11.0 5.0 2.5 2 0 2 2 2
3706.0 -500.6 -115.8 23 0 12.6 8.8 7.5 2.5 2 0 3 5 5
3716.1 -487.9 -113.9 26 1 15.0 10.7 10.0 2.5 4 0 4 2 2
3723.6 -462.9 -110.8 299 0 9.9 11.9 7.5 2.5 2 1 3 0 0
3704.1 -452.8 -109.3 298 0 10.9 13.1 5.0 0.0 0 1 2 5 5
3629.3 -526.5 -120.0 35 0 13.1 12.2 5.0 2.5 2 0 2 5 5
3640.5 -508.7 -117.2 25 0 13.9 13.4 7.5 2.5 2 0 3 4 4
3646.5 -492.3 -114.4 22 0 12.6 11.0 7.5 2.5 2 0 3 5 5
3653.0 -475.8 -111.8 19 0 13.7 11.4 7.5 2.5 2 0 3 4 4
3657.5 -457.8 -108.7 19 0 11.5 10.0 7.5 2.5 4 0 3 5 5
3635.0 -425.1 -104.2 205 0 13.5 11.6 5.0 2.5 2 0 2 4 4
3627.1 -443.8 -107.4 202 0 15.6 11.8 5.0 0.0 0 0 2 1 1
3608.0 -494.7 -117.4 202 0 14.6 10.4 7.5 2.5 2 0 3 5 5
3600.7 -513.6 -122.5 203 0 12.9 12.0 7.5 2.5 2 0 3 2 2
3628.5 -409.2 -103.3 26 0 11.9 13.3 5.0 2.5 2 1 2 4 4
3611.6 -442.5 -108.0 20 0 13.4 11.5 7.5 2.5 2 0 3 4 4
3605.5 -459.7 -112.6 23 0 12.5 12.0 7.5 0.0 0 0 3 5 5
3600.1 -476.9 -117.4 22 0 13.0 13.1 7.5 0.0 0 1 3 5 5
4047.2 -735.1 -95.8 89 0 8.0 13.2 5.0 2.5 2 1 2 4 4
4063.7 -733.6 -94.2 88 0 8.5 12.5 5.0 2.5 2 1 2 0 0
4093.8 -729.4 -91.3 91 0 8.5 12.0 5.0 2.5 2 1 2 3 3
4044.3 -751.3 -95.7 267 0 7.2 11.3 5.0 2.5 2 1 2 5 5
4069.9 -747.2 -93.4 265 0 9.8 8.6 7.5 2.5 2 0 3 5 5
4082.5 -784.7 -92.6 358 0 6.8 10.8 5.0 2.5 2 1 2 1 1
4082.1 -793.3 -92.9 0 0 7.4 15.2 5.0 2.5 2 1 2 3 3
4060.1 -681.1 -94.7 211 0 12.4 9.7 7.5 2.5 2 0 3 2 2
4025.5 -711.1 -97.6 182 0 10.3 10.3 7.5 2.5 2 0 3 5 5
4028.3 -686.7 -97.5 192 0 12.2 9.0 7.5 0.0 0 0 3 5 5
4035.9 -667.3 -97.1 210 0 11.2 9.0 5.0 2.5 2 0 2 5 5
4055.6 -606.4 -96.6 80 0 12.5 18.6 5.0 0.0 0 1 2 3 3
4033.4 -578.7 -98.5 271 0 12.5 18.4 7.5 2.5 2 1 3 1 1
4042.5 -621.6 -98.1 68 0 13.6 18.3 7.5 2.5 2 1 3 4 4
4006.1 -581.3 -100.8 204 0 19.5 11.5 5.0 2.5 4 0 2 4 4
4064.1 -506.2 -96.7 292 0 15.5 15.4 7.5 2.5 2 0 3 0 0
4089.1 -551.7 -93.1 203 0 16.7 14.6 5.0 2.5 2 0 2 0 0
4100.4 -526.6 -92.1 202 0 14.9 13.2 5.0 2.5 2 0 2 5 5
4109.9 -507.4 -91.7 205 0 14.4 12.4 7.5 2.5 2 0 3 1 1
4118.7 -489.6 -91.3 206 0 16.0 14.5 7.5 2.5 2 0 3 4 4
4099.4 -497.6 -94.1 20 0 13.7 14.9 7.5 2.5 2 1 3 3 3
4072.3 -495.2 -95.7 112 0 15.3 14.6 7.5 2.5 2 0 3 3 3
4052.8 -488.1 -97.5 113 0 14.1 14.7 7.5 2.5 2 1 3 1 1
4064.1 -456.1 -97.4 291 0 15.0 15.1 7.5 2.5 2 1 3 0 0
3953.4 -431.9 -104.8 193 0 10.3 7.3 7.5 2.5 2 0 3 3 3
4074.2 -401.2 -96.9 204 0 15.5 16.6 10.0 2.5 2 1 4 2 2
4093.8 -377.3 -96.8 293 0 17.9 17.7 12.5 2.5 2 0 5 1 1
4117.7 -433.3 -93.7 8 0 15.0 13.6 7.5 2.5 2 0 3 2 2
4112.1 -392.2 -93.8 190 0 15.2 14.4 7.5 2.5 2 0 3 2 2
4020.3 -415.1 -102.1 290 0 14.7 16.7 7.5 2.5 2 1 3 0 0
4040.0 -424.9 -100.1 291 0 15.5 14.9 7.5 2.5 2 0 3 4 4
4001.9 -409.6 -104.7 293 1 13.7 14.5 10.0 2.5 2 1 4 1 1
4005.1 -396.4 -105.9 111 0 13.6 15.8 12.5 2.5 2 0 5 4 4
4031.6 -411.2 -104.0 112 0 46.4 20.7 10.0 2.5 2 0 4 5 5
3932.2 -366.1 -98.9 121 0 15.1 15.0 7.5 2.5 2 0 3 3 3
3911.5 -352.4 -95.9 125 0 9.4 15.6 5.0 2.5 2 1 2 3 3
3898.5 -341.9 -94.3 124 0 14.2 14.8 5.0 2.5 2 1 2 1 1
3885.3 -332.9 -92.3 123 0 9.7 15.0 7.5 2.5 2 1 3 0 0
3861.8 -308.9 -90.8 217 0 14.5 17.0 7.5 2.5 2 1 3 3 3
3957.9 -195.4 -95.2 5 0 8.8 8.8 7.5 2.5 2 0 3 3 3
3979.4 -311.2 -102.2 15 0 13.0 14.2 7.5 2.5 4 1 3 4 4
3979.9 -291.5 -101.8 14 0 14.4 15.0 7.5 2.5 2 1 3 3 3
3985.0 -271.5 -102.1 14 0 17.3 14.8 10.0 2.5 2 0 4 0 0
4022.2 -312.5 -108.3 288 0 14.3 14.6 7.5 0.0 0 1 3 3 3
4038.0 -331.7 -107.4 106 0 15.9 9.2 5.0 2.5 2 0 2 3 3
4010.0 -292.6 -106.5 104 0 13.9 16.7 7.5 2.5 4 1 3 2 2
4009.4 -264.2 -106.9 192 0 15.9 15.9 12.5 2.5 2 0 5 0 0
4008.9 -222.6 -104.9 106 0 15.4 11.0 7.5 2.5 2 0 3 3 3
4003.8 -191.2 -102.7 283 0 23.6 11.3 10.0 2.5 2 0 4 5 5
4105.4 -226.3 -111.1 190 0 18.8 14.8 12.5 2.5 2 0 5 5 5
4110.2 -203.3 -119.2 193 0 20.3 14.6 15.0 0.0 0 0 6 0 0
4138.0 -231.0 -109.7 9 0 17.5 13.3 7.5 2.5 2 0 3 0 0
4139.2 -193.9 -119.3 286 0 12.3 22.1 10.0 2.5 2 1 4 3 3
4452.9 -129.4 -106.2 289 0 8.1 43.2 7.5 2.5 4 1 3 3 3
4502.8 -108.0 -116.1 288 0 9.2 12.2 2.5 2.5 2 1 1 0 0
4549.0 -149.0 -123.1 271 0 11.5 4.8 5.0 0.0 0 0 2 4 4
4161.3 -908.1 -93.9 201 0 16.6 14.9 5.0 2.5 2 0 2 4 4
4168.6 -887.4 -94.5 202 0 15.8 16.1 7.5 2.5 4 1 3 0 0
4176.5 -866.8 -95.2 202 0 16.6 14.7 5.0 0.0 0 0 2 0 0
4137.6 -875.4 -93.4 22 0 15.6 14.7 5.0 2.5 2 0 2 4 4
4130.3 -895.1 -92.8 21 0 15.5 15.2 2.5 0.0 0 0 1 4 4
4116.6 -923.6 -93.3 97 0 28.5 22.2 10.0 0.0 0 0 4 5 5
4094.3 -919.6 -94.0 85 0 14.1 16.4 5.0 2.5 2 1 2 2 2
4083.5 -1024.7 -96.2 144 0 8.0 13.0 5.0 2.5 2 1 2 4 4
4109.8 -1023.0 -95.2 59 0 8.2 13.1 5.0 2.5 4 1 2 4 4
4078.9 -1006.1 -96.4 238 0 13.6 9.1 5.0 2.5 2 0 2 1 1
4076.6 -1035.8 -97.5 328 0 16.5 14.3 7.5 0.0 0 0 3 5 5
4063.6 -1018.0 -97.9 325 0 16.9 15.3 7.5 2.5 2 0 3 5 5
4047.5 -1056.3 -98.6 141 0 16.2 15.3 5.0 2.5 2 0 2 3 3
4032.6 -1064.8 -100.2 315 0 15.0 14.8 7.5 2.5 2 0 3 2 2
4008.2 -1061.6 -100.6 139 0 14.6 14.5 5.0 2.5 2 0 2 2 2
4006.0 -1035.9 -101.1 318 0 14.8 16.4 7.5 0.0 0 1 3 0 0
4033.3 -1040.7 -99.0 142 0 15.3 13.0 5.0 2.5 2 0 2 1 1
4018.9 -1022.4 -99.4 143 0 21.6 17.0 12.5 2.5 2 0 5 3 3
3687.5 -976.3 -121.7 195 0 17.1 24.2 10.0 2.5 2 1 4 2 2
3794.9 -861.7 -114.2 263 0 5.8 11.2 7.5 2.5 2 1 3 4 4
3812.8 -871.8 -112.7 177 0 6.8 5.4 7.5 2.5 2 0 3 4 4
3853.8 -1069.7 -110.9 299 0 16.7 19.0 10.0 0.0 0 1 4 4 4
3656.6 -591.5 -124.5 143 0 29.6 10.9 7.5 2.5 2 0 3 3 3
4058.0 -980.7 -96.8 215 0 12.3 20.3 10.0 2.5 2 1 4 5 5
4095.5 -975.3 -95.1 303 0 7.7 6.7 5.0 2.5 2 0 2 5 5
4009.2 -1084.5 -101.3 325 0 16.1 15.6 10.0 2.5 2 0 4 2 2
3993.0 -1070.1 -102.3 317 0 15.8 14.0 5.0 2.5 2 0 2 5 5
3979.2 -1054.9 -103.2 317 0 14.4 14.2 7.5 0.0 0 0 3 3 3
3950.5 -1026.4 -105.1 318 0 14.9 13.4 5.0 2.5 2 0 2 0 0
3991.8 -1021.2 -102.0 316 0 15.1 15.2 7.5 2.5 2 1 3 0 0
3978.1 -1006.2 -102.8 320 0 14.9 14.2 5.0 2.5 2 0 2 5 5
3967.9 -992.4 -103.3 317 0 8.8 13.7 5.0 2.5 2 1 2 1 1
3982.3 -1102.5 -101.5 318 0 13.2 14.5 7.5 2.5 2 1 3 0 0
3968.1 -1087.9 -103.5 315 0 15.0 14.7 7.5 2.5 2 0 3 2 2
3953.2 -1075.0 -105.0 317 0 14.7 13.8 7.5 2.5 2 0 3 2 2
3940.5 -1059.2 -106.0 317 0 14.6 14.9 5.0 2.5 2 1 2 5 5
3927.5 -1045.3 -107.0 320 0 14.9 15.3 5.0 2.5 2 1 2 2 2
1314.1 -5200.7 27.6 76 0 13.6 11.7 3.5 2.5 2 0 1 4 4
