-4407.9 -474.9 -209.5 117 0 15.5 17.3 14.0 3.5 2 1 4 1 1
-4391.6 -416.3 -209.4 297 0 22.1 10.7 10.5 3.5 2 0 3 1 1
-4479.8 -390.8 -195.0 245 0 8.8 17.4 7.5 2.5 2 1 3 0 0
-4769.9 9921.3 -211.7 5 0 7.5 13.4 7.5 0.0 0 1 3 0 0
-5088.8 9554.2 -185.3 172 0 19.5 10.0 2.5 2.5 2 0 1 1 1
-4935.0 10021.8 -204.6 71 0 6.9 7.4 7.5 0.0 0 1 3 3 3
-4643.7 9414.9 -184.6 42 0 5.3 6.9 5.0 2.5 2 1 2 4 4
-5360.4 9449.4 -124.4 300 0 5.6 6.3 2.5 2.5 2 1 1 0 0
-4641.6 9868.3 -216.5 359 0 5.6 9.5 5.0 2.5 2 1 2 3 3
-4916.6 10006.1 -208.7 332 0 6.6 5.0 7.5 2.5 2 0 3 3 3
-4644.9 9789.6 -211.2 87 0 5.3 7.2 5.0 2.5 2 1 2 5 5
-5113.3 9417.9 -182.2 195 0 5.3 10.1 7.5 2.5 2 1 3 4 4
-5109.9 9976.2 -212.0 304 0 4.2 8.2 7.5 2.5 2 1 3 1 1
-5067.0 6270.3 5.3 53 0 7.0 7.5 5.0 2.5 2 1 2 5 5
-5189.2 5701.3 138.9 49 0 8.6 10.0 7.5 2.5 2 1 3 5 5
-5559.1 5981.5 52.8 92 0 11.1 13.4 7.5 2.5 2 1 3 3 3
-5007.7 5837.1 79.9 66 0 9.1 12.4 7.5 2.5 2 1 3 3 3
-4957.1 5712.4 85.0 37 0 11.6 9.6 7.5 2.5 2 0 3 3 3
-4343.2 7166.6 -152.3 50 0 7.9 8.2 5.0 0.0 0 1 2 1 1
-4302.4 7181.9 -147.9 33 0 17.5 17.5 15.0 0.0 0 1 6 1 1
-6655.2 -1627.0 192.9 49 0 4.6 10.2 7.5 2.5 2 1 3 5 5
-6656.0 -1665.4 195.2 66 0 7.9 12.4 5.0 2.5 2 1 2 5 5
-6594.3 -1803.4 202.0 342 0 6.1 8.6 5.0 2.5 2 1 2 0 0
-6652.8 -1541.3 184.9 124 0 8.3 15.2 7.5 2.5 4 1 3 0 0
-6658.2 -1884.9 214.5 179 0 9.6 12.2 5.0 0.0 0 1 2 3 3
-6660.9 -1953.9 215.7 182 0 9.2 5.7 7.5 2.5 2 0 3 1 1
-3661.9 1758.9 -210.7 90 0 11.7 15.2 5.0 2.5 4 1 2 1 1
-3668.3 1737.6 -211.6 259 0 12.0 6.9 5.0 0.0 0 0 2 5 5
-4141.4 491.6 -166.1 301 0 12.2 11.8 5.0 0.0 0 0 2 4 4
-5086.9 739.3 -116.2 100 0 9.4 6.2 5.0 2.5 4 0 2 3 3
-5305.3 908.6 -69.8 291 0 16.6 5.7 7.5 0.0 0 0 3 0 0
-4517.9 1812.2 -198.7 244 0 43.9 22.9 12.5 0.0 0 0 5 4 4
-5019.2 1882.3 -182.5 174 0 27.0 14.5 10.0 2.5 2 0 4 1 1
-3666.4 1067.3 -217.4 211 0 17.8 8.0 7.5 2.5 2 0 3 0 0
-3751.0 929.1 -220.6 190 0 10.7 9.2 5.0 2.5 2 0 2 3 3
-3347.0 1608.4 -218.3 194 0 5.5 24.5 7.5 2.5 2 1 3 1 1
-3984.2 1326.1 -172.7 201 0 7.5 19.9 5.0 2.5 2 1 2 3 3
-3931.3 1170.5 -179.1 42 0 11.8 14.5 7.5 2.5 2 1 3 5 5
-4331.6 104.9 -184.7 277 0 15.2 17.2 10.0 2.5 2 1 4 4 4
-4297.3 40.8 -183.8 3 0 11.9 36.8 10.0 0.0 0 1 4 4 4
-4448.6 85.6 -175.5 186 0 13.0 50.0 12.5 0.0 0 1 5 4 4
-5064.0 2242.6 -172.9 2 0 23.7 11.6 10.0 2.5 2 0 4 2 2
-5082.3 2209.5 -168.2 90 0 6.7 19.8 2.5 2.5 2 1 1 3 3
-4909.3 2797.1 -180.4 39 0 21.8 11.5 10.0 0.0 0 0 4 4 4
-3456.5 1605.2 -209.8 135 0 12.6 16.4 5.0 2.5 2 1 2 5 5
-6692.4 -3344.3 158.9 108 0 10.4 15.8 5.0 0.0 0 1 2 4 4
-6726.0 -3367.5 148.7 229 0 7.4 4.7 5.0 2.5 2 0 2 3 3
-6691.9 -3378.7 152.8 93 0 5.4 7.5 7.5 2.5 2 1 3 4 4
-6666.2 -3373.4 157.3 183 0 5.0 6.7 2.5 2.5 2 1 1 3 3
-6632.6 -3430.9 143.0 204 0 5.2 10.1 7.5 2.5 2 1 3 1 1
