-6394.8 -5620.1 -0.1 109 0 13.6 13.1 5.0 2.5 2 0 2 5 5
-6379.5 -5599.8 0.3 21 0 13.6 16.3 5.0 2.5 2 1 2 1 1
-6375.0 -5583.5 0.4 19 0 12.9 15.1 5.0 2.5 2 1 2 5 5
-6385.9 -5563.2 0.4 199 0 13.2 15.6 5.0 2.5 2 1 2 0 0
-6371.4 -5544.3 0.7 290 0 16.7 12.0 5.0 2.5 2 0 2 2 2
-6355.6 -5658.2 1.0 110 0 17.5 13.6 5.0 2.5 2 0 2 4 4
-6346.8 -5610.4 2.2 200 0 13.2 15.6 5.0 2.5 2 1 2 5 5
-6304.6 -5590.6 3.8 10 0 12.5 13.9 5.0 2.5 2 1 2 5 5
-6306.0 -5614.1 3.3 10 0 12.8 17.5 5.0 2.5 2 1 2 4 4
-6309.2 -5636.5 2.7 9 0 11.9 18.1 7.5 2.5 2 1 3 2 2
-6314.4 -5658.6 1.8 8 0 11.2 17.6 5.0 2.5 2 1 2 0 0
-6405.9 -5769.5 -4.8 199 0 11.9 15.1 5.0 2.5 4 1 2 1 1
-6394.6 -5738.6 -3.3 197 0 12.0 14.4 5.0 2.5 4 1 2 5 5
-6389.3 -5723.0 -2.6 196 0 13.0 15.6 5.0 2.5 2 1 2 2 2
-6383.7 -5706.1 -1.8 199 0 14.0 16.6 5.0 0.0 0 1 2 1 1
-6378.2 -5691.0 -1.0 200 0 11.9 16.4 5.0 2.5 2 1 2 1 1
-6361.1 -5671.7 -0.1 289 0 19.1 10.6 5.0 2.5 2 0 2 1 1
-6365.6 -5829.5 -6.2 2 0 13.2 17.1 5.0 2.5 2 1 2 0 0
-6363.1 -5807.8 -5.3 2 0 12.7 17.3 5.0 2.5 2 1 2 0 0
-6360.0 -5787.8 -4.5 4 0 12.2 17.3 5.0 2.5 2 1 2 1 1
-6358.3 -5766.7 -3.7 3 0 13.1 17.4 5.0 2.5 2 1 2 3 3
-6357.6 -5746.5 -2.9 3 0 12.4 16.3 5.0 2.5 2 1 2 4 4
-6352.9 -5727.9 -2.0 2 0 12.6 15.2 5.0 2.5 2 1 2 0 0
-6250.8 -5795.0 -0.8 141 0 11.8 12.2 5.0 2.5 2 1 2 3 3
-6202.3 -5787.2 -0.9 322 0 12.6 13.1 5.0 2.5 2 1 2 3 3
-6214.5 -5768.8 -0.0 322 0 11.4 12.3 5.0 0.0 0 1 2 5 5
-6247.8 -5763.0 0.2 231 0 13.3 14.5 5.0 2.5 2 1 2 4 4
-6248.5 -5750.0 1.0 143 0 13.6 15.8 5.0 2.5 2 1 2 1 1
-6211.9 -5742.9 1.0 320 0 13.4 16.7 7.5 2.5 2 1 3 5 5
-6246.6 -5725.3 2.0 145 0 12.3 12.7 7.5 2.5 2 1 3 5 5
-6199.9 -5711.4 2.8 48 0 13.3 16.0 5.0 2.5 2 1 2 3 3
-6243.4 -5670.5 3.7 226 0 14.6 15.2 5.0 2.5 2 1 2 3 3
-6243.3 -5649.0 4.6 228 0 11.5 16.3 5.0 2.5 2 1 2 3 3
-6223.2 -5661.0 4.6 228 0 11.9 16.4 5.0 2.5 2 1 2 1 1
-6180.6 -5691.1 3.7 45 0 13.4 15.3 5.0 2.5 2 1 2 1 1
-6239.3 -5623.5 5.7 223 0 13.1 15.4 5.0 2.5 2 1 2 5 5
-6207.2 -5627.0 6.2 312 0 15.7 13.0 5.0 2.5 2 0 2 5 5
-6182.7 -5665.7 4.8 46 0 15.8 17.7 10.0 2.5 2 1 4 0 0
-6155.9 -5691.7 3.5 43 0 13.2 16.2 5.0 2.5 2 1 2 0 0
-6161.2 -5639.2 5.5 312 0 16.6 11.3 5.0 2.5 2 0 2 3 3
-6128.0 -5673.8 4.2 42 0 13.5 15.5 5.0 2.5 2 1 2 1 1
-6839.3 -5674.9 -7.7 148 0 11.6 11.2 5.0 2.5 2 0 2 1 1
-6879.6 -5605.2 -1.3 148 0 11.6 11.2 5.0 2.5 2 0 2 5 5
-6868.1 -5640.8 -7.8 328 0 11.6 11.2 10.0 2.5 4 0 4 4 4
-6858.3 -5657.4 -8.7 328 0 11.6 11.2 5.0 2.5 2 0 2 3 3
-6840.4 -5690.6 -9.4 328 0 11.6 11.2 5.0 2.5 2 0 2 0 0
-6910.1 -5640.8 -9.9 148 0 11.6 11.2 5.0 2.5 2 0 2 4 4
-6895.6 -5713.1 -12.8 148 0 11.6 11.2 5.0 2.5 2 0 2 1 1
-6937.8 -5674.1 -10.5 238 0 11.2 11.6 2.5 2.5 2 1 1 0 0
-6918.3 -5696.4 -11.4 328 0 11.6 11.2 7.5 2.5 4 0 3 3 3
-6807.1 -6017.1 -18.2 65 0 11.9 15.1 2.5 2.5 4 1 1 1 1
-6835.1 -6027.8 -15.1 65 0 11.9 15.1 7.5 2.5 2 1 3 3 3
-6851.2 -5976.0 -14.7 245 0 11.9 15.1 7.5 0.0 0 1 3 5 5
-6866.5 -5981.0 -13.1 245 0 11.9 15.1 2.5 2.5 2 1 1 4 4
-6882.1 -5984.8 -11.4 245 0 11.9 15.1 7.5 2.5 2 1 3 4 4
-6861.1 -6040.4 -12.2 65 0 11.9 15.1 5.0 0.0 0 1 2 4 4
-6896.3 -5988.2 -9.9 245 0 11.9 15.1 5.0 0.0 0 1 2 2 2
-6886.3 -6078.0 -9.0 65 0 11.9 15.1 2.5 2.5 2 1 1 3 3
-6921.4 -6003.4 -7.0 245 0 11.9 15.1 5.0 2.5 2 1 2 4 4
-6918.3 -6076.7 -5.8 65 0 11.9 15.1 2.5 2.5 2 1 1 5 5
