-1827.5 -4567.4 -173.0 21 0 7.1 5.6 7.5 2.5 2 0 3 3 3
-1778.0 -4702.4 -131.5 93 0 12.1 9.8 7.5 2.5 2 0 3 0 0
-1828.8 -4590.6 -166.6 1 0 9.3 12.5 5.0 2.5 2 1 2 2 2
-1700.2 -4708.3 -124.8 332 0 6.3 5.4 2.5 0.0 0 0 1 4 4
-1899.7 -4696.5 -168.9 202 0 5.5 8.5 5.0 2.5 4 1 2 3 3
2626.0 -1141.5 -187.9 69 0 15.9 24.4 12.5 2.5 2 1 5 4 4
2660.6 2456.2 24.4 72 0 24.5 21.8 10.0 2.5 2 0 4 3 3
2099.4 2667.6 54.3 185 0 7.0 8.8 5.0 2.5 2 1 2 5 5
2119.0 2656.8 56.0 0 0 6.4 7.2 2.5 2.5 2 1 1 5 5
1691.5 -3637.4 -93.4 50 0 10.1 14.0 5.0 2.5 2 1 2 3 3
3796.3 -2703.4 -156.8 173 0 23.0 13.8 12.5 2.5 2 0 5 2 2
3860.8 -1747.1 -127.4 263 0 13.7 11.4 10.0 0.0 0 0 4 0 0
3815.3 -1714.4 -128.2 98 0 7.0 8.3 5.0 2.5 2 1 2 3 3
2494.8 -1093.9 -191.5 295 0 11.9 32.0 12.5 2.5 2 1 5 0 0
2505.7 -1103.3 -190.1 245 0 10.4 21.5 10.0 2.5 2 1 4 2 2
2676.5 -743.9 -195.7 255 0 9.0 18.0 7.5 2.5 2 1 3 1 1
1393.6 -1530.8 -183.9 137 0 10.6 17.6 7.5 2.5 2 1 3 4 4
-1662.5 -9485.1 174.8 353 0 11.5 12.7 5.0 2.5 2 1 2 3 3
-1634.0 -9536.4 183.3 352 0 20.4 13.7 12.5 2.5 4 0 5 5 5
-1915.1 -6630.0 75.4 128 0 11.4 38.6 10.0 2.5 2 1 4 2 2
-962.0 -4486.4 -157.7 351 0 11.1 16.7 12.5 0.0 0 1 5 0 0
-823.8 -4312.5 -180.3 101 0 9.6 11.0 7.5 2.5 2 1 3 3 3
-703.9 -4250.6 -184.5 201 0 9.8 13.5 7.5 2.5 2 1 3 0 0
-689.4 -4166.8 -192.9 287 0 6.3 8.5 7.5 2.5 2 1 3 1 1
-676.5 -4157.5 -194.2 274 0 9.0 12.6 7.5 2.5 2 1 3 3 3
-618.6 -4214.4 -191.1 63 0 19.8 11.1 7.5 2.5 4 0 3 4 4
231.4 -3750.4 -179.0 152 0 25.4 23.0 10.0 0.0 0 0 4 3 3
5212.7 8505.5 -152.2 351 0 22.7 20.7 12.5 0.0 0 0 5 4 4
4449.3 7143.5 -171.5 1 0 7.4 9.8 7.5 2.5 2 1 3 0 0
5202.1 8021.0 -191.5 78 0 5.7 10.1 7.5 2.5 2 1 3 3 3
-3979.3 -9651.3 -169.1 218 0 10.1 8.0 5.0 2.5 2 0 2 2 2
-4029.6 -9202.9 -199.9 105 0 4.6 8.7 7.5 2.5 4 1 3 5 5
-4029.9 -9222.2 -200.6 190 0 8.2 5.5 5.0 2.5 2 0 2 2 2
-198.7 -4339.1 -143.0 190 0 12.2 13.8 5.0 2.5 2 1 2 1 1
-202.3 -4288.5 -155.1 40 0 11.7 4.5 7.5 2.5 4 0 3 2 2
-161.5 -4180.0 -159.9 351 0 11.1 12.9 5.0 2.5 2 1 2 1 1
-217.1 -4104.6 -181.3 208 0 12.3 7.1 5.0 2.5 2 0 2 0 0
1213.2 -1526.5 -171.2 102 0 23.9 8.8 7.5 2.5 2 0 3 4 4
3819.3 -1018.6 -142.0 72 0 14.6 16.3 10.0 2.5 4 1 4 5 5
5511.3 -1261.4 -12.0 202 0 9.1 8.2 5.0 2.5 2 0 2 0 0
5491.1 -1314.3 -11.4 209 0 6.6 6.6 7.5 2.5 4 1 3 4 4
3274.3 -2513.5 -170.8 122 0 9.7 10.1 2.5 0.0 0 1 1 4 4
3297.7 -2559.3 -168.9 312 0 9.7 21.8 5.0 0.0 0 1 2 1 1
3226.1 -2089.3 -177.0 11 0 6.7 18.4 7.5 2.5 2 1 3 2 2
5354.1 -2128.6 -32.4 205 0 5.0 9.6 7.5 2.5 2 1 3 2 2
5159.4 -2144.9 -45.9 151 0 5.8 9.5 7.5 2.5 2 1 3 5 5
4428.5 -2403.3 -72.4 98 0 5.2 9.8 7.5 2.5 2 1 3 5 5
4352.7 -2250.0 -53.4 208 0 21.8 13.1 12.5 2.5 2 0 5 1 1
4344.1 -2270.8 -57.8 203 0 15.3 20.0 12.5 2.5 2 1 5 1 1
6059.5 -2843.4 75.8 333 0 28.8 39.5 10.0 0.0 0 1 4 0 0
3827.9 -2193.6 -157.0 76 0 6.5 15.7 5.0 2.5 2 1 2 1 1
3777.8 -2190.9 -160.0 337 0 6.0 6.4 2.5 2.5 4 1 1 2 2
3819.8 -2297.6 -160.7 300 0 6.8 8.8 5.0 2.5 2 1 2 1 1
3856.0 -2400.8 -156.2 334 0 11.7 17.1 5.0 2.5 2 1 2 1 1
3897.4 -2443.0 -150.0 152 0 15.6 16.1 12.5 2.5 4 1 5 4 4
3926.9 -2509.4 -149.8 153 0 9.4 12.5 7.5 2.5 4 1 3 1 1
3935.3 -2540.5 -150.8 182 0 8.5 8.2 7.5 2.5 2 0 3 5 5
3953.8 -2606.6 -151.8 343 0 12.0 11.3 7.5 2.5 2 0 3 0 0
3965.0 -2591.1 -149.4 157 0 8.5 7.0 5.0 2.5 2 0 2 1 1
4031.0 -2485.7 -131.6 55 0 12.2 8.0 5.0 2.5 2 0 2 5 5
4063.3 -2589.0 -133.9 253 0 14.7 15.9 7.5 2.5 2 1 3 3 3
4002.7 -2695.0 -144.9 206 0 14.2 16.9 5.0 0.0 0 1 2 3 3
3996.3 -2714.2 -145.8 214 0 7.5 7.6 7.5 2.5 2 1 3 4 4
3931.5 -2773.2 -150.8 260 0 10.0 11.2 7.5 2.5 4 1 3 4 4
3928.4 -2768.8 -151.2 80 0 14.8 7.2 5.0 2.5 2 0 2 3 3
3904.6 -2704.9 -152.7 332 0 9.6 14.1 2.5 2.5 2 1 1 5 5
3868.6 -2879.7 -149.8 77 0 8.6 14.9 2.5 2.5 2 1 1 4 4
3833.6 -2803.5 -152.4 339 0 9.7 27.3 7.5 0.0 0 1 3 5 5
3714.9 -2833.8 -138.8 101 0 8.9 14.7 7.5 2.5 2 1 3 5 5
3193.1 -2975.7 -113.0 175 0 12.5 25.2 10.0 2.5 4 1 4 4 4
3225.9 -2927.1 -116.1 221 0 13.0 16.0 5.0 2.5 2 1 2 2 2
-3007.7 -7340.3 -196.1 27 0 6.0 5.7 5.0 2.5 2 0 2 5 5
-3046.0 -7494.9 -192.9 214 0 7.5 12.9 7.5 2.5 2 1 3 2 2
-3114.3 -7543.3 -197.5 85 0 6.7 9.1 5.0 2.5 2 1 2 1 1
-1004.3 -7533.3 143.0 154 0 21.8 13.1 7.5 2.5 2 0 3 3 3
-1011.5 -7501.9 137.3 359 0 13.1 9.0 2.5 2.5 2 0 1 0 0
-1563.4 -7001.4 110.7 299 0 10.6 7.1 5.0 2.5 2 0 2 3 3
-947.6 -7608.3 170.0 203 0 11.4 8.9 2.5 0.0 0 0 1 3 3
-878.6 -8295.9 123.5 241 0 5.7 7.1 7.5 2.5 2 1 3 5 5
-1709.3 -9412.6 177.7 201 0 8.0 4.4 7.5 2.5 2 0 3 2 2
-1705.4 -9592.2 169.1 156 0 13.1 11.7 5.0 0.0 0 0 2 2 2
-1687.7 -9603.9 172.2 49 0 5.7 6.6 2.5 2.5 4 1 1 4 4
-1793.8 -9666.1 161.0 276 0 15.8 11.6 5.0 2.5 2 0 2 0 0
-580.7 -4360.4 -168.4 300 0 9.8 11.0 7.5 2.5 2 1 3 2 2
769.6 -3461.4 -186.8 98 0 14.3 4.2 5.0 2.5 2 0 2 4 4
1075.1 -3081.8 -185.3 83 0 7.3 4.4 7.5 2.5 2 0 3 0 0
1007.4 -3139.8 -195.4 11 0 10.0 9.7 5.0 2.5 2 0 2 2 2
959.3 -3148.4 -197.8 251 0 7.9 4.6 7.5 2.5 2 0 3 3 3
921.0 -3160.6 -199.5 360 0 12.2 9.5 5.0 2.5 2 0 2 3 3
897.1 -3148.7 -200.2 182 0 14.1 7.1 7.5 2.5 4 0 3 0 0
909.3 -3248.0 -199.7 0 0 12.7 13.1 5.0 2.5 2 1 2 0 0
909.3 -3280.1 -199.0 340 0 6.6 9.2 7.5 2.5 2 1 3 2 2
985.9 -3065.5 -192.0 295 0 10.6 10.9 5.0 2.5 4 1 2 2 2
976.4 -3058.3 -192.4 289 0 6.9 4.4 2.5 2.5 2 0 1 0 0
987.0 -3230.9 -195.9 268 0 12.0 12.5 7.5 2.5 2 1 3 5 5
1071.4 -3533.9 -164.6 235 0 10.9 10.2 7.5 2.5 2 0 3 0 0
1270.1 -3541.8 -152.3 352 0 10.1 5.3 5.0 2.5 2 0 2 4 4
1262.1 -3746.2 -106.7 68 0 9.8 7.1 7.5 2.5 2 0 3 4 4
1135.7 -3718.6 -122.6 76 0 8.9 5.2 7.5 0.0 0 0 3 4 4
1141.6 -3650.7 -137.9 292 0 6.2 10.0 7.5 2.5 4 1 3 3 3
5860.2 -54.8 -47.7 61 0 6.4 9.5 5.0 2.5 2 1 2 3 3
4094.5 628.1 -109.3 88 0 5.9 9.1 5.0 2.5 2 1 2 4 4
5134.1 -862.8 29.3 107 0 5.0 8.7 5.0 2.5 2 1 2 4 4
5334.8 -912.8 12.5 350 0 6.5 9.5 7.5 2.5 2 1 3 5 5
5263.9 -951.4 6.2 310 0 20.1 11.2 5.0 0.0 0 0 2 0 0
5355.8 -2462.3 13.6 16 0 9.7 12.9 2.5 2.5 2 1 1 3 3
5367.0 -2492.5 18.0 3 0 15.7 11.9 7.5 2.5 2 0 3 4 4
5656.7 -1034.1 -9.2 151 0 6.7 7.7 2.5 2.5 2 1 1 5 5
5502.9 -927.5 0.2 71 0 6.6 7.8 7.5 0.0 0 1 3 1 1
5098.9 -701.7 30.9 141 0 5.9 6.0 2.5 2.5 2 1 1 2 2
-1748.9 -9260.9 193.3 72 0 15.3 10.3 7.5 2.5 2 0 3 4 4
-1826.6 -9433.7 164.8 106 0 8.5 7.5 2.5 2.5 2 0 1 3 3
-1809.9 -9478.4 157.9 246 0 5.1 7.8 7.5 2.5 4 1 3 4 4
-2167.9 -8997.0 110.9 58 0 11.5 7.9 2.5 2.5 4 0 1 1 1
1345.1 -1436.8 -197.6 32 0 18.7 16.1 10.0 2.5 2 0 4 0 0
1596.1 -1484.9 -193.6 259 0 10.3 6.4 7.5 2.5 2 0 3 3 3
1597.4 -1599.3 -179.9 297 0 11.1 15.3 7.5 2.5 2 1 3 0 0
1347.1 -1523.9 -183.4 313 0 15.8 13.4 7.5 0.0 0 0 3 2 2
1539.4 -1528.5 -189.7 260 0 5.0 11.8 2.5 2.5 2 0 1 5 5
1397.3 -1578.0 -179.2 292 0 15.0 19.7 10.0 2.5 2 0 4 0 0
1427.2 -1562.7 -181.9 102 0 10.5 23.4 7.5 0.0 0 1 3 4 4
1492.4 -1633.8 -173.8 96 0 13.1 8.9 2.5 2.5 2 0 1 5 5
1410.4 -1580.0 -178.5 262 0 12.4 17.4 5.0 2.5 2 0 2 1 1
1476.1 -1631.2 -174.1 115 0 5.0 8.3 5.0 2.5 2 0 2 0 0
1562.2 -1494.8 -193.4 270 0 13.0 11.2 5.0 2.5 2 0 2 1 1
1509.1 -1552.0 -188.9 180 0 21.0 17.2 10.0 2.5 2 0 4 5 5
1562.2 -1682.7 -168.6 184 0 13.1 15.4 7.5 0.0 0 1 3 3 3
1308.0 -1477.8 -186.9 127 0 10.6 16.3 7.5 2.5 2 1 3 3 3
873.2 -1770.6 -147.1 64 0 10.7 15.0 7.5 2.5 2 1 3 4 4
1365.6 -1511.3 -186.1 140 0 14.1 20.8 12.5 0.0 0 1 5 4 4
1369.3 -1567.1 -181.3 348 0 28.7 14.0 15.0 0.0 0 0 6 4 4
1602.3 -1531.5 -189.1 4 0 14.5 14.5 10.0 2.5 2 1 4 1 1
1522.8 -1499.5 -193.7 263 0 6.0 10.8 7.5 2.5 2 0 3 2 2
1529.5 -1522.6 -190.8 250 0 9.7 8.4 7.5 2.5 2 0 3 2 2
1593.3 -1665.1 -171.2 272 0 13.7 17.8 10.0 2.5 2 1 4 2 2
1504.8 -1522.5 -192.0 179 0 10.7 13.9 10.0 2.5 2 1 4 3 3
3781.1 -2043.5 -154.4 54 0 11.2 4.0 5.0 2.5 2 0 2 3 3
3785.0 -2154.1 -158.2 162 0 6.3 10.8 5.0 2.5 2 1 2 2 2
3741.2 -2056.7 -156.8 169 0 6.0 22.5 7.5 2.5 2 1 3 5 5
3726.3 -2364.0 -165.5 63 0 9.4 7.5 7.5 2.5 2 0 3 4 4
3664.6 -2387.8 -167.7 163 0 11.0 15.8 5.0 2.5 2 1 2 0 0
3604.9 -2319.2 -169.1 238 0 8.5 6.2 5.0 2.5 2 0 2 5 5
3691.9 -2435.0 -166.6 337 0 6.9 20.6 7.5 0.0 0 1 3 5 5
5058.6 8140.3 -188.4 253 0 4.6 6.8 5.0 2.5 2 1 2 2 2
4122.1 6593.6 -205.0 95 0 5.2 7.8 2.5 2.5 2 1 1 0 0
2173.7 -1650.3 -182.2 84 0 15.6 17.7 10.0 2.5 2 1 4 2 2
