-720.2 3613.9 -8.6 85 0 12.1 12.8 7.5 2.5 2 1 3 5 5
-628.7 3667.1 -10.8 85 0 12.1 12.8 7.5 2.5 2 1 3 4 4
-724.7 3655.5 -8.8 85 0 12.1 12.8 5.0 2.5 2 1 2 4 4
-645.2 3666.4 -10.4 85 0 12.1 12.8 2.5 0.0 0 1 1 4 4
-690.5 3661.0 -9.5 85 0 12.1 12.8 5.0 2.5 2 1 2 2 2
-712.0 3691.3 -9.3 265 0 12.1 12.8 7.5 2.5 2 1 3 2 2
-728.9 3687.8 -8.9 265 0 12.1 12.8 2.5 2.5 2 1 1 1 1
-622.8 3626.5 -10.6 85 0 12.1 12.8 7.5 2.5 2 1 3 5 5
-707.8 3658.3 -9.2 85 0 12.1 12.8 5.0 2.5 2 1 2 5 5
-663.9 3663.8 -10.1 85 0 12.1 12.8 5.0 2.5 2 1 2 2 2
-650.8 3698.8 -10.5 265 0 12.1 12.8 10.0 0.0 0 1 4 1 1
-743.2 3654.1 -8.5 85 0 12.1 12.8 5.0 2.5 2 1 2 2 2
-748.5 3687.2 -8.6 265 0 12.1 12.8 5.0 2.5 2 1 2 3 3
-706.5 3649.0 -9.1 265 0 12.1 12.8 10.0 2.5 2 1 4 1 1
-606.4 3629.5 -10.9 85 0 12.1 12.8 2.5 0.0 0 1 1 5 5
-703.6 3617.4 -8.9 85 0 12.1 12.8 5.0 0.0 0 1 2 5 5
-336.4 10910.3 -18.1 47 0 19.4 28.6 7.5 2.5 2 1 3 2 2
-435.8 10948.4 -16.0 312 0 4.0 8.7 2.5 2.5 2 1 1 3 3
-445.1 10960.4 -15.7 314 0 3.9 11.0 5.0 2.5 2 1 2 2 2
-508.0 10901.6 -6.5 166 0 11.3 19.7 12.5 0.0 0 1 5 0 0
-485.4 10964.9 -12.5 275 0 14.0 21.5 12.5 0.0 0 1 5 0 0
-465.6 10945.6 -13.7 265 0 10.8 19.2 5.0 2.5 2 1 2 3 3
-457.7 10895.9 -11.5 46 0 16.4 18.0 12.5 0.0 0 1 5 4 4
-1658.4 7490.7 -10.0 270 0 18.1 28.8 10.0 0.0 0 1 4 4 4
-1979.8 8187.1 -3.1 186 0 18.8 7.6 5.0 2.5 2 0 2 0 0
-1962.4 8177.9 -4.3 96 0 21.1 14.4 10.0 2.5 2 0 4 0 0
-1061.7 10683.9 -14.0 122 0 12.7 25.0 10.0 0.0 0 1 4 4 4
-1469.3 9749.5 -10.9 323 0 10.5 21.9 7.5 0.0 0 1 3 1 1
-1838.7 7290.9 -6.7 144 0 10.3 19.9 7.5 2.5 4 1 3 4 4
-2719.5 2988.3 1.0 265 0 15.8 21.6 10.0 2.5 2 1 4 2 2
-2765.9 3190.4 1.0 149 0 14.2 13.8 7.5 2.5 2 0 3 1 1
-2726.5 3166.0 0.9 319 0 22.8 15.4 7.5 2.5 2 0 3 2 2
-2693.0 3238.8 0.7 50 0 22.6 11.6 7.5 2.5 2 0 3 0 0
-1854.3 4668.0 -5.7 266 0 18.4 56.5 10.0 2.5 2 1 4 1 1
-1443.7 4878.3 -3.7 321 0 13.5 18.0 5.0 2.5 2 1 2 2 2
-1149.9 4110.1 -6.8 252 0 13.0 23.4 7.5 2.5 2 0 3 2 2
-1137.9 4114.1 -6.7 252 0 12.2 22.2 7.5 2.5 2 0 3 1 1
-118.7 1765.4 9.6 230 0 16.0 13.4 7.5 2.5 2 0 3 3 3
