-2695.4 8245.7 0.1 158 0 29.0 9.9 7.5 2.5 2 0 3 5 5
-3367.9 8516.7 6.0 227 0 23.0 114.5 12.5 0.0 0 1 5 0 0
-3347.5 8535.0 7.6 228 0 13.5 109.0 10.0 2.5 2 0 4 3 3
-2698.8 8279.0 -0.4 248 0 15.0 11.3 7.5 2.5 2 0 3 0 0
-3236.8 8528.0 11.2 21 0 13.3 22.9 10.0 2.5 2 1 4 3 3
-3254.2 8455.9 8.3 317 0 27.0 23.3 12.5 0.0 0 0 5 0 0
-2269.6 9610.6 -9.3 289 0 20.4 11.2 2.5 2.5 2 0 1 2 2
-460.0 5821.5 -16.6 6 0 12.6 6.9 5.0 2.5 2 0 2 4 4
-342.0 6042.8 -17.7 177 0 5.4 11.1 7.5 0.0 0 1 3 3 3
-206.8 5715.7 -19.9 298 0 12.8 21.2 10.0 2.5 2 1 4 4 4
-168.8 5604.0 -20.1 317 0 16.5 19.9 10.0 2.5 2 1 4 3 3
-314.9 6114.1 -15.5 359 0 14.9 22.4 10.0 2.5 2 1 4 5 5
-339.8 5869.0 -18.9 178 0 14.2 16.4 2.5 2.5 2 1 1 5 5
-382.7 5999.6 -19.2 178 0 5.8 9.6 7.5 2.5 2 0 3 3 3
-273.4 5792.1 -19.4 269 0 21.5 21.6 10.0 2.5 2 1 4 2 2
-374.4 5658.9 -18.0 48 0 14.0 9.4 5.0 2.5 2 0 2 0 0
-356.9 5866.3 -18.5 1 0 10.0 22.3 5.0 2.5 2 1 2 3 3
-198.4 5694.9 -19.9 317 0 16.5 19.9 15.0 0.0 0 1 6 0 0
-356.3 5961.1 -19.0 352 0 9.4 8.1 7.5 2.5 2 0 3 2 2
-308.5 5655.6 -18.9 49 0 24.2 14.6 7.5 2.5 2 0 3 1 1
-330.2 5804.2 -18.8 88 0 16.3 14.2 2.5 2.5 2 0 1 4 4
-447.9 5788.8 -17.2 352 0 14.0 9.6 7.5 2.5 2 0 3 3 3
-322.0 5791.9 -18.8 314 0 5.1 10.7 7.5 2.5 2 1 3 5 5
-357.3 5979.3 -19.2 358 0 5.8 9.6 7.5 2.5 2 0 3 2 2
-354.5 6073.1 -16.7 89 0 22.4 14.9 10.0 2.5 2 0 4 0 0
-291.3 5654.0 -19.5 226 0 11.0 19.9 7.5 2.5 2 0 3 3 3
-447.0 5996.0 -18.4 354 0 9.3 14.2 7.5 2.5 4 1 3 0 0
-315.6 6096.6 -16.1 359 0 14.9 22.4 7.5 2.5 2 1 3 1 1
-395.6 6001.7 -19.0 5 0 5.1 10.7 2.5 2.5 2 0 1 3 3
-458.5 5800.7 -16.8 358 0 12.6 9.3 7.5 2.5 2 0 3 4 4
-285.6 6029.4 -17.8 86 0 11.6 6.1 2.5 2.5 2 0 1 3 3
-230.8 5747.8 -19.8 89 0 22.4 14.9 10.0 2.5 2 0 4 4 4
-424.8 5742.7 -17.5 202 0 11.6 12.5 7.5 2.5 4 1 3 0 0
-298.3 5835.2 -19.2 268 0 16.3 14.2 2.5 2.5 2 0 1 3 3
-172.0 5621.2 -20.1 317 0 16.5 19.9 10.0 2.5 2 1 4 2 2
-365.6 5939.6 -18.7 256 0 4.9 7.4 7.5 2.5 2 0 3 5 5
-393.7 6081.9 -16.8 130 0 24.3 10.9 12.5 2.5 2 0 5 2 2
-382.8 5994.2 -19.2 185 0 5.1 10.7 5.0 2.5 2 0 2 1 1
-309.5 6062.5 -17.3 269 0 22.4 14.9 7.5 2.5 2 0 3 2 2
-325.8 6036.3 -17.8 171 0 4.5 13.3 7.5 2.5 2 0 3 1 1
-300.0 5789.3 -19.0 314 0 5.1 10.7 5.0 2.5 2 1 2 0 0
-199.6 5597.5 -20.0 137 0 16.5 19.9 7.5 2.5 4 1 3 4 4
-255.2 6034.1 -17.6 356 0 6.1 11.6 2.5 2.5 2 0 1 5 5
-381.1 5980.5 -19.1 178 0 5.8 9.6 7.5 2.5 2 0 3 0 0
-245.9 5832.8 -19.7 268 0 16.4 14.2 5.0 2.5 2 0 2 4 4
-302.5 5695.6 -18.9 134 0 13.3 21.2 5.0 2.5 2 1 2 4 4
-271.3 5743.3 -19.3 89 0 21.5 21.6 10.0 2.5 4 1 4 1 1
-358.4 6000.7 -19.2 358 0 5.8 9.6 7.5 2.5 2 0 3 2 2
-387.8 5644.0 -18.0 49 0 16.9 16.2 12.5 2.5 2 0 5 2 2
-384.5 5712.2 -17.7 79 0 4.6 13.7 5.0 2.5 2 0 2 5 5
-369.6 5954.3 -18.9 87 0 6.1 13.3 5.0 2.5 2 1 2 5 5
-220.1 5648.9 -20.0 227 0 19.9 16.5 10.0 2.5 2 0 4 1 1
-370.0 5722.0 -17.9 64 0 3.1 15.6 5.0 2.5 2 0 2 1 1
-344.8 5752.8 -18.5 134 0 5.1 10.7 2.5 2.5 2 1 1 0 0
-288.8 5897.8 -19.5 178 0 14.2 16.4 5.0 2.5 2 1 2 1 1
-356.4 5972.5 -19.1 5 0 5.1 10.7 5.0 2.5 2 0 2 2 2
-358.4 5716.9 -18.2 226 0 14.6 14.7 7.5 2.5 2 1 3 1 1
-182.0 5649.3 -20.1 317 0 16.5 19.9 10.0 2.5 2 1 4 1 1
-319.1 5835.9 -18.9 268 0 16.3 14.2 10.0 2.5 2 0 4 4 4
-299.6 5885.8 -19.2 358 0 14.2 16.4 7.5 0.0 0 1 3 1 1
-336.1 5889.2 -18.9 178 0 14.2 16.4 2.5 2.5 4 1 1 5 5
-394.2 5734.1 -17.7 321 0 15.0 8.7 5.0 2.5 2 0 2 0 0
-473.5 5729.3 -16.6 3 0 19.1 7.5 2.5 2.5 2 0 1 1 1
-316.9 5774.7 -18.8 314 0 5.1 10.7 7.5 2.5 2 1 3 5 5
-243.4 6081.6 -18.4 190 0 5.7 17.8 7.5 2.5 2 0 3 3 3
-402.2 6157.4 -13.9 2 0 10.7 9.8 7.5 2.5 2 0 3 3 3
-422.4 5975.3 -18.5 185 0 5.1 10.7 7.5 2.5 2 0 3 4 4
-256.7 5891.8 -19.7 358 0 14.2 16.4 10.0 2.5 2 1 4 4 4
-261.9 5583.5 -19.5 317 0 16.5 19.9 10.0 2.5 2 1 4 3 3
-290.5 5920.4 -19.5 178 0 14.2 16.4 7.5 0.0 0 1 3 5 5
-274.1 5687.9 -18.9 41 0 10.2 9.5 7.5 2.5 2 0 3 4 4
-308.5 5843.5 -19.1 88 0 16.3 14.2 5.0 2.5 2 0 2 5 5
-306.3 5572.0 -19.3 227 0 19.9 16.5 7.5 2.5 2 0 3 5 5
-325.2 6031.1 -18.0 176 0 6.1 11.6 5.0 2.5 2 0 2 4 4
-294.2 5788.2 -19.1 314 0 5.1 10.7 5.0 2.5 4 1 2 2 2
-399.2 5900.9 -17.9 0 0 13.5 22.7 12.5 2.5 2 1 5 5 5
-215.8 5621.2 -19.9 137 0 16.5 19.9 7.5 2.5 2 1 3 2 2
-293.8 5731.8 -19.1 226 0 11.3 20.7 5.0 2.5 2 1 2 1 1
-423.0 6006.4 -18.9 178 0 5.8 9.6 5.0 2.5 2 0 2 3 3
-381.2 5975.1 -19.0 185 0 5.1 10.7 7.5 2.5 2 0 3 0 0
-243.6 6069.0 -18.5 180 0 6.0 20.1 5.0 2.5 2 0 2 3 3
-244.9 6104.1 -18.5 182 0 6.5 20.7 5.0 2.5 2 0 2 3 3
-273.9 5797.9 -19.4 88 0 16.3 14.2 7.5 2.5 2 0 3 5 5
-376.7 5685.5 -17.8 227 0 14.3 8.6 5.0 2.5 2 0 2 2 2
-329.5 5936.1 -19.1 268 0 16.3 14.2 7.5 2.5 2 0 3 2 2
-424.0 5801.3 -17.9 193 0 12.8 28.2 10.0 2.5 2 1 4 4 4
-405.3 5713.2 -17.5 60 0 14.6 7.2 7.5 2.5 2 0 3 0 0
-440.0 6006.0 -18.6 2 0 13.0 32.5 10.0 0.0 0 1 4 2 2
-269.1 5674.2 -19.4 227 0 19.9 16.5 10.0 2.5 2 0 4 4 4
-292.8 6065.0 -17.2 269 0 22.4 14.9 10.0 2.5 2 0 4 0 0
-373.7 6087.2 -16.5 51 0 13.8 18.0 7.5 2.5 2 1 3 2 2
-398.6 5581.7 -18.7 273 0 16.8 17.2 10.0 2.5 2 1 4 3 3
-422.3 6030.0 -18.6 179 0 13.3 11.3 2.5 2.5 2 0 1 3 3
-240.3 5706.6 -19.6 227 0 19.9 16.5 7.5 0.0 0 0 3 0 0
-297.9 5774.2 -19.0 314 0 5.1 10.7 5.0 2.5 2 1 2 0 0
-357.6 5984.9 -19.2 358 0 5.4 9.6 7.5 2.5 2 0 3 2 2
-201.7 6250.1 -17.2 350 0 13.7 14.7 7.5 2.5 2 1 3 2 2
-265.4 5836.3 -19.5 268 0 16.3 14.2 5.0 2.5 2 0 2 0 0
-410.2 6112.7 -15.6 87 0 11.5 10.2 5.0 2.5 2 0 2 5 5
-396.5 5977.1 -18.7 5 0 5.1 10.7 7.5 2.5 2 0 3 0 0
-259.6 5646.6 -19.7 137 0 16.5 19.9 7.5 2.5 4 1 3 4 4
-423.1 6000.9 -18.8 185 0 5.1 10.7 7.5 2.5 2 0 3 4 4
-335.0 5768.9 -18.6 134 0 5.1 10.7 7.5 2.5 2 1 3 4 4
-303.7 6045.7 -17.5 267 0 11.1 5.4 7.5 2.5 2 0 3 3 3
-254.7 6055.2 -17.1 359 0 14.9 22.4 7.5 2.5 2 1 3 3 3
-352.4 5751.2 -18.4 134 0 5.1 10.7 5.0 2.5 4 1 2 4 4
-422.5 5986.4 -18.7 178 0 5.4 9.6 5.0 2.5 2 0 2 4 4
-289.3 5883.8 -19.5 178 0 14.2 16.4 5.0 2.5 2 1 2 5 5
-193.8 5637.7 -20.0 317 0 16.5 19.9 7.5 2.5 4 1 3 0 0
-356.5 5924.0 -18.6 2 0 6.0 8.2 5.0 0.0 0 1 2 3 3
-395.1 5877.1 -18.0 0 0 14.0 14.8 7.5 2.5 2 1 3 4 4
-245.7 6087.7 -18.3 180 0 5.8 18.1 5.0 0.0 0 1 2 5 5
-399.7 5700.7 -17.5 63 0 13.5 8.1 7.5 2.5 2 0 3 1 1
-280.1 6015.6 -18.2 88 0 5.3 8.8 7.5 2.5 2 0 3 2 2
-305.6 5750.7 -18.9 134 0 5.1 10.7 5.0 0.0 0 1 2 4 4
-292.9 6003.3 -19.4 266 0 27.9 18.9 7.5 2.5 4 0 3 3 3
-481.9 6081.0 -16.9 289 0 3.0 11.4 7.5 2.5 2 0 3 4 4
-351.6 6062.2 -17.5 269 0 22.4 14.9 7.5 2.5 2 0 3 1 1
-428.3 6055.6 -17.8 179 0 14.9 22.4 10.0 2.5 2 1 4 0 0
-337.8 6037.0 -17.8 171 0 4.5 13.3 5.0 2.5 2 0 2 3 3
-393.3 5748.5 -17.8 241 0 3.4 11.4 7.5 2.5 2 0 3 0 0
-287.7 5592.0 -19.4 227 0 19.9 16.5 10.0 2.5 2 0 4 2 2
-384.5 6179.4 -13.3 0 0 19.5 12.1 7.5 2.5 2 0 3 5 5
-302.4 5927.6 -19.3 358 0 14.2 16.4 7.5 0.0 0 1 3 0 0
-251.9 5572.8 -19.5 317 0 16.5 19.9 10.0 2.5 2 1 4 4 4
-258.9 5796.3 -19.5 88 0 16.3 14.2 10.0 0.0 0 0 4 5 5
-232.3 5613.6 -19.8 137 0 16.5 19.9 7.5 2.5 2 1 3 1 1
-279.0 5844.0 -19.4 88 0 16.3 14.2 5.0 2.5 2 0 2 0 0
-391.1 5960.1 -18.7 359 0 14.9 22.4 10.0 2.5 2 1 4 1 1
-336.3 5906.9 -18.9 178 0 14.2 16.4 5.0 2.5 2 1 2 5 5
-281.8 5560.7 -19.3 317 0 16.5 19.9 7.5 2.5 2 1 3 3 3
-425.1 5705.9 -17.3 182 0 8.1 13.3 5.0 2.5 2 0 2 3 3
-193.2 5579.3 -20.0 138 0 17.2 13.7 5.0 0.0 0 0 2 4 4
-261.5 5967.5 -19.7 47 0 5.0 10.5 7.5 2.5 2 1 3 4 4
-299.6 5905.8 -19.1 358 0 14.2 16.4 7.5 2.5 2 1 3 4 4
-351.3 5881.7 -18.5 2 0 11.2 30.6 7.5 2.5 2 1 3 1 1
-255.5 5688.9 -19.4 227 0 19.9 16.5 15.0 0.0 0 0 6 2 2
-300.7 5750.0 -19.0 134 0 5.1 10.7 7.5 2.5 2 1 3 2 2
-423.2 6011.9 -18.9 178 0 5.4 9.6 5.0 2.5 2 0 2 2 2
-355.2 5616.1 -18.8 49 0 18.9 10.7 7.5 2.5 2 0 3 3 3
-359.5 5781.5 -18.3 13 0 11.9 21.1 12.5 2.5 2 1 5 3 3
-288.6 5871.7 -19.4 178 0 14.2 16.4 10.0 2.5 2 1 4 2 2
-337.2 6031.8 -18.0 176 0 6.1 11.6 5.0 2.5 2 0 2 5 5
-281.7 5682.1 -18.9 42 0 10.9 15.8 2.5 2.5 2 1 1 4 4
-234.7 5645.0 -19.9 227 0 19.9 16.5 7.5 2.5 2 0 3 0 0
-311.2 5803.1 -19.0 88 0 16.3 14.2 5.0 0.0 0 0 2 5 5
-319.3 6229.0 -10.5 198 0 5.2 6.7 2.5 2.5 2 1 1 5 5
-397.0 6176.7 -13.1 356 0 14.0 14.8 10.0 2.5 2 0 4 2 2
-230.8 5666.7 -19.7 47 0 19.9 16.5 10.0 2.5 2 0 4 0 0
-359.9 5940.7 -18.7 261 0 6.6 10.0 2.5 2.5 2 0 1 2 2
-350.3 6088.3 -16.2 89 0 22.4 14.9 10.0 2.5 2 0 4 0 0
-328.6 5681.9 -18.5 230 0 20.6 14.7 10.0 2.5 2 0 4 4 4
-334.5 6073.6 -16.6 89 0 22.4 14.9 10.0 2.5 2 0 4 5 5
-191.7 6221.1 -18.0 40 0 7.9 11.7 7.5 2.5 2 0 3 3 3
-292.9 6210.5 -13.8 1 0 9.1 5.2 5.0 2.5 4 0 2 2 2
-357.6 5993.9 -19.3 5 0 5.1 10.7 5.0 2.5 2 0 2 2 2
-292.2 5773.1 -19.0 314 0 5.1 10.7 5.0 2.5 2 1 2 5 5
-275.1 6015.7 -18.2 88 0 4.6 8.8 2.5 2.5 2 0 1 5 5
-254.2 6040.5 -17.4 351 0 4.5 13.3 5.0 2.5 2 0 2 4 4
-280.4 5835.9 -19.4 268 0 16.3 14.2 10.0 2.5 4 0 4 1 1
-462.0 5781.6 -16.8 0 0 11.2 5.6 2.5 2.5 2 0 1 2 2
-291.5 5800.5 -19.2 88 0 16.3 14.2 5.0 2.5 2 0 2 0 0
-358.7 6006.3 -19.0 358 0 5.4 9.6 7.5 2.5 2 0 3 4 4
-243.7 6075.4 -18.3 178 0 6.7 18.2 2.5 2.5 2 0 1 5 5
-330.1 6059.0 -17.6 269 0 22.4 14.9 10.0 2.5 4 0 4 1 1
-298.2 5870.0 -19.2 358 0 14.2 16.4 5.0 2.5 2 1 2 2 2
-344.6 5668.2 -18.5 230 0 9.7 13.7 5.0 2.5 2 1 2 2 2
-258.9 5843.3 -19.6 88 0 16.3 14.2 7.5 2.5 2 0 3 5 5
-312.2 5706.2 -18.8 134 0 10.9 21.5 10.0 2.5 2 1 4 5 5
-252.5 5745.6 -19.5 89 0 21.5 21.6 10.0 2.5 4 1 4 5 5
-277.4 5986.7 -19.4 221 0 6.7 8.4 2.5 2.5 2 1 1 3 3
-352.8 6123.9 -15.5 269 0 22.4 14.9 10.0 2.5 2 0 4 1 1
-293.1 6015.8 -18.3 87 0 9.5 8.6 5.0 2.5 2 0 2 4 4
-328.8 5843.7 -18.9 88 0 16.3 14.2 5.0 2.5 4 0 2 5 5
-397.4 5984.0 -18.8 358 0 5.8 9.6 7.5 2.5 2 0 3 0 0
-260.5 6044.7 -17.3 358 0 5.4 11.1 7.5 2.5 4 1 3 2 2
-360.0 5592.4 -19.0 221 0 13.5 20.0 10.0 2.5 2 1 4 4 4
-277.9 6000.0 -18.9 222 0 6.7 8.4 7.5 0.0 0 1 3 3 3
-333.7 5705.4 -18.3 316 0 15.2 17.2 7.5 2.5 2 1 3 5 5
-322.6 5978.0 -19.5 316 0 23.2 10.3 7.5 2.5 2 0 3 2 2
-358.7 5558.5 -18.8 4 0 6.1 25.9 5.0 2.5 2 1 2 1 1
-312.6 5635.2 -19.3 226 0 11.0 15.7 5.0 2.5 2 1 2 5 5
-236.4 5799.1 -19.8 88 0 16.3 14.2 7.5 2.5 4 0 3 5 5
-285.2 5605.6 -19.4 45 0 9.5 19.0 5.0 2.5 2 1 2 5 5
-289.5 5909.0 -19.5 178 0 14.2 16.4 7.5 2.5 4 1 3 5 5
-212.6 5592.9 -19.9 137 0 16.5 19.9 10.0 2.5 2 1 4 4 4
-311.4 5751.9 -18.9 134 0 5.1 10.7 5.0 2.5 2 1 2 0 0
-449.5 5758.1 -17.2 2 0 23.7 10.6 5.0 2.5 2 0 2 5 5
-254.2 5869.0 -19.6 358 0 14.2 16.4 10.0 2.5 2 1 4 5 5
-2580.1 10664.5 0.1 317 0 14.8 7.4 7.5 2.5 2 0 3 3 3
-2580.5 10640.5 0.4 139 0 17.7 17.5 12.5 2.5 2 0 5 4 4
-1672.1 10401.1 -22.1 326 0 16.4 21.6 7.5 2.5 2 1 3 2 2
-1667.9 10337.7 -22.9 50 0 5.2 23.0 7.5 2.5 2 1 3 0 0
-2607.9 10703.4 -1.6 137 0 3.4 19.0 5.0 2.5 2 1 2 2 2
-2574.2 10715.4 -1.9 339 0 10.2 16.4 5.0 2.5 2 1 2 2 2
-370.1 5380.7 -17.7 269 0 34.9 17.8 10.0 0.0 0 0 4 1 1
70.0 5032.3 -19.8 320 0 19.4 38.1 10.0 0.0 0 1 4 1 1
61.5 4964.3 -19.7 50 0 17.7 37.0 7.5 2.5 2 1 3 2 2
-164.5 4820.8 -19.6 144 0 13.5 17.1 5.0 0.0 0 1 2 3 3
243.8 5169.2 -19.9 354 0 15.4 16.5 12.5 2.5 2 1 5 1 1
-2667.8 8601.4 1.4 255 0 14.1 8.4 2.5 2.5 2 0 1 1 1
