407.4 -9097.3 -59.4 296 0 15.0 13.0 7.5 2.5 2 0 3 0 0
-75.1 -9028.9 -64.6 58 0 9.3 19.8 7.5 0.0 0 1 3 5 5
-63.1 -8987.2 -66.5 267 0 9.0 14.8 2.5 0.0 0 1 1 1 1
-101.3 -8956.1 -64.1 280 0 8.5 9.2 7.5 0.0 0 1 3 1 1
454.9 -9030.0 -62.2 186 0 23.3 23.0 10.0 0.0 0 0 4 2 2
-126.0 -8814.5 -57.9 354 0 8.2 14.1 7.5 0.0 0 1 3 5 5
-124.1 -8938.6 -62.6 294 0 6.7 14.8 5.0 0.0 0 1 2 0 0
-85.5 -8958.3 -65.6 296 0 11.8 9.0 7.5 0.0 0 0 3 4 4
443.3 -9003.4 -58.4 332 0 9.6 25.8 7.5 0.0 0 1 3 0 0
103.4 -8998.4 -60.2 153 0 9.6 10.4 5.0 2.5 2 1 2 4 4
-168.8 -8908.7 -60.1 249 0 12.0 13.2 10.0 2.5 2 1 4 1 1
393.9 -8962.2 -53.9 84 0 15.3 14.9 5.0 2.5 2 0 2 2 2
-183.5 -8919.0 -58.3 246 0 12.1 10.5 7.5 2.5 2 0 3 2 2
12.9 -8983.1 -62.4 62 0 11.7 10.4 7.5 2.5 2 0 3 1 1
-116.3 -8858.6 -60.4 341 0 8.3 14.2 7.5 2.5 2 1 3 3 3
220.7 -8947.8 -50.1 272 0 20.3 12.0 5.0 2.5 2 0 2 0 0
273.1 -9042.6 -56.0 101 0 5.2 8.3 2.5 2.5 2 1 1 2 2
-27.4 -8994.3 -67.2 333 0 13.1 18.2 7.5 2.5 4 1 3 5 5
41.0 -8968.3 -59.5 62 0 11.7 8.6 7.5 2.5 2 0 3 3 3
81.4 -8931.8 -53.4 130 0 11.8 9.2 7.5 2.5 2 0 3 4 4
295.8 -8963.6 -48.5 89 0 6.5 9.8 5.0 2.5 2 1 2 5 5
-224.0 -8954.0 -59.6 224 0 12.6 11.7 5.0 2.5 2 0 2 2 2
-104.6 -8889.3 -62.5 336 0 14.2 14.7 7.5 2.5 4 1 3 4 4
-191.4 -8875.5 -60.6 171 0 31.1 17.6 17.5 0.0 0 0 7 3 3
13.3 -8950.4 -60.0 240 0 8.5 9.1 7.5 2.5 2 1 3 4 4
-170.0 -9014.8 -56.2 45 0 9.8 13.2 5.0 2.5 2 1 2 3 3
-132.9 -9063.8 -58.7 76 0 13.9 15.8 5.0 0.0 0 1 2 4 4
-168.8 -9057.4 -55.2 109 0 14.1 17.1 5.0 0.0 0 1 2 0 0
-116.8 -9027.7 -60.7 59 0 15.6 13.9 2.5 0.0 0 0 1 2 2
213.6 -8747.1 -45.6 69 0 9.8 7.8 7.5 0.0 0 0 3 2 2
-199.6 -8818.5 -60.1 250 0 9.3 6.5 2.5 0.0 0 0 1 3 3
-29.4 -8661.9 -42.1 178 0 14.4 10.9 5.0 0.0 0 0 2 4 4
-76.2 -8576.0 -35.5 8 0 8.2 11.1 5.0 2.5 2 1 2 1 1
-85.2 -8554.7 -34.2 254 0 9.0 8.6 5.0 2.5 2 0 2 5 5
-564.8 -8657.7 -40.9 318 0 7.8 7.0 2.5 2.5 2 0 1 5 5
-768.7 -8917.8 -69.1 179 0 12.2 25.5 7.5 2.5 2 1 3 2 2
-287.2 -8848.7 -64.5 91 0 7.7 10.6 5.0 2.5 2 1 2 4 4
-755.5 -8868.8 -67.4 212 0 31.6 17.6 10.0 2.5 2 0 4 4 4
-529.0 -8510.0 -23.8 253 0 5.8 8.4 5.0 2.5 2 1 2 0 0
-5.0 -8696.8 -44.1 91 0 10.7 14.1 7.5 2.5 2 1 3 5 5
37.0 -8586.6 -34.4 270 0 9.3 15.5 7.5 2.5 2 1 3 1 1
-10.5 -8603.9 -36.2 180 0 8.1 7.7 5.0 2.5 4 0 2 2 2
-640.6 -8655.9 -38.5 244 0 9.2 12.9 5.0 2.5 2 1 2 0 0
201.4 -8720.9 -43.1 159 0 7.8 9.8 7.5 2.5 2 1 3 1 1
-630.7 -8720.1 -47.0 66 0 8.0 8.5 7.5 2.5 2 1 3 2 2
31.8 -8696.7 -43.2 86 0 7.3 13.0 5.0 2.5 2 1 2 0 0
-319.6 -8791.5 -60.1 262 0 18.0 15.2 7.5 2.5 2 0 3 1 1
-68.1 -8602.4 -38.4 335 0 16.5 11.7 7.5 2.5 2 0 3 2 2
-401.2 -8558.6 -29.3 349 0 14.9 10.3 2.5 2.5 2 0 1 5 5
283.8 -8721.8 -41.8 69 0 9.8 7.8 2.5 2.5 2 0 1 1 1
-526.2 -8538.0 -23.3 154 0 6.3 10.2 5.0 0.0 0 1 2 4 4
-402.3 -9069.0 -69.2 163 0 10.6 6.1 7.5 2.5 2 0 3 3 3
-347.4 -8832.6 -64.8 87 0 15.1 7.7 7.5 2.5 2 0 3 3 3
-34.6 -8552.5 -32.8 249 0 10.0 9.6 5.0 2.5 2 0 2 4 4
-51.7 -8555.4 -33.5 257 0 10.2 10.1 5.0 2.5 2 0 2 1 1
37.4 -8867.5 -51.3 224 0 11.9 8.9 5.0 0.0 0 0 2 4 4
256.8 -8733.2 -43.4 69 0 9.8 7.8 5.0 2.5 4 0 2 3 3
19.6 -8698.2 -43.6 83 0 8.2 8.7 5.0 2.5 2 1 2 3 3
-326.1 -8853.9 -66.0 73 0 16.4 5.8 7.5 2.5 2 0 3 1 1
223.3 -8727.2 -43.3 69 0 9.8 7.8 7.5 2.5 2 0 3 3 3
-697.5 -8734.4 -46.1 89 0 10.9 10.9 7.5 2.5 2 1 3 5 5
-61.5 -8638.0 -40.9 358 0 10.1 12.0 2.5 2.5 2 1 1 4 4
301.3 -8710.1 -40.9 339 0 7.8 9.8 5.0 2.5 2 1 2 5 5
270.6 -8725.8 -42.4 69 0 9.8 7.8 2.5 0.0 0 0 1 5 5
-428.9 -8599.7 -31.7 82 0 9.2 13.9 7.5 2.5 2 1 3 1 1
291.7 -8699.8 -39.9 339 0 7.8 9.8 7.5 2.5 2 1 3 4 4
217.5 -8689.4 -40.0 249 0 9.8 7.8 2.5 2.5 2 0 1 1 1
-269.5 -8941.1 -63.9 205 0 13.4 11.3 7.5 2.5 2 0 3 3 3
-650.3 -8709.5 -44.5 83 0 15.7 13.1 2.5 2.5 2 0 1 2 2
-233.4 -8794.3 -60.2 260 0 20.2 19.7 12.5 2.5 2 0 5 1 1
-378.0 -9081.5 -69.3 121 0 16.9 15.0 7.5 2.5 2 0 3 1 1
-128.3 -8205.0 -42.2 31 0 13.0 18.5 7.5 2.5 2 1 3 2 2
-68.2 -8209.8 -37.6 17 0 9.9 16.4 7.5 2.5 2 1 3 3 3
-305.2 -8276.5 -43.1 219 0 18.6 16.6 10.0 2.5 2 0 4 4 4
-722.2 -7999.2 -67.4 351 0 20.7 10.7 5.0 0.0 0 0 2 0 0
-303.8 -8218.5 -52.1 214 0 17.6 9.4 5.0 2.5 4 0 2 2 2
-479.3 -7738.5 -62.9 260 0 14.9 24.0 7.5 2.5 2 1 3 0 0
-501.1 -7662.4 -63.1 190 0 20.0 15.8 7.5 2.5 2 0 3 3 3
9.2 -8120.2 -46.0 14 0 9.7 17.4 5.0 2.5 4 1 2 1 1
-97.1 -7938.3 -60.3 162 0 8.1 17.8 5.0 0.0 0 1 2 1 1
-411.4 -7649.3 -63.6 171 0 11.5 10.1 7.5 2.5 2 0 3 3 3
7.2 -8010.5 -60.5 87 0 11.3 9.2 7.5 2.5 2 0 3 4 4
-293.5 -8201.8 -53.0 214 0 17.6 9.4 7.5 2.5 2 0 3 4 4
-100.3 -8159.6 -46.5 30 0 10.4 24.7 12.5 2.5 2 1 5 5 5
-114.9 -8230.2 -39.5 209 0 93.8 10.2 12.5 2.5 2 0 5 3 3
-218.0 -7827.3 -61.1 198 0 13.8 7.0 7.5 2.5 2 0 3 3 3
-6.4 -8020.4 -59.5 86 0 7.8 7.7 5.0 2.5 2 0 2 5 5
-84.7 -7875.6 -61.3 65 0 8.2 21.7 7.5 2.5 2 1 3 3 3
-712.5 -8273.0 -58.2 82 0 11.2 14.5 5.0 2.5 2 1 2 3 3
-141.5 -8175.0 -44.5 210 0 13.8 10.4 7.5 2.5 4 0 3 5 5
-189.5 -7811.6 -61.4 288 0 8.1 18.5 5.0 2.5 2 1 2 3 3
82.4 -7966.2 -62.0 95 0 6.4 15.8 5.0 2.5 4 1 2 3 3
-34.0 -7938.8 -61.0 169 0 12.1 12.8 5.0 2.5 2 1 2 1 1
-392.9 -7518.3 -62.8 170 0 21.0 8.7 7.5 2.5 4 0 3 0 0
-212.1 -7720.2 -60.3 219 0 13.2 11.2 5.0 2.5 2 0 2 4 4
-347.9 -8285.1 -44.4 339 0 13.1 19.7 17.5 0.0 0 1 7 0 0
-35.9 -8073.8 -51.9 283 0 8.2 18.8 2.5 2.5 2 1 1 1 1
-82.8 -7990.5 -57.9 165 0 14.3 15.7 2.5 2.5 2 1 1 2 2
-217.9 -8217.8 -43.9 210 0 10.2 16.7 5.0 2.5 2 1 2 0 0
-156.3 -7815.9 -61.8 142 0 9.3 14.4 5.0 2.5 4 1 2 2 2
-403.6 -7880.6 -62.5 87 0 7.8 7.6 2.5 2.5 2 0 1 1 1
-122.8 -8164.4 -44.5 213 0 10.7 9.5 7.5 0.0 0 0 3 4 4
-9.8 -7817.5 -62.4 281 0 8.9 45.9 5.0 2.5 2 1 2 2 2
-551.8 -7790.9 -64.2 23 0 30.3 7.0 5.0 2.5 2 0 2 1 1
-389.1 -8301.6 -43.4 159 0 13.8 21.0 12.5 2.5 2 1 5 3 3
-85.7 -7970.0 -59.4 162 0 18.1 16.6 12.5 2.5 4 0 5 4 4
-488.3 -7634.2 -64.0 240 0 19.9 15.9 7.5 2.5 2 0 3 5 5
-86.0 -8271.3 -31.5 85 0 11.9 14.7 5.0 2.5 2 1 2 3 3
-407.4 -7786.7 -62.9 269 0 9.8 15.9 7.5 2.5 4 1 3 4 4
-287.6 -7782.1 -61.7 329 0 21.4 14.7 7.5 2.5 4 0 3 4 4
-731.5 -7939.5 -67.1 82 0 15.3 10.1 5.0 2.5 2 0 2 0 0
-283.9 -8194.2 -54.1 124 0 9.4 17.6 5.0 0.0 0 1 2 4 4
-101.8 -8341.3 -21.4 88 0 11.7 14.8 7.5 2.5 4 1 3 0 0
-352.2 -7833.6 -61.8 96 0 15.1 13.6 7.5 2.5 2 0 3 2 2
-402.1 -7696.9 -62.8 249 0 22.3 8.4 7.5 0.0 0 0 3 4 4
19.4 -8089.3 -50.6 284 0 15.9 19.0 10.0 2.5 2 1 4 2 2
-539.9 -7590.3 -62.7 279 0 16.8 19.7 7.5 2.5 2 1 3 4 4
-156.6 -8206.0 -41.5 210 0 9.7 24.9 2.5 2.5 2 1 1 0 0
-234.3 -7844.8 -60.7 212 0 12.1 7.1 5.0 2.5 2 0 2 5 5
-742.8 -7958.6 -67.3 251 0 13.4 21.8 7.5 2.5 2 1 3 3 3
-298.3 -7766.0 -61.8 328 0 9.6 13.4 2.5 2.5 2 1 1 4 4
-511.5 -7706.5 -62.3 198 0 20.0 15.8 7.5 2.5 2 0 3 1 1
-14.5 -8108.3 -46.8 298 0 10.4 9.0 7.5 2.5 2 0 3 3 3
-91.4 -7951.4 -60.1 165 0 9.4 16.7 7.5 2.5 2 1 3 0 0
-603.7 -7878.4 -65.4 171 0 26.9 9.2 2.5 2.5 2 0 1 5 5
-346.7 -8139.7 -58.8 213 0 8.8 11.6 7.5 0.0 0 1 3 5 5
-258.5 -8156.4 -55.8 322 0 10.1 17.8 7.5 2.5 2 1 3 1 1
-351.0 -7627.4 -63.3 196 0 15.4 12.3 7.5 2.5 2 0 3 2 2
-312.8 -7688.6 -62.6 27 0 14.5 10.5 2.5 2.5 2 0 1 0 0
-513.2 -7642.2 -63.5 13 0 18.6 10.2 5.0 2.5 2 0 2 3 3
-43.0 -8022.0 -57.4 284 0 20.4 12.5 10.0 2.5 2 0 4 2 2
-243.6 -7818.6 -61.6 87 0 10.4 30.4 12.5 2.5 4 1 5 2 2
-335.2 -7776.0 -61.9 136 0 19.5 10.4 7.5 0.0 0 0 3 0 0
-226.2 -7740.6 -60.4 142 0 11.2 11.8 2.5 2.5 2 1 1 3 3
73.2 -7962.1 -62.1 91 0 6.1 12.1 7.5 2.5 2 1 3 0 0
-626.5 -8256.0 -62.1 21 0 10.9 82.5 10.0 2.5 2 1 4 1 1
-436.7 -7765.7 -63.0 355 0 16.3 23.9 10.0 2.5 2 1 4 1 1
-524.6 -7501.9 -62.1 183 0 12.5 8.0 5.0 2.5 2 0 2 5 5
32.4 -8120.9 -45.5 1 0 10.7 19.5 2.5 2.5 2 1 1 4 4
-54.7 -7927.3 -60.6 342 0 18.3 16.1 7.5 2.5 4 0 3 5 5
-386.5 -7538.6 -62.9 168 0 4.0 23.3 5.0 2.5 2 1 2 2 2
-203.3 -7759.5 -60.7 132 0 8.8 12.5 5.0 2.5 4 1 2 5 5
-462.9 -7626.8 -64.0 258 0 19.9 15.9 10.0 2.5 2 0 4 4 4
-438.4 -7667.6 -63.3 302 0 15.8 19.9 7.5 2.5 4 1 3 5 5
-599.0 -7908.1 -65.5 171 0 26.9 9.2 7.5 2.5 2 0 3 3 3
-85.3 -8338.4 -20.8 82 0 11.0 16.6 7.5 0.0 0 1 3 1 1
-451.0 -7725.6 -62.5 265 0 14.8 22.6 7.5 2.5 2 1 3 4 4
-199.0 -8186.0 -46.6 212 0 12.6 12.3 10.0 2.5 2 0 4 1 1
-128.0 -7819.8 -62.0 147 0 19.8 11.4 5.0 2.5 2 0 2 1 1
-31.1 -7961.6 -60.8 172 0 8.5 12.1 5.0 2.5 2 1 2 1 1
-116.3 -8188.7 -42.7 26 0 15.4 11.8 2.5 2.5 2 0 1 0 0
-507.5 -7759.7 -63.2 172 0 12.1 12.1 5.0 2.5 2 1 2 4 4
-312.6 -7746.2 -62.1 328 0 16.5 13.1 5.0 2.5 2 0 2 2 2
-412.9 -8240.1 -55.7 237 0 18.5 11.6 10.0 2.5 2 0 4 4 4
-457.0 -7701.5 -62.6 69 0 19.9 15.9 10.0 2.5 2 0 4 2 2
-505.4 -7683.6 -62.5 191 0 19.9 15.8 10.0 2.5 2 0 4 4 4
-294.1 -7822.1 -61.0 232 0 20.0 15.7 7.5 2.5 2 0 3 4 4
-317.2 -8246.7 -49.8 126 0 9.4 17.6 7.5 2.5 2 1 3 1 1
-108.8 -8274.7 -31.8 86 0 11.3 9.8 2.5 2.5 2 0 1 2 2
-478.2 -7711.1 -62.3 70 0 19.9 15.9 7.5 2.5 2 0 3 5 5
-436.7 -7651.1 -63.8 352 0 20.0 15.8 7.5 0.0 0 0 3 2 2
-183.4 -8255.0 -37.3 215 0 11.0 22.0 7.5 2.5 4 1 3 2 2
-144.8 -8348.4 -24.3 86 0 13.6 17.3 5.0 2.5 2 1 2 4 4
-418.0 -7874.7 -62.8 120 0 10.4 8.1 7.5 0.0 0 0 3 2 2
-733.9 -7627.5 -63.2 1 0 14.9 17.0 10.0 2.5 2 1 4 4 4
-503.8 -7604.9 -63.3 11 0 11.3 18.5 7.5 2.5 2 1 3 5 5
-751.6 -7548.7 -63.6 15 0 19.6 14.1 7.5 2.5 2 0 3 0 0
27.0 -7958.0 -61.7 84 0 8.0 6.6 5.0 2.5 2 0 2 1 1
-369.8 -8176.4 -57.8 213 0 7.9 12.3 5.0 2.5 2 1 2 3 3
-402.2 -7672.8 -63.4 79 0 12.5 16.0 7.5 2.5 2 1 3 0 0
-281.1 -7857.1 -60.7 144 0 19.0 14.6 10.0 2.5 2 0 4 2 2
-427.1 -7726.3 -62.4 169 0 16.3 22.3 7.5 2.5 2 1 3 5 5
-434.8 -7793.0 -63.1 179 0 8.7 17.3 2.5 2.5 2 1 1 1 1
-347.9 -8243.3 -51.7 140 0 11.2 13.9 10.0 2.5 2 1 4 5 5
-652.0 -7672.0 -62.4 129 0 14.1 18.9 10.0 2.5 2 1 4 1 1
-8.6 -7900.2 -61.6 240 0 10.6 22.3 7.5 2.5 2 0 3 1 1
1996.4 6992.0 12.6 229 0 15.8 33.6 7.5 2.5 4 1 3 1 1
-722.5 -3350.7 -26.8 316 0 15.4 13.3 14.0 3.5 2 0 4 5 5
-1009.3 -3280.7 -26.4 227 0 17.4 22.0 17.5 0.0 0 1 5 2 2
2598.5 8232.9 56.9 104 0 12.0 12.3 5.0 2.5 2 1 2 1 1
1959.2 8030.6 49.6 1 0 12.2 9.8 2.5 2.5 2 0 1 5 5
1499.4 -3373.6 -33.7 270 0 8.0 12.2 5.0 2.5 2 1 2 3 3
1118.3 -3620.4 -34.9 7 0 7.6 19.0 7.5 2.5 2 1 3 3 3
1111.1 -3564.1 -35.6 268 0 20.6 12.2 7.5 2.5 2 0 3 1 1
1020.1 -3418.5 -35.3 355 0 9.9 15.0 2.5 2.5 2 1 1 4 4
959.0 -3494.2 -36.4 81 0 15.6 9.8 2.5 2.5 2 0 1 5 5
990.3 -3575.0 -36.8 191 0 16.9 10.0 7.5 2.5 2 0 3 2 2
1034.9 -3427.7 -35.1 163 0 7.9 15.5 5.0 2.5 2 1 2 5 5
1702.8 -3389.2 -28.4 267 0 19.7 25.4 12.5 2.5 2 1 5 3 3
1599.4 -3052.9 -21.1 310 0 13.3 22.0 7.5 2.5 2 1 3 3 3
1122.2 -3644.8 -33.8 184 0 6.6 16.6 5.0 2.5 2 1 2 3 3
1001.1 -3651.3 -36.6 32 0 8.9 11.3 2.5 0.0 0 1 1 0 0
1015.0 -3280.0 -33.2 165 0 7.1 7.3 7.5 2.5 2 0 3 5 5
1052.3 -3391.3 -35.0 255 0 9.4 11.2 7.5 0.0 0 1 3 0 0
1077.3 -3166.2 -27.4 224 0 40.9 14.3 10.0 2.5 2 0 4 3 3
1021.0 -3436.4 -35.3 0 0 11.7 18.3 5.0 2.5 4 1 2 4 4
1569.0 -3376.2 -31.8 271 0 8.9 9.4 7.5 2.5 2 1 3 5 5
1087.6 -3232.5 -28.7 51 0 30.3 24.7 10.0 0.0 0 0 4 2 2
1130.1 -3623.0 -34.1 184 0 7.1 23.0 2.5 2.5 2 1 1 5 5
1030.9 -3295.4 -33.0 85 0 5.6 13.2 7.5 2.5 2 1 3 2 2
1070.2 -3625.8 -35.4 186 0 12.8 21.8 7.5 2.5 2 1 3 3 3
1619.6 -3173.1 -26.5 289 0 42.7 72.8 12.5 0.0 0 1 5 3 3
971.4 -3575.0 -37.1 0 0 6.1 16.4 5.0 2.5 2 1 2 2 2
1533.7 -3369.0 -32.7 270 0 9.1 6.3 7.5 2.5 2 0 3 4 4
1119.5 -3603.6 -35.3 2 0 10.8 20.3 7.5 2.5 2 1 3 0 0
979.4 -3639.3 -37.2 301 0 15.1 14.7 5.0 2.5 2 0 2 5 5
1300.5 -3320.8 -31.9 80 0 8.5 31.6 7.5 2.5 2 0 3 0 0
959.8 -3298.0 -34.8 62 0 15.9 22.8 7.5 2.5 4 1 3 5 5
1823.6 -3288.4 -24.8 352 0 37.9 18.9 15.0 2.5 2 0 6 3 3
1337.1 -3323.2 -32.3 92 0 29.5 27.0 7.5 0.0 0 0 3 5 5
995.3 -3629.0 -37.1 107 0 13.8 15.8 7.5 2.5 4 1 3 5 5
1083.0 -3192.7 -27.7 229 0 12.9 8.7 7.5 2.5 2 0 3 5 5
1277.6 -3324.1 -32.0 93 0 9.4 29.7 7.5 2.5 2 1 3 2 2
1020.9 -3278.3 -32.9 148 0 7.6 7.2 7.5 2.5 2 0 3 0 0
1313.5 -3321.3 -32.1 98 0 17.8 6.6 5.0 2.5 2 0 2 4 4
-6650.4 -5838.5 -40.6 71 0 18.3 17.6 10.0 0.0 0 0 4 3 3
-6708.1 -5249.2 -36.1 5 0 5.0 10.3 5.0 0.0 0 1 2 1 1
-5991.6 -5174.1 -29.2 258 0 8.1 13.3 5.0 2.5 2 1 2 3 3
-6673.0 -5549.8 -38.5 355 0 21.8 50.0 7.5 2.5 2 1 3 1 1
-6051.6 -5199.2 -36.0 80 0 10.5 10.5 2.5 2.5 2 1 1 3 3
-5966.7 -5900.1 -43.3 218 0 27.4 34.1 7.5 0.0 0 1 3 2 2
-6051.3 -5915.5 -43.6 218 0 16.3 96.3 7.5 2.5 2 1 3 2 2
-5920.4 -5375.3 -29.6 343 0 6.9 20.7 5.0 2.5 2 1 2 2 2
-6697.6 -5622.7 -39.0 85 0 47.4 27.4 7.5 0.0 0 0 3 2 2
-6365.1 -5875.0 -41.4 164 0 9.7 7.2 5.0 2.5 2 0 2 4 4
-6230.5 -5211.1 -36.7 270 0 8.4 10.1 5.0 2.5 2 1 2 4 4
-6354.7 -5849.2 -41.2 175 0 6.4 5.5 5.0 2.5 2 0 2 1 1
-6454.5 -5854.3 -41.1 128 0 4.1 10.6 2.5 2.5 4 1 1 4 4
-6288.3 -5231.7 -36.7 166 0 9.6 9.4 5.0 2.5 2 0 2 3 3
-6671.6 -5579.6 -38.7 2 0 28.0 51.4 7.5 0.0 0 1 3 2 2
-6532.6 -5486.3 -38.2 179 0 10.4 9.0 2.5 2.5 2 0 1 5 5
-6172.9 -5186.0 -36.6 266 0 14.8 12.3 5.0 2.5 2 0 2 0 0
-5890.2 -5937.5 -43.7 359 0 4.5 13.2 5.0 2.5 2 1 2 0 0
-6463.5 -5280.1 -36.7 90 0 10.8 8.7 7.5 2.5 4 0 3 0 0
-5845.8 -5596.4 -35.5 357 0 6.8 5.2 5.0 2.5 2 0 2 5 5
-5957.4 -5257.9 -27.6 180 0 6.8 9.0 5.0 2.5 2 1 2 3 3
-5897.0 -5962.0 -43.8 22 0 5.1 7.3 5.0 0.0 0 1 2 0 0
-6209.1 -5187.7 -36.5 267 0 10.3 7.2 2.5 2.5 2 0 1 0 0
-5914.1 -5184.9 -22.4 351 0 7.9 12.6 5.0 2.5 2 1 2 1 1
-5939.3 -5215.7 -25.4 357 0 4.1 8.4 2.5 0.0 0 1 1 3 3
-6382.3 -5586.4 -39.2 273 0 8.0 9.9 5.0 2.5 2 1 2 3 3
-5981.3 -5251.2 -29.9 184 0 10.8 12.4 2.5 2.5 4 1 1 0 0
-6082.0 -5191.6 -36.6 83 0 10.3 12.8 5.0 2.5 2 1 2 3 3
-6208.6 -5207.9 -36.7 270 0 4.0 10.3 2.5 2.5 2 1 1 1 1
-6027.8 -5649.5 -40.6 182 0 5.0 14.0 5.0 2.5 2 1 2 5 5
-6760.2 -5450.1 -37.5 88 0 7.0 5.6 5.0 2.5 2 0 2 1 1
-5922.5 -5234.6 -24.4 0 0 10.2 9.2 5.0 2.5 2 0 2 5 5
-5905.9 -5598.8 -38.9 163 0 11.2 6.7 2.5 2.5 2 0 1 2 2
-5980.7 -5266.0 -30.2 179 0 8.8 9.2 5.0 2.5 2 1 2 1 1
-5874.6 -5789.4 -42.5 265 0 9.9 11.7 5.0 2.5 2 1 2 2 2
-6677.6 -5816.2 -40.6 253 0 19.6 20.9 10.0 2.5 2 1 4 0 0
-6206.8 -5196.6 -36.6 263 0 4.9 8.7 7.5 2.5 2 1 3 5 5
-5888.8 -5958.2 -43.9 22 0 9.6 4.4 5.0 2.5 2 0 2 2 2
-6295.2 -5234.5 -36.7 180 0 10.6 6.5 7.5 2.5 2 0 3 2 2
-5917.5 -5294.0 -25.0 92 0 3.0 11.1 7.5 2.5 2 1 3 0 0
-6190.8 -5185.9 -36.6 268 0 9.0 13.5 7.5 2.5 2 1 3 2 2
-5917.4 -5252.6 -24.5 0 0 4.7 9.8 7.5 2.5 2 1 3 5 5
-5926.8 -5192.7 -23.0 347 0 7.1 4.3 2.5 2.5 2 0 1 5 5
-6215.7 -5769.4 -40.8 95 0 5.1 8.3 7.5 2.5 2 1 3 1 1
-6084.6 -5912.9 -42.8 212 0 21.0 23.4 10.0 2.5 2 1 4 0 0
-6509.7 -5519.0 -38.5 2 0 14.1 9.1 2.5 2.5 2 0 1 3 3
-6066.4 -5754.6 -41.3 179 0 5.7 9.7 5.0 2.5 2 1 2 5 5
-5191.7 -3962.3 -18.1 98 0 42.7 17.6 7.5 2.5 2 0 3 2 2
-5226.7 -3959.6 -18.4 237 0 12.5 24.5 7.5 2.5 2 0 3 5 5
1858.9 -7860.0 -35.8 92 0 9.2 11.6 7.5 2.5 4 1 3 5 5
1894.4 -7863.6 -37.9 92 0 21.4 12.3 10.0 2.5 2 0 4 1 1
2078.6 -7760.7 -61.0 285 0 15.8 11.5 2.5 2.5 2 0 1 3 3
2001.8 -7764.2 -57.2 190 0 6.3 17.2 2.5 2.5 2 1 1 5 5
2085.2 -7797.8 -56.4 357 0 9.4 16.6 7.5 2.5 2 1 3 0 0
2022.5 -7783.5 -55.0 198 0 6.0 17.8 7.5 2.5 2 1 3 5 5
2064.5 -7815.1 -53.9 110 0 10.7 11.4 10.0 2.5 2 1 4 0 0
2099.8 -7837.2 -50.4 9 0 9.1 21.8 2.5 0.0 0 1 1 0 0
2012.4 -7811.0 -50.8 197 0 7.9 17.9 7.5 0.0 0 1 3 1 1
1982.7 -7826.1 -46.8 193 0 6.6 16.7 5.0 2.5 2 1 2 3 3
1969.4 -7810.2 -47.8 276 0 16.1 10.9 7.5 2.5 2 0 3 0 0
1900.7 -7802.9 -45.4 272 0 16.2 10.9 7.5 2.5 2 0 3 1 1
1822.5 -7796.2 -43.1 191 0 6.6 17.6 5.0 0.0 0 1 2 4 4
-885.3 -8197.3 -68.1 105 0 16.3 32.4 10.0 2.5 2 1 4 1 1
2062.2 -5928.6 -61.1 59 0 7.7 5.5 5.0 2.5 2 0 2 4 4
2072.0 -5922.7 -61.0 59 0 7.6 5.5 5.0 2.5 2 0 2 5 5
2090.9 -5899.2 -60.8 241 0 7.6 5.5 5.0 2.5 2 0 2 3 3
2101.4 -5893.6 -61.0 241 0 7.6 5.5 5.0 2.5 2 0 2 0 0
2072.4 -5936.6 -62.3 241 0 7.2 5.7 5.0 2.5 4 0 2 0 0
2085.1 -5945.4 -63.1 149 0 5.7 7.7 2.5 2.5 2 0 1 5 5
2081.5 -5931.5 -62.2 241 0 7.6 5.4 2.5 2.5 2 0 1 2 2
2102.9 -5945.9 -63.4 60 0 7.7 12.0 5.0 2.5 2 0 2 0 0
2101.5 -5920.2 -62.1 241 0 8.0 5.3 5.0 2.5 2 0 2 3 3
2113.2 -5932.7 -63.3 330 0 11.4 8.1 7.5 2.5 2 0 3 5 5
2110.1 -5916.0 -62.3 148 0 6.1 11.6 5.0 2.5 2 1 2 1 1
2134.2 -5935.5 -63.9 58 0 23.7 23.3 10.0 2.5 2 0 4 3 3
2127.8 -5907.4 -62.5 138 0 5.1 6.5 5.0 2.5 2 0 2 0 0
2109.7 -5882.7 -61.0 234 0 11.5 7.3 2.5 2.5 2 0 1 1 1
2081.6 -5971.5 -64.9 310 0 4.7 8.9 5.0 2.5 2 0 2 3 3
2067.5 -5959.0 -63.6 313 0 5.1 9.1 7.5 2.5 2 0 3 0 0
2063.6 -5955.5 -63.3 311 0 5.6 9.2 7.5 2.5 2 0 3 5 5
2059.1 -5951.7 -62.9 310 0 6.1 9.3 7.5 2.5 2 0 3 0 0
2040.6 -5953.1 -62.3 324 0 6.2 5.3 5.0 2.5 2 0 2 0 0
-6877.2 -10309.8 47.4 80 0 26.8 14.9 10.0 2.5 4 0 4 2 2
