-335.6 -2515.7 -56.5 15 0 15.1 14.6 7.5 2.5 2 0 3 4 4
-394.0 -2507.7 -57.6 105 0 14.6 15.1 2.5 2.5 2 1 1 4 4
-389.4 -2435.2 -58.6 285 0 14.6 15.1 7.5 2.5 2 1 3 5 5
-324.4 -2476.1 -57.3 15 0 15.1 14.6 7.5 2.5 2 0 3 0 0
-413.1 -2499.9 -58.0 105 0 14.6 15.1 5.0 2.5 2 1 2 1 1
-374.6 -2515.1 -57.1 105 0 14.6 15.1 2.5 2.5 2 1 1 2 2
-428.5 -2457.7 -58.7 195 0 15.1 14.6 5.0 2.5 2 0 2 1 1
-351.4 -2446.5 -58.0 283 0 14.0 16.7 5.0 2.5 2 1 2 5 5
-369.7 -2441.2 -58.3 285 0 14.6 15.1 5.0 2.5 2 1 2 0 0
-438.4 -2481.6 -58.5 195 0 15.1 14.6 2.5 2.5 2 0 1 2 2
-330.3 -2495.5 -56.7 15 0 15.1 14.6 7.5 2.5 2 0 3 3 3
-418.2 -2434.6 -58.9 195 0 15.1 14.6 2.5 2.5 2 0 1 3 3
-333.1 -2408.9 -58.8 292 0 10.7 17.1 5.0 2.5 2 1 2 2 2
-380.9 -2409.5 -59.4 112 0 9.6 17.1 7.5 2.5 4 1 3 3 3
-464.2 -2995.7 -47.5 296 0 36.5 22.4 12.5 0.0 0 0 5 5 5
2882.5 63.7 -38.9 168 0 11.4 16.4 5.0 2.5 2 1 2 5 5
2856.0 40.9 -37.6 326 0 26.9 12.0 7.5 2.5 2 0 3 5 5
2820.5 43.8 -35.9 258 0 28.4 12.5 10.0 2.5 2 0 4 2 2
-1352.1 -3051.0 -61.1 249 0 13.7 22.6 15.0 0.0 0 1 6 1 1
-1105.2 -6230.6 -59.4 319 0 37.8 36.2 14.0 0.0 0 0 4 1 1
-1151.9 -6366.9 -63.9 183 0 28.8 18.0 14.0 3.5 4 0 4 0 0
-1107.9 -6356.2 -62.3 54 0 27.0 6.8 10.5 3.5 2 0 3 1 1
-1111.8 -6370.6 -63.1 325 0 6.0 14.8 10.5 3.5 2 1 3 1 1
4891.9 -2966.0 23.6 8 0 13.7 18.9 10.0 2.5 2 1 4 0 0
4849.5 -3435.2 18.5 123 0 9.5 12.0 7.5 2.5 2 1 3 4 4
4636.1 -3350.7 28.0 79 0 7.6 10.5 2.5 2.5 2 1 1 4 4
4932.5 -2926.7 21.8 213 0 65.2 12.9 10.0 2.5 2 0 4 2 2
4294.6 -3518.7 21.0 81 0 15.1 34.8 12.5 2.5 2 1 5 4 4
4559.5 -3661.3 13.2 70 0 6.9 12.4 7.5 0.0 0 1 3 4 4
4971.0 -2954.4 22.4 19 0 15.2 9.9 7.5 2.5 2 0 3 4 4
4953.1 -2990.1 22.4 109 0 8.9 32.0 7.5 0.0 0 1 3 1 1
4517.5 -2994.4 51.0 72 0 6.1 6.8 7.5 2.5 2 1 3 4 4
4995.8 -2962.5 24.2 15 0 56.1 16.4 10.0 2.5 4 0 4 1 1
-5635.8 -7405.5 -46.1 264 0 13.7 17.2 5.0 2.5 2 1 2 1 1
-5614.2 -7390.9 -47.4 264 0 13.7 17.2 5.0 0.0 0 1 2 5 5
-5569.7 -7294.2 -56.7 293 0 11.3 18.9 2.5 0.0 0 1 1 0 0
-5104.6 -7496.9 -29.9 179 0 13.5 13.6 7.5 2.5 2 1 3 2 2
-5034.2 -7083.9 -41.7 277 0 6.9 23.2 7.5 0.0 0 1 3 0 0
-5232.1 -6948.5 -57.8 269 0 21.5 11.2 5.0 2.5 2 0 2 5 5
-5422.3 -7480.7 -46.4 257 0 16.3 10.3 5.0 0.0 0 0 2 3 3
-5516.3 -7559.9 -41.9 343 0 21.5 11.1 5.0 2.5 2 0 2 1 1
-5087.1 -7328.9 -31.8 314 0 10.6 12.9 2.5 2.5 2 1 1 4 4
-5465.2 -7557.1 -43.5 2 0 12.3 20.8 10.0 2.5 2 1 4 4 4
-5319.7 -7505.1 -39.4 312 0 9.9 14.8 5.0 2.5 2 1 2 3 3
-4788.0 -7087.3 -43.9 209 0 9.0 15.2 2.5 2.5 4 1 1 5 5
-4818.0 -6809.3 -56.5 23 0 6.6 6.6 7.5 2.5 2 0 3 5 5
-5113.1 -7320.7 -30.6 224 0 12.9 10.6 7.5 0.0 0 0 3 2 2
-5140.4 -6946.3 -56.7 173 0 12.4 10.0 2.5 2.5 2 0 1 1 1
-5396.4 -7517.5 -43.1 163 0 10.6 14.7 7.5 2.5 2 1 3 3 3
-4706.7 -6880.6 -38.5 119 0 7.7 15.0 5.0 0.0 0 1 2 3 3
-4877.1 -7038.8 -48.9 120 0 9.9 12.5 5.0 0.0 0 1 2 3 3
-5139.5 -7023.8 -47.3 171 0 8.7 11.7 7.5 2.5 4 1 3 1 1
-5178.9 -6928.9 -58.0 1 0 17.4 5.8 7.5 2.5 4 0 3 1 1
-5085.8 -7401.8 -32.3 84 0 12.4 12.6 5.0 2.5 4 1 2 1 1
-4692.7 -7033.1 -34.9 301 0 11.7 19.7 2.5 2.5 2 1 1 1 1
-5003.5 -7224.8 -37.5 0 0 11.0 12.9 5.0 2.5 2 1 2 0 0
-4998.2 -7089.2 -43.1 64 0 15.1 10.5 2.5 2.5 4 0 1 3 3
-5559.2 -7541.4 -41.2 269 0 9.3 11.0 5.0 2.5 2 1 2 0 0
-5060.1 -7146.1 -37.6 122 0 13.5 11.1 5.0 2.5 4 0 2 2 2
-5437.9 -7538.6 -44.6 2 0 11.0 16.4 7.5 2.5 4 1 3 3 3
-5033.3 -7208.6 -36.4 173 0 10.8 12.5 5.0 2.5 2 1 2 1 1
-5338.0 -7532.9 -39.5 42 0 14.8 9.9 5.0 0.0 0 0 2 5 5
-5292.6 -7581.6 -35.0 249 0 17.9 10.5 7.5 2.5 2 0 3 5 5
-5647.3 -7485.7 -43.1 24 0 12.1 12.6 2.5 2.5 2 1 1 1 1
-5506.6 -7470.3 -46.5 181 0 10.6 18.2 2.5 2.5 2 1 1 1 1
-5268.6 -6964.8 -58.1 191 0 4.7 10.9 5.0 0.0 0 1 2 0 0
-5443.0 -7441.3 -49.1 179 0 9.0 5.1 7.5 2.5 2 0 3 1 1
-5363.1 -7493.8 -42.7 327 0 9.4 14.2 7.5 2.5 2 1 3 3 3
-4736.3 -7003.3 -43.2 304 0 10.1 14.1 5.0 2.5 2 1 2 4 4
-4814.8 -6785.7 -57.0 291 0 10.3 11.5 7.5 2.5 2 1 3 3 3
-4666.7 -7392.7 -19.2 252 0 10.6 10.3 2.5 2.5 2 0 1 5 5
-4820.4 -6818.7 -56.9 26 0 7.6 8.1 5.0 2.5 2 0 2 2 2
-5417.6 -7547.4 -42.9 167 0 10.3 16.3 5.0 2.5 2 1 2 3 3
-5127.4 -7019.7 -47.4 180 0 6.2 4.9 7.5 2.5 2 0 3 1 1
-5666.6 -7422.6 -46.5 235 0 7.7 13.3 7.5 2.5 2 1 3 3 3
-5434.2 -7553.9 -44.1 2 0 11.0 16.4 7.5 2.5 2 1 3 3 3
-5066.9 -7391.6 -33.0 58 0 12.9 10.0 5.0 2.5 4 0 2 0 0
-5392.1 -7536.7 -42.0 163 0 10.6 14.7 5.0 2.5 4 1 2 4 4
-5307.4 -7536.6 -37.0 219 0 15.1 8.1 2.5 2.5 2 0 1 5 5
-5506.8 -7549.8 -42.5 345 0 12.6 11.2 5.0 0.0 0 0 2 3 3
-5080.8 -7063.3 -43.4 80 0 10.7 8.4 7.5 2.5 2 0 3 5 5
-5045.9 -7226.0 -35.0 172 0 10.8 12.5 5.0 0.0 0 1 2 2 2
-5673.4 -7484.0 -43.3 114 0 12.5 12.1 2.5 2.5 4 0 1 3 3
-5176.3 -6982.2 -54.3 355 0 21.2 21.3 10.0 2.5 2 1 4 4 4
-5042.6 -7160.3 -37.7 128 0 13.3 17.3 7.5 2.5 2 1 3 5 5
-4895.6 -6984.2 -52.2 208 0 8.0 9.0 5.0 2.5 2 1 2 4 4
-4723.9 -6859.4 -41.3 209 0 14.0 9.3 7.5 2.5 2 0 3 4 4
-5069.3 -7063.0 -43.5 81 0 10.2 8.1 5.0 2.5 2 0 2 4 4
-4813.8 -6885.7 -52.6 27 0 6.8 7.3 5.0 2.5 2 1 2 4 4
-4985.2 -7070.7 -43.9 44 0 13.4 9.9 5.0 2.5 2 0 2 5 5
-5432.1 -7569.6 -43.5 2 0 11.0 16.4 5.0 2.5 2 1 2 5 5
-5082.5 -6943.2 -57.8 355 0 12.9 11.7 10.0 2.5 2 0 4 0 0
-5355.6 -7551.5 -39.6 42 0 14.8 9.9 5.0 2.5 2 0 2 4 4
-5010.5 -7095.0 -42.3 42 0 5.7 5.3 7.5 2.5 2 0 3 0 0
-4969.8 -7028.8 -47.7 220 0 16.1 10.1 5.0 2.5 2 0 2 3 3
-5054.1 -7112.0 -40.1 201 0 12.3 9.2 7.5 2.5 4 0 3 3 3
-5503.5 -7562.4 -42.0 346 0 10.6 10.4 5.0 2.5 2 0 2 0 0
-5448.7 -7491.3 -46.8 2 0 11.0 16.4 7.5 2.5 2 1 3 1 1
-5684.9 -7469.6 -44.4 104 0 9.5 11.3 5.0 2.5 4 1 2 4 4
-5220.1 -7009.4 -53.3 0 0 13.8 12.4 2.5 2.5 2 0 1 4 4
-4949.4 -6854.5 -65.4 230 0 9.5 6.5 5.0 2.5 2 0 2 3 3
-5474.8 -7523.0 -44.7 1 0 10.6 18.2 7.5 2.5 2 1 3 5 5
-5074.1 -6935.9 -58.1 270 0 13.4 10.9 10.0 2.5 2 0 4 0 0
-5359.1 -7464.4 -43.7 323 0 11.1 14.9 7.5 2.5 2 1 3 4 4
-5125.1 -7099.0 -40.1 268 0 5.6 6.8 7.5 0.0 0 1 3 3 3
-4835.5 -6845.2 -57.1 28 0 6.6 11.4 5.0 2.5 2 1 2 4 4
-5115.2 -6940.7 -56.9 265 0 10.3 11.9 10.0 0.0 0 1 4 5 5
-5394.5 -7470.8 -45.2 252 0 14.7 10.6 10.0 2.5 4 0 4 0 0
-5657.4 -7357.1 -53.3 146 0 18.0 14.5 5.0 0.0 0 0 2 1 1
-5434.4 -7474.3 -47.8 80 0 5.3 11.9 5.0 2.5 2 1 2 2 2
-5268.1 -7093.8 -50.4 89 0 19.0 22.9 15.0 0.0 0 1 6 3 3
-4858.8 -7458.2 -27.5 312 0 12.1 10.8 2.5 2.5 2 0 1 3 3
-5038.0 -7453.0 -30.9 271 0 13.5 10.6 5.0 0.0 0 0 2 2 2
-5067.2 -7525.6 -29.6 88 0 12.9 10.5 5.0 2.5 2 0 2 2 2
-4841.7 -7475.7 -25.7 312 0 12.1 10.8 7.5 0.0 0 0 3 3 3
-5614.8 -7302.5 -57.2 221 0 8.2 16.0 5.0 2.5 4 1 2 1 1
-5229.4 -7084.4 -48.7 86 0 12.3 29.5 7.5 2.5 2 1 3 3 3
-4938.6 -7512.3 -27.1 318 0 7.1 13.2 2.5 2.5 2 1 1 2 2
-5561.2 -7334.7 -54.2 20 0 13.4 17.9 7.5 2.5 2 1 3 4 4
-5596.4 -7291.8 -57.7 230 0 9.6 20.1 7.5 2.5 2 1 3 0 0
-4965.2 -7481.5 -29.7 316 0 7.7 12.8 5.0 2.5 4 1 2 5 5
-5121.9 -7488.3 -29.6 180 0 16.1 10.4 7.5 2.5 2 0 3 4 4
-4902.3 -7438.0 -30.0 277 0 16.7 12.6 7.5 2.5 2 0 3 1 1
-4967.3 -7495.9 -28.8 316 0 7.6 12.8 7.5 0.0 0 1 3 3 3
-5609.3 -7362.4 -52.1 63 0 14.3 16.6 2.5 2.5 2 1 1 5 5
-4862.8 -7525.2 -23.4 89 0 13.1 12.1 5.0 2.5 2 0 2 3 3
-4887.4 -7523.9 -25.0 89 0 13.1 12.5 7.5 0.0 0 0 3 0 0
-5092.0 -7468.9 -30.1 231 0 12.9 10.7 7.5 2.5 2 0 3 5 5
-5094.0 -7066.2 -42.9 82 0 26.7 8.1 5.0 2.5 2 0 2 4 4
-5312.7 -7036.5 -54.6 153 0 12.8 31.9 10.0 2.5 2 1 4 0 0
-5308.6 -7057.0 -53.0 160 0 12.2 32.4 10.0 2.5 2 1 4 1 1
-5099.4 -6866.5 -66.1 209 0 7.2 17.7 2.5 2.5 4 1 1 4 4
-4875.8 -7465.6 -27.7 308 0 11.0 11.6 5.0 2.5 2 1 2 5 5
-4913.1 -7462.1 -28.9 146 0 11.0 14.0 5.0 2.5 2 1 2 4 4
544.9 165.6 -59.6 156 0 18.5 19.3 7.5 2.5 4 1 3 1 1
589.7 241.8 -59.1 66 0 19.3 18.5 7.5 2.5 2 0 3 3 3
842.8 345.0 -48.4 71 0 18.5 18.8 10.0 2.5 4 1 4 3 3
718.7 318.5 -52.5 82 0 17.2 26.1 10.0 2.5 2 1 4 2 2
1083.6 151.7 -53.4 201 0 18.1 22.6 10.0 2.5 2 0 4 3 3
319.2 415.6 -58.8 153 0 7.5 8.2 7.5 2.5 2 1 3 0 0
517.2 197.4 -60.1 336 0 18.5 19.3 7.5 2.5 2 1 3 1 1
722.9 194.8 -57.7 246 0 19.3 18.5 7.5 2.5 2 0 3 3 3
924.6 145.0 -55.8 355 0 15.1 28.8 10.0 2.5 4 1 4 4 4
1103.0 130.7 -53.5 159 0 9.3 21.7 5.0 2.5 2 0 2 5 5
781.5 450.2 -43.7 165 0 18.0 13.1 5.0 2.5 2 0 2 1 1
270.4 510.5 -56.8 156 0 18.5 19.3 10.0 2.5 2 1 4 3 3
657.8 116.2 -58.6 64 0 14.3 16.6 2.5 2.5 2 1 1 0 0
848.7 183.2 -56.2 175 0 15.1 28.8 10.0 2.5 2 1 4 2 2
431.4 331.1 -58.9 246 0 19.3 18.5 12.5 2.5 2 0 5 2 2
1095.0 222.7 -50.4 291 0 20.2 12.0 10.0 2.5 2 0 4 5 5
664.0 422.1 -49.1 262 0 17.2 26.1 10.0 2.5 2 1 4 5 5
395.4 380.1 -56.3 153 0 16.1 11.5 2.5 0.0 0 0 1 5 5
806.7 349.0 -49.0 161 0 18.8 18.5 10.0 2.5 2 0 4 1 1
1090.3 368.0 -46.2 175 0 15.1 28.8 10.0 2.5 2 1 4 5 5
960.6 315.8 -47.8 357 0 10.1 16.3 7.5 2.5 2 1 3 5 5
1009.0 533.4 -44.7 161 0 18.8 18.5 12.5 2.5 2 0 5 0 0
510.5 295.3 -59.2 327 0 16.3 18.5 12.5 2.5 2 1 5 0 0
854.8 428.3 -44.1 161 0 18.8 18.5 12.5 2.5 2 0 5 0 0
983.7 257.8 -50.4 175 0 15.1 28.8 10.0 2.5 2 1 4 5 5
353.3 452.3 -55.5 152 0 16.4 15.0 5.0 2.5 2 0 2 3 3
464.5 353.9 -56.9 246 0 19.3 18.5 12.5 2.5 2 0 5 5 5
389.6 399.8 -55.8 152 0 14.9 11.4 2.5 2.5 2 0 1 2 2
432.4 556.6 -46.3 304 0 12.3 24.3 10.0 2.5 2 1 4 0 0
1052.2 597.8 -43.8 355 0 15.1 28.8 10.0 2.5 2 1 4 4 4
597.2 322.7 -55.3 172 0 26.1 17.2 10.0 0.0 0 0 4 5 5
706.1 134.6 -57.9 156 0 18.5 19.3 10.0 2.5 4 1 4 3 3
831.5 396.6 -46.5 251 0 18.5 18.8 10.0 0.0 0 1 4 5 5
637.6 425.5 -48.9 354 0 14.2 25.2 10.0 2.5 2 1 4 4 4
739.7 321.7 -51.8 82 0 17.2 26.1 15.0 0.0 0 1 6 4 4
861.8 140.0 -56.2 175 0 15.1 28.8 7.5 2.5 2 1 3 1 1
620.5 747.6 -2.6 97 0 28.2 11.3 10.0 2.5 4 0 4 3 3
733.6 404.9 -48.0 348 0 19.8 16.6 10.0 2.5 2 0 4 4 4
1132.9 329.0 -46.7 265 0 28.8 15.1 7.5 2.5 2 0 3 3 3
631.8 250.7 -58.2 66 0 19.3 18.5 10.0 2.5 2 0 4 0 0
952.3 531.4 -44.3 168 0 13.4 16.5 7.5 2.5 2 1 3 1 1
1105.6 188.5 -51.5 200 0 16.4 16.2 10.0 2.5 2 0 4 2 2
362.8 430.0 -55.9 151 0 10.7 17.1 2.5 2.5 2 1 1 4 4
708.9 374.8 -50.8 262 0 17.2 26.1 12.5 2.5 2 1 5 5 5
427.4 189.5 -61.0 254 0 19.2 15.9 7.5 2.5 2 0 3 1 1
826.7 270.0 -53.1 175 0 15.1 28.8 10.0 2.5 2 1 4 1 1
456.9 246.6 -60.4 156 0 18.5 19.3 7.5 2.5 4 1 3 1 1
447.5 440.4 -51.3 143 0 10.2 7.7 5.0 2.5 2 0 2 1 1
416.2 560.9 -44.6 304 0 8.8 11.6 2.5 2.5 2 1 1 5 5
387.6 555.0 -45.5 121 0 18.4 19.3 10.0 0.0 0 1 4 0 0
991.2 421.3 -45.1 161 0 18.8 18.5 7.5 2.5 2 0 3 3 3
652.5 341.2 -53.6 355 0 15.5 30.4 12.5 2.5 2 1 5 2 2
1048.5 622.2 -40.2 355 0 15.1 28.8 10.0 2.5 2 1 4 2 2
336.3 448.1 -57.6 333 0 15.8 16.2 10.0 2.5 2 1 4 5 5
1029.6 333.2 -45.9 251 0 18.5 18.8 10.0 2.5 2 1 4 3 3
478.8 140.7 -60.6 336 0 18.5 19.3 10.0 2.5 2 1 4 2 2
1136.4 784.3 -18.2 264 0 18.1 14.5 12.5 2.5 4 0 5 5 5
525.2 178.8 -60.0 336 0 18.5 19.3 10.0 2.5 2 1 4 1 1
690.4 457.2 -45.1 67 0 15.0 27.5 12.5 2.5 2 1 5 0 0
446.7 200.9 -60.7 246 0 19.3 18.5 10.0 0.0 0 0 4 1 1
841.2 231.5 -54.9 175 0 15.1 28.8 12.5 2.5 2 1 5 1 1
476.2 223.5 -60.4 66 0 19.3 18.5 7.5 2.5 2 0 3 0 0
886.1 549.3 -43.7 161 0 18.8 18.5 10.0 2.5 2 0 4 4 4
741.0 169.2 -57.7 336 0 18.5 19.3 12.5 2.5 2 1 5 2 2
909.2 194.3 -55.6 355 0 15.1 28.8 12.5 2.5 2 1 5 0 0
706.8 385.0 -48.9 79 0 15.6 16.6 12.5 2.5 2 1 5 3 3
344.9 427.6 -57.6 330 0 15.2 9.4 5.0 2.5 2 0 2 3 3
271.9 557.2 -53.5 336 0 18.5 19.3 12.5 2.5 2 1 5 3 3
784.7 427.4 -45.0 161 0 18.8 18.5 10.0 2.5 2 0 4 4 4
500.3 370.3 -54.4 175 0 15.6 30.4 10.0 2.5 2 1 4 0 0
422.6 419.4 -54.2 327 0 15.7 14.0 5.0 2.5 2 0 2 4 4
680.3 115.9 -58.3 66 0 15.8 18.0 10.0 0.0 0 1 4 3 3
1061.7 447.1 -45.4 356 0 15.4 9.0 7.5 2.5 2 0 3 1 1
355.5 340.6 -60.1 154 0 16.4 13.3 2.5 2.5 2 0 1 1 1
844.5 206.1 -55.7 175 0 15.1 28.8 15.0 0.0 0 1 6 4 4
1108.4 346.5 -46.3 90 0 26.4 10.3 10.0 2.5 2 0 4 5 5
664.4 263.0 -57.6 336 0 18.5 19.3 10.0 2.5 2 1 4 3 3
1033.0 513.1 -44.9 341 0 18.8 18.5 7.5 2.5 2 0 3 3 3
462.9 549.8 -47.6 302 0 11.3 38.9 10.0 2.5 2 1 4 3 3
374.7 318.7 -60.3 61 0 12.4 15.1 5.0 2.5 2 1 2 3 3
834.4 293.5 -51.3 89 0 10.9 19.0 12.5 2.5 2 1 5 0 0
538.4 183.4 -59.7 156 0 18.5 19.3 10.0 2.5 2 1 4 4 4
602.4 182.9 -59.0 156 0 18.5 19.3 7.5 2.5 2 1 3 4 4
262.7 530.6 -55.1 156 0 18.5 19.3 12.5 2.5 2 1 5 0 0
869.6 296.7 -50.4 83 0 13.3 20.7 12.5 2.5 2 1 5 1 1
901.6 485.3 -44.0 71 0 18.5 18.8 10.0 2.5 2 1 4 4 4
1055.4 415.8 -45.5 71 0 18.5 18.8 7.5 2.5 2 1 3 2 2
453.2 357.8 -56.1 61 0 18.7 13.8 10.0 2.5 2 0 4 4 4
271.3 786.4 -21.9 182 0 16.9 12.6 7.5 2.5 2 0 3 5 5
739.7 134.8 -57.7 66 0 19.3 18.5 10.0 2.5 2 0 4 4 4
767.3 332.0 -50.6 82 0 17.2 26.1 10.0 2.5 2 1 4 1 1
721.3 267.2 -55.4 76 0 15.3 14.1 7.5 2.5 2 0 3 0 0
868.8 123.1 -56.1 175 0 15.1 28.8 7.5 2.5 2 1 3 1 1
1082.2 805.2 -13.6 173 0 12.4 17.4 10.0 2.5 2 1 4 1 1
504.0 123.4 -60.1 158 0 9.2 14.3 2.5 2.5 4 1 1 0 0
799.7 384.7 -47.1 161 0 18.8 18.5 10.0 2.5 2 0 4 5 5
280.5 491.2 -57.7 156 0 18.5 19.3 15.0 0.0 0 1 6 2 2
429.6 482.6 -51.1 313 0 14.4 12.9 5.0 2.5 2 0 2 0 0
656.6 188.7 -58.5 66 0 19.3 18.5 7.5 2.5 2 0 3 1 1
442.7 280.5 -60.5 156 0 18.5 19.3 10.0 2.5 2 1 4 0 0
677.6 366.8 -52.0 262 0 17.2 26.1 12.5 2.5 2 1 5 5 5
829.7 474.6 -43.5 341 0 18.8 18.5 7.5 2.5 4 0 3 4 4
447.3 385.4 -55.0 327 0 14.2 14.7 5.0 2.5 2 1 2 4 4
987.0 442.4 -45.0 161 0 18.8 18.5 7.5 2.5 2 0 3 2 2
976.6 584.5 -43.4 85 0 28.8 15.1 10.0 2.5 2 0 4 2 2
483.6 332.0 -57.7 336 0 18.5 19.3 15.0 0.0 0 1 6 0 0
1112.8 206.6 -50.6 205 0 12.4 23.6 7.5 2.5 2 1 3 0 0
917.6 170.9 -55.8 355 0 15.1 28.8 7.5 2.5 2 1 3 0 0
1045.1 296.2 -46.8 71 0 18.5 18.8 10.0 2.5 2 1 4 3 3
486.8 120.2 -60.5 336 0 16.8 14.5 7.5 0.0 0 0 3 1 1
539.2 137.4 -59.9 339 0 10.3 16.9 7.5 2.5 2 1 3 1 1
653.4 321.2 -54.7 355 0 15.6 30.4 12.5 2.5 2 1 5 5 5
401.2 242.9 -61.0 157 0 16.0 15.6 7.5 2.5 2 0 3 2 2
301.3 457.1 -58.5 244 0 12.3 13.1 2.5 2.5 4 1 1 4 4
594.0 367.0 -52.7 165 0 23.3 9.2 5.0 2.5 4 0 2 5 5
533.1 161.2 -60.0 336 0 18.5 19.3 10.0 2.5 2 1 4 5 5
589.8 210.1 -59.0 156 0 18.5 19.3 7.5 2.5 2 1 3 5 5
466.7 178.6 -60.7 336 0 18.5 19.3 10.0 2.5 2 1 4 4 4
1002.5 334.6 -46.4 251 0 18.5 18.8 7.5 2.5 2 1 3 4 4
686.9 430.1 -48.1 262 0 17.2 26.1 10.0 2.5 2 1 4 4 4
373.3 413.5 -56.1 153 0 15.4 15.8 7.5 2.5 2 1 3 1 1
834.9 446.5 -43.7 341 0 18.9 18.5 7.5 2.5 2 0 3 3 3
676.6 312.4 -53.7 82 0 17.2 26.1 12.5 2.5 4 1 5 5 5
395.7 338.5 -58.9 332 0 15.7 11.5 7.5 2.5 2 0 3 4 4
852.9 162.0 -56.2 175 0 15.1 28.8 7.5 2.5 2 1 3 2 2
584.5 406.6 -50.7 172 0 26.1 17.2 10.0 2.5 2 0 4 0 0
742.5 119.3 -57.6 246 0 19.3 18.5 7.5 2.5 2 0 3 0 0
512.5 408.8 -51.8 50 0 14.6 14.7 5.0 2.5 2 1 2 2 2
874.4 95.4 -56.1 175 0 15.1 28.8 7.5 2.5 2 1 3 2 2
639.4 405.9 -49.9 353 0 14.6 23.4 15.0 0.0 0 1 6 2 2
347.9 358.9 -59.7 155 0 14.9 11.3 10.0 2.5 2 0 4 3 3
493.5 145.9 -60.2 156 0 18.5 19.3 7.5 2.5 2 1 3 0 0
305.8 435.6 -58.6 154 0 8.3 11.4 7.5 2.5 2 1 3 3 3
1140.4 355.3 -46.5 85 0 28.8 15.1 10.0 0.0 0 0 4 4 4
659.3 287.4 -56.5 336 0 18.5 19.3 15.0 0.0 0 1 6 0 0
997.0 472.1 -44.8 71 0 18.5 18.8 10.0 2.5 2 1 4 2 2
935.3 556.5 -43.9 351 0 10.1 25.1 10.0 0.0 0 1 4 3 3
564.0 281.1 -58.8 246 0 19.3 18.5 10.0 0.0 0 0 4 1 1
514.3 330.4 -56.4 175 0 15.6 30.4 10.0 2.5 4 1 4 0 0
905.9 220.6 -54.7 355 0 15.1 28.8 10.0 2.5 2 1 4 5 5
839.2 523.6 -43.3 69 0 10.5 24.0 15.0 0.0 0 1 6 2 2
496.2 221.6 -60.1 246 0 19.3 18.5 7.5 2.5 2 0 3 2 2
459.0 425.3 -51.6 144 0 15.2 14.4 2.5 2.5 2 0 1 4 4
622.8 853.2 32.8 100 0 20.7 14.3 10.0 2.5 2 0 4 3 3
358.5 410.6 -58.0 333 0 15.3 15.2 7.5 2.5 2 0 3 4 4
915.9 607.9 -41.4 251 0 18.5 18.9 10.0 2.5 2 1 4 1 1
1117.7 524.3 -44.5 89 0 19.6 11.7 7.5 2.5 2 0 3 5 5
1098.3 171.9 -52.4 207 0 19.9 16.1 10.0 2.5 2 0 4 1 1
518.7 442.8 -50.1 297 0 5.3 12.3 5.0 2.5 2 1 2 4 4
434.7 130.9 -60.9 156 0 18.5 19.3 15.0 0.0 0 1 6 0 0
879.7 480.1 -43.9 71 0 18.5 18.8 7.5 2.5 2 1 3 0 0
388.1 266.2 -61.1 156 0 14.3 16.2 5.0 2.5 2 1 2 4 4
756.5 385.1 -49.2 262 0 17.2 26.1 12.5 2.5 2 1 5 5 5
632.4 462.2 -47.0 355 0 15.6 30.4 10.0 2.5 2 1 4 5 5
776.8 492.3 -43.2 251 0 18.5 18.8 10.0 2.5 2 1 4 4 4
616.2 222.9 -58.8 246 0 19.3 18.5 10.0 0.0 0 0 4 0 0
299.8 469.6 -58.1 64 0 19.4 13.5 12.5 2.5 2 0 5 3 3
434.2 300.2 -59.8 156 0 18.5 19.3 15.0 0.0 0 1 6 5 5
488.6 465.9 -49.2 298 0 10.5 11.1 10.0 0.0 0 1 4 5 5
982.4 544.4 -44.5 251 0 18.5 18.8 10.0 2.5 2 1 4 4 4
1013.3 469.3 -45.1 251 0 18.5 18.8 10.0 0.0 0 1 4 5 5
629.1 479.1 -46.1 355 0 15.6 30.4 10.0 2.5 2 1 4 2 2
672.1 376.5 -50.2 77 0 17.8 20.2 10.0 2.5 2 1 4 3 3
405.0 362.1 -56.8 151 0 16.4 12.3 2.5 2.5 2 0 1 4 4
809.5 507.3 -43.3 251 0 18.5 18.8 7.5 2.5 2 1 3 2 2
590.2 148.4 -59.3 66 0 19.3 18.5 7.5 2.5 2 0 3 2 2
435.1 402.6 -54.5 325 0 13.3 14.4 5.0 2.5 2 1 2 4 4
366.3 615.3 -38.6 109 0 15.7 13.1 5.0 2.5 2 0 2 4 4
636.9 178.9 -58.7 66 0 19.3 18.5 7.5 0.0 0 0 3 4 4
495.0 313.7 -58.5 336 0 18.5 19.3 15.0 0.0 0 1 6 2 2
897.5 345.7 -47.0 84 0 13.2 16.5 7.5 2.5 4 1 3 1 1
1137.3 155.5 -52.4 6 0 17.0 15.9 15.0 0.0 0 0 6 4 4
735.0 383.2 -49.8 262 0 17.2 26.1 10.0 2.5 2 1 4 4 4
456.0 104.5 -60.9 66 0 19.3 18.5 7.5 2.5 2 0 3 3 3
553.8 143.5 -59.6 156 0 18.5 19.3 10.0 2.5 2 1 4 4 4
423.3 340.5 -57.7 64 0 16.6 16.0 12.5 2.5 2 0 5 5 5
572.3 470.4 -47.6 229 0 9.3 15.5 7.5 2.5 2 1 3 5 5
506.8 347.3 -55.5 175 0 15.6 30.4 10.0 2.5 2 1 4 3 3
514.0 107.1 -60.2 246 0 19.3 18.5 7.5 2.5 2 0 3 3 3
1113.4 782.3 -18.4 264 0 21.0 15.0 10.0 2.5 4 0 4 1 1
1023.6 421.0 -45.3 71 0 18.5 18.8 7.5 2.5 2 1 3 4 4
712.1 440.4 -47.0 262 0 17.2 26.1 12.5 0.0 0 1 5 1 1
339.1 519.8 -53.7 317 0 14.4 13.2 2.5 2.5 2 0 1 5 5
699.9 315.3 -53.1 82 0 17.2 26.1 12.5 2.5 2 1 5 2 2
953.3 496.4 -44.5 163 0 18.2 16.6 10.0 2.5 2 0 4 1 1
429.1 156.2 -60.9 156 0 18.5 19.3 7.5 2.5 2 1 3 0 0
436.7 253.2 -60.8 337 0 9.6 14.6 7.5 2.5 2 1 3 0 0
1078.8 305.3 -46.4 341 0 18.8 18.5 12.5 2.5 2 0 5 0 0
694.0 176.8 -58.0 156 0 18.5 19.3 7.5 2.5 2 1 3 3 3
378.2 585.9 -44.6 302 0 18.4 19.3 12.5 2.5 2 1 5 5 5
647.5 502.2 -44.3 242 0 17.6 17.3 10.0 2.5 2 0 4 0 0
375.8 373.2 -58.6 334 0 16.1 14.7 2.5 2.5 2 0 1 5 5
563.8 768.9 0.8 197 0 11.3 18.3 7.5 2.5 2 1 3 1 1
484.2 163.2 -60.3 156 0 18.5 19.3 12.5 2.5 2 1 5 4 4
490.8 388.0 -53.5 50 0 15.6 11.0 7.5 2.5 2 0 3 3 3
411.3 305.3 -60.5 337 0 15.4 13.2 5.0 2.5 2 0 2 3 3
620.1 292.9 -57.0 246 0 19.3 18.5 12.5 2.5 2 0 5 0 0
857.1 468.0 -43.8 74 0 17.7 12.2 5.0 2.5 2 0 2 2 2
1060.5 334.2 -46.1 251 0 18.5 18.8 15.0 0.0 0 1 6 2 2
472.6 160.1 -60.6 336 0 18.5 19.3 7.5 2.5 2 1 3 4 4
-1799.2 10705.2 52.0 75 0 14.1 10.7 10.0 2.5 2 0 4 5 5
-857.8 -6084.1 -55.6 330 0 11.0 17.7 17.5 3.5 2 1 5 1 1
-786.8 -6509.8 -57.5 52 0 14.5 16.0 17.5 0.0 0 1 5 0 0
-712.5 -6037.0 -57.9 164 0 15.6 19.8 14.0 3.5 2 1 4 5 5
-687.1 -6094.9 -58.7 260 0 17.3 15.3 10.5 3.5 2 0 3 1 1
-633.9 -6500.8 -42.8 232 0 14.7 13.5 14.0 3.5 4 0 4 5 5
-656.7 -6142.9 -58.9 77 0 13.7 22.3 10.5 3.5 2 1 3 2 2
-638.7 -6425.0 -52.9 63 0 15.2 23.2 14.0 3.5 2 1 4 2 2
-684.5 -6016.5 -57.8 254 0 19.8 15.6 14.0 3.5 2 0 4 0 0
-769.5 -6264.0 -62.1 322 0 13.7 26.5 17.5 3.5 2 1 5 2 2
-844.6 -6201.0 -60.2 313 0 21.5 16.1 17.5 3.5 4 0 5 2 2
-856.9 -6042.8 -54.3 254 0 19.8 15.6 17.5 3.5 2 0 5 4 4
-774.0 -6212.9 -60.4 225 0 29.5 14.3 17.5 3.5 2 0 5 4 4
-842.9 -6582.5 -55.8 52 0 14.5 16.0 17.5 3.5 2 1 5 2 2
-796.5 -6031.7 -55.2 344 0 15.6 19.8 17.5 0.0 0 1 5 0 0
-637.0 -6086.1 -58.3 345 0 15.8 12.5 10.5 3.5 2 0 3 0 0
-603.9 -6240.5 -59.7 66 0 28.8 28.1 10.5 0.0 0 0 3 5 5
-866.9 -6138.4 -58.4 225 0 23.6 11.3 14.0 3.5 4 0 4 2 2
-832.9 -6034.8 -54.7 254 0 19.8 15.6 17.5 3.5 2 0 5 2 2
-680.7 -6355.8 -59.2 58 0 20.7 10.5 14.0 3.5 4 0 4 3 3
-857.8 -6070.9 -55.5 164 0 15.6 19.8 17.5 0.0 0 1 5 5 5
-590.8 -6013.9 -56.8 353 0 13.3 14.3 14.0 3.5 2 1 4 4 4
-776.1 -6497.2 -59.1 52 0 14.5 16.0 17.5 3.5 2 1 5 4 4
-600.5 -6157.6 -59.0 336 0 28.1 28.8 14.0 0.0 0 1 4 0 0
-707.0 -6010.9 -57.6 254 0 19.8 15.6 14.0 3.5 2 0 4 1 1
-679.6 -6373.0 -57.2 160 0 13.3 14.9 14.0 3.5 2 1 4 1 1
-621.2 -6414.4 -50.9 52 0 16.6 13.8 14.0 3.5 2 0 4 2 2
-680.8 -6143.7 -59.1 74 0 19.8 15.6 10.5 3.5 2 0 3 2 2
-681.1 -6450.7 -55.6 52 0 11.5 23.1 14.0 3.5 2 1 4 5 5
-812.7 -6244.9 -61.3 52 0 15.9 15.9 17.5 0.0 0 0 5 3 3
-740.4 -6238.0 -61.2 321 0 17.7 28.5 17.5 3.5 2 1 5 3 3
-650.9 -6021.3 -57.8 344 0 15.6 19.8 14.0 3.5 2 1 4 0 0
-822.8 -6599.9 -50.5 232 0 14.5 16.0 17.5 3.5 2 1 5 5 5
-784.3 -6186.4 -60.1 325 0 15.1 23.8 14.0 3.5 2 1 4 1 1
-829.8 -6571.3 -55.8 52 0 14.5 16.0 17.5 3.5 2 1 5 3 3
-652.6 -6502.7 -44.2 232 0 15.5 14.6 14.0 3.5 2 0 4 1 1
-849.9 -6002.4 -52.5 254 0 19.8 15.6 17.5 3.5 2 0 5 5 5
-734.0 -6507.5 -56.7 52 0 14.5 16.0 17.5 3.5 2 0 5 3 3
-638.5 -6197.0 -59.4 65 0 16.5 15.2 14.0 3.5 2 0 4 4 4
-809.3 -6589.5 -50.4 232 0 14.5 16.0 17.5 3.5 2 1 5 2 2
-823.0 -6067.9 -55.9 74 0 19.8 15.6 17.5 3.5 2 0 5 3 3
-620.3 -6025.9 -57.4 79 0 16.1 14.2 14.0 3.5 4 0 4 3 3
-837.8 -6625.3 -50.1 142 0 16.0 14.5 17.5 3.5 2 0 5 5 5
-808.7 -6250.9 -62.1 229 0 21.7 21.9 17.5 3.5 2 1 5 0 0
-807.7 -6006.7 -53.4 344 0 9.5 22.7 10.5 3.5 2 1 3 4 4
-743.1 -6283.8 -62.0 314 0 36.7 24.1 17.5 0.0 0 0 5 2 2
-758.3 -6111.2 -58.9 164 0 15.6 19.8 10.5 3.5 2 1 3 4 4
-817.7 -6210.0 -60.2 132 0 13.3 15.3 14.0 3.5 2 1 4 5 5
-758.8 -6479.8 -60.0 52 0 14.5 16.0 17.5 3.5 2 1 5 5 5
-648.8 -6220.4 -60.0 246 0 28.8 28.1 10.5 0.0 0 0 3 2 2
-570.7 -6378.5 -50.5 62 0 19.2 11.1 14.0 0.0 0 0 4 4 4
-850.3 -6190.2 -59.6 131 0 11.0 13.7 14.0 3.5 2 1 4 4 4
-822.9 -6117.4 -58.5 257 0 20.5 12.5 14.0 0.0 0 0 4 0 0
-827.0 -6215.1 -60.7 318 0 17.6 15.9 17.5 3.5 2 0 5 1 1
-620.6 -6485.0 -44.7 232 0 15.2 17.3 14.0 3.5 2 1 4 4 4
-710.0 -6399.0 -59.7 12 0 11.7 12.7 10.5 3.5 2 0 3 5 5
-805.5 -6534.7 -56.7 52 0 14.5 16.0 17.5 3.5 2 1 5 2 2
-695.5 -6244.6 -60.8 246 0 36.2 11.7 17.5 0.0 0 0 5 2 2
-707.3 -6437.2 -56.4 232 0 8.5 22.4 10.5 3.5 2 1 3 0 0
-612.4 -6383.2 -50.9 238 0 13.2 7.1 10.5 3.5 2 0 3 1 1
-668.2 -6184.9 -59.4 157 0 15.1 19.7 14.0 3.5 2 0 4 2 2
-803.7 -6567.6 -52.1 232 0 14.5 16.0 17.5 0.0 0 1 5 0 0
-639.7 -6384.9 -54.0 72 0 15.1 12.3 14.0 3.5 2 0 4 2 2
-665.5 -6412.0 -54.0 248 0 13.1 21.4 14.0 3.5 2 1 4 3 3
-790.9 -6051.6 -56.4 344 0 15.6 19.8 17.5 3.5 4 1 5 5 5
-622.9 -6388.9 -51.2 238 0 10.5 7.9 10.5 3.5 2 0 3 4 4
-699.9 -6332.0 -60.9 162 0 7.4 19.9 10.5 3.5 2 1 3 1 1
-136.0 -6063.0 -53.4 174 0 13.2 15.9 2.5 2.5 2 1 1 4 4
-807.9 -6507.0 -57.2 232 0 14.5 16.0 17.5 3.5 2 1 5 4 4
-784.9 -6212.1 -60.3 51 0 17.1 12.4 14.0 3.5 2 0 4 3 3
-621.4 -6092.9 -58.1 164 0 15.6 19.8 14.0 3.5 2 1 4 1 1
-736.5 -6231.1 -60.3 155 0 21.6 29.6 14.0 3.5 2 1 4 4 4
-725.0 -6471.8 -58.2 322 0 13.4 21.8 17.5 3.5 2 0 5 0 0
-748.5 -6137.9 -59.3 164 0 15.6 19.8 10.5 3.5 2 1 3 2 2
-596.6 -6502.0 -40.1 322 0 13.9 19.5 14.0 3.5 2 1 4 5 5
-115.0 -6087.8 -53.5 85 0 6.9 11.3 7.5 2.5 2 1 3 2 2
-734.5 -6166.4 -59.5 163 0 9.5 11.2 10.5 3.5 2 1 3 5 5
-910.5 832.3 -47.8 354 0 12.5 12.9 5.0 2.5 2 1 2 0 0
-950.9 900.9 -50.0 186 0 13.7 22.9 10.0 2.5 2 1 4 2 2
-868.0 848.3 -41.1 356 0 7.9 8.9 5.0 2.5 2 1 2 3 3
-961.2 864.7 -52.7 150 0 32.3 19.0 10.0 0.0 0 0 4 0 0
-949.6 840.1 -52.2 67 0 13.0 8.9 2.5 2.5 2 0 1 3 3
-946.6 798.1 -51.9 164 0 9.3 16.1 7.5 2.5 2 1 3 1 1
-939.1 763.2 -59.0 296 0 9.6 13.3 5.0 2.5 2 1 2 2 2
-893.2 880.4 -44.9 34 0 16.6 16.9 10.0 2.5 4 1 4 3 3
-1001.6 786.4 -60.1 212 0 14.1 34.6 17.5 0.0 0 1 7 2 2
-989.3 863.2 -59.9 345 0 17.0 28.9 12.5 2.5 2 1 5 1 1
-881.1 765.7 -57.1 269 0 20.5 16.0 12.5 2.5 2 0 5 4 4
-898.8 812.8 -48.0 178 0 12.9 11.1 7.5 2.5 2 0 3 2 2
-939.5 826.1 -51.2 262 0 15.8 12.5 5.0 2.5 2 0 2 1 1
-909.8 860.7 -47.4 32 0 13.3 16.0 5.0 2.5 2 1 2 0 0
-975.6 844.7 -56.3 343 0 21.8 12.2 10.0 2.5 2 0 4 2 2
-867.3 821.6 -46.1 289 0 4.3 9.9 7.5 2.5 2 0 3 0 0
-908.5 765.5 -58.4 333 0 11.5 23.9 12.5 0.0 0 1 5 1 1
228.9 2472.7 -40.9 127 0 5.8 5.4 2.5 2.5 2 0 1 0 0
433.0 2773.8 -31.0 65 0 5.2 10.3 7.5 2.5 2 1 3 3 3
435.3 2796.9 -30.1 314 0 4.8 13.4 2.5 2.5 2 1 1 4 4
702.0 4099.5 -2.6 201 0 10.2 10.5 2.5 2.5 4 1 1 0 0
882.5 4256.7 -26.2 132 0 10.7 5.8 2.5 2.5 4 0 1 3 3
1141.8 4419.0 7.9 278 0 17.0 18.0 12.5 2.5 2 1 5 4 4
704.5 3986.8 -5.8 98 0 12.9 14.7 5.0 2.5 2 1 2 1 1
1140.9 4019.3 -18.4 90 0 8.9 10.3 2.5 2.5 2 1 1 1 1
906.1 4498.3 -24.1 84 0 10.8 6.8 7.5 2.5 2 0 3 2 2
872.9 4259.7 -26.8 42 0 8.1 17.5 7.5 2.5 2 1 3 3 3
459.7 89.5 -60.8 255 0 16.2 18.6 7.5 2.5 2 1 3 5 5
457.4 54.5 -60.8 165 0 17.2 16.6 7.5 2.5 2 0 3 4 4
499.6 72.7 -60.5 348 0 16.6 16.8 7.5 2.5 2 1 3 2 2
484.2 96.9 -60.5 252 0 24.5 12.3 10.0 2.5 4 0 4 2 2
510.9 54.5 -60.5 342 0 15.0 21.7 7.5 2.5 4 1 3 1 1
466.8 28.9 -60.8 162 0 14.9 18.4 7.5 2.5 2 1 3 0 0
512.1 33.1 -60.4 341 0 12.6 16.7 7.5 2.5 2 1 3 4 4
519.4 15.4 -60.4 347 0 16.1 16.5 10.0 2.5 2 1 4 5 5
476.6 4.8 -60.7 156 0 17.4 15.2 10.0 2.5 2 0 4 1 1
573.9 -410.6 -60.6 173 0 17.8 16.7 7.5 2.5 2 0 3 1 1
583.9 -449.5 -60.6 83 0 9.1 18.6 7.5 2.5 2 1 3 5 5
570.9 -318.5 -60.6 262 0 18.3 14.5 7.5 2.5 2 0 3 0 0
550.7 -267.3 -60.8 166 0 11.4 22.6 7.5 0.0 0 1 3 3 3
543.6 -241.1 -60.8 166 0 13.5 18.1 2.5 2.5 2 1 1 3 3
533.0 -210.0 -60.8 171 0 13.8 17.4 5.0 0.0 0 1 2 5 5
2698.7 -9538.5 -68.2 69 0 82.1 19.8 10.0 0.0 0 0 4 4 4
-4888.1 -5254.2 -64.5 96 0 17.3 16.8 5.0 2.5 2 0 2 0 0
-1272.1 -5791.0 -35.9 83 0 14.5 14.9 7.0 3.5 2 1 2 0 0
3566.0 417.0 -58.8 195 0 18.0 28.4 5.0 2.5 2 1 2 2 2
2671.2 544.1 -49.9 90 0 10.5 16.3 7.5 2.5 2 0 3 0 0
2644.2 552.1 -50.3 180 0 16.3 21.7 7.5 2.5 2 0 3 5 5
-1460.4 -4583.4 -51.2 226 0 18.1 10.8 5.0 2.5 2 0 2 4 4
-1475.6 -4593.8 -50.6 226 0 18.3 16.0 12.5 2.5 2 0 5 0 0
-345.8 -6209.3 -56.2 267 0 17.7 16.1 10.5 3.5 2 0 3 2 2
-363.4 -6205.5 -56.7 267 0 17.0 26.2 10.5 3.5 2 0 3 3 3
760.2 -6252.5 -25.4 265 0 12.8 5.5 5.0 2.5 2 0 2 0 0
767.4 -6274.8 -27.0 85 0 9.3 16.2 5.0 2.5 2 1 2 0 0
-1857.8 4145.8 -41.6 198 0 16.5 8.2 5.0 2.5 2 0 2 4 4
-1848.2 4163.4 -41.0 288 0 9.1 11.6 4.0 2.5 2 0 1 5 5
741.5 272.2 -54.7 73 0 16.2 11.0 7.5 2.5 2 0 3 5 5
768.6 279.1 -53.7 77 0 16.2 11.0 5.0 2.5 2 0 2 2 2
758.3 312.0 -52.6 253 0 16.2 11.0 10.0 0.0 0 0 4 0 0
782.5 318.9 -51.6 253 0 16.2 11.1 2.5 2.5 2 0 1 4 4
678.7 264.0 -56.6 166 0 14.1 15.4 2.5 2.5 2 1 1 2 2
-1888.4 -6809.8 -51.0 262 0 49.7 15.0 14.0 3.5 2 0 4 5 5
-1195.5 -3162.9 -57.4 4 0 15.4 15.9 5.0 2.5 2 0 2 1 1
-1194.0 -3145.8 -57.2 6 0 19.4 16.1 10.0 2.5 2 0 4 2 2
-4238.4 -6020.9 -52.8 225 0 16.9 11.8 5.0 2.5 2 0 2 1 1
-883.4 -2789.3 -61.2 170 0 42.4 7.4 7.5 2.5 2 0 3 1 1
-730.5 -2589.2 -61.6 231 0 26.3 18.1 10.0 2.5 2 0 4 2 2
-729.3 -2626.6 -61.2 48 0 16.8 16.5 10.0 2.5 2 0 4 2 2
-730.0 -2658.3 -60.8 48 0 17.9 14.6 7.5 2.5 2 0 3 4 4
-692.6 -2661.4 -60.0 320 0 13.6 16.1 2.5 0.0 0 1 1 2 2
-834.8 -2843.5 -59.5 38 0 7.6 44.3 7.5 0.0 0 1 3 3 3
-792.0 -2816.1 -58.3 315 0 10.8 39.1 10.0 2.5 4 1 4 5 5
-808.7 -2796.2 -61.2 49 0 10.7 60.2 10.0 2.5 2 1 4 0 0
-814.2 -2742.8 -61.9 319 0 69.2 10.5 10.0 2.5 2 0 4 2 2
-764.6 -2756.2 -59.8 236 0 62.2 12.3 7.5 2.5 2 0 3 1 1
-711.7 -2709.7 -59.7 226 0 61.6 12.7 7.5 2.5 2 0 3 1 1
-656.7 -2664.1 -59.3 233 0 58.1 11.1 7.5 0.0 0 0 3 2 2
-652.7 -2604.9 -61.0 321 0 62.2 10.5 12.5 2.5 2 0 5 0 0
4795.1 -8458.1 -60.1 45 0 10.6 11.9 5.0 2.5 2 1 2 0 0
4829.9 -8478.5 -62.0 90 0 13.3 10.3 5.0 2.5 4 0 2 4 4
6741.2 -6210.6 -57.4 35 0 14.0 17.2 7.5 2.5 2 1 3 4 4
6707.7 -6182.7 -59.7 214 0 14.1 18.0 10.0 2.5 2 1 4 4 4
6725.6 -6175.8 -58.5 215 0 16.5 18.4 12.5 2.5 2 0 5 0 0
6709.7 -6164.4 -60.2 215 0 13.8 15.7 7.5 2.5 2 1 3 1 1
6733.4 -6161.8 -58.4 217 0 13.1 17.1 7.5 2.5 2 0 3 4 4
6712.1 -6143.9 -59.7 220 0 14.2 16.3 5.0 0.0 0 1 2 2 2
6759.6 -6201.6 -56.3 35 0 15.9 17.7 12.5 2.5 2 1 5 4 4
6720.3 -6127.4 -59.1 215 0 14.6 16.5 10.0 2.5 2 0 4 2 2
6775.4 -6192.6 -55.5 40 0 14.2 18.1 12.5 2.5 2 1 5 2 2
6792.1 -6185.9 -54.3 44 0 12.7 17.7 5.0 0.0 0 1 2 1 1
6810.6 -6176.5 -53.1 36 0 11.4 17.2 7.5 2.5 2 1 3 5 5
6826.6 -6169.2 -52.1 40 0 13.7 16.9 7.5 2.5 2 1 3 2 2
6780.1 -6154.5 -56.7 36 0 15.3 19.5 17.5 0.0 0 1 7 4 4
6741.5 -6123.9 -58.5 221 0 15.3 15.4 5.0 2.5 2 0 2 1 1
6762.5 -6119.0 -57.8 219 0 13.1 17.2 7.5 2.5 2 1 3 1 1
6800.7 -6149.3 -55.1 36 0 14.1 17.7 5.0 2.5 2 1 2 0 0
6820.4 -6133.9 -53.4 308 0 15.5 14.5 5.0 2.5 2 0 2 2 2
6783.1 -6114.6 -56.4 221 0 15.2 16.0 7.5 2.5 2 0 3 4 4
6815.4 -6110.6 -54.7 307 0 14.0 16.0 7.5 2.5 2 0 3 2 2
-5835.1 -7548.7 -50.0 335 0 28.7 11.9 12.5 2.5 2 0 5 4 4
-5880.2 -7545.3 -53.5 156 0 28.3 13.8 15.0 0.0 0 0 6 3 3
-5865.9 -7576.3 -49.3 158 0 26.4 13.0 12.5 2.5 2 0 5 0 0
-5855.2 -7599.3 -45.5 158 0 11.5 27.9 12.5 2.5 4 1 5 1 1
-1739.6 -6052.6 -51.6 352 0 18.6 14.7 10.5 3.5 2 0 3 0 0
-1869.2 -5946.4 -45.5 330 0 22.5 8.6 10.5 3.5 2 0 3 3 3
3109.8 -10582.9 -64.7 206 0 11.1 6.7 7.5 2.5 2 0 3 5 5
3117.7 -10595.0 -65.0 116 0 6.7 11.1 5.0 2.5 2 1 2 0 0
3416.2 -10290.8 -45.8 219 0 12.1 19.1 5.0 0.0 0 1 2 0 0
3401.8 -10359.4 -56.8 89 0 7.4 11.0 7.5 2.5 2 1 3 3 3
3550.2 -10854.0 -52.7 88 0 8.8 10.1 2.5 2.5 2 1 1 0 0
3365.2 -10730.9 -65.6 345 0 10.8 8.7 5.0 2.5 4 0 2 0 0
3382.5 -10766.4 -64.9 344 0 11.6 6.1 5.0 2.5 2 0 2 3 3
3395.7 -10831.6 -61.7 343 0 11.1 7.2 2.5 2.5 2 0 1 3 3
3297.5 -10840.2 -64.0 345 0 9.4 14.3 2.5 2.5 4 1 1 1 1
3292.1 -10812.4 -66.2 347 0 9.4 20.4 5.0 2.5 2 1 2 5 5
3259.9 -10852.7 -64.6 164 0 6.7 11.1 2.5 0.0 0 1 1 4 4
3250.1 -10804.0 -66.8 166 0 7.0 11.1 2.5 2.5 2 1 1 4 4
3252.2 -10793.2 -66.8 167 0 7.5 8.4 7.5 2.5 2 1 3 5 5
3252.4 -10780.7 -66.8 166 0 8.2 13.7 5.0 2.5 2 1 2 5 5
3717.4 -10933.0 -35.9 103 0 8.7 12.7 7.5 0.0 0 1 3 5 5
3650.1 -10929.8 -37.4 110 0 8.7 12.7 5.0 2.5 2 1 2 3 3
3707.3 -10906.1 -38.6 290 0 8.7 12.7 7.5 2.5 2 1 3 4 4
3818.4 -10914.5 -39.7 207 0 8.7 12.7 7.5 2.5 2 1 3 2 2
3769.4 -10919.2 -38.3 95 0 8.7 12.7 7.5 2.5 2 1 3 2 2
3785.5 -10913.8 -39.3 111 0 8.7 12.7 2.5 0.0 0 1 1 2 2
3804.4 -10908.2 -40.3 111 0 8.7 12.7 5.0 2.5 2 1 2 1 1
3853.4 -10896.0 -42.4 89 0 8.7 12.7 2.5 2.5 4 1 1 5 5
3791.5 -10881.5 -42.8 299 0 8.7 12.7 5.0 2.5 2 1 2 5 5
3808.1 -10878.1 -43.5 299 0 8.7 12.7 5.0 2.5 2 1 2 4 4
3824.5 -10873.0 -44.4 299 0 8.7 12.7 2.5 2.5 2 1 1 0 0
4651.3 -10492.9 -61.0 272 0 14.4 13.3 2.5 2.5 2 0 1 3 3
4614.5 -10502.6 -59.6 180 0 10.5 13.0 7.5 2.5 2 1 3 4 4
4453.7 -10004.6 -59.7 358 0 12.9 5.8 7.5 2.5 2 0 3 1 1
3959.0 -10263.7 -41.5 125 0 8.0 14.2 5.0 2.5 2 1 2 0 0
3950.1 -10240.7 -41.6 125 0 8.0 14.2 5.0 2.5 2 1 2 5 5
3965.4 -10278.8 -41.5 125 0 8.0 14.2 7.5 2.5 2 1 3 3 3
3971.7 -10293.2 -41.6 125 0 8.0 14.2 5.0 2.5 2 1 2 0 0
4001.5 -10301.5 -43.5 125 0 8.0 14.2 7.5 2.5 2 1 3 3 3
4019.6 -10302.3 -44.3 125 0 8.0 14.2 5.0 2.5 4 1 2 2 2
4056.3 -10264.9 -46.5 305 0 8.0 14.2 5.0 2.5 4 1 2 5 5
4054.1 -10243.0 -47.1 305 0 8.0 14.2 7.5 2.5 2 1 3 5 5
4038.2 -10240.5 -46.5 305 0 8.0 14.2 7.5 2.5 2 1 3 5 5
4022.2 -10237.8 -45.7 305 0 8.0 14.2 7.5 2.5 2 1 3 3 3
4006.7 -10235.9 -44.6 305 0 8.0 14.2 7.5 2.5 2 1 3 3 3
4288.4 -9628.9 -49.5 100 0 8.8 15.0 7.5 2.5 2 1 3 1 1
4218.8 -9606.1 -46.1 3 0 8.6 12.0 7.5 2.5 2 1 3 1 1
4153.5 -9761.8 -40.4 263 0 7.1 9.1 7.5 0.0 0 1 3 1 1
4124.4 -9764.9 -40.1 263 0 7.0 9.0 5.0 2.5 2 1 2 4 4
4120.3 -9729.9 -38.0 83 0 7.0 9.1 7.5 2.5 2 1 3 2 2
4091.3 -9706.2 -37.4 161 0 9.1 7.1 7.5 2.5 4 0 3 2 2
4149.8 -9705.9 -39.7 352 0 11.8 8.8 7.5 0.0 0 0 3 3 3
4131.9 -9702.2 -38.9 262 0 8.8 11.8 5.0 2.5 2 1 2 1 1
3770.8 -9431.8 -20.5 185 0 4.7 21.2 7.5 2.5 2 1 3 5 5
4054.6 -9601.6 -39.2 88 0 9.7 5.7 5.0 0.0 0 0 2 5 5
3072.2 -8953.8 -50.7 272 0 6.7 4.8 7.5 2.5 2 0 3 2 2
3097.6 -10010.7 -48.7 59 0 6.1 8.3 7.5 0.0 0 1 3 2 2
3095.5 -9951.0 -47.7 330 0 7.4 4.2 7.5 2.5 2 0 3 3 3
3028.8 -9749.8 -54.4 67 0 12.7 8.9 2.5 2.5 2 0 1 3 3
3024.2 -9726.1 -54.0 251 0 14.5 9.2 5.0 2.5 2 0 2 0 0
3072.9 -9580.6 -43.0 250 0 5.0 12.6 7.5 2.5 2 1 3 0 0
3075.0 -9566.9 -40.0 185 0 4.9 6.8 2.5 2.5 2 1 1 3 3
3158.2 -9545.6 -33.4 346 0 8.0 10.3 5.0 2.5 4 1 2 0 0
3413.3 -9630.7 -18.2 174 0 7.6 9.3 5.0 2.5 2 1 2 2 2
2929.4 -8354.1 -24.5 319 0 13.6 14.4 5.0 2.5 2 1 2 3 3
3321.0 -8770.4 -36.4 338 0 6.9 5.4 5.0 2.5 2 0 2 3 3
3414.5 -8793.3 -32.4 330 0 12.1 11.0 5.0 2.5 2 0 2 1 1
3827.0 -8752.5 -3.2 87 0 9.0 15.8 5.0 0.0 0 1 2 2 2
3852.4 -8733.3 -4.8 359 0 5.6 17.4 7.5 2.5 2 1 3 2 2
4582.1 -8447.5 -51.4 251 0 6.8 19.5 7.5 2.5 2 1 3 4 4
3194.6 -8686.4 -36.1 72 0 9.1 12.6 5.0 2.5 2 1 2 4 4
3168.2 -8674.2 -36.4 162 0 12.6 9.1 5.0 2.5 2 0 2 1 1
3196.1 -8654.2 -34.8 342 0 12.6 9.1 5.0 2.5 2 0 2 4 4
3190.8 -8629.8 -33.9 342 0 12.6 9.1 7.5 2.5 2 0 3 0 0
3160.8 -8629.1 -34.7 162 0 12.6 9.1 7.5 2.5 2 0 3 3 3
3158.2 -8563.6 -32.1 246 0 9.1 12.6 5.0 2.5 2 1 2 5 5
3133.7 -8707.1 -39.5 72 0 9.1 12.6 2.5 0.0 0 1 1 0 0
3120.9 -8682.4 -38.8 162 0 12.6 9.1 7.5 2.5 2 0 3 2 2
3117.1 -8641.4 -37.1 162 0 12.6 9.1 5.0 2.5 2 0 2 4 4
3115.4 -8620.8 -36.2 162 0 12.6 9.1 5.0 2.5 2 0 2 5 5
3142.2 -8616.1 -35.3 342 0 12.6 9.1 7.5 0.0 0 0 3 0 0
3147.9 -8664.2 -37.3 342 0 12.6 9.1 2.5 2.5 2 0 1 2 2
3082.3 -8576.3 -36.1 336 0 12.6 9.1 7.5 2.5 4 0 3 4 4
3068.6 -8625.4 -38.4 156 0 12.6 9.1 7.5 2.5 2 0 3 3 3
3055.5 -8571.7 -36.6 156 0 12.6 9.1 5.0 2.5 2 0 2 3 3
3043.1 -8543.7 -36.2 156 0 12.6 9.1 7.5 2.5 2 0 3 4 4
3021.2 -8554.5 -37.5 156 0 12.6 9.1 2.5 2.5 2 0 1 3 3
3022.5 -8577.5 -38.2 156 0 12.6 9.1 7.5 2.5 2 0 3 1 1
3047.1 -8583.7 -37.9 336 0 12.6 9.1 7.5 2.5 2 0 3 4 4
3049.7 -8605.3 -38.8 336 0 12.6 9.1 5.0 2.5 2 0 2 1 1
3049.6 -8633.0 -39.7 66 0 9.1 12.6 5.0 2.5 2 1 2 4 4
3023.3 -8624.7 -40.5 179 0 13.4 8.8 7.5 2.5 2 0 3 1 1
2978.1 -8558.3 -39.7 194 0 13.4 8.8 7.5 2.5 2 0 3 3 3
2999.9 -8572.1 -39.5 14 0 13.4 8.8 7.5 2.5 4 0 3 3 3
2995.0 -8592.3 -40.5 14 0 13.4 8.8 5.0 2.5 2 0 2 0 0
2971.8 -8584.1 -40.9 194 0 13.4 8.8 5.0 2.5 2 0 2 2 2
2967.3 -8618.5 -42.4 104 0 8.8 13.4 2.5 2.5 2 1 1 1 1
2983.2 -8618.4 -41.7 104 0 8.8 13.4 7.5 0.0 0 1 3 5 5
2996.3 -8620.2 -41.2 104 0 7.8 8.5 5.0 2.5 2 1 2 4 4
2932.4 -8594.3 -43.3 11 0 14.2 8.9 5.0 2.5 4 0 2 3 3
2927.7 -8615.9 -44.5 11 0 14.2 8.9 7.5 2.5 2 0 3 3 3
2899.1 -8629.0 -45.8 106 0 8.9 14.2 2.5 2.5 2 1 1 4 4
2915.6 -8573.1 -43.4 286 0 8.9 14.2 5.0 2.5 2 1 2 2 2
4291.1 -8624.2 -35.9 96 0 7.2 6.8 7.5 2.5 2 0 3 4 4
4214.4 -8527.8 -29.7 4 0 11.7 8.1 5.0 2.5 2 0 2 5 5
4225.6 -8512.0 -29.7 4 0 11.7 8.1 7.5 2.5 4 0 3 1 1
4260.5 -8556.4 -35.0 123 0 8.1 11.6 2.5 2.5 2 1 1 1 1
4357.5 -8358.6 -37.2 137 0 10.3 9.3 5.0 2.5 2 0 2 5 5
4333.1 -8312.2 -35.1 54 0 7.7 19.2 7.5 0.0 0 1 3 5 5
4170.3 -8157.7 -26.7 224 0 6.5 10.6 2.5 2.5 2 1 1 0 0
4181.8 -8174.1 -27.1 135 0 6.2 8.3 5.0 2.5 2 1 2 5 5
3173.5 -7488.2 -20.5 344 0 12.6 9.7 7.5 0.0 0 0 3 5 5
3712.1 -7533.1 -14.9 240 0 10.5 6.0 5.0 2.5 2 0 2 4 4
4382.0 -7369.2 -2.0 174 0 7.3 11.1 7.5 2.5 2 1 3 3 3
1893.3 -5618.2 8.9 344 0 11.2 12.1 7.5 2.5 2 1 3 0 0
-28.1 -6039.0 -51.3 175 0 11.6 45.4 10.0 2.5 2 1 4 4 4
-1.6 -6011.3 -50.8 262 0 56.6 11.6 10.0 2.5 2 0 4 4 4
60.7 -6022.2 -50.0 345 0 13.9 17.8 5.0 2.5 2 0 2 3 3
-335.7 -6053.4 -55.2 269 0 54.6 25.9 14.0 3.5 2 0 4 2 2
-353.9 -6082.0 -55.2 182 0 7.8 26.3 10.5 3.5 2 0 3 4 4
-401.8 -6207.5 -56.8 259 0 13.6 22.8 10.5 0.0 0 1 3 0 0
-1086.2 -6345.5 -62.4 54 0 6.8 9.2 10.5 3.5 2 1 3 3 3
-1042.4 -6295.4 -63.0 236 0 15.1 12.6 17.5 3.5 2 0 5 1 1
-1002.0 -6283.6 -62.9 61 0 21.7 8.2 10.5 3.5 2 0 3 2 2
-972.4 -6273.5 -63.0 75 0 13.9 11.0 17.5 3.5 2 0 5 3 3
-1020.2 -6296.2 -62.9 58 0 6.9 10.9 10.5 3.5 2 1 3 0 0
-1014.5 -6292.2 -62.9 58 0 6.3 10.6 10.5 3.5 2 1 3 4 4
-969.8 -6278.3 -64.3 259 0 10.5 10.3 14.0 3.5 2 0 4 0 0
-908.0 -6277.9 -63.3 137 0 11.5 7.4 10.5 3.5 2 0 3 5 5
-877.0 -6309.9 -64.2 137 0 11.5 7.4 10.5 3.5 2 0 3 4 4
-847.6 -6317.7 -63.8 136 0 6.8 11.7 10.5 3.5 2 0 3 3 3
-836.9 -6347.4 -64.3 45 0 10.6 15.4 14.0 3.5 2 1 4 2 2
-867.7 -6320.4 -64.2 136 0 9.1 15.0 10.5 3.5 2 1 3 3 3
-798.4 -6431.0 -63.5 47 0 10.5 7.3 10.5 3.5 2 0 3 5 5
-815.8 -6448.8 -63.7 47 0 12.3 8.0 10.5 3.5 2 0 3 5 5
-833.7 -6465.6 -63.7 48 0 26.0 9.0 10.5 3.5 2 0 3 0 0
-869.7 -6474.1 -64.4 227 0 7.3 12.1 10.5 3.5 2 0 3 0 0
-896.6 -6537.7 -64.1 47 0 8.1 21.5 10.5 3.5 2 0 3 1 1
-890.0 -6527.5 -63.2 47 0 15.4 10.7 14.0 3.5 2 0 4 1 1
-908.7 -6542.2 -62.8 320 0 8.1 7.6 10.5 3.5 2 0 3 4 4
-984.8 -6585.9 -64.7 227 0 22.6 4.6 10.5 3.5 2 0 3 5 5
-1038.8 -6628.9 -63.2 216 0 7.9 21.1 10.5 3.5 2 1 3 0 0
197.7 750.8 -31.0 5 0 13.2 16.9 2.5 2.5 2 1 1 1 1
-550.1 -4391.7 -24.5 81 0 19.0 28.3 10.0 2.5 2 1 4 5 5
3265.9 78.7 -47.8 265 0 10.6 13.6 5.0 2.5 2 1 2 1 1
-748.4 1074.5 -46.7 310 0 25.8 25.8 15.0 0.0 0 0 6 3 3
-885.5 -6050.9 -53.1 329 0 13.1 15.6 17.5 3.5 2 1 5 4 4
-876.3 -6064.0 -54.0 329 0 13.1 15.6 17.5 3.5 2 1 5 2 2
-867.6 -6074.2 -54.8 329 0 11.3 15.0 17.5 3.5 2 1 5 3 3
-870.0 -6177.9 -59.1 131 0 11.0 13.7 14.0 3.5 2 1 4 4 4
-860.1 -6183.9 -59.3 131 0 11.0 13.7 14.0 3.5 2 1 4 4 4
-666.5 -6090.2 -58.6 257 0 18.3 16.6 10.5 3.5 2 0 3 3 3
-1508.7 -4415.6 -59.6 127 0 69.0 104.8 10.0 0.0 0 1 4 1 1
831.9 -1100.6 -58.3 142 0 66.7 50.4 12.5 0.0 0 0 5 1 1
-385.6 -2313.1 -60.8 125 0 19.3 18.6 10.0 0.0 0 0 4 5 5
-369.5 -2320.7 -60.4 107 0 10.6 17.1 7.5 2.5 2 1 3 2 2
-353.7 -2325.7 -60.1 117 0 11.6 18.0 7.5 2.5 2 1 3 2 2
-295.5 -2370.3 -58.8 150 0 19.5 16.5 10.0 2.5 2 0 4 4 4
-5123.0 -7073.5 -42.5 77 0 17.2 7.3 7.5 2.5 2 0 3 5 5
854.0 528.9 -43.4 69 0 10.5 24.0 10.0 2.5 2 1 4 2 2
837.8 577.3 -43.2 249 0 10.5 24.0 15.0 0.0 0 1 6 3 3
823.7 571.9 -43.2 249 0 10.5 24.0 12.5 2.5 2 1 5 5 5
809.9 568.6 -43.1 249 0 10.5 24.0 10.0 2.5 2 1 4 2 2
826.2 517.7 -43.3 69 0 10.5 24.0 7.5 2.5 2 1 3 0 0
794.9 563.5 -43.0 249 0 10.5 24.0 5.0 2.5 2 1 2 4 4
812.3 513.4 -43.2 69 0 10.5 24.0 5.0 2.5 4 1 2 0 0
782.8 555.9 -42.9 249 0 10.5 24.0 12.5 0.0 0 1 5 4 4
797.7 507.7 -43.1 69 0 10.5 24.0 10.0 2.5 2 1 4 4 4
1011.9 348.5 -45.5 86 0 13.9 10.6 5.0 2.5 2 0 2 3 3
1006.2 395.8 -45.3 266 0 13.9 10.6 2.5 2.5 2 0 1 1 1
1046.5 398.9 -45.6 266 0 13.9 10.6 7.5 2.5 2 0 3 2 2
1026.3 397.7 -45.5 266 0 13.9 10.6 10.0 2.5 2 0 4 0 0
1142.7 537.1 -44.5 269 0 19.6 11.7 10.0 2.5 2 0 4 2 2
966.4 557.1 -44.2 78 0 16.5 13.4 5.0 2.5 4 0 2 4 4
1165.0 802.0 -13.5 84 0 21.0 15.0 15.0 0.0 0 0 6 0 0
1141.4 800.2 -13.7 84 0 21.0 15.0 12.5 2.5 2 0 5 0 0
1114.8 816.1 -13.5 264 0 21.0 15.0 12.5 2.5 2 0 5 5 5
922.0 345.0 -46.5 85 0 13.2 16.5 2.5 0.0 0 1 1 4 4
921.5 391.8 -44.7 264 0 13.2 16.5 7.5 2.5 2 1 3 2 2
901.4 393.1 -45.1 264 0 13.2 16.5 5.0 2.5 2 1 2 0 0
878.6 393.4 -45.5 265 0 13.2 16.5 5.0 2.5 2 1 2 2 2
858.9 391.1 -46.1 264 0 13.2 16.5 7.5 2.5 2 1 3 0 0
871.4 345.2 -47.6 84 0 13.2 16.5 2.5 2.5 2 1 1 1 1
925.2 325.5 -48.7 263 0 13.3 20.7 10.0 2.5 2 1 4 3 3
908.5 301.9 -49.3 83 0 13.3 20.7 12.5 0.0 0 1 5 5 5
888.3 299.6 -49.8 83 0 13.3 20.7 10.0 2.5 2 1 4 4 4
730.1 536.5 -42.6 251 0 14.5 15.5 7.5 2.5 2 1 3 3 3
747.7 509.9 -42.7 342 0 15.5 14.5 7.5 0.0 0 0 3 5 5
749.3 480.3 -42.9 72 0 14.5 15.5 7.5 2.5 2 1 3 2 2
726.3 471.8 -43.5 67 0 15.0 27.5 10.0 2.5 2 1 4 5 5
707.7 464.9 -44.3 67 0 15.0 27.5 12.5 2.5 2 1 5 3 3
665.0 515.1 -43.6 247 0 15.0 27.5 15.0 0.0 0 1 6 3 3
682.0 520.7 -42.9 247 0 15.0 27.5 5.0 2.5 2 1 2 3 3
702.6 529.4 -42.5 247 0 15.0 27.5 10.0 2.5 2 1 4 3 3
671.4 450.9 -45.9 67 0 15.0 27.5 10.0 2.5 2 1 4 4 4
6940.5 -5625.5 -53.6 58 0 11.2 11.6 7.5 2.5 2 1 3 1 1
6921.9 -5652.6 -53.2 148 0 11.6 11.2 5.0 0.0 0 0 2 5 5
6934.7 -6018.9 -47.8 245 0 11.9 15.1 7.5 2.5 2 1 3 1 1
-1433.5 -6192.0 -49.9 152 0 30.6 26.6 17.5 0.0 0 0 5 3 3
2901.0 -9730.6 -60.8 66 0 9.4 12.1 5.0 2.5 2 1 2 1 1
2951.3 -9711.7 -57.1 72 0 9.6 9.8 5.0 2.5 2 1 2 1 1
2948.4 -9669.4 -55.7 67 0 16.8 11.6 5.0 2.5 2 0 2 4 4
2910.5 -9635.9 -56.7 251 0 19.8 12.5 7.5 2.5 2 0 3 3 3
2931.2 -9614.7 -54.8 253 0 22.4 14.2 12.5 2.5 2 0 5 2 2
2739.3 -9343.7 -54.9 160 0 21.6 14.2 10.0 2.5 2 0 4 3 3
2764.2 -9347.5 -53.6 71 0 11.9 21.5 10.0 2.5 2 1 4 1 1
2777.8 -9342.2 -52.5 70 0 13.2 21.6 10.0 2.5 2 1 4 2 2
2792.1 -9337.6 -51.3 71 0 13.8 21.6 12.5 2.5 2 1 5 5 5
2745.1 -9313.9 -53.9 161 0 16.4 10.8 2.5 0.0 0 0 1 1 1
2772.3 -9304.4 -52.7 342 0 16.6 14.7 7.5 2.5 2 0 3 1 1
2731.0 -9318.0 -55.1 158 0 11.2 11.8 5.0 2.5 2 1 2 0 0
2766.5 -9266.8 -51.9 249 0 14.3 21.6 10.0 2.5 2 1 4 0 0
2751.1 -9271.1 -53.2 248 0 11.7 22.4 12.5 2.5 2 1 5 5 5
2737.5 -9276.1 -54.4 250 0 11.7 22.0 10.0 2.5 2 1 4 0 0
2721.7 -9292.9 -55.6 160 0 21.4 12.4 10.0 0.0 0 0 4 1 1
-632.1 -5999.9 -57.2 169 0 14.3 15.1 14.0 3.5 2 1 4 5 5
-637.3 -5979.1 -57.0 166 0 15.0 16.2 14.0 3.5 2 1 4 3 3
-640.6 -5959.1 -56.4 172 0 14.0 14.5 14.0 3.5 2 1 4 5 5
-598.8 -5971.5 -56.7 356 0 14.2 16.1 14.0 0.0 0 1 4 3 3
-601.1 -5949.4 -55.9 354 0 15.7 15.5 14.0 0.0 0 0 4 1 1
-605.6 -5926.0 -54.5 350 0 14.0 15.6 14.0 3.5 2 1 4 0 0
3429.5 -10328.5 -50.7 269 0 9.6 6.1 7.5 2.5 2 0 3 1 1
4705.6 -10441.2 -68.1 170 0 15.3 9.3 7.5 2.5 2 0 3 5 5
4726.8 -10439.0 -68.6 351 0 12.7 11.9 5.0 2.5 2 0 2 3 3
3067.2 -10030.3 -50.9 137 0 7.4 4.4 5.0 2.5 2 0 2 3 3
3078.2 -10024.9 -50.6 46 0 14.5 9.7 5.0 2.5 2 0 2 5 5
4406.9 -7461.0 -5.8 267 0 18.2 12.6 2.5 2.5 2 0 1 4 4
