275.7 -8655.6 -67.3 149 0 13.6 16.0 2.5 2.5 2 1 1 5 5
-380.8 -8747.9 -86.9 222 0 7.3 8.5 7.5 2.5 2 1 3 3 3
-157.9 -8439.6 -99.4 149 0 9.6 12.8 5.0 2.5 2 1 2 0 0
-179.4 -8608.3 -89.8 243 0 6.6 8.8 2.5 0.0 0 1 1 3 3
-86.1 -8470.3 -99.4 44 0 21.4 9.5 5.0 2.5 2 0 2 4 4
-465.0 -8854.3 -85.2 306 0 12.1 6.8 7.5 2.5 2 0 3 2 2
-550.6 -8959.6 -80.3 202 0 6.6 10.3 2.5 2.5 2 1 1 3 3
-375.3 -8466.3 -77.1 119 0 8.5 11.2 7.5 2.5 2 1 3 5 5
-101.9 -8479.4 -98.5 322 0 7.6 14.6 5.0 2.5 2 1 2 1 1
-497.9 -8942.0 -80.8 297 0 20.4 11.3 5.0 2.5 2 0 2 1 1
-370.5 -8952.7 -78.7 91 0 9.3 5.8 7.5 0.0 0 0 3 5 5
-565.1 -8666.0 -81.6 55 0 6.8 11.6 7.5 0.0 0 1 3 2 2
-577.3 -8677.4 -82.2 49 0 10.1 7.3 5.0 2.5 2 0 2 3 3
-65.1 -8529.1 -97.5 323 0 16.3 19.2 10.0 2.5 2 1 4 5 5
-691.0 -8817.9 -81.1 42 0 9.0 11.6 5.0 2.5 2 1 2 4 4
-143.2 -8477.6 -98.2 234 0 15.4 5.7 7.5 2.5 2 0 3 4 4
-32.8 -8566.8 -92.5 326 0 23.1 15.4 10.0 0.0 0 0 4 3 3
-64.5 -8493.7 -98.6 238 0 5.4 14.9 5.0 2.5 2 1 2 0 0
-293.3 -8483.6 -93.6 229 0 13.3 11.6 7.5 2.5 2 0 3 0 0
-270.7 -8538.0 -94.5 128 0 8.5 8.1 7.5 2.5 2 0 3 1 1
-248.7 -8517.8 -95.6 51 0 10.6 10.8 5.0 2.5 2 1 2 2 2
-322.6 -8493.7 -90.5 228 0 11.0 5.9 7.5 2.5 2 0 3 1 1
-384.1 -8721.5 -87.3 45 0 7.0 14.0 7.5 2.5 2 1 3 2 2
130.7 -8569.5 -92.0 344 0 15.7 19.4 12.5 2.5 2 1 5 2 2
-265.9 -8460.2 -96.3 230 0 10.9 10.0 5.0 2.5 2 0 2 5 5
-443.6 -8782.1 -85.9 34 0 5.3 11.7 7.5 2.5 2 1 3 2 2
-278.7 -8700.1 -89.6 314 0 9.9 15.2 5.0 0.0 0 1 2 5 5
-327.0 -8716.4 -88.5 224 0 11.8 14.4 5.0 0.0 0 1 2 2 2
-234.8 -8412.2 -99.1 58 0 13.2 6.1 5.0 2.5 2 0 2 4 4
-138.1 -8529.5 -96.5 233 0 10.1 12.8 7.5 2.5 2 1 3 5 5
74.3 -8584.0 -81.2 251 0 8.8 12.1 7.5 2.5 2 1 3 3 3
-151.5 -8619.7 -88.7 60 0 10.7 9.1 5.0 2.5 2 0 2 2 2
-444.7 -8812.6 -85.7 324 0 4.3 9.2 5.0 2.5 2 1 2 3 3
-246.6 -8409.6 -98.5 55 0 11.9 8.7 7.5 2.5 4 0 3 2 2
-100.3 -8535.5 -96.8 236 0 6.3 12.4 5.0 2.5 2 1 2 5 5
-221.7 -8770.4 -80.1 305 0 5.5 8.8 7.5 2.5 4 1 3 4 4
-96.4 -8490.9 -98.2 223 0 4.9 15.4 5.0 2.5 2 1 2 4 4
91.9 -8581.4 -81.2 258 0 10.8 10.0 5.0 2.5 2 0 2 3 3
-109.2 -8585.0 -92.4 54 0 11.5 10.2 5.0 2.5 2 0 2 3 3
-518.2 -8938.5 -81.1 209 0 7.5 5.5 5.0 2.5 2 0 2 1 1
997.0 -8957.3 -60.5 258 0 8.3 5.3 7.5 2.5 4 0 3 1 1
-61.7 -8482.8 -99.0 235 0 6.7 11.1 5.0 2.5 2 1 2 0 0
-41.2 -8480.7 -99.4 237 0 9.8 13.0 7.5 2.5 2 1 3 1 1
2098.7 -10265.5 -33.1 128 0 7.6 4.8 2.5 2.5 2 0 1 5 5
2337.1 -9619.1 29.6 164 0 5.7 19.1 7.5 2.5 2 1 3 1 1
1253.7 -9610.7 -4.7 64 0 9.1 8.1 7.5 2.5 2 0 3 5 5
1387.5 -10309.4 -17.8 90 0 5.0 7.2 7.5 2.5 4 1 3 2 2
2210.8 -10393.5 -38.6 227 0 4.8 8.4 5.0 2.5 2 1 2 5 5
2933.3 -10024.9 -93.8 15 0 11.6 11.2 7.5 2.5 2 0 3 5 5
1267.8 -10327.3 0.1 200 0 9.9 9.4 5.0 2.5 2 0 2 5 5
-575.2 -9149.4 -81.7 75 0 5.3 6.8 2.5 2.5 4 1 1 0 0
1918.0 -9729.7 5.8 360 0 9.8 11.0 5.0 2.5 2 1 2 1 1
2250.9 -10333.0 -34.3 293 0 8.7 10.1 5.0 2.5 2 1 2 1 1
-429.9 -9126.6 -76.8 242 0 9.9 7.2 5.0 2.5 4 0 2 3 3
1692.9 -9426.0 31.0 55 0 4.2 12.1 7.5 2.5 2 1 3 0 0
1455.0 -9921.4 -28.4 115 0 5.7 11.4 5.0 2.5 2 1 2 0 0
2053.1 -9812.1 -1.0 9 0 6.7 8.2 5.0 0.0 0 1 2 0 0
1252.5 -9733.7 -13.8 348 0 7.4 7.1 7.5 2.5 2 0 3 3 3
1588.1 -10353.3 -35.1 44 0 6.1 8.8 2.5 2.5 2 1 1 4 4
2381.9 -10373.8 -19.0 271 0 7.7 6.2 5.0 0.0 0 0 2 0 0
2007.8 -9754.5 10.4 292 0 6.3 5.1 5.0 2.5 4 0 2 0 0
-250.6 -9173.6 -65.0 57 0 6.0 11.4 2.5 2.5 2 1 1 3 3
1816.6 -9728.4 -3.9 50 0 5.8 7.2 7.5 2.5 2 1 3 4 4
2654.9 -10346.2 -22.3 62 0 4.4 8.5 5.0 0.0 0 1 2 0 0
1490.2 -9458.9 0.5 135 0 16.3 6.2 7.5 2.5 2 0 3 0 0
2145.9 -9947.4 -15.9 8 0 11.6 8.2 2.5 2.5 2 0 1 2 2
2458.4 -10045.4 -3.2 17 0 6.1 9.6 5.0 2.5 2 1 2 4 4
2141.1 -9932.2 -14.9 19 0 10.9 13.5 2.5 0.0 0 1 1 1 1
1295.1 -9858.1 -18.8 107 0 9.4 11.1 7.5 2.5 2 1 3 0 0
1481.5 -10341.8 -25.1 49 0 6.9 6.0 7.5 2.5 2 0 3 5 5
1445.6 -9596.1 -13.4 335 0 5.8 10.2 7.5 2.5 2 1 3 3 3
2059.9 -9802.0 1.8 97 0 6.6 11.5 2.5 2.5 2 1 1 2 2
2489.7 -10128.8 -15.9 24 0 9.5 6.9 5.0 2.5 2 0 2 1 1
1701.8 -9718.5 -10.9 129 0 7.4 12.5 2.5 2.5 2 1 1 1 1
1531.2 -9609.9 -10.9 54 0 8.5 8.7 5.0 2.5 2 1 2 5 5
214.8 -9409.1 -26.3 296 0 3.8 9.3 5.0 2.5 2 1 2 2 2
1712.3 -9804.2 -16.5 299 0 6.1 7.3 5.0 2.5 2 1 2 3 3
-69.8 -9301.2 -48.6 62 0 6.1 9.1 7.5 2.5 2 1 3 5 5
-598.2 -9090.4 -82.2 296 0 8.5 8.3 5.0 2.5 2 0 2 1 1
2848.0 -9844.8 37.7 21 0 7.1 5.0 7.5 2.5 4 0 3 1 1
899.0 -9768.4 -7.7 94 0 10.3 9.8 5.0 2.5 2 0 2 4 4
2744.9 -10052.9 -4.4 102 0 7.7 9.8 2.5 0.0 0 1 1 1 1
2326.6 -10080.5 -18.1 268 0 7.6 9.4 7.5 2.5 2 1 3 0 0
2876.7 -10707.8 -0.1 71 0 4.9 7.4 7.5 2.5 2 1 3 0 0
2037.8 -10094.5 -25.8 100 0 8.9 10.0 7.5 2.5 2 1 3 5 5
2671.5 -10002.3 2.5 267 0 5.9 7.4 7.5 2.5 2 1 3 2 2
2705.9 -10046.6 -3.3 105 0 7.8 6.7 7.5 2.5 2 0 3 2 2
1329.6 -10342.3 -9.1 87 0 11.2 8.3 7.5 2.5 2 0 3 3 3
-382.9 -9131.7 -74.9 79 0 9.5 10.1 7.5 0.0 0 1 3 3 3
2200.6 -10279.4 -31.5 112 0 5.4 9.0 7.5 2.5 4 1 3 4 4
-377.2 -9091.3 -75.2 245 0 8.9 3.6 2.5 2.5 4 0 1 2 2
1940.6 -9924.7 -15.1 197 0 9.4 9.7 2.5 2.5 2 1 1 4 4
2356.3 -10092.6 -17.9 356 0 13.1 8.2 7.5 2.5 4 0 3 3 3
1951.5 -9879.1 -11.5 94 0 11.8 5.9 5.0 2.5 2 0 2 1 1
-557.2 -9153.0 -81.9 75 0 11.3 11.4 2.5 2.5 2 1 1 5 5
-1420.1 -9402.1 -41.6 67 0 10.2 11.2 7.5 2.5 2 1 3 4 4
-1526.0 -9385.9 -30.2 170 0 7.6 10.2 5.0 2.5 2 1 2 1 1
-797.1 -9565.5 -69.4 56 0 14.2 8.7 5.0 2.5 4 0 2 4 4
-581.3 -8944.1 -81.9 7 0 12.5 7.7 5.0 2.5 2 0 2 4 4
-715.6 -9250.3 -75.6 234 0 11.0 11.6 2.5 2.5 2 1 1 3 3
-1335.3 -9608.6 -41.1 152 0 5.0 9.7 7.5 2.5 2 1 3 5 5
-756.0 -9275.0 -73.9 250 0 14.0 11.5 2.5 2.5 2 0 1 5 5
-658.5 -9104.5 -80.1 14 0 10.4 12.7 7.5 2.5 2 1 3 5 5
-479.2 -10817.6 -24.4 10 0 11.1 7.7 5.0 2.5 2 0 2 4 4
-665.1 -9017.0 -81.0 190 0 5.8 8.5 5.0 0.0 0 1 2 3 3
-668.5 -9140.4 -78.7 355 0 9.1 9.4 7.5 2.5 4 1 3 4 4
-853.8 -9787.1 -53.3 189 0 5.8 5.3 7.5 2.5 4 0 3 5 5
-638.6 -9028.6 -81.3 9 0 15.4 17.4 10.0 2.5 2 1 4 5 5
-1141.6 -9953.7 -38.9 38 0 7.7 8.5 5.0 2.5 2 1 2 4 4
-673.6 -9159.5 -78.2 357 0 5.1 7.8 2.5 2.5 2 1 1 2 2
-726.1 -9164.3 -76.8 85 0 14.2 10.0 2.5 2.5 2 0 1 2 2
-865.9 -9274.3 -71.2 258 0 6.8 13.2 5.0 2.5 2 1 2 3 3
-3166.0 -9410.3 43.2 125 0 7.2 9.4 7.5 2.5 2 1 3 4 4
-1298.0 -9668.5 -41.2 308 0 5.0 8.0 7.5 2.5 2 1 3 1 1
-976.9 -8980.3 -57.1 90 0 6.6 7.6 2.5 2.5 2 1 1 0 0
-1098.4 -8595.8 -48.9 48 0 6.7 13.5 7.5 2.5 2 1 3 3 3
-946.2 -8842.5 -55.6 163 0 6.2 6.5 7.5 2.5 2 1 3 2 2
-968.3 -8981.9 -58.1 90 0 6.6 5.4 7.5 2.5 4 0 3 2 2
-1146.7 -9018.5 -37.9 4 0 14.1 8.8 2.5 2.5 2 0 1 3 3
-896.8 -8876.7 -61.2 18 0 5.9 9.2 7.5 2.5 2 1 3 2 2
-1180.5 -8978.9 -34.7 85 0 10.0 10.1 2.5 2.5 2 1 1 1 1
-894.8 -8861.0 -61.8 355 0 11.5 10.7 7.5 0.0 0 0 3 2 2
-1257.6 -8913.7 -29.9 200 0 9.2 12.4 2.5 2.5 2 1 1 0 0
-1295.2 -8842.2 -26.7 114 0 5.1 9.5 7.5 2.5 4 1 3 0 0
-979.7 -8791.8 -53.5 29 0 3.4 9.0 7.5 2.5 2 1 3 4 4
-1146.6 -8787.4 -33.3 60 0 8.2 4.6 5.0 2.5 2 0 2 1 1
-1420.3 -8712.9 -30.8 118 0 4.5 8.3 5.0 0.0 0 1 2 2 2
-1169.5 -8579.8 -45.4 307 0 9.9 13.0 5.0 0.0 0 1 2 2 2
-900.4 -8837.4 -61.6 352 0 7.5 6.4 7.5 0.0 0 0 3 3 3
-1213.3 -8805.8 -28.9 112 0 10.3 7.4 7.5 2.5 2 0 3 4 4
-3890.7 -7696.2 -42.2 62 0 6.5 8.2 7.5 2.5 2 1 3 0 0
-4822.4 -7258.7 -64.2 107 0 12.4 27.9 12.5 2.5 4 1 5 5 5
-4536.6 -7261.8 -65.6 104 0 14.1 8.5 2.5 2.5 2 0 1 3 3
-2262.4 -7379.7 -89.0 96 0 6.6 10.6 5.0 2.5 2 1 2 3 3
-1978.3 -7479.8 -91.8 97 0 8.0 15.3 5.0 2.5 2 1 2 2 2
-4702.3 -7249.8 -64.1 188 0 8.9 33.6 7.5 2.5 2 1 3 0 0
-4101.1 -7128.5 -71.5 0 0 17.6 18.3 12.5 2.5 4 1 5 3 3
-4115.2 -7164.1 -72.4 96 0 14.6 11.1 7.5 2.5 2 0 3 2 2
-2750.3 -7407.8 -85.0 11 0 5.1 9.9 5.0 2.5 2 1 2 4 4
-4718.8 -9421.9 -61.9 99 0 6.6 8.2 7.5 2.5 2 1 3 1 1
-5046.9 -7408.2 -48.9 34 0 6.2 6.0 2.5 2.5 2 0 1 0 0
-4180.7 -7395.7 -61.4 270 0 4.2 8.4 2.5 2.5 2 1 1 4 4
-3429.4 -8263.0 -77.7 87 0 4.6 8.8 5.0 2.5 2 1 2 2 2
-4678.8 -7292.3 -60.3 94 0 10.7 8.6 5.0 2.5 2 0 2 1 1
-1881.1 -8056.1 -75.9 41 0 10.3 11.9 10.0 2.5 2 1 4 3 3
-2124.3 -7857.7 -90.3 270 0 8.3 8.4 5.0 2.5 2 1 2 4 4
-4919.0 -7269.7 -59.6 14 0 14.2 19.7 10.0 2.5 2 1 4 3 3
-4630.6 -7252.1 -65.5 10 0 20.4 13.6 15.0 0.0 0 0 6 3 3
-1995.9 -7354.0 -92.1 273 0 8.2 10.6 5.0 2.5 2 1 2 1 1
-2029.0 -8298.4 -78.2 12 0 9.1 6.7 2.5 2.5 2 0 1 1 1
-4563.0 -8581.3 -65.4 106 0 5.8 12.1 5.0 2.5 2 1 2 5 5
-2898.5 -7317.0 -83.2 11 0 7.2 6.8 7.5 2.5 2 0 3 5 5
-1571.7 -7331.5 -97.3 177 0 12.0 18.0 5.0 2.5 2 1 2 5 5
-1420.8 -7458.0 -97.9 133 0 9.1 18.0 2.5 2.5 4 1 1 3 3
-1108.6 -7715.1 -84.6 91 0 7.3 13.0 7.5 2.5 2 1 3 3 3
-1523.5 -7276.5 -97.9 354 0 10.2 16.0 5.0 2.5 2 1 2 1 1
-1506.6 -7346.1 -97.6 271 0 10.6 23.6 10.0 2.5 2 1 4 2 2
-1240.6 -7658.9 -96.3 7 0 19.3 8.8 5.0 2.5 2 0 2 0 0
-1792.8 -7465.2 -94.1 193 0 8.6 19.9 5.0 2.5 2 1 2 3 3
-1765.5 -7791.9 -92.2 81 0 9.5 17.1 2.5 0.0 0 1 1 5 5
-1658.5 -7359.0 -96.0 351 0 7.0 9.8 7.5 2.5 2 1 3 1 1
-1608.0 -7349.8 -96.8 77 0 17.5 11.2 7.5 0.0 0 0 3 4 4
-1993.8 -7299.1 -92.4 6 0 18.5 8.9 7.5 2.5 2 0 3 4 4
-1611.1 -7366.1 -96.6 264 0 10.2 21.3 2.5 2.5 2 1 1 5 5
-1711.4 -7158.1 -94.5 173 0 10.1 17.1 7.5 2.5 2 1 3 5 5
-1313.6 -7555.4 -98.1 269 0 13.4 9.4 2.5 2.5 2 0 1 2 2
-1266.1 -7639.5 -96.2 287 0 7.7 11.7 7.5 2.5 2 1 3 2 2
-1459.3 -7714.9 -91.7 85 0 9.3 7.9 5.0 2.5 2 0 2 5 5
-1821.3 -7741.7 -91.8 180 0 9.5 8.0 7.5 2.5 2 0 3 5 5
-1521.6 -7262.0 -98.0 356 0 15.5 22.1 10.0 2.5 2 1 4 4 4
-1311.1 -7522.6 -98.2 168 0 5.6 8.9 2.5 2.5 2 1 1 2 2
-1289.7 -7615.0 -97.0 1 0 10.3 14.6 7.5 2.5 4 1 3 3 3
-2096.9 -7328.9 -91.2 98 0 11.6 18.0 5.0 2.5 4 1 2 1 1
-1647.0 -7817.9 -83.0 82 0 5.6 11.7 7.5 2.5 4 1 3 0 0
-1420.4 -7535.4 -97.2 267 0 10.0 21.6 7.5 2.5 2 1 3 1 1
-1645.9 -7105.3 -93.1 349 0 8.6 11.6 2.5 2.5 2 1 1 1 1
-1340.9 -7589.5 -97.4 271 0 12.1 9.2 5.0 2.5 2 0 2 2 2
-1669.1 -7274.5 -96.4 169 0 11.4 9.9 7.5 2.5 2 0 3 0 0
-1582.2 -7193.9 -97.8 1 0 6.5 10.8 2.5 2.5 4 1 1 5 5
-1475.1 -7547.9 -96.6 268 0 10.4 12.5 7.5 2.5 2 1 3 3 3
-1576.4 -7167.2 -98.0 166 0 11.2 7.3 7.5 2.5 2 0 3 4 4
-1372.2 -7512.8 -97.7 268 0 6.9 16.0 5.0 0.0 0 1 2 3 3
-1675.8 -7225.5 -96.6 175 0 7.3 11.4 2.5 2.5 2 1 1 2 2
-1341.0 -7726.6 -92.6 107 0 11.6 17.9 2.5 2.5 2 1 1 5 5
-1455.9 -7381.0 -97.9 356 0 18.7 20.9 10.0 2.5 2 0 4 4 4
-1594.3 -7135.2 -96.5 347 0 9.4 15.7 2.5 2.5 2 1 1 3 3
-1568.3 -7356.9 -97.0 263 0 15.2 15.4 5.0 2.5 2 1 2 1 1
-1675.5 -7064.5 -93.0 253 0 13.8 12.4 5.0 2.5 2 0 2 2 2
-1527.7 -7334.1 -97.7 88 0 27.3 12.7 7.5 2.5 2 0 3 0 0
-1493.6 -7333.7 -97.9 90 0 21.8 9.6 5.0 2.5 2 0 2 1 1
-1692.2 -7358.3 -95.7 95 0 9.2 13.1 7.5 2.5 2 1 3 0 0
-1587.1 -7325.6 -97.0 348 0 16.4 11.7 7.5 2.5 2 0 3 4 4
-1521.8 -7287.7 -97.8 349 0 7.9 21.3 5.0 2.5 2 1 2 0 0
-2041.0 -7328.6 -91.7 91 0 6.2 7.8 2.5 2.5 2 1 1 1 1
-1790.3 -7434.8 -94.2 192 0 11.2 12.3 5.0 2.5 2 1 2 0 0
-1697.3 -7293.4 -95.9 359 0 14.7 16.0 5.0 2.5 2 1 2 2 2
-1841.3 -7317.8 -94.0 276 0 6.6 27.4 7.5 2.5 2 1 3 2 2
-1744.8 -7354.1 -95.1 90 0 7.3 18.2 7.5 2.5 2 1 3 1 1
-1287.3 -7512.3 -98.4 348 0 5.6 10.8 7.5 2.5 2 1 3 5 5
-1710.2 -7195.4 -96.2 345 0 10.2 8.1 7.5 2.5 2 0 3 3 3
-1663.1 -7223.1 -96.8 178 0 12.4 10.7 5.0 2.5 2 0 2 5 5
-1370.7 -7740.6 -91.4 107 0 8.8 8.8 5.0 2.5 2 1 2 0 0
-1811.4 -7440.9 -93.8 9 0 11.0 18.9 2.5 2.5 2 1 1 1 1
-1780.3 -7728.9 -92.5 92 0 9.4 20.3 7.5 2.5 2 1 3 0 0
-1433.7 -7517.7 -97.3 72 0 8.8 18.6 2.5 2.5 2 1 1 1 1
-1634.3 -7147.5 -95.9 350 0 20.4 10.2 10.0 2.5 2 0 4 0 0
-1289.5 -7526.1 -98.3 352 0 4.9 10.5 5.0 2.5 2 1 2 3 3
-1255.1 -7686.2 -94.7 18 0 8.3 10.9 5.0 2.5 2 1 2 1 1
-1677.0 -7242.9 -96.5 170 0 10.6 11.4 7.5 2.5 2 1 3 2 2
-1290.9 -7626.6 -96.4 0 0 6.5 9.3 2.5 2.5 2 1 1 3 3
-1922.5 -7319.2 -93.2 97 0 8.2 16.0 5.0 2.5 2 1 2 2 2
-1584.1 -7182.6 -97.8 353 0 10.9 7.6 5.0 2.5 4 0 2 3 3
-1667.3 -7726.6 -88.6 242 0 11.3 18.8 2.5 2.5 2 1 1 2 2
-1378.2 -7533.5 -97.5 272 0 7.1 10.2 5.0 2.5 2 1 2 3 3
-1069.5 -7695.8 -92.2 31 0 11.6 8.2 5.0 2.5 2 0 2 5 5
-1339.3 -7699.2 -93.3 125 0 7.2 7.4 7.5 2.5 4 1 3 0 0
-1464.2 -7360.7 -97.9 357 0 23.0 20.3 10.0 2.5 2 0 4 2 2
-1493.1 -7548.7 -96.5 266 0 7.4 9.1 5.0 2.5 2 1 2 0 0
-1588.6 -7158.9 -97.3 351 0 9.5 10.7 5.0 2.5 2 1 2 1 1
-1672.7 -7042.9 -97.2 70 0 14.1 10.2 5.0 2.5 2 0 2 0 0
971.9 -10027.6 0.4 13 0 18.4 15.4 10.0 2.5 2 0 4 2 2
-591.4 -8308.7 23.5 179 0 4.9 6.6 7.5 0.0 0 1 3 3 3
-559.1 -8379.0 -6.1 69 0 9.4 6.3 5.0 2.5 2 0 2 0 0
-728.5 -8408.0 0.8 49 0 6.3 5.6 5.0 2.5 2 0 2 4 4
-731.2 -8424.2 -6.8 245 0 6.8 4.8 7.5 2.5 2 0 3 3 3
-612.0 -8393.6 -5.5 75 0 11.0 5.2 7.5 2.5 2 0 3 1 1
-604.3 -8243.6 50.7 181 0 7.2 6.3 2.5 2.5 2 0 1 1 1
-818.0 -8474.1 -12.0 74 0 8.0 6.0 7.5 2.5 2 0 3 2 2
-3556.9 -6854.4 -50.2 276 0 5.6 9.7 7.5 2.5 2 1 3 3 3
-3323.6 -1952.1 -87.2 94 0 12.5 8.7 7.5 2.5 2 0 3 0 0
-6829.0 -1815.1 -89.3 218 0 6.7 9.9 5.0 2.5 2 1 2 0 0
-6148.4 -2653.7 29.1 133 0 8.3 13.4 5.0 2.5 2 1 2 5 5
-6418.4 -2907.8 26.6 267 0 8.4 10.2 7.5 2.5 4 1 3 1 1
-6433.0 -2946.2 28.7 170 0 17.5 10.3 5.0 2.5 2 0 2 3 3
-4349.9 -2091.5 -2.3 2 0 52.7 54.9 10.0 0.0 0 1 4 3 3
-5952.6 -1572.3 -94.2 238 0 12.3 10.0 5.0 2.5 2 0 2 1 1
-1519.3 -7385.5 -97.4 92 0 9.8 13.0 7.5 2.5 2 1 3 5 5
-3753.8 -10189.9 10.5 53 0 11.3 10.8 7.5 2.5 2 0 3 0 0
-5863.2 -6062.0 25.7 112 0 40.2 15.8 10.0 2.5 2 0 4 1 1
-5112.4 -3199.2 89.3 163 0 6.1 10.3 7.5 0.0 0 1 3 3 3
-5076.2 -3175.8 91.1 322 0 6.2 10.5 7.5 0.0 0 1 3 5 5
-5892.5 -7250.5 -27.8 97 0 7.3 12.4 7.5 2.5 2 1 3 0 0
-5290.4 -7578.6 -31.4 97 0 30.5 13.6 12.5 2.5 2 0 5 4 4
1912.8 -10162.1 -31.4 35 0 7.0 12.5 2.5 2.5 2 1 1 5 5
-2127.8 -7146.8 -86.2 265 0 9.6 14.1 2.5 2.5 2 1 1 1 1
-1707.7 -7056.5 -91.7 71 0 6.9 12.4 5.0 2.5 2 1 2 3 3
-1561.1 -7580.4 -95.8 263 0 11.4 15.8 5.0 0.0 0 1 2 3 3
-1555.7 -7606.8 -95.2 175 0 6.8 8.9 2.5 2.5 4 1 1 5 5
-1401.0 -7587.5 -97.0 274 0 9.7 11.8 7.5 0.0 0 1 3 2 2
-1898.2 -7491.3 -92.6 283 0 8.5 7.8 7.5 0.0 0 0 3 2 2
-1814.5 -7066.7 -87.8 85 0 15.4 18.6 10.0 2.5 2 1 4 1 1
-1808.4 -7094.1 -89.2 267 0 15.0 33.2 12.5 2.5 2 1 5 5 5
-1922.7 -7221.4 -93.0 355 0 12.0 8.3 7.5 0.0 0 0 3 5 5
-2051.7 -7162.8 -88.6 270 0 11.0 19.9 7.5 2.5 4 1 3 0 0
-5262.8 -6869.2 -46.2 10 0 13.4 33.8 12.5 2.5 2 1 5 5 5
-5315.0 -6922.9 -47.4 89 0 8.2 23.8 7.5 2.5 2 1 3 4 4
-5250.4 -6996.1 -52.7 359 0 20.6 11.6 12.5 2.5 2 0 5 4 4
-5279.4 -7063.7 -55.1 178 0 12.1 5.8 5.0 2.5 2 0 2 0 0
-5443.8 -5754.8 61.2 50 0 10.9 11.2 5.0 2.5 4 1 2 2 2
-6143.9 -4087.9 53.4 198 0 11.3 9.0 5.0 2.5 4 0 2 3 3
-6242.3 -4051.3 60.4 286 0 7.2 12.4 2.5 2.5 2 1 1 5 5
-6335.0 -4076.6 59.5 204 0 7.4 11.6 7.5 2.5 2 1 3 2 2
-6437.7 -3955.6 44.9 94 0 14.4 17.8 10.0 2.5 2 1 4 1 1
-6275.3 -2791.6 30.4 319 0 11.4 38.0 12.5 2.5 2 1 5 2 2
-6186.4 -2641.6 31.7 312 0 11.6 12.1 2.5 2.5 2 1 1 0 0
-6228.8 -2611.2 33.7 294 0 9.6 9.4 2.5 2.5 2 0 1 5 5
-5117.1 -7251.1 -55.5 100 0 13.3 9.1 2.5 2.5 2 0 1 1 1
-5103.1 -7225.2 -59.1 171 0 9.1 11.6 7.5 0.0 0 1 3 0 0
-5382.0 -5924.8 60.4 220 0 8.3 29.1 5.0 2.5 2 1 2 1 1
-5397.6 -5701.2 64.9 258 0 11.7 18.3 2.5 2.5 2 1 1 5 5
-5288.1 -5592.7 72.8 359 0 9.7 12.1 7.5 2.5 2 1 3 3 3
-3360.6 -5292.7 22.7 103 0 6.1 8.7 5.0 2.5 4 1 2 2 2
-2588.1 -5576.6 -77.8 103 0 12.0 18.3 7.5 2.5 2 1 3 0 0
-2410.9 -5596.6 -88.4 112 0 7.5 8.5 5.0 2.5 2 1 2 1 1
9.2 -8579.9 -87.4 143 0 8.5 9.3 7.5 2.5 2 1 3 2 2
-4143.9 -10902.8 -1.3 22 0 6.3 5.1 2.5 2.5 2 0 1 4 4
-4262.5 -10805.0 -6.3 16 0 17.9 13.6 7.5 2.5 2 0 3 0 0
-4281.5 -10760.5 -7.6 198 0 13.3 10.9 7.5 2.5 2 0 3 3 3
-4277.5 -10841.6 -5.0 21 0 10.7 18.2 7.5 2.5 2 1 3 1 1
-4447.6 -10831.7 -4.2 357 0 13.5 9.8 2.5 2.5 2 0 1 0 0
-4519.3 -10874.2 -0.2 89 0 9.5 13.2 5.0 2.5 2 1 2 0 0
-4102.6 -10821.5 -3.4 288 0 7.1 27.9 5.0 0.0 0 1 2 4 4
-4121.2 -10856.5 -2.7 32 0 16.2 3.8 5.0 0.0 0 0 2 5 5
-4193.8 -10832.9 -3.9 220 0 7.4 9.1 7.5 2.5 4 1 3 3 3
-4402.7 -10870.3 -2.8 123 0 17.7 9.7 5.0 2.5 2 0 2 5 5
-4445.9 -10858.5 -2.7 204 0 15.6 25.1 10.0 0.0 0 1 4 4 4
-5092.1 -6856.2 -49.6 200 0 7.1 7.8 5.0 2.5 4 1 2 1 1
-4999.5 -6858.2 -51.5 98 0 8.4 12.8 5.0 2.5 2 1 2 2 2
-5221.4 -6967.9 -51.8 173 0 8.4 5.5 5.0 2.5 2 0 2 0 0
-5134.2 -7106.1 -58.6 159 0 5.0 6.1 5.0 2.5 2 1 2 1 1
-5373.0 -6932.1 -47.7 274 0 11.8 6.6 5.0 2.5 4 0 2 1 1
-5212.3 -7006.2 -53.6 82 0 4.3 7.5 7.5 2.5 2 1 3 3 3
-5221.0 -7123.2 -58.7 170 0 7.0 10.8 7.5 2.5 2 1 3 0 0
-5260.0 -7012.2 -53.4 269 0 5.3 12.9 5.0 2.5 2 1 2 5 5
-5149.4 -7028.5 -56.1 351 0 5.5 7.0 2.5 2.5 2 1 1 4 4
-5351.8 -6948.4 -48.5 343 0 4.9 9.8 7.5 2.5 2 1 3 2 2
-5194.6 -6909.0 -49.4 85 0 7.1 17.3 5.0 2.5 2 1 2 5 5
-5320.0 -6929.2 -48.2 261 0 4.5 13.8 7.5 0.0 0 1 3 0 0
-5271.9 -7166.0 -58.6 98 0 6.7 5.2 2.5 2.5 2 0 1 0 0
-5091.5 -7086.3 -58.3 71 0 9.7 9.3 2.5 2.5 2 0 1 2 2
-5213.8 -6948.5 -51.1 266 0 8.4 5.5 5.0 2.5 2 0 2 5 5
-5320.4 -7006.0 -51.3 78 0 5.9 12.4 5.0 2.5 2 1 2 1 1
-5299.3 -6924.5 -48.3 261 0 8.5 11.8 5.0 2.5 2 1 2 5 5
-5274.4 -6918.2 -48.0 91 0 6.0 13.6 5.0 2.5 4 1 2 4 4
-5039.3 -6883.8 -52.0 254 0 5.0 6.4 5.0 2.5 2 1 2 0 0
-5163.1 -7002.9 -54.8 269 0 5.8 5.2 5.0 2.5 2 0 2 1 1
-5225.9 -7015.4 -54.1 261 0 4.7 8.4 2.5 0.0 0 1 1 3 3
-5150.1 -6936.4 -51.7 360 0 4.4 7.7 2.5 2.5 2 1 1 1 1
-5225.6 -7113.1 -58.4 165 0 4.5 8.2 2.5 2.5 2 1 1 2 2
-5207.5 -7140.7 -59.1 67 0 6.7 9.8 2.5 2.5 2 1 1 4 4
-5233.3 -7174.1 -59.5 95 0 7.6 7.2 7.5 2.5 2 0 3 5 5
-5061.7 -7077.4 -58.3 177 0 8.2 7.4 7.5 2.5 2 0 3 2 2
-5173.4 -7126.9 -59.0 140 0 4.0 8.7 7.5 2.5 2 1 3 3 3
-5211.1 -6888.2 -48.1 25 0 6.6 7.3 7.5 2.5 2 1 3 5 5
-5106.5 -6837.1 -48.6 287 0 12.2 12.3 5.0 2.5 2 1 2 1 1
-5303.0 -7066.4 -54.5 85 0 7.4 4.7 7.5 2.5 2 0 3 0 0
-5199.5 -7058.3 -56.7 259 0 7.7 7.3 5.0 2.5 2 0 2 5 5
-5252.2 -6956.8 -50.4 352 0 5.2 7.8 2.5 2.5 2 1 1 3 3
-5229.9 -7064.5 -55.9 91 0 4.9 7.4 2.5 2.5 2 1 1 2 2
-5220.6 -7176.0 -59.1 243 0 6.6 9.3 7.5 2.5 2 1 3 5 5
-5164.2 -7139.7 -59.4 235 0 9.6 4.0 5.0 2.5 2 0 2 1 1
-5230.6 -6913.2 -48.8 83 0 4.9 9.5 5.0 2.5 2 1 2 2 2
-5102.5 -7214.8 -60.3 171 0 6.1 13.8 5.0 2.5 2 1 2 0 0
-5066.7 -6998.2 -56.5 268 0 8.0 9.9 5.0 0.0 0 1 2 3 3
-5277.7 -7014.1 -52.6 354 0 7.4 4.4 7.5 2.5 2 0 3 5 5
-5276.2 -6890.6 -46.9 283 0 5.7 5.9 5.0 2.5 2 1 2 3 3
-5329.2 -6907.1 -46.5 181 0 4.1 8.2 5.0 2.5 2 1 2 4 4
-5053.0 -6824.0 -48.6 98 0 5.1 10.9 2.5 2.5 4 1 1 2 2
-5257.3 -6912.6 -48.5 176 0 7.5 9.4 5.0 2.5 2 1 2 4 4
-5045.5 -7001.9 -56.6 185 0 7.2 5.0 5.0 2.5 2 0 2 5 5
-5050.8 -6840.0 -49.8 293 0 6.8 11.6 7.5 2.5 2 1 3 3 3
-5191.7 -7134.0 -59.1 325 0 4.4 8.3 7.5 2.5 2 1 3 1 1
-5238.9 -7152.4 -59.4 356 0 9.7 6.7 5.0 2.5 2 0 2 4 4
-5351.4 -6893.1 -45.6 2 0 10.2 5.2 7.5 2.5 2 0 3 1 1
-5038.8 -6955.7 -55.7 276 0 12.6 9.7 7.5 0.0 0 0 3 4 4
-5166.6 -6911.1 -50.5 270 0 4.2 7.6 2.5 2.5 2 1 1 2 2
-5129.2 -6996.0 -55.3 183 0 6.1 8.3 7.5 2.5 2 1 3 2 2
-5309.4 -7113.0 -57.2 268 0 9.0 5.2 5.0 2.5 2 0 2 5 5
-5198.4 -7119.3 -58.7 2 0 4.9 6.2 5.0 0.0 0 1 2 3 3
-5134.4 -7025.0 -56.4 174 0 6.6 5.5 7.5 2.5 2 0 3 2 2
-5110.7 -6919.6 -51.9 161 0 4.5 7.5 7.5 2.5 2 1 3 4 4
-5071.9 -6823.1 -48.2 101 0 10.3 19.1 10.0 2.5 2 1 4 4 4
-5245.5 -7004.7 -53.2 184 0 13.5 9.1 2.5 2.5 4 0 1 1 1
-5127.7 -7095.1 -58.4 71 0 5.6 10.5 7.5 0.0 0 1 3 0 0
-5018.2 -6802.7 -48.4 2 0 4.2 7.4 7.5 0.0 0 1 3 4 4
-5195.2 -7154.6 -59.5 143 0 4.7 8.9 2.5 2.5 2 1 1 1 1
-5196.1 -7067.9 -57.5 261 0 10.7 12.0 7.5 2.5 2 1 3 3 3
-5116.4 -7028.2 -56.8 73 0 7.8 5.5 5.0 2.5 2 0 2 2 2
-5015.6 -6795.0 -48.1 25 0 7.5 8.5 5.0 2.5 2 1 2 2 2
-5283.7 -6926.0 -48.6 265 0 4.6 8.3 2.5 2.5 2 1 1 4 4
-5064.3 -7138.7 -59.8 351 0 14.0 10.7 2.5 2.5 4 0 1 2 2
-5002.0 -6952.8 -55.9 272 0 10.7 16.7 2.5 2.5 2 1 1 3 3
-5244.0 -6979.7 -51.6 89 0 4.8 6.4 5.0 2.5 2 1 2 0 0
-5308.3 -6928.2 -48.3 261 0 6.2 11.2 5.0 2.5 2 1 2 5 5
-5225.4 -7026.4 -54.7 271 0 7.4 9.4 5.0 2.5 2 1 2 4 4
-5282.5 -7053.4 -54.2 82 0 4.0 8.0 7.5 2.5 2 1 3 3 3
-5309.6 -7147.8 -58.8 181 0 8.0 7.4 5.0 2.5 4 0 2 5 5
-5217.1 -7018.9 -54.4 272 0 4.4 6.9 5.0 2.5 4 1 2 1 1
-4987.3 -6920.9 -55.0 280 0 14.5 7.8 7.5 2.5 2 0 3 0 0
-5195.8 -7146.1 -59.4 332 0 4.3 5.0 2.5 2.5 2 1 1 4 4
-5116.6 -7010.6 -56.0 359 0 6.2 5.6 7.5 2.5 2 0 3 2 2
-5162.6 -6827.9 -47.1 279 0 14.1 14.5 7.5 2.5 4 1 3 4 4
-5117.3 -7042.8 -57.2 351 0 6.4 6.8 2.5 2.5 2 1 1 1 1
-5077.3 -6878.5 -50.7 92 0 9.5 16.0 7.5 2.5 2 1 3 2 2
-5175.2 -7146.5 -59.5 241 0 6.4 5.7 7.5 2.5 2 0 3 5 5
-5255.7 -6926.8 -49.0 358 0 9.7 4.4 5.0 0.0 0 0 2 0 0
-5237.6 -7064.8 -55.8 87 0 8.0 8.2 5.0 2.5 2 1 2 5 5
-5309.4 -7025.7 -52.7 265 0 6.8 6.2 7.5 2.5 2 0 3 4 4
-5262.5 -6970.1 -50.9 351 0 8.7 10.9 5.0 2.5 2 1 2 3 3
-5246.2 -7037.2 -54.5 170 0 4.7 8.5 7.5 0.0 0 1 3 1 1
-5267.9 -7079.9 -56.2 177 0 5.5 6.6 7.5 2.5 4 1 3 4 4
-5209.3 -6931.8 -50.5 262 0 4.6 7.8 7.5 2.5 2 1 3 5 5
-5208.3 -7047.0 -55.7 350 0 7.0 4.9 2.5 2.5 2 0 1 3 3
-5024.2 -7009.6 -56.9 282 0 5.3 6.2 5.0 2.5 2 1 2 4 4
-5244.7 -6994.4 -52.5 180 0 5.7 6.9 7.5 2.5 2 1 3 1 1
-5174.7 -7083.6 -58.0 259 0 5.2 6.8 5.0 2.5 2 1 2 4 4
-5187.0 -7005.3 -54.2 351 0 7.7 5.5 5.0 2.5 2 0 2 2 2
-4996.3 -6907.9 -53.8 93 0 6.4 6.1 7.5 2.5 2 0 3 2 2
-5134.3 -7195.5 -60.7 182 0 6.6 19.2 5.0 2.5 4 1 2 3 3
-5112.5 -6825.0 -47.4 106 0 10.1 8.1 7.5 2.5 2 0 3 5 5
-5355.4 -6920.9 -46.8 92 0 18.3 19.9 12.5 2.5 2 1 5 2 2
-5106.7 -6999.3 -55.7 343 0 5.9 9.5 7.5 2.5 2 1 3 0 0
-5102.4 -6973.5 -54.5 71 0 6.2 9.4 7.5 2.5 2 1 3 0 0
-5136.1 -7113.2 -58.9 250 0 8.2 7.8 7.5 2.5 2 0 3 4 4
-5290.4 -7099.6 -56.4 359 0 7.4 6.2 7.5 2.5 2 0 3 5 5
-5114.3 -6948.7 -53.2 159 0 4.2 7.7 2.5 2.5 2 1 1 0 0
-5204.5 -7153.3 -59.5 323 0 4.2 8.1 5.0 2.5 2 1 2 0 0
-5216.6 -6988.9 -52.7 84 0 11.3 4.4 5.0 2.5 4 0 2 1 1
-5107.4 -7090.5 -58.3 79 0 9.6 5.9 5.0 2.5 2 0 2 1 1
-5245.3 -7112.5 -57.9 346 0 5.5 9.2 7.5 2.5 2 1 3 0 0
-5026.6 -6822.8 -49.2 11 0 6.0 7.6 7.5 2.5 4 1 3 1 1
-5316.0 -7118.0 -57.3 2 0 6.4 9.9 7.5 2.5 4 1 3 0 0
-5211.8 -6904.7 -48.9 28 0 13.4 7.7 2.5 2.5 2 0 1 3 3
-5356.3 -6940.3 -47.9 350 0 4.1 7.9 5.0 2.5 2 1 2 1 1
-5267.5 -7146.4 -59.2 182 0 12.5 15.4 5.0 2.5 2 1 2 0 0
-5308.4 -6944.7 -48.9 265 0 11.5 6.8 7.5 2.5 2 0 3 0 0
-5201.4 -7042.2 -55.7 171 0 5.1 6.1 7.5 2.5 2 1 3 4 4
-5075.0 -7038.5 -57.3 175 0 7.0 14.7 7.5 2.5 4 1 3 5 5
-5149.7 -7020.0 -55.8 355 0 7.3 4.8 5.0 2.5 2 0 2 3 3
-5349.0 -6946.0 -48.3 172 0 6.6 8.8 5.0 2.5 2 1 2 5 5
-4988.6 -6959.5 -56.0 278 0 7.7 14.0 2.5 2.5 2 1 1 3 3
-5231.1 -6967.4 -51.5 172 0 5.3 9.0 7.5 0.0 0 1 3 4 4
-5363.8 -6899.0 -45.6 98 0 7.3 13.2 2.5 2.5 2 1 1 4 4
-5314.4 -6929.4 -48.0 261 0 5.3 8.0 7.5 2.5 4 1 3 5 5
-5089.6 -7025.9 -57.0 336 0 7.1 7.2 2.5 2.5 2 1 1 4 4
-5010.7 -6938.1 -55.0 92 0 14.7 14.8 7.5 2.5 2 1 3 2 2
-5288.7 -6998.9 -51.5 85 0 5.5 5.7 5.0 2.5 2 1 2 0 0
-5190.0 -6976.1 -52.7 358 0 4.5 8.8 7.5 2.5 2 1 3 2 2
-5198.2 -7002.6 -53.9 169 0 8.1 4.6 2.5 2.5 2 0 1 1 1
-5104.9 -6977.2 -54.7 341 0 3.8 8.8 5.0 2.5 2 1 2 4 4
-5152.9 -6929.6 -51.4 2 0 6.6 6.0 2.5 2.5 2 0 1 5 5
-5022.1 -6812.6 -48.8 11 0 7.5 7.5 5.0 2.5 2 1 2 0 0
-5063.6 -6926.6 -53.9 253 0 11.4 13.6 5.0 2.5 2 1 2 0 0
-5135.3 -7004.7 -55.5 181 0 4.7 10.5 2.5 2.5 2 1 1 1 1
-5298.3 -6884.9 -46.3 274 0 6.9 7.4 5.0 0.0 0 1 2 5 5
-5289.3 -7045.3 -53.7 357 0 5.3 8.5 7.5 2.5 2 1 3 3 3
-5130.0 -6835.0 -47.8 275 0 8.9 8.5 7.5 2.5 2 0 3 0 0
-5228.5 -7128.8 -58.8 175 0 6.1 5.0 5.0 2.5 2 0 2 3 3
-5202.7 -7160.8 -59.6 141 0 4.2 8.8 5.0 2.5 2 1 2 5 5
-5178.0 -7132.7 -59.0 57 0 4.3 7.3 2.5 2.5 2 1 1 0 0
-5332.3 -6930.8 -47.8 259 0 5.1 10.0 5.0 2.5 2 1 2 2 2
-5253.0 -6950.9 -50.1 352 0 5.8 7.3 2.5 2.5 2 1 1 4 4
-5066.3 -6988.3 -56.0 85 0 7.4 5.7 5.0 2.5 2 0 2 5 5
-5158.9 -7061.9 -57.7 257 0 4.5 13.7 7.5 2.5 2 1 3 3 3
-5220.4 -7008.5 -53.6 1 0 5.7 5.3 5.0 2.5 2 0 2 2 2
-5134.3 -7071.4 -57.9 253 0 6.3 5.2 5.0 2.5 2 0 2 5 5
-5065.3 -6885.5 -51.7 259 0 9.7 10.0 2.5 0.0 0 1 1 0 0
-5108.2 -7192.0 -60.8 173 0 4.2 14.9 5.0 2.5 2 1 2 4 4
-5230.9 -7005.0 -53.1 93 0 6.6 5.9 5.0 2.5 2 0 2 2 2
-5329.9 -6914.4 -46.9 180 0 5.2 10.1 7.5 0.0 0 1 3 4 4
-5283.6 -7119.4 -57.4 3 0 6.0 11.8 5.0 2.5 2 1 2 0 0
-5078.9 -7054.2 -57.7 345 0 6.7 9.9 2.5 2.5 2 1 1 5 5
-5106.4 -7135.4 -59.7 247 0 7.1 14.2 5.0 2.5 2 1 2 0 0
-5145.2 -6982.9 -54.3 171 0 8.2 11.2 7.5 2.5 2 1 3 2 2
-5137.6 -6931.0 -51.8 157 0 4.3 10.2 7.5 2.5 2 1 3 0 0
-5118.1 -7066.3 -57.8 252 0 8.0 5.2 5.0 2.5 2 0 2 1 1
-5133.7 -6975.7 -54.1 171 0 4.1 7.4 7.5 2.5 2 1 3 4 4
-5300.0 -6893.3 -46.6 272 0 8.2 6.7 2.5 2.5 2 0 1 0 0
-5236.7 -6919.6 -49.5 258 0 5.5 11.6 5.0 2.5 2 1 2 0 0
-5161.3 -7043.5 -56.5 81 0 5.6 5.5 7.5 2.5 2 0 3 5 5
-5200.5 -6964.7 -52.0 358 0 6.4 15.0 7.5 2.5 2 1 3 1 1
-5137.0 -7090.6 -58.2 79 0 4.7 11.8 7.5 2.5 2 1 3 4 4
-5136.7 -6996.6 -55.1 181 0 6.3 5.9 7.5 2.5 2 0 3 3 3
-5221.9 -7130.0 -58.9 170 0 4.8 12.3 7.5 2.5 2 1 3 1 1
-5298.1 -6959.0 -49.9 271 0 4.7 11.7 2.5 2.5 4 1 1 1 1
-5126.9 -6891.8 -50.1 97 0 5.2 21.4 2.5 2.5 2 1 1 4 4
-5100.6 -7057.3 -57.7 255 0 9.6 6.0 7.5 2.5 4 0 3 5 5
-1769.5 -7032.6 -90.6 258 0 21.3 11.1 5.0 2.5 2 0 2 1 1
-1721.1 -7063.1 -91.1 74 0 12.2 13.9 2.5 2.5 2 1 1 4 4
-3240.5 -8935.8 22.2 138 0 8.1 31.2 7.5 2.5 2 1 3 5 5
-5041.5 -6867.2 -50.9 18 0 4.3 9.6 7.5 2.5 2 1 3 1 1
-5872.5 -1531.5 -86.8 234 0 15.0 12.2 5.0 0.0 0 0 2 4 4
-5036.3 -6849.3 -50.2 19 0 5.5 8.5 5.0 2.5 2 1 2 5 5
-5039.7 -6860.7 -50.7 17 0 7.2 9.8 2.5 2.5 2 1 1 4 4
