2053.6 -10422.6 -80.6 262 0 41.9 16.4 14.0 3.5 2 0 4 2 2
2061.9 -10484.2 -81.5 232 0 23.1 28.4 17.5 0.0 0 1 5 1 1
2477.6 -10689.6 -82.6 202 0 16.2 26.5 14.0 3.5 2 1 4 0 0
2526.2 -10689.8 -81.6 163 0 12.4 17.7 10.5 3.5 2 1 3 5 5
1986.2 -10432.3 -80.2 262 0 23.4 11.0 14.0 0.0 0 0 4 1 1
2551.1 -10769.6 -82.7 138 0 12.1 11.6 10.5 3.5 2 0 3 2 2
2520.7 -10673.5 -81.2 163 0 11.0 18.6 10.5 3.5 2 1 3 3 3
1927.6 -10410.8 -79.1 0 0 27.9 9.2 10.5 3.5 2 0 3 4 4
2095.3 -10415.8 -80.6 261 0 17.0 20.5 17.5 3.5 2 1 5 0 0
2532.6 -10705.6 -81.8 161 0 8.0 11.8 10.5 3.5 2 1 3 5 5
2018.8 -10427.5 -80.1 260 0 25.6 12.2 14.0 3.5 2 0 4 2 2
2476.6 -10743.1 -83.3 133 0 9.5 18.4 10.5 3.5 2 1 3 2 2
2540.6 -10746.3 -82.5 160 0 13.5 14.3 10.5 3.5 2 1 3 1 1
1957.3 -10432.1 -79.6 80 0 10.0 11.4 17.5 3.5 2 1 5 0 0
2012.6 -10401.0 -79.5 261 0 18.9 21.7 14.0 3.5 2 1 4 3 3
2046.6 -10417.2 -79.8 80 0 28.4 21.0 14.0 3.5 2 0 4 3 3
-4726.0 5060.3 -52.1 37 0 134.3 180.5 12.5 0.0 0 1 5 4 4
-6934.8 7461.5 -68.7 145 0 15.8 58.7 15.0 0.0 0 1 6 5 5
1891.0 -10409.8 -79.1 181 0 30.6 8.3 10.5 3.5 2 0 3 4 4
-3941.5 9551.9 -48.6 239 0 57.4 40.7 10.0 0.0 0 0 4 1 1
-6129.3 4427.9 -64.7 145 0 133.6 30.9 10.0 0.0 0 0 4 0 0
-4364.6 4719.4 -44.4 294 0 184.2 83.6 10.0 0.0 0 0 4 3 3
-4318.0 9650.8 -45.8 5 0 19.5 34.3 10.0 0.0 0 1 4 0 0
-4017.9 9388.1 -47.1 153 0 134.4 61.6 15.0 0.0 0 0 6 1 1
-6302.7 4706.3 -66.9 355 0 256.5 95.2 12.5 0.0 0 0 5 0 0
-5963.9 4576.6 -64.0 0 0 27.1 111.8 10.0 0.0 0 1 4 0 0
2630.5 8752.1 -61.0 225 0 15.2 121.6 10.0 0.0 0 1 4 0 0
2692.9 8730.8 -61.8 315 0 119.9 16.1 7.5 0.0 0 0 3 1 1
2800.9 8565.3 -59.8 38 0 17.7 58.0 10.0 2.5 2 1 4 1 1
2636.9 8490.5 -42.4 312 0 18.1 13.2 10.0 2.5 4 0 4 1 1
2670.2 8449.4 -43.0 48 0 3.5 9.6 2.5 2.5 2 1 1 3 3
2814.4 8578.5 -60.3 37 0 13.1 118.9 12.5 0.0 0 1 5 2 2
2825.5 8595.5 -61.1 38 0 14.8 116.8 12.5 0.0 0 1 5 5 5
2797.4 8653.8 -61.4 307 0 118.9 15.2 10.0 0.0 0 0 4 5 5
-6760.1 -1221.5 -61.2 141 0 8.0 7.1 5.0 2.5 2 0 2 5 5
-6778.9 -1228.0 -63.7 321 0 8.0 14.6 5.0 2.5 2 1 2 0 0
-6283.4 -918.3 -74.6 55 0 5.1 11.4 2.5 2.5 2 1 1 4 4
-6500.2 -1116.9 -47.4 60 0 12.1 10.4 10.0 2.5 2 0 4 4 4
-6520.9 -1053.1 -58.3 330 0 12.3 12.7 7.5 2.5 2 1 3 2 2
-6050.1 -557.0 -73.1 26 0 15.0 19.5 10.0 2.5 2 0 4 0 0
-6040.9 -511.0 -74.1 285 0 22.8 9.2 7.5 2.5 4 0 3 0 0
-6219.8 -804.8 -74.9 345 0 16.6 15.6 10.0 2.5 2 0 4 0 0
-6492.9 -1130.1 -42.7 270 0 5.1 8.6 5.0 2.5 4 1 2 1 1
-6497.2 -1204.1 -29.5 103 0 6.0 9.4 5.0 2.5 2 0 2 5 5
-6687.3 -1065.0 -73.8 315 0 7.9 8.6 2.5 2.5 2 1 1 3 3
-6143.4 -978.6 -70.7 330 0 24.6 16.0 12.5 2.5 4 0 5 1 1
-6295.0 -868.1 -75.4 137 0 5.4 12.6 2.5 0.0 0 1 1 0 0
-6479.8 -1216.2 -25.3 268 0 4.9 10.9 5.0 2.5 2 1 2 2 2
-6810.6 -1234.8 -67.1 140 0 10.5 8.4 7.5 2.5 4 0 3 0 0
-6297.3 -863.4 -75.5 137 0 5.4 12.6 7.5 2.5 2 1 3 0 0
-6273.2 -927.7 -73.9 255 0 14.9 12.6 5.0 2.5 2 0 2 3 3
-6709.1 -1083.1 -69.3 146 0 7.6 11.1 5.0 2.5 2 0 2 0 0
-6257.9 -857.1 -74.6 317 0 5.4 12.6 7.5 2.5 2 1 3 1 1
-6313.2 -939.1 -73.8 255 0 14.9 12.6 7.5 2.5 2 0 3 4 4
-6775.1 -1236.2 -62.0 309 0 6.2 10.3 5.0 0.0 0 1 2 3 3
-6803.6 -1270.7 -65.4 327 0 8.9 11.3 5.0 0.0 0 1 2 5 5
-6280.1 -883.2 -74.9 137 0 5.4 12.6 2.5 2.5 2 1 1 3 3
-6772.7 -1292.5 -59.2 256 0 6.2 5.8 5.0 2.5 2 0 2 3 3
-6494.8 -1143.5 -39.8 267 0 7.4 12.5 7.5 2.5 2 0 3 0 0
-6288.7 -919.3 -74.7 55 0 5.1 11.4 2.5 2.5 2 1 1 3 3
-6797.6 -1259.1 -64.6 145 0 19.6 12.2 5.0 2.5 2 0 2 5 5
-6829.7 -1293.0 -65.0 90 0 10.4 7.7 7.5 2.5 2 0 3 3 3
-6728.8 -1221.4 -57.4 323 0 8.5 11.7 5.0 2.5 2 1 2 1 1
-6730.1 -1136.7 -63.2 318 0 7.9 13.6 5.0 2.5 2 0 2 2 2
-6866.1 -1285.0 -69.1 180 0 5.4 11.8 7.5 2.5 2 0 3 1 1
-6725.8 -1087.5 -67.9 338 0 8.9 8.2 7.5 2.5 4 0 3 1 1
-6283.8 -880.9 -75.0 137 0 5.4 12.6 7.5 2.5 2 1 3 2 2
-6784.0 -1144.5 -73.3 327 0 12.3 6.4 7.5 2.5 2 0 3 2 2
-6762.4 -1151.0 -67.7 144 0 12.4 12.3 5.0 2.5 2 0 2 3 3
-6750.0 -1277.3 -56.9 211 0 10.0 8.1 7.5 2.5 2 0 3 1 1
-6511.2 -1163.4 -36.3 184 0 9.0 6.7 5.0 2.5 2 0 2 0 0
-6486.2 -1127.8 -43.6 270 0 3.3 11.9 7.5 2.5 2 1 3 4 4
-6691.1 -1118.7 -57.0 145 0 9.2 7.7 5.0 2.5 2 0 2 4 4
-6759.3 -1107.4 -70.4 314 0 7.1 8.4 7.5 0.0 0 1 3 4 4
-6106.9 -1022.1 -66.6 331 0 12.5 17.5 2.5 2.5 2 1 1 1 1
-6206.2 -824.8 -73.9 321 0 14.9 16.2 5.0 2.5 4 1 2 5 5
-6460.4 -1249.8 -24.6 120 0 4.4 8.0 5.0 2.5 2 0 2 2 2
-6251.7 -852.2 -74.7 144 0 12.9 10.3 7.5 2.5 2 0 3 3 3
-6793.0 -1206.2 -68.1 318 0 8.8 13.4 7.5 2.5 2 1 3 3 3
-6226.3 -875.3 -73.6 105 0 6.3 8.2 7.5 2.5 2 0 3 4 4
-6695.6 -1107.6 -59.2 157 0 7.0 10.1 5.0 2.5 2 1 2 3 3
-6275.0 -887.0 -74.8 137 0 5.4 12.6 5.0 2.5 2 1 2 0 0
-6496.0 -1163.6 -36.6 209 0 12.1 9.1 5.0 2.5 2 0 2 0 0
-6493.2 -1243.7 -23.8 80 0 9.2 11.7 5.0 0.0 0 1 2 2 2
-6763.3 -1251.5 -61.0 328 0 22.4 9.6 5.0 2.5 4 0 2 3 3
-6853.8 -1279.0 -67.6 188 0 6.6 11.3 7.5 2.5 2 0 3 1 1
-6810.5 -1261.0 -66.8 326 0 7.9 12.1 5.0 0.0 0 1 2 3 3
-6508.0 -1182.1 -33.0 175 0 11.4 5.4 7.5 2.5 2 0 3 1 1
-6273.7 -845.4 -75.2 317 0 5.4 12.6 5.0 0.0 0 1 2 5 5
-6798.5 -1177.4 -71.5 139 0 7.1 13.2 7.5 2.5 2 1 3 4 4
-6250.5 -865.9 -74.2 317 0 5.4 12.6 5.0 2.5 4 1 2 1 1
-6047.3 -566.7 -71.5 116 0 13.4 15.0 5.0 2.5 2 0 2 5 5
-6497.8 -1216.5 -26.3 265 0 10.0 11.9 5.0 2.5 2 1 2 4 4
-6263.3 -855.2 -74.8 317 0 5.4 12.6 5.0 2.5 4 1 2 0 0
-6449.3 -1259.4 -24.0 127 0 7.4 11.3 2.5 2.5 2 1 1 3 3
-6363.8 -910.7 -75.7 292 0 17.1 23.6 15.0 0.0 0 1 6 5 5
-6461.9 -1217.2 -26.3 292 0 4.4 12.2 7.5 2.5 2 0 3 2 2
-6724.4 -1144.1 -61.7 326 0 6.7 13.4 7.5 2.5 2 0 3 3 3
-6768.1 -1228.3 -62.3 142 0 16.1 8.8 5.0 0.0 0 0 2 4 4
-6488.8 -1091.3 -51.7 319 0 10.4 12.6 2.5 2.5 4 1 1 3 3
-6786.8 -1220.3 -65.8 320 0 9.9 14.2 5.0 2.5 2 1 2 2 2
-6835.5 -1271.0 -67.6 274 0 12.4 6.8 7.5 2.5 2 0 3 4 4
-6742.8 -1204.4 -61.1 323 0 7.9 9.6 2.5 2.5 2 1 1 4 4
-6056.0 -580.0 -72.8 30 0 15.0 22.6 10.0 2.5 2 1 4 2 2
-6512.4 -1126.9 -45.7 54 0 15.6 13.3 7.5 2.5 2 0 3 3 3
-6456.5 -1221.3 -26.2 304 0 4.2 10.9 5.0 2.5 2 0 2 2 2
-6059.1 -529.3 -73.5 204 0 14.8 16.6 10.0 0.0 0 1 4 1 1
-6244.8 -815.0 -75.2 237 0 14.5 12.2 5.0 2.5 2 0 2 0 0
-6756.8 -1118.9 -68.9 321 0 6.0 5.2 5.0 2.5 2 0 2 2 2
-6244.9 -873.6 -74.0 317 0 5.4 12.6 5.0 2.5 2 1 2 4 4
-6238.1 -842.2 -74.6 130 0 12.7 11.2 5.0 2.5 2 0 2 1 1
-6466.4 -1174.5 -36.4 5 0 12.7 10.7 10.0 2.5 2 0 4 0 0
-6263.7 -905.3 -74.4 145 0 11.4 5.1 5.0 2.5 2 0 2 2 2
-6846.1 -1283.9 -67.2 270 0 9.8 4.7 7.5 2.5 2 0 3 0 0
-6261.6 -836.7 -75.3 149 0 15.7 8.7 5.0 2.5 2 0 2 3 3
-6246.5 -906.4 -74.2 55 0 5.1 11.4 7.5 2.5 4 1 3 4 4
-6825.4 -1172.6 -75.5 232 0 13.3 16.1 5.0 2.5 2 1 2 2 2
-6674.8 -1083.2 -62.9 329 0 9.2 9.6 7.5 2.5 2 1 3 4 4
-6473.9 -1152.2 -41.1 37 0 11.4 9.3 5.0 2.5 4 0 2 1 1
-6835.6 -1221.0 -72.6 327 0 7.8 12.2 2.5 2.5 2 1 1 1 1
-6759.6 -1293.8 -57.8 262 0 12.5 5.2 7.5 2.5 2 0 3 0 0
-6278.1 -916.2 -74.6 55 0 5.1 11.4 7.5 2.5 2 1 3 1 1
-6838.2 -1184.5 -76.0 233 0 14.5 14.4 7.5 2.5 2 0 3 5 5
-6176.8 -1194.6 -62.7 51 0 11.9 12.3 2.5 2.5 2 1 1 1 1
-6326.7 -958.4 -73.3 255 0 14.9 12.6 5.0 2.5 2 0 2 2 2
-6247.7 -869.7 -74.1 317 0 5.4 12.6 7.5 2.5 2 1 3 4 4
-6258.1 -946.7 -73.4 345 0 12.6 14.9 10.0 0.0 0 1 4 5 5
-6696.7 -1132.9 -57.1 318 0 15.7 9.7 7.5 2.5 4 0 3 0 0
3869.2 -1752.0 -56.4 332 0 10.5 9.7 5.0 2.5 2 0 2 1 1
3882.8 -1764.8 -56.8 151 0 51.0 10.5 10.0 2.5 2 0 4 4 4
3918.3 -1746.9 -57.1 309 0 8.1 5.8 5.0 2.5 4 0 2 3 3
3920.0 -1890.2 -54.9 186 0 30.7 10.9 10.0 2.5 2 0 4 2 2
3876.6 -1787.5 -55.9 334 0 11.9 7.2 5.0 2.5 2 0 2 1 1
3867.5 -1732.7 -57.2 90 0 13.0 23.8 7.5 2.5 2 1 3 1 1
3884.5 -1783.7 -56.0 334 0 11.9 8.8 7.5 2.5 2 0 3 1 1
3944.5 -1875.6 -55.2 271 0 10.3 33.6 17.5 0.0 0 1 7 4 4
6209.2 -5397.2 -68.0 60 0 5.3 7.5 5.0 2.5 2 1 2 2 2
5869.5 -5546.0 -53.3 227 0 33.0 11.9 12.5 2.5 2 0 5 5 5
5896.2 -5551.2 -54.1 34 0 5.2 9.8 7.5 2.5 2 0 3 5 5
5901.7 -5558.7 -55.0 337 0 15.2 4.4 5.0 2.5 2 0 2 2 2
6583.6 -5316.3 -71.0 235 0 10.2 4.9 5.0 2.5 2 0 2 4 4
6458.3 -9260.2 -63.6 6 0 22.5 111.9 12.5 0.0 0 1 5 0 0
5801.1 -9457.0 -82.2 244 0 26.5 10.9 10.0 2.5 2 0 4 5 5
6049.8 -9567.7 -76.4 171 0 43.7 17.9 17.5 2.5 2 0 7 5 5
5989.2 -9514.8 -78.0 346 0 16.9 20.6 10.0 2.5 2 1 4 2 2
6320.8 -9203.3 -61.0 26 0 23.9 22.3 10.0 2.5 2 0 4 4 4
5916.2 -9025.7 -71.2 127 0 10.0 23.6 7.5 2.5 2 1 3 4 4
6075.6 -9454.7 -74.7 342 0 10.4 33.7 10.0 2.5 4 1 4 1 1
6686.6 -9467.7 -52.8 65 0 7.7 13.4 7.5 2.5 2 0 3 4 4
6183.3 -9596.9 -74.7 32 0 54.0 25.7 12.5 2.5 2 0 5 1 1
6521.0 -9234.3 -60.4 278 0 36.3 13.2 10.0 2.5 2 0 4 3 3
5891.0 -9458.9 -81.0 240 0 25.1 19.8 12.5 0.0 0 0 5 4 4
6241.4 -9179.8 -62.5 287 0 15.0 21.4 12.5 2.5 2 1 5 2 2
6590.3 -9504.8 -51.8 270 0 9.8 9.8 7.5 2.5 4 1 3 1 1
5987.0 -9320.4 -79.4 82 0 7.2 7.1 2.5 2.5 2 0 1 3 3
6651.0 -9538.2 -44.7 183 0 15.4 23.6 10.0 2.5 2 1 4 0 0
6374.0 -9354.5 -67.3 90 0 10.7 10.7 2.5 2.5 2 1 1 0 0
5709.0 -9481.8 -82.1 66 0 7.2 14.8 5.0 2.5 2 1 2 0 0
5963.4 -8972.3 -68.8 309 0 52.2 17.9 10.0 2.5 2 0 4 1 1
6691.9 -9438.4 -54.5 258 0 36.0 15.3 12.5 2.5 2 0 5 4 4
5828.4 -9368.3 -82.1 61 0 12.3 29.5 7.5 2.5 2 1 3 1 1
5799.0 -8940.7 -70.7 88 0 14.4 17.2 10.0 2.5 2 0 4 0 0
6154.1 -9624.1 -75.5 48 0 13.9 18.0 10.0 2.5 2 0 4 4 4
6094.6 -9437.4 -73.7 165 0 28.5 14.5 10.0 2.5 2 0 4 3 3
6586.4 -9446.0 -57.5 269 0 42.0 19.6 7.5 2.5 2 0 3 0 0
6118.1 -9516.5 -72.2 169 0 30.5 8.0 2.5 2.5 2 0 1 2 2
5787.8 -8940.7 -69.8 93 0 7.9 16.8 7.5 2.5 2 0 3 4 4
6698.4 -9537.7 -45.1 0 0 14.5 16.3 7.5 2.5 2 1 3 1 1
6382.3 -9235.3 -62.0 176 0 7.0 11.5 7.5 2.5 2 1 3 1 1
5680.4 -9417.7 -82.0 241 0 33.6 45.9 10.0 0.0 0 1 4 2 2
6168.9 -9689.3 -74.3 347 0 59.3 28.9 7.5 0.0 0 0 3 5 5
6110.3 -9547.6 -73.9 347 0 18.2 22.6 10.0 0.0 0 1 4 1 1
6608.2 -9506.2 -50.3 270 0 11.2 5.1 7.5 2.5 2 0 3 2 2
6075.4 -9430.1 -74.8 350 0 13.3 39.8 10.0 2.5 2 1 4 0 0
6145.9 -9547.3 -71.8 128 0 10.4 25.7 15.0 0.0 0 0 6 0 0
6076.0 -9610.3 -78.1 189 0 17.9 21.4 10.0 2.5 4 1 4 1 1
6127.2 -9165.0 -68.3 309 0 13.9 20.9 12.5 2.5 2 1 5 4 4
6697.0 -9485.3 -49.2 232 0 9.4 16.6 5.0 2.5 2 1 2 5 5
5697.0 -9510.2 -82.2 248 0 30.5 22.2 7.5 0.0 0 0 3 1 1
5859.0 -9336.0 -81.8 323 0 14.0 23.0 12.5 2.5 2 1 5 0 0
6194.0 -9216.4 -68.6 16 0 31.6 29.2 10.0 0.0 0 0 4 4 4
5819.7 -8934.9 -71.5 0 0 11.2 13.5 5.0 2.5 2 0 2 2 2
6378.9 -9177.9 -60.3 200 0 33.2 87.9 10.0 0.0 0 1 4 0 0
6674.2 -9268.7 -60.1 259 0 55.9 26.2 12.5 2.5 4 0 5 2 2
5933.3 -9391.9 -78.7 238 0 17.7 7.1 7.5 2.5 2 0 3 5 5
6638.6 -9441.0 -56.9 265 0 37.8 20.2 10.0 0.0 0 0 4 5 5
6135.8 -9502.9 -71.5 165 0 45.4 18.8 7.5 0.0 0 0 3 3 3
6132.6 -9545.0 -73.3 265 0 18.4 20.2 15.0 0.0 0 0 6 4 4
6579.1 -9574.4 -42.3 118 0 16.3 13.1 7.5 0.0 0 0 3 0 0
6282.0 -9117.5 -54.4 191 0 13.1 19.0 5.0 0.0 0 1 2 2 2
6115.5 -9635.0 -77.5 211 0 10.9 40.7 10.0 2.5 2 0 4 2 2
5893.7 -8940.1 -69.2 152 0 24.4 23.1 15.0 0.0 0 0 6 2 2
6108.6 -9433.6 -73.9 165 0 28.5 9.9 7.5 2.5 2 0 3 1 1
6639.3 -8983.0 -7.0 79 0 14.1 17.1 2.5 2.5 2 1 1 1 1
6096.9 -9693.4 -80.2 169 0 69.4 31.5 12.5 0.0 0 0 5 5 5
5976.2 -9401.5 -78.1 337 0 20.7 30.2 17.5 0.0 0 1 7 3 3
6127.2 -9512.4 -71.9 161 0 26.3 10.1 7.5 2.5 2 0 3 5 5
6148.3 -9631.0 -76.9 18 0 17.7 28.6 12.5 2.5 2 0 5 3 3
-2817.3 9837.3 -53.6 138 0 10.6 23.8 7.5 2.5 2 1 3 5 5
-2296.9 9922.2 -58.2 289 0 7.8 7.2 7.5 2.5 2 0 3 2 2
-2949.6 9929.8 -54.5 350 0 10.4 110.8 7.5 2.5 4 1 3 1 1
-2516.9 9737.7 -51.9 320 0 22.9 23.1 10.0 2.5 2 1 4 5 5
-2664.4 9806.0 -53.2 290 0 13.3 17.4 2.5 2.5 2 1 1 4 4
-2288.6 9858.4 -57.8 54 0 12.8 5.2 7.5 2.5 2 0 3 5 5
-2772.2 9375.2 -39.5 29 0 64.4 19.2 10.0 2.5 2 0 4 4 4
-2596.8 9664.9 -49.1 180 0 8.4 7.0 7.5 2.5 2 0 3 2 2
-2237.9 9886.7 -58.3 141 0 14.6 17.0 5.0 2.5 2 1 2 1 1
-3022.9 9985.3 -54.4 267 0 12.0 19.6 7.5 2.5 2 1 3 5 5
-2795.0 9390.9 -40.6 223 0 91.3 16.5 10.0 2.5 2 0 4 4 4
-2953.1 9954.8 -54.6 351 0 22.8 110.8 7.5 0.0 0 1 3 1 1
-2665.5 9778.3 -53.0 19 0 13.4 16.9 5.0 2.5 2 1 2 3 3
-2296.5 9867.1 -57.9 80 0 18.2 13.5 5.0 2.5 2 0 2 2 2
-2584.7 9709.2 -51.6 187 0 31.9 20.8 15.0 0.0 0 0 6 5 5
-2821.7 9846.7 -53.7 139 0 5.0 12.2 5.0 2.5 2 1 2 5 5
-2981.2 9990.0 -54.4 265 0 47.2 20.6 7.5 2.5 2 0 3 2 2
-2997.3 9891.5 -54.5 75 0 107.7 18.3 7.5 0.0 0 0 3 1 1
-2225.1 9865.4 -58.4 154 0 24.7 21.1 10.0 2.5 2 0 4 1 1
-2733.4 9709.3 -52.0 114 0 11.6 9.4 7.5 2.5 2 0 3 5 5
2747.5 -2833.7 -57.8 159 0 9.9 10.5 7.5 2.5 2 1 3 0 0
3370.4 -3015.4 -63.8 0 0 11.7 20.9 7.5 2.5 2 1 3 5 5
2791.0 -3028.5 -47.3 171 0 11.6 13.4 7.5 0.0 0 1 3 4 4
2928.1 -2828.3 -57.9 61 0 7.6 5.1 5.0 2.5 2 0 2 3 3
2902.2 -2892.2 -57.0 346 0 7.9 13.5 5.0 2.5 2 1 2 4 4
2758.3 -2946.2 -55.4 352 0 9.0 15.0 7.5 2.5 2 1 3 0 0
2980.9 -3134.0 -48.7 115 0 15.9 14.4 5.0 2.5 2 0 2 1 1
3122.4 -2975.9 -61.3 164 0 8.6 6.5 5.0 2.5 2 0 2 4 4
2918.6 -2857.1 -57.6 74 0 4.5 8.0 7.5 0.0 0 1 3 2 2
2996.8 -3084.0 -51.3 299 0 15.6 13.4 2.5 2.5 2 0 1 4 4
3259.1 -2955.2 -63.3 166 0 8.7 6.2 5.0 2.5 2 0 2 1 1
2925.2 -2857.1 -57.6 69 0 7.2 9.7 5.0 2.5 2 1 2 5 5
3265.8 -3213.5 -57.9 341 0 5.1 7.5 7.5 2.5 2 1 3 4 4
3002.0 -2946.9 -58.9 32 0 15.9 14.4 2.5 2.5 2 0 1 0 0
3270.6 -2932.8 -63.6 345 0 8.2 11.9 5.0 2.5 2 1 2 3 3
3260.9 -3150.1 -59.2 268 0 16.3 14.5 10.0 2.5 2 0 4 1 1
3478.0 -3161.9 -61.5 287 0 7.7 9.7 7.5 2.5 2 1 3 2 2
3030.1 -2834.8 -60.8 79 0 14.4 10.3 5.0 2.5 2 0 2 5 5
3503.8 -2922.6 -66.0 44 0 9.7 14.4 5.0 2.5 2 1 2 0 0
2810.6 -2940.2 -56.2 166 0 5.7 8.8 5.0 2.5 2 1 2 1 1
2809.2 -2834.5 -57.9 258 0 7.6 12.7 5.0 2.5 2 1 2 2 2
3447.5 -3066.8 -64.4 107 0 4.8 6.3 5.0 2.5 2 1 2 2 2
3293.8 -3057.1 -62.5 82 0 7.9 9.9 5.0 2.5 2 1 2 1 1
2740.5 -2951.9 -54.8 355 0 8.1 16.1 5.0 2.5 2 1 2 5 5
3525.5 -2900.9 -66.4 41 0 10.2 8.9 5.0 2.5 2 0 2 0 0
2797.6 -2954.1 -55.9 163 0 5.2 9.8 7.5 2.5 2 1 3 5 5
3021.0 -2852.9 -60.8 77 0 8.2 8.7 2.5 2.5 2 1 1 5 5
3520.8 -2908.4 -66.3 34 0 7.9 7.4 2.5 2.5 2 0 1 5 5
2753.3 -3008.2 -48.5 349 0 6.7 10.3 7.5 2.5 2 1 3 5 5
2807.0 -2962.6 -55.7 167 0 8.0 8.4 5.0 2.5 2 1 2 2 2
3342.8 -2937.4 -64.2 289 0 5.2 7.1 7.5 2.5 2 0 3 3 3
2751.1 -3061.5 -40.4 357 0 4.9 8.6 5.0 2.5 2 1 2 0 0
3314.2 -3004.8 -63.3 177 0 4.0 7.6 7.5 2.5 2 1 3 2 2
2874.1 -2830.0 -57.7 253 0 10.0 8.0 5.0 2.5 2 0 2 1 1
2757.0 -3033.0 -45.4 353 0 13.9 9.9 7.5 2.5 2 0 3 1 1
2853.2 -2883.8 -57.2 72 0 9.1 10.8 7.5 2.5 2 1 3 5 5
2733.1 -2827.3 -57.8 158 0 8.6 5.2 5.0 2.5 2 0 2 0 0
3435.8 -3016.5 -64.4 34 0 10.1 9.0 7.5 2.5 2 0 3 2 2
3527.5 -2832.7 -66.4 25 0 6.7 10.1 5.0 2.5 2 1 2 2 2
3264.1 -2951.1 -63.4 154 0 7.5 9.4 5.0 2.5 2 1 2 0 0
2750.4 -3070.6 -39.2 356 0 7.4 7.3 7.5 0.0 0 0 3 5 5
2908.5 -2858.8 -57.6 74 0 6.6 13.1 5.0 0.0 0 1 2 0 0
2956.5 -2962.8 -57.9 98 0 16.9 20.3 10.0 2.5 2 1 4 0 0
3268.8 -2986.8 -63.1 169 0 10.2 22.1 5.0 2.5 2 1 2 3 3
3144.9 -2944.0 -62.1 356 0 10.3 6.9 2.5 2.5 2 0 1 3 3
3484.4 -3183.3 -60.9 16 0 8.7 10.8 5.0 2.5 2 1 2 5 5
2798.1 -2914.3 -56.7 167 0 9.5 14.3 5.0 2.5 2 1 2 3 3
3264.7 -3174.9 -58.7 352 0 17.4 16.0 7.5 2.5 2 0 3 1 1
2945.8 -2896.4 -58.5 78 0 12.7 11.7 7.5 2.5 2 0 3 3 3
3107.6 -2829.1 -61.5 329 0 9.9 9.3 7.5 0.0 0 0 3 3 3
2775.5 -2974.6 -54.5 164 0 7.8 7.5 5.0 2.5 2 0 2 3 3
2769.1 -3086.9 -36.8 267 0 11.5 10.5 7.5 2.5 2 0 3 2 2
2821.3 -2892.1 -57.1 166 0 10.6 8.0 7.5 2.5 2 0 3 4 4
3264.0 -3062.6 -62.3 163 0 12.2 22.3 12.5 0.0 0 1 5 3 3
2902.0 -2832.4 -57.9 69 0 6.0 8.5 5.0 2.5 2 1 2 0 0
2746.8 -2916.0 -56.3 343 0 6.9 13.8 5.0 2.5 2 1 2 3 3
2833.2 -2906.3 -56.9 169 0 11.4 9.1 2.5 2.5 4 0 1 4 4
3531.3 -2909.8 -66.4 35 0 11.4 9.7 5.0 2.5 2 0 2 5 5
3204.4 -2882.5 -63.5 163 0 19.0 20.1 5.0 2.5 4 1 2 5 5
2738.3 -3020.3 -46.8 348 0 13.0 10.5 5.0 2.5 2 0 2 1 1
2870.4 -2888.4 -57.1 73 0 7.6 7.1 7.5 2.5 2 0 3 1 1
3332.4 -2963.5 -63.7 269 0 14.2 10.5 2.5 2.5 2 0 1 3 3
3457.0 -3065.4 -64.4 101 0 5.0 6.2 2.5 2.5 2 1 1 0 0
2815.4 -2931.4 -56.5 165 0 9.2 10.6 5.0 2.5 2 1 2 0 0
3419.5 -3037.4 -64.2 108 0 6.0 9.6 5.0 2.5 2 1 2 2 2
3507.5 -2893.7 -66.3 234 0 16.0 7.2 5.0 2.5 2 0 2 0 0
3146.9 -3008.3 -60.5 347 0 7.8 10.9 7.5 2.5 2 0 3 2 2
2757.9 -3081.1 -37.7 354 0 5.3 14.1 5.0 2.5 4 1 2 2 2
2861.3 -3013.2 -52.1 4 0 16.4 13.3 7.5 2.5 4 0 3 0 0
2788.3 -2904.5 -56.7 171 0 4.7 11.4 7.5 0.0 0 1 3 0 0
2791.7 -2843.3 -57.8 171 0 6.3 7.3 5.0 2.5 4 1 2 2 2
2932.3 -2846.7 -57.8 70 0 6.9 9.7 2.5 2.5 2 1 1 1 1
3425.8 -3026.6 -64.3 110 0 8.0 7.7 5.0 2.5 2 0 2 3 3
3266.2 -3192.6 -58.2 357 0 7.9 11.3 7.5 2.5 2 0 3 1 1
2815.9 -3077.9 -43.0 190 0 13.3 11.7 5.0 2.5 2 0 2 5 5
2806.8 -2890.2 -57.1 162 0 6.0 7.3 7.5 2.5 2 1 3 0 0
2973.4 -3067.2 -51.6 274 0 16.1 19.7 12.5 2.5 2 1 5 4 4
2798.0 -3075.9 -40.0 259 0 10.3 7.7 7.5 0.0 0 0 3 0 0
2771.9 -2854.8 -57.5 158 0 7.1 8.7 7.5 2.5 4 1 3 2 2
3091.1 -2870.5 -62.1 248 0 8.6 20.2 7.5 2.5 2 1 3 4 4
2740.2 -2849.9 -57.5 166 0 16.5 5.7 5.0 2.5 2 0 2 4 4
3246.4 -3210.0 -57.8 88 0 5.5 5.8 7.5 2.5 2 1 3 3 3
2790.0 -2914.7 -56.6 163 0 13.7 5.5 5.0 2.5 4 0 2 5 5
3035.6 -3143.4 -50.6 79 0 12.4 19.0 7.5 2.5 4 1 3 0 0
3085.2 -2834.1 -61.4 81 0 10.8 11.2 2.5 2.5 2 1 1 3 3
3325.6 -2948.7 -63.9 264 0 8.5 8.7 7.5 2.5 2 1 3 5 5
2897.2 -2846.5 -57.7 79 0 6.3 13.1 5.0 2.5 2 1 2 1 1
2751.7 -2923.4 -56.2 347 0 9.3 9.6 7.5 2.5 2 1 3 4 4
2812.3 -2920.5 -56.7 165 0 11.0 11.8 7.5 2.5 2 1 3 3 3
3342.8 -3052.4 -63.2 16 0 10.1 8.8 5.0 2.5 2 0 2 1 1
2850.4 -2822.3 -57.8 263 0 12.0 10.6 5.0 2.5 2 0 2 0 0
3032.6 -2851.8 -60.9 78 0 10.1 10.6 7.5 2.5 2 1 3 0 0
3690.3 -3350.4 -53.9 76 0 19.9 15.8 17.5 0.0 0 0 7 2 2
2862.3 -3038.9 -49.2 17 0 12.7 15.8 10.0 2.5 2 1 4 1 1
2842.8 -2943.0 -56.4 78 0 10.9 9.2 5.0 2.5 2 0 2 1 1
2950.7 -2843.7 -58.0 78 0 9.8 9.7 7.5 2.5 2 0 3 3 3
3444.7 -2977.4 -64.6 20 0 8.9 8.1 5.0 2.5 2 0 2 5 5
2786.1 -2833.5 -58.0 165 0 8.7 10.3 5.0 2.5 2 1 2 4 4
2744.2 -2997.9 -50.4 354 0 14.7 8.7 7.5 2.5 2 0 3 5 5
3236.2 -2981.6 -62.9 174 0 13.6 14.8 7.5 2.5 4 1 3 5 5
3031.1 -3340.4 -37.2 67 0 24.6 25.9 15.0 0.0 0 1 6 4 4
2844.4 -2925.0 -56.6 354 0 7.2 12.7 5.0 2.5 2 1 2 2 2
3334.5 -2979.3 -63.6 270 0 13.7 7.2 2.5 2.5 2 0 1 5 5
2740.9 -2939.0 -55.5 353 0 12.5 16.7 7.5 2.5 2 1 3 2 2
3432.1 -2922.7 -65.3 263 0 12.3 16.7 5.0 2.5 2 0 2 2 2
3356.1 -2926.2 -64.5 268 0 16.5 12.4 2.5 2.5 2 0 1 1 1
2773.3 -2943.0 -56.1 157 0 7.1 19.3 2.5 2.5 2 1 1 0 0
3142.0 -3000.5 -60.6 342 0 8.1 8.3 7.5 2.5 2 0 3 0 0
199.0 2034.9 -19.2 272 0 5.6 12.8 7.5 2.5 2 0 3 3 3
186.9 1990.5 -15.9 88 0 6.5 7.7 7.5 2.5 2 1 3 4 4
-88.6 2398.9 -2.2 297 0 6.8 8.1 2.5 2.5 2 0 1 4 4
479.4 2326.8 -19.9 73 0 14.8 16.1 2.5 2.5 2 0 1 3 3
5.5 2126.0 -18.7 79 0 6.5 15.7 2.5 2.5 2 1 1 1 1
348.7 2162.4 -26.3 97 0 8.0 7.5 2.5 2.5 2 0 1 0 0
640.1 1979.7 -28.0 18 0 27.5 55.0 10.0 0.0 0 1 4 2 2
169.4 2147.1 -22.0 89 0 9.3 13.3 5.0 2.5 2 1 2 0 0
516.5 2272.6 -24.9 283 0 10.6 11.5 5.0 2.5 2 1 2 3 3
341.9 2345.4 -18.5 119 0 10.1 9.3 2.5 2.5 2 0 1 0 0
-100.2 2265.0 -12.8 180 0 14.7 20.5 12.5 2.5 2 1 5 2 2
574.6 2250.4 -25.9 10 0 8.3 9.0 5.0 2.5 2 1 2 5 5
-59.6 2401.9 -5.4 110 0 10.2 7.5 7.5 2.5 2 0 3 5 5
107.2 2028.4 -16.4 104 0 6.7 8.9 2.5 2.5 2 1 1 4 4
469.1 2242.4 -25.8 194 0 12.7 16.9 5.0 2.5 2 1 2 3 3
-58.8 2319.8 -13.6 266 0 20.0 43.8 10.0 2.5 2 1 4 1 1
178.1 2032.0 -18.1 291 0 6.2 5.8 5.0 2.5 2 0 2 0 0
853.2 1931.4 -35.2 208 0 10.0 29.4 12.5 2.5 2 1 5 0 0
207.8 2034.6 -19.7 272 0 12.1 12.8 5.0 2.5 2 0 2 1 1
364.8 2327.1 -19.6 5 0 10.3 6.0 7.5 2.5 2 0 3 1 1
433.4 2407.7 -13.5 75 0 17.7 14.0 5.0 2.5 2 0 2 5 5
547.7 2267.0 -25.0 283 0 3.6 8.6 2.5 2.5 2 1 1 2 2
-52.4 2225.5 -14.8 263 0 4.9 9.9 5.0 2.5 2 1 2 0 0
625.0 2100.8 -33.8 100 0 20.8 14.5 7.5 2.5 2 0 3 3 3
-61.1 2180.5 -15.4 83 0 16.0 18.1 10.0 2.5 4 1 4 0 0
282.9 2195.8 -23.6 90 0 7.9 12.6 5.0 2.5 2 1 2 2 2
99.8 2215.3 -19.6 264 0 11.4 15.5 5.0 2.5 2 1 2 3 3
538.9 2244.3 -26.9 10 0 19.4 12.7 5.0 2.5 2 0 2 3 3
504.2 2297.8 -22.9 282 0 13.4 11.7 5.0 2.5 2 0 2 3 3
522.4 2236.5 -26.8 96 0 6.8 13.6 7.5 2.5 2 1 3 5 5
-38.4 2260.2 -14.3 87 0 6.9 29.7 5.0 2.5 2 1 2 2 2
514.9 2221.7 -27.1 100 0 8.6 7.1 7.5 2.5 2 0 3 0 0
-67.0 2406.1 -4.9 102 0 8.3 5.7 7.5 2.5 2 0 3 5 5
2019.6 5077.6 -39.1 96 0 112.2 24.3 10.0 0.0 0 0 4 4 4
1934.9 5302.7 -33.9 309 0 101.0 40.5 10.0 0.0 0 0 4 3 3
1798.2 5371.3 -29.1 290 0 118.1 27.7 12.5 0.0 0 0 5 1 1
1790.9 5273.3 -32.1 121 0 102.9 39.2 10.0 0.0 0 0 4 2 2
-4867.5 4006.8 -12.2 34 0 16.0 28.1 12.5 2.5 2 1 5 3 3
-4995.5 3689.5 -24.3 297 0 10.4 14.2 5.0 2.5 4 1 2 2 2
-5015.8 3940.2 -2.3 244 0 8.2 10.8 2.5 2.5 4 1 1 1 1
-5041.8 4013.4 -6.1 315 0 7.1 6.7 7.5 2.5 2 0 3 3 3
-4989.6 3657.0 -23.3 122 0 7.9 9.4 5.0 2.5 2 1 2 0 0
-4280.1 3311.3 68.1 258 0 13.8 39.1 10.0 2.5 2 1 4 2 2
-4149.2 3284.2 68.4 198 0 25.0 6.7 5.0 2.5 2 0 2 3 3
-4918.2 3545.9 -21.7 39 0 8.9 11.6 7.5 2.5 2 1 3 3 3
-4270.3 3318.8 71.5 103 0 13.0 23.3 10.0 2.5 2 1 4 2 2
-5471.6 8729.6 -54.5 60 0 39.6 22.8 5.0 0.0 0 0 2 1 1
-5762.6 5899.9 -55.1 112 0 6.5 10.9 2.5 0.0 0 1 1 2 2
-5790.6 5923.1 -59.3 114 0 8.0 13.0 2.5 0.0 0 1 1 4 4
-5884.2 6209.5 -62.1 281 0 22.1 81.2 12.5 0.0 0 1 5 0 0
-5139.5 6179.4 -50.9 180 0 19.6 14.6 7.5 2.5 2 0 3 1 1
-5970.6 6261.3 -63.1 284 0 29.0 7.9 7.5 2.5 2 0 3 5 5
-5813.5 6046.5 -60.1 127 0 15.4 33.6 12.5 2.5 2 1 5 5 5
-6013.1 6293.1 -64.5 282 0 37.8 29.7 7.5 0.0 0 0 3 0 0
-5317.4 6069.3 -54.3 10 0 32.7 10.3 7.5 2.5 2 0 3 0 0
-5558.0 5982.1 -56.1 22 0 20.1 51.4 10.0 2.5 2 1 4 5 5
-5095.4 5712.6 -40.8 213 0 18.8 40.4 12.5 2.5 2 1 5 2 2
-5172.3 5691.3 -43.6 176 0 21.8 12.7 7.5 2.5 4 0 3 4 4
-6061.2 6184.2 -65.0 193 0 13.8 47.3 7.5 0.0 0 1 3 3 3
-5317.1 6007.5 -53.9 345 0 39.0 21.2 5.0 0.0 0 0 2 4 4
-5768.0 6014.7 -59.5 41 0 10.0 28.7 10.0 2.5 4 1 4 1 1
-5802.0 5995.7 -60.4 133 0 25.9 20.1 7.5 2.5 2 0 3 4 4
-5453.6 5583.7 -45.5 8 0 20.5 14.2 10.0 2.5 2 0 4 0 0
-5848.1 6230.0 -61.1 282 0 13.2 101.8 10.0 2.5 2 1 4 3 3
-5921.1 6115.2 -62.6 191 0 16.8 31.5 12.5 0.0 0 1 5 4 4
-5748.7 5962.5 -59.9 131 0 33.1 10.1 7.5 0.0 0 0 3 3 3
-5675.1 5839.5 -55.5 127 0 55.9 96.3 12.5 0.0 0 1 5 4 4
-5964.7 6281.9 -62.8 285 0 31.3 10.0 7.5 2.5 4 0 3 5 5
-5967.0 6215.6 -64.3 283 0 30.5 63.4 10.0 0.0 0 1 4 3 3
-5756.2 5927.3 -60.1 131 0 37.5 21.4 10.0 0.0 0 0 4 4 4
-5328.7 6085.6 -54.2 9 0 29.6 28.2 10.0 0.0 0 0 4 1 1
-5683.9 5766.7 -52.7 130 0 69.4 20.7 12.5 2.5 2 0 5 3 3
-5908.0 6260.3 -61.7 283 0 59.8 11.4 12.5 2.5 2 0 5 2 2
-5639.3 5727.6 -47.3 132 0 41.4 12.1 10.0 2.5 2 0 4 0 0
-6028.2 6223.8 -65.5 282 0 48.9 14.2 10.0 2.5 2 0 4 3 3
-5013.3 6399.9 -51.6 270 0 322.2 110.1 10.0 0.0 0 0 4 5 5
-5837.7 6053.2 -60.8 131 0 18.4 32.7 10.0 0.0 0 1 4 0 0
-6567.6 3190.0 -37.4 52 0 19.9 13.3 12.5 2.5 2 0 5 4 4
3474.8 -5855.0 -12.1 2 0 13.3 8.8 7.5 2.5 2 0 3 4 4
3444.8 -5853.7 -13.2 182 0 18.7 21.2 7.5 2.5 2 0 3 4 4
3168.9 -2217.3 -57.9 99 0 18.7 33.3 10.0 0.0 0 1 4 4 4
3177.2 -2124.5 -57.6 7 0 35.0 17.3 12.5 2.5 2 0 5 5 5
-4236.2 9189.4 -42.9 88 0 17.5 8.7 5.0 2.5 2 0 2 4 4
-889.2 10876.3 -59.6 144 0 6.1 17.3 5.0 2.5 2 0 2 1 1
-880.5 10879.0 -59.8 233 0 17.2 23.3 10.0 2.5 2 0 4 0 0
-2350.3 9875.9 -56.8 179 0 14.2 23.2 10.0 2.5 4 1 4 3 3
-2339.1 9909.6 -57.3 269 0 23.2 20.7 12.5 2.5 2 0 5 1 1
-3838.5 9217.2 -42.0 180 0 9.7 14.9 2.5 2.5 4 1 1 1 1
-3146.5 9380.1 -46.9 260 0 16.4 16.6 10.0 2.5 2 0 4 1 1
-2887.9 9587.3 -48.0 58 0 11.8 15.1 5.0 2.5 2 1 2 1 1
-2851.9 9611.6 -50.1 58 0 14.1 7.9 7.5 2.5 2 0 3 1 1
-2854.7 9597.8 -50.0 148 0 20.3 16.8 10.0 2.5 2 0 4 0 0
-2673.5 9738.3 -52.4 136 0 29.3 12.9 7.5 2.5 2 0 3 3 3
-4678.0 9041.1 -47.3 60 0 12.7 8.6 7.5 2.5 2 0 3 0 0
-4680.9 9063.8 -48.2 330 0 20.9 17.6 10.0 2.5 2 0 4 5 5
-4561.0 9237.8 -46.5 63 0 18.7 7.5 7.5 2.5 2 0 3 3 3
-4546.8 9225.1 -46.2 334 0 24.0 13.5 12.5 2.5 2 0 5 1 1
-6324.1 -3863.8 -62.5 74 0 20.4 10.8 14.0 2.5 2 0 4 5 5
-6302.2 -3858.5 -63.7 78 0 25.0 14.6 10.0 2.5 2 0 4 1 1
-6430.8 -3879.1 -60.8 166 0 15.7 32.3 10.0 2.5 2 1 4 4 4
6606.0 4492.2 -60.3 138 0 5.9 17.1 5.0 2.5 2 1 2 2 2
6523.3 4509.2 -66.0 228 0 7.2 19.3 5.0 2.5 2 1 2 2 2
-6012.9 -3289.9 -75.6 23 0 22.5 10.7 10.0 2.5 2 0 4 5 5
-6481.5 -3893.9 -61.1 162 0 13.7 34.7 12.5 2.5 2 1 5 0 0
-6260.0 -2778.5 -73.4 307 0 17.8 9.5 7.5 2.5 2 0 3 0 0
1585.5 -10496.0 -80.3 62 0 8.3 14.0 10.5 0.0 0 1 3 3 3
