-2925.6 10237.0 303.8 202 0 18.8 26.8 12.5 2.5 2 1 5 3 3
-2308.9 3719.3 -132.5 217 0 42.9 12.3 10.0 2.5 2 0 4 0 0
-2171.3 3758.1 -136.5 62 0 11.0 4.5 5.0 0.0 0 0 2 5 5
-1786.0 3272.1 -169.7 122 0 5.2 7.2 7.5 2.5 2 1 3 5 5
-2227.7 3742.9 -132.5 76 0 13.8 4.8 2.5 0.0 0 0 1 2 2
2225.2 6730.0 -28.4 339 0 10.0 10.4 5.0 2.5 2 1 2 4 4
2227.3 6710.7 -32.5 75 0 7.5 8.0 7.5 2.5 2 1 3 1 1
6832.6 5989.7 -288.3 333 0 8.9 13.5 2.5 2.5 2 1 1 4 4
6891.0 5966.4 -289.7 324 0 18.5 16.6 12.5 2.5 2 0 5 0 0
-1312.4 9534.7 301.9 40 0 15.9 24.4 12.5 2.5 2 1 5 5 5
-1297.1 9561.4 303.4 319 0 22.2 11.2 7.5 2.5 4 0 3 2 2
-1318.8 9582.0 304.6 313 0 16.1 9.3 7.5 2.5 2 0 3 5 5
6542.0 2635.0 -316.6 33 0 12.2 12.8 5.0 2.5 2 0 2 4 4
6277.6 -8121.6 -300.0 72 0 7.7 10.1 7.5 2.5 2 1 3 4 4
6906.6 -7551.8 -237.6 39 0 10.3 10.6 5.0 2.5 2 1 2 1 1
-15.0 5817.8 103.5 115 0 13.2 30.8 7.5 0.0 0 1 3 1 1
