-3905.7 1595.6 -331.2 90 0 18.3 12.5 2.5 2.5 2 0 1 3 3
-2645.0 1107.4 -327.4 249 0 19.4 14.5 10.0 2.5 2 0 4 5 5
-3782.2 1562.1 -331.2 272 0 47.5 42.3 10.0 0.0 0 0 4 3 3
-3897.3 1661.9 -332.6 358 0 11.3 21.8 5.0 0.0 0 1 2 5 5
-3864.1 1566.8 -330.9 271 0 14.9 43.4 10.0 2.5 2 0 4 1 1
-3267.7 1449.1 -329.5 9 0 41.2 22.1 10.0 0.0 0 0 4 4 4
-3954.0 1567.1 -331.3 273 0 7.9 16.0 2.5 0.0 0 1 1 0 0
-3006.9 1561.2 -333.3 81 0 15.4 17.7 7.5 2.5 2 1 3 1 1
-3911.8 1552.9 -330.8 273 0 9.6 6.3 5.0 2.5 4 0 2 3 3
-3882.0 1558.8 -330.8 274 0 6.3 9.2 7.5 2.5 2 1 3 1 1
-3924.2 1572.5 -331.2 272 0 9.4 15.9 7.5 2.5 2 1 3 0 0
-797.9 2412.6 -326.5 203 0 40.8 13.2 10.0 2.5 2 0 4 2 2
-4922.4 995.9 -322.6 98 0 24.1 46.4 10.0 0.0 0 1 4 1 1
-5874.5 1323.5 -326.6 28 0 17.4 47.7 14.0 3.5 2 1 4 1 1
-5761.1 1459.3 -324.7 292 0 36.7 25.1 14.0 0.0 0 0 4 0 0
-5122.5 721.6 -319.0 266 0 11.5 21.8 5.0 2.5 2 1 2 5 5
-6815.3 1045.3 -331.9 45 0 15.9 19.9 14.0 3.5 2 1 4 5 5
-1134.3 1451.1 -316.9 26 0 6.7 13.6 5.0 2.5 2 1 2 4 4
-419.9 366.9 -305.2 223 0 10.8 7.6 5.0 2.5 2 0 2 0 0
-884.6 557.7 -315.1 298 0 8.8 19.6 7.5 2.5 2 1 3 0 0
-788.8 456.4 -313.9 209 0 8.9 7.5 2.5 0.0 0 0 1 5 5
-682.8 592.9 -314.2 34 0 16.4 9.8 5.0 2.5 4 0 2 5 5
-1306.1 369.3 -315.1 117 0 9.8 25.6 7.5 2.5 2 1 3 1 1
-1675.2 1609.1 -324.8 221 0 11.9 8.6 5.0 2.5 2 0 2 3 3
-889.4 903.7 -317.6 125 0 14.0 13.3 7.5 2.5 4 0 3 0 0
-387.2 700.8 -308.8 280 0 11.1 8.7 7.5 2.5 2 0 3 0 0
-1192.6 1272.1 -321.6 32 0 9.4 12.1 2.5 2.5 2 1 1 1 1
-1024.0 1505.7 -315.6 277 0 12.3 9.0 7.5 2.5 2 0 3 1 1
-917.8 1275.0 -318.9 221 0 8.7 4.0 7.5 2.5 2 0 3 1 1
-653.7 430.0 -312.4 121 0 9.3 8.9 7.5 2.5 2 0 3 1 1
-519.7 163.0 -307.2 204 0 13.0 9.8 7.5 2.5 2 0 3 4 4
-391.3 413.1 -304.9 82 0 9.9 7.5 5.0 2.5 2 0 2 2 2
-1378.5 1265.8 -322.0 112 0 4.3 11.5 2.5 2.5 2 1 1 2 2
-864.0 1262.0 -318.0 136 0 10.2 4.0 7.5 2.5 2 0 3 3 3
-674.8 750.6 -315.3 283 0 10.8 9.5 7.5 2.5 2 0 3 5 5
-1331.8 656.9 -317.6 221 0 14.4 8.7 5.0 2.5 2 0 2 5 5
-716.0 118.6 -311.3 111 0 17.4 10.2 5.0 2.5 4 0 2 3 3
-1415.0 1421.4 -323.9 294 0 12.0 9.4 7.5 0.0 0 0 3 0 0
-947.7 1214.9 -319.0 130 0 14.2 17.6 5.0 2.5 2 1 2 4 4
-706.4 764.5 -315.9 292 0 10.1 13.8 5.0 2.5 4 1 2 2 2
-1163.0 628.3 -316.3 245 0 14.9 12.1 10.0 2.5 2 0 4 3 3
-468.4 214.3 -306.1 35 0 7.5 6.8 5.0 2.5 4 0 2 0 0
-919.6 1309.9 -319.5 34 0 12.3 10.4 5.0 0.0 0 0 2 5 5
-1859.5 1440.0 -325.7 122 0 10.6 13.2 5.0 0.0 0 1 2 5 5
-1644.5 1162.1 -321.8 118 0 8.8 4.8 5.0 2.5 4 0 2 5 5
-912.5 1079.6 -317.8 308 0 10.0 5.8 7.5 0.0 0 0 3 3 3
-733.1 792.2 -316.6 133 0 10.0 12.9 10.0 2.5 2 1 4 4 4
-1407.1 1444.5 -323.6 117 0 7.1 8.6 5.0 2.5 2 1 2 0 0
-1145.7 1100.4 -320.9 303 0 9.6 10.8 2.5 2.5 2 1 1 0 0
-933.4 1327.0 -320.0 33 0 7.9 17.0 7.5 2.5 4 1 3 1 1
-905.2 225.3 -312.7 204 0 12.2 10.4 5.0 2.5 2 0 2 4 4
-785.7 511.7 -314.3 127 0 8.5 9.1 7.5 2.5 2 1 3 0 0
-808.8 407.4 -313.6 297 0 12.9 33.1 10.0 0.0 0 1 4 1 1
-623.6 802.2 -314.5 196 0 11.4 20.8 2.5 2.5 4 1 1 1 1
-1271.2 1248.0 -321.1 307 0 8.4 4.4 5.0 0.0 0 0 2 4 4
-1005.4 1198.4 -319.8 32 0 5.9 9.0 5.0 0.0 0 1 2 3 3
-631.7 424.5 -312.0 108 0 9.8 11.3 5.0 2.5 2 1 2 0 0
-538.4 1021.9 -313.1 316 0 7.6 11.8 7.5 2.5 2 1 3 2 2
-721.2 1196.8 -315.8 305 0 10.5 11.2 10.0 2.5 2 1 4 5 5
-834.3 499.0 -314.3 305 0 9.0 22.6 7.5 2.5 2 1 3 0 0
-373.4 421.2 -304.2 103 0 10.3 12.6 5.0 2.5 4 1 2 4 4
-578.8 52.3 -308.4 133 0 17.5 8.3 2.5 2.5 2 0 1 2 2
-1342.7 1265.5 -321.8 265 0 13.8 6.2 7.5 2.5 2 0 3 4 4
-1247.6 1276.7 -321.3 33 0 15.1 13.4 5.0 2.5 2 0 2 1 1
-439.3 245.5 -305.6 47 0 14.7 11.4 10.0 0.0 0 0 4 3 3
-1839.9 1392.1 -325.3 208 0 7.9 10.3 7.5 2.5 4 1 3 1 1
-1316.8 978.5 -320.5 124 0 14.0 9.1 5.0 2.5 2 0 2 1 1
-1897.2 1481.8 -325.8 120 0 9.7 15.6 2.5 2.5 2 1 1 4 4
-898.8 527.7 -315.0 117 0 3.7 9.7 7.5 0.0 0 1 3 0 0
-442.9 783.1 -311.9 15 0 19.5 10.6 7.5 2.5 2 0 3 5 5
-971.4 361.9 -314.4 123 0 57.2 17.2 7.5 2.5 2 0 3 5 5
-1841.0 1295.7 -324.1 116 0 5.7 10.5 2.5 2.5 2 1 1 4 4
-1188.4 1144.9 -321.0 301 0 14.2 16.7 7.5 2.5 2 1 3 2 2
-1770.8 1582.6 -325.6 297 0 11.4 20.5 7.5 2.5 2 1 3 2 2
-825.1 1073.5 -316.8 221 0 11.7 15.6 5.0 2.5 2 1 2 4 4
-833.5 343.2 -313.3 35 0 16.9 9.1 5.0 2.5 2 0 2 2 2
-1198.7 885.1 -318.8 121 0 9.3 18.3 2.5 2.5 2 1 1 4 4
-1024.9 764.6 -316.6 214 0 17.8 7.5 7.5 2.5 2 0 3 3 3
-1202.1 1680.5 -309.4 308 0 14.8 6.4 5.0 0.0 0 0 2 1 1
-747.8 233.4 -312.0 26 0 15.7 7.4 5.0 2.5 2 0 2 1 1
-1483.1 1059.7 -320.4 114 0 10.0 9.4 2.5 2.5 2 0 1 4 4
-997.0 674.1 -316.0 129 0 7.3 13.9 5.0 2.5 2 1 2 2 2
-538.5 101.0 -307.8 30 0 12.9 9.2 7.5 2.5 2 0 3 2 2
-1105.1 464.3 -315.0 216 0 13.1 8.1 5.0 0.0 0 0 2 1 1
-501.5 386.2 -309.3 311 0 7.7 11.3 2.5 2.5 4 1 1 2 2
-529.4 409.2 -310.7 105 0 11.4 14.9 5.0 2.5 2 1 2 2 2
-1502.1 1365.4 -323.9 6 0 12.7 18.5 7.5 2.5 2 1 3 3 3
-902.0 557.6 -315.5 312 0 13.8 7.5 5.0 2.5 2 0 2 0 0
-1065.9 824.7 -317.5 311 0 22.2 10.9 7.5 2.5 2 0 3 5 5
-420.3 692.3 -310.2 294 0 11.4 14.6 7.5 2.5 2 1 3 2 2
-883.4 1340.4 -319.0 222 0 6.8 10.3 5.0 2.5 2 1 2 3 3
-1668.9 1428.5 -325.1 31 0 8.3 13.7 5.0 2.5 2 1 2 0 0
-1221.9 652.7 -317.0 306 0 12.7 13.0 5.0 2.5 2 1 2 3 3
-1162.9 1472.7 -315.7 300 0 10.1 9.1 7.5 2.5 2 0 3 4 4
-648.2 277.2 -311.5 116 0 7.2 11.4 5.0 2.5 2 1 2 5 5
-459.5 803.8 -311.6 285 0 7.0 8.4 7.5 2.5 4 1 3 5 5
-1523.0 1168.9 -321.4 112 0 7.2 6.0 5.0 2.5 2 0 2 4 4
-1666.3 1282.1 -323.6 94 0 5.6 7.6 7.5 2.5 2 1 3 3 3
-1387.3 576.2 -317.3 202 0 11.0 15.6 5.0 2.5 4 1 2 1 1
-875.8 893.3 -317.6 129 0 9.6 11.4 2.5 2.5 2 1 1 1 1
-528.4 947.0 -313.0 26 0 12.1 13.1 5.0 2.5 2 1 2 0 0
-920.5 1425.7 -319.4 304 0 12.1 18.8 2.5 2.5 2 1 1 0 0
-1773.4 1395.9 -325.5 127 0 25.4 5.3 7.5 2.5 2 0 3 3 3
-645.5 423.5 -312.2 115 0 4.9 12.8 7.5 2.5 2 1 3 0 0
-1268.5 361.5 -314.8 115 0 15.0 19.5 12.5 2.5 2 1 5 5 5
-829.5 520.6 -314.5 305 0 21.5 10.1 7.5 2.5 2 0 3 1 1
-1004.3 964.0 -318.8 298 0 6.9 9.3 2.5 2.5 2 1 1 1 1
-906.8 1325.0 -319.3 38 0 17.7 5.6 7.5 2.5 2 0 3 4 4
-1205.2 1294.7 -321.7 213 0 5.2 6.5 7.5 0.0 0 1 3 5 5
-920.4 190.3 -312.5 203 0 11.9 15.8 10.0 2.5 4 1 4 5 5
-412.3 408.5 -306.3 34 0 18.6 18.0 10.0 2.5 2 0 4 2 2
-1188.6 1367.6 -321.6 304 0 5.9 11.0 2.5 2.5 2 1 1 5 5
-810.7 362.6 -313.3 209 0 13.8 6.3 7.5 2.5 4 0 3 5 5
-996.4 1159.5 -319.1 216 0 10.7 6.3 5.0 2.5 2 0 2 1 1
-617.7 422.9 -312.0 115 0 12.0 20.4 5.0 2.5 2 1 2 4 4
-1499.6 1759.5 -320.0 255 0 9.5 5.3 5.0 2.5 4 0 2 2 2
-1127.9 594.9 -316.0 62 0 8.6 7.3 5.0 2.5 2 0 2 2 2
-799.8 138.1 -311.8 108 0 9.3 7.0 5.0 2.5 2 0 2 3 3
-929.8 1282.8 -319.2 218 0 17.2 10.8 5.0 2.5 2 0 2 0 0
-1751.8 1258.4 -323.3 117 0 9.1 4.9 2.5 2.5 2 0 1 5 5
-407.4 262.4 -304.9 42 0 13.2 16.7 7.5 2.5 2 1 3 5 5
-1241.8 1132.2 -320.6 126 0 9.4 10.4 7.5 2.5 4 1 3 1 1
-564.1 35.1 -307.8 135 0 10.7 10.0 2.5 2.5 4 0 1 4 4
-1836.9 1422.3 -325.7 34 0 13.2 12.6 5.0 2.5 2 0 2 2 2
-642.4 728.0 -314.8 105 0 9.5 7.4 5.0 0.0 0 0 2 1 1
-1062.6 704.6 -316.4 218 0 7.7 5.3 7.5 2.5 4 0 3 4 4
-446.9 218.0 -305.6 46 0 7.6 7.3 2.5 2.5 2 0 1 0 0
-680.2 107.4 -310.8 109 0 17.3 12.5 2.5 2.5 2 0 1 2 2
-1871.4 1313.4 -324.1 121 0 28.0 10.4 7.5 2.5 2 0 3 0 0
-1036.8 1145.0 -319.8 30 0 9.6 9.8 7.5 2.5 2 1 3 1 1
-1134.0 967.3 -319.1 213 0 11.8 16.0 5.0 2.5 2 1 2 1 1
-939.5 1083.6 -318.1 220 0 17.6 12.1 2.5 2.5 2 0 1 2 2
-565.7 749.8 -313.8 111 0 10.8 9.8 7.5 0.0 0 0 3 1 1
-1257.3 1227.4 -320.9 313 0 12.9 8.2 7.5 2.5 2 0 3 3 3
-796.9 502.4 -314.3 123 0 14.4 9.3 7.5 2.5 2 0 3 5 5
-1527.7 1421.0 -324.4 65 0 11.1 14.3 10.0 2.5 4 1 4 3 3
-513.8 709.7 -313.0 288 0 9.4 7.7 5.0 2.5 2 0 2 5 5
-1256.1 1121.0 -320.5 41 0 8.0 3.8 5.0 2.5 2 0 2 2 2
-595.7 57.0 -308.8 126 0 5.6 12.0 2.5 2.5 2 1 1 3 3
-1694.6 1604.2 -325.1 306 0 10.3 20.5 5.0 2.5 2 1 2 3 3
-1094.9 1026.3 -319.8 222 0 8.2 5.7 5.0 2.5 2 0 2 4 4
-800.9 967.7 -317.1 125 0 14.3 17.9 10.0 2.5 2 1 4 1 1
-408.5 685.2 -309.4 297 0 4.9 9.1 7.5 2.5 2 1 3 3 3
-1644.0 1355.8 -324.7 261 0 19.5 10.4 5.0 2.5 2 0 2 3 3
-931.7 603.3 -315.6 313 0 23.5 8.6 2.5 2.5 2 0 1 4 4
-924.4 377.3 -314.4 30 0 9.1 56.8 7.5 2.5 4 1 3 4 4
-655.4 367.7 -311.9 222 0 9.4 11.3 7.5 2.5 2 1 3 2 2
-610.7 122.9 -309.8 299 0 12.5 10.6 5.0 0.0 0 0 2 5 5
-1173.9 854.4 -318.3 123 0 14.3 10.4 2.5 2.5 2 0 1 1 1
-1130.9 304.8 -314.5 123 0 6.8 11.6 2.5 2.5 2 1 1 0 0
-827.4 1270.3 -317.6 305 0 12.9 18.6 2.5 2.5 2 1 1 4 4
-1452.2 1187.5 -321.5 30 0 10.4 13.8 5.0 2.5 2 1 2 0 0
-1379.3 593.9 -317.4 196 0 13.6 11.7 7.5 2.5 2 0 3 0 0
-963.1 846.5 -316.8 220 0 13.8 12.3 2.5 2.5 2 0 1 0 0
-1192.1 1439.2 -318.4 118 0 7.9 9.1 5.0 2.5 2 1 2 4 4
-754.6 1117.7 -316.2 25 0 11.9 7.8 5.0 2.5 2 0 2 0 0
-1579.9 1382.0 -324.6 83 0 13.9 12.4 7.5 0.0 0 0 3 0 0
-550.5 403.3 -311.2 98 0 19.4 15.0 10.0 2.5 2 0 4 2 2
-1088.5 979.2 -319.6 164 0 8.2 6.5 5.0 2.5 2 0 2 0 0
-1004.9 768.7 -316.5 208 0 14.4 4.8 7.5 2.5 2 0 3 2 2
-1383.7 443.5 -316.3 297 0 13.4 25.5 7.5 2.5 2 1 3 3 3
-2203.9 405.2 -309.7 298 0 5.8 11.0 7.5 2.5 2 1 3 3 3
-1866.3 413.0 -315.6 28 0 8.0 6.1 2.5 2.5 2 0 1 5 5
-1436.9 1015.0 -320.2 295 0 15.2 15.2 2.5 2.5 2 1 1 4 4
-1542.1 689.1 -319.0 32 0 11.5 15.8 7.5 2.5 2 1 3 1 1
-1887.6 1073.6 -321.9 319 0 8.1 5.3 5.0 2.5 2 0 2 0 0
-2236.9 475.8 -312.7 14 0 11.3 12.6 10.0 2.5 2 1 4 0 0
-2164.9 1102.5 -325.3 285 0 16.2 9.3 2.5 2.5 2 0 1 2 2
-1880.3 1343.4 -324.6 30 0 5.8 6.4 5.0 2.5 2 1 2 1 1
-2160.9 211.0 -306.7 147 0 11.3 19.1 10.0 2.5 2 1 4 5 5
-1933.4 375.5 -313.8 289 0 8.5 14.6 5.0 2.5 4 1 2 1 1
-1442.3 194.3 -314.5 206 0 10.9 15.9 2.5 2.5 2 1 1 3 3
-1987.5 1136.7 -323.4 295 0 9.0 8.4 2.5 2.5 2 0 1 5 5
-1508.7 107.2 -314.9 184 0 14.6 16.5 10.0 2.5 2 1 4 2 2
-1580.5 722.2 -319.5 303 0 16.9 11.3 7.5 2.5 2 0 3 0 0
-1838.2 -132.4 -308.6 142 0 11.7 12.8 2.5 2.5 2 1 1 2 2
-2219.7 295.8 -307.3 132 0 13.6 11.2 5.0 2.5 2 0 2 3 3
-548.2 -206.1 -303.9 13 0 7.2 11.2 7.5 2.5 2 1 3 5 5
-1917.7 1452.1 -325.8 310 0 12.2 14.7 5.0 2.5 2 1 2 0 0
-1906.9 439.7 -315.3 159 0 13.5 22.4 7.5 2.5 2 1 3 2 2
-1666.0 541.1 -318.5 123 0 10.1 17.6 7.5 2.5 2 1 3 0 0
-1277.2 9.0 -311.0 319 0 11.9 15.4 5.0 2.5 2 1 2 0 0
-765.5 -309.4 -306.0 31 0 15.8 8.8 5.0 2.5 2 0 2 2 2
-1103.3 -95.5 -310.4 139 0 11.3 9.7 2.5 0.0 0 0 1 1 1
-2152.7 770.2 -322.7 3 0 9.9 5.5 5.0 2.5 2 0 2 2 2
-1492.3 504.9 -317.3 119 0 11.8 12.5 5.0 2.5 2 1 2 3 3
-603.3 -416.2 -301.3 32 0 8.0 4.0 5.0 2.5 2 0 2 1 1
-1676.8 395.0 -316.8 31 0 26.6 40.4 10.0 0.0 0 1 4 0 0
-1400.1 -58.7 -310.3 189 0 14.7 6.9 7.5 2.5 2 0 3 5 5
-2008.2 618.3 -318.5 190 0 13.5 14.4 2.5 2.5 2 1 1 5 5
-1230.2 189.2 -313.5 39 0 18.5 8.2 7.5 2.5 2 0 3 5 5
-1644.5 520.9 -318.0 123 0 11.7 11.7 7.5 2.5 2 0 3 0 0
-1351.1 953.0 -320.4 298 0 8.9 6.8 5.0 2.5 2 0 2 3 3
-1742.6 826.1 -319.5 314 0 13.2 17.2 7.5 2.5 2 1 3 1 1
-688.8 -225.5 -306.0 122 0 7.8 14.5 5.0 2.5 2 1 2 0 0
-2277.5 1088.9 -326.2 104 0 12.6 11.1 7.5 2.5 2 0 3 0 0
-1781.1 1161.7 -322.3 118 0 8.0 10.7 7.5 2.5 2 1 3 0 0
-1566.5 -535.0 -299.4 253 0 14.0 17.5 7.5 2.5 2 1 3 5 5
-1508.1 441.0 -317.1 291 0 33.1 11.7 10.0 2.5 2 0 4 1 1
-2284.1 1044.6 -325.8 188 0 11.3 5.7 2.5 2.5 2 0 1 3 3
-2223.8 982.5 -324.9 11 0 13.4 17.8 7.5 2.5 4 1 3 4 4
-1060.3 226.9 -313.2 297 0 13.8 9.8 2.5 2.5 2 0 1 5 5
-2104.0 1469.7 -326.2 26 0 6.6 10.1 2.5 2.5 2 1 1 4 4
-1913.7 1296.1 -323.9 217 0 13.5 21.9 10.0 2.5 4 1 4 2 2
-520.3 -98.0 -305.0 30 0 13.9 12.1 7.5 2.5 2 0 3 2 2
-1419.3 388.7 -316.2 19 0 17.0 12.6 5.0 2.5 2 0 2 0 0
-2329.9 650.6 -318.0 272 0 11.4 13.6 5.0 2.5 2 1 2 5 5
-1420.7 786.1 -319.0 294 0 6.2 8.0 5.0 0.0 0 1 2 4 4
-1972.6 756.2 -319.7 95 0 12.3 13.2 5.0 2.5 4 1 2 3 3
-1823.6 794.2 -319.5 209 0 16.1 13.6 5.0 2.5 2 0 2 0 0
-1863.7 -117.5 -307.5 159 0 15.8 6.6 2.5 2.5 2 0 1 5 5
-678.9 -29.3 -308.3 123 0 8.3 16.2 5.0 0.0 0 1 2 5 5
-2285.2 335.3 -307.5 141 0 15.4 8.1 7.5 2.5 2 0 3 1 1
-1382.6 606.9 -317.5 20 0 6.0 9.8 7.5 2.5 2 1 3 1 1
-1872.1 849.3 -320.1 11 0 10.1 8.2 7.5 2.5 2 0 3 0 0
-1977.1 10.3 -306.3 136 0 7.1 8.6 5.0 2.5 2 1 2 3 3
-1539.4 -151.5 -310.2 117 0 7.5 36.9 7.5 2.5 2 1 3 5 5
-2211.1 1052.3 -325.3 278 0 14.5 18.4 5.0 2.5 2 1 2 3 3
-950.3 175.9 -312.4 285 0 22.1 12.2 7.5 2.5 2 0 3 0 0
-1467.1 572.1 -317.6 51 0 19.4 11.6 5.0 2.5 2 0 2 0 0
-1845.6 9.9 -309.8 47 0 10.6 7.9 5.0 2.5 2 0 2 3 3
-602.4 -462.4 -302.3 32 0 21.1 52.3 7.5 2.5 2 1 3 3 3
-1832.8 323.1 -313.9 31 0 5.4 8.8 5.0 2.5 2 1 2 3 3
-1396.8 746.3 -318.6 286 0 14.7 10.9 7.5 2.5 2 0 3 3 3
-1173.2 -40.4 -310.3 116 0 10.0 7.6 7.5 2.5 2 0 3 1 1
-1126.7 -157.5 -309.5 213 0 11.2 19.6 7.5 2.5 2 1 3 0 0
-1817.2 -93.5 -309.7 235 0 5.0 8.9 5.0 2.5 2 1 2 4 4
-1494.1 -248.1 -308.2 305 0 11.9 16.1 5.0 2.5 2 1 2 0 0
-1411.1 391.1 -316.0 203 0 12.3 39.4 10.0 2.5 2 1 4 5 5
-2285.7 1016.7 -325.6 188 0 6.7 7.4 5.0 2.5 2 1 2 0 0
-994.4 -194.4 -308.9 132 0 7.4 16.3 7.5 2.5 2 1 3 2 2
-1159.3 836.2 -318.0 305 0 10.3 12.4 5.0 2.5 4 1 2 5 5
-650.0 81.0 -310.1 298 0 17.6 9.8 2.5 2.5 2 0 1 2 2
-1878.9 455.6 -315.8 212 0 5.8 9.3 7.5 2.5 2 1 3 5 5
-2352.4 397.4 -308.9 131 0 11.5 4.8 2.5 2.5 2 0 1 3 3
-2224.1 740.2 -321.9 271 0 9.0 13.8 5.0 2.5 2 1 2 1 1
-1012.2 -181.0 -309.0 124 0 5.7 5.8 5.0 2.5 4 1 2 2 2
-2205.3 1077.4 -325.6 104 0 14.9 20.2 7.5 2.5 2 1 3 0 0
-1271.8 126.5 -313.4 34 0 19.9 14.0 7.5 2.5 2 0 3 5 5
-1481.8 952.3 -320.1 220 0 5.5 11.6 2.5 2.5 2 1 1 2 2
-922.5 -272.9 -307.9 131 0 23.7 10.6 10.0 2.5 2 0 4 1 1
-2147.6 376.0 -309.8 288 0 14.0 11.0 5.0 2.5 2 0 2 1 1
-2169.0 175.8 -304.2 139 0 8.7 17.8 5.0 2.5 2 1 2 5 5
-707.5 107.6 -311.0 297 0 10.5 10.6 5.0 2.5 2 1 2 3 3
-2132.7 1271.6 -326.2 252 0 11.9 34.8 10.0 2.5 2 0 4 0 0
-2084.4 211.7 -308.6 307 0 6.7 17.7 7.5 2.5 2 1 3 5 5
-2326.9 532.0 -314.7 195 0 12.2 8.0 2.5 0.0 0 0 1 0 0
-1385.4 281.6 -314.6 10 0 6.2 8.5 7.5 2.5 2 1 3 4 4
-2281.5 1082.6 -326.1 278 0 12.1 6.5 5.0 2.5 2 0 2 3 3
-1487.0 148.9 -314.9 212 0 11.1 5.5 5.0 2.5 2 0 2 4 4
-1376.1 -44.1 -310.5 288 0 12.0 6.0 7.5 2.5 2 0 3 5 5
-2190.4 221.7 -305.7 141 0 12.8 18.5 10.0 2.5 2 1 4 3 3
-1719.9 193.5 -316.1 153 0 7.3 8.4 5.0 2.5 2 1 2 1 1
-1847.0 328.6 -314.1 122 0 8.5 7.0 5.0 2.5 2 0 2 5 5
-1976.3 1082.3 -322.7 127 0 8.4 12.3 7.5 2.5 2 1 3 5 5
-1405.0 -84.6 -309.5 195 0 15.9 12.7 5.0 2.5 2 0 2 0 0
-1242.6 13.4 -310.8 140 0 7.9 11.3 7.5 2.5 2 1 3 2 2
-1266.8 229.4 -313.8 299 0 7.4 16.3 7.5 2.5 2 1 3 2 2
-1256.4 683.0 -317.6 117 0 14.5 14.3 5.0 2.5 2 0 2 0 0
-1426.8 269.7 -315.0 177 0 9.1 7.9 7.5 2.5 4 0 3 4 4
-2062.4 1200.5 -325.3 307 0 11.5 19.8 7.5 2.5 2 1 3 2 2
-691.5 -218.7 -306.1 33 0 5.9 8.9 2.5 2.5 2 1 1 3 3
-1886.0 365.5 -314.8 124 0 9.4 11.4 2.5 2.5 2 1 1 3 3
-1263.3 177.2 -313.7 30 0 8.5 17.1 7.5 2.5 2 1 3 4 4
-1628.9 582.9 -318.6 299 0 10.5 25.6 7.5 2.5 2 1 3 1 1
-1494.5 961.8 -320.1 215 0 6.5 12.7 5.0 2.5 2 1 2 2 2
-779.6 -344.8 -305.9 33 0 15.4 8.4 2.5 2.5 2 0 1 5 5
-2188.7 1069.6 -325.2 100 0 6.4 6.2 7.5 2.5 2 0 3 2 2
-1170.2 262.0 -314.0 36 0 7.9 6.7 2.5 2.5 2 0 1 5 5
-1568.3 -483.2 -303.0 46 0 51.4 66.8 10.0 0.0 0 1 4 4 4
-2266.7 323.5 -307.7 136 0 10.5 14.3 2.5 2.5 2 1 1 4 4
-604.1 -207.0 -305.1 125 0 8.2 9.9 7.5 2.5 2 1 3 1 1
-1431.2 249.6 -315.0 2 0 14.9 10.4 5.0 2.5 2 0 2 2 2
-1948.1 913.2 -320.9 78 0 20.3 11.0 5.0 2.5 2 0 2 5 5
-1720.2 746.4 -319.6 123 0 7.9 18.2 5.0 2.5 2 1 2 5 5
-1437.1 403.8 -316.3 288 0 12.7 18.5 5.0 2.5 2 1 2 2 2
-1315.6 1033.6 -320.5 35 0 12.5 19.2 7.5 2.5 2 1 3 3 3
-1742.1 133.0 -315.9 160 0 15.8 17.0 7.5 0.0 0 1 3 1 1
-1444.6 524.9 -317.3 310 0 13.9 18.0 10.0 2.5 4 1 4 4 4
-1874.9 1053.8 -321.7 321 0 14.9 12.3 5.0 0.0 0 0 2 3 3
-1684.1 770.4 -319.6 308 0 14.2 13.2 5.0 2.5 4 0 2 2 2
-1881.7 -100.8 -307.1 157 0 18.2 13.9 12.5 0.0 0 0 5 3 3
-2284.4 1026.5 -325.7 187 0 10.9 14.2 2.5 2.5 2 1 1 2 2
-2302.9 352.2 -307.7 130 0 10.1 15.1 5.0 0.0 0 1 2 2 2
-578.8 -145.6 -305.5 291 0 12.3 17.8 7.5 2.5 2 1 3 1 1
-1866.0 1378.5 -325.3 38 0 6.9 8.6 5.0 2.5 2 1 2 5 5
-1979.1 665.1 -319.8 6 0 15.1 17.8 10.0 2.5 2 1 4 3 3
-1592.4 515.5 -317.6 117 0 13.5 16.0 7.5 2.5 2 1 3 5 5
-1042.4 -171.1 -309.2 313 0 23.6 9.0 5.0 2.5 2 0 2 4 4
-727.6 -288.3 -305.7 210 0 10.7 12.9 5.0 2.5 2 1 2 3 3
-1690.4 380.4 -316.5 30 0 7.1 39.2 7.5 2.5 2 1 3 2 2
-2301.4 997.6 -325.6 186 0 25.2 6.0 7.5 0.0 0 0 3 3 3
-2232.3 1010.4 -325.2 7 0 9.9 14.9 5.0 2.5 2 1 2 0 0
-2131.2 1470.9 -326.3 123 0 6.3 5.8 5.0 2.5 2 0 2 4 4
-2165.5 933.5 -323.8 357 0 11.9 7.5 7.5 0.0 0 0 3 2 2
-1752.8 1241.1 -322.9 295 0 6.9 10.8 5.0 2.5 2 1 2 1 1
-1430.3 -116.6 -310.2 19 0 25.2 11.0 7.5 2.5 2 0 3 2 2
-894.5 160.0 -312.1 296 0 7.3 18.0 5.0 2.5 2 1 2 2 2
-1331.5 350.8 -314.7 288 0 18.2 10.2 5.0 2.5 2 0 2 5 5
-1270.5 923.4 -319.6 303 0 14.7 21.9 12.5 2.5 2 1 5 3 3
-603.4 -436.7 -301.0 25 0 15.7 6.9 5.0 2.5 2 0 2 3 3
-669.1 -5.3 -308.6 38 0 14.2 8.1 7.5 2.5 2 0 3 4 4
-1416.2 -72.5 -310.2 19 0 12.1 11.7 5.0 2.5 2 0 2 5 5
-836.0 143.2 -311.9 287 0 8.4 14.6 5.0 2.5 4 1 2 1 1
-1185.2 26.3 -311.0 305 0 22.0 9.0 5.0 2.5 2 0 2 0 0
-1815.9 770.5 -319.4 206 0 10.6 10.3 5.0 2.5 2 0 2 2 2
-1488.9 -309.8 -306.2 29 0 14.5 15.4 5.0 2.5 2 1 2 4 4
-1569.9 475.9 -317.5 297 0 12.7 10.7 2.5 2.5 4 0 1 5 5
-1737.5 862.6 -319.8 43 0 20.0 10.4 7.5 2.5 4 0 3 1 1
-1883.9 45.7 -310.3 225 0 12.8 42.9 10.0 2.5 2 1 4 4 4
-652.0 35.4 -309.2 35 0 9.6 10.1 7.5 2.5 4 1 3 2 2
-2150.0 408.6 -310.5 24 0 4.8 6.5 7.5 0.0 0 1 3 4 4
-2022.2 769.5 -320.9 92 0 20.9 12.5 5.0 2.5 4 0 2 5 5
-1737.0 235.0 -316.0 135 0 7.5 24.9 5.0 2.5 2 1 2 5 5
-1791.3 10.1 -311.4 318 0 16.1 7.9 5.0 2.5 2 0 2 1 1
-1758.6 986.1 -320.8 139 0 11.9 19.3 7.5 2.5 4 1 3 4 4
-2125.6 469.0 -311.9 278 0 5.3 9.7 5.0 2.5 2 1 2 1 1
-1420.3 345.8 -315.5 178 0 14.9 13.3 5.0 2.5 4 0 2 1 1
-857.1 4.0 -310.5 282 0 8.2 9.5 5.0 2.5 2 1 2 5 5
-2109.8 155.1 -306.6 128 0 16.7 12.7 2.5 2.5 2 0 1 3 3
-2011.4 1532.9 -326.2 277 0 21.6 12.3 5.0 2.5 4 0 2 0 0
-2165.8 1026.6 -324.7 6 0 14.0 13.1 5.0 0.0 0 0 2 3 3
-1422.5 286.2 -315.0 187 0 12.0 23.3 5.0 2.5 2 1 2 0 0
-2064.2 1172.7 -325.0 35 0 5.2 6.4 7.5 2.5 2 1 3 4 4
-1031.2 150.9 -312.5 117 0 18.6 14.4 10.0 2.5 2 0 4 4 4
-1217.3 -78.8 -310.1 43 0 6.7 12.3 5.0 2.5 2 1 2 0 0
-1622.7 863.8 -319.8 134 0 7.9 10.8 5.0 2.5 2 1 2 4 4
-1804.1 461.2 -316.6 27 0 4.5 8.8 7.5 2.5 2 1 3 0 0
-1426.1 308.6 -315.3 177 0 14.6 9.7 7.5 2.5 2 0 3 4 4
-2247.4 1076.4 -325.7 280 0 5.6 9.1 5.0 2.5 2 1 2 0 0
-1469.3 175.8 -314.8 213 0 15.6 13.7 5.0 2.5 2 0 2 2 2
-1797.5 -108.5 -309.6 309 0 10.9 14.3 7.5 2.5 2 1 3 4 4
-1821.1 328.6 -314.3 121 0 14.6 14.5 5.0 2.5 2 0 2 5 5
-1286.7 101.7 -312.2 303 0 4.9 14.0 5.0 2.5 2 1 2 1 1
-1768.7 630.8 -319.4 136 0 8.4 21.3 2.5 2.5 2 1 1 5 5
-985.2 -216.8 -308.6 128 0 12.0 5.1 5.0 2.5 2 0 2 1 1
-1845.5 1076.3 -321.8 127 0 9.4 13.5 2.5 2.5 2 1 1 5 5
-3427.3 -7638.4 135.8 89 0 5.4 8.9 5.0 2.5 2 1 2 5 5
-4956.3 -7082.2 262.1 103 0 4.1 9.2 5.0 2.5 2 1 2 2 2
-5269.1 -5586.2 169.2 93 0 4.4 7.7 2.5 2.5 2 1 1 3 3
-225.0 633.4 -301.1 295 0 18.2 33.9 5.0 0.0 0 1 2 0 0
-6088.6 1012.3 -320.7 190 0 10.3 11.4 14.0 3.5 2 1 4 2 2
-6108.6 987.1 -321.8 16 0 28.8 19.5 14.0 3.5 2 0 4 5 5
-6613.6 -1476.3 -231.0 81 0 16.4 46.7 12.5 2.5 2 1 5 2 2
-6352.8 680.3 -320.7 3 0 27.1 11.0 17.5 3.5 2 0 5 4 4
-5734.5 1132.2 -308.9 95 0 18.5 33.6 10.0 0.0 0 1 4 3 3
-1974.9 1819.7 -325.7 303 0 35.8 17.6 10.0 2.5 2 0 4 4 4
-289.9 2805.4 -325.0 63 0 27.8 11.9 12.5 2.5 2 0 5 5 5
-2631.7 1346.9 -328.3 106 0 28.5 33.1 7.5 2.5 2 1 3 3 3
-4615.0 1193.3 -325.5 4 0 34.3 14.5 10.0 2.5 2 0 4 1 1
-6907.3 -3922.9 -119.9 189 0 13.9 6.9 2.5 2.5 2 0 1 4 4
-6896.0 -3931.2 -121.7 95 0 6.4 10.5 7.5 2.5 2 1 3 2 2
1158.4 -509.9 -177.7 230 0 19.1 6.5 7.5 2.5 2 0 3 5 5
2160.9 -2052.0 -188.6 27 0 29.0 15.8 10.0 2.5 2 0 4 3 3
-2812.8 1553.8 -331.7 199 0 15.8 37.1 10.0 2.5 2 1 4 5 5
-2738.8 1527.2 -331.1 20 0 16.1 36.2 10.0 2.5 2 1 4 0 0
-3039.3 1428.6 -329.0 285 0 19.9 40.6 7.5 2.5 2 0 3 1 1
1672.2 1119.3 -331.3 146 0 8.0 10.0 5.0 2.5 4 1 2 5 5
-1760.9 2131.9 -255.8 273 0 15.4 15.1 5.0 2.5 2 0 2 5 5
-6301.0 -4016.9 -125.1 273 0 13.9 31.7 10.0 2.5 2 1 4 3 3
-3816.9 -2917.0 -217.1 165 0 29.5 11.6 10.0 2.5 2 0 4 1 1
-3808.1 -2952.5 -217.0 164 0 30.4 11.7 7.5 2.5 2 0 3 5 5
-3770.6 -3042.9 -216.1 72 0 12.7 27.1 7.5 2.5 2 1 3 1 1
-3796.5 -2985.3 -216.6 164 0 24.7 12.0 10.0 2.5 2 0 4 5 5
-1130.8 2471.8 -322.1 105 0 19.3 21.5 12.5 2.5 4 1 5 0 0
-1100.8 2457.1 -318.9 108 0 11.6 6.5 5.0 2.5 2 0 2 4 4
-913.3 2230.4 -302.9 13 0 6.6 12.2 7.5 2.5 2 1 3 0 0
-1072.3 2310.1 -301.7 46 0 7.6 10.3 7.5 2.5 2 1 3 3 3
-1264.0 2469.5 -319.5 220 0 18.1 12.8 5.0 2.5 2 0 2 1 1
-1205.5 2147.1 -277.6 345 0 7.1 10.8 5.0 2.5 2 1 2 0 0
-1168.0 2528.9 -325.7 293 0 9.5 24.0 7.5 0.0 0 1 3 5 5
-1441.6 2765.9 -322.0 203 0 11.2 19.7 10.0 0.0 0 1 4 2 2
-2160.6 871.2 -323.4 356 0 16.5 15.4 7.5 2.5 2 0 3 1 1
-2149.3 738.3 -322.3 251 0 16.6 14.2 5.0 2.5 2 0 2 3 3
-2661.5 770.1 -321.3 5 0 11.4 21.1 10.0 2.5 2 0 4 2 2
-2717.9 765.4 -320.9 100 0 26.0 9.6 7.5 2.5 2 0 3 1 1
-3458.7 723.0 -319.3 164 0 11.7 17.4 2.5 2.5 2 1 1 4 4
-3468.7 821.5 -320.2 110 0 18.0 10.5 7.5 2.5 2 0 3 5 5
-3551.4 861.7 -319.3 202 0 12.1 12.4 2.5 2.5 2 1 1 0 0
-3605.7 1270.7 -328.3 276 0 14.7 59.1 12.5 2.5 2 1 5 1 1
-3965.3 1264.5 -327.9 96 0 22.7 23.8 7.5 2.5 2 1 3 0 0
-4024.3 1199.1 -325.8 95 0 13.1 10.6 10.0 2.5 2 0 4 0 0
-4195.8 1165.5 -323.0 93 0 16.0 14.4 7.5 2.5 2 0 3 0 0
5028.9 -2094.5 -317.6 272 0 15.1 25.1 10.0 2.5 2 1 4 2 2
-5715.5 -2918.7 -210.8 78 0 15.0 13.9 2.5 2.5 4 0 1 0 0
-2133.1 -2788.1 -260.7 206 0 20.2 23.6 12.5 0.0 0 1 5 1 1
-1857.1 -2762.1 -268.6 41 0 8.3 22.7 7.5 2.5 2 1 3 1 1
-1925.8 -2795.2 -267.3 139 0 8.3 34.0 7.5 2.5 2 1 3 5 5
-2423.0 -1880.8 -259.4 20 0 4.2 15.1 2.5 2.5 4 1 1 0 0
-3552.7 -2862.1 -225.5 261 0 27.6 16.1 7.5 2.5 2 0 3 0 0
-3625.8 -2861.4 -220.3 266 0 31.8 10.5 15.0 0.0 0 0 6 2 2
-3654.1 -2930.1 -221.3 353 0 25.5 18.0 12.5 2.5 2 0 5 3 3
-3785.6 -2898.0 -217.7 259 0 11.7 42.4 10.0 2.5 2 1 4 0 0
-150.6 -2174.3 -263.4 195 0 51.9 189.1 10.0 0.0 0 1 4 3 3
194.5 -2086.8 -246.6 296 0 42.0 95.0 10.0 0.0 0 1 4 2 2
4201.6 -1912.3 -307.4 192 0 6.6 23.7 5.0 2.5 2 1 2 5 5
4132.3 -1686.6 -328.2 151 0 12.0 8.6 2.5 2.5 4 0 1 3 3
1559.2 -873.4 -210.0 117 0 14.2 7.9 5.0 2.5 2 0 2 0 0
-2711.0 1425.6 -328.8 200 0 11.8 15.6 5.0 2.5 2 1 2 5 5
2535.4 232.6 -306.0 337 0 14.0 10.8 2.5 2.5 2 0 1 4 4
-2830.5 1379.7 -329.0 108 0 22.4 15.8 10.0 2.5 4 0 4 2 2
-2914.8 1577.5 -332.8 82 0 23.6 12.2 7.5 2.5 2 0 3 2 2
-2944.3 1572.2 -333.0 83 0 16.3 25.6 10.0 2.5 2 1 4 3 3
-3878.0 914.3 -319.1 7 0 61.0 26.9 12.5 0.0 0 0 5 2 2
2301.1 225.3 -258.3 109 0 6.2 7.2 5.0 2.5 2 1 2 1 1
2429.3 25.3 -257.3 287 0 6.6 10.1 5.0 0.0 0 1 2 2 2
2535.5 -157.3 -283.4 124 0 7.3 11.6 7.5 2.5 2 1 3 3 3
4545.5 -2169.0 -286.6 44 0 8.5 18.9 7.5 0.0 0 1 3 4 4
4548.7 -1957.1 -317.1 335 0 6.2 16.7 7.5 2.5 2 1 3 4 4
-5580.8 507.4 -314.0 274 0 21.8 23.5 7.5 0.0 0 1 3 3 3
-5663.9 417.7 -314.5 357 0 60.5 12.6 12.5 2.5 2 0 5 5 5
-5281.6 1385.9 -328.1 100 0 11.1 24.8 10.0 2.5 2 1 4 4 4
-4711.2 1361.8 -330.3 95 0 34.8 63.3 7.5 0.0 0 1 3 4 4
-4689.8 1450.8 -330.6 5 0 46.0 31.0 12.5 0.0 0 0 5 0 0
-151.6 -964.4 -287.9 101 0 12.1 10.4 2.5 2.5 2 0 1 5 5
-2455.1 -5564.1 105.0 271 0 7.2 15.2 5.0 2.5 2 1 2 3 3
6848.6 -4770.5 -157.5 252 0 12.4 24.5 10.0 2.5 2 1 4 0 0
-1217.3 -8600.1 84.6 192 0 9.5 19.4 5.0 2.5 2 1 2 3 3
-366.9 -637.2 -292.6 230 0 10.2 20.4 7.5 2.5 4 1 3 2 2
-681.0 -3834.7 -225.8 245 0 8.3 32.0 7.5 2.5 2 1 3 2 2
-665.2 -3879.0 -223.7 155 0 21.3 9.3 7.5 2.5 2 0 3 0 0
-621.2 -3900.5 -220.0 32 0 24.7 9.1 2.5 2.5 4 0 1 2 2
-602.3 -3855.7 -219.8 27 0 19.3 9.9 7.5 2.5 2 0 3 5 5
-726.6 -3784.2 -231.7 23 0 11.4 25.5 12.5 2.5 2 1 5 3 3
-860.8 -3688.6 -240.8 212 0 10.9 65.6 12.5 0.0 0 1 5 3 3
-882.0 -3729.5 -236.0 207 0 9.9 39.1 7.5 2.5 2 1 3 4 4
-895.0 -3765.9 -232.9 172 0 9.5 41.1 7.5 2.5 2 1 3 0 0
-766.2 -3679.6 -236.4 288 0 10.6 38.2 10.0 2.5 2 1 4 3 3
-699.1 -3158.0 -255.0 112 0 13.8 32.0 7.5 0.0 0 1 3 5 5
2105.3 -4557.4 -45.6 202 0 8.9 23.3 7.5 2.5 2 1 3 4 4
57.8 -277.2 -284.0 34 0 15.7 30.6 5.0 2.5 2 1 2 4 4
-2058.0 -4792.1 -147.9 5 0 12.9 16.2 5.0 2.5 2 1 2 2 2
6705.2 -8168.6 -248.0 291 0 17.7 18.4 12.5 2.5 2 1 5 5 5
-794.8 -2400.9 -282.3 52 0 14.9 25.7 12.5 2.5 2 1 5 3 3
-767.1 -2393.9 -282.1 47 0 11.3 42.6 10.0 2.5 4 1 4 0 0
-454.8 -2129.4 -273.7 292 0 17.2 33.0 12.5 0.0 0 1 5 3 3
-440.3 -2098.3 -274.0 100 0 8.5 17.9 7.5 2.5 2 1 3 0 0
-458.7 -2203.0 -274.4 111 0 30.6 18.2 7.5 2.5 2 0 3 3 3
-923.8 -5895.9 31.0 355 0 21.0 12.9 12.5 2.5 2 0 5 0 0
3362.3 -902.5 -316.6 161 0 12.8 10.0 10.0 2.5 2 0 4 3 3
-1996.1 2577.7 -327.1 14 0 16.7 32.5 12.5 2.5 2 1 5 2 2
-2018.9 2553.4 -326.4 104 0 34.0 16.3 10.0 2.5 2 0 4 4 4
-2083.2 1761.2 -328.0 25 0 11.6 65.8 10.0 0.0 0 1 4 0 0
-2069.6 1957.0 -327.0 202 0 12.7 44.1 12.5 2.5 2 1 5 0 0
-2085.4 1869.5 -327.9 203 0 8.6 36.2 7.5 2.5 2 1 3 1 1
-2616.4 1611.9 -328.5 215 0 21.1 19.1 12.5 2.5 2 0 5 5 5
6250.4 -2059.6 -279.1 234 0 7.9 5.7 5.0 2.5 2 0 2 5 5
5787.6 -4055.7 -204.2 103 0 6.5 16.6 7.5 2.5 2 1 3 5 5
5324.4 -2259.4 -320.2 101 0 10.3 26.6 7.5 2.5 2 1 3 0 0
4629.3 -4424.8 -136.5 106 0 10.9 17.6 7.5 2.5 2 1 3 3 3
4477.0 -10359.6 -55.7 92 0 11.1 33.9 10.0 2.5 2 1 4 3 3
1764.9 -10203.2 -139.9 165 0 20.8 11.6 5.0 2.5 2 0 2 5 5
1565.7 -9976.3 -137.6 44 0 13.3 8.4 5.0 2.5 2 0 2 2 2
1551.7 -10183.9 -146.7 82 0 8.6 13.2 7.5 0.0 0 1 3 1 1
-6540.4 968.4 -328.6 309 0 18.6 37.1 7.0 0.0 0 1 2 4 4
-6024.6 780.2 -313.4 283 0 10.2 24.9 14.0 3.5 2 1 4 3 3
-6697.0 1097.3 -335.6 158 0 18.6 29.5 3.5 3.5 2 0 1 0 0
-6725.5 1327.7 -336.5 217 0 32.2 19.4 3.5 0.0 0 0 1 2 2
-6707.0 599.8 -312.4 14 0 10.0 11.1 14.0 3.5 2 1 4 2 2
-5879.8 -69.8 -312.8 48 0 18.1 18.9 12.5 2.5 2 1 5 4 4
-5895.9 -83.9 -313.2 49 0 16.6 18.7 10.0 0.0 0 1 4 5 5
-3412.8 1238.2 -328.1 279 0 10.0 22.3 7.5 2.5 2 1 3 3 3
-6852.2 -6022.5 86.6 17 0 15.1 21.7 12.5 2.5 2 1 5 1 1
-2491.1 -819.7 -285.1 119 0 26.0 42.3 10.0 0.0 0 1 4 4 4
-3952.5 -3982.9 -106.1 262 0 6.3 10.8 5.0 0.0 0 1 2 3 3
-2528.8 -631.1 -274.9 299 0 52.3 17.2 10.0 2.5 4 0 4 0 0
-2798.2 262.3 -271.6 283 0 10.3 13.0 10.0 2.5 2 1 4 0 0
-5159.9 -3351.5 -146.1 332 0 22.2 17.2 10.0 2.5 2 0 4 5 5
-5032.5 -3782.5 -81.3 202 0 9.7 50.6 7.5 2.5 2 1 3 1 1
-5027.3 -3763.4 -82.1 202 0 10.0 70.8 7.5 2.5 2 1 3 4 4
-5036.6 -3850.4 -78.7 13 0 10.0 10.7 7.5 2.5 2 1 3 5 5
-1013.6 -719.2 -305.3 316 0 19.8 82.9 7.5 2.5 2 1 3 0 0
-440.7 -492.6 -294.2 281 0 10.1 16.8 7.5 2.5 2 1 3 4 4
-430.4 -453.8 -294.5 189 0 15.6 11.4 7.5 2.5 2 0 3 3 3
398.0 -131.8 -279.4 98 0 6.0 35.9 7.5 2.5 2 1 3 0 0
301.8 967.3 -236.9 215 0 10.6 16.7 7.5 2.5 2 1 3 4 4
193.5 1108.7 -248.2 255 0 9.1 25.4 7.5 2.5 2 1 3 1 1
1075.4 1723.7 -309.3 196 0 11.1 9.6 5.0 2.5 2 0 2 3 3
588.0 2518.3 -319.2 96 0 5.4 15.8 2.5 0.0 0 1 1 2 2
-2144.8 1041.4 -324.5 190 0 11.1 24.7 7.5 2.5 2 1 3 5 5
2146.7 -547.4 -259.5 156 0 14.5 17.0 5.0 2.5 2 1 2 4 4
2302.7 -569.0 -284.3 149 0 6.6 11.1 5.0 0.0 0 1 2 3 3
4843.1 -2072.3 -322.2 94 0 15.6 17.0 2.5 2.5 2 1 1 4 4
4947.6 -2330.4 -293.9 112 0 4.7 11.3 7.5 2.5 4 1 3 5 5
5564.1 -2008.3 -311.2 92 0 12.2 11.9 5.0 2.5 2 0 2 5 5
-3632.0 -5408.2 319.8 118 0 5.6 11.0 7.5 2.5 2 1 3 0 0
6452.9 -8168.8 -252.0 322 0 8.9 11.2 5.0 2.5 2 1 2 2 2
6429.0 -8174.2 -251.8 241 0 14.2 12.6 2.5 2.5 2 0 1 4 4
6501.3 -8184.7 -252.9 294 0 18.1 25.0 7.5 2.5 2 1 3 0 0
6483.9 -8223.4 -252.4 140 0 12.2 11.4 5.0 2.5 2 0 2 5 5
6842.1 -8476.2 -265.6 212 0 7.9 12.6 7.5 0.0 0 1 3 4 4
6684.5 -8358.9 -255.6 107 0 10.9 11.9 5.0 2.5 2 1 2 3 3
6335.1 -8192.1 -249.2 57 0 10.6 14.9 7.5 2.5 2 1 3 1 1
6313.1 -8109.7 -244.6 314 0 6.8 4.8 5.0 2.5 2 0 2 3 3
6339.6 -8100.8 -246.8 226 0 7.5 27.7 7.5 2.5 2 1 3 2 2
6361.2 -8187.7 -250.1 322 0 16.8 12.0 5.0 0.0 0 0 2 1 1
6375.3 -8107.7 -247.8 134 0 9.6 16.2 7.5 2.5 2 1 3 0 0
6226.2 -7379.6 -166.6 307 0 6.7 18.5 5.0 2.5 2 1 2 2 2
6243.5 -7422.3 -167.8 47 0 5.5 11.4 5.0 2.5 2 1 2 4 4
6251.5 -7410.2 -162.8 43 0 6.1 10.3 2.5 2.5 2 1 1 2 2
4844.7 -5589.4 -112.8 287 0 7.2 15.4 7.5 2.5 2 1 3 3 3
4878.0 -5584.7 -106.8 302 0 9.9 13.9 7.5 2.5 2 1 3 0 0
4421.5 -5583.3 -174.0 39 0 8.6 7.6 2.5 2.5 2 0 1 5 5
2739.6 -4723.6 -101.5 60 0 6.5 5.7 5.0 2.5 2 0 2 1 1
-144.1 -1358.1 -278.2 39 0 19.2 18.2 7.5 2.5 2 0 3 0 0
-109.5 -1048.4 -285.1 287 0 9.8 14.6 5.0 2.5 2 1 2 1 1
9.8 -1172.0 -279.1 20 0 24.9 20.9 12.5 0.0 0 0 5 3 3
78.0 -1052.6 -279.4 195 0 17.0 13.5 2.5 2.5 2 0 1 3 3
89.9 -1036.5 -278.6 193 0 13.7 15.3 7.5 2.5 2 1 3 1 1
789.4 -782.5 -242.3 191 0 9.7 15.9 7.5 2.5 2 1 3 0 0
786.3 -629.8 -240.6 84 0 11.5 7.8 5.0 2.5 2 0 2 3 3
762.3 -636.8 -249.1 17 0 9.6 22.6 7.5 0.0 0 1 3 5 5
2628.6 -25.2 -294.3 66 0 14.9 17.0 12.5 2.5 2 1 5 5 5
2635.2 -45.0 -295.0 65 0 27.4 16.5 10.0 2.5 2 0 4 1 1
2926.6 -353.2 -327.6 33 0 11.5 16.7 5.0 0.0 0 1 2 3 3
2808.5 -396.2 -316.3 278 0 9.6 20.1 2.5 2.5 2 1 1 0 0
2414.0 -1720.9 -209.1 204 0 13.4 9.7 5.0 2.5 2 0 2 2 2
2387.3 -1744.0 -209.1 122 0 8.4 8.6 5.0 2.5 2 1 2 1 1
2338.8 -1816.1 -209.4 121 0 11.4 31.0 12.5 2.5 2 1 5 1 1
2299.1 -1807.9 -207.7 287 0 19.1 18.7 10.0 2.5 2 0 4 2 2
2305.6 -1896.7 -206.6 116 0 23.2 20.7 10.0 2.5 2 0 4 5 5
2257.6 -1886.9 -203.0 207 0 10.1 7.5 2.5 2.5 2 0 1 4 4
2265.1 -2073.3 -197.1 234 0 15.7 15.5 10.0 2.5 4 0 4 3 3
3954.5 -4134.1 -165.9 270 0 7.8 22.0 7.5 2.5 2 1 3 1 1
-2.2 -1275.2 -274.4 45 0 13.7 10.1 7.5 2.5 2 0 3 5 5
8.7 -1279.3 -273.2 215 0 22.1 16.9 12.5 2.5 4 0 5 3 3
63.5 -1203.3 -273.4 298 0 8.1 19.2 2.5 0.0 0 1 1 5 5
424.3 -1375.5 -239.4 95 0 13.4 6.4 5.0 2.5 2 0 2 0 0
342.0 -1772.2 -238.4 315 0 15.6 8.1 5.0 2.5 2 0 2 0 0
-4763.7 -367.0 -175.0 14 0 7.1 19.4 7.5 2.5 2 1 3 1 1
-6549.5 -999.0 -267.4 218 0 7.0 6.2 5.0 2.5 2 0 2 1 1
-6539.2 -986.5 -270.7 119 0 8.1 12.4 5.0 2.5 2 1 2 1 1
-6895.8 -1042.6 -259.4 261 0 13.7 15.9 5.0 2.5 2 1 2 5 5
-6670.2 838.6 -324.8 69 0 18.5 17.0 17.5 0.0 0 0 5 4 4
-6608.2 869.0 -325.6 36 0 20.9 14.2 3.5 3.5 2 0 1 4 4
-6592.6 889.5 -326.4 38 0 27.6 13.2 3.5 3.5 2 0 1 0 0
-6570.9 917.5 -328.1 38 0 40.2 14.8 3.5 3.5 2 0 1 3 3
-6512.5 1053.9 -331.4 257 0 26.7 21.0 3.5 3.5 2 0 1 3 3
-6497.9 1014.7 -329.8 12 0 16.8 31.3 3.5 3.5 2 1 1 2 2
-6454.3 884.0 -324.5 114 0 12.6 32.6 17.5 3.5 2 1 5 5 5
-6460.5 824.8 -322.2 113 0 39.2 24.6 14.0 0.0 0 0 4 3 3
-6453.0 -518.6 -301.0 216 0 51.8 37.4 10.0 0.0 0 0 4 0 0
-6407.3 -446.7 -299.1 262 0 14.4 22.9 12.5 2.5 2 1 5 5 5
-6393.3 -492.6 -301.4 46 0 15.5 6.5 5.0 2.5 2 0 2 4 4
-6375.8 -457.9 -300.4 21 0 17.9 13.8 5.0 2.5 2 0 2 5 5
-6936.1 -3290.2 -112.8 185 0 6.4 14.8 7.5 2.5 2 1 3 2 2
-6596.7 -4111.3 -155.8 59 0 15.5 37.9 12.5 2.5 2 1 5 5 5
-6814.9 -5088.3 -21.9 172 0 11.1 7.2 7.5 2.5 2 0 3 4 4
-285.9 -5777.0 21.2 106 0 9.1 12.4 7.5 2.5 2 1 3 0 0
-217.1 -5687.5 16.7 78 0 17.9 13.9 5.0 2.5 2 0 2 3 3
3.9 -5674.2 30.0 14 0 20.6 9.2 7.5 2.5 2 0 3 3 3
233.6 -5895.3 39.5 96 0 9.3 10.5 7.5 2.5 2 1 3 0 0
430.2 -7577.8 89.6 90 0 6.6 10.9 5.0 2.5 2 1 2 2 2
865.9 488.3 -287.2 20 0 8.1 55.0 7.5 2.5 2 1 3 3 3
1179.1 469.3 -294.8 0 0 10.2 9.0 2.5 0.0 0 0 1 4 4
1535.1 800.6 -320.5 200 0 4.5 17.2 7.5 2.5 2 1 3 5 5
1494.8 734.7 -317.3 33 0 7.2 5.0 2.5 2.5 2 0 1 3 3
1590.0 1009.4 -325.7 293 0 7.4 18.5 7.5 2.5 2 1 3 0 0
1551.8 1223.4 -330.4 162 0 12.1 22.3 15.0 0.0 0 1 6 0 0
1466.5 1309.8 -328.9 310 0 8.4 26.4 7.5 2.5 4 1 3 0 0
1444.4 1333.4 -328.9 307 0 11.0 29.1 12.5 0.0 0 1 5 2 2
1346.6 1318.2 -323.0 14 0 19.0 21.5 12.5 2.5 2 1 5 5 5
1256.2 1409.6 -323.0 256 0 21.2 13.3 12.5 2.5 2 0 5 2 2
1184.7 1484.4 -318.8 305 0 12.4 17.7 5.0 2.5 2 1 2 3 3
1043.8 1403.1 -303.8 269 0 13.2 19.6 10.0 0.0 0 1 4 3 3
1301.1 1220.6 -313.6 291 0 10.1 10.5 5.0 2.5 4 1 2 4 4
1509.2 1121.7 -325.2 282 0 8.8 9.4 7.5 2.5 2 1 3 1 1
1589.1 1186.2 -330.1 105 0 21.7 13.3 15.0 0.0 0 0 6 1 1
1684.0 891.2 -327.1 344 0 6.3 9.7 5.0 2.5 2 1 2 0 0
1709.5 876.3 -328.0 114 0 4.4 7.2 7.5 2.5 2 1 3 0 0
1692.3 924.4 -328.2 158 0 3.8 8.5 5.0 2.5 2 1 2 1 1
6653.8 -4360.7 -160.2 92 0 5.3 8.6 2.5 0.0 0 1 1 0 0
6652.2 -4481.3 -156.6 9 0 6.1 20.4 7.5 0.0 0 1 3 4 4
6583.8 -4543.9 -147.9 86 0 14.0 11.2 7.5 2.5 2 0 3 1 1
6622.2 -4614.9 -138.6 111 0 7.5 12.7 2.5 2.5 2 1 1 5 5
6916.1 -4692.7 -168.1 20 0 17.5 12.9 2.5 2.5 2 0 1 1 1
-1784.7 -4597.6 -194.3 119 0 25.3 18.8 10.0 2.5 2 0 4 3 3
-1800.4 -4537.5 -199.8 195 0 15.2 15.9 7.5 2.5 2 1 3 5 5
-1833.5 -4148.3 -220.9 62 0 8.1 7.7 5.0 2.5 2 0 2 4 4
-1775.5 -4113.8 -225.7 27 0 6.7 17.9 2.5 2.5 4 1 1 2 2
-1696.3 -3989.6 -236.3 281 0 11.1 19.5 5.0 0.0 0 1 2 4 4
-3737.6 1160.9 -326.9 95 0 12.4 50.4 10.0 2.5 2 1 4 2 2
-3666.2 1133.9 -325.6 257 0 13.4 11.1 10.0 2.5 2 0 4 3 3
-3524.4 1157.0 -326.4 351 0 8.4 22.2 7.5 2.5 2 1 3 0 0
-3185.1 872.0 -321.9 100 0 12.5 10.9 2.5 2.5 2 0 1 5 5
-3134.8 861.9 -321.9 103 0 18.7 12.6 10.0 2.5 2 0 4 1 1
-3110.9 874.6 -322.1 30 0 6.6 13.2 5.0 2.5 2 1 2 4 4
-3057.0 811.2 -318.5 280 0 11.7 30.4 10.0 2.5 2 1 4 3 3
-2524.2 710.1 -319.4 106 0 16.4 13.9 7.5 2.5 2 0 3 0 0
-2474.8 701.6 -318.8 196 0 11.5 10.9 7.5 2.5 2 0 3 4 4
-2394.5 596.2 -316.1 297 0 12.7 15.1 7.5 2.5 2 1 3 0 0
-2407.4 544.2 -314.6 203 0 16.8 19.9 12.5 0.0 0 1 5 1 1
267.2 810.9 -258.6 183 0 14.8 15.3 7.5 2.5 2 1 3 1 1
104.3 -50.1 -291.0 97 0 10.0 20.8 5.0 2.5 2 1 2 1 1
-28.9 -285.3 -283.8 214 0 15.4 30.5 10.0 2.5 4 1 4 2 2
-85.5 -303.0 -284.2 292 0 11.8 18.6 7.5 2.5 2 1 3 1 1
-112.1 -239.9 -286.2 210 0 27.4 19.0 10.0 2.5 2 0 4 5 5
-67.3 -256.4 -285.5 311 0 25.6 29.2 12.5 0.0 0 1 5 5 5
-50.8 -300.5 -284.0 124 0 30.3 13.7 7.5 2.5 2 0 3 3 3
14.4 -320.4 -283.1 62 0 15.4 16.9 2.5 2.5 2 1 1 0 0
37.1 -325.8 -282.9 229 0 14.4 39.5 10.0 2.5 2 1 4 2 2
64.5 -307.9 -282.8 221 0 36.1 25.1 12.5 0.0 0 0 5 0 0
-887.0 2313.5 -315.9 106 0 12.0 20.8 12.5 2.5 2 1 5 4 4
-1073.3 2417.8 -315.4 300 0 27.7 14.9 10.0 2.5 2 0 4 0 0
-1031.8 2336.2 -309.2 71 0 12.7 10.6 7.5 2.5 2 0 3 0 0
-989.9 2357.3 -315.1 32 0 13.6 15.0 7.5 2.5 2 1 3 4 4
-805.7 2137.8 -292.8 103 0 17.0 14.7 2.5 2.5 2 0 1 5 5
-215.7 2774.7 -317.7 332 0 11.5 15.8 7.5 2.5 4 1 3 2 2
1881.7 -646.9 -256.3 114 0 11.8 7.5 5.0 2.5 2 0 2 4 4
1069.3 -767.0 -209.1 194 0 10.2 10.6 7.5 2.5 2 1 3 4 4
1124.5 -902.6 -214.8 29 0 8.6 5.2 5.0 2.5 2 0 2 0 0
1140.4 -887.7 -214.2 21 0 7.8 11.4 5.0 2.5 2 1 2 2 2
1653.1 -3261.7 -151.3 96 0 11.0 12.9 7.5 0.0 0 1 3 1 1
1647.2 -3269.0 -150.9 191 0 5.1 6.9 2.5 2.5 2 1 1 2 2
148.9 -5491.3 43.2 75 0 5.9 9.8 5.0 2.5 2 1 2 1 1
-3002.0 1417.3 -329.0 286 0 10.7 27.4 7.5 2.5 2 0 3 3 3
-3028.7 1385.4 -329.0 105 0 23.3 10.5 5.0 2.5 2 0 2 1 1
-3554.9 768.3 -318.3 272 0 8.6 13.1 2.5 2.5 2 1 1 1 1
1152.7 -538.1 -177.2 18 0 18.4 8.8 2.5 0.0 0 0 1 5 5
-4586.5 836.3 -317.4 99 0 11.8 19.5 5.0 0.0 0 1 2 3 3
-5485.7 -320.9 -257.7 12 0 18.0 12.0 5.0 2.5 2 0 2 3 3
-5500.1 -287.4 -255.2 197 0 9.8 17.1 2.5 2.5 2 1 1 3 3
-5030.5 -3026.4 -178.7 39 0 8.5 4.0 7.5 2.5 2 0 3 1 1
-5562.1 -3700.0 -123.8 271 0 8.9 8.6 5.0 2.5 2 0 2 0 0
-5442.6 -3781.0 -106.0 1 0 5.8 11.3 5.0 2.5 4 1 2 1 1
-5343.6 -3664.5 -110.8 253 0 9.0 8.1 7.5 2.5 2 0 3 3 3
-5232.1 -3685.3 -102.3 11 0 5.6 9.2 5.0 2.5 2 1 2 4 4
-5251.1 -3557.5 -124.7 74 0 6.5 23.9 7.5 2.5 2 1 3 5 5
-5256.1 -3524.4 -128.8 319 0 17.0 15.4 2.5 0.0 0 0 1 5 5
-5271.7 -3469.4 -134.7 234 0 4.6 13.9 5.0 2.5 2 1 2 4 4
-5615.1 -4100.5 -83.6 19 0 8.5 4.5 5.0 2.5 2 0 2 0 0
-5604.4 -4079.2 -88.5 355 0 13.3 14.2 5.0 2.5 2 1 2 1 1
-5574.8 -4055.6 -88.2 219 0 7.2 10.0 7.5 2.5 2 1 3 5 5
-5587.4 -4070.6 -86.3 286 0 5.0 8.4 5.0 2.5 2 1 2 1 1
-5715.7 -4153.5 -80.6 273 0 8.8 6.9 7.5 0.0 0 0 3 4 4
-5792.9 -4119.6 -82.8 21 0 6.5 23.4 5.0 2.5 2 1 2 1 1
-5870.7 -4203.7 -67.2 206 0 3.9 14.4 2.5 2.5 2 1 1 0 0
-5004.6 -4174.3 -40.4 15 0 5.9 9.5 7.5 2.5 2 1 3 3 3
-4333.7 -3894.0 -111.8 95 0 14.1 10.8 5.0 2.5 2 0 2 4 4
-4256.9 -3989.6 -104.2 87 0 16.1 14.7 5.0 2.5 2 0 2 0 0
-4211.1 -3981.7 -104.3 82 0 11.2 9.6 5.0 2.5 2 0 2 4 4
-4218.7 -4040.7 -99.8 133 0 12.9 12.3 5.0 2.5 2 0 2 1 1
-3896.2 -3592.5 -166.0 119 0 9.1 9.4 2.5 2.5 4 1 1 1 1
-3834.9 -3606.4 -168.3 293 0 12.6 9.6 7.5 2.5 2 0 3 5 5
-3992.9 -3637.2 -157.2 147 0 5.5 8.8 2.5 2.5 2 1 1 3 3
-4006.7 -3777.5 -132.2 269 0 10.4 16.4 2.5 0.0 0 1 1 5 5
-4070.0 -4100.2 -89.3 231 0 17.7 23.9 12.5 2.5 2 1 5 2 2
-6758.5 656.5 -315.1 280 0 23.7 22.7 14.0 0.0 0 0 4 1 1
-6718.7 617.4 -314.2 8 0 17.6 28.5 14.0 3.5 2 1 4 2 2
-6635.8 636.9 -315.8 107 0 16.8 25.1 17.5 3.5 2 1 5 3 3
-6218.7 155.9 -289.2 324 0 15.0 15.3 14.0 3.5 2 1 4 0 0
-5948.7 -211.7 -304.7 305 0 6.5 14.9 7.5 2.5 2 1 3 3 3
-6113.5 -338.7 -305.3 209 0 13.3 6.9 7.5 2.5 2 0 3 0 0
-6168.6 -267.9 -306.5 208 0 12.3 14.6 7.5 2.5 2 1 3 2 2
-6601.4 -727.1 -296.6 32 0 15.6 10.0 2.5 2.5 2 0 1 3 3
-6915.5 -788.8 -259.2 129 0 7.1 5.7 7.5 2.5 2 0 3 0 0
-6868.9 -644.3 -250.5 281 0 13.6 20.0 15.0 0.0 0 1 6 1 1
-6844.8 -4243.8 -84.2 130 0 15.4 7.9 5.0 2.5 2 0 2 5 5
-6856.0 -4289.3 -72.1 270 0 6.4 18.5 7.5 2.5 2 1 3 5 5
-6598.0 -6711.4 325.8 349 0 27.4 9.1 5.0 2.5 2 0 2 2 2
-3802.6 -3777.1 -152.0 204 0 13.1 16.3 2.5 2.5 2 1 1 3 3
-3826.9 -3808.8 -144.4 124 0 10.8 9.3 5.0 2.5 4 0 2 3 3
-3735.6 -3879.7 -146.1 118 0 11.2 9.5 7.5 2.5 2 0 3 4 4
-3610.0 -4057.7 -128.5 109 0 8.4 10.3 7.5 2.5 2 1 3 1 1
-3513.1 -3983.1 -162.6 165 0 18.1 26.7 10.0 2.5 2 1 4 5 5
-3468.6 -3906.5 -174.9 117 0 11.5 12.5 2.5 2.5 2 1 1 1 1
-3391.3 -3773.7 -190.9 279 0 12.8 25.7 10.0 0.0 0 1 4 3 3
-3346.9 -3660.3 -203.2 110 0 8.0 10.4 5.0 2.5 2 1 2 4 4
-3199.4 -3267.8 -217.6 13 0 25.5 15.3 10.0 0.0 0 0 4 4 4
-3256.8 -3276.2 -217.2 96 0 20.8 11.7 7.5 2.5 4 0 3 3 3
-3223.8 -3245.5 -218.6 7 0 10.5 58.5 12.5 2.5 2 1 5 5 5
-3290.7 -3269.2 -217.8 95 0 10.8 21.8 7.5 2.5 2 1 3 5 5
-3209.6 -3206.1 -220.7 6 0 11.8 88.2 10.0 2.5 2 1 4 1 1
-3157.6 -3089.4 -207.2 258 0 14.5 30.6 10.0 2.5 2 1 4 1 1
-3140.1 -3139.7 -207.0 348 0 18.8 12.7 7.5 2.5 2 0 3 4 4
-3277.0 -3154.9 -222.4 272 0 19.2 9.0 7.5 2.5 2 0 3 4 4
-2581.6 -3335.4 -245.3 109 0 11.6 8.4 2.5 2.5 2 0 1 2 2
-1813.1 -3879.3 -238.0 104 0 9.2 14.2 7.5 2.5 4 1 3 3 3
-1824.1 -3832.4 -237.9 188 0 7.3 13.0 2.5 2.5 2 1 1 0 0
-1838.7 -3814.8 -237.8 180 0 26.5 8.5 7.5 2.5 2 0 3 3 3
-1725.4 -3910.7 -240.3 153 0 12.8 23.1 10.0 2.5 2 1 4 4 4
-1699.0 -4039.3 -234.0 98 0 6.8 11.5 5.0 2.5 2 1 2 0 0
-1630.2 -3853.3 -245.0 90 0 6.0 11.0 7.5 2.5 2 1 3 3 3
-1634.1 -3404.6 -260.8 295 0 10.8 18.6 2.5 2.5 2 1 1 0 0
-1565.7 -3486.3 -254.7 183 0 5.9 13.5 5.0 2.5 4 1 2 4 4
-1058.3 -3841.1 -230.5 32 0 25.9 37.7 12.5 0.0 0 1 5 0 0
-1705.3 -4071.6 -231.6 25 0 4.8 8.1 7.5 2.5 2 1 3 5 5
-1688.6 -4056.1 -233.8 230 0 12.0 7.7 5.0 2.5 2 0 2 1 1
-413.7 -5799.4 21.6 47 0 5.5 9.7 7.5 2.5 2 1 3 5 5
-432.3 -5746.3 12.4 197 0 6.0 8.8 2.5 2.5 2 1 1 0 0
-474.8 -5818.7 15.9 296 0 11.4 15.4 7.5 0.0 0 1 3 2 2
-578.0 -5896.9 28.1 191 0 23.4 12.1 7.5 2.5 4 0 3 2 2
-1071.4 -5922.4 48.8 332 0 8.7 7.2 2.5 2.5 2 0 1 3 3
1749.3 -10157.4 -142.7 170 0 6.5 11.6 2.5 2.5 2 1 1 2 2
4936.1 -9503.1 -216.4 356 0 12.0 9.8 5.0 2.5 2 0 2 3 3
-6063.7 1280.1 -334.1 204 0 15.9 18.0 10.5 3.5 2 1 3 5 5
-6044.8 1323.8 -334.1 204 0 10.6 14.1 10.5 3.5 2 1 3 2 2
-6016.3 1358.8 -333.4 114 0 15.5 7.4 10.5 3.5 2 0 3 2 2
-6018.2 1374.8 -333.4 204 0 9.4 15.6 10.5 3.5 2 1 3 4 4
-6011.1 1390.2 -332.7 204 0 8.5 18.6 10.5 3.5 4 1 3 4 4
-5995.4 1402.5 -331.5 293 0 19.7 12.1 10.5 0.0 0 0 3 2 2
-1052.2 715.8 -316.5 123 0 5.3 16.5 5.0 2.5 2 1 2 2 2
-1173.5 295.8 -314.2 305 0 5.2 8.1 7.5 2.5 2 1 3 3 3
-1800.0 621.8 -319.2 236 0 6.2 6.7 5.0 2.5 2 1 2 4 4
-1768.1 615.7 -319.4 319 0 10.8 10.0 5.0 2.5 2 0 2 3 3
-1706.0 1188.8 -322.2 305 0 5.9 16.1 5.0 2.5 2 1 2 3 3
-2159.6 1327.4 -326.4 264 0 13.9 13.1 10.0 2.5 2 0 4 5 5
-2460.1 1465.5 -327.6 116 0 6.3 21.2 7.5 2.5 4 1 3 4 4
-2331.6 1640.1 -328.0 117 0 10.3 17.6 2.5 2.5 2 1 1 5 5
-2135.2 1704.9 -327.6 45 0 14.4 18.9 10.0 2.5 2 1 4 4 4
-1396.6 2691.6 -314.9 243 0 8.4 10.6 5.0 2.5 2 1 2 5 5
-1434.0 2569.8 -308.8 307 0 8.9 7.9 7.5 2.5 2 0 3 4 4
-1261.8 2548.5 -324.2 116 0 11.9 21.8 10.0 2.5 2 1 4 4 4
-1245.9 2521.6 -323.1 126 0 24.2 13.6 10.0 2.5 2 0 4 5 5
-1197.9 2465.9 -319.1 287 0 15.4 24.0 12.5 2.5 2 1 5 4 4
-1181.6 2460.2 -318.4 286 0 14.5 8.3 5.0 2.5 2 0 2 1 1
-232.2 -200.1 -292.6 117 0 15.0 17.1 7.5 2.5 2 1 3 3 3
2077.6 -4118.9 -97.9 292 0 12.5 10.6 2.5 2.5 2 0 1 2 2
5650.2 -7018.9 -91.7 119 0 13.3 13.9 7.5 2.5 2 1 3 0 0
4885.6 -2496.8 -294.6 24 0 6.3 8.8 2.5 2.5 2 1 1 5 5
4845.9 -2558.8 -298.7 122 0 5.2 6.7 7.5 2.5 2 1 3 3 3
3256.3 -2056.5 -197.2 289 0 19.1 13.2 5.0 2.5 2 0 2 2 2
3200.5 -1983.7 -204.6 118 0 10.9 10.4 5.0 2.5 2 0 2 4 4
3005.1 -1991.6 -201.9 288 0 13.6 17.7 5.0 2.5 2 1 2 4 4
2978.4 -2001.7 -202.4 115 0 15.2 14.8 5.0 2.5 2 0 2 4 4
2496.8 -1955.5 -209.7 93 0 14.0 20.7 12.5 2.5 2 0 5 5 5
2451.8 -1967.1 -207.7 91 0 7.1 13.7 5.0 2.5 2 1 2 0 0
2470.4 -1961.1 -207.5 94 0 5.0 9.2 7.5 2.5 2 1 3 2 2
2340.4 -1936.9 -205.8 298 0 19.2 10.8 7.5 2.5 2 0 3 5 5
2328.0 -1887.9 -207.1 205 0 21.7 12.4 7.5 0.0 0 0 3 2 2
6831.0 -3351.3 -241.7 178 0 8.3 5.9 7.5 0.0 0 0 3 2 2
6733.0 -3360.7 -247.3 147 0 8.3 9.3 7.5 2.5 2 1 3 2 2
6665.1 -3421.9 -244.1 76 0 5.8 10.5 7.5 2.5 2 1 3 4 4
6550.6 -3033.9 -258.3 269 0 5.2 7.2 7.5 2.5 2 1 3 4 4
6550.4 -2566.6 -233.8 180 0 7.1 14.3 7.5 2.5 2 1 3 1 1
5676.8 -2025.6 -308.0 146 0 11.0 19.1 5.0 2.5 2 1 2 2 2
5620.3 -2015.0 -309.9 98 0 15.1 11.3 5.0 0.0 0 0 2 2 2
5626.9 -1959.7 -315.9 193 0 10.9 12.0 7.5 2.5 2 1 3 1 1
5611.0 -1974.6 -313.7 190 0 10.8 12.3 7.5 2.5 2 1 3 4 4
5502.7 -1949.7 -318.5 196 0 7.8 10.9 2.5 2.5 2 1 1 1 1
5437.1 -2097.6 -316.9 8 0 7.8 15.5 5.0 2.5 2 1 2 2 2
5456.9 -2054.9 -315.0 179 0 7.4 14.8 5.0 2.5 2 1 2 2 2
5322.3 -1958.5 -324.4 183 0 11.3 14.7 7.5 2.5 2 1 3 1 1
3480.9 -1027.4 -323.4 26 0 7.9 12.5 5.0 2.5 2 1 2 2 2
5345.7 -2030.7 -320.9 52 0 11.9 18.5 5.0 0.0 0 1 2 4 4
4150.3 -2557.4 -248.8 311 0 7.4 7.5 7.5 2.5 2 1 3 5 5
4103.7 -2438.6 -251.9 131 0 13.9 6.5 7.5 2.5 2 0 3 3 3
3965.3 -1903.8 -295.9 92 0 8.8 6.6 7.5 2.5 2 0 3 2 2
4017.5 -1633.5 -321.8 15 0 4.0 9.1 5.0 2.5 2 1 2 2 2
3881.3 -1599.6 -314.9 108 0 4.8 14.7 5.0 2.5 2 1 2 4 4
3881.2 -1441.3 -326.1 192 0 5.7 6.5 2.5 2.5 2 1 1 3 3
3888.3 -1451.8 -325.8 84 0 6.7 4.8 5.0 2.5 2 0 2 5 5
3739.9 -1330.8 -320.9 276 0 8.4 12.8 5.0 0.0 0 1 2 5 5
3706.5 -1271.0 -320.1 293 0 16.2 8.2 7.5 2.5 2 0 3 1 1
3642.2 -1326.5 -309.4 142 0 11.1 20.8 5.0 2.5 4 1 2 4 4
3635.0 -1334.2 -305.7 132 0 5.4 6.6 5.0 2.5 2 1 2 1 1
3569.4 -1293.5 -297.7 316 0 7.5 7.4 7.5 0.0 0 0 3 5 5
3419.3 -956.9 -319.1 108 0 8.1 10.8 5.0 2.5 2 1 2 2 2
3488.5 -1033.6 -323.3 325 0 9.7 7.8 7.5 2.5 2 0 3 1 1
3480.8 -1075.4 -321.4 60 0 10.8 15.0 7.5 2.5 4 1 3 5 5
3476.6 -1080.6 -320.2 331 0 13.8 11.6 7.5 2.5 2 0 3 5 5
3512.6 -1156.8 -301.8 317 0 4.8 13.8 7.5 2.5 2 1 3 2 2
3591.5 -1159.6 -311.9 55 0 8.8 10.6 7.5 2.5 4 1 3 5 5
3613.1 -1207.5 -313.6 174 0 10.2 24.1 7.5 2.5 2 1 3 4 4
3654.2 -1228.7 -314.2 335 0 20.1 6.6 5.0 2.5 2 0 2 4 4
3341.0 -1024.0 -308.8 219 0 9.8 13.6 2.5 2.5 2 1 1 2 2
3348.5 -1004.7 -309.1 196 0 21.5 8.2 5.0 2.5 2 0 2 1 1
3107.7 -842.6 -306.9 318 0 11.8 14.0 5.0 0.0 0 1 2 3 3
3080.6 -812.1 -310.2 152 0 15.0 14.4 5.0 2.5 2 0 2 4 4
3193.5 -864.7 -307.3 279 0 4.9 18.5 5.0 2.5 2 1 2 4 4
3069.9 -773.1 -312.9 237 0 10.7 8.6 7.5 2.5 2 0 3 1 1
3107.4 -736.6 -320.5 59 0 28.6 9.0 7.5 2.5 2 0 3 0 0
3016.4 -746.9 -314.2 181 0 6.4 20.4 5.0 2.5 2 1 2 5 5
3222.0 -665.7 -329.2 67 0 9.7 16.9 7.5 0.0 0 1 3 5 5
3251.3 -661.8 -330.9 108 0 5.0 9.5 7.5 2.5 2 1 3 2 2
3258.4 -700.3 -329.9 324 0 10.1 16.4 5.0 2.5 2 1 2 5 5
3275.3 -728.7 -327.2 326 0 7.2 12.2 5.0 2.5 2 1 2 1 1
3293.6 -859.6 -312.5 281 0 13.2 17.7 7.5 2.5 4 1 3 1 1
3061.2 -551.4 -325.7 40 0 13.1 15.8 2.5 0.0 0 1 1 4 4
3033.2 -530.7 -323.3 133 0 34.0 9.4 7.5 0.0 0 0 3 5 5
2688.3 -138.8 -291.7 291 0 9.8 12.2 7.5 2.5 2 1 3 2 2
1581.5 640.5 -313.8 187 0 6.4 10.8 5.0 2.5 4 1 2 1 1
1084.8 898.0 -304.1 96 0 9.9 25.0 7.5 0.0 0 1 3 5 5
-6453.7 -4578.2 -62.2 240 0 7.4 12.5 2.5 2.5 2 1 1 3 3
-6274.5 -4298.9 -75.0 107 0 7.4 10.9 2.5 2.5 4 1 1 2 2
-6255.7 -4585.1 -4.7 144 0 4.5 15.6 7.5 2.5 2 1 3 1 1
-1879.9 -7288.2 37.6 302 0 11.7 5.5 7.5 2.5 2 0 3 3 3
3735.4 -3602.5 -210.0 287 0 9.3 14.5 7.5 2.5 2 1 3 3 3
4572.8 -2158.0 -289.5 175 0 8.1 8.1 5.0 2.5 2 0 2 5 5
4612.4 -2131.4 -294.8 2 0 8.7 12.1 2.5 2.5 2 1 1 2 2
4409.1 -1978.8 -316.6 319 0 10.4 9.3 5.0 2.5 2 0 2 4 4
3839.2 -4149.6 -163.3 108 0 7.5 12.0 7.5 2.5 2 1 3 3 3
3860.3 -4164.3 -162.2 295 0 10.3 10.2 2.5 2.5 2 0 1 4 4
3836.6 -4231.6 -155.3 22 0 10.0 17.1 7.5 2.5 4 1 3 2 2
3915.8 -4279.7 -153.7 289 0 13.7 18.2 2.5 2.5 2 1 1 1 1
4010.5 -4298.0 -156.0 92 0 15.3 11.3 7.5 2.5 2 0 3 2 2
4009.0 -4319.7 -153.5 346 0 18.1 9.5 7.5 2.5 2 0 3 4 4
4020.1 -4349.0 -150.9 195 0 7.5 9.4 2.5 0.0 0 1 1 0 0
4471.3 -4503.6 -123.3 266 0 12.8 6.9 2.5 2.5 2 0 1 2 2
4575.5 -4409.3 -134.8 96 0 10.2 12.6 7.5 2.5 4 1 3 0 0
4602.5 -4386.0 -137.2 282 0 13.3 9.2 7.5 2.5 2 0 3 3 3
4646.9 -4438.6 -135.7 111 0 17.2 14.2 10.0 2.5 2 0 4 4 4
4661.3 -4402.3 -138.7 287 0 32.4 10.4 10.0 2.5 2 0 4 3 3
4719.1 -4482.0 -139.6 222 0 13.5 14.3 5.0 2.5 2 1 2 0 0
4679.2 -4467.3 -134.7 309 0 8.0 10.8 5.0 2.5 2 1 2 0 0
4842.7 -4496.2 -151.9 10 0 6.2 5.9 7.5 2.5 2 0 3 1 1
4820.5 -4415.7 -153.3 109 0 6.1 7.8 5.0 2.5 2 1 2 2 2
5999.5 -4182.1 -180.9 309 0 5.6 9.5 2.5 2.5 2 1 1 3 3
6003.3 -4053.0 -200.5 98 0 12.7 8.6 7.5 2.5 2 0 3 3 3
5912.2 -4070.1 -200.3 203 0 8.3 5.2 7.5 2.5 2 0 3 4 4
5902.2 -4052.6 -204.0 294 0 6.0 6.7 7.5 0.0 0 1 3 4 4
5890.6 -4017.2 -208.5 252 0 6.7 9.9 7.5 2.5 2 1 3 2 2
-1280.2 -2871.4 -275.9 164 0 37.2 174.5 12.5 0.0 0 1 5 4 4
-890.0 -3179.4 -249.3 132 0 38.5 14.0 10.0 2.5 2 0 4 4 4
-1219.3 -2100.7 -285.2 105 0 50.5 33.7 5.0 0.0 0 0 2 3 3
-1081.2 -1727.1 -292.0 203 0 38.2 54.8 12.5 0.0 0 1 5 1 1
-940.9 -1934.2 -286.5 26 0 51.4 34.1 12.5 0.0 0 0 5 2 2
-1203.2 -1910.3 -286.2 117 0 23.1 14.7 10.0 2.5 2 0 4 0 0
-1320.2 -1878.3 -287.2 29 0 24.6 15.4 15.0 0.0 0 0 6 3 3
-1346.3 -1904.2 -286.3 116 0 24.5 14.0 10.0 2.5 2 0 4 5 5
-1242.5 -1716.8 -291.7 119 0 15.9 11.9 5.0 2.5 2 0 2 3 3
-1180.9 -1686.4 -292.8 41 0 11.5 26.0 7.5 2.5 4 1 3 4 4
-1262.0 -1667.3 -294.0 224 0 14.8 12.9 7.5 2.5 2 0 3 0 0
-1251.7 -1692.3 -292.8 121 0 9.9 6.9 2.5 0.0 0 0 1 3 3
-980.8 -1774.3 -292.1 23 0 46.4 40.1 10.0 0.0 0 0 4 3 3
-1207.8 -1941.0 -285.4 27 0 13.6 22.8 7.5 2.5 2 1 3 3 3
-1222.4 -1968.4 -284.3 26 0 23.3 15.8 10.0 2.5 2 0 4 2 2
-1518.9 -864.8 -291.5 124 0 7.4 16.3 2.5 2.5 2 1 1 0 0
-1537.4 -867.6 -290.8 132 0 8.3 6.8 7.5 2.5 4 0 3 1 1
-1292.0 -1943.7 -285.9 116 0 15.8 47.2 7.5 2.5 2 1 3 1 1
-1266.8 -1944.7 -285.1 207 0 10.7 25.5 7.5 2.5 2 1 3 0 0
-1253.8 -1922.3 -285.5 206 0 21.2 14.9 10.0 0.0 0 0 4 2 2
-1287.7 -6341.2 13.6 233 0 7.9 11.9 7.5 2.5 2 1 3 0 0
-1398.2 -6475.1 21.3 32 0 5.5 5.7 7.5 2.5 2 1 3 0 0
479.9 -3894.9 -122.9 202 0 9.6 32.3 7.5 2.5 2 1 3 0 0
1338.9 -4359.9 -56.1 280 0 13.5 15.6 5.0 0.0 0 1 2 2 2
1129.4 -4270.8 -77.8 119 0 13.1 10.3 7.5 2.5 2 0 3 0 0
1160.3 -4153.1 -98.0 15 0 6.0 9.8 5.0 2.5 2 1 2 4 4
-80.2 -3074.7 -234.3 137 0 17.1 12.1 7.5 2.5 2 0 3 4 4
-133.3 -2986.0 -242.1 201 0 13.6 7.4 2.5 2.5 2 0 1 2 2
-128.0 -2913.5 -247.3 111 0 13.7 9.0 5.0 2.5 2 0 2 1 1
-146.9 -2907.4 -249.2 107 0 13.0 9.1 5.0 2.5 2 0 2 0 0
-151.3 -2810.7 -256.3 27 0 9.0 10.5 5.0 2.5 2 1 2 5 5
-301.9 -2324.3 -270.9 6 0 9.3 10.0 7.5 2.5 2 1 3 5 5
-380.4 -2511.7 -269.4 62 0 17.2 12.5 2.5 2.5 2 0 1 3 3
-411.4 -2539.8 -267.5 40 0 17.5 4.8 2.5 2.5 2 0 1 1 1
-401.7 -2469.2 -269.8 321 0 8.6 17.2 5.0 2.5 2 1 2 0 0
-326.9 -2537.9 -269.7 148 0 5.1 6.4 7.5 2.5 2 1 3 5 5
-291.0 -2628.5 -267.3 129 0 7.6 6.2 2.5 2.5 2 0 1 4 4
530.6 -2561.9 -211.1 165 0 19.3 12.2 5.0 2.5 2 0 2 0 0
597.7 -2539.5 -202.0 310 0 8.0 13.2 5.0 2.5 2 1 2 0 0
297.4 -1537.9 -242.6 14 0 11.6 10.5 7.5 2.5 4 0 3 0 0
525.2 -1214.0 -232.4 283 0 14.5 12.2 5.0 2.5 2 0 2 2 2
643.8 -996.9 -246.2 33 0 18.6 10.9 5.0 2.5 2 0 2 4 4
439.1 -1078.8 -255.6 123 0 9.4 12.2 7.5 2.5 2 1 3 5 5
416.1 -856.0 -259.7 305 0 12.1 16.6 7.5 0.0 0 1 3 2 2
458.6 -784.6 -257.2 202 0 12.2 17.8 10.0 2.5 2 1 4 2 2
507.0 -814.1 -255.2 22 0 12.8 12.7 2.5 2.5 2 0 1 3 3
524.3 -806.4 -254.3 212 0 11.6 8.5 7.5 2.5 2 0 3 1 1
624.2 -601.1 -257.8 110 0 11.5 18.7 5.0 2.5 2 1 2 1 1
649.8 -648.3 -254.6 193 0 8.6 15.5 5.0 2.5 2 1 2 1 1
3743.7 -9877.5 -189.0 135 0 8.9 13.5 5.0 2.5 2 1 2 4 4
3699.8 -9838.0 -191.3 166 0 10.9 9.1 7.5 0.0 0 0 3 4 4
1413.1 -8491.0 27.5 73 0 29.9 20.2 12.5 0.0 0 0 5 4 4
-310.8 -2418.7 -273.6 187 0 6.9 8.9 5.0 2.5 2 1 2 2 2
-260.0 -2487.4 -272.3 229 0 15.2 5.6 7.5 2.5 2 0 3 4 4
-294.4 -2411.9 -272.9 1 0 4.3 11.4 5.0 2.5 2 1 2 2 2
-549.9 -2585.3 -266.5 313 0 5.2 9.1 5.0 2.5 2 1 2 1 1
-608.0 -2572.5 -268.2 221 0 5.7 30.2 5.0 0.0 0 1 2 1 1
-273.5 -2738.1 -263.3 162 0 10.0 9.1 5.0 2.5 2 0 2 0 0
-321.3 -2180.7 -267.3 302 0 14.5 10.8 7.5 0.0 0 0 3 4 4
-422.0 -2798.7 -258.7 24 0 6.2 10.2 5.0 2.5 2 1 2 4 4
-584.3 -2383.0 -277.6 33 0 5.5 8.9 5.0 2.5 2 1 2 2 2
-314.1 -2401.8 -273.4 180 0 11.0 18.1 7.5 2.5 2 1 3 1 1
-356.4 -2818.3 -258.1 102 0 8.7 24.7 7.5 2.5 2 1 3 1 1
-599.7 -2569.6 -268.1 220 0 5.6 26.2 5.0 0.0 0 1 2 3 3
-262.3 -2388.3 -270.6 8 0 5.6 21.6 5.0 2.5 2 1 2 1 1
-382.7 -2795.8 -257.5 200 0 8.8 10.4 2.5 2.5 2 1 1 4 4
598.5 -10725.8 -195.4 88 0 7.2 15.3 7.5 0.0 0 1 3 4 4
-939.9 -238.7 -308.3 125 0 11.4 33.3 10.0 2.5 2 1 4 0 0
-1078.2 53.3 -311.6 114 0 28.7 17.4 10.0 0.0 0 0 4 1 1
-1259.7 -288.9 -306.3 189 0 6.4 14.7 7.5 0.0 0 1 3 0 0
-1121.8 21.6 -310.9 35 0 12.5 7.4 7.5 2.5 2 0 3 4 4
-1200.2 -315.3 -305.6 305 0 8.3 13.5 2.5 2.5 2 1 1 5 5
-1196.7 -152.5 -309.7 332 0 13.6 20.1 10.0 2.5 4 1 4 4 4
-1105.6 -242.3 -307.8 13 0 12.9 10.1 10.0 2.5 4 0 4 2 2
-1460.3 -127.5 -310.6 111 0 13.0 29.1 7.5 2.5 2 1 3 3 3
-1107.3 -229.4 -308.2 354 0 12.1 8.5 5.0 2.5 2 0 2 0 0
-1245.4 -182.3 -309.2 203 0 18.8 10.7 5.0 2.5 2 0 2 0 0
-1112.3 -180.1 -309.2 182 0 20.7 13.1 7.5 0.0 0 0 3 1 1
-890.3 -305.3 -307.3 307 0 10.4 9.3 7.5 2.5 2 0 3 3 3
-1537.8 38.9 -314.6 195 0 14.5 14.1 5.0 2.5 2 0 2 1 1
-1566.3 360.7 -317.2 195 0 7.5 13.0 2.5 2.5 2 1 1 1 1
-1044.3 30.1 -311.5 118 0 41.8 14.4 5.0 2.5 2 0 2 3 3
-1046.6 73.0 -311.6 293 0 13.2 6.6 5.0 2.5 2 0 2 4 4
-876.9 -307.8 -307.2 128 0 7.5 12.3 5.0 2.5 2 1 2 1 1
-1010.2 199.1 -312.8 300 0 45.2 16.3 7.5 2.5 2 0 3 1 1
3085.4 -4451.4 -127.3 226 0 9.7 4.5 5.0 2.5 4 0 2 1 1
3137.0 -4260.8 -122.7 96 0 5.8 5.2 2.5 0.0 0 0 1 2 2
3850.6 -4192.3 -160.2 33 0 11.8 6.1 7.5 2.5 2 0 3 0 0
3918.8 -4174.9 -163.5 97 0 9.3 8.9 5.0 2.5 2 0 2 0 0
3095.3 -4330.8 -122.4 5 0 4.7 7.7 7.5 2.5 2 1 3 1 1
3885.9 -4162.8 -163.3 118 0 4.2 7.3 2.5 0.0 0 1 1 5 5
3088.8 -4389.7 -125.6 265 0 3.9 9.9 2.5 2.5 2 1 1 2 2
3104.7 -4276.3 -120.1 269 0 3.5 8.8 7.5 2.5 2 1 3 3 3
3091.9 -4379.7 -125.6 90 0 4.7 14.3 7.5 2.5 2 1 3 4 4
3095.7 -4423.6 -127.5 278 0 6.1 6.7 5.0 2.5 2 1 2 4 4
3102.1 -4401.9 -127.5 2 0 17.5 8.1 5.0 2.5 2 0 2 3 3
3723.0 -4128.5 -169.0 310 0 13.1 8.8 7.5 2.5 2 0 3 3 3
3154.9 -4238.8 -123.9 330 0 13.5 5.7 7.5 2.5 2 0 3 1 1
3100.5 -4385.9 -127.1 272 0 4.8 6.3 7.5 2.5 4 1 3 1 1
3118.5 -4279.4 -122.2 280 0 6.8 7.9 7.5 2.5 2 1 3 0 0
3443.8 -4498.7 -132.8 302 0 10.5 6.1 5.0 2.5 2 0 2 0 0
3102.8 -4353.1 -125.2 1 0 6.1 9.2 7.5 2.5 2 1 3 3 3
3873.6 -4158.7 -163.1 105 0 6.8 5.7 5.0 2.5 2 0 2 5 5
-2887.0 1469.3 -330.2 109 0 13.5 25.0 7.5 2.5 4 1 3 3 3
-4560.7 662.0 -312.7 107 0 29.9 12.6 10.0 2.5 2 0 4 3 3
-3933.5 1670.7 -333.0 269 0 20.1 6.1 7.5 2.5 2 0 3 1 1
-4526.5 659.3 -312.3 105 0 19.8 11.1 7.5 2.5 2 0 3 5 5
-2972.8 1519.5 -331.4 182 0 12.1 12.2 10.0 2.5 2 1 4 3 3
-4283.9 1464.7 -330.9 94 0 13.9 14.1 5.0 2.5 2 1 2 4 4
-2828.3 1454.8 -329.9 109 0 12.9 26.4 10.0 2.5 2 1 4 3 3
-4652.2 806.8 -316.1 286 0 22.3 44.4 12.5 0.0 0 1 5 0 0
-2776.9 1371.5 -329.0 15 0 7.2 5.8 5.0 2.5 2 0 2 4 4
-2763.3 1406.6 -328.8 17 0 10.2 9.1 7.5 2.5 4 0 3 2 2
-4584.5 716.1 -313.9 105 0 24.2 8.2 7.5 2.5 2 0 3 1 1
-2798.1 1451.6 -329.5 108 0 14.8 18.2 7.5 2.5 2 1 3 5 5
-4574.2 695.8 -313.2 293 0 12.0 16.4 5.0 2.5 2 1 2 3 3
-4555.2 706.5 -313.6 101 0 9.2 19.7 7.5 2.5 2 1 3 3 3
-4497.4 1616.3 -332.2 189 0 7.0 8.2 7.5 2.5 2 1 3 4 4
-2963.5 1405.4 -329.1 291 0 7.3 13.3 5.0 2.5 2 1 2 2 2
-4373.7 1575.9 -332.6 12 0 12.1 11.3 5.0 2.5 2 0 2 2 2
-2773.9 1476.5 -330.1 106 0 13.6 15.8 2.5 2.5 2 1 1 0 0
-4743.2 310.6 -297.7 7 0 6.5 6.3 7.5 2.5 4 0 3 3 3
-2189.7 1682.6 -327.8 51 0 10.9 24.5 7.5 2.5 2 1 3 4 4
-2465.9 1906.0 -332.3 205 0 12.3 12.6 5.0 2.5 4 1 2 4 4
-2478.4 1467.7 -327.6 119 0 12.0 18.2 7.5 2.5 2 1 3 3 3
-2519.9 1607.6 -328.3 293 0 13.7 31.7 10.0 2.5 2 1 4 3 3
-1850.1 1629.8 -325.9 107 0 7.2 6.6 7.5 2.5 2 0 3 4 4
-2705.4 1614.0 -330.3 110 0 11.6 15.5 10.0 2.5 2 1 4 1 1
-2457.4 1922.5 -332.3 200 0 8.3 13.1 5.0 0.0 0 1 2 2 2
-1787.4 1616.5 -325.5 82 0 14.1 13.3 5.0 2.5 2 0 2 1 1
-2705.5 1544.8 -330.3 24 0 9.9 20.8 5.0 2.5 2 1 2 5 5
-2520.4 1755.2 -330.4 193 0 9.6 8.9 7.5 2.5 2 0 3 0 0
-2703.4 1585.5 -329.9 295 0 13.8 4.7 7.5 2.5 2 0 3 4 4
-2709.4 1531.3 -330.2 22 0 9.6 7.0 7.5 2.5 2 0 3 5 5
-1836.4 1420.1 -325.7 36 0 14.0 15.1 5.0 2.5 2 1 2 5 5
-2478.4 1723.1 -329.2 209 0 7.6 16.4 7.5 2.5 2 1 3 3 3
-2581.2 1536.4 -328.8 122 0 12.4 19.4 5.0 2.5 2 1 2 1 1
-2736.7 1592.2 -330.6 284 0 8.7 12.7 7.5 0.0 0 1 3 3 3
-2048.8 1839.7 -327.8 25 0 10.6 32.7 15.0 0.0 0 1 6 1 1
-2451.1 1555.0 -327.7 292 0 31.0 28.1 5.0 0.0 0 0 2 1 1
-2766.9 1641.0 -332.5 119 0 12.2 11.7 10.0 2.5 2 0 4 2 2
-1932.4 1779.1 -324.3 301 0 15.8 7.7 7.5 2.5 4 0 3 2 2
-2279.9 1659.0 -327.9 31 0 13.4 11.7 7.5 2.5 2 0 3 3 3
-2290.6 1573.9 -327.5 295 0 9.1 42.7 7.5 2.5 2 1 3 2 2
-1869.8 1482.2 -325.8 293 0 7.3 5.4 7.5 2.5 2 0 3 1 1
-2021.0 1777.4 -327.1 215 0 12.2 32.3 10.0 2.5 2 1 4 5 5
-2502.6 1564.6 -328.0 21 0 7.3 9.8 7.5 2.5 4 1 3 2 2
-1907.5 1661.9 -326.2 25 0 21.3 13.9 7.5 2.5 2 0 3 1 1
-2164.2 1683.1 -327.8 47 0 6.0 31.6 7.5 2.5 2 1 3 3 3
-2560.3 1565.9 -328.6 126 0 25.1 20.0 10.0 2.5 4 0 4 4 4
-1880.7 1683.5 -325.9 200 0 8.4 6.6 7.5 2.5 2 0 3 3 3
-2475.0 1838.0 -331.2 212 0 8.3 17.8 7.5 2.5 4 1 3 0 0
-2628.1 1579.3 -328.8 127 0 23.9 18.5 5.0 2.5 2 0 2 5 5
-2719.9 1587.6 -330.2 290 0 15.2 8.2 7.5 2.5 2 0 3 4 4
-2487.4 1697.3 -328.8 277 0 18.4 25.3 10.0 2.5 2 0 4 1 1
-2254.1 1705.9 -328.2 307 0 7.7 13.1 5.0 2.5 2 1 2 5 5
-2521.4 1531.9 -328.1 112 0 13.0 30.3 7.5 2.5 2 1 3 5 5
-1880.9 1665.3 -325.9 203 0 8.9 8.0 2.5 2.5 2 0 1 0 0
-1905.0 1717.8 -320.9 27 0 11.1 6.4 7.5 2.5 2 0 3 3 3
-2122.3 1712.8 -327.2 39 0 11.3 19.3 2.5 2.5 2 1 1 5 5
-2063.4 1794.0 -327.8 29 0 6.4 18.8 2.5 2.5 2 1 1 0 0
-2527.4 1787.9 -330.9 199 0 10.1 20.9 7.5 0.0 0 1 3 3 3
-2247.2 1695.6 -328.0 314 0 6.4 5.5 2.5 2.5 2 0 1 4 4
-2488.8 1662.1 -328.4 101 0 10.5 9.9 5.0 2.5 2 0 2 2 2
-2554.0 1512.8 -328.5 116 0 9.8 28.7 7.5 2.5 2 1 3 2 2
-2490.8 1774.5 -330.2 102 0 6.4 7.6 2.5 0.0 0 1 1 3 3
-2325.9 1613.8 -327.6 117 0 11.6 21.8 2.5 0.0 0 1 1 0 0
-2508.7 1734.1 -330.2 105 0 8.8 32.2 7.5 0.0 0 1 3 3 3
-2512.0 1626.0 -328.0 294 0 13.1 12.5 7.5 2.5 2 0 3 3 3
-2029.8 1792.6 -327.2 215 0 18.9 14.8 7.5 2.5 2 0 3 5 5
-2586.9 1698.9 -330.6 21 0 18.0 15.7 7.5 2.5 2 0 3 3 3
-2380.4 1658.4 -328.3 201 0 34.7 15.4 7.5 2.5 4 0 3 3 3
-2391.8 1664.9 -328.6 19 0 21.3 20.4 10.0 2.5 2 0 4 0 0
-2504.1 1371.1 -327.9 284 0 12.9 6.8 7.5 2.5 2 0 3 3 3
-2469.3 1619.7 -327.8 272 0 6.4 9.4 5.0 2.5 2 1 2 2 2
-2522.2 1296.4 -328.3 93 0 8.7 9.2 2.5 2.5 2 1 1 2 2
-2562.3 1384.7 -328.6 9 0 9.4 23.3 5.0 2.5 2 1 2 1 1
-2454.4 1331.7 -327.7 8 0 19.8 45.2 10.0 2.5 2 1 4 2 2
-2371.3 1682.5 -328.5 196 0 12.8 15.2 7.5 2.5 2 1 3 2 2
-2399.6 1779.4 -329.8 199 0 10.5 8.1 7.5 0.0 0 0 3 2 2
-2386.6 1257.6 -327.1 90 0 6.0 9.2 7.5 2.5 2 1 3 3 3
-2455.6 1378.6 -327.5 270 0 10.6 14.7 5.0 2.5 2 1 2 1 1
-2733.1 1114.5 -327.2 272 0 9.3 24.0 5.0 2.5 2 1 2 1 1
-2686.4 715.0 -318.8 287 0 11.5 12.9 5.0 2.5 2 1 2 1 1
-2980.4 964.1 -324.0 205 0 9.1 9.8 7.5 2.5 4 1 3 4 4
-2970.6 990.9 -324.5 94 0 10.1 7.6 7.5 2.5 2 0 3 5 5
-2794.9 741.8 -319.4 274 0 8.0 11.3 5.0 2.5 2 1 2 4 4
-3109.1 1026.0 -324.7 277 0 11.1 10.3 2.5 2.5 2 0 1 4 4
-2831.8 1140.3 -327.5 282 0 16.9 11.4 7.5 0.0 0 0 3 4 4
-2857.1 858.6 -322.2 96 0 12.8 14.5 7.5 2.5 2 1 3 1 1
-2742.6 737.9 -319.4 279 0 12.1 18.6 10.0 2.5 2 1 4 0 0
-2919.7 1007.8 -324.9 171 0 7.5 10.3 5.0 2.5 2 1 2 3 3
-2864.5 779.6 -320.7 95 0 9.3 17.1 5.0 2.5 2 1 2 2 2
-2839.5 778.5 -320.8 105 0 11.3 9.3 7.5 2.5 2 0 3 0 0
-2620.4 714.9 -319.3 284 0 9.6 23.0 5.0 2.5 2 1 2 1 1
-2909.2 1059.4 -326.0 184 0 20.7 10.8 7.5 0.0 0 0 3 0 0
-2913.0 1025.8 -325.2 179 0 6.8 8.2 7.5 2.5 2 1 3 5 5
-2818.3 1097.6 -327.1 107 0 14.7 20.4 10.0 2.5 2 1 4 1 1
-3567.3 793.9 -318.7 11 0 13.0 20.9 7.5 2.5 2 1 3 0 0
-3690.8 -2935.7 -220.6 87 0 12.6 20.5 10.0 2.5 2 1 4 4 4
-4205.7 906.9 -316.2 3 0 7.8 41.8 7.5 2.5 2 0 3 5 5
-3524.7 821.6 -319.6 282 0 9.0 17.1 7.5 2.5 2 1 3 4 4
-5397.7 -3368.1 -173.4 327 0 7.8 6.1 2.5 2.5 2 0 1 0 0
-4206.7 919.2 -316.5 6 0 9.8 40.5 7.5 0.0 0 1 3 2 2
-3914.8 -2895.6 -206.7 344 0 11.7 61.5 10.0 2.5 2 1 4 0 0
-4181.6 834.0 -314.0 271 0 13.6 15.2 5.0 2.5 2 1 2 4 4
-3837.3 873.2 -318.3 95 0 8.2 34.6 7.5 2.5 2 1 3 2 2
-4281.2 761.3 -312.4 269 0 13.9 10.4 7.5 2.5 4 0 3 3 3
-4170.5 646.9 -310.6 269 0 8.5 7.1 7.5 2.5 2 0 3 1 1
-3543.3 816.8 -319.6 196 0 13.1 9.4 5.0 2.5 2 0 2 2 2
-4455.4 -2876.2 -149.9 91 0 4.4 8.1 5.0 2.5 2 1 2 1 1
-4005.6 837.0 -314.1 89 0 15.2 14.2 7.5 2.5 2 0 3 3 3
-3726.3 -2912.5 -219.7 261 0 13.0 25.8 10.0 2.5 2 1 4 2 2
-3290.6 764.4 -319.5 257 0 8.8 13.1 7.5 2.5 2 1 3 1 1
-3459.7 771.8 -319.9 338 0 9.0 8.1 5.0 2.5 2 0 2 1 1
-3982.4 897.9 -315.7 273 0 11.3 13.6 10.0 2.5 2 1 4 3 3
-3997.0 160.3 -276.2 104 0 16.6 10.0 7.5 2.5 2 0 3 2 2
-3687.3 -2959.1 -220.2 85 0 13.9 21.2 7.5 2.5 2 1 3 1 1
-4075.6 892.1 -315.1 5 0 9.0 12.2 7.5 2.5 2 1 3 4 4
-4032.2 838.1 -313.8 100 0 10.4 11.6 2.5 2.5 2 1 1 0 0
-3739.3 -637.7 -222.9 111 0 7.1 22.9 7.5 2.5 2 1 3 1 1
-4246.5 936.7 -316.9 184 0 10.0 40.8 12.5 2.5 2 1 5 0 0
-3600.3 -2072.6 -159.0 23 0 18.9 12.5 5.0 2.5 2 0 2 4 4
-4234.4 656.7 -310.8 102 0 12.0 7.9 2.5 2.5 2 0 1 0 0
-3559.1 780.0 -318.5 0 0 6.0 10.8 2.5 2.5 2 1 1 4 4
-4552.9 249.2 -274.2 245 0 12.3 8.1 2.5 2.5 4 0 1 5 5
-4582.6 -2982.5 -170.6 261 0 9.7 8.2 2.5 0.0 0 0 1 5 5
-3739.2 -2968.5 -218.5 87 0 13.0 15.6 7.5 2.5 4 1 3 1 1
-4510.4 -3163.1 -181.0 223 0 5.2 6.4 5.0 2.5 2 1 2 2 2
-3476.8 794.5 -320.2 270 0 9.4 11.0 7.5 0.0 0 1 3 4 4
-3690.1 -2871.0 -215.9 271 0 10.2 9.4 5.0 2.5 2 0 2 3 3
-3715.9 -2968.6 -219.2 83 0 12.8 23.7 7.5 2.5 2 1 3 3 3
-3251.0 672.7 -309.7 271 0 16.0 11.5 5.0 0.0 0 0 2 1 1
-3661.9 -2868.3 -218.4 265 0 31.6 8.9 7.5 2.5 4 0 3 1 1
-3940.9 176.7 -282.1 188 0 13.3 19.4 12.5 2.5 2 1 5 0 0
-5611.5 -3220.0 -183.1 221 0 9.4 13.8 5.0 2.5 2 1 2 1 1
-3678.2 -638.1 -225.5 59 0 11.3 28.0 12.5 2.5 2 1 5 4 4
-4064.4 839.7 -313.8 107 0 8.5 10.2 7.5 0.0 0 1 3 5 5
-3849.5 819.3 -315.7 276 0 14.9 15.4 10.0 2.5 4 1 4 0 0
-3625.6 -2060.0 -158.8 109 0 6.7 17.5 7.5 2.5 2 1 3 0 0
-4044.4 1016.3 -319.5 190 0 21.6 10.2 7.5 2.5 2 0 3 0 0
-4206.4 897.4 -316.0 5 0 10.7 42.0 7.5 2.5 2 0 3 2 2
-4217.7 1011.3 -318.8 273 0 33.5 67.9 10.0 0.0 0 1 4 1 1
-4331.4 624.8 -309.9 277 0 9.5 6.9 5.0 2.5 2 0 2 4 4
-3463.9 -2420.4 -229.3 141 0 18.4 15.9 7.5 0.0 0 0 3 0 0
-3430.8 769.0 -320.6 342 0 24.9 25.0 10.0 2.5 2 0 4 3 3
-4297.5 623.6 -310.0 6 0 10.1 12.4 5.0 0.0 0 1 2 4 4
-4024.3 968.5 -318.0 183 0 16.4 13.0 7.5 2.5 4 0 3 2 2
-4477.4 393.1 -297.8 300 0 6.0 12.1 5.0 2.5 2 1 2 5 5
-4113.8 803.7 -312.8 90 0 12.7 5.1 7.5 2.5 2 0 3 1 1
-3463.7 737.3 -319.6 163 0 15.9 19.6 12.5 2.5 2 0 5 1 1
-4463.8 -3210.0 -181.0 108 0 5.1 6.1 5.0 2.5 2 1 2 4 4
-3274.3 680.5 -312.2 91 0 8.6 8.8 7.5 2.5 2 1 3 1 1
-3163.7 852.9 -321.3 292 0 6.0 6.8 5.0 2.5 4 1 2 1 1
-3911.0 824.2 -314.5 271 0 13.9 15.3 7.5 2.5 2 1 3 0 0
-4498.7 337.7 -291.1 46 0 13.1 14.7 2.5 2.5 2 1 1 2 2
-967.4 605.0 -315.6 130 0 7.6 7.6 2.5 2.5 2 1 1 1 1
-5751.6 1533.8 -328.1 156 0 16.7 13.8 14.0 3.5 2 0 4 2 2
-5892.9 1601.8 -332.3 90 0 15.0 16.2 10.0 2.5 2 1 4 4 4
-5719.7 1361.0 -320.7 14 0 50.7 10.6 14.0 3.5 2 0 4 0 0
-5974.5 1548.7 -331.0 338 0 30.1 17.2 12.5 2.5 2 0 5 4 4
-5735.4 1547.3 -328.3 160 0 18.4 15.2 14.0 3.5 2 0 4 4 4
-5877.2 1595.6 -332.5 93 0 10.9 21.9 7.5 0.0 0 1 3 0 0
-6059.3 1201.4 -329.7 40 0 8.4 11.5 10.5 3.5 2 1 3 3 3
-6083.7 1183.4 -330.1 55 0 8.8 7.4 10.5 3.5 2 0 3 1 1
-5726.6 1431.4 -322.7 291 0 13.4 24.9 14.0 3.5 4 1 4 1 1
-5848.6 1575.9 -330.3 178 0 9.9 7.7 7.5 2.5 2 0 3 0 0
-6106.6 1016.0 -322.7 22 0 13.6 23.6 14.0 3.5 2 1 4 3 3
-6687.0 1072.6 -334.7 158 0 34.8 29.5 3.5 0.0 0 0 1 1 1
-767.3 -3474.9 -241.3 197 0 15.7 18.6 10.0 2.5 2 1 4 1 1
-294.5 -3816.0 -172.1 252 0 7.4 10.1 7.5 2.5 2 1 3 1 1
-280.8 -3816.0 -171.6 333 0 8.6 6.6 7.5 2.5 2 0 3 4 4
-706.3 -3758.0 -232.3 14 0 9.1 38.5 7.5 0.0 0 1 3 2 2
-911.0 -303.5 -307.5 306 0 7.7 27.6 2.5 2.5 2 1 1 4 4
-992.8 -620.4 -305.7 214 0 12.2 4.8 7.5 2.5 2 0 3 2 2
-1366.5 -664.7 -298.1 208 0 14.3 19.0 10.0 2.5 4 1 4 3 3
-1501.1 -472.0 -300.5 204 0 8.4 10.8 5.0 2.5 2 1 2 1 1
-1613.4 -993.9 -285.4 25 0 9.7 43.7 7.5 2.5 4 1 3 3 3
-1001.9 -609.8 -305.6 223 0 11.3 4.5 7.5 2.5 2 0 3 1 1
-1695.7 -1035.4 -281.4 204 0 11.0 9.1 7.5 2.5 2 0 3 5 5
-1618.7 -929.8 -286.0 26 0 14.5 10.3 7.5 2.5 2 0 3 0 0
-1687.8 -1050.1 -281.4 114 0 6.4 8.2 5.0 2.5 2 1 2 5 5
-1529.9 -593.9 -297.5 213 0 14.2 14.5 5.0 0.0 0 1 2 1 1
-1627.8 -1024.0 -284.4 22 0 19.9 11.7 5.0 2.5 2 0 2 1 1
-907.1 -961.6 -299.1 13 0 17.6 7.2 5.0 2.5 2 0 2 5 5
-1283.6 -971.2 -300.2 127 0 11.8 18.7 2.5 2.5 2 1 1 4 4
-1694.0 -761.7 -295.0 21 0 22.6 19.2 10.0 2.5 2 0 4 0 0
-1404.0 -1100.2 -296.7 123 0 11.9 18.3 7.5 2.5 2 1 3 0 0
-1016.4 -619.2 -305.3 312 0 9.1 32.9 7.5 2.5 2 1 3 3 3
-869.9 -889.1 -300.8 20 0 7.5 5.5 5.0 2.5 2 0 2 1 1
-1608.6 -1024.1 -286.0 202 0 12.9 14.4 5.0 2.5 2 1 2 0 0
-1393.8 -729.8 -297.2 298 0 19.0 14.3 10.0 2.5 2 0 4 2 2
-1651.8 -624.4 -297.3 312 0 8.9 12.5 5.0 2.5 2 1 2 3 3
-1384.8 -385.4 -303.4 120 0 4.8 10.9 2.5 2.5 2 1 1 4 4
-1639.2 -1065.0 -283.6 20 0 12.0 10.6 7.5 2.5 2 0 3 3 3
-1203.3 -976.8 -302.6 318 0 8.0 9.2 7.5 2.5 2 1 3 5 5
-1689.2 -941.7 -284.8 192 0 15.8 10.0 10.0 2.5 2 0 4 3 3
-1381.8 -982.7 -296.5 328 0 11.0 9.1 5.0 2.5 2 0 2 4 4
-951.2 -849.7 -302.6 28 0 14.3 19.0 7.5 2.5 2 1 3 4 4
-1262.1 -1005.0 -301.0 41 0 13.1 15.0 7.5 2.5 2 1 3 5 5
-1671.5 -503.8 -300.1 219 0 13.3 12.3 2.5 2.5 2 0 1 3 3
-1471.6 -385.7 -302.8 208 0 12.5 12.1 10.0 2.5 4 0 4 4 4
-1550.3 -907.8 -290.2 220 0 8.8 17.9 7.5 2.5 2 1 3 3 3
-1574.7 -1088.3 -287.1 27 0 15.3 24.4 12.5 2.5 2 1 5 5 5
-1651.1 -1062.2 -282.9 19 0 9.2 11.4 5.0 2.5 2 1 2 4 4
-1230.2 -356.7 -304.8 60 0 6.3 8.9 5.0 2.5 4 1 2 2 2
-906.5 -523.5 -305.6 243 0 11.2 9.8 5.0 2.5 4 0 2 4 4
-1229.9 -818.2 -301.9 182 0 17.8 6.9 5.0 2.5 2 0 2 4 4
-1031.4 -650.3 -305.7 132 0 8.2 32.5 5.0 2.5 2 1 2 5 5
-1429.6 -969.2 -294.9 141 0 13.7 17.0 7.5 2.5 2 1 3 5 5
-1280.0 -1069.5 -300.6 198 0 6.2 5.2 7.5 2.5 2 0 3 3 3
-1566.4 -814.6 -289.6 345 0 18.0 14.1 5.0 2.5 2 0 2 2 2
-921.0 -772.5 -302.4 306 0 6.2 8.7 7.5 2.5 4 1 3 4 4
-1379.5 -654.7 -297.3 28 0 14.3 19.0 10.0 2.5 2 1 4 3 3
-1352.0 -891.7 -296.9 305 0 19.0 15.0 10.0 0.0 0 0 4 1 1
-1651.7 -968.0 -284.0 23 0 21.6 25.7 12.5 2.5 2 1 5 4 4
-952.8 -790.8 -302.7 213 0 20.3 7.0 2.5 2.5 2 0 1 3 3
-1718.4 -436.4 -304.2 39 0 13.3 15.5 2.5 2.5 2 1 1 1 1
-1400.1 -789.6 -296.2 28 0 14.3 19.0 10.0 2.5 2 1 4 0 0
-1721.1 -554.3 -299.4 19 0 10.9 11.0 5.0 2.5 2 1 2 1 1
-1497.9 -502.0 -300.1 54 0 9.0 16.3 2.5 0.0 0 1 1 0 0
-1120.8 -840.8 -304.6 132 0 7.0 10.7 7.5 2.5 2 1 3 4 4
-1408.3 -803.2 -295.7 28 0 14.3 19.0 10.0 2.5 2 1 4 2 2
-1425.0 -441.0 -301.5 30 0 4.5 11.0 7.5 0.0 0 1 3 2 2
-1710.1 -610.3 -298.4 206 0 11.2 13.8 10.0 2.5 2 1 4 0 0
-1645.4 -1080.2 -283.3 20 0 13.0 11.0 7.5 2.5 4 0 3 4 4
-1206.1 -431.6 -302.8 57 0 8.0 9.1 7.5 2.5 2 1 3 3 3
-1415.7 -1048.9 -295.8 306 0 14.4 18.4 12.5 2.5 2 1 5 3 3
-1433.6 -762.0 -295.9 208 0 14.3 19.0 10.0 2.5 2 1 4 3 3
-1467.7 -323.9 -304.9 202 0 14.1 19.1 7.5 2.5 2 1 3 2 2
-1624.0 -1028.0 -284.5 23 0 10.4 4.1 7.5 0.0 0 0 3 2 2
-1586.0 -971.7 -287.6 209 0 14.8 13.4 5.0 2.5 2 0 2 0 0
-1424.6 -394.0 -302.7 299 0 17.4 14.8 5.0 2.5 2 0 2 2 2
-1649.7 -1056.1 -283.1 35 0 8.2 6.7 5.0 2.5 2 0 2 3 3
-1228.0 -927.9 -301.4 317 0 8.0 12.0 2.5 2.5 2 1 1 1 1
-1696.3 -1089.0 -280.8 292 0 16.5 13.4 7.5 2.5 2 0 3 0 0
-1288.5 -490.0 -300.6 318 0 8.1 12.1 5.0 0.0 0 1 2 1 1
-1657.9 -1016.8 -283.1 22 0 14.4 17.4 10.0 2.5 2 1 4 3 3
-1321.5 -915.8 -297.8 303 0 8.0 10.8 5.0 2.5 2 1 2 5 5
-1724.0 -788.5 -294.1 182 0 19.7 13.7 15.0 0.0 0 0 6 1 1
-861.6 -346.5 -306.5 312 0 10.0 16.8 5.0 2.5 2 1 2 3 3
-1691.3 -916.0 -286.3 187 0 13.5 10.2 7.5 2.5 2 0 3 4 4
-1427.0 -748.0 -296.3 208 0 14.3 19.0 10.0 2.5 2 1 4 5 5
-1032.1 -904.7 -303.3 125 0 14.8 12.3 2.5 2.5 2 0 1 1 1
-1400.1 -776.7 -296.3 28 0 14.3 19.0 7.5 2.5 2 1 3 5 5
-1378.1 -778.8 -297.1 28 0 14.3 19.0 7.5 2.5 2 1 3 2 2
-1161.7 -566.8 -301.9 142 0 15.1 15.2 5.0 2.5 2 1 2 3 3
-888.4 -935.9 -300.0 19 0 11.9 10.4 10.0 2.5 2 0 4 1 1
-1708.9 -959.8 -284.3 187 0 21.5 11.8 12.5 2.5 2 0 5 1 1
-1522.8 -899.2 -291.1 314 0 10.0 8.6 7.5 2.5 2 0 3 0 0
-1259.7 -755.1 -301.0 197 0 14.9 13.7 7.5 0.0 0 0 3 1 1
-1539.3 -677.6 -294.8 152 0 15.8 12.1 5.0 2.5 2 0 2 3 3
-1436.1 -1009.3 -294.7 309 0 13.2 15.1 2.5 2.5 2 1 1 2 2
-1289.9 -1083.4 -300.5 206 0 15.0 8.5 7.5 2.5 2 0 3 3 3
-1368.8 -1076.6 -297.9 318 0 9.3 11.6 5.0 2.5 2 1 2 3 3
-1553.9 -644.8 -296.0 138 0 9.6 12.3 2.5 2.5 2 1 1 3 3
-1635.3 -533.8 -299.2 315 0 31.6 26.0 10.0 0.0 0 0 4 5 5
3847.6 -4231.0 -155.5 271 0 5.7 5.9 5.0 2.5 2 1 2 3 3
3925.2 -4182.3 -162.5 278 0 7.3 7.5 5.0 2.5 2 1 2 2 2
3983.2 -4306.0 -153.4 276 0 10.3 11.8 5.0 2.5 2 1 2 1 1
4049.8 -4192.8 -165.1 2 0 6.6 6.0 5.0 2.5 2 0 2 3 3
4001.5 -4212.4 -162.6 164 0 6.1 7.9 7.5 2.5 2 1 3 1 1
3934.7 -4245.3 -157.5 20 0 5.7 6.7 7.5 2.5 2 1 3 3 3
4062.0 -4206.7 -164.4 8 0 7.1 7.7 7.5 2.5 4 1 3 0 0
4061.6 -4147.1 -167.6 1 0 4.9 6.4 5.0 2.5 2 1 2 1 1
4073.1 -4153.2 -167.6 6 0 6.0 7.6 2.5 2.5 4 1 1 1 1
3935.3 -4188.2 -162.3 274 0 8.6 6.8 7.5 2.5 2 0 3 5 5
3956.4 -4249.6 -157.5 274 0 4.7 7.1 7.5 2.5 2 1 3 0 0
4014.9 -4136.1 -167.1 279 0 15.3 9.1 7.5 2.5 2 0 3 2 2
3862.0 -4247.4 -154.4 276 0 5.6 5.5 5.0 2.5 2 0 2 2 2
3795.2 -4153.0 -162.0 297 0 12.3 8.3 7.5 2.5 2 0 3 0 0
4070.0 -4175.2 -166.3 359 0 4.8 6.7 5.0 2.5 2 1 2 2 2
3905.7 -4177.0 -162.4 283 0 5.5 5.8 5.0 2.5 2 1 2 3 3
4055.5 -4234.6 -161.7 14 0 5.2 11.7 5.0 2.5 2 1 2 3 3
4050.7 -4269.8 -158.8 188 0 7.6 10.7 5.0 2.5 2 1 2 5 5
3971.2 -4118.1 -167.4 96 0 6.6 6.5 7.5 2.5 2 0 3 3 3
4032.8 -4096.3 -169.9 181 0 9.2 14.1 2.5 2.5 2 1 1 0 0
4040.0 -4116.6 -169.0 177 0 7.8 9.9 2.5 2.5 2 1 1 4 4
3999.1 -4441.7 -139.6 356 0 6.0 8.7 2.5 2.5 2 1 1 2 2
3986.6 -4122.2 -167.3 109 0 7.3 4.3 5.0 2.5 4 0 2 2 2
4025.9 -4202.2 -163.9 1 0 9.1 5.4 5.0 2.5 2 0 2 4 4
3952.6 -4229.7 -159.8 102 0 6.2 6.9 7.5 2.5 2 1 3 4 4
3212.5 -4216.6 -131.9 53 0 16.1 4.3 2.5 2.5 2 0 1 3 3
3950.8 -4242.1 -158.3 12 0 7.0 7.8 5.0 2.5 2 1 2 0 0
3977.9 -4182.3 -164.3 181 0 12.4 6.7 5.0 2.5 2 0 2 3 3
3972.6 -4289.3 -155.0 91 0 7.1 5.3 7.5 0.0 0 0 3 0 0
4069.5 -4181.8 -166.1 4 0 6.8 6.1 2.5 2.5 2 0 1 2 2
4014.5 -4241.3 -160.3 0 0 11.1 10.7 5.0 2.5 2 0 2 2 2
4052.6 -4246.6 -160.7 10 0 7.1 10.5 7.5 2.5 2 1 3 1 1
4029.1 -4226.2 -161.9 1 0 9.7 5.2 2.5 2.5 2 0 1 2 2
4048.1 -4135.4 -167.9 270 0 9.0 7.2 5.0 0.0 0 0 2 4 4
4015.9 -4256.6 -158.9 24 0 7.4 9.7 5.0 2.5 2 1 2 1 1
4038.9 -4289.8 -156.6 11 0 7.8 5.5 5.0 2.5 4 0 2 0 0
3978.7 -4118.2 -167.5 100 0 6.4 5.5 5.0 2.5 2 0 2 0 0
4087.8 -4253.2 -161.2 206 0 10.2 3.9 5.0 2.5 2 0 2 1 1
4038.2 -4119.2 -168.9 88 0 3.2 9.5 5.0 2.5 2 1 2 5 5
4054.2 -4110.3 -169.6 96 0 5.4 7.8 7.5 2.5 2 1 3 5 5
4027.4 -4190.8 -164.7 348 0 8.1 5.8 5.0 2.5 2 0 2 4 4
3999.0 -4280.8 -156.6 92 0 13.2 6.9 5.0 2.5 2 0 2 2 2
3999.2 -4178.2 -164.8 182 0 6.4 6.2 2.5 2.5 2 0 1 0 0
-3568.4 -3915.9 -164.7 28 0 20.1 8.6 5.0 2.5 2 0 2 0 0
-3582.2 -3961.7 -158.3 118 0 11.7 13.2 7.5 2.5 2 1 3 4 4
-3574.5 -3983.8 -151.5 296 0 12.9 11.9 5.0 2.5 2 0 2 1 1
-3645.6 -3946.5 -149.2 32 0 11.3 13.7 5.0 2.5 2 1 2 5 5
-3683.3 -3965.6 -139.0 286 0 11.2 13.3 10.0 2.5 2 1 4 4 4
-3607.5 -4096.4 -117.4 302 0 14.3 10.7 5.0 2.5 2 0 2 2 2
-3928.3 -4026.8 -106.3 70 0 13.0 11.8 7.5 2.5 2 0 3 0 0
-6929.8 -3686.7 -137.2 166 0 11.1 7.2 7.5 0.0 0 0 3 3 3
708.1 -3815.3 -140.0 2 0 4.9 12.6 5.0 2.5 4 1 2 3 3
765.2 -3893.5 -132.6 193 0 7.8 14.0 7.5 2.5 2 0 3 2 2
784.6 -3952.2 -127.5 99 0 5.9 13.1 7.5 2.5 4 1 3 4 4
156.5 -2391.7 -247.7 83 0 7.1 11.0 7.5 2.5 2 1 3 3 3
-43.3 -1244.4 -276.3 31 0 13.9 15.1 5.0 0.0 0 1 2 2 2
-2713.9 1371.2 -328.6 109 0 68.7 33.5 7.5 0.0 0 0 3 4 4
-5283.2 1498.7 -330.7 95 0 13.0 18.1 2.5 2.5 2 1 1 2 2
-5400.3 1563.1 -330.1 6 0 26.1 16.7 10.0 2.5 2 0 4 2 2
-1988.5 -10925.7 -219.5 83 0 7.1 21.2 5.0 2.5 2 1 2 2 2
-2054.9 -233.3 -286.9 71 0 12.6 30.2 7.5 2.5 2 1 3 0 0
-2667.5 497.9 -306.3 227 0 9.1 12.8 2.5 2.5 2 1 1 4 4
-1177.8 -708.0 -302.3 120 0 6.1 9.6 7.5 2.5 2 1 3 4 4
1570.5 -4347.1 -60.7 148 0 11.7 10.6 5.0 2.5 2 0 2 0 0
1648.0 -4439.8 -47.5 311 0 12.7 8.4 2.5 2.5 2 0 1 3 3
1551.8 -4292.1 -64.2 181 0 21.7 13.5 12.5 2.5 2 0 5 3 3
1528.2 -4335.6 -58.1 92 0 11.9 10.1 7.5 2.5 2 0 3 3 3
1752.7 -10134.9 -144.0 268 0 6.0 11.8 2.5 2.5 2 1 1 4 4
1785.1 -10116.5 -146.5 83 0 7.0 5.8 5.0 2.5 2 0 2 0 0
1755.8 -10127.3 -144.7 270 0 6.2 5.7 2.5 2.5 2 0 1 5 5
1705.6 -10189.3 -138.5 258 0 4.6 7.0 7.5 2.5 2 1 3 4 4
3497.0 -7915.1 -68.2 85 0 5.9 7.4 5.0 2.5 2 1 2 5 5
3030.5 -4955.5 -65.4 177 0 13.2 31.4 10.0 2.5 2 0 4 5 5
4420.0 -4566.4 -122.4 353 0 10.0 16.3 5.0 2.5 2 1 2 4 4
4791.6 -4085.9 -168.6 66 0 4.9 8.1 5.0 2.5 2 1 2 4 4
1802.8 -9973.1 -146.8 258 0 5.7 5.5 5.0 2.5 2 0 2 0 0
1670.3 -10185.7 -139.6 82 0 6.0 5.6 2.5 2.5 4 0 1 1 1
-6678.6 -395.7 -253.4 36 0 13.1 14.3 5.0 2.5 2 1 2 3 3
-5961.9 598.6 -308.2 277 0 12.6 44.5 14.0 3.5 2 1 4 2 2
-6252.4 759.5 -320.3 277 0 19.2 23.5 17.5 3.5 2 1 5 5 5
-6230.4 819.1 -319.8 6 0 23.1 13.3 14.0 3.5 2 0 4 5 5
-5553.6 1491.9 -323.8 357 0 15.4 18.0 10.0 0.0 0 1 4 3 3
-1133.2 -1227.9 -300.8 13 0 6.3 20.6 7.5 2.5 2 1 3 5 5
-1541.1 -2328.1 -277.7 311 0 23.7 8.7 7.5 2.5 2 0 3 5 5
-1603.0 -2254.3 -279.2 139 0 8.4 15.4 2.5 2.5 2 1 1 5 5
-1569.8 -2249.0 -280.0 44 0 9.5 20.9 7.5 2.5 2 1 3 2 2
-1615.5 -2167.2 -279.7 124 0 14.2 15.1 7.5 0.0 0 1 3 1 1
-1800.8 -1488.9 -286.2 134 0 17.7 13.1 5.0 2.5 2 0 2 1 1
-1707.7 -1370.1 -285.6 302 0 10.0 16.8 2.5 0.0 0 1 1 1 1
-1699.7 -1294.6 -284.2 289 0 9.9 28.9 5.0 2.5 2 1 2 0 0
-1333.9 -1178.1 -298.4 130 0 14.4 12.5 5.0 2.5 2 0 2 4 4
-1288.2 -1175.8 -300.1 310 0 12.5 18.9 2.5 2.5 2 1 1 3 3
-1170.9 -1254.0 -300.9 143 0 8.8 9.7 5.0 2.5 2 1 2 2 2
-1169.7 -1226.3 -301.4 106 0 10.6 10.8 2.5 2.5 2 1 1 3 3
-1229.4 -1114.1 -301.8 283 0 9.7 9.3 5.0 2.5 2 0 2 1 1
-1219.5 -1333.5 -300.5 138 0 19.0 18.9 5.0 2.5 2 0 2 0 0
-1156.0 -1349.9 -299.2 311 0 8.9 10.5 2.5 2.5 2 1 1 0 0
-893.2 -1118.4 -296.8 183 0 9.7 13.3 7.5 2.5 4 1 3 2 2
-923.8 -1185.7 -297.1 8 0 6.7 16.0 5.0 2.5 4 1 2 0 0
-924.1 -1146.6 -297.4 11 0 6.1 7.2 7.5 2.5 4 1 3 1 1
-910.5 -1178.1 -296.8 358 0 8.8 10.8 5.0 2.5 2 1 2 1 1
-881.1 -1247.6 -295.0 29 0 7.0 4.5 7.5 2.5 4 0 3 3 3
-907.4 -509.8 -305.7 243 0 16.9 8.5 5.0 0.0 0 0 2 4 4
-935.7 -525.6 -306.1 49 0 12.7 18.0 5.0 2.5 2 1 2 1 1
-853.9 -499.5 -305.4 38 0 8.4 10.2 7.5 2.5 4 1 3 3 3
-528.4 -226.6 -302.4 193 0 13.5 14.8 5.0 2.5 2 1 2 1 1
-513.4 -154.9 -303.5 195 0 17.5 16.1 7.5 2.5 2 0 3 3 3
-481.3 -77.3 -304.2 313 0 13.2 13.0 5.0 2.5 2 0 2 4 4
-458.2 -101.0 -303.0 291 0 10.4 20.9 5.0 2.5 4 1 2 4 4
-431.1 -162.9 -302.6 16 0 12.0 50.7 10.0 2.5 2 1 4 2 2
-437.7 -121.2 -301.9 294 0 11.3 15.3 5.0 2.5 2 1 2 1 1
-417.7 -128.3 -301.4 292 0 11.9 14.4 5.0 2.5 2 1 2 0 0
-395.3 -162.4 -299.2 215 0 13.1 15.9 5.0 2.5 2 1 2 0 0
-398.6 -146.3 -300.7 22 0 21.4 20.0 10.0 2.5 4 0 4 1 1
-390.0 -144.0 -299.6 197 0 15.3 16.2 2.5 2.5 2 1 1 0 0
-280.9 -210.5 -293.8 295 0 21.0 31.6 15.0 0.0 0 1 6 2 2
-156.7 -242.1 -289.1 118 0 24.5 33.0 12.5 2.5 2 1 5 5 5
-175.6 -228.3 -289.9 110 0 15.2 27.5 10.0 2.5 2 1 4 3 3
-194.6 -218.7 -290.3 111 0 15.3 16.1 5.0 2.5 4 1 2 0 0
-211.3 -211.7 -291.3 113 0 16.2 18.0 12.5 2.5 2 1 5 1 1
-6.5 -403.1 -283.6 339 0 22.2 11.4 10.0 2.5 2 0 4 3 3
2543.1 -2148.6 -184.5 282 0 6.5 17.1 7.5 2.5 2 1 3 1 1
2530.1 -2117.1 -186.4 83 0 5.8 8.3 5.0 2.5 2 1 2 5 5
2397.0 -2120.3 -195.6 293 0 5.9 9.6 2.5 2.5 2 1 1 3 3
2222.6 -2157.3 -187.1 359 0 9.0 15.9 5.0 0.0 0 1 2 0 0
1893.1 -2245.5 -169.5 26 0 13.5 9.5 5.0 2.5 2 0 2 0 0
1941.7 -1282.5 -212.7 49 0 7.4 16.6 5.0 2.5 2 1 2 5 5
1922.0 -1246.6 -209.8 138 0 7.5 5.2 5.0 2.5 2 0 2 3 3
2837.6 -190.2 -322.8 237 0 11.5 11.2 5.0 2.5 2 0 2 2 2
1387.5 801.8 -314.7 112 0 8.5 6.8 2.5 2.5 4 0 1 4 4
1427.6 845.1 -316.7 294 0 8.4 14.7 5.0 2.5 2 1 2 5 5
1384.1 1357.5 -326.8 291 0 11.2 20.8 5.0 2.5 2 1 2 2 2
1309.3 1375.3 -324.1 237 0 9.0 9.1 5.0 2.5 2 1 2 3 3
-6543.5 1083.7 -333.8 256 0 35.7 21.3 3.5 0.0 0 0 1 2 2
-6584.7 1062.6 -333.7 164 0 19.5 19.3 7.0 0.0 0 0 2 4 4
-986.8 2329.4 -311.5 246 0 16.8 30.6 12.5 2.5 2 1 5 4 4
-6463.9 1077.6 -333.7 63 0 20.0 23.1 3.5 3.5 2 0 1 4 4
-6503.6 1082.0 -333.8 347 0 21.5 18.3 3.5 3.5 2 0 1 5 5
-6482.4 1070.3 -333.7 75 0 18.9 25.0 3.5 3.5 2 0 1 2 2
-6489.2 1050.7 -331.3 168 0 14.0 10.2 3.5 3.5 2 0 1 5 5
-6441.7 1063.7 -331.8 49 0 4.1 9.8 3.5 3.5 2 0 1 5 5
-6431.2 1072.8 -332.4 51 0 9.4 10.3 3.5 3.5 2 0 1 2 2
-6450.4 1077.6 -333.0 139 0 12.8 16.2 3.5 3.5 2 0 1 4 4
-6458.8 1049.3 -331.6 50 0 19.7 11.4 3.5 3.5 2 0 1 1 1
-6711.6 1132.9 -336.4 162 0 16.2 28.8 17.5 3.5 2 0 5 5 5
-6734.6 1241.7 -336.5 249 0 14.1 20.6 3.5 3.5 2 0 1 5 5
-6717.9 1218.8 -336.4 337 0 13.8 16.1 3.5 3.5 2 0 1 5 5
-6724.9 1175.1 -336.4 68 0 7.4 9.6 3.5 3.5 2 0 1 4 4
-6705.4 1182.0 -336.4 67 0 12.1 10.4 3.5 3.5 2 0 1 4 4
-6404.5 1062.0 -331.4 0 0 14.9 13.4 3.5 3.5 4 0 1 5 5
-2736.5 -3676.8 -226.6 127 0 5.7 13.9 7.5 2.5 2 1 3 2 2
-2099.5 -2812.1 -260.1 289 0 9.0 15.6 2.5 2.5 2 1 1 4 4
-1762.6 -1254.8 -281.2 22 0 24.2 12.6 10.0 2.5 2 0 4 1 1
-1350.1 -2302.2 -283.5 113 0 6.0 10.0 5.0 0.0 0 1 2 1 1
-6331.1 1125.2 -333.9 168 0 14.0 14.4 17.5 3.5 2 1 5 0 0
2348.5 10200.0 -326.1 30 0 7.8 7.8 7.5 2.5 2 1 3 3 3
2341.7 10218.1 -325.5 209 0 7.6 7.4 5.0 2.5 2 0 2 3 3
2354.4 10211.1 -325.8 30 0 7.3 7.0 5.0 2.5 2 0 2 2 2
2359.7 10208.0 -326.1 30 0 7.3 6.1 5.0 2.5 2 0 2 2 2
2367.0 10220.8 -327.0 29 0 7.9 7.8 5.0 2.5 2 0 2 4 4
2374.0 10216.9 -327.4 29 0 7.7 8.0 5.0 2.5 2 0 2 2 2
2348.6 10227.6 -326.4 170 0 7.0 10.5 5.0 2.5 2 0 2 3 3
2347.4 10234.3 -326.5 170 0 6.7 10.5 5.0 2.5 2 0 2 5 5
2350.8 10242.2 -326.9 173 0 6.4 9.8 5.0 2.5 2 0 2 3 3
2370.1 10252.5 -328.4 174 0 6.8 7.8 5.0 2.5 2 0 2 0 0
2369.4 10259.3 -328.5 176 0 6.9 7.8 5.0 2.5 2 0 2 4 4
2372.8 10266.6 -328.9 176 0 6.0 7.5 5.0 2.5 2 0 2 2 2
2375.5 10286.0 -331.8 173 0 6.9 13.1 5.0 2.5 2 0 2 2 2
2400.1 10276.5 -331.0 258 0 8.8 7.0 5.0 2.5 2 0 2 0 0
2398.9 10282.4 -331.8 258 0 8.7 6.0 7.5 2.5 2 0 3 1 1
2399.3 10299.7 -334.4 347 0 7.2 11.4 7.5 2.5 2 0 3 4 4
2399.8 10296.3 -334.0 257 0 10.6 5.1 5.0 2.5 2 0 2 1 1
2415.1 10247.3 -331.3 94 0 7.5 7.1 5.0 2.5 2 0 2 1 1
2427.8 10247.2 -332.2 95 0 6.2 7.1 5.0 2.5 2 0 2 1 1
2442.8 10256.9 -333.6 94 0 6.8 7.6 5.0 2.5 2 0 2 3 3
2469.3 10254.8 -335.4 92 0 7.0 7.4 5.0 2.5 2 0 2 1 1
2461.8 10255.0 -334.9 92 0 8.0 7.4 5.0 2.5 2 0 2 0 0
2449.4 10257.9 -334.0 96 0 6.2 6.9 5.0 2.5 2 0 2 5 5
4511.2 9513.0 -293.5 21 0 10.1 16.7 5.0 0.0 0 1 2 4 4
2550.9 10268.2 -334.5 13 0 6.5 6.7 7.5 2.5 2 0 3 4 4
2549.5 10261.8 -333.8 13 0 6.6 6.7 2.5 2.5 2 0 1 2 2
2546.5 10249.0 -333.8 13 0 6.5 6.7 5.0 2.5 2 0 2 3 3
2545.0 10242.7 -333.8 13 0 6.5 6.7 5.0 2.5 2 0 2 5 5
2496.4 10178.3 -334.3 174 0 6.5 6.7 2.5 2.5 2 0 1 3 3
2494.3 10197.7 -334.9 174 0 6.5 6.7 7.5 2.5 2 0 3 3 3
2493.6 10204.2 -335.1 174 0 6.6 6.7 2.5 2.5 2 0 1 4 4
2558.7 10295.9 -337.4 13 0 6.6 6.7 5.0 2.5 2 0 2 2 2
2526.5 10284.0 -337.2 304 0 6.7 6.5 5.0 2.5 2 0 2 2 2
2522.9 10278.7 -336.8 305 0 6.7 6.6 5.0 2.5 2 0 2 0 0
2518.4 10229.9 -335.8 4 0 6.8 6.8 7.5 2.5 2 0 3 1 1
4150.1 9697.4 -308.3 206 0 9.5 12.1 7.5 0.0 0 1 3 1 1
4201.8 9731.9 -309.4 206 0 9.5 12.1 5.0 2.5 2 1 2 4 4
4178.4 9750.7 -310.6 206 0 9.5 12.1 5.0 2.5 2 1 2 3 3
4107.6 9693.1 -308.6 206 0 9.5 12.1 2.5 0.0 0 1 1 5 5
4114.1 9719.5 -310.2 26 0 9.5 12.1 5.0 2.5 2 1 2 0 0
4089.9 9739.7 -311.1 206 0 9.5 12.1 5.0 2.5 2 1 2 2 2
4125.1 9778.1 -312.6 206 0 9.5 12.1 2.5 2.5 2 1 1 0 0
4137.7 9792.4 -313.2 206 0 9.5 12.1 7.5 2.5 4 1 3 3 3
4208.8 9818.0 -314.0 26 0 9.5 12.1 7.5 2.5 2 1 3 3 3
4218.4 9834.3 -314.7 26 0 9.5 12.1 2.5 2.5 2 1 1 3 3
4203.4 9867.7 -316.2 206 0 9.5 12.1 2.5 2.5 2 1 1 1 1
4192.1 9853.3 -315.6 206 0 9.5 12.1 7.5 2.5 2 1 3 3 3
4156.5 9803.5 -313.9 116 0 12.1 9.5 5.0 2.5 2 0 2 3 3
4277.8 9843.7 -314.5 26 0 9.5 12.1 5.0 2.5 2 1 2 0 0
4259.7 9826.3 -313.5 206 0 9.5 12.1 5.0 2.5 2 1 2 2 2
4227.7 9819.4 -313.5 206 0 9.5 12.1 7.5 2.5 2 1 3 2 2
4244.0 9698.4 -307.6 128 0 12.2 9.5 5.0 0.0 0 0 2 0 0
4308.3 9628.3 -303.1 308 0 12.2 9.5 7.5 2.5 2 0 3 2 2
4327.3 9633.2 -303.4 128 0 12.2 9.5 5.0 2.5 2 0 2 1 1
4294.2 9665.4 -305.0 218 0 9.5 12.2 5.0 2.5 2 1 2 3 3
4256.2 9729.6 -309.0 128 0 12.2 9.5 7.5 2.5 4 0 3 3 3
4340.1 9662.5 -304.7 128 0 12.2 9.5 2.5 2.5 2 0 1 3 3
4282.4 9742.0 -309.3 128 0 12.2 9.5 5.0 2.5 2 0 2 4 4
4278.9 9782.4 -311.4 128 0 12.2 9.5 5.0 2.5 2 0 2 1 1
4294.6 9769.2 -310.6 128 0 12.2 9.5 5.0 2.5 2 0 2 3 3
4320.5 9756.8 -309.7 38 0 9.5 12.2 5.0 2.5 2 1 2 3 3
4330.3 9749.5 -308.8 218 0 9.5 12.2 2.5 2.5 2 1 1 1 1
4347.9 9727.0 -307.9 128 0 12.2 9.5 7.5 2.5 4 0 3 2 2
4364.9 9713.6 -306.9 128 0 12.1 9.5 5.0 2.5 2 0 2 1 1
4341.5 9764.1 -309.8 128 0 12.2 9.5 2.5 2.5 2 0 1 4 4
4358.4 9751.4 -308.9 128 0 12.2 9.5 5.0 2.5 2 0 2 1 1
4368.0 9780.7 -310.3 128 0 12.2 9.5 5.0 2.5 2 0 2 2 2
4395.8 9790.8 -310.3 128 0 12.2 9.5 7.5 2.5 2 0 3 1 1
4379.6 9803.5 -311.3 128 0 12.2 9.5 2.5 2.5 2 0 1 4 4
4325.2 9846.5 -314.1 128 0 12.2 9.5 7.5 2.5 2 0 3 2 2
4330.5 9781.8 -310.9 38 0 9.5 12.2 5.0 2.5 2 1 2 4 4
4461.8 9513.9 -293.9 201 0 10.1 16.7 7.5 2.5 4 1 3 3 3
4485.9 9547.6 -295.2 201 0 10.1 16.7 7.5 0.0 0 1 3 0 0
4540.3 9630.3 -298.1 201 0 10.1 16.7 7.5 0.0 0 1 3 0 0
4579.3 9619.3 -297.2 21 0 10.1 16.7 7.5 0.0 0 1 3 0 0
4591.7 9636.0 -297.7 21 0 10.1 16.7 5.0 0.0 0 1 2 0 0
4612.2 9680.9 -298.7 199 0 10.1 16.7 7.5 2.5 2 1 3 5 5
4645.7 9660.7 -297.5 19 0 10.1 16.7 7.5 0.0 0 1 3 0 0
4663.7 9680.3 -298.0 19 0 10.1 16.7 7.5 2.5 2 1 3 1 1
4658.9 9745.6 -300.8 199 0 10.1 16.7 7.5 2.5 2 1 3 4 4
4694.3 9722.9 -299.3 19 0 10.1 16.7 7.5 2.5 2 1 3 3 3
4572.0 10240.3 -324.1 164 0 11.9 14.2 5.0 2.5 4 1 2 3 3
4579.0 10269.7 -324.9 254 0 14.2 11.9 5.0 2.5 2 0 2 0 0
4636.6 10252.7 -321.2 74 0 14.2 11.9 5.0 2.5 2 0 2 5 5
4636.0 10287.3 -321.5 254 0 14.2 11.9 5.0 2.5 2 0 2 5 5
4558.4 10282.8 -326.3 164 0 11.9 14.2 5.0 2.5 2 1 2 1 1
4553.2 10301.3 -327.1 164 0 11.9 14.2 5.0 0.0 0 1 2 0 0
4571.7 10314.8 -326.7 215 0 11.9 14.3 7.5 2.5 2 1 3 0 0
4877.0 10338.7 -318.1 173 0 11.9 13.4 7.5 2.5 2 1 3 3 3
4875.5 10410.1 -322.6 263 0 13.4 11.9 5.0 2.5 2 0 2 1 1
4858.5 10401.8 -322.3 353 0 11.9 13.4 2.5 0.0 0 1 1 0 0
4861.0 10382.0 -320.6 353 0 11.9 13.4 10.0 2.5 2 1 4 1 1
4857.1 10296.4 -316.3 173 0 11.9 13.4 2.5 2.5 2 1 1 2 2
4838.0 10379.3 -321.1 353 0 11.9 13.4 5.0 2.5 2 1 2 2 2
4834.1 10293.7 -317.1 173 0 11.9 13.4 7.5 2.5 2 1 3 5 5
4791.2 10394.2 -322.8 173 0 11.9 13.4 7.5 2.5 2 1 3 5 5
4787.1 10471.4 -331.9 83 0 13.4 11.9 5.0 2.5 2 0 2 5 5
4777.7 10495.9 -332.8 173 0 11.9 13.4 7.5 2.5 2 1 3 2 2
4789.6 10460.5 -329.1 263 0 13.4 11.9 5.0 2.5 2 0 2 5 5
4779.8 10429.9 -326.9 83 0 13.4 11.9 10.0 2.5 2 0 4 4 4
4765.3 10456.3 -328.8 263 0 13.4 11.9 2.5 2.5 2 0 1 0 0
4768.3 10410.7 -324.7 83 0 13.4 11.9 5.0 2.5 2 0 2 0 0
4752.0 10430.4 -326.7 166 0 11.9 13.4 7.5 2.5 2 1 3 1 1
4765.7 10356.9 -321.4 258 0 13.4 11.9 7.5 2.5 2 0 3 2 2
4766.9 10470.0 -331.8 83 0 13.4 11.9 7.5 2.5 2 0 3 2 2
4740.6 10472.1 -331.6 173 0 11.9 13.4 10.0 2.5 4 1 4 0 0
4748.9 10494.7 -332.7 49 0 11.9 13.5 2.5 2.5 4 1 1 0 0
4766.3 10509.6 -332.8 319 0 13.5 11.9 5.0 2.5 2 0 2 4 4
4694.8 10421.8 -326.9 151 0 11.9 13.4 7.5 2.5 2 1 3 0 0
4711.8 10388.3 -324.7 151 0 11.9 13.4 7.5 2.5 2 1 3 0 0
4735.9 10442.9 -328.7 151 0 11.9 13.4 7.5 2.5 2 1 3 4 4
4741.1 10397.8 -324.7 61 0 13.4 11.9 7.5 0.0 0 0 3 0 0
4723.7 10367.7 -323.3 151 0 11.9 13.4 5.0 2.5 2 1 2 1 1
4743.9 10359.0 -322.4 331 0 11.9 13.4 7.5 2.5 2 1 3 1 1
4743.5 10337.2 -321.3 151 0 11.9 13.4 5.0 2.5 2 1 2 3 3
4664.3 10520.8 -332.3 256 0 13.4 11.9 10.0 0.0 0 0 4 3 3
4689.3 10501.2 -332.4 77 0 14.1 18.7 10.0 2.5 2 1 4 0 0
3001.1 10103.7 -324.9 65 0 14.2 13.4 5.0 2.5 2 0 2 2 2
3017.4 10147.1 -326.4 155 0 13.4 14.2 5.0 0.0 0 1 2 4 4
3000.7 10186.7 -328.7 155 0 13.4 14.2 5.0 2.5 2 1 2 2 2
3039.9 10124.1 -325.1 65 0 14.2 13.4 7.5 0.0 0 0 3 4 4
3076.1 10153.4 -325.8 335 0 13.4 14.2 5.0 2.5 2 1 2 4 4
3049.5 10215.1 -329.4 335 0 13.4 14.2 5.0 2.5 2 1 2 0 0
3070.3 10202.3 -328.6 155 0 13.4 14.2 5.0 2.5 4 1 2 4 4
3111.9 10252.0 -329.8 337 0 13.4 14.2 5.0 2.5 2 1 2 2 2
3121.4 10230.1 -329.3 337 0 13.4 14.2 5.0 0.0 0 1 2 1 1
3138.7 10184.0 -326.6 337 0 13.4 14.2 5.0 0.0 0 1 2 0 0
3121.5 10136.3 -324.0 247 0 14.2 13.4 5.0 2.5 2 0 2 3 3
3093.9 10066.5 -321.3 62 0 14.2 13.4 2.5 2.5 2 0 1 4 4
3049.9 10098.9 -322.9 242 0 14.2 13.4 10.0 2.5 4 0 4 2 2
3071.4 10110.7 -323.3 242 0 14.2 13.4 7.5 2.5 2 0 3 1 1
3087.8 10159.9 -326.2 156 0 18.3 9.8 2.5 2.5 2 0 1 5 5
2499.1 10234.3 -336.7 90 0 7.0 17.6 7.5 2.5 2 1 3 5 5
2437.1 9506.5 -329.6 273 0 16.0 13.7 10.0 2.5 2 0 4 4 4
2242.2 10017.2 -337.6 177 0 19.7 20.8 5.0 2.5 4 1 2 0 0
2195.8 10005.6 -338.9 84 0 39.0 28.2 12.5 0.0 0 0 5 3 3
2166.8 10001.8 -339.4 354 0 10.0 36.6 7.5 2.5 2 0 3 4 4
2346.9 9831.9 -336.3 23 0 11.4 11.8 7.5 2.5 2 1 3 1 1
2344.4 9848.8 -336.4 23 0 11.4 11.8 5.0 2.5 2 1 2 5 5
2344.8 9865.1 -336.2 23 0 11.4 11.8 7.5 2.5 2 1 3 2 2
2329.3 9839.7 -336.7 23 0 11.4 11.8 5.0 2.5 2 1 2 0 0
2307.2 9873.1 -336.8 293 0 11.8 11.4 7.5 2.5 2 0 3 3 3
2309.7 9855.7 -336.9 293 0 11.8 11.4 5.0 2.5 2 0 2 2 2
2288.3 9820.0 -337.2 113 0 11.8 11.4 10.0 2.5 2 0 4 5 5
2271.6 9843.7 -337.4 113 0 11.8 11.4 5.0 2.5 2 0 2 1 1
2271.3 9811.6 -337.5 113 0 11.8 11.4 7.5 2.5 2 0 3 5 5
2255.8 9879.5 -337.9 293 0 11.8 11.4 10.0 2.5 2 0 4 3 3
2253.3 9851.8 -337.8 113 0 11.8 11.4 5.0 2.5 2 0 2 3 3
2253.3 9836.0 -337.8 113 0 11.8 11.4 7.5 2.5 2 0 3 2 2
2185.3 9827.5 -339.2 113 0 11.8 11.4 2.5 2.5 2 0 1 4 4
2194.4 9811.1 -339.0 113 0 11.8 11.4 2.5 2.5 2 0 1 2 2
2201.3 9827.8 -338.8 113 0 11.8 11.4 2.5 2.5 2 0 1 2 2
2217.7 9829.6 -338.5 113 0 11.8 11.4 7.5 2.5 2 0 3 5 5
2227.3 9811.5 -338.4 113 0 11.8 11.4 7.5 2.5 2 0 3 5 5
2172.9 9852.4 -339.4 203 0 11.4 11.8 5.0 2.5 2 1 2 3 3
2146.7 9827.9 -339.9 203 0 11.4 11.8 10.0 2.5 4 1 4 3 3
2153.9 9845.0 -339.8 203 0 11.4 11.8 2.5 2.5 2 1 1 1 1
2133.1 9813.4 -340.1 204 0 7.9 7.3 7.5 2.5 4 0 3 2 2
2140.1 9846.9 -340.0 204 0 7.8 7.3 5.0 2.5 2 0 2 5 5
2147.9 9861.2 -339.9 204 0 7.8 7.3 7.5 0.0 0 0 3 2 2
2153.6 9876.9 -339.8 204 0 7.8 7.3 5.0 2.5 2 0 2 1 1
2603.4 9532.6 -321.3 6 0 6.7 8.6 7.5 2.5 2 1 3 1 1
2563.4 9534.1 -319.7 241 0 5.1 6.3 2.5 2.5 2 1 1 3 3
2634.5 9556.8 -322.5 63 0 4.4 7.3 5.0 2.5 2 1 2 1 1
2698.4 10157.8 -329.3 89 0 13.8 10.5 7.5 2.5 2 0 3 5 5
2676.7 10164.4 -329.7 180 0 6.1 11.3 5.0 2.5 2 1 2 1 1
2719.2 10165.4 -328.4 0 0 8.7 11.7 7.5 2.5 2 1 3 0 0
2724.7 9643.3 -320.8 78 0 10.0 9.1 5.0 2.5 2 0 2 0 0
2770.4 9654.7 -321.9 78 0 10.0 9.1 5.0 2.5 2 0 2 0 0
2761.0 9587.3 -326.6 299 0 7.5 18.7 5.0 2.5 2 1 2 4 4
2834.5 9616.1 -327.0 89 0 14.5 6.2 7.5 2.5 2 0 3 0 0
2866.0 9641.6 -325.9 239 0 10.1 8.0 2.5 2.5 2 0 1 1 1
2889.8 9507.4 -335.8 7 0 12.4 13.3 5.0 2.5 2 0 2 0 0
2802.7 9512.7 -334.1 173 0 13.9 11.5 10.0 2.5 2 0 4 3 3
2929.8 9708.6 -320.4 349 0 7.3 9.9 7.5 0.0 0 1 3 1 1
3101.6 9714.3 -320.6 345 0 7.5 7.6 2.5 2.5 2 1 1 1 1
3496.8 10582.8 -328.4 72 0 6.6 5.7 7.5 0.0 0 0 3 5 5
3471.1 10859.8 -315.3 76 0 9.3 13.8 7.5 0.0 0 1 3 0 0
3497.2 10896.7 -314.7 76 0 9.3 13.8 5.0 2.5 2 1 2 2 2
3500.2 10855.4 -314.0 35 0 9.3 13.8 7.5 2.5 2 1 3 2 2
3482.9 10829.9 -314.4 35 0 9.3 13.8 2.5 2.5 2 1 1 5 5
3479.5 10811.6 -314.4 215 0 9.3 13.8 7.5 2.5 2 1 3 2 2
3510.7 10820.6 -313.8 215 0 9.3 13.8 5.0 2.5 2 1 2 4 4
3528.8 10811.2 -314.4 215 0 9.3 13.8 2.5 2.5 2 1 1 1 1
3541.2 10834.5 -312.2 125 0 13.8 9.3 5.0 2.5 2 0 2 5 5
3528.6 10893.4 -312.9 152 0 13.8 9.3 2.5 0.0 0 0 1 3 3
3512.0 10903.3 -314.0 95 0 13.8 9.3 7.5 2.5 2 0 3 3 3
3532.1 10853.4 -312.0 155 0 13.8 9.3 7.5 2.5 2 0 3 3 3
3671.1 10908.0 -307.8 273 0 8.7 12.7 2.5 2.5 4 1 1 0 0
3700.9 10933.8 -307.0 13 0 12.7 8.7 5.0 2.5 4 0 2 5 5
3639.7 10933.1 -308.8 20 0 12.7 8.7 7.5 2.5 2 0 3 5 5
3711.6 10879.3 -308.3 126 0 12.7 8.7 2.5 2.5 2 0 1 5 5
3738.4 10895.1 -307.9 59 0 8.7 12.7 7.5 2.5 2 1 3 4 4
3729.6 10925.1 -307.3 239 0 8.7 12.7 7.5 2.5 2 1 3 5 5
3703.3 10908.7 -307.1 217 0 8.7 12.7 2.5 0.0 0 1 1 4 4
3700.0 10859.2 -310.5 354 0 8.7 12.7 7.5 2.5 2 1 3 2 2
3806.8 10933.4 -310.0 59 0 8.7 12.7 5.0 2.5 2 1 2 5 5
3773.9 10907.1 -309.0 27 0 8.7 12.7 7.5 2.5 2 1 3 1 1
3792.7 10910.1 -309.7 27 0 8.7 12.7 7.5 2.5 2 1 3 3 3
3808.5 10915.1 -310.2 27 0 8.7 12.7 7.5 2.5 2 1 3 5 5
3824.0 10921.5 -310.7 27 0 8.7 12.7 7.5 2.5 2 1 3 0 0
3825.4 10933.6 -311.0 207 0 8.7 12.7 2.5 2.5 2 1 1 2 2
3842.1 10934.0 -311.9 117 0 12.7 8.7 7.5 2.5 4 0 3 1 1
4068.6 10631.1 -328.0 356 0 10.6 7.2 7.5 2.5 2 0 3 3 3
4098.9 10593.2 -328.6 273 0 10.0 4.4 5.0 2.5 2 0 2 1 1
3999.8 10615.1 -326.4 171 0 4.7 8.3 7.5 2.5 2 1 3 2 2
3990.3 10623.0 -325.8 163 0 4.9 8.3 5.0 2.5 2 1 2 0 0
-1468.7 -614.2 -296.4 42 0 5.8 9.4 2.5 2.5 2 1 1 0 0
-455.0 193.2 -305.7 221 0 15.3 12.4 5.0 2.5 2 0 2 0 0
-485.7 153.4 -306.4 210 0 12.8 11.4 7.5 2.5 2 0 3 2 2
-475.7 147.3 -306.2 212 0 12.1 9.6 2.5 2.5 2 0 1 3 3
-499.6 12.8 -305.9 208 0 18.5 13.0 2.5 2.5 2 0 1 1 1
-506.4 -9.2 -305.7 206 0 9.2 9.8 2.5 2.5 2 1 1 3 3
-526.5 55.6 -306.9 199 0 8.0 4.9 7.5 2.5 2 0 3 3 3
-509.3 41.8 -306.7 23 0 15.7 14.7 7.5 2.5 2 0 3 5 5
-1351.2 -403.9 -302.9 119 0 6.5 7.3 2.5 2.5 2 1 1 3 3
-1277.3 -495.6 -300.5 311 0 6.8 9.7 7.5 2.5 2 1 3 5 5
-1441.0 -274.5 -306.7 206 0 13.3 12.3 2.5 2.5 2 0 1 2 2
-1483.1 -408.0 -302.2 207 0 12.3 18.7 5.0 2.5 4 1 2 3 3
-1490.9 -484.0 -300.1 116 0 6.1 5.8 7.5 2.5 2 0 3 1 1
-1596.5 878.9 -319.9 48 0 16.0 8.8 5.0 2.5 2 0 2 2 2
-1552.0 -544.3 -299.2 182 0 7.6 12.6 5.0 2.5 2 1 2 5 5
-1698.2 -551.3 -299.1 210 0 5.9 5.5 5.0 2.5 2 0 2 5 5
-1624.2 -500.0 -300.1 139 0 6.2 4.9 7.5 2.5 2 0 3 3 3
-1691.0 -530.7 -299.3 301 0 8.3 9.3 5.0 2.5 2 1 2 5 5
-1756.6 -555.8 -299.5 211 0 6.5 11.1 5.0 2.5 2 1 2 2 2
-738.7 1130.8 -316.1 205 0 11.5 7.2 5.0 2.5 2 0 2 4 4
-644.0 1176.6 -314.9 122 0 5.4 8.2 2.5 2.5 4 1 1 5 5
-604.9 1185.9 -314.2 275 0 6.9 13.4 5.0 2.5 2 1 2 1 1
2531.6 10199.2 -334.4 21 0 6.6 6.7 2.5 2.5 2 0 1 0 0
2527.0 10187.0 -334.6 21 0 6.5 6.7 5.0 2.5 2 0 2 1 1
2522.3 10174.8 -334.5 21 0 6.5 6.7 5.0 2.5 2 0 2 2 2
2264.7 9955.3 -337.6 345 0 4.9 8.0 5.0 2.5 2 0 2 3 3
2264.6 9950.2 -337.6 344 0 4.9 8.0 7.5 2.5 2 0 3 0 0
2267.2 9945.9 -337.6 344 0 4.8 8.0 5.0 2.5 2 0 2 3 3
2266.5 9940.7 -337.6 344 0 4.9 8.0 5.0 2.5 2 0 2 2 2
2269.1 9936.4 -337.6 344 0 4.8 8.1 2.5 2.5 2 0 1 1 1
2239.2 9981.1 -337.9 219 0 8.0 4.8 5.0 2.5 2 0 2 0 0
2266.1 9914.6 -337.7 16 0 4.8 8.0 5.0 2.5 2 0 2 1 1
2262.8 9900.5 -337.7 16 0 4.8 8.1 7.5 2.5 2 0 3 1 1
2182.1 9895.5 -339.2 176 0 5.7 15.3 2.5 2.5 2 0 1 4 4
2174.1 9888.5 -339.3 176 0 12.0 32.9 7.5 0.0 0 0 3 4 4
2161.8 9938.8 -339.5 178 0 7.4 12.4 7.5 2.5 2 0 3 3 3
2159.5 9950.4 -339.5 177 0 15.7 21.0 12.5 0.0 0 0 5 2 2
2169.3 9972.3 -339.3 219 0 11.8 20.3 7.5 0.0 0 0 3 1 1
2185.5 10076.6 -335.3 266 0 12.0 22.7 15.0 0.0 0 0 6 5 5
2177.5 10085.7 -333.4 265 0 12.2 9.7 5.0 2.5 2 0 2 1 1
3118.3 10632.7 -332.7 93 0 8.3 7.6 7.5 2.5 2 0 3 3 3
3116.0 10640.4 -333.1 93 0 13.6 5.6 2.5 2.5 2 0 1 0 0
3105.9 10675.7 -334.8 189 0 10.4 8.2 7.5 2.5 2 0 3 0 0
3092.9 10674.9 -335.3 197 0 11.1 7.1 5.0 2.5 2 0 2 5 5
3078.9 10643.5 -333.1 188 0 6.7 11.6 7.5 2.5 2 0 3 2 2
