2174.6 8121.1 -97.6 230 0 23.8 19.6 14.0 3.5 2 0 4 4 4
5923.2 6548.5 -112.3 324 0 50.0 57.9 12.5 0.0 0 1 5 0 0
2609.4 7980.0 -83.0 132 0 57.4 16.7 14.0 3.5 2 0 4 0 0
2835.3 7813.8 -80.7 312 0 22.9 11.7 7.5 0.0 0 0 3 4 4
2823.2 7763.3 -79.8 132 0 23.3 13.2 10.0 2.5 2 0 4 4 4
2787.0 7914.8 -81.6 132 0 23.5 9.7 10.5 3.5 2 0 3 1 1
2864.7 7795.4 -79.8 312 0 22.5 11.6 5.0 2.5 2 0 2 4 4
2790.6 7816.9 -80.8 222 0 11.8 22.4 7.5 2.5 2 1 3 4 4
2327.3 9182.7 -31.3 58 0 23.5 20.7 14.0 3.5 4 0 4 1 1
1628.4 7496.2 -87.0 293 0 29.0 20.7 14.0 0.0 0 0 4 1 1
6857.9 -1293.9 -119.2 180 0 4.0 9.5 7.5 2.5 2 1 3 2 2
5212.5 9662.1 53.2 294 0 8.7 13.6 7.5 2.5 2 1 3 4 4
5424.2 10015.3 91.1 108 0 7.6 10.6 7.5 2.5 2 1 3 3 3
5544.3 9919.4 77.1 80 0 6.8 10.9 5.0 2.5 2 1 2 0 0
5269.8 9775.7 62.8 241 0 8.2 9.0 5.0 2.5 2 1 2 5 5
5496.9 10037.6 91.6 270 0 8.6 6.3 7.5 0.0 0 0 3 1 1
5134.3 9519.9 42.4 271 0 10.5 10.5 5.0 2.5 2 1 2 5 5
5396.0 9634.8 52.4 91 0 10.2 4.1 5.0 2.5 2 0 2 4 4
5438.2 9972.2 81.6 90 0 6.7 8.4 7.5 2.5 2 1 3 3 3
5332.8 9822.2 66.4 0 0 8.4 7.2 2.5 0.0 0 0 1 0 0
5224.3 9980.0 83.8 279 0 8.5 9.5 5.0 0.0 0 1 2 4 4
5403.3 9512.4 43.3 96 0 8.6 7.3 7.5 0.0 0 0 3 3 3
5536.3 10014.3 85.4 158 0 5.0 8.1 2.5 2.5 2 1 1 0 0
5402.3 10076.5 105.1 90 0 12.1 5.6 7.5 2.5 2 0 3 3 3
5500.7 9890.4 75.3 261 0 10.8 5.7 2.5 2.5 2 0 1 1 1
5458.0 9539.5 45.9 85 0 11.6 6.0 7.5 2.5 2 0 3 4 4
5267.3 9860.9 71.7 89 0 6.6 18.0 7.5 2.5 2 1 3 3 3
5261.3 9829.6 68.5 2 0 8.5 11.7 7.5 2.5 2 1 3 3 3
5301.7 10030.5 94.6 272 0 11.5 8.6 2.5 2.5 2 0 1 4 4
5402.8 10007.9 89.4 266 0 13.0 5.4 5.0 2.5 2 0 2 0 0
5464.0 9677.1 52.6 352 0 11.4 10.1 10.0 2.5 2 0 4 4 4
5140.1 9685.0 57.6 123 0 6.0 11.8 7.5 2.5 2 1 3 3 3
5263.6 9842.5 69.5 288 0 5.7 5.6 5.0 2.5 2 0 2 5 5
5414.3 9479.3 39.8 272 0 8.8 4.9 7.5 2.5 4 0 3 2 2
5627.0 10014.7 84.8 336 0 9.6 5.3 5.0 2.5 2 0 2 5 5
5234.5 10044.3 96.5 89 0 7.8 5.7 7.5 2.5 4 0 3 0 0
5469.1 9517.8 43.7 91 0 11.0 4.2 5.0 2.5 2 0 2 3 3
5366.2 9509.8 42.1 275 0 10.0 9.3 5.0 2.5 2 0 2 2 2
5605.5 9974.8 83.0 63 0 8.4 6.7 5.0 2.5 2 0 2 0 0
5468.5 9605.9 51.8 357 0 4.4 10.2 5.0 2.5 2 1 2 5 5
5112.0 9653.7 55.1 31 0 7.6 10.5 7.5 2.5 2 1 3 1 1
5421.9 9861.7 74.2 90 0 10.5 9.3 5.0 2.5 2 0 2 4 4
5372.5 9418.5 33.0 275 0 10.7 9.2 7.5 2.5 2 0 3 0 0
5347.4 9665.0 52.8 359 0 12.8 10.2 7.5 2.5 2 0 3 0 0
5401.7 10019.8 93.1 89 0 12.8 12.6 7.5 0.0 0 0 3 3 3
5462.9 9882.3 74.8 258 0 11.9 7.6 2.5 2.5 2 0 1 2 2
5112.8 9397.3 31.6 115 0 7.7 5.8 7.5 2.5 2 0 3 5 5
5345.2 10017.8 95.1 95 0 8.6 8.6 5.0 0.0 0 1 2 0 0
5402.1 9486.1 40.9 92 0 8.6 4.2 5.0 0.0 0 0 2 4 4
5523.6 9907.3 76.4 87 0 14.6 14.3 5.0 2.5 2 0 2 0 0
5535.8 9941.3 78.0 60 0 10.8 8.9 7.5 2.5 2 0 3 0 0
5151.7 9691.6 57.2 303 0 6.2 11.7 7.5 2.5 2 1 3 3 3
5288.7 9818.5 66.7 240 0 10.5 5.6 7.5 2.5 2 0 3 0 0
5545.5 9901.9 76.1 249 0 11.9 9.4 5.0 2.5 2 0 2 2 2
5297.9 9805.5 64.7 238 0 7.4 12.1 2.5 2.5 2 1 1 3 3
5442.0 9592.5 50.7 176 0 4.9 13.8 5.0 2.5 2 1 2 1 1
5362.9 9487.7 40.9 91 0 10.4 5.1 2.5 2.5 4 0 1 1 1
5317.7 9957.6 82.0 211 0 11.3 5.3 5.0 0.0 0 0 2 5 5
5378.0 9649.7 52.5 186 0 10.3 10.1 10.0 2.5 2 0 4 5 5
5435.0 9916.2 76.3 343 0 14.5 11.1 10.0 2.5 2 0 4 5 5
5225.4 9627.3 52.8 270 0 8.5 9.2 2.5 2.5 2 1 1 3 3
5482.7 10038.0 91.9 273 0 15.8 7.2 5.0 2.5 2 0 2 2 2
5190.4 9668.4 54.3 292 0 9.6 8.9 5.0 2.5 2 0 2 3 3
5298.3 9654.3 52.9 82 0 12.2 9.6 7.5 2.5 2 0 3 3 3
5400.1 10053.5 100.4 90 0 8.6 9.3 7.5 2.5 2 1 3 3 3
5298.8 9820.2 66.5 245 0 9.2 7.1 2.5 2.5 2 0 1 3 3
5261.7 9818.0 67.5 2 0 7.0 12.5 7.5 0.0 0 1 3 0 0
5283.3 9809.4 65.9 253 0 9.7 7.0 2.5 2.5 2 0 1 5 5
5185.6 9744.8 61.5 225 0 11.0 8.6 5.0 2.5 4 0 2 5 5
5441.4 9525.7 44.7 90 0 5.2 10.6 5.0 2.5 2 1 2 4 4
5378.6 9910.6 76.2 178 0 12.5 12.3 5.0 2.5 2 0 2 1 1
5449.2 9892.2 75.5 350 0 5.2 9.9 7.5 2.5 2 1 3 5 5
5370.2 9955.9 80.4 17 0 7.1 5.6 7.5 2.5 2 0 3 2 2
5485.6 9901.5 76.1 77 0 9.5 17.7 7.5 2.5 2 1 3 0 0
5397.5 9997.5 87.6 178 0 8.8 8.4 5.0 2.5 4 0 2 1 1
5428.4 10006.2 87.5 282 0 10.0 7.3 5.0 2.5 2 0 2 4 4
5180.7 9599.6 50.9 104 0 7.7 9.8 5.0 2.5 2 1 2 3 3
5528.1 9884.4 74.9 247 0 9.9 7.3 2.5 2.5 2 0 1 4 4
5151.1 9443.1 36.2 93 0 4.2 13.3 7.5 2.5 2 1 3 1 1
5351.6 9991.8 88.1 255 0 8.2 6.1 5.0 2.5 4 0 2 5 5
5228.7 9993.3 86.5 271 0 12.1 8.7 7.5 2.5 2 0 3 1 1
5391.6 9836.6 69.3 0 0 6.1 10.4 5.0 2.5 2 1 2 0 0
5508.8 9993.4 81.3 265 0 13.7 8.1 7.5 2.5 4 0 3 0 0
5581.8 9930.3 79.4 57 0 11.1 5.2 5.0 2.5 2 0 2 2 2
5132.0 9450.7 36.9 93 0 5.3 6.3 7.5 2.5 2 1 3 3 3
5345.3 9450.6 37.0 181 0 8.4 10.9 5.0 2.5 2 1 2 5 5
5225.3 9597.4 50.9 90 0 10.0 12.5 5.0 2.5 2 1 2 5 5
5172.8 10058.1 97.0 84 0 9.3 7.2 5.0 2.5 2 0 2 4 4
5132.4 9960.5 72.4 195 0 9.2 9.9 5.0 2.5 2 1 2 3 3
5264.9 9628.7 52.6 267 0 14.9 9.5 7.5 2.5 2 0 3 4 4
5191.8 9763.9 63.9 51 0 9.3 9.9 7.5 2.5 4 1 3 3 3
5393.0 9895.4 75.6 180 0 7.2 5.3 5.0 2.5 2 0 2 1 1
5369.1 9827.0 67.6 173 0 3.8 9.0 2.5 2.5 4 1 1 1 1
5421.6 9525.7 44.6 90 0 6.6 11.0 7.5 2.5 2 1 3 3 3
5451.5 9973.5 81.4 86 0 6.5 8.8 7.5 2.5 2 1 3 2 2
5225.8 10007.2 89.3 270 0 8.9 5.2 7.5 2.5 2 0 3 1 1
5158.5 10069.1 97.5 250 0 10.7 4.7 7.5 0.0 0 0 3 2 2
5283.7 9975.4 85.5 270 0 5.7 7.1 5.0 2.5 2 1 2 1 1
5163.5 9943.4 72.7 98 0 8.9 6.3 7.5 2.5 4 0 3 5 5
5401.5 9479.4 39.5 270 0 9.5 7.2 5.0 2.5 2 0 2 0 0
5150.5 10044.1 92.5 84 0 13.1 4.9 5.0 2.5 4 0 2 0 0
5290.5 9848.5 69.9 158 0 4.3 8.5 7.5 2.5 4 1 3 5 5
5370.7 10036.3 97.5 357 0 6.5 14.2 5.0 2.5 2 1 2 3 3
5335.2 9983.7 86.1 270 0 5.1 10.7 7.5 2.5 2 1 3 4 4
5178.8 9754.5 63.2 45 0 11.7 8.9 7.5 2.5 2 0 3 0 0
5500.0 9906.6 76.3 77 0 9.1 16.7 2.5 2.5 2 1 1 1 1
5391.0 10052.5 100.6 90 0 9.5 11.2 2.5 2.5 2 1 1 1 1
5491.1 9881.4 74.7 255 0 11.0 8.6 7.5 0.0 0 0 3 0 0
5342.9 9777.1 62.0 351 0 9.5 9.9 2.5 2.5 2 1 1 0 0
5239.8 9729.5 59.7 10 0 7.6 12.9 7.5 0.0 0 1 3 4 4
5193.6 9720.9 59.5 153 0 8.2 16.0 2.5 2.5 2 1 1 0 0
5236.9 9778.6 63.2 258 0 6.6 15.2 2.5 2.5 2 1 1 3 3
5432.4 9527.1 44.8 89 0 8.2 9.9 7.5 2.5 4 1 3 4 4
5232.7 9649.7 52.9 269 0 12.3 11.3 2.5 2.5 4 0 1 5 5
-876.4 10853.9 -105.5 252 0 15.6 9.3 5.0 2.5 2 0 2 5 5
-503.8 10478.3 -106.9 31 0 8.1 10.9 5.0 2.5 2 1 2 0 0
-512.0 10489.4 -107.0 25 0 7.2 18.0 5.0 2.5 2 1 2 1 1
-165.2 10352.6 -103.0 227 0 5.0 16.9 2.5 2.5 2 1 1 5 5
-891.3 10779.7 -109.4 118 0 33.8 28.5 10.0 0.0 0 0 4 0 0
-861.1 10761.3 -105.7 107 0 14.7 23.9 12.5 2.5 2 1 5 3 3
-62.6 10345.4 -99.5 357 0 21.2 16.3 10.0 2.5 2 0 4 3 3
-527.4 10472.4 -107.3 122 0 11.2 10.1 5.0 2.5 2 0 2 1 1
-153.3 10319.4 -105.1 40 0 8.4 7.9 5.0 2.5 2 0 2 4 4
-436.5 10533.9 -104.4 122 0 60.1 33.8 10.0 0.0 0 0 4 1 1
-864.0 10834.5 -105.9 294 0 26.1 24.0 10.0 0.0 0 0 4 0 0
-906.4 10827.4 -105.3 247 0 11.1 5.3 7.5 2.5 2 0 3 1 1
-541.5 9424.0 -114.2 291 0 34.2 18.5 12.5 0.0 0 0 5 4 4
995.3 9092.3 -92.3 334 0 12.4 16.6 14.0 3.5 2 1 4 2 2
1040.1 9087.7 -92.3 290 0 6.3 23.5 10.5 3.5 2 0 3 1 1
1258.1 9579.1 -34.4 189 0 12.5 32.0 10.0 2.5 2 1 4 5 5
1934.5 8864.2 -60.0 278 0 14.0 24.9 14.0 3.5 2 1 4 4 4
1926.9 8809.4 -64.9 98 0 14.0 26.9 14.0 3.5 4 1 4 2 2
1222.1 8030.7 -115.5 312 0 17.3 41.3 17.5 3.5 2 1 5 4 4
1239.5 8006.9 -114.3 42 0 12.3 15.1 17.5 3.5 2 1 5 4 4
1222.4 8068.7 -114.6 312 0 32.7 19.5 17.5 0.0 0 0 5 5 5
1159.4 7999.0 -115.8 222 0 27.5 17.7 17.5 3.5 2 0 5 2 2
1168.2 7942.2 -115.9 132 0 40.5 17.2 17.5 3.5 2 0 5 1 1
3214.9 9656.6 25.7 277 0 17.8 33.5 15.0 0.0 0 1 6 2 2
3209.9 9737.0 17.6 54 0 21.0 18.8 12.5 2.5 2 0 5 1 1
2253.4 8944.3 -38.8 254 0 21.7 15.3 10.5 3.5 2 0 3 5 5
2291.2 8938.9 -38.9 344 0 33.8 18.0 10.5 0.0 0 0 3 4 4
2142.7 7070.2 -97.2 13 0 8.5 29.9 7.5 2.5 2 1 3 1 1
2068.9 7078.4 -98.0 103 0 45.4 19.2 12.5 2.5 2 0 5 3 3
884.4 8833.1 -106.8 185 0 11.0 41.1 17.5 3.5 2 0 5 2 2
-231.2 9212.4 -115.5 300 0 16.7 8.6 10.5 3.5 2 0 3 2 2
-693.1 9505.8 -110.7 56 0 26.7 13.9 12.5 2.5 2 0 5 0 0
2078.9 6827.9 -100.1 2 0 22.5 22.0 12.5 0.0 0 0 5 4 4
1995.3 6771.7 -101.8 182 0 30.4 10.9 7.5 2.5 4 0 3 4 4
1963.1 6773.7 -102.6 182 0 28.3 19.8 12.5 2.5 2 0 5 5 5
1896.6 6680.3 -103.5 182 0 18.2 30.1 7.5 2.5 4 1 3 1 1
2396.0 7042.6 -92.3 103 0 38.2 36.1 10.5 0.0 0 0 3 5 5
2373.6 7153.2 -91.9 135 0 36.7 96.7 10.5 0.0 0 1 3 5 5
1106.3 6504.1 -112.6 57 0 20.7 23.5 14.0 0.0 0 1 4 3 3
1122.0 6562.7 -111.8 57 0 8.2 79.0 10.5 3.5 4 1 3 4 4
1160.2 6504.2 -110.3 57 0 8.2 60.8 10.5 3.5 2 1 3 3 3
1138.2 6683.1 -109.8 327 0 38.5 17.8 14.0 3.5 2 0 4 0 0
1334.2 6641.6 -106.8 326 0 42.4 17.2 14.0 3.5 2 0 4 2 2
1255.3 6580.5 -108.7 56 0 21.0 107.0 14.0 0.0 0 1 4 5 5
240.4 2678.9 -94.8 67 0 14.8 36.2 12.5 2.5 2 1 5 5 5
-608.8 5569.2 -80.2 117 0 39.7 9.3 10.5 3.5 2 0 3 3 3
-654.3 5579.7 -80.3 105 0 39.0 14.6 14.0 3.5 2 0 4 4 4
-662.4 5612.2 -85.4 103 0 30.5 14.6 14.0 3.5 2 0 4 2 2
205.1 2742.9 -93.5 157 0 36.5 14.8 12.5 0.0 0 0 5 5 5
390.5 2784.1 -104.4 247 0 11.5 33.1 7.5 2.5 2 1 3 3 3
465.8 2561.4 -109.9 90 0 14.0 15.0 8.0 2.5 2 1 2 3 3
443.4 2595.5 -108.4 270 0 22.3 15.0 10.0 2.5 2 0 4 1 1
416.7 2595.7 -106.6 270 0 23.4 15.0 10.0 2.5 2 0 4 2 2
443.6 2561.6 -108.7 90 0 22.3 15.0 15.0 0.0 0 0 6 3 3
417.0 2561.9 -106.6 90 0 23.4 15.0 12.5 2.5 2 0 5 1 1
358.2 2668.0 -103.8 233 0 17.0 12.4 8.0 2.5 4 0 2 4 4
340.2 2654.4 -102.5 233 0 17.8 12.4 8.0 2.5 2 0 2 3 3
384.7 2680.3 -104.8 323 0 12.4 17.7 8.0 2.5 2 1 2 1 1
368.8 2654.3 -104.2 233 0 17.0 12.4 8.0 2.5 2 0 2 1 1
395.3 2666.6 -105.0 323 0 12.4 17.7 12.0 2.5 2 1 3 2 2
347.5 2630.4 -102.9 143 0 12.4 17.8 8.0 2.5 2 1 2 5 5
406.0 2652.9 -105.3 323 0 12.4 17.7 8.0 2.5 2 1 2 1 1
390.1 2640.9 -104.7 323 0 12.4 17.0 8.0 2.5 2 1 2 3 3
358.2 2616.8 -103.4 143 0 12.4 17.8 8.0 2.5 2 1 2 0 0
351.1 2745.0 -103.8 157 0 25.0 10.6 7.5 0.0 0 0 3 4 4
413.2 2774.8 -104.9 247 0 13.0 15.8 8.0 2.5 4 1 2 3 3
185.5 2733.9 -91.5 157 0 36.5 14.8 15.0 0.0 0 0 6 3 3
206.9 2683.6 -92.9 157 0 36.2 14.8 10.0 2.5 2 0 4 4 4
114.7 2812.3 -84.6 67 0 8.0 34.3 7.5 2.5 4 1 3 4 4
143.3 2850.6 -89.1 247 0 14.8 36.5 12.5 2.5 4 1 5 1 1
154.3 2805.9 -89.1 157 0 13.4 14.8 4.0 2.5 2 1 1 3 3
165.0 2780.7 -90.1 157 0 36.2 14.8 12.5 2.5 2 0 5 1 1
205.6 2828.8 -94.8 247 0 20.4 46.2 12.5 2.5 2 1 5 2 2
344.5 2832.1 -103.8 107 0 101.5 43.2 12.5 0.0 0 0 5 1 1
4059.8 6391.6 -89.4 195 0 15.6 37.4 10.0 2.5 2 1 4 2 2
4320.2 6299.2 -92.1 15 0 60.5 73.1 10.0 0.0 0 1 4 5 5
4198.0 6300.5 -91.0 105 0 60.4 60.4 10.0 0.0 0 1 4 0 0
4121.3 6320.8 -89.9 105 0 60.4 60.4 10.0 0.0 0 1 4 3 3
-2107.2 10284.7 -120.3 285 0 35.3 19.0 12.5 0.0 0 0 5 2 2
-2155.5 10558.2 -120.7 288 0 21.1 37.4 10.0 0.0 0 1 4 0 0
-2283.3 10040.6 -117.4 195 0 53.6 26.9 12.5 0.0 0 0 5 4 4
-2249.1 10165.4 -119.7 195 0 16.7 34.9 12.5 2.5 2 1 5 5 5
-2258.9 10129.6 -118.3 195 0 24.2 38.0 10.0 0.0 0 1 4 1 1
-2255.9 10208.2 -121.0 15 0 85.0 23.1 10.0 0.0 0 0 4 0 0
-2272.4 10364.2 -122.0 195 0 59.6 25.6 7.5 2.5 2 0 3 2 2
-2294.4 10232.1 -121.5 105 0 27.7 98.1 10.0 0.0 0 0 4 3 3
-2366.6 10225.3 -121.6 195 0 24.4 58.7 7.5 2.5 2 0 3 5 5
-2371.8 10206.4 -121.5 195 0 14.5 60.3 7.5 2.5 2 0 3 4 4
-2374.2 10115.5 -118.7 195 0 14.4 45.9 7.5 2.5 2 0 3 4 4
-2382.8 10125.3 -121.3 105 0 44.0 73.8 10.0 0.0 0 0 4 0 0
-2387.5 10066.9 -119.6 195 0 86.2 44.0 12.5 0.0 0 0 5 0 0
381.1 10025.9 -88.9 8 0 12.5 11.1 12.0 3.5 2 0 3 1 1
351.7 10055.6 -91.4 278 0 24.3 12.2 10.5 3.5 2 0 3 4 4
314.9 10063.3 -93.0 278 0 15.3 9.1 12.0 0.0 0 0 3 5 5
295.2 10065.9 -93.9 278 0 19.7 14.2 10.5 0.0 0 0 3 5 5
295.0 10136.8 -97.9 188 0 14.2 19.7 14.0 3.5 2 1 4 4 4
3325.2 4310.1 -99.3 47 0 35.0 14.9 10.0 2.5 2 0 4 1 1
3386.1 4241.6 -108.7 47 0 45.2 88.9 10.0 0.0 0 1 4 3 3
-1452.9 5036.8 -95.7 54 0 27.5 18.5 15.0 0.0 0 0 6 1 1
-1451.0 4917.6 -100.7 152 0 31.9 81.6 10.0 0.0 0 1 4 2 2
-1342.4 4891.1 -87.0 144 0 29.7 22.4 10.0 0.0 0 0 4 2 2
-1360.4 4829.6 -91.3 144 0 16.8 46.3 12.5 2.5 2 1 5 0 0
-1658.5 4638.4 -110.2 84 0 13.3 29.4 10.0 2.5 2 1 4 1 1
-1660.5 4761.0 -112.0 160 0 15.9 45.6 10.0 2.5 2 1 4 1 1
-2101.4 5474.3 -101.8 309 0 12.7 20.6 12.5 2.5 2 1 5 5 5
-1818.2 5321.3 -108.2 142 0 15.0 21.4 12.5 2.5 4 1 5 0 0
-1814.8 5382.2 -102.9 214 0 7.8 24.1 8.0 2.5 2 1 2 5 5
-1519.1 4808.4 -107.4 340 0 11.8 54.3 10.0 2.5 2 1 4 3 3
-1416.2 4539.0 -82.4 246 0 16.5 8.4 8.0 0.0 0 0 2 1 1
-1388.9 4529.2 -81.8 66 0 8.0 20.9 8.0 2.5 2 1 2 5 5
-1337.9 4217.4 -85.9 92 0 14.2 31.5 12.5 2.5 4 1 5 4 4
-1442.6 4296.2 -89.5 80 0 17.0 34.6 12.5 2.5 2 1 5 5 5
-1542.4 4448.8 -88.4 250 0 12.6 20.2 12.5 2.5 2 1 5 1 1
-1596.2 4432.0 -96.7 249 0 11.2 33.4 12.5 0.0 0 1 5 3 3
-1378.0 4504.6 -75.1 244 0 8.7 18.2 12.0 2.5 2 1 3 1 1
-1457.6 4522.7 -84.1 247 0 30.8 12.3 15.0 0.0 0 0 6 4 4
-1492.8 4468.1 -84.5 249 0 16.0 15.0 8.0 2.5 2 0 2 2 2
-1491.6 4428.6 -83.9 69 0 7.8 15.5 12.0 2.5 2 1 3 2 2
-1474.6 4454.2 -82.9 249 0 27.2 13.8 12.5 0.0 0 0 5 3 3
-683.0 3830.1 -113.4 35 0 45.3 8.0 7.5 2.5 2 0 3 3 3
-578.4 3786.5 -111.1 41 0 26.6 9.5 7.5 2.5 2 0 3 4 4
-585.3 3810.4 -111.7 311 0 10.0 26.6 7.5 2.5 2 1 3 5 5
-649.6 3770.7 -113.4 213 0 37.5 14.6 7.5 2.5 2 0 3 2 2
-526.8 3620.9 -106.3 201 0 6.2 11.5 8.0 2.5 4 1 2 2 2
-526.6 3656.9 -108.1 201 0 32.5 42.9 12.5 0.0 0 1 5 2 2
-451.3 3662.8 -100.4 320 0 21.5 15.3 10.0 0.0 0 0 4 2 2
-467.6 3725.2 -103.5 358 0 13.9 7.4 4.0 2.5 2 0 1 4 4
-472.1 3701.1 -104.1 354 0 24.4 13.1 10.0 2.5 2 0 4 3 3
-932.0 4011.5 -112.0 294 0 25.0 25.1 10.0 0.0 0 1 4 3 3
-969.3 4058.2 -105.9 297 0 35.9 33.1 12.5 0.0 0 0 5 0 0
-829.6 3948.2 -112.6 294 0 13.1 6.7 8.0 2.5 2 0 2 5 5
-825.5 3938.9 -112.8 295 0 13.1 11.3 8.0 2.5 2 0 2 3 3
-820.7 3965.4 -112.5 294 0 15.2 19.3 7.5 2.5 2 0 3 2 2
-789.1 3889.2 -113.1 24 0 8.9 25.4 4.0 2.5 2 0 1 1 1
-784.9 3898.6 -113.0 24 0 11.6 46.7 7.5 2.5 2 0 3 2 2
-818.6 3840.9 -113.9 115 0 14.0 31.1 12.5 2.5 2 1 5 2 2
-889.0 3810.1 -114.7 115 0 15.4 56.1 7.5 2.5 2 1 3 3 3
-1073.3 3932.9 -106.1 97 0 19.5 9.9 8.0 2.5 2 0 2 0 0
-1103.7 3936.6 -104.4 97 0 36.9 12.4 10.0 2.5 4 0 4 4 4
-1139.5 3815.5 -111.0 150 0 11.4 25.1 10.0 2.5 4 1 4 1 1
-1170.3 3920.1 -109.4 240 0 15.4 95.5 10.0 2.5 2 1 4 5 5
-1067.4 3898.6 -108.3 7 0 13.3 37.4 10.0 2.5 2 1 4 1 1
511.1 6260.0 -117.8 147 0 24.2 177.6 14.0 0.0 0 1 4 0 0
5815.8 3464.3 -24.5 88 0 11.7 18.8 5.0 2.5 2 1 2 2 2
6795.5 3308.3 -78.3 281 0 9.3 26.0 2.5 2.5 2 1 1 4 4
6790.8 3265.1 -80.1 11 0 31.3 8.0 7.5 0.0 0 0 3 4 4
6780.3 3223.9 -82.4 101 0 10.7 24.8 2.5 2.5 2 1 1 4 4
4384.2 5476.8 -90.8 330 0 17.6 12.8 8.0 2.5 2 0 2 5 5
4331.3 5493.2 -88.5 269 0 20.2 14.8 10.0 2.5 2 0 4 3 3
4285.1 5486.4 -87.1 179 0 12.8 18.6 8.0 2.5 2 1 2 2 2
4280.3 5437.9 -88.0 63 0 40.8 16.9 10.0 2.5 4 0 4 1 1
4119.0 5345.4 -92.7 327 0 25.3 33.4 17.5 0.0 0 1 7 1 1
6244.0 6966.2 -110.6 227 0 21.0 12.1 7.5 2.5 2 0 3 2 2
6241.6 6979.9 -110.3 317 0 20.7 14.9 10.0 2.5 2 0 4 1 1
6059.5 6987.1 -110.4 229 0 74.0 30.3 10.0 0.0 0 0 4 3 3
5999.5 6914.8 -109.9 139 0 19.4 53.3 10.0 2.5 2 1 4 4 4
6138.9 7033.7 -109.1 227 0 16.8 6.6 5.0 2.5 2 0 2 1 1
6159.2 7010.9 -109.6 47 0 18.0 24.0 7.5 2.5 2 0 3 3 3
-4547.0 483.9 -110.5 144 0 119.1 128.1 12.5 0.0 0 0 5 4 4
-4464.3 589.4 -108.3 282 0 160.2 81.0 10.0 0.0 0 0 4 5 5
-4547.1 776.6 -117.0 282 0 131.3 108.5 12.5 0.0 0 0 5 5 5
-4463.1 868.5 -102.3 282 0 104.4 107.7 10.0 0.0 0 0 4 2 2
-4502.0 927.2 -109.7 194 0 99.5 104.7 10.0 0.0 0 0 4 2 2
-4483.5 1004.5 -117.0 192 0 63.4 214.2 10.0 0.0 0 1 4 3 3
-4240.4 918.7 -109.8 103 0 84.7 109.7 10.0 0.0 0 0 4 5 5
-4124.9 1003.3 -108.5 284 0 82.0 107.9 10.0 0.0 0 0 4 5 5
-4062.8 878.8 -105.2 103 0 91.9 106.3 10.0 0.0 0 0 4 5 5
-3992.8 863.1 -107.3 103 0 70.1 104.9 12.5 0.0 0 0 5 3 3
-4091.3 675.8 -103.3 102 0 90.7 108.9 10.0 0.0 0 0 4 3 3
-4081.9 393.9 -113.8 332 0 82.5 99.5 12.5 0.0 0 0 5 1 1
-4252.7 350.5 -110.3 338 0 92.5 67.9 10.0 0.0 0 0 4 5 5
-4329.9 520.0 -103.4 336 0 98.7 53.1 10.0 0.0 0 0 4 2 2
-4036.9 873.0 -93.7 283 0 143.6 95.6 12.5 0.0 0 0 5 1 1
-4241.9 541.9 -107.9 102 0 244.0 62.7 12.5 0.0 0 0 5 1 1
-4334.2 624.6 -88.3 101 0 90.2 102.5 12.5 0.0 0 0 5 5 5
-4192.5 698.2 -102.5 282 0 158.1 99.7 12.5 0.0 0 0 5 4 4
-4453.2 648.5 -94.7 101 0 132.1 104.4 12.5 0.0 0 0 5 3 3
-4192.5 698.2 -89.8 102 0 112.3 108.6 12.5 0.0 0 0 5 1 1
-4360.8 846.1 -86.2 282 0 96.9 108.0 12.5 0.0 0 0 5 4 4
-4296.8 881.7 -98.4 15 0 99.7 105.4 10.0 0.0 0 0 4 5 5
-4195.5 908.6 -90.7 283 0 172.7 96.4 10.0 0.0 0 0 4 0 0
-4369.1 600.3 -97.9 340 0 74.5 131.9 10.0 0.0 0 0 4 4 4
