-3599.5 8392.4 -5.8 165 0 15.0 20.9 7.5 2.5 2 1 3 0 0
-3757.8 8433.8 -1.3 255 0 20.9 15.0 12.5 2.5 2 0 5 5 5
-3353.1 8353.9 -14.9 75 0 20.9 15.0 10.0 2.5 2 0 4 3 3
-3534.0 8419.2 -6.3 166 0 15.1 20.9 7.5 0.0 0 1 3 1 1
-3036.6 8611.0 -13.1 345 0 15.0 20.9 10.0 0.0 0 1 4 3 3
-3377.0 8519.8 -11.6 255 0 20.9 15.0 12.5 2.5 2 0 5 1 1
-3622.9 8220.4 -9.6 165 0 15.0 20.9 10.0 2.5 2 1 4 0 0
-3319.9 8380.2 -15.9 75 0 20.9 15.0 12.5 2.5 2 0 5 2 2
-3538.4 8450.2 -5.6 255 0 20.9 15.0 7.5 0.0 0 0 3 3 3
-3922.7 8214.3 -9.1 75 0 20.9 15.0 5.0 2.5 2 0 2 2 2
-3490.2 8446.9 -7.4 255 0 20.9 15.0 12.5 2.5 2 0 5 1 1
-3756.9 8491.1 4.7 255 0 20.9 15.0 12.5 2.5 2 0 5 3 3
-3312.9 8545.2 -12.8 255 0 20.9 15.0 10.0 2.5 2 0 4 2 2
-3497.7 8300.8 -8.4 255 0 20.9 15.0 15.0 0.0 0 0 6 2 2
-3621.9 8267.4 -10.9 345 0 15.0 20.9 7.5 2.5 2 1 3 3 3
-3431.3 8312.5 -10.8 255 0 20.9 15.0 7.5 2.5 2 0 3 2 2
-3477.1 8321.5 -8.7 75 0 20.9 15.0 10.0 2.5 2 0 4 3 3
-3368.2 8313.0 -13.3 255 0 20.9 15.0 12.5 0.0 0 0 5 2 2
-3338.7 8400.4 -16.3 75 0 20.9 15.0 10.0 2.5 2 0 4 0 0
-3873.2 8408.8 1.2 166 0 15.1 20.9 12.5 2.5 2 1 5 3 3
-3383.6 8336.5 -12.7 75 0 20.9 15.0 12.5 2.5 2 0 5 0 0
-3402.8 8510.9 -11.8 255 0 20.9 15.0 15.0 0.0 0 0 6 5 5
-3023.3 8458.7 -17.8 75 0 20.9 15.0 10.0 2.5 2 0 4 4 4
-3608.3 8363.3 -8.8 345 0 15.0 20.9 10.0 2.5 2 1 4 0 0
-3353.6 8512.3 -13.8 255 0 20.9 15.0 12.5 2.5 2 0 5 2 2
-3843.2 8349.2 -6.9 165 0 15.0 20.9 10.0 2.5 2 1 4 1 1
-3620.1 8235.9 -9.7 166 0 15.1 20.9 10.0 2.5 2 1 4 5 5
-3510.4 8437.1 -6.8 255 0 20.9 15.0 7.5 2.5 2 0 3 0 0
-3211.6 8419.5 -16.0 240 0 20.9 15.0 7.5 0.0 0 0 3 5 5
-3743.8 8231.7 -12.5 75 0 20.9 15.0 10.0 2.5 2 0 4 0 0
-3329.3 8560.7 -10.2 255 0 20.9 15.0 12.5 2.5 2 0 5 0 0
-3645.7 8301.8 -12.5 346 0 15.1 20.9 10.0 2.5 2 1 4 1 1
-3727.9 8211.0 -12.1 75 0 20.9 15.0 7.5 2.5 2 0 3 1 1
-3477.2 8306.9 -9.1 255 0 20.9 15.0 10.0 2.5 2 0 4 0 0
-3616.3 8399.5 -7.5 345 0 15.0 20.9 12.5 2.5 2 1 5 4 4
-3385.4 8392.0 -13.4 75 0 20.9 15.0 10.0 2.5 2 0 4 1 1
-3795.1 8337.9 -9.8 166 0 15.1 20.9 15.0 0.0 0 1 6 1 1
-3855.6 8219.5 -10.5 75 0 20.9 15.0 7.5 2.5 2 0 3 1 1
-3560.7 8404.6 -5.4 165 0 15.0 20.9 10.0 2.5 2 1 4 3 3
-3373.8 8478.9 -15.6 255 0 20.9 15.0 12.5 0.0 0 0 5 5 5
-3293.3 8584.6 -9.9 255 0 20.9 15.0 12.5 2.5 2 0 5 0 0
-3609.2 8310.2 -11.3 345 0 15.0 20.9 12.5 2.5 2 1 5 4 4
-3238.0 8413.3 -16.0 239 0 20.9 15.0 10.0 2.5 2 0 4 1 1
-3171.2 8397.1 -15.5 75 0 20.9 15.0 10.0 2.5 4 0 4 3 3
-3749.9 8249.1 -12.5 75 0 20.9 15.0 10.0 2.5 2 0 4 5 5
-3498.2 8318.6 -8.0 75 0 20.9 15.0 10.0 2.5 2 0 4 2 2
-3610.7 8385.4 -7.9 345 0 15.0 20.9 10.0 2.5 2 1 4 2 2
-3450.0 8306.0 -10.1 255 0 20.9 15.0 10.0 2.5 2 0 4 1 1
-3348.5 8327.6 -13.9 255 0 20.9 15.0 7.5 2.5 2 0 3 4 4
-3370.9 8369.9 -14.0 75 0 20.9 15.0 10.0 2.5 2 0 4 4 4
-3287.9 8378.7 -15.6 233 0 13.1 17.5 5.0 2.5 2 1 2 5 5
-3767.2 8384.9 -6.2 255 0 20.9 15.0 12.5 2.5 4 0 5 5 5
-3387.3 8364.7 -12.8 75 0 20.9 15.0 12.5 2.5 2 0 5 0 0
-3831.7 8228.4 -10.5 75 0 20.9 15.0 10.0 0.0 0 0 4 1 1
-3447.7 8461.5 -10.3 255 0 20.9 15.0 12.5 2.5 2 0 5 2 2
-3794.3 8221.4 -10.9 75 0 20.9 15.0 10.0 2.5 4 0 4 0 0
-3272.7 8594.0 -10.3 255 0 20.9 15.0 12.5 2.5 2 0 5 4 4
-3289.6 8546.6 -14.1 255 0 20.9 15.0 10.0 2.5 2 0 4 0 0
-3453.3 8359.5 -9.3 75 0 20.9 15.0 7.5 2.5 2 0 3 2 2
-3574.4 8307.4 -8.9 75 0 20.9 15.0 12.5 2.5 2 0 5 4 4
-3902.8 8238.3 -10.0 75 0 20.9 15.0 10.0 0.0 0 0 4 5 5
-3312.0 8571.5 -10.1 255 0 20.9 15.0 10.0 2.5 2 0 4 3 3
-3762.5 8269.8 -11.9 75 0 20.9 15.0 10.0 2.5 4 0 4 3 3
-3477.6 8343.1 -8.5 75 0 20.9 15.0 10.0 2.5 2 0 4 5 5
-3686.2 8222.8 -12.2 75 0 20.9 15.0 12.5 2.5 2 0 5 1 1
-3690.2 8494.0 2.5 345 0 15.0 20.9 12.5 2.5 4 1 5 0 0
-3807.4 8384.9 -4.7 255 0 20.9 15.0 10.0 2.5 2 0 4 4 4
-3403.2 8375.0 -11.9 75 0 20.9 15.0 12.5 2.5 2 0 5 5 5
-3845.8 8253.8 -10.1 75 0 20.9 15.0 10.0 2.5 4 0 4 5 5
-3428.0 8498.6 -12.2 255 0 20.9 15.0 12.5 2.5 2 0 5 1 1
-3514.1 8459.6 -6.5 255 0 20.9 15.0 10.0 2.5 2 0 4 0 0
-3796.2 8247.7 -10.7 75 0 20.9 15.0 12.5 2.5 2 0 5 5 5
-3238.7 8569.2 -13.6 346 0 15.1 20.9 12.5 2.5 2 1 5 2 2
-3183.4 8525.4 -16.3 255 0 20.9 15.0 7.5 2.5 2 0 3 5 5
-3741.0 8273.1 -12.8 75 0 20.9 15.0 12.5 2.5 2 0 5 4 4
-3435.0 8374.1 -9.8 75 0 20.9 15.0 12.5 2.5 4 0 5 0 0
-3407.5 8319.6 -11.6 255 0 20.9 15.0 10.0 2.5 2 0 4 4 4
-3807.0 8423.9 -0.5 255 0 20.9 15.0 12.5 2.5 2 0 5 0 0
-3895.8 8220.4 -10.1 75 0 20.9 15.0 10.0 2.5 2 0 4 2 2
-3839.2 8438.0 2.3 255 0 20.9 15.0 12.5 2.5 2 0 5 4 4
-3721.3 8237.3 -12.6 75 0 20.9 15.0 15.0 0.0 0 0 6 3 3
-3703.1 8239.7 -12.6 75 0 20.9 15.0 10.0 0.0 0 0 4 5 5
-3454.2 8329.0 -9.5 75 0 20.9 15.0 7.5 2.5 4 0 3 2 2
-3590.6 8415.0 -4.3 165 0 15.0 20.9 7.5 2.5 2 1 3 0 0
-3323.1 8354.0 -14.8 233 0 13.1 12.6 5.0 2.5 2 0 2 4 4
-3609.3 8252.8 -10.1 165 0 15.0 20.9 7.5 2.5 2 1 3 5 5
-3670.5 8503.8 2.1 345 0 15.0 20.9 10.0 2.5 2 1 4 2 2
-3822.4 8402.3 -2.2 255 0 20.9 15.0 12.5 2.5 2 0 5 0 0
-3812.6 8465.3 4.3 255 0 20.9 15.0 10.0 0.0 0 0 4 3 3
-3765.3 8220.0 -12.1 75 0 20.9 15.0 10.0 0.0 0 0 4 3 3
-3174.3 8543.3 -16.2 165 0 15.0 20.9 5.0 2.5 2 1 2 0 0
-3434.6 8323.8 -10.3 75 0 20.9 15.0 5.0 2.5 4 0 2 3 3
-3669.1 8349.7 -12.4 345 0 15.0 20.9 12.5 2.5 2 1 5 2 2
-3412.6 8328.5 -11.0 75 0 20.9 15.0 10.0 2.5 2 0 4 5 5
-3592.5 8361.4 -6.9 165 0 15.0 20.9 15.0 0.0 0 1 6 3 3
-3317.1 8399.9 -16.4 75 0 20.9 15.0 10.0 2.5 4 0 4 5 5
-3787.8 8439.4 0.5 255 0 20.9 15.0 15.0 0.0 0 0 6 1 1
-3730.7 8493.5 3.7 255 0 20.9 15.0 12.5 2.5 2 0 5 3 3
-3019.8 8600.7 -15.3 346 0 15.1 20.9 12.5 2.5 2 1 5 1 1
-3714.3 8262.7 -13.0 75 0 20.9 15.0 7.5 0.0 0 0 3 5 5
-3578.9 8389.6 -4.9 165 0 15.0 20.9 10.0 2.5 2 1 4 4 4
-3588.0 8285.3 -10.6 255 0 20.9 15.0 10.0 2.5 2 0 4 5 5
-3283.3 8399.4 -16.3 51 0 20.9 15.0 10.0 2.5 2 0 4 2 2
-3873.8 8249.6 -10.2 75 0 20.9 15.0 12.5 2.5 2 0 5 4 4
-3569.6 8434.7 -4.9 165 0 15.0 20.9 12.5 2.5 2 1 5 4 4
-3482.8 8468.6 -8.0 255 0 20.9 15.0 10.0 2.5 2 0 4 3 3
-3781.2 8263.7 -11.2 75 0 20.9 15.0 12.5 2.5 2 0 5 3 3
-3791.1 8476.5 4.7 255 0 20.9 15.0 12.5 2.5 2 0 5 3 3
-3262.6 8560.2 -13.1 345 0 15.0 20.9 7.5 2.5 2 1 3 5 5
-3263.8 8457.8 -17.1 75 0 20.9 15.0 10.0 2.5 2 0 4 4 4
-3334.4 8468.6 -17.6 75 0 20.9 15.0 10.0 2.5 2 0 4 2 2
-3690.9 8271.7 -13.0 75 0 20.9 15.0 10.0 2.5 2 0 4 2 2
-3074.2 8497.7 -17.2 165 0 15.0 20.9 12.5 2.5 4 1 5 1 1
-3636.4 8377.9 -9.5 345 0 15.0 20.9 12.5 2.5 2 1 5 0 0
-3389.7 8314.9 -12.3 255 0 20.9 15.0 10.0 2.5 2 0 4 2 2
