6918.7 1072.6 -335.4 332 0 26.0 11.9 17.5 3.5 2 0 5 4 4
6772.8 -9091.7 130.0 13 0 19.0 9.1 5.0 2.5 2 0 2 1 1
6891.6 -8823.5 109.5 202 0 19.3 6.9 5.0 0.0 0 0 2 0 0
6148.1 -1335.7 -217.6 220 0 28.6 14.6 12.5 2.5 2 0 5 5 5
1564.0 567.8 -284.2 102 0 14.2 11.7 7.5 2.5 2 0 3 0 0
1742.4 611.4 -314.5 276 0 10.8 8.0 2.5 2.5 2 0 1 5 5
1739.2 587.3 -311.7 199 0 5.7 7.6 5.0 2.5 2 1 2 5 5
1782.4 621.8 -317.2 200 0 7.1 17.3 2.5 2.5 2 1 1 1 1
1783.3 595.6 -314.1 199 0 8.3 13.3 5.0 2.5 2 1 2 1 1
1736.8 600.3 -313.0 291 0 10.4 8.4 5.0 2.5 2 0 2 5 5
1793.7 651.8 -322.6 89 0 12.0 14.2 2.5 2.5 2 1 1 2 2
1819.3 581.5 -312.8 285 0 10.8 10.0 7.5 2.5 2 0 3 2 2
1256.0 987.3 -242.6 304 0 8.5 12.6 7.5 2.5 2 1 3 1 1
1723.5 612.5 -314.7 203 0 8.4 10.3 7.5 2.5 2 1 3 0 0
1536.0 767.7 -275.3 147 0 16.9 6.9 7.5 2.5 2 0 3 3 3
1368.2 991.8 -270.3 235 0 10.2 25.7 17.5 0.0 0 1 7 4 4
1465.5 965.6 -293.4 131 0 13.7 15.2 10.0 2.5 2 1 4 4 4
1596.1 667.0 -292.8 299 0 4.5 9.3 7.5 2.5 2 1 3 2 2
1252.4 1099.9 -286.5 107 0 6.7 6.6 5.0 2.5 2 0 2 1 1
769.4 1223.9 -260.4 274 0 12.6 3.8 7.5 2.5 2 0 3 0 0
736.7 1228.2 -260.8 277 0 19.0 4.1 5.0 2.5 2 0 2 0 0
738.4 1209.9 -255.4 104 0 12.4 3.7 5.0 2.5 2 0 2 2 2
754.7 1215.6 -257.5 182 0 3.6 11.7 7.5 2.5 4 1 3 2 2
-4081.8 759.3 -288.5 329 0 13.4 10.6 5.0 0.0 0 0 2 3 3
6347.1 -4646.4 251.6 192 0 11.4 26.1 12.5 0.0 0 1 5 5 5
6333.7 -4669.5 259.1 258 0 12.9 23.2 12.5 2.5 4 1 5 4 4
-4391.3 -2633.3 33.3 146 0 30.5 16.9 12.5 2.5 2 0 5 4 4
3712.1 -315.8 -256.5 182 0 26.6 17.2 12.5 2.5 2 0 5 4 4
4021.5 -590.8 -303.5 334 0 8.3 32.1 7.5 2.5 2 1 3 2 2
5639.3 -3419.0 -70.3 21 0 16.7 6.2 5.0 2.5 2 0 2 3 3
3754.2 -5026.3 331.4 95 0 6.3 8.6 2.5 2.5 4 1 1 5 5
4040.3 -4744.5 249.4 30 0 18.9 18.7 10.0 2.5 2 0 4 1 1
6197.2 -4230.3 8.2 358 0 11.9 25.5 12.5 2.5 2 1 5 2 2
6160.4 -4253.5 18.7 89 0 8.2 5.9 2.5 2.5 2 0 1 3 3
2956.8 -8335.5 124.9 101 0 5.4 11.8 7.5 2.5 2 1 3 2 2
-3335.0 1337.5 -335.4 209 0 12.2 12.4 5.0 0.0 0 1 2 1 1
-3093.8 1077.3 -327.4 304 0 9.3 10.9 5.0 0.0 0 1 2 1 1
2530.0 309.7 -298.8 348 0 22.8 23.8 14.0 3.5 2 1 4 3 3
2265.1 450.9 -291.7 277 0 11.5 32.2 14.0 3.5 2 1 4 0 0
2319.3 416.3 -287.3 12 0 13.2 27.5 14.0 0.0 0 1 4 1 1
2731.4 278.8 -309.1 269 0 14.6 27.9 10.5 3.5 2 1 3 1 1
4134.2 -92.6 -298.7 332 0 28.4 30.5 10.0 0.0 0 1 4 5 5
4130.1 -35.5 -295.6 258 0 11.9 31.4 7.5 2.5 2 1 3 1 1
1758.1 827.5 -324.2 218 0 22.9 10.8 10.0 2.5 2 0 4 1 1
1511.9 853.7 -278.3 293 0 17.5 11.3 2.5 2.5 4 0 1 5 5
-947.9 1691.8 -261.0 107 0 20.0 23.2 12.5 2.5 2 1 5 0 0
-1496.6 1894.6 -269.6 133 0 18.9 21.3 7.5 2.5 2 1 3 4 4
-3230.0 -567.2 -136.9 118 0 23.6 6.8 7.5 2.5 2 0 3 4 4
6765.1 -446.1 -244.3 297 0 9.5 24.9 2.5 2.5 2 1 1 1 1
6597.4 -428.5 -254.0 94 0 14.8 13.0 5.0 2.5 2 0 2 0 0
773.1 -417.4 -29.3 115 0 18.8 13.5 7.5 2.5 2 0 3 2 2
-1924.2 2272.6 -311.5 358 0 50.8 24.9 15.0 2.5 2 0 6 5 5
-3572.1 809.7 -241.6 284 0 7.8 19.5 5.0 0.0 0 1 2 5 5
-3577.0 780.6 -242.3 15 0 7.8 6.4 7.5 2.5 2 0 3 0 0
-1853.1 1571.2 -298.2 67 0 22.2 9.9 7.5 2.5 2 0 3 3 3
6087.5 1041.8 -329.8 5 0 58.5 23.6 10.0 0.0 0 0 4 5 5
1492.1 526.3 -259.3 282 0 8.8 5.5 5.0 2.5 2 0 2 2 2
3698.9 420.6 -308.6 8 0 11.3 15.3 14.0 3.5 2 1 4 4 4
4538.1 -1585.2 -188.3 166 0 7.3 19.8 5.0 2.5 2 1 2 4 4
4564.3 -1567.6 -185.8 266 0 13.3 8.1 5.0 2.5 2 0 2 0 0
6809.4 -1173.7 -245.1 357 0 13.0 17.0 5.0 2.5 2 1 2 4 4
-2665.2 -8521.8 125.5 19 0 12.4 5.2 2.5 2.5 2 0 1 0 0
-2660.2 -8465.4 132.0 293 0 6.6 13.2 7.5 2.5 2 1 3 5 5
-2668.8 -8460.0 131.9 301 0 8.3 13.3 5.0 0.0 0 1 2 0 0
6444.9 -7773.0 326.4 35 0 22.9 12.7 12.5 2.5 2 0 5 5 5
5675.1 -9949.6 34.5 116 0 21.3 13.0 12.5 2.5 2 0 5 0 0
-5746.4 116.9 -336.9 130 0 6.1 17.3 2.5 2.5 2 1 1 0 0
1221.4 -675.8 -46.9 276 0 10.2 21.8 2.5 0.0 0 1 1 5 5
-2547.1 1219.3 -289.6 240 0 7.2 23.8 7.5 2.5 4 1 3 0 0
-2510.2 1145.7 -285.6 331 0 5.8 6.4 7.5 2.5 2 1 3 3 3
-4048.5 -511.5 -312.9 173 0 10.2 17.4 5.0 0.0 0 1 2 3 3
-4081.3 -259.7 -305.2 145 0 10.5 9.6 2.5 2.5 4 0 1 3 3
-4256.6 -166.7 -330.6 325 0 13.0 16.7 5.0 2.5 2 1 2 0 0
-5768.7 134.2 -337.1 52 0 8.3 16.2 7.5 0.0 0 1 3 4 4
-5837.0 135.5 -336.4 155 0 9.3 23.9 5.0 2.5 2 1 2 2 2
-5911.0 136.3 -332.9 39 0 42.6 7.8 7.5 2.5 2 0 3 3 3
-2956.7 914.1 -331.4 302 0 7.1 9.1 7.5 2.5 2 1 3 5 5
5856.1 -288.2 -309.0 28 0 20.8 19.9 10.0 2.5 2 0 4 1 1
5858.9 -318.2 -306.9 27 0 4.1 9.0 5.0 2.5 2 1 2 1 1
5843.8 -308.8 -306.8 25 0 6.9 6.6 5.0 2.5 2 0 2 5 5
4132.1 590.4 -322.9 315 0 10.1 14.2 5.0 2.5 2 1 2 5 5
4081.1 627.5 -322.6 13 0 11.5 18.7 10.0 2.5 2 1 4 5 5
4047.1 586.8 -320.6 90 0 10.0 17.4 5.0 2.5 2 1 2 0 0
1978.0 721.6 -328.2 254 0 11.1 28.3 10.0 2.5 2 1 4 2 2
1889.3 762.3 -331.2 278 0 21.9 11.4 7.5 2.5 2 0 3 3 3
6820.2 -1101.7 -255.1 160 0 12.4 18.6 2.5 2.5 2 1 1 5 5
6865.5 -1130.0 -247.0 171 0 13.6 19.1 10.0 2.5 2 1 4 0 0
6811.8 -1188.0 -241.7 267 0 6.8 8.1 5.0 2.5 2 1 2 5 5
6648.3 -1036.4 -260.7 148 0 29.7 30.5 10.0 0.0 0 1 4 4 4
6521.7 -756.1 -235.4 285 0 10.9 18.6 10.0 2.5 2 1 4 2 2
6495.1 -772.2 -237.1 108 0 12.6 18.7 7.5 2.5 2 1 3 4 4
6268.4 -879.3 -200.2 99 0 8.9 13.9 5.0 2.5 2 1 2 4 4
6296.1 -1052.9 -218.6 43 0 17.5 13.7 5.0 2.5 2 0 2 5 5
6181.6 -1302.1 -219.9 220 0 15.1 15.3 7.5 2.5 2 1 3 1 1
5583.0 -1932.2 -121.4 142 0 11.3 10.3 10.0 2.5 2 0 4 3 3
5525.1 -1905.9 -122.7 284 0 13.1 10.7 7.5 2.5 2 0 3 0 0
5468.2 -1968.8 -105.3 174 0 11.3 13.7 7.5 0.0 0 1 3 4 4
5512.3 -1927.6 -117.5 193 0 10.7 10.3 5.0 2.5 2 0 2 5 5
5388.7 -2053.5 -83.3 64 0 13.4 13.6 7.5 2.5 2 1 3 4 4
5320.8 -2097.9 -66.1 206 0 13.8 9.3 7.5 0.0 0 0 3 0 0
4435.8 -2154.3 -17.0 236 0 43.1 7.6 7.5 0.0 0 0 3 2 2
4434.0 -2188.4 -11.1 54 0 44.6 7.7 7.5 0.0 0 0 3 0 0
4393.3 -2156.0 -29.4 82 0 29.7 12.2 10.0 0.0 0 0 4 0 0
4102.5 -2073.0 -35.3 191 0 14.9 7.0 5.0 2.5 2 0 2 3 3
3591.7 -1583.4 -214.4 68 0 6.0 7.3 7.5 2.5 2 1 3 1 1
4153.0 -937.7 -248.2 93 0 10.2 18.9 7.5 2.5 2 1 3 4 4
4138.7 -923.3 -252.6 94 0 9.6 18.6 2.5 2.5 2 1 1 1 1
4262.8 -667.1 -289.8 46 0 9.4 17.2 2.5 2.5 2 1 1 2 2
4487.9 -40.5 -307.6 198 0 10.6 12.7 5.0 2.5 2 1 2 4 4
4473.5 -31.2 -312.0 28 0 16.3 12.2 7.5 0.0 0 0 3 1 1
4462.5 -66.5 -305.4 22 0 12.7 13.9 2.5 2.5 2 1 1 2 2
4464.9 -119.9 -292.0 190 0 15.9 14.8 5.0 2.5 4 0 2 5 5
4540.8 165.7 -310.0 224 0 19.1 13.7 10.0 2.5 2 0 4 3 3
4573.5 300.0 -323.1 283 0 12.9 13.8 7.5 2.5 2 1 3 2 2
4573.7 251.7 -320.4 98 0 17.7 22.2 10.0 2.5 2 1 4 1 1
4531.2 518.8 -329.2 57 0 9.4 16.0 2.5 2.5 4 1 1 0 0
4889.8 873.7 -328.2 186 0 34.6 20.6 10.0 0.0 0 0 4 4 4
5003.4 855.0 -323.0 16 0 26.4 14.7 12.5 2.5 2 0 5 3 3
4938.0 863.3 -325.5 192 0 27.4 20.2 7.5 2.5 2 0 3 1 1
4930.6 894.0 -327.0 194 0 19.1 13.5 15.0 0.0 0 0 6 5 5
4946.0 946.8 -327.9 198 0 23.6 14.0 7.5 2.5 2 0 3 3 3
5055.3 927.3 -322.7 17 0 12.0 20.6 5.0 2.5 2 1 2 2 2
5028.4 870.2 -321.3 293 0 10.3 22.1 2.5 2.5 2 1 1 1 1
5446.0 1036.1 -329.3 277 0 12.9 19.2 5.0 2.5 2 1 2 0 0
5511.9 862.5 -317.4 76 0 10.1 18.1 2.5 2.5 2 1 1 0 0
5594.5 1046.6 -330.0 187 0 17.4 33.4 10.0 2.5 2 1 4 5 5
5939.4 1130.9 -333.2 15 0 18.5 22.2 10.0 2.5 2 1 4 0 0
6320.2 946.3 -331.7 79 0 40.4 38.6 10.5 3.5 2 0 3 0 0
6481.2 1086.1 -334.2 282 0 12.0 14.8 10.5 3.5 2 1 3 4 4
6654.8 1139.0 -338.1 277 0 23.7 23.7 14.0 3.5 2 0 4 5 5
6796.8 -3191.2 -137.6 213 0 6.7 9.7 7.5 2.5 2 1 3 3 3
-5219.8 -6207.8 120.8 100 0 23.3 13.1 7.5 2.5 2 0 3 1 1
-5377.2 -6305.8 112.9 105 0 9.3 10.4 5.0 2.5 2 1 2 0 0
-5480.1 -6223.9 111.2 125 0 9.1 11.4 7.5 2.5 4 1 3 4 4
-5618.8 -6142.3 107.0 124 0 9.1 24.9 7.5 2.5 2 1 3 0 0
-5565.1 -6216.3 108.7 42 0 10.3 14.8 5.0 2.5 2 1 2 5 5
-5807.4 -5757.5 66.4 182 0 22.7 19.1 10.0 2.5 2 0 4 5 5
-5648.2 -6023.2 98.6 302 0 7.1 11.8 5.0 2.5 2 1 2 0 0
-5642.6 -6031.6 99.8 302 0 7.0 8.6 7.5 0.0 0 1 3 2 2
-5635.7 -6034.7 100.6 275 0 5.7 6.8 5.0 0.0 0 1 2 5 5
-5658.6 -5960.9 92.9 240 0 5.4 10.5 5.0 0.0 0 1 2 1 1
3881.6 -268.8 -275.8 52 0 16.8 20.0 10.0 2.5 2 1 4 3 3
3809.0 -181.2 -275.1 199 0 8.3 8.6 2.5 0.0 0 1 1 2 2
3847.3 -82.8 -286.1 194 0 13.4 14.2 5.0 2.5 2 1 2 2 2
3878.1 -29.8 -287.5 91 0 13.1 11.0 14.0 3.5 2 0 4 3 3
3888.7 -10.6 -288.6 94 0 10.8 14.0 14.0 3.5 2 1 4 0 0
3912.0 -11.1 -290.1 91 0 7.7 20.1 10.5 3.5 2 1 3 0 0
3951.4 54.3 -290.3 184 0 11.1 19.8 14.0 3.5 2 1 4 1 1
3985.1 108.0 -290.6 36 0 7.2 6.5 10.5 3.5 4 0 3 0 0
4014.0 158.8 -295.4 178 0 11.2 14.0 2.5 2.5 2 1 1 2 2
3997.8 196.4 -296.7 181 0 7.5 8.4 5.0 2.5 2 1 2 2 2
4037.2 220.5 -299.5 282 0 10.4 10.4 5.0 2.5 2 1 2 5 5
4070.4 211.9 -300.4 300 0 13.4 13.0 5.0 2.5 2 0 2 2 2
4115.9 252.5 -305.1 228 0 7.2 9.3 7.5 0.0 0 1 3 3 3
4129.2 380.4 -312.9 1 0 9.4 9.3 7.5 2.5 2 0 3 5 5
4139.0 504.3 -319.8 118 0 9.7 10.5 5.0 2.5 2 1 2 0 0
4158.2 583.4 -324.3 134 0 15.5 12.7 7.5 2.5 2 0 3 0 0
4146.0 596.6 -324.5 133 0 14.3 15.7 7.5 2.5 2 1 3 0 0
4108.4 645.6 -324.6 189 0 10.8 13.5 2.5 2.5 2 1 1 0 0
4121.2 740.6 -328.1 203 0 5.1 8.2 2.5 2.5 2 1 1 1 1
4112.5 810.2 -330.0 356 0 11.3 10.2 5.0 2.5 2 0 2 5 5
4164.7 843.6 -331.1 352 0 14.8 16.4 2.5 2.5 2 1 1 5 5
4163.9 811.8 -330.5 1 0 9.2 16.5 5.0 2.5 2 1 2 1 1
4190.1 925.3 -333.3 93 0 10.5 19.8 5.0 2.5 2 1 2 2 2
4261.2 922.3 -333.3 11 0 23.2 29.9 10.0 0.0 0 1 4 2 2
4269.0 919.5 -333.4 195 0 10.3 19.6 2.5 2.5 4 1 1 3 3
4266.1 874.4 -332.6 191 0 11.7 11.9 7.5 2.5 4 1 3 4 4
4461.6 885.1 -333.9 181 0 15.0 12.9 5.0 2.5 2 0 2 2 2
4502.9 919.2 -334.0 259 0 11.6 25.0 12.5 2.5 2 1 5 5 5
4537.9 927.0 -334.3 5 0 10.7 7.7 5.0 2.5 4 0 2 0 0
4583.2 935.4 -334.8 264 0 12.6 14.5 2.5 2.5 2 1 1 2 2
4636.8 945.7 -335.1 268 0 36.8 11.8 7.5 2.5 2 0 3 2 2
4675.4 953.0 -335.2 268 0 10.5 14.9 5.0 2.5 2 1 2 1 1
4687.6 953.7 -335.2 267 0 9.3 12.3 7.5 2.5 2 1 3 0 0
4782.9 958.5 -334.7 267 0 9.1 15.9 2.5 2.5 2 1 1 3 3
4936.7 759.6 -321.5 9 0 30.5 13.7 10.0 2.5 2 0 4 3 3
5007.8 785.8 -318.6 270 0 6.1 9.6 5.0 2.5 2 1 2 3 3
5061.1 739.9 -313.0 263 0 6.3 7.6 7.5 2.5 2 1 3 2 2
5123.2 867.6 -319.1 286 0 13.3 15.7 2.5 2.5 2 1 1 3 3
5228.2 853.0 -321.7 283 0 12.9 28.0 12.5 0.0 0 1 5 5 5
5207.9 855.4 -321.3 277 0 8.0 24.5 7.5 0.0 0 1 3 3 3
5133.5 812.6 -317.3 284 0 8.2 34.3 7.5 2.5 2 1 3 3 3
5117.2 826.7 -317.6 285 0 10.6 15.6 5.0 2.5 4 1 2 5 5
5135.5 831.8 -318.6 109 0 12.1 7.5 7.5 2.5 2 0 3 1 1
5105.9 845.7 -318.2 110 0 8.0 8.5 7.5 0.0 0 1 3 0 0
5081.6 957.0 -321.8 19 0 11.2 11.5 5.0 2.5 2 1 2 1 1
5078.8 906.8 -320.2 7 0 9.7 10.1 7.5 2.5 2 1 3 5 5
5059.8 946.8 -323.8 20 0 7.3 33.4 5.0 2.5 4 1 2 5 5
5008.5 945.4 -324.7 116 0 11.5 8.5 5.0 2.5 2 0 2 0 0
5025.4 1031.8 -327.6 291 0 9.2 5.9 7.5 2.5 2 0 3 1 1
5004.9 1029.8 -328.5 288 0 8.9 17.6 7.5 0.0 0 1 3 0 0
5104.1 642.4 -307.5 66 0 13.5 10.6 5.0 2.5 2 0 2 3 3
5064.7 600.3 -304.3 68 0 6.3 6.0 7.5 2.5 2 0 3 4 4
5104.8 774.0 -314.2 279 0 13.9 10.4 7.5 2.5 2 0 3 3 3
5228.1 783.3 -316.2 278 0 15.7 31.6 15.0 0.0 0 1 6 4 4
5339.5 784.9 -317.3 91 0 10.2 14.3 2.5 2.5 2 1 1 5 5
5547.3 666.9 -303.5 96 0 11.3 20.8 7.5 2.5 2 1 3 3 3
5600.4 558.8 -303.3 185 0 9.2 17.6 2.5 2.5 2 1 1 1 1
5663.1 667.0 -300.7 78 0 11.5 14.8 5.0 2.5 2 1 2 4 4
5747.7 800.1 -311.1 284 0 16.7 11.9 7.5 2.5 2 0 3 3 3
5670.4 701.6 -302.6 0 0 9.8 11.4 2.5 2.5 4 1 1 2 2
6197.3 342.1 -326.6 104 0 19.3 14.8 12.5 2.5 2 0 5 4 4
6210.1 331.2 -327.5 107 0 5.8 15.2 7.5 2.5 2 1 3 0 0
6303.2 366.2 -321.2 205 0 16.7 13.4 2.5 2.5 2 0 1 5 5
6332.3 178.4 -302.0 185 0 12.6 16.3 10.0 2.5 2 1 4 5 5
6495.3 297.6 -307.7 90 0 9.3 14.0 7.5 2.5 2 1 3 1 1
6851.2 314.3 -291.7 252 0 14.3 22.2 14.0 3.5 2 1 4 3 3
1468.9 -876.4 -31.3 265 0 6.4 6.6 5.0 2.5 2 1 2 3 3
1909.2 -1562.8 33.8 182 0 8.1 9.2 5.0 2.5 4 1 2 0 0
1913.7 -1577.8 33.9 182 0 8.1 5.6 7.5 0.0 0 0 3 3 3
1915.3 -1592.6 33.9 182 0 8.7 9.3 2.5 2.5 2 1 1 3 3
1925.6 -1637.8 32.3 182 0 8.4 5.1 5.0 2.5 4 0 2 0 0
1907.9 -1624.8 34.2 2 0 5.0 9.3 5.0 2.5 2 1 2 0 0
1904.2 -1607.8 34.1 4 0 8.0 8.6 2.5 2.5 2 1 1 2 2
1910.5 -1637.5 33.4 2 0 8.5 9.1 5.0 2.5 2 1 2 5 5
1856.0 -1675.1 34.4 94 0 5.0 8.9 5.0 2.5 2 1 2 2 2
1869.2 -1685.4 33.0 273 0 5.0 8.4 5.0 2.5 2 1 2 0 0
1899.6 -1663.8 32.7 94 0 5.4 9.2 7.5 2.5 2 1 3 5 5
1836.1 -1572.9 34.4 293 0 6.7 16.7 7.5 2.5 2 1 3 5 5
1825.6 -1682.3 35.4 96 0 4.8 8.5 7.5 2.5 2 1 3 4 4
1839.1 -1692.6 35.9 275 0 5.6 8.9 5.0 2.5 2 1 2 5 5
5200.7 -2335.1 -33.8 255 0 8.6 5.5 2.5 0.0 0 0 1 4 4
5218.8 -2374.8 -29.3 339 0 12.0 12.1 5.0 2.5 2 1 2 5 5
5266.0 -2455.7 -38.2 9 0 9.6 14.0 2.5 2.5 4 1 1 4 4
5277.1 -2535.6 -46.4 207 0 9.1 16.2 5.0 2.5 2 1 2 1 1
5261.3 -2564.0 -44.6 237 0 8.9 7.2 5.0 2.5 2 0 2 5 5
5210.3 -2617.5 -41.7 237 0 13.5 15.0 5.0 2.5 4 1 2 2 2
5097.7 -2521.7 -14.3 296 0 12.4 17.4 2.5 2.5 2 1 1 4 4
5093.6 -2458.6 -10.5 192 0 8.1 8.2 5.0 2.5 2 1 2 4 4
5024.3 -2575.6 -1.3 1 0 9.1 11.8 5.0 2.5 2 1 2 5 5
5046.2 -2193.7 -41.2 54 0 9.4 29.8 7.5 0.0 0 1 3 5 5
6707.8 -353.5 -250.6 153 0 12.9 8.5 7.5 2.5 2 0 3 4 4
6829.5 -28.1 -275.1 92 0 12.4 10.1 5.0 2.5 4 0 2 0 0
6820.9 187.4 -294.8 209 0 17.2 12.1 14.0 3.5 2 0 4 3 3
6657.9 -4071.2 -9.3 232 0 7.1 18.0 7.5 2.5 2 1 3 5 5
6678.4 -999.9 -256.4 240 0 11.8 9.1 5.0 2.5 2 0 2 5 5
6528.7 -1250.8 -247.1 109 0 5.0 17.4 5.0 2.5 2 1 2 1 1
5417.1 -2245.3 -60.5 113 0 17.6 11.9 2.5 2.5 2 0 1 3 3
5305.9 -2268.7 -44.2 221 0 15.4 17.7 12.5 2.5 2 1 5 2 2
5303.0 -2393.0 -43.2 145 0 11.3 8.0 5.0 0.0 0 0 2 5 5
5336.9 -2468.2 -48.5 26 0 10.6 9.0 7.5 2.5 2 0 3 5 5
5223.8 -2477.1 -34.1 357 0 22.0 12.3 12.5 2.5 2 0 5 5 5
5514.7 -3126.8 -72.8 68 0 10.7 16.3 5.0 2.5 2 1 2 3 3
6777.6 -3729.9 -118.8 287 0 8.5 9.2 5.0 2.5 2 1 2 1 1
761.9 -406.0 -26.3 102 0 7.0 5.2 7.5 2.5 2 0 3 4 4
439.4 -256.1 -5.2 103 0 6.0 15.4 5.0 2.5 2 1 2 4 4
-150.6 113.2 -2.9 208 0 5.4 7.6 5.0 2.5 2 1 2 0 0
-1878.6 1580.5 -299.8 158 0 6.6 8.2 7.5 2.5 4 1 3 0 0
-2814.1 937.9 -332.3 248 0 7.4 9.0 5.0 2.5 2 1 2 5 5
-2926.5 883.3 -328.6 261 0 11.9 5.6 2.5 2.5 2 0 1 1 1
-2992.9 882.3 -321.9 66 0 10.3 14.0 7.5 2.5 2 1 3 4 4
-2996.6 932.0 -327.8 327 0 9.0 13.0 5.0 2.5 2 1 2 3 3
-3084.7 1070.1 -327.8 308 0 7.9 10.6 2.5 2.5 2 1 1 3 3
-3321.2 1351.5 -334.8 218 0 9.9 11.7 7.5 2.5 2 1 3 1 1
-4322.4 -91.4 -334.9 63 0 7.3 11.5 2.5 2.5 2 1 1 0 0
-4342.6 -138.9 -334.3 68 0 10.6 9.0 2.5 2.5 2 0 1 3 3
-4411.8 -224.5 -329.6 78 0 14.2 20.5 12.5 2.5 2 1 5 2 2
-4445.8 -178.5 -331.4 86 0 8.2 16.4 5.0 2.5 2 1 2 1 1
-4463.7 -165.0 -327.9 83 0 10.1 12.5 7.5 2.5 2 1 3 2 2
-4559.1 -161.5 -311.9 161 0 11.6 12.3 7.5 2.5 2 1 3 2 2
-4568.2 -144.7 -313.0 152 0 6.8 14.6 5.0 2.5 2 1 2 0 0
-4589.8 -117.4 -312.4 129 0 5.3 9.3 5.0 2.5 2 1 2 4 4
-4626.2 -95.9 -304.3 331 0 10.3 10.2 5.0 0.0 0 0 2 1 1
-4614.4 -117.1 -302.8 329 0 10.8 11.2 7.5 2.5 2 1 3 4 4
-4615.0 -103.5 -306.5 328 0 9.7 12.1 2.5 2.5 2 1 1 5 5
-4591.4 48.4 -330.3 148 0 6.9 9.9 5.0 2.5 2 1 2 3 3
-4869.9 164.9 -318.5 357 0 6.9 7.1 5.0 0.0 0 1 2 3 3
-4831.9 -130.3 -239.5 88 0 7.9 15.1 2.5 2.5 4 1 1 1 1
-5890.6 254.5 -332.6 78 0 7.6 5.9 7.5 2.5 2 0 3 0 0
-5984.6 217.2 -324.7 111 0 4.9 7.6 5.0 2.5 4 1 2 3 3
-6008.8 43.9 -329.9 225 0 6.4 9.5 7.5 0.0 0 1 3 3 3
-6153.6 -702.2 -305.7 274 0 4.3 7.0 2.5 2.5 2 1 1 4 4
-6305.5 -916.9 -250.5 94 0 10.8 24.9 15.0 0.0 0 1 6 3 3
-4586.3 -6441.1 161.7 304 0 5.1 8.2 7.5 2.5 2 1 3 0 0
-4829.7 -6738.6 142.4 31 0 9.0 20.1 5.0 2.5 2 1 2 3 3
-4235.1 -7734.7 194.0 53 0 6.5 15.8 5.0 2.5 2 1 2 3 3
-4293.8 -7755.8 206.6 122 0 8.5 5.5 2.5 2.5 2 0 1 2 2
6428.9 -360.4 -277.5 108 0 8.1 8.5 7.5 2.5 4 1 3 0 0
5881.9 -648.9 -287.2 3 0 13.7 10.0 10.0 2.5 2 0 4 3 3
5878.9 -550.6 -290.8 13 0 9.3 6.0 5.0 2.5 2 0 2 5 5
5879.1 -566.1 -290.0 352 0 9.6 6.2 5.0 2.5 2 0 2 5 5
5882.2 -598.3 -289.2 2 0 9.8 6.8 5.0 2.5 4 0 2 0 0
5883.2 -669.2 -286.4 2 0 10.4 6.4 7.5 2.5 2 0 3 0 0
5882.6 -693.5 -285.3 3 0 9.1 6.4 7.5 2.5 2 0 3 3 3
5882.2 -705.0 -284.8 4 0 9.6 6.9 7.5 2.5 2 0 3 3 3
5881.9 -717.3 -284.3 360 0 10.6 6.9 5.0 2.5 2 0 2 0 0
5883.0 -619.9 -288.3 0 0 5.7 7.3 5.0 2.5 2 1 2 4 4
5882.6 -633.9 -287.8 2 0 12.8 10.2 5.0 2.5 2 0 2 4 4
5720.3 197.7 -288.6 165 0 17.2 16.1 12.5 2.5 2 0 5 0 0
1703.7 664.4 -315.3 28 0 12.7 16.9 5.0 2.5 2 1 2 0 0
-4319.4 -101.4 -334.2 153 0 8.0 9.4 7.5 2.5 2 1 3 4 4
-5598.0 -3013.4 100.0 269 0 7.1 15.3 5.0 2.5 4 1 2 4 4
-3546.9 -2180.1 -131.7 114 0 7.1 7.8 5.0 2.5 2 1 2 5 5
-4051.6 -937.3 -299.9 279 0 6.7 7.0 5.0 2.5 2 1 2 2 2
-4075.2 -936.2 -302.2 73 0 13.5 7.8 7.5 2.5 4 0 3 4 4
-4176.9 -950.0 -298.8 55 0 8.7 7.1 7.5 2.5 2 0 3 4 4
-4217.5 -1024.8 -275.1 256 0 8.4 8.4 2.5 0.0 0 0 1 1 1
-4140.5 -952.0 -296.9 67 0 10.1 5.7 5.0 2.5 4 0 2 5 5
-4080.9 -976.6 -290.2 358 0 6.4 14.6 5.0 2.5 2 1 2 5 5
-4074.4 -964.2 -293.1 345 0 9.3 6.6 2.5 2.5 2 0 1 3 3
-4135.0 -911.7 -310.1 61 0 7.3 6.9 2.5 2.5 2 0 1 2 2
-4180.0 -713.1 -322.1 174 0 7.2 16.0 7.5 2.5 2 1 3 2 2
-4185.9 -667.0 -325.3 3 0 7.6 8.5 7.5 2.5 2 1 3 0 0
-4155.7 -620.6 -325.9 176 0 11.0 6.9 2.5 2.5 2 0 1 1 1
-4180.7 -562.3 -327.8 7 0 5.7 12.9 5.0 2.5 2 1 2 3 3
-4016.3 -428.1 -311.0 197 0 24.9 8.9 5.0 2.5 2 0 2 2 2
-4042.6 -549.4 -314.8 174 0 12.4 12.3 5.0 2.5 2 0 2 4 4
-4041.0 -527.8 -310.9 174 0 10.9 11.2 5.0 2.5 2 1 2 4 4
-4047.1 -561.3 -316.4 174 0 7.0 8.5 7.5 2.5 2 1 3 4 4
-4040.0 -569.0 -313.8 174 0 8.6 9.8 5.0 2.5 2 1 2 3 3
-4051.4 -364.8 -318.7 155 0 6.4 9.3 5.0 2.5 2 1 2 5 5
-4107.6 -325.8 -326.1 341 0 12.4 20.6 12.5 2.5 2 1 5 5 5
-4201.3 -189.7 -318.1 232 0 18.6 9.4 5.0 2.5 4 0 2 2 2
-4198.3 -163.5 -312.9 212 0 8.8 8.5 7.5 0.0 0 0 3 5 5
4250.8 597.1 -327.5 5 0 12.5 14.5 10.0 0.0 0 1 4 3 3
4271.4 459.9 -322.1 312 0 12.8 17.6 2.5 2.5 2 1 1 0 0
4295.4 390.3 -320.7 151 0 7.4 12.7 2.5 2.5 2 1 1 0 0
4317.4 430.9 -323.6 174 0 16.2 11.5 5.0 2.5 2 0 2 5 5
4422.3 337.8 -326.6 100 0 13.9 9.2 5.0 2.5 2 0 2 1 1
4377.9 260.6 -323.7 190 0 12.3 21.4 7.5 2.5 2 1 3 0 0
4501.2 -221.4 -282.6 94 0 7.0 11.7 5.0 2.5 2 1 2 2 2
5951.0 -205.3 -315.8 294 0 8.8 8.5 7.5 2.5 2 0 3 2 2
6188.6 -124.1 -312.0 267 0 11.9 11.7 2.5 2.5 2 0 1 5 5
6750.8 -8972.6 122.3 275 0 4.9 9.0 5.0 2.5 2 1 2 2 2
6675.4 -9012.9 122.1 189 0 5.8 9.8 5.0 2.5 2 1 2 4 4
6748.6 -9095.2 131.2 274 0 6.5 7.1 7.5 2.5 2 1 3 4 4
6695.6 -9176.8 112.0 100 0 14.8 13.7 2.5 2.5 2 0 1 2 2
6736.2 -9091.1 130.7 278 0 6.6 8.6 5.0 2.5 2 1 2 5 5
6741.1 -8977.2 122.2 277 0 6.8 15.6 5.0 2.5 2 1 2 0 0
6707.4 -9016.2 124.1 195 0 4.0 12.3 7.5 2.5 2 1 3 0 0
6671.3 -9064.9 123.4 197 0 10.1 8.0 5.0 2.5 2 0 2 1 1
6666.7 -9048.9 122.8 180 0 10.6 8.9 2.5 0.0 0 0 1 3 3
6758.1 -9128.5 122.9 18 0 10.1 9.6 7.5 2.5 2 0 3 1 1
6697.8 -8996.3 121.5 131 0 7.5 6.6 5.0 2.5 2 0 2 5 5
6668.6 -9088.4 123.2 185 0 12.3 10.3 5.0 2.5 2 0 2 5 5
6702.9 -9154.0 117.5 111 0 9.9 14.7 7.5 2.5 2 1 3 5 5
6693.8 -9072.5 125.9 279 0 5.4 7.2 5.0 2.5 2 1 2 3 3
6709.3 -9006.4 123.0 192 0 12.6 9.2 5.0 2.5 4 0 2 0 0
6771.7 -8996.9 123.1 205 0 6.9 5.6 7.5 2.5 4 0 3 2 2
6718.1 -9106.4 126.0 194 0 16.8 19.9 12.5 0.0 0 1 5 4 4
6771.5 -9052.0 127.9 292 0 15.4 16.9 12.5 0.0 0 1 5 1 1
6781.8 -8973.2 120.5 30 0 7.5 5.9 7.5 2.5 2 0 3 1 1
6732.5 -9016.4 124.7 100 0 6.9 7.0 5.0 2.5 2 1 2 0 0
6742.7 -9123.3 124.9 10 0 5.4 9.5 7.5 2.5 2 1 3 3 3
6794.3 -9105.7 127.9 3 0 9.9 8.3 2.5 2.5 2 0 1 1 1
6706.2 -9110.4 126.6 359 0 7.8 7.3 7.5 2.5 2 0 3 3 3
6784.0 -9089.1 129.1 274 0 8.1 9.5 2.5 2.5 2 1 1 1 1
6099.9 1091.6 -331.4 183 0 35.2 18.0 10.0 0.0 0 0 4 5 5
6057.2 1134.3 -334.7 93 0 13.0 6.8 5.0 2.5 2 0 2 2 2
6545.4 1075.0 -333.9 277 0 14.2 15.5 10.5 3.5 2 1 3 0 0
6705.3 1021.0 -331.6 11 0 12.6 10.2 14.0 3.5 2 0 4 3 3
6827.8 1034.1 -331.8 216 0 26.4 14.6 17.5 3.5 2 0 5 0 0
6759.1 1029.9 -331.6 91 0 8.1 12.3 10.5 3.5 2 1 3 5 5
6588.5 1059.6 -333.7 270 0 12.9 20.3 14.0 3.5 2 1 4 5 5
6640.4 1033.0 -333.0 275 0 10.6 6.5 10.5 3.5 2 0 3 4 4
6766.9 937.3 -327.0 102 0 21.6 25.0 14.0 3.5 2 1 4 0 0
6673.8 1033.2 -332.3 271 0 12.7 12.6 14.0 3.5 2 0 4 3 3
6749.2 1013.8 -330.1 275 0 11.1 24.3 14.0 3.5 2 1 4 3 3
6653.5 1035.1 -332.8 274 0 10.2 21.5 14.0 3.5 2 0 4 5 5
6718.7 1059.5 -334.6 7 0 38.7 24.8 14.0 0.0 0 0 4 4 4
6708.0 1005.9 -331.0 185 0 34.5 13.6 14.0 3.5 2 0 4 4 4
6937.6 -3650.9 -142.2 14 0 7.0 12.8 5.0 2.5 2 1 2 1 1
5364.8 -3097.7 -14.5 77 0 4.9 8.8 7.5 2.5 2 1 3 3 3
5239.5 -2844.4 -25.9 309 0 13.6 10.3 7.5 2.5 2 0 3 0 0
5089.3 -2618.1 -17.9 116 0 7.9 10.7 5.0 2.5 2 1 2 4 4
4975.3 -2629.3 4.9 327 0 14.2 10.9 7.5 2.5 2 0 3 5 5
5044.8 -2652.5 -9.7 27 0 9.0 5.7 5.0 2.5 4 0 2 0 0
6588.9 -322.7 -262.1 2 0 9.6 8.7 7.5 2.5 2 0 3 4 4
6445.3 -63.2 -298.0 92 0 12.4 11.6 5.0 2.5 2 0 2 3 3
6183.4 -67.0 -317.9 28 0 24.2 13.4 12.5 2.5 2 0 5 4 4
6144.2 -103.9 -318.4 86 0 12.1 20.4 5.0 2.5 2 1 2 3 3
6106.3 -160.1 -317.5 21 0 15.7 15.7 10.0 2.5 2 1 4 4 4
6156.2 -131.0 -314.2 242 0 11.0 13.2 7.5 2.5 2 1 3 1 1
6321.1 463.4 -326.8 27 0 9.4 14.3 7.5 2.5 2 1 3 5 5
4554.5 -7780.9 118.7 132 0 9.4 25.5 7.5 2.5 4 1 3 4 4
6913.0 -390.0 -251.7 48 0 12.6 10.8 7.5 2.5 4 0 3 1 1
5453.9 1047.4 -330.5 3 0 16.2 12.8 5.0 2.5 2 0 2 5 5
5362.6 1087.9 -330.7 288 0 12.2 17.6 7.5 2.5 2 1 3 1 1
6793.5 312.3 -293.4 92 0 9.9 12.3 10.5 3.5 2 1 3 0 0
3805.6 -9158.1 90.3 165 0 4.8 24.1 5.0 2.5 2 1 2 3 3
3793.7 -9152.6 87.2 276 0 7.8 18.9 7.5 0.0 0 1 3 5 5
-3248.9 -8260.7 150.6 293 0 10.3 18.5 5.0 0.0 0 1 2 4 4
-3272.9 -8279.6 155.7 30 0 7.9 44.4 7.5 2.5 4 1 3 4 4
3587.0 764.9 -331.2 274 0 12.1 20.3 10.5 3.5 2 1 3 2 2
2397.4 676.7 -318.2 270 0 6.4 9.0 10.5 3.5 2 1 3 4 4
