5388.9 -9651.0 8.0 348 0 23.1 23.4 7.5 2.5 2 1 3 3 3
5410.4 -9613.8 2.5 98 0 16.2 30.1 12.5 2.5 2 1 5 3 3
5106.6 -9730.2 0.9 286 0 33.4 16.5 10.0 2.5 2 0 4 1 1
-16.2 9767.8 -24.8 105 0 12.0 16.0 7.5 0.0 0 1 3 0 0
-145.6 9836.1 -23.7 148 0 9.2 23.7 7.5 0.0 0 1 3 0 0
-140.8 9731.5 -25.0 156 0 13.7 26.5 10.0 2.5 4 1 4 5 5
4974.8 -8514.6 -12.0 276 0 11.6 13.6 5.0 2.5 2 1 2 3 3
4869.7 -8525.0 -19.0 217 0 18.0 11.3 7.5 2.5 2 0 3 2 2
4906.9 -8563.2 -6.1 234 0 13.3 10.7 7.5 2.5 4 0 3 3 3
4894.9 -8586.5 -2.0 137 0 9.3 8.2 2.5 2.5 2 0 1 3 3
4920.6 -8550.4 -8.8 233 0 14.0 10.3 5.0 2.5 2 0 2 3 3
4834.1 -8568.8 -11.4 218 0 19.6 12.7 5.0 2.5 2 0 2 5 5
4977.0 -8540.5 -7.5 353 0 11.3 12.0 2.5 2.5 2 1 1 0 0
4875.1 -8561.6 -9.5 315 0 11.9 16.5 5.0 2.5 2 1 2 5 5
4886.3 -8550.0 -13.4 138 0 10.1 11.2 7.5 2.5 2 1 3 5 5
4985.7 -8571.6 -2.8 86 0 7.4 17.8 7.5 2.5 2 1 3 5 5
4905.1 -8495.7 -20.4 270 0 12.5 10.6 7.5 2.5 2 0 3 0 0
4883.9 -8507.0 -20.5 224 0 20.8 11.5 7.5 2.5 2 0 3 0 0
4940.3 -8511.0 -16.3 55 0 12.3 11.4 10.0 2.5 2 0 4 3 3
4962.2 -8575.0 -1.5 73 0 7.2 11.2 5.0 2.5 2 1 2 5 5
5004.2 -8553.5 -7.2 339 0 18.0 10.8 10.0 2.5 2 0 4 2 2
4855.8 -8587.8 -6.9 50 0 16.5 10.2 7.5 2.5 2 0 3 0 0
4857.7 -8662.9 3.2 43 0 10.5 22.4 7.5 2.5 2 1 3 1 1
