-444.8 1020.8 -183.7 281 0 18.1 52.2 5.0 2.5 2 1 2 3 3
-407.2 1013.0 -185.9 281 0 18.3 51.9 7.5 2.5 2 0 3 0 0
-356.1 974.3 -189.6 192 0 55.7 17.6 7.5 2.5 2 0 3 1 1
-301.9 991.7 -190.9 282 0 18.1 56.2 7.5 2.5 2 1 3 3 3
-10.9 1478.2 -212.8 121 0 6.5 12.0 5.0 2.5 2 1 2 4 4
-417.8 932.0 -186.2 282 0 11.4 17.5 2.5 0.0 0 1 1 3 3
-460.7 1110.5 -186.9 286 0 9.8 11.5 7.5 2.5 2 1 3 4 4
-1292.3 616.3 -181.0 9 0 8.5 12.4 7.5 2.5 2 1 3 0 0
-1306.6 499.3 -168.5 280 0 28.2 45.5 10.0 0.0 0 1 4 3 3
-1420.8 467.8 -167.2 281 0 36.7 16.2 12.5 2.5 2 0 5 2 2
-1457.7 518.8 -173.6 280 0 24.7 47.9 12.5 0.0 0 1 5 5 5
-1494.3 460.4 -168.7 191 0 14.9 50.1 10.0 2.5 2 1 4 2 2
-1256.2 487.6 -166.5 10 0 11.4 6.6 7.5 2.5 2 0 3 1 1
-878.6 1299.2 -197.5 184 0 10.3 11.2 5.0 2.5 2 1 2 2 2
-1442.1 759.1 -195.8 90 0 7.9 15.4 7.5 2.5 2 1 3 1 1
-1414.2 822.8 -200.7 90 0 7.3 15.5 7.5 2.5 2 1 3 0 0
-1485.9 838.2 -201.3 359 0 11.7 12.1 7.5 2.5 2 1 3 4 4
-1429.7 875.0 -203.3 23 0 18.4 33.1 12.5 0.0 0 1 5 5 5
-1372.0 894.7 -204.6 23 0 20.4 56.8 10.0 0.0 0 1 4 0 0
-1382.2 957.3 -206.1 192 0 23.0 23.7 12.5 2.5 2 1 5 4 4
-1395.4 995.5 -207.4 178 0 8.1 16.0 7.5 2.5 2 1 3 4 4
-1393.2 1085.0 -211.7 267 0 9.8 12.0 7.5 2.5 4 1 3 1 1
-1330.7 1059.0 -210.4 93 0 11.9 11.6 10.0 0.0 0 0 4 2 2
-1378.2 1058.5 -210.2 179 0 9.8 11.9 7.5 0.0 0 1 3 2 2
-228.3 784.6 -177.8 98 0 32.0 15.9 17.5 0.0 0 0 7 5 5
-175.3 777.3 -179.2 102 0 30.9 21.0 12.5 0.0 0 0 5 5 5
-1183.4 954.2 -206.5 9 0 18.9 80.6 10.0 2.5 2 1 4 1 1
-1190.7 910.9 -204.7 9 0 17.5 80.8 12.5 2.5 2 1 5 1 1
-894.2 1344.9 -196.6 281 0 7.4 15.0 7.5 0.0 0 1 3 0 0
-1503.6 606.7 -183.0 146 0 8.3 8.6 2.5 2.5 2 1 1 1 1
-1483.5 620.1 -184.2 142 0 8.0 9.4 7.5 2.5 2 1 3 2 2
-1471.7 585.4 -180.4 96 0 9.5 8.8 5.0 0.0 0 0 2 1 1
-1457.9 588.1 -180.0 6 0 8.8 5.2 5.0 0.0 0 0 2 1 1
-1223.5 628.6 -180.5 277 0 9.4 22.0 5.0 0.0 0 0 2 4 4
-1414.2 1528.3 -210.3 358 0 21.0 8.5 2.5 2.5 2 0 1 1 1
-1720.9 858.2 -205.4 306 0 15.3 14.0 7.5 0.0 0 0 3 5 5
-1794.0 590.3 -194.8 277 0 7.5 11.9 7.5 2.5 2 0 3 0 0
-1774.8 575.2 -195.1 98 0 7.5 11.2 7.5 2.5 2 0 3 1 1
-1832.7 538.2 -186.3 95 0 7.9 11.4 5.0 2.5 2 0 2 5 5
-1853.4 539.0 -183.8 92 0 7.2 11.3 5.0 2.5 2 0 2 3 3
-1846.1 540.3 -185.0 90 0 7.1 11.4 5.0 2.5 2 0 2 3 3
-1873.7 540.4 -181.6 93 0 8.0 11.9 5.0 2.5 2 0 2 4 4
-1866.7 541.4 -182.7 94 0 7.4 11.5 2.5 2.5 2 0 1 4 4
-1916.9 548.7 -184.2 89 0 7.7 12.5 7.5 2.5 2 0 3 3 3
-1925.9 581.0 -189.8 180 0 11.7 10.6 5.0 2.5 2 0 2 5 5
-1879.4 592.4 -191.4 268 0 6.9 11.3 5.0 2.5 2 0 2 4 4
-1872.1 594.5 -191.7 272 0 7.1 11.5 5.0 2.5 2 0 2 5 5
-1858.8 587.9 -190.9 271 0 7.0 11.5 5.0 2.5 2 0 2 5 5
-1851.9 589.3 -191.2 268 0 6.7 11.4 7.5 2.5 2 0 3 4 4
-2002.6 548.5 -184.3 180 0 11.1 7.2 5.0 2.5 2 0 2 2 2
-2002.0 580.6 -187.9 177 0 11.5 10.3 7.5 2.5 2 0 3 5 5
-1986.7 588.7 -188.4 268 0 10.6 12.1 2.5 2.5 2 0 1 2 2
-1970.7 587.6 -188.7 265 0 10.3 11.8 2.5 2.5 2 0 1 1 1
-1960.4 589.6 -189.2 267 0 10.2 12.2 5.0 2.5 2 0 2 3 3
-2000.3 528.0 -181.2 292 0 7.6 12.2 7.5 0.0 0 1 3 0 0
-2095.1 546.5 -181.8 90 0 7.0 11.2 2.5 2.5 2 1 1 3 3
-2087.8 548.0 -182.2 90 0 6.1 11.2 2.5 2.5 2 1 1 3 3
-2097.7 586.4 -184.6 272 0 7.1 11.7 5.0 0.0 0 1 2 5 5
-2090.4 587.1 -184.9 270 0 6.0 11.3 7.5 2.5 2 1 3 2 2
-2119.3 546.8 -181.2 95 0 7.2 12.1 7.5 2.5 2 0 3 2 2
-2111.7 547.5 -181.4 95 0 7.2 10.6 7.5 2.5 2 0 3 4 4
-2112.8 587.3 -184.3 271 0 10.1 11.2 7.5 2.5 2 0 3 0 0
-991.2 1344.1 -196.2 11 0 6.7 12.2 2.5 2.5 2 1 1 2 2
-5823.5 7178.5 -188.5 324 0 14.6 19.4 10.0 2.5 2 1 4 4 4
6120.1 10336.6 -205.6 271 0 18.7 22.0 12.5 2.5 2 1 5 0 0
6099.2 10370.2 -206.3 90 0 18.2 19.2 7.5 2.5 2 1 3 2 2
6212.8 10322.3 -210.0 86 0 13.6 16.1 5.0 2.5 2 1 2 3 3
6056.9 10198.1 -207.5 351 0 11.6 5.7 5.0 2.5 2 0 2 3 3
6076.0 10314.3 -203.4 183 0 17.7 18.3 10.0 2.5 2 1 4 0 0
6175.2 10377.2 -210.0 93 0 15.9 15.4 7.5 2.5 2 0 3 0 0
6291.0 9950.6 -218.2 166 0 28.7 17.4 7.5 0.0 0 0 3 2 2
6148.6 10343.9 -207.2 267 0 16.4 20.2 10.0 2.5 2 1 4 2 2
6354.3 9845.7 -218.5 4 0 16.0 21.1 7.5 2.5 2 1 3 0 0
6061.6 10372.1 -204.5 93 0 18.7 19.5 15.0 0.0 0 1 6 5 5
6139.6 10372.1 -208.4 93 0 21.5 19.6 10.0 0.0 0 0 4 0 0
6677.4 9767.8 -212.7 343 0 9.9 50.3 7.5 2.5 4 1 3 4 4
6210.3 10380.5 -212.1 88 0 21.5 20.3 10.0 2.5 2 0 4 4 4
6182.0 10344.9 -208.9 270 0 20.1 19.2 12.5 2.5 2 0 5 4 4
4195.6 10870.6 -202.6 67 0 9.8 12.6 5.0 0.0 0 1 2 3 3
4649.5 10719.2 -205.4 250 0 14.7 12.2 2.5 2.5 2 0 1 3 3
4078.7 10565.6 -201.4 162 0 9.3 7.7 7.5 2.5 2 0 3 4 4
4106.6 10618.3 -201.7 340 0 35.9 18.7 5.0 0.0 0 0 2 4 4
4677.1 10720.9 -204.5 275 0 17.6 12.0 5.0 2.5 2 0 2 5 5
4915.1 10593.9 -203.0 337 0 20.8 12.5 10.0 2.5 2 0 4 0 0
4194.2 10659.6 -202.6 80 0 6.8 11.9 5.0 2.5 2 1 2 3 3
4073.7 10579.1 -201.4 166 0 6.0 6.7 7.5 2.5 2 1 3 4 4
4821.3 10720.4 -204.9 69 0 11.1 9.1 5.0 2.5 2 0 2 5 5
-6807.1 5052.9 -245.3 70 0 13.1 18.0 10.0 2.5 2 1 4 1 1
-6794.5 5086.7 -241.7 250 0 13.1 17.9 5.0 2.5 2 1 2 2 2
-6838.7 5104.1 -240.4 250 0 13.1 17.9 2.5 2.5 2 1 1 4 4
-6885.7 5049.1 -243.4 167 0 8.6 24.6 7.5 2.5 2 1 3 3 3
-6899.4 5057.8 -240.9 65 0 14.7 13.9 5.0 2.5 2 0 2 4 4
-6684.8 5090.0 -242.3 250 0 13.1 17.9 5.0 2.5 2 1 2 1 1
-6784.2 5088.1 -240.9 250 0 13.1 17.9 2.5 2.5 2 1 1 0 0
-6703.0 5095.1 -241.7 250 0 13.1 17.9 5.0 2.5 2 1 2 3 3
-6651.2 5114.4 -233.6 250 0 13.1 18.0 2.5 2.5 2 1 1 0 0
-6684.3 5105.9 -237.9 250 0 13.1 17.9 5.0 2.5 2 1 2 2 2
-6721.2 5100.8 -240.0 250 0 13.1 17.9 5.0 2.5 2 1 2 5 5
-6810.8 5083.4 -243.2 250 0 13.1 17.9 5.0 2.5 4 1 2 0 0
-6791.7 5114.4 -236.5 250 0 13.1 17.9 7.5 2.5 2 1 3 4 4
-6802.8 5120.6 -236.3 281 0 13.0 20.1 10.0 2.5 2 1 4 5 5
-6826.6 5118.4 -236.8 335 0 14.0 14.7 2.5 2.5 2 1 1 1 1
-6733.5 5100.6 -238.9 292 0 13.1 13.7 5.0 0.0 0 1 2 0 0
-6917.4 5044.2 -241.3 65 0 14.7 13.9 7.5 2.5 2 0 3 1 1
-6650.7 5072.6 -240.8 70 0 13.1 17.9 10.0 2.5 2 1 4 5 5
-6844.9 5073.9 -242.1 156 0 12.8 18.9 7.5 2.5 2 1 3 3 3
-6857.3 5127.6 -235.3 160 0 18.0 13.1 5.0 2.5 2 0 2 3 3
5037.7 4367.6 -97.0 105 0 6.9 6.9 5.0 2.5 2 0 2 4 4
4921.8 4388.6 -102.5 92 0 7.5 7.0 5.0 2.5 2 0 2 4 4
4941.1 4396.9 -101.8 357 0 6.8 4.8 7.5 2.5 2 0 3 4 4
4904.7 4388.0 -102.9 85 0 9.8 3.7 5.0 2.5 2 0 2 1 1
4637.7 4394.5 -105.1 288 0 33.1 17.0 12.5 2.5 2 0 5 2 2
-3186.0 1310.6 -233.6 250 0 7.9 16.3 5.0 2.5 4 1 2 2 2
-3101.6 1174.3 -227.0 92 0 7.9 16.3 5.0 2.5 2 1 2 2 2
-3117.5 1176.0 -227.3 92 0 7.9 16.3 7.5 0.0 0 1 3 3 3
-3155.8 1202.1 -229.1 92 0 7.9 16.3 5.0 2.5 2 1 2 3 3
-3124.4 1200.7 -228.8 92 0 7.9 16.3 5.0 2.5 2 1 2 2 2
-3109.9 1247.5 -231.4 136 0 7.9 16.2 2.5 2.5 2 1 1 5 5
-3124.0 1272.7 -232.0 226 0 16.2 8.0 7.5 2.5 2 0 3 4 4
-3142.2 1288.3 -232.5 226 0 16.2 7.9 2.5 2.5 4 0 1 0 0
-3189.7 1287.4 -233.4 250 0 7.9 16.3 5.0 2.5 2 1 2 5 5
-3177.7 1291.4 -233.2 250 0 7.9 16.3 5.0 0.0 0 1 2 5 5
-3197.8 1306.8 -233.8 250 0 7.9 16.3 7.5 2.5 4 1 3 2 2
-5315.6 -2592.3 236.9 238 0 14.8 26.8 10.0 2.5 2 1 4 0 0
-1277.0 7391.3 -237.9 325 0 12.4 16.9 5.0 2.5 2 1 2 2 2
-1689.1 10778.5 -176.7 256 0 22.0 14.6 7.5 2.5 2 0 3 0 0
3823.8 10216.1 -200.9 232 0 17.5 10.5 5.0 2.5 2 0 2 4 4
-1176.3 2096.7 -236.1 98 0 26.4 18.2 7.5 2.5 2 0 3 5 5
-1260.3 2101.6 -236.6 178 0 11.0 10.1 5.0 2.5 2 0 2 3 3
-1168.0 1372.5 -210.4 278 0 57.6 54.0 12.5 0.0 0 0 5 2 2
-210.8 878.0 -187.4 281 0 92.0 16.6 15.0 2.5 2 0 6 2 2
4641.1 9718.6 -186.9 194 0 8.7 10.3 7.5 2.5 2 1 3 5 5
4653.3 9780.2 -187.5 194 0 8.7 10.3 5.0 2.5 2 1 2 5 5
4659.4 9810.7 -187.9 194 0 8.7 10.3 7.5 2.5 4 1 3 4 4
4637.1 9767.4 -189.9 14 0 8.7 10.3 5.0 2.5 2 1 2 1 1
4625.9 9722.8 -189.7 14 0 8.7 10.3 2.5 2.5 2 1 1 2 2
-1285.8 9484.9 -173.4 91 0 10.3 9.2 5.0 2.5 2 0 2 0 0
-1368.8 9171.2 -184.0 264 0 16.8 15.8 10.0 2.5 2 0 4 4 4
