670.1 -5369.1 -118.9 164 0 9.9 9.0 7.5 2.5 2 0 3 3 3
680.9 -5343.2 -116.4 180 0 7.7 13.5 7.5 2.5 2 1 3 1 1
696.5 -5365.5 -117.7 343 0 13.7 10.0 5.0 2.5 2 0 2 3 3
694.6 -5148.8 -122.9 93 0 11.0 26.3 7.5 2.5 2 1 3 5 5
667.7 -5361.5 -119.2 163 0 3.9 14.6 2.5 0.0 0 1 1 1 1
673.9 -5380.9 -118.3 169 0 10.8 10.8 7.5 2.5 2 1 3 3 3
659.2 -5108.0 -122.8 272 0 19.4 33.7 12.5 0.0 0 1 5 4 4
883.4 -5067.7 -124.7 48 0 45.6 9.2 7.5 2.5 2 0 3 4 4
-4694.9 -2961.8 -29.2 176 0 20.4 11.0 5.0 2.5 2 0 2 3 3
-4891.0 -3165.3 22.2 315 0 6.4 6.6 5.0 2.5 2 1 2 5 5
-4744.1 -2995.3 -18.9 349 0 27.2 13.5 10.0 2.5 2 0 4 5 5
-4707.7 -2978.8 -26.8 176 0 10.3 9.9 5.0 2.5 2 0 2 0 0
-4673.0 -2935.0 -28.2 269 0 15.3 25.4 12.5 2.5 2 1 5 5 5
-4742.3 -2919.7 -22.0 357 0 14.8 10.0 7.5 0.0 0 0 3 1 1
-4728.5 -2939.8 -23.3 354 0 13.2 32.8 10.0 2.5 2 1 4 4 4
-4761.2 -2863.9 -20.4 268 0 10.5 29.8 10.0 2.5 2 1 4 1 1
-4748.3 -2963.8 -19.4 349 0 24.3 13.7 12.5 2.5 2 0 5 4 4
-4738.7 -3021.0 -18.4 346 0 14.0 13.0 5.0 2.5 2 0 2 2 2
6801.3 5004.9 -143.2 70 0 13.1 17.9 2.5 0.0 0 1 1 5 5
6386.7 4929.9 -146.3 243 0 10.3 7.9 5.0 0.0 0 0 2 3 3
6349.6 4739.0 -149.2 160 0 17.9 13.1 7.5 2.5 4 0 3 4 4
6617.1 4924.4 -147.1 160 0 17.9 13.1 7.5 2.5 2 0 3 3 3
6780.6 4878.8 -150.7 340 0 17.9 13.1 7.5 2.5 2 0 3 2 2
6573.7 5081.3 -139.1 335 0 13.9 14.7 5.0 2.5 2 1 2 1 1
6257.4 4719.5 -147.1 340 0 17.9 13.1 5.0 2.5 2 0 2 3 3
6779.4 5034.8 -141.4 250 0 13.1 17.9 7.5 2.5 2 1 3 4 4
6346.2 4845.4 -147.3 153 0 7.8 10.3 5.0 2.5 2 1 2 2 2
6871.0 5052.1 -142.0 264 0 9.4 7.9 7.5 2.5 2 0 3 4 4
6625.3 4773.5 -152.7 65 0 14.7 13.9 5.0 2.5 2 0 2 2 2
6593.1 4903.7 -149.5 250 0 13.1 17.9 7.5 2.5 2 1 3 5 5
6597.0 4939.4 -146.1 160 0 17.9 13.1 7.5 2.5 2 0 3 5 5
6214.3 4673.4 -147.0 160 0 17.9 13.1 7.5 2.5 2 0 3 5 5
6745.2 4933.6 -146.3 340 0 17.9 13.1 7.5 2.5 4 0 3 5 5
6553.1 5109.1 -139.3 335 0 13.9 14.7 10.0 2.5 2 1 4 5 5
6296.6 4683.5 -149.6 340 0 17.9 13.1 5.0 2.5 2 0 2 2 2
6400.2 4740.5 -149.7 153 0 7.9 10.3 5.0 2.5 2 1 2 4 4
6654.4 4793.4 -152.7 65 0 14.7 13.9 2.5 2.5 2 0 1 3 3
6715.8 4952.3 -145.0 340 0 17.9 13.1 2.5 0.0 0 0 1 1 1
6379.0 5027.6 -142.1 65 0 14.7 13.9 5.0 2.5 2 0 2 1 1
6508.9 4900.1 -148.8 267 0 5.8 10.5 7.5 2.5 2 1 3 2 2
6340.6 4949.1 -144.8 250 0 13.1 17.9 7.5 2.5 2 1 3 4 4
6719.6 5010.5 -141.2 250 0 13.1 17.9 5.0 0.0 0 1 2 2 2
6484.8 4647.1 -152.5 70 0 13.1 17.9 7.5 2.5 2 1 3 1 1
6388.8 4916.1 -146.6 243 0 10.3 7.9 5.0 2.5 2 0 2 2 2
6213.3 4628.4 -148.1 160 0 17.9 13.1 5.0 2.5 2 0 2 2 2
6642.3 4903.4 -148.5 160 0 17.9 13.1 5.0 2.5 2 0 2 5 5
6271.4 4724.7 -147.6 340 0 17.9 13.1 7.5 2.5 2 0 3 1 1
6684.1 4976.3 -143.8 250 0 13.1 17.9 7.5 0.0 0 1 3 5 5
6451.1 4895.6 -148.1 267 0 5.8 10.5 5.0 2.5 2 1 2 5 5
6504.8 4782.9 -150.9 65 0 14.7 13.9 10.0 2.5 2 0 4 3 3
6498.1 4900.6 -148.6 267 0 5.8 10.5 5.0 2.5 2 1 2 2 2
6307.6 4843.9 -146.2 160 0 17.9 13.1 7.5 2.5 2 0 3 3 3
6729.8 4958.4 -144.5 340 0 17.9 13.1 10.0 2.5 2 0 4 2 2
6640.7 4760.6 -153.2 65 0 14.7 13.9 7.5 2.5 2 0 3 4 4
6617.9 4953.4 -145.8 250 0 13.1 17.9 5.0 2.5 2 1 2 5 5
6781.3 4973.5 -143.9 70 0 13.1 17.9 10.0 2.5 2 1 4 2 2
6225.5 4716.0 -146.3 160 0 17.9 13.1 5.0 2.5 2 0 2 2 2
6396.4 4748.9 -149.5 153 0 7.9 10.3 2.5 2.5 2 1 1 0 0
6254.4 4615.8 -150.1 160 0 17.9 13.1 7.5 2.5 2 0 3 4 4
6664.2 4794.4 -152.8 65 0 14.7 13.9 5.0 2.5 2 0 2 5 5
6723.2 4928.0 -146.8 340 0 17.9 13.1 5.0 2.5 2 0 2 4 4
6466.3 4623.2 -152.6 65 0 14.7 13.9 7.5 2.5 2 0 3 3 3
6930.0 5053.5 -145.9 340 0 17.9 13.1 10.0 2.5 4 0 4 3 3
6367.2 4950.5 -145.9 250 0 13.1 17.9 5.0 2.5 2 1 2 2 2
6700.5 5003.0 -141.8 250 0 13.1 17.9 5.0 2.5 2 1 2 1 1
6481.5 4684.5 -151.8 65 0 14.7 13.9 7.5 2.5 2 0 3 2 2
6750.0 4967.9 -143.0 70 0 13.1 17.9 7.5 2.5 2 1 3 0 0
6488.3 4789.3 -150.4 87 0 5.8 10.5 7.5 2.5 4 1 3 2 2
6742.5 5055.0 -137.9 250 0 13.1 17.9 2.5 2.5 4 1 1 5 5
6302.2 4638.0 -150.7 340 0 17.9 13.1 2.5 2.5 2 0 1 0 0
6711.3 4967.4 -143.2 70 0 13.1 17.9 7.5 2.5 2 1 3 2 2
6885.8 5055.0 -143.8 250 0 13.1 17.9 7.5 2.5 2 1 3 3 3
6358.0 4646.7 -150.8 160 0 17.9 13.1 10.0 2.5 2 0 4 5 5
6728.5 4968.3 -143.0 70 0 13.1 17.9 7.5 2.5 2 1 3 2 2
6532.8 4704.9 -152.5 65 0 14.7 13.9 2.5 2.5 2 0 1 5 5
6429.4 4783.5 -149.5 155 0 13.9 14.7 5.0 2.5 2 1 2 3 3
6796.7 4978.2 -144.6 70 0 13.1 17.9 2.5 0.0 0 1 1 1 1
6221.3 4752.5 -145.2 160 0 17.9 13.1 7.5 2.5 2 0 3 1 1
6794.3 5047.5 -141.6 250 0 13.1 17.9 2.5 2.5 2 1 1 4 4
6289.6 4613.7 -151.0 340 0 17.9 13.1 2.5 2.5 4 0 1 2 2
6471.5 4899.6 -148.2 267 0 5.8 10.5 7.5 2.5 2 1 3 4 4
6432.1 4552.9 -153.3 70 0 13.1 17.9 10.0 2.5 2 1 4 5 5
6634.2 4942.1 -146.5 250 0 13.1 17.9 2.5 2.5 2 1 1 2 2
6458.4 4699.7 -151.2 65 0 14.7 13.9 7.5 2.5 4 0 3 1 1
6261.6 4653.5 -149.0 340 0 17.9 13.1 7.5 2.5 2 0 3 0 0
6764.9 4968.8 -143.3 70 0 13.1 17.9 5.0 0.0 0 1 2 4 4
6265.5 4745.4 -146.6 70 0 13.1 17.9 7.5 2.5 2 1 3 5 5
6741.1 5037.7 -139.1 250 0 13.1 17.9 10.0 2.5 2 1 4 4 4
6533.6 4903.1 -149.1 267 0 5.8 10.5 5.0 2.5 2 1 2 1 1
6869.1 5039.2 -144.3 257 0 10.3 13.0 2.5 2.5 4 1 1 1 1
6528.4 4670.9 -152.8 65 0 14.7 13.9 5.0 2.5 4 0 2 0 0
6547.3 5016.1 -140.5 155 0 13.9 14.7 7.5 2.5 2 1 3 5 5
6628.2 4912.6 -148.7 250 0 13.1 17.9 5.0 2.5 2 1 2 4 4
6461.6 4813.8 -149.8 245 0 14.7 13.9 2.5 2.5 2 0 1 1 1
6227.8 4643.0 -148.3 160 0 17.9 13.1 7.5 2.5 2 0 3 5 5
6669.1 4913.0 -148.1 340 0 17.9 13.1 10.0 2.5 2 0 4 1 1
6214.3 4770.3 -144.5 160 0 17.9 13.1 7.5 2.5 2 0 3 0 0
6615.7 4762.3 -152.9 65 0 14.7 13.9 5.0 2.5 2 0 2 0 0
6426.1 5087.5 -142.8 245 0 14.7 13.9 7.5 2.5 4 0 3 3 3
6521.0 4902.2 -148.9 267 0 5.8 10.5 5.0 2.5 2 1 2 2 2
6815.2 5047.3 -142.2 245 0 14.7 13.9 7.5 2.5 2 0 3 5 5
6508.6 4866.9 -149.4 327 0 12.2 21.4 10.0 2.5 2 1 4 3 3
6636.5 4967.4 -144.7 250 0 13.1 17.9 10.0 2.5 2 1 4 0 0
6702.3 4798.1 -153.3 65 0 14.7 13.9 5.0 2.5 2 0 2 5 5
6558.4 4816.6 -151.0 57 0 21.4 12.2 7.5 2.5 2 0 3 1 1
6250.5 4779.1 -145.8 250 0 13.1 17.9 7.5 2.5 2 1 3 0 0
6654.1 4806.5 -152.5 74 0 21.5 11.7 15.0 0.0 0 0 6 4 4
6435.9 4764.1 -150.0 155 0 13.9 14.7 7.5 2.5 2 1 3 1 1
6547.0 4967.1 -144.1 155 0 13.9 14.7 2.5 2.5 2 1 1 3 3
6538.3 4902.0 -149.2 267 0 5.8 10.5 2.5 2.5 2 1 1 5 5
6665.9 5018.9 -140.8 250 0 13.1 17.9 5.0 0.0 0 1 2 3 3
6501.3 5078.1 -140.7 155 0 13.9 14.7 5.0 2.5 2 1 2 3 3
6514.5 4840.5 -150.2 237 0 21.4 12.2 12.5 2.5 2 0 5 5 5
6535.0 4853.6 -150.1 237 0 21.4 12.2 10.0 2.5 2 0 4 1 1
6850.3 5035.8 -145.2 250 0 13.1 17.9 5.0 2.5 4 1 2 2 2
6533.3 5126.2 -139.4 245 0 14.7 13.9 5.0 2.5 2 0 2 2 2
6527.8 4905.2 -148.9 267 0 5.8 10.5 5.0 2.5 2 1 2 2 2
6666.9 4996.0 -142.5 250 0 13.1 17.9 5.0 2.5 2 1 2 5 5
6622.0 5000.9 -142.1 245 0 14.7 13.9 5.0 2.5 2 0 2 0 0
6451.8 4852.5 -148.8 335 0 13.9 14.7 5.0 2.5 2 1 2 0 0
6566.8 4800.2 -151.5 57 0 21.4 12.2 7.5 2.5 2 0 3 5 5
6607.5 4807.0 -151.7 65 0 14.7 13.9 5.0 2.5 2 0 2 4 4
6464.9 4770.2 -150.1 65 0 14.7 13.9 10.0 2.5 2 0 4 1 1
6843.4 4990.8 -146.9 70 0 13.1 17.9 7.5 0.0 0 1 3 4 4
6435.2 4811.4 -149.1 155 0 13.9 14.7 10.0 2.5 2 1 4 5 5
6537.2 5029.2 -140.3 155 0 13.9 14.7 7.5 2.5 2 1 3 5 5
6212.9 4733.8 -145.4 160 0 17.9 13.1 5.0 2.5 2 0 2 0 0
6858.3 4994.1 -147.7 70 0 13.1 17.9 5.0 2.5 2 1 2 1 1
6451.1 4940.1 -146.5 357 0 10.6 5.8 7.5 2.5 2 0 3 3 3
6518.8 5070.2 -140.5 245 0 14.7 13.9 2.5 2.5 2 0 1 1 1
6687.3 4921.9 -147.4 340 0 17.9 13.1 5.0 0.0 0 0 2 0 0
6280.8 4747.3 -147.2 70 0 13.1 17.9 5.0 0.0 0 1 2 3 3
6599.5 4977.0 -143.9 245 0 14.7 13.9 5.0 0.0 0 0 2 3 3
6820.5 5029.7 -144.4 250 0 13.1 17.9 7.5 2.5 2 1 3 1 1
6466.2 4666.3 -151.9 70 0 13.1 17.9 7.5 2.5 2 1 3 5 5
6538.2 4984.5 -142.9 155 0 13.9 14.7 2.5 0.0 0 1 1 2 2
6420.4 4938.3 -146.7 267 0 5.8 10.5 5.0 2.5 4 1 2 0 0
6425.9 4825.2 -148.8 155 0 13.9 14.7 2.5 0.0 0 1 1 0 0
6665.9 4950.5 -145.8 250 0 13.1 17.9 7.5 2.5 2 1 3 2 2
6753.2 4995.0 -141.0 65 0 14.7 13.9 2.5 2.5 2 0 1 4 4
6587.8 4765.6 -152.5 57 0 21.4 12.2 10.0 2.5 2 0 4 4 4
6218.3 4809.1 -143.8 250 0 13.1 17.9 7.5 2.5 2 1 3 0 0
6684.8 4790.8 -153.2 65 0 14.7 13.9 10.0 2.5 2 0 4 2 2
6615.7 4838.1 -151.3 65 0 14.7 13.9 5.0 0.0 0 0 2 2 2
6811.6 4981.0 -145.4 70 0 13.1 17.9 7.5 2.5 2 1 3 3 3
6574.7 4786.2 -151.9 57 0 21.4 12.2 10.0 2.5 2 0 4 5 5
6557.0 4759.5 -152.2 57 0 21.4 12.2 15.0 0.0 0 0 6 4 4
6614.2 4978.6 -143.7 245 0 14.7 13.9 5.0 2.5 2 0 2 4 4
6872.8 5012.8 -146.1 75 0 10.9 11.8 5.0 2.5 2 1 2 3 3
6469.8 4939.2 -146.4 357 0 10.5 5.8 7.5 2.5 2 0 3 1 1
6699.6 5029.7 -139.9 250 0 13.1 17.9 5.0 2.5 2 1 2 4 4
6764.9 5055.9 -139.1 250 0 13.1 17.9 5.0 2.5 4 1 2 3 3
6333.7 5013.8 -139.3 65 0 14.7 13.9 5.0 2.5 2 0 2 2 2
6831.7 5055.9 -142.3 250 0 13.1 17.9 5.0 2.5 2 1 2 1 1
6458.1 4741.3 -150.5 65 0 14.7 13.9 5.0 2.5 4 0 2 0 0
6578.1 5034.2 -139.6 335 0 13.9 14.7 5.0 2.5 2 1 2 2 2
6564.8 5093.9 -139.2 335 0 13.9 14.7 5.0 2.5 2 1 2 1 1
6783.6 4997.9 -142.5 70 0 13.1 17.9 5.0 2.5 2 1 2 5 5
6353.0 4867.0 -147.0 153 0 7.9 10.3 5.0 2.5 2 1 2 3 3
6582.2 4774.9 -152.3 57 0 21.4 12.2 7.5 2.5 2 0 3 5 5
6552.3 4773.5 -151.9 57 0 21.4 12.2 10.0 2.5 2 0 4 2 2
6626.7 4793.2 -152.3 65 0 14.7 13.9 5.0 0.0 0 0 2 5 5
6589.8 4831.1 -151.0 65 0 14.7 13.9 5.0 2.5 2 0 2 1 1
6258.3 4693.8 -147.8 340 0 17.9 13.1 5.0 2.5 2 0 2 0 0
6647.4 4777.0 -152.9 65 0 14.7 13.9 2.5 2.5 2 0 1 5 5
6774.1 5059.2 -139.2 245 0 14.7 13.9 5.0 2.5 2 0 2 2 2
6345.3 4909.8 -146.1 250 0 13.1 17.9 5.0 2.5 2 1 2 2 2
6502.1 4900.1 -148.7 267 0 5.8 10.5 7.5 2.5 2 1 3 4 4
6844.3 5055.0 -142.6 250 0 13.1 17.9 5.0 2.5 2 1 2 5 5
6563.2 4749.8 -152.5 57 0 21.4 12.2 10.0 2.5 2 0 4 1 1
6611.8 4907.0 -149.2 250 0 13.1 17.9 2.5 0.0 0 1 1 1 1
6210.5 4691.2 -146.4 160 0 17.9 13.1 7.5 2.5 2 0 3 4 4
6305.9 4767.3 -147.8 340 0 17.9 13.1 2.5 2.5 2 0 1 5 5
6613.8 4992.2 -142.7 245 0 14.7 13.9 5.0 2.5 2 0 2 3 3
6395.6 4932.5 -146.5 243 0 10.3 7.9 7.5 2.5 2 0 3 3 3
6504.5 4670.0 -152.4 70 0 13.1 17.9 7.5 2.5 2 1 3 4 4
6544.4 4786.2 -151.5 57 0 21.4 12.2 7.5 2.5 2 0 3 2 2
6458.5 4893.1 -148.2 267 0 5.8 10.5 7.5 2.5 2 1 3 0 0
6390.8 4761.4 -149.2 153 0 7.8 10.3 5.0 2.5 2 1 2 3 3
6514.6 5014.0 -141.2 155 0 13.9 14.7 2.5 2.5 2 1 1 5 5
6517.9 4688.3 -152.4 65 0 14.7 13.9 5.0 2.5 2 0 2 0 0
6436.4 4917.7 -147.2 357 0 10.6 5.8 7.5 2.5 2 0 3 1 1
6546.6 5077.1 -139.9 335 0 13.9 14.7 10.0 2.5 2 1 4 1 1
6358.9 4817.6 -147.9 153 0 7.8 10.3 7.5 2.5 2 1 3 3 3
6765.9 4997.4 -141.5 70 0 13.1 17.9 7.5 2.5 2 1 3 2 2
6515.8 5111.9 -140.0 245 0 14.7 13.9 2.5 2.5 2 0 1 1 1
6684.6 5004.4 -141.8 250 0 13.1 17.9 5.0 2.5 2 1 2 0 0
6524.6 5045.3 -140.5 155 0 13.9 14.7 7.5 2.5 2 1 3 2 2
6414.0 4809.1 -148.9 155 0 13.9 14.7 5.0 2.5 2 1 2 3 3
6535.4 4734.0 -152.3 335 0 13.9 14.7 5.0 0.0 0 1 2 1 1
6800.4 5036.3 -142.7 250 0 13.1 17.9 2.5 2.5 2 1 1 3 3
6354.8 4568.5 -152.1 160 0 17.9 13.1 10.0 2.5 4 0 4 2 2
6570.8 4984.9 -142.7 155 0 13.9 14.7 2.5 2.5 2 1 1 2 2
6409.7 4966.0 -145.7 250 0 13.1 17.9 5.0 2.5 4 1 2 2 2
6909.9 5047.9 -144.9 340 0 17.9 13.1 5.0 2.5 4 0 2 4 4
6381.8 4654.2 -151.1 160 0 17.9 13.1 2.5 2.5 2 0 1 5 5
6538.4 4680.1 -153.0 65 0 14.7 13.9 5.0 2.5 2 0 2 4 4
6419.8 4799.0 -149.1 155 0 13.9 14.7 5.0 2.5 2 1 2 0 0
6932.5 5014.8 -149.0 56 0 47.4 13.8 10.0 2.5 2 0 4 2 2
6314.8 4605.3 -151.3 340 0 17.9 13.1 5.0 2.5 2 0 2 5 5
6528.4 4997.6 -142.0 155 0 13.9 14.7 7.5 2.5 2 1 3 2 2
6382.6 4956.2 -146.1 250 0 13.1 17.9 2.5 2.5 2 1 1 5 5
6598.4 5006.8 -141.5 335 0 13.9 14.7 5.0 2.5 2 1 2 1 1
6370.6 4622.8 -151.4 160 0 17.9 13.1 10.0 2.5 2 0 4 0 0
6455.6 5064.1 -142.3 65 0 14.7 13.9 2.5 2.5 2 0 1 5 5
6521.6 4662.8 -152.8 65 0 14.7 13.9 2.5 2.5 2 0 1 0 0
6536.4 4804.9 -150.9 57 0 21.4 12.2 10.0 2.5 4 0 4 3 3
6434.6 4684.5 -151.1 63 0 10.3 7.9 5.0 2.5 4 0 2 2 2
6629.1 4891.1 -150.3 250 0 13.1 17.9 5.0 2.5 2 1 2 1 1
6269.5 4678.8 -148.7 340 0 17.9 13.1 2.5 2.5 2 0 1 3 3
6555.2 5062.8 -139.9 335 0 13.9 14.7 7.5 2.5 2 1 3 5 5
6445.6 4974.4 -144.9 250 0 13.1 17.9 5.0 2.5 2 1 2 4 4
6430.4 5052.7 -143.2 65 0 14.7 13.9 5.0 2.5 2 0 2 5 5
6405.5 4632.1 -151.6 70 0 13.1 17.9 7.5 2.5 4 1 3 2 2
6593.6 4879.8 -150.6 250 0 13.1 17.9 5.0 2.5 2 1 2 5 5
6507.5 4852.6 -149.9 237 0 21.4 12.2 10.0 2.5 2 0 4 0 0
6234.3 4662.6 -148.1 160 0 17.9 13.1 5.0 2.5 4 0 2 5 5
6651.0 4966.0 -144.7 250 0 13.1 17.9 5.0 2.5 2 1 2 2 2
6543.4 4839.1 -150.6 237 0 21.4 12.2 7.5 2.5 2 0 3 2 2
6309.1 4887.6 -144.8 153 0 7.8 10.3 2.5 0.0 0 1 1 4 4
6399.9 4964.1 -145.9 250 0 13.1 17.9 10.0 2.5 2 1 4 1 1
6481.8 4897.0 -148.4 267 0 5.8 10.5 7.5 2.5 2 1 3 1 1
6528.0 4815.7 -150.6 57 0 21.4 12.2 10.0 2.5 4 0 4 1 1
6596.6 4919.3 -147.5 160 0 17.9 13.1 10.0 2.5 2 0 4 3 3
6651.0 4944.0 -146.3 250 0 13.1 17.9 10.0 0.0 0 1 4 1 1
6528.9 4871.4 -149.6 237 0 21.4 12.2 7.5 2.5 2 0 3 3 3
6589.5 5018.0 -140.8 335 0 13.9 14.7 2.5 2.5 2 1 1 5 5
6494.5 4803.7 -150.3 65 0 14.7 13.9 5.0 2.5 2 0 2 4 4
6932.9 5086.9 -142.7 335 0 13.9 14.7 2.5 2.5 2 1 1 2 2
6682.3 5022.7 -140.5 250 0 13.1 17.9 5.0 2.5 2 1 2 3 3
6609.0 4885.0 -150.6 250 0 13.1 17.9 5.0 2.5 2 1 2 5 5
6509.0 4639.3 -153.0 65 0 14.7 13.9 5.0 2.5 2 0 2 4 4
6570.9 5050.1 -139.6 335 0 13.9 14.7 5.0 2.5 2 1 2 3 3
6366.4 4918.7 -146.3 243 0 10.3 7.9 2.5 2.5 2 0 1 4 4
6391.9 4718.7 -150.3 250 0 13.1 17.9 5.0 2.5 2 1 2 5 5
6370.2 4686.0 -150.3 160 0 17.9 13.1 2.5 2.5 2 0 1 1 1
6647.3 4993.2 -142.8 250 0 13.1 17.9 5.0 2.5 2 1 2 1 1
6528.4 4740.3 -152.0 65 0 14.7 13.9 10.0 2.5 2 0 4 5 5
6267.0 4590.0 -151.3 160 0 17.9 13.1 7.5 2.5 4 0 3 4 4
6614.3 4789.4 -152.2 65 0 14.7 13.9 7.5 2.5 2 0 3 0 0
6442.7 4791.3 -149.6 155 0 13.9 14.7 7.5 2.5 2 1 3 4 4
6363.6 4910.0 -146.4 243 0 10.3 7.9 7.5 2.5 2 0 3 3 3
6466.5 4972.0 -144.6 340 0 17.9 13.1 7.5 0.0 0 0 3 4 4
6413.9 4656.4 -151.3 70 0 13.1 17.9 2.5 2.5 2 1 1 5 5
6673.8 4799.5 -152.9 65 0 14.7 13.9 10.0 2.5 2 0 4 2 2
6408.6 4721.8 -150.2 153 0 7.8 10.3 5.0 2.5 2 1 2 0 0
6632.0 4781.7 -152.6 65 0 14.7 13.9 5.0 2.5 2 0 2 4 4
6832.7 5084.7 -137.5 273 0 11.9 9.4 7.5 2.5 4 0 3 0 0
6452.7 4645.2 -152.1 70 0 13.1 17.9 7.5 0.0 0 1 3 0 0
6363.5 4721.5 -149.8 250 0 13.1 17.9 7.5 2.5 4 1 3 4 4
6418.8 4704.4 -150.6 153 0 7.8 10.3 2.5 2.5 2 1 1 4 4
6467.9 4833.5 -149.7 245 0 14.7 13.9 7.5 2.5 2 0 3 1 1
6637.4 4771.2 -152.9 65 0 14.7 13.9 5.0 2.5 2 0 2 4 4
6705.5 4925.1 -147.1 340 0 17.9 13.1 7.5 2.5 2 0 3 4 4
6298.0 4785.1 -147.0 340 0 17.9 13.1 5.0 2.5 4 0 2 1 1
6405.6 4829.8 -148.4 160 0 17.9 13.1 2.5 2.5 2 0 1 1 1
6588.6 5060.2 -139.0 335 0 13.9 14.7 2.5 2.5 4 1 1 2 2
6714.5 4844.6 -152.0 68 0 9.5 5.0 5.0 2.5 2 0 2 4 4
6393.1 4687.5 -150.7 160 0 17.9 13.1 5.0 2.5 4 0 2 3 3
6273.2 4514.4 -152.4 70 0 13.1 17.9 5.0 2.5 2 1 2 0 0
6665.9 4973.0 -144.1 250 0 13.1 17.9 5.0 2.5 2 1 2 5 5
6555.9 5002.2 -141.5 155 0 13.9 14.7 2.5 2.5 2 1 1 1 1
6289.7 4728.5 -148.0 70 0 13.1 17.9 7.5 2.5 4 1 3 5 5
6736.0 4850.8 -151.5 70 0 13.1 17.9 10.0 2.5 2 1 4 4 4
6415.8 4713.8 -150.4 153 0 7.8 10.3 7.5 2.5 2 1 3 3 3
6694.8 4949.5 -145.3 340 0 17.9 13.1 5.0 2.5 2 0 2 0 0
6215.2 4653.3 -147.6 160 0 17.9 13.1 2.5 2.5 2 0 1 4 4
6716.4 5032.5 -139.6 250 0 13.1 17.9 7.5 2.5 2 1 3 3 3
6524.9 5098.1 -140.0 245 0 14.7 13.9 7.5 2.5 2 0 3 0 0
-2690.0 -3202.9 -148.5 38 0 13.0 11.9 2.5 2.5 2 0 1 3 3
-2858.4 -3268.4 -145.7 308 0 9.5 11.4 7.5 0.0 0 1 3 1 1
-2832.9 -3020.3 -150.0 201 0 6.4 6.9 7.5 2.5 2 1 3 4 4
-2938.1 -3235.1 -143.1 308 0 11.9 13.0 5.0 2.5 2 1 2 3 3
-2952.2 -3209.5 -141.7 308 0 11.9 13.0 5.0 2.5 2 1 2 3 3
-2868.6 -3265.4 -145.9 308 0 5.5 9.6 5.0 2.5 2 1 2 4 4
-2954.2 -3258.5 -142.4 128 0 11.9 13.0 7.5 2.5 2 1 3 0 0
2881.5 9150.5 -127.6 73 0 18.1 14.4 7.5 2.5 2 0 3 4 4
2782.8 9683.7 -154.1 55 0 19.4 15.0 10.0 2.5 2 0 4 3 3
2760.2 9400.8 -137.6 349 0 13.1 22.8 10.0 2.5 4 1 4 5 5
2490.0 9087.3 -137.9 163 0 14.4 18.1 7.5 0.0 0 1 3 2 2
3007.4 9740.9 -151.3 73 0 18.1 14.4 10.0 2.5 2 0 4 5 5
3030.5 9744.8 -151.0 73 0 18.1 14.4 10.0 2.5 2 0 4 0 0
2877.1 9327.2 -133.4 161 0 20.4 22.3 10.0 0.0 0 1 4 3 3
2715.2 9446.5 -139.6 150 0 13.5 21.2 12.5 2.5 2 1 5 2 2
2788.6 9387.7 -135.2 149 0 11.9 23.5 10.0 2.5 2 1 4 0 0
3044.5 9744.1 -150.6 73 0 18.1 14.4 7.5 2.5 2 0 3 5 5
2486.5 9210.2 -143.1 180 0 64.6 18.7 12.5 2.5 2 0 5 1 1
2538.9 9477.5 -148.4 77 0 8.9 23.6 7.5 0.0 0 1 3 4 4
2943.1 9736.5 -152.8 70 0 10.8 18.7 2.5 2.5 2 1 1 0 0
2765.3 9611.9 -150.2 328 0 10.0 14.3 2.5 2.5 2 1 1 0 0
2411.3 9548.8 -155.4 86 0 11.5 17.3 5.0 2.5 2 1 2 3 3
3093.7 9745.5 -149.8 73 0 18.0 14.4 10.0 2.5 2 0 4 2 2
3047.6 9570.9 -142.4 73 0 18.1 14.4 7.5 2.5 2 0 3 5 5
2721.0 9521.5 -141.5 117 0 16.5 18.4 12.5 2.5 2 1 5 0 0
3151.1 9571.6 -141.7 73 0 18.1 14.4 10.0 2.5 2 0 4 4 4
2774.2 9709.1 -154.8 234 0 32.6 8.9 7.5 2.5 2 0 3 0 0
2486.7 9442.0 -149.9 74 0 25.2 8.7 5.0 2.5 2 0 2 0 0
2736.4 9483.4 -139.3 151 0 9.2 25.1 5.0 2.5 2 1 2 3 3
3057.6 9587.9 -142.3 253 0 18.1 14.4 7.5 2.5 2 0 3 0 0
2851.4 9748.0 -154.9 225 0 8.2 8.5 7.5 2.5 2 0 3 2 2
2722.8 9593.4 -148.3 234 0 18.0 17.3 12.5 2.5 2 0 5 3 3
2768.2 9426.1 -136.8 167 0 11.3 18.2 5.0 2.5 2 1 2 1 1
3022.4 9690.9 -148.9 7 0 12.6 19.1 5.0 2.5 2 1 2 1 1
2827.4 9424.9 -135.9 317 0 14.6 23.0 10.0 2.5 2 0 4 5 5
2750.0 9458.0 -138.3 144 0 12.4 23.7 10.0 2.5 2 1 4 5 5
2411.8 9340.2 -148.5 328 0 38.0 19.8 10.0 0.0 0 0 4 5 5
2612.2 9081.2 -135.9 73 0 18.1 14.4 10.0 2.5 2 0 4 3 3
2970.6 9732.9 -151.8 73 0 18.0 14.4 7.5 2.5 2 0 3 2 2
2746.1 9422.0 -138.3 330 0 12.4 19.9 5.0 2.5 2 1 2 3 3
2990.2 9739.0 -151.6 73 0 18.1 14.4 15.0 0.0 0 0 6 3 3
2471.5 9399.1 -149.3 317 0 29.0 23.8 10.0 0.0 0 0 4 3 3
3064.6 9748.4 -150.5 73 0 18.0 14.4 10.0 2.5 2 0 4 3 3
3068.5 9720.3 -148.4 253 0 18.1 14.4 7.5 0.0 0 0 3 0 0
2522.5 9450.6 -148.5 74 0 23.8 8.9 7.5 2.5 2 0 3 5 5
2863.3 9751.9 -154.8 246 0 9.0 9.2 5.0 2.5 2 1 2 5 5
2679.2 9446.2 -142.1 353 0 14.6 24.1 10.0 2.5 2 1 4 4 4
2780.6 9406.4 -135.7 151 0 10.5 25.7 10.0 2.5 2 0 4 1 1
2424.2 9136.2 -141.1 0 0 15.9 24.7 7.5 2.5 2 1 3 5 5
3178.9 9629.4 -143.9 253 0 18.0 14.4 10.0 2.5 2 0 4 2 2
2434.9 9052.1 -137.9 73 0 18.0 14.4 10.0 0.0 0 0 4 0 0
2821.3 9445.0 -136.5 338 0 16.5 21.1 15.0 0.0 0 1 6 1 1
2738.2 9689.0 -155.2 229 0 14.9 9.1 5.0 2.5 2 0 2 4 4
2756.7 9440.3 -137.6 149 0 11.4 21.8 7.5 0.0 0 1 3 3 3
2493.3 9118.7 -139.2 73 0 18.0 14.4 10.0 2.5 2 0 4 4 4
2788.1 9537.4 -140.1 319 0 18.9 21.2 12.5 2.5 2 1 5 1 1
2425.1 9214.2 -144.5 0 0 65.1 16.3 10.0 2.5 2 0 4 5 5
2791.2 9480.8 -137.2 338 0 8.6 9.9 5.0 2.5 4 1 2 1 1
-4294.5 -6322.2 144.1 185 0 27.1 13.0 12.5 2.5 2 0 5 0 0
-4331.6 8974.6 -143.2 272 0 14.4 13.0 7.5 2.5 2 0 3 0 0
1504.3 -3403.0 -148.8 226 0 17.0 17.6 12.5 2.5 2 1 5 2 2
1546.5 -3535.7 -144.5 51 0 14.3 12.0 7.5 2.5 2 0 3 3 3
1528.3 -3551.5 -144.9 47 0 7.9 9.2 5.0 2.5 2 1 2 5 5
1514.6 -3519.8 -145.4 230 0 6.5 9.6 7.5 2.5 2 0 3 5 5
1533.9 -3504.9 -144.9 226 0 14.8 11.8 7.5 2.5 2 0 3 4 4
1519.6 -3515.6 -145.3 230 0 6.5 9.6 7.5 2.5 2 0 3 3 3
4316.0 10641.1 -158.2 260 0 13.4 17.1 7.5 2.5 2 1 3 4 4
-4765.7 -2913.7 -20.4 178 0 29.8 10.5 15.0 0.0 0 0 6 3 3
-4742.7 -2878.5 -20.5 358 0 29.8 10.5 12.5 2.5 2 0 5 1 1
-2885.5 -3256.7 -145.9 311 0 6.8 12.7 7.5 2.5 4 1 3 1 1
-2851.9 -3309.3 -143.9 38 0 11.4 9.5 2.5 2.5 2 0 1 3 3
