6377.4 6126.9 -7.1 100 0 39.9 74.5 7.5 0.0 0 1 3 4 4
6257.5 6149.1 -8.0 101 0 41.6 101.5 10.0 0.0 0 1 4 3 3
6489.5 6150.3 -7.1 354 0 32.1 61.1 7.5 0.0 0 1 3 3 3
6503.6 6262.3 -5.9 313 0 49.9 29.5 10.0 0.0 0 0 4 1 1
6317.2 6136.5 -7.3 100 0 39.7 86.8 10.0 0.0 0 1 4 2 2
6346.3 6405.8 -7.8 306 0 17.9 20.5 7.5 2.5 2 1 3 5 5
6124.7 6237.2 -7.6 180 0 109.2 45.1 5.0 0.0 0 0 2 3 3
6581.0 6159.7 -6.5 352 0 21.7 57.7 7.5 0.0 0 1 3 3 3
-2045.6 8366.6 -4.0 8 0 10.0 11.8 5.0 2.5 4 0 2 4 4
-1921.2 8275.5 -3.2 10 0 10.9 35.5 10.0 2.5 2 1 4 2 2
5925.3 9804.7 -8.8 237 0 14.8 13.5 7.5 2.5 2 0 3 4 4
-2100.8 8674.6 -2.9 351 0 13.6 14.8 5.0 2.5 2 1 2 2 2
-700.5 10609.8 -8.6 353 0 37.3 9.3 7.5 2.5 2 0 3 4 4
-761.0 10622.9 -8.7 255 0 18.1 47.0 7.5 2.5 2 1 3 4 4
6864.4 5900.4 -8.1 281 0 28.7 42.7 10.0 0.0 0 1 4 0 0
6936.7 5871.7 -8.2 268 0 49.6 13.8 7.5 2.5 2 0 3 0 0
6942.5 5923.0 -7.9 108 0 44.7 9.4 7.5 2.5 2 0 3 3 3
6940.5 5897.2 -8.1 99 0 46.0 17.0 10.0 2.5 2 0 4 0 0
6935.5 5809.3 -8.5 88 0 48.4 38.5 5.0 0.0 0 0 2 3 3
6731.4 6177.3 -6.6 47 0 61.8 12.6 10.0 2.5 2 0 4 3 3
6672.2 6171.4 -6.5 137 0 19.7 61.5 7.5 0.0 0 1 3 2 2
6396.2 6067.3 -7.8 285 0 20.0 9.4 8.0 2.5 2 0 2 3 3
6430.9 5919.6 -9.2 286 0 24.0 11.6 10.0 2.5 4 0 4 3 3
6369.5 5861.3 -9.7 106 0 31.0 62.8 10.0 0.0 0 0 4 3 3
6319.6 5872.4 -9.4 106 0 8.3 66.2 7.5 2.5 2 0 3 0 0
6338.6 5866.8 -9.7 106 0 31.5 66.2 10.0 0.0 0 0 4 0 0
6390.0 5962.8 -8.7 105 0 36.1 20.2 10.0 0.0 0 0 4 1 1
6450.0 5958.2 -8.6 105 0 29.4 7.8 8.0 2.5 2 0 2 4 4
6256.9 5769.4 -8.6 360 0 39.6 46.6 10.0 0.0 0 1 4 5 5
-2093.6 8383.2 -3.6 278 0 14.9 14.0 5.0 0.0 0 0 2 2 2
-2114.8 8352.9 -3.6 101 0 21.8 14.2 5.0 0.0 0 0 2 5 5
-2119.3 8386.7 -3.3 280 0 15.8 12.8 2.5 2.5 2 0 1 1 1
-2083.0 8376.0 -3.8 277 0 8.1 8.4 5.0 2.5 2 0 2 3 3
-2044.4 8375.5 -3.9 7 0 8.0 19.1 5.0 2.5 2 0 2 3 3
2938.1 3185.2 -1.9 308 0 9.3 11.4 2.5 2.5 2 1 1 1 1
3169.6 2997.2 -2.5 314 0 66.0 43.4 7.5 0.0 0 0 3 2 2
3105.7 3066.2 -2.2 282 0 5.9 40.9 7.5 0.0 0 1 3 5 5
3072.7 3056.1 -2.0 9 0 8.7 7.2 2.5 2.5 2 0 1 3 3
3025.4 3006.9 -2.1 285 0 23.0 13.1 7.5 2.5 2 0 3 3 3
3030.2 3013.9 -2.1 286 0 33.3 8.4 7.5 2.5 2 0 3 0 0
3004.7 3042.4 -2.0 191 0 19.4 13.6 15.0 0.0 0 0 6 4 4
3024.7 3027.0 -2.0 94 0 6.2 10.7 7.5 2.5 4 1 3 5 5
3026.1 3041.9 -2.0 94 0 5.7 7.2 5.0 2.5 2 1 2 3 3
3024.7 3089.1 -1.9 272 0 7.5 21.4 7.5 2.5 4 1 3 5 5
2988.4 3153.4 -2.0 6 0 8.9 26.5 2.5 2.5 2 1 1 4 4
2976.6 3037.6 -1.9 9 0 9.4 11.8 7.5 2.5 2 1 3 5 5
2957.3 3127.5 -2.0 340 0 11.0 10.3 2.5 2.5 4 0 1 4 4
2922.2 3103.8 -2.0 106 0 8.9 8.8 7.5 2.5 2 0 3 4 4
2984.6 3133.7 -1.9 5 0 9.9 10.5 7.5 2.5 2 1 3 3 3
2933.9 3155.6 -2.0 124 0 11.6 17.2 7.5 2.5 2 1 3 3 3
2939.1 3140.1 -2.1 358 0 9.4 14.2 5.0 2.5 2 1 2 4 4
2921.0 3161.7 -2.0 305 0 17.9 11.9 7.5 2.5 2 0 3 1 1
2876.7 3109.2 -2.0 106 0 6.5 19.6 7.5 2.5 4 1 3 4 4
2867.9 3189.8 -1.7 268 0 6.9 13.1 5.0 2.5 2 1 2 0 0
2868.0 3171.6 -1.9 284 0 10.3 23.7 5.0 2.5 2 1 2 3 3
2909.3 3155.7 -1.9 308 0 9.0 10.9 7.5 2.5 2 0 3 2 2
2891.7 3147.7 -1.9 9 0 8.7 16.2 7.5 2.5 4 0 3 3 3
2899.3 3174.7 -1.9 297 0 12.2 23.8 10.0 2.5 2 1 4 4 4
2851.3 3168.7 -1.8 272 0 7.3 7.1 2.5 2.5 4 0 1 3 3
2827.4 3196.7 -1.6 299 0 7.7 7.1 2.5 2.5 2 0 1 4 4
2784.1 3193.1 -1.5 197 0 7.5 6.4 5.0 2.5 2 0 2 5 5
2795.8 3207.0 -1.5 209 0 8.7 11.3 5.0 2.5 2 1 2 2 2
2964.0 3098.0 -1.7 2 0 7.9 11.2 5.0 0.0 0 1 2 2 2
2955.2 3138.5 -2.0 114 0 5.3 7.0 7.5 0.0 0 1 3 2 2
3048.9 3026.2 -2.1 90 0 5.7 4.4 5.0 2.5 2 0 2 0 0
6840.3 1820.3 -8.3 314 0 13.1 6.1 2.5 2.5 2 0 1 0 0
6806.8 1823.0 -9.0 131 0 52.6 6.4 7.5 2.5 2 0 3 4 4
6767.0 1862.5 -9.4 223 0 6.7 18.6 5.0 2.5 2 1 2 0 0
6123.4 1170.1 -6.1 132 0 11.0 11.9 7.5 2.5 2 1 3 1 1
6866.5 1801.7 -7.9 40 0 12.6 11.5 10.0 2.5 2 0 4 2 2
4732.4 5324.0 -4.9 117 0 4.1 6.4 5.0 2.5 2 1 2 2 2
3425.6 2030.3 -1.9 219 0 12.8 7.4 7.5 2.5 2 0 3 5 5
3434.1 2035.0 -1.9 126 0 5.7 11.6 2.5 2.5 2 1 1 4 4
6160.9 10378.1 -10.4 196 0 18.2 47.2 7.5 2.5 2 1 3 0 0
6351.0 10323.2 -10.9 17 0 22.0 104.2 7.5 0.0 0 1 3 5 5
6220.2 10350.1 -10.3 108 0 26.0 7.4 7.5 2.5 2 0 3 2 2
6357.1 10366.0 -11.0 10 0 25.0 144.1 7.5 0.0 0 1 3 3 3
6205.7 10415.7 -10.7 190 0 20.2 113.4 10.0 0.0 0 1 4 0 0
3356.9 2071.9 -1.9 83 0 9.4 6.9 7.5 2.5 2 0 3 3 3
5491.4 5103.9 -6.3 99 0 8.7 34.6 7.5 2.5 4 1 3 2 2
5102.6 7158.5 -4.8 24 0 3.7 3.8 2.5 2.5 2 1 1 2 2
5098.9 7163.4 -4.8 27 0 3.4 3.9 7.5 2.5 4 1 3 3 3
6131.0 6809.8 -6.5 246 0 10.6 12.2 2.5 2.5 2 1 1 2 2
6143.9 6818.3 -6.4 246 0 10.6 12.2 7.5 2.5 4 1 3 0 0
6165.0 6821.4 -6.4 336 0 12.2 10.6 5.0 2.5 2 0 2 5 5
6142.1 6780.1 -6.6 66 0 10.6 12.2 5.0 2.5 2 1 2 1 1
6156.4 6786.6 -6.6 66 0 10.6 12.2 5.0 2.5 2 1 2 1 1
6174.5 6801.3 -6.5 336 0 12.2 10.6 5.0 2.5 2 0 2 1 1
6115.9 6797.3 -6.6 226 0 10.6 12.2 2.5 2.5 2 1 1 5 5
6105.2 6777.6 -6.7 135 0 12.2 10.6 5.0 2.5 2 0 2 2 2
6150.9 6766.4 -6.8 246 0 10.6 12.2 5.0 2.5 2 1 2 4 4
6166.0 6773.2 -6.7 246 0 10.6 12.2 5.0 0.0 0 1 2 0 0
6180.7 6780.4 -6.7 246 0 10.6 12.2 7.5 2.5 2 1 3 5 5
6194.7 6785.8 -6.6 246 0 10.6 12.2 5.0 2.5 2 1 2 0 0
6209.2 6794.2 -6.5 246 0 10.6 12.2 2.5 2.5 2 1 1 2 2
6223.8 6801.5 -6.6 246 0 10.6 12.2 7.5 2.5 2 1 3 0 0
6237.8 6808.5 -6.7 246 0 10.6 12.2 5.0 0.0 0 1 2 2 2
6267.4 6823.7 -6.9 246 0 10.6 12.2 5.0 2.5 2 1 2 1 1
6253.4 6816.0 -6.8 246 0 10.6 12.2 10.0 2.5 2 1 4 0 0
6282.3 6830.7 -7.1 246 0 10.6 12.2 7.5 2.5 2 1 3 4 4
6294.5 6839.5 -7.0 236 0 10.6 12.2 2.5 2.5 2 1 1 2 2
6281.5 6858.2 -6.3 77 0 10.6 12.2 5.0 2.5 2 1 2 0 0
6264.7 6854.7 -6.0 77 0 10.6 12.2 5.0 2.5 2 1 2 3 3
6248.2 6851.9 -5.8 77 0 10.6 12.2 2.5 2.5 2 1 1 5 5
6228.7 6860.8 -5.8 257 0 10.6 12.2 5.0 2.5 2 1 2 3 3
6216.1 6845.4 -6.0 77 0 10.6 12.2 5.0 2.5 2 1 2 4 4
6198.0 6843.6 -6.1 87 0 10.6 12.2 2.5 2.5 2 1 1 4 4
6181.0 6843.4 -6.2 87 0 10.6 12.2 5.0 2.5 2 1 2 3 3
6164.0 6843.1 -6.3 87 0 10.6 12.2 7.5 2.5 2 1 3 2 2
6142.8 6853.1 -6.2 246 0 10.6 12.2 2.5 2.5 2 1 1 0 0
6125.7 6844.6 -6.3 235 0 10.6 12.2 7.5 2.5 2 1 3 5 5
6112.1 6835.5 -6.3 231 0 10.6 12.2 5.0 2.5 2 1 2 3 3
6100.3 6822.5 -6.4 227 0 10.6 12.2 5.0 2.5 2 1 2 4 4
6097.9 6800.4 -6.5 47 0 10.6 12.2 7.5 2.5 2 1 3 0 0
6268.0 6949.9 -4.4 175 0 10.7 12.6 5.0 2.5 2 1 2 2 2
6266.1 6965.0 -4.2 175 0 10.7 12.6 10.0 2.5 2 1 4 3 3
6264.5 6980.2 -4.0 175 0 10.7 12.6 2.5 2.5 2 1 1 4 4
6293.2 6936.7 -4.5 81 0 10.7 12.7 2.5 2.5 2 1 1 3 3
6308.6 6941.8 -4.7 81 0 10.7 12.7 5.0 2.5 2 1 2 2 2
6323.0 6947.0 -4.8 81 0 10.7 12.7 10.0 2.5 2 1 4 4 4
6283.6 7001.1 -3.8 261 0 10.7 12.6 5.0 2.5 2 1 2 0 0
6298.8 7000.1 -3.7 261 0 10.7 12.7 10.0 0.0 0 1 4 3 3
6313.7 6999.4 -3.7 261 0 10.7 12.7 7.5 2.5 2 1 3 0 0
6337.8 6956.1 -4.6 82 0 12.6 10.7 2.5 2.5 2 0 1 5 5
6335.7 6970.8 -4.3 82 0 12.6 10.7 7.5 2.5 2 0 3 5 5
6332.0 6996.1 -4.0 262 0 12.6 10.7 7.5 2.5 2 0 3 1 1
6369.1 6961.0 -4.3 83 0 18.5 13.9 10.0 2.5 2 0 4 2 2
6271.3 6929.5 -4.6 166 0 5.3 8.5 2.5 2.5 4 1 1 3 3
6252.0 6927.3 -4.9 356 0 9.1 17.8 7.5 2.5 2 1 3 4 4
6250.7 6940.5 -4.8 356 0 9.1 17.8 2.5 2.5 4 1 1 5 5
6247.6 6966.2 -4.5 356 0 9.1 17.8 5.0 2.5 2 1 2 2 2
6197.1 6993.2 -4.3 183 0 9.1 20.4 7.5 2.5 2 1 3 1 1
6204.9 6916.5 -5.2 163 0 7.5 17.9 7.5 2.5 2 1 3 4 4
6200.5 9583.2 -7.9 108 0 8.8 10.5 5.0 2.5 2 1 2 2 2
6212.3 9575.4 -7.9 99 0 9.4 6.1 5.0 2.5 4 0 2 2 2
6239.3 9599.0 -7.9 277 0 8.7 10.5 5.0 2.5 2 1 2 3 3
6239.4 9614.3 -7.9 280 0 8.8 12.3 7.5 2.5 2 1 3 1 1
6206.8 9628.9 -8.0 277 0 6.0 24.8 5.0 2.5 2 1 2 3 3
6216.8 9632.7 -8.0 210 0 4.4 18.2 5.0 2.5 2 1 2 5 5
6172.8 9580.0 -8.0 97 0 6.4 23.2 5.0 2.5 2 1 2 0 0
6181.4 9611.4 -8.0 280 0 16.3 8.4 5.0 2.5 2 0 2 4 4
6183.4 9628.3 -8.1 273 0 11.4 8.8 5.0 2.5 2 0 2 1 1
6154.9 9627.8 -8.1 287 0 5.9 11.6 5.0 2.5 2 1 2 2 2
6150.1 9638.3 -8.2 291 0 7.2 18.6 7.5 2.5 2 1 3 2 2
6152.6 9644.4 -8.2 296 0 6.3 3.4 7.5 2.5 2 0 3 0 0
6154.7 9650.7 -8.2 294 0 6.9 4.6 7.5 2.5 2 0 3 2 2
6124.0 9597.0 -8.2 109 0 11.9 11.9 5.0 2.5 2 0 2 4 4
6128.3 9635.0 -8.3 290 0 10.2 11.4 7.5 2.5 2 1 3 3 3
6131.7 9650.5 -8.3 281 0 10.3 8.4 2.5 0.0 0 0 1 1 1
6124.0 9660.6 -8.3 288 0 7.3 10.2 7.5 2.5 2 1 3 4 4
6114.7 9671.3 -8.4 288 0 9.2 9.3 2.5 2.5 2 0 1 5 5
6105.8 9674.1 -8.4 288 0 9.5 9.3 5.0 2.5 2 0 2 0 0
6086.4 9679.8 -8.5 284 0 8.9 8.7 2.5 2.5 2 0 1 5 5
6074.7 9682.3 -8.5 283 0 8.2 7.2 2.5 2.5 4 0 1 4 4
6084.8 9627.3 -8.3 109 0 4.8 14.2 5.0 2.5 2 1 2 0 0
6100.8 9660.7 -8.4 287 0 7.0 9.4 5.0 2.5 2 1 2 4 4
6064.0 9663.2 -8.5 272 0 5.6 25.2 2.5 2.5 2 1 1 2 2
6042.9 9627.5 -8.5 113 0 16.1 7.6 5.0 2.5 2 0 2 2 2
6055.3 9683.7 -8.6 287 0 9.9 10.9 5.0 2.5 2 1 2 0 0
6032.3 9687.6 -8.7 281 0 11.4 13.7 7.5 2.5 2 1 3 4 4
6024.9 9632.8 -8.5 115 0 9.8 10.7 5.0 0.0 0 1 2 4 4
6035.0 9648.2 -8.6 116 0 8.0 7.0 5.0 0.0 0 0 2 3 3
6051.2 9671.6 -8.6 284 0 10.0 19.1 5.0 2.5 2 1 2 3 3
6029.6 9664.6 -8.6 301 0 12.1 11.9 7.5 2.5 4 0 3 1 1
6003.8 9643.1 -8.6 119 0 11.6 34.0 7.5 2.5 2 1 3 2 2
6017.5 9690.7 -8.7 291 0 8.2 12.4 7.5 2.5 2 1 3 0 0
5989.7 9651.8 -8.7 119 0 14.3 20.0 7.5 2.5 2 1 3 5 5
6800.9 6582.4 -5.2 180 0 15.2 7.4 5.0 0.0 0 0 2 2 2
6802.8 6564.2 -5.3 180 0 19.7 5.1 5.0 0.0 0 0 2 4 4
6783.2 6412.2 -5.8 89 0 23.3 101.0 10.0 0.0 0 1 4 2 2
6636.1 7447.5 -6.0 2 0 17.7 12.3 2.5 2.5 2 0 1 3 3
6626.4 7410.0 -5.8 77 0 18.3 12.9 5.0 2.5 2 0 2 5 5
6601.9 7404.5 -5.5 79 0 10.3 12.5 5.0 2.5 2 1 2 4 4
6564.3 7433.2 -5.3 174 0 21.1 11.5 5.0 2.5 2 0 2 2 2
6577.7 7398.8 -5.3 82 0 18.5 16.0 7.5 2.5 2 0 3 1 1
6550.5 7383.3 -4.8 261 0 5.9 10.8 5.0 2.5 2 1 2 3 3
6555.0 7428.4 -5.1 357 0 17.8 12.8 2.5 0.0 0 0 1 3 3
6543.4 7392.0 -4.8 84 0 17.7 14.8 10.0 2.5 2 0 4 2 2
6520.1 7387.9 -4.5 83 0 11.3 12.7 2.5 2.5 2 1 1 4 4
6475.8 7436.7 -4.4 174 0 11.6 11.8 2.5 2.5 2 1 1 4 4
6479.2 7412.9 -4.3 174 0 19.4 12.6 7.5 2.5 2 0 3 3 3
6497.3 7381.0 -4.3 78 0 18.6 14.1 7.5 2.5 2 0 3 5 5
6364.2 7400.5 -3.8 346 0 13.4 18.3 5.0 2.5 2 1 2 4 4
6368.3 7382.6 -3.6 349 0 11.9 18.5 5.0 2.5 2 1 2 1 1
6363.8 7356.5 -3.5 78 0 22.6 11.6 10.0 2.5 2 0 4 0 0
6461.9 7103.7 -2.3 359 0 12.5 14.3 10.0 2.5 4 1 4 5 5
6460.8 7078.5 -2.6 359 0 12.5 14.3 2.5 2.5 2 1 1 5 5
6459.7 7053.4 -3.1 359 0 12.5 14.3 5.0 2.5 2 1 2 4 4
6420.0 7046.1 -3.0 179 0 12.5 14.3 5.0 2.5 2 1 2 1 1
6421.9 7071.4 -2.7 179 0 12.5 14.3 5.0 2.5 4 1 2 4 4
6423.1 7095.9 -2.2 179 0 12.5 14.3 7.5 2.5 2 1 3 3 3
6455.3 7130.7 -2.5 269 0 14.3 12.5 5.0 2.5 4 0 2 1 1
6422.8 7122.2 -2.2 179 0 12.5 14.3 5.0 2.5 2 1 2 5 5
6936.6 7008.8 -6.5 180 0 8.1 10.1 5.0 2.5 4 1 2 5 5
6504.9 7257.5 -3.6 360 0 15.8 16.3 7.5 2.5 2 1 3 3 3
6375.3 7227.4 -2.4 179 0 12.5 14.3 10.0 2.5 2 1 4 2 2
6498.3 7062.5 -2.9 2 0 15.8 16.3 7.5 2.5 4 1 3 5 5
6928.8 7239.6 -7.0 357 0 12.7 15.4 5.0 2.5 2 1 2 4 4
6919.7 7217.0 -6.9 0 0 12.7 15.4 10.0 2.5 2 1 4 4 4
6491.4 6990.3 -4.4 2 0 15.8 16.3 10.0 2.5 4 1 4 3 3
6851.5 7169.9 -6.7 92 0 15.4 12.7 2.5 2.5 2 0 1 4 4
6556.0 7283.5 -4.3 359 0 15.8 16.3 7.5 2.5 2 1 3 5 5
6426.1 7263.5 -2.9 179 0 12.5 14.3 5.0 2.5 2 1 2 5 5
6852.7 7284.5 -6.9 87 0 13.7 10.4 7.5 2.5 2 0 3 0 0
6501.4 7087.6 -2.7 2 0 15.8 16.3 12.5 2.5 2 1 5 4 4
6836.1 7378.7 -7.1 269 0 14.8 11.0 7.5 2.5 2 0 3 1 1
6508.5 7051.0 -3.1 182 0 15.9 16.3 7.5 2.5 2 1 3 2 2
6827.1 6796.2 -6.2 271 0 26.9 27.0 10.0 0.0 0 1 4 3 3
6581.4 7092.5 -3.7 213 0 15.9 16.3 7.5 2.5 2 1 3 1 1
6415.6 7215.9 -2.4 359 0 12.5 14.3 5.0 2.5 2 1 2 1 1
6407.5 7049.0 -2.6 359 0 12.5 14.3 2.5 2.5 2 1 1 1 1
6370.0 7071.6 -2.5 179 0 12.5 14.3 2.5 2.5 2 1 1 5 5
6937.3 7353.4 -7.2 102 0 16.2 14.0 5.0 2.5 2 0 2 5 5
6813.5 7282.8 -6.9 90 0 14.8 11.5 5.0 2.5 2 0 2 2 2
6831.4 7171.8 -6.7 92 0 15.4 12.7 2.5 2.5 2 0 1 3 3
6453.6 7146.1 -2.6 89 0 10.6 12.5 5.0 2.5 2 1 2 3 3
6732.3 7351.1 -6.6 271 0 10.5 17.7 7.5 2.5 2 1 3 2 2
6576.2 7249.4 -4.5 174 0 15.9 16.3 7.5 2.5 2 1 3 0 0
6859.3 7261.1 -6.9 272 0 15.4 12.7 5.0 2.5 4 0 2 5 5
6425.4 7175.3 -2.5 179 0 12.5 14.3 7.5 2.5 2 1 3 1 1
6939.2 6677.2 -5.1 2 0 7.1 6.3 2.5 2.5 2 0 1 3 3
6398.3 7013.2 -3.1 89 0 10.6 12.5 5.0 2.5 2 1 2 2 2
6403.8 7146.4 -2.1 89 0 10.6 12.5 7.5 0.0 0 1 3 2 2
6506.4 7018.9 -3.9 182 0 15.9 16.3 10.0 0.0 0 1 4 5 5
6914.8 7367.2 -7.2 14 0 16.0 12.5 10.0 2.5 2 0 4 1 1
6555.3 7202.9 -3.9 359 0 15.8 16.3 7.5 2.5 2 1 3 2 2
6554.2 7096.1 -3.3 359 0 15.8 16.3 10.0 2.5 2 1 4 5 5
6465.4 7268.9 -3.2 359 0 12.5 14.3 2.5 2.5 2 1 1 4 4
6668.9 7307.0 -5.8 180 0 14.3 17.0 7.5 2.5 2 1 3 1 1
6426.8 7286.7 -3.1 179 0 12.5 14.3 5.0 2.5 2 1 2 3 3
6688.2 7318.4 -6.0 181 0 10.5 16.0 7.5 2.5 2 1 3 1 1
6572.0 7273.8 -4.6 174 0 15.9 16.3 7.5 2.5 2 1 3 0 0
6502.9 7110.8 -2.8 2 0 15.8 16.3 12.5 2.5 4 1 5 1 1
6408.0 7072.6 -2.4 359 0 12.5 14.3 7.5 2.5 2 1 3 1 1
6554.8 7150.4 -3.6 359 0 15.8 16.3 12.5 2.5 2 1 5 0 0
6916.4 7298.9 -7.1 197 0 17.7 11.8 5.0 2.5 2 0 2 1 1
6801.8 6754.4 -5.5 271 0 11.1 10.1 7.5 2.5 2 0 3 2 2
6413.9 7184.3 -2.2 359 0 12.5 14.3 5.0 2.5 2 1 2 3 3
6888.9 7353.8 -7.1 20 0 13.7 11.9 5.0 2.5 2 0 2 3 3
6715.4 7280.2 -6.1 92 0 11.9 16.5 2.5 2.5 4 1 1 4 4
6735.5 7279.6 -6.3 92 0 11.9 16.5 7.5 0.0 0 1 3 3 3
6591.7 7153.3 -4.1 174 0 15.9 16.3 7.5 2.5 4 1 3 3 3
6504.4 7185.2 -3.2 360 0 15.8 16.3 12.5 2.5 2 1 5 5 5
6375.9 7250.4 -2.5 179 0 12.5 14.3 2.5 2.5 2 1 1 0 0
6890.5 7237.6 -6.9 182 0 12.7 15.4 2.5 2.5 4 1 1 1 1
6668.9 7288.0 -5.7 180 0 14.3 17.0 5.0 2.5 2 1 2 1 1
6504.2 7161.5 -3.1 360 0 15.8 16.3 10.0 2.5 2 1 4 2 2
6459.5 7297.5 -3.4 269 0 14.3 12.5 7.5 2.5 2 0 3 1 1
6463.7 7176.9 -2.7 359 0 12.5 14.3 10.0 2.5 2 1 4 0 0
6755.3 7279.1 -6.5 92 0 11.9 16.5 5.0 2.5 2 1 2 2 2
6425.2 7199.4 -2.6 179 0 12.5 14.3 2.5 2.5 2 1 1 2 2
6595.0 7130.8 -4.1 174 0 15.9 16.3 10.0 2.5 4 1 4 5 5
6869.5 7298.2 -7.0 101 0 9.7 14.7 7.5 2.5 2 1 3 4 4
6863.7 7350.5 -7.1 268 0 13.8 11.6 5.0 0.0 0 0 2 1 1
6465.0 7246.0 -3.1 359 0 12.5 14.3 5.0 0.0 0 1 2 5 5
6555.7 7229.8 -4.0 359 0 15.8 16.3 10.0 0.0 0 1 4 0 0
6869.7 6780.5 -5.6 271 0 4.0 6.4 5.0 0.0 0 1 2 5 5
6371.1 7123.7 -1.6 179 0 12.5 14.3 10.0 2.5 2 1 4 3 3
6369.2 7020.9 -3.3 179 0 12.5 14.3 2.5 2.5 2 1 1 0 0
6478.0 7017.5 -4.0 182 0 15.9 16.3 10.0 0.0 0 1 4 0 0
6749.4 7352.3 -6.8 271 0 10.1 17.0 5.0 0.0 0 1 2 0 0
6887.0 7165.1 -6.8 92 0 15.4 12.7 5.0 2.5 2 0 2 2 2
6697.4 7280.8 -5.9 89 0 13.7 14.3 10.0 2.5 2 1 4 4 4
6922.1 6572.9 -5.5 359 0 13.9 7.9 7.5 2.5 2 0 3 2 2
6932.0 6697.3 -5.0 4 0 3.8 6.0 7.5 0.0 0 1 3 0 0
6833.5 7283.6 -6.9 90 0 14.2 11.1 5.0 2.5 2 0 2 3 3
6844.8 7347.2 -7.0 269 0 14.2 10.0 5.0 2.5 2 0 2 2 2
6925.3 7265.0 -7.0 267 0 15.4 12.7 2.5 2.5 2 0 1 5 5
6517.6 6959.8 -4.9 93 0 7.3 10.9 5.0 2.5 2 1 2 5 5
6375.2 7180.1 -2.1 179 0 12.5 14.3 5.0 2.5 4 1 2 0 0
6416.7 7278.4 -2.8 359 0 12.5 14.3 2.5 2.5 2 1 1 3 3
6504.0 6992.6 -4.5 182 0 15.9 16.3 10.0 2.5 2 1 4 5 5
6903.3 7265.0 -7.0 272 0 15.4 12.7 7.5 2.5 2 0 3 1 1
6579.9 7225.5 -4.4 174 0 15.9 16.3 7.5 2.5 2 1 3 1 1
6829.4 7237.6 -6.8 182 0 12.7 15.4 7.5 2.5 2 1 3 0 0
6516.1 7203.2 -3.6 181 0 15.9 16.3 7.5 2.5 2 1 3 4 4
6514.9 7124.5 -3.2 182 0 15.9 16.3 7.5 0.0 0 1 3 5 5
6863.3 7215.2 -6.8 2 0 12.7 15.4 5.0 2.5 2 1 2 4 4
6816.4 7319.5 -6.9 179 0 14.8 15.1 2.5 2.5 2 1 1 0 0
6515.6 7178.3 -3.5 181 0 15.9 16.3 7.5 2.5 4 1 3 4 4
6464.5 7199.3 -2.9 359 0 12.5 14.3 5.0 2.5 2 1 2 5 5
6369.7 7046.9 -2.9 179 0 12.5 14.3 7.5 2.5 2 1 3 4 4
6425.5 7239.1 -2.8 179 0 12.5 14.3 5.0 2.5 2 1 2 4 4
6849.3 6776.0 -5.6 269 0 3.4 7.6 7.5 2.5 2 1 3 2 2
6554.1 7122.5 -3.4 359 0 15.8 16.3 10.0 2.5 4 1 4 3 3
6515.8 7254.9 -3.9 179 0 15.9 16.3 10.0 2.5 2 1 4 0 0
6377.4 7273.6 -2.6 179 0 12.5 14.3 2.5 2.5 2 1 1 1 1
6598.2 7110.7 -4.0 213 0 15.9 16.3 7.5 2.5 2 1 3 4 4
6587.5 7178.1 -4.2 174 0 15.9 16.3 7.5 2.5 2 1 3 0 0
6568.3 7071.6 -3.4 218 0 15.9 16.3 7.5 2.5 2 1 3 2 2
6669.9 7333.0 -5.9 178 0 19.6 10.8 2.5 2.5 2 0 1 2 2
6877.3 6779.6 -5.5 276 0 4.0 6.3 5.0 0.0 0 1 2 4 4
6799.6 7339.8 -7.0 192 0 10.0 14.0 5.0 2.5 2 1 2 5 5
6532.7 7039.5 -3.6 234 0 15.9 16.3 7.5 2.5 2 1 3 3 3
6401.7 7129.6 -1.9 269 0 14.3 12.5 2.5 2.5 2 0 1 5 5
6408.3 7099.7 -2.1 359 0 12.5 14.3 5.0 2.5 2 1 2 5 5
6935.3 7383.0 -7.3 192 0 12.2 14.5 5.0 2.5 2 1 2 1 1
6881.7 7191.0 -6.8 182 0 12.7 15.4 5.0 2.5 2 1 2 3 3
6556.1 7256.3 -4.2 359 0 15.8 16.3 7.5 2.5 2 1 3 1 1
6714.4 7349.3 -6.4 270 0 10.5 16.0 10.0 0.0 0 1 4 1 1
6931.9 6704.6 -5.0 1 0 4.0 6.3 7.5 0.0 0 1 3 0 0
6793.2 6701.5 -5.2 179 0 6.4 12.3 2.5 2.5 2 1 1 1 1
6570.5 7169.9 -4.0 180 0 20.9 9.9 7.5 2.5 2 0 3 1 1
6504.6 7209.1 -3.4 360 0 15.8 16.3 7.5 2.5 2 1 3 2 2
6504.9 7282.7 -3.8 360 0 15.8 16.3 7.5 2.5 2 1 3 3 3
6910.7 7347.2 -7.2 13 0 16.3 13.0 5.0 2.5 2 0 2 3 3
6569.6 7097.3 -3.6 90 0 8.7 15.1 2.5 2.5 2 1 1 2 2
6516.3 7308.4 -4.2 179 0 15.9 16.3 7.5 2.5 4 1 3 4 4
6504.8 7233.9 -3.5 360 0 15.8 16.3 7.5 2.5 2 1 3 0 0
6839.1 7263.1 -6.9 272 0 15.4 12.7 7.5 2.5 4 0 3 3 3
6415.2 7247.3 -2.6 359 0 12.5 14.3 5.0 2.5 2 1 2 4 4
6817.7 7340.6 -7.0 178 0 10.2 14.8 7.5 2.5 2 1 3 2 2
6496.5 7037.8 -3.5 2 0 15.8 16.3 7.5 2.5 2 1 3 5 5
6827.8 7217.9 -6.8 182 0 12.7 15.4 5.0 2.5 2 1 2 0 0
6516.1 7229.0 -3.7 179 0 15.9 16.3 5.0 2.5 2 1 2 2 2
6794.9 7315.6 -6.9 180 0 9.6 13.9 7.5 0.0 0 1 3 4 4
6749.2 7323.7 -6.6 351 0 13.0 13.3 5.0 2.5 2 1 2 3 3
6512.8 7098.8 -3.0 182 0 15.9 16.3 7.5 2.5 2 1 3 3 3
6861.6 7195.2 -6.8 2 0 12.7 15.4 5.0 2.5 2 1 2 5 5
6515.5 7152.4 -3.3 182 0 15.9 16.3 10.0 2.5 2 1 4 1 1
6511.2 7074.7 -2.9 182 0 15.9 16.3 10.0 0.0 0 1 4 2 2
6843.0 6776.1 -5.7 271 0 3.5 7.1 7.5 2.5 2 1 3 1 1
6374.6 7202.9 -2.2 179 0 12.5 14.3 5.0 2.5 2 1 2 2 2
6885.5 7383.2 -7.2 269 0 15.1 14.1 5.0 2.5 2 0 2 3 3
6465.6 7224.1 -3.0 359 0 12.5 14.3 7.5 2.5 2 1 3 5 5
6554.3 7052.5 -3.2 234 0 15.9 16.3 10.0 0.0 0 1 4 2 2
6388.0 6969.0 -3.9 86 0 13.9 19.2 10.0 2.5 2 1 4 2 2
6584.4 7201.2 -4.3 174 0 15.9 16.3 10.0 2.5 2 1 4 0 0
6516.0 7282.2 -4.0 179 0 15.9 16.3 10.0 2.5 2 1 4 5 5
6370.5 7097.7 -2.0 179 0 12.5 14.3 7.5 2.5 2 1 3 4 4
6769.1 7367.1 -7.0 270 0 6.8 19.6 7.5 2.5 2 1 3 0 0
6883.6 7212.5 -6.8 182 0 12.7 15.4 7.5 2.5 2 1 3 5 5
6503.6 7135.6 -3.0 360 0 15.8 16.3 7.5 2.5 2 1 3 5 5
6865.0 7235.0 -6.8 2 0 12.7 15.4 2.5 2.5 2 1 1 0 0
6935.8 7314.5 -7.1 11 0 12.4 15.1 5.0 2.5 4 1 2 5 5
6424.1 7153.2 -2.3 179 0 12.5 14.3 5.0 2.5 2 1 2 5 5
6931.7 6677.1 -5.1 358 0 7.3 6.5 5.0 0.0 0 0 2 1 1
6374.7 7154.0 -1.8 179 0 12.5 14.3 2.5 2.5 2 1 1 2 2
6857.8 7381.1 -7.1 268 0 15.6 14.2 7.5 2.5 2 0 3 4 4
6826.0 7197.8 -6.7 182 0 12.7 15.4 5.0 2.5 2 1 2 3 3
6554.6 7176.6 -3.7 359 0 15.8 16.3 7.5 2.5 2 1 3 2 2
6450.0 7014.6 -3.6 92 0 12.3 14.5 5.0 2.5 2 1 2 5 5
6134.7 6771.3 -6.8 321 0 16.9 18.7 10.0 2.5 2 1 4 5 5
6471.6 7459.4 -4.4 171 0 18.2 10.8 2.5 2.5 2 0 1 2 2
6480.4 7497.5 -4.7 258 0 18.4 12.6 5.0 2.5 2 0 2 5 5
6502.5 7499.5 -4.9 249 0 10.3 11.3 5.0 2.5 2 1 2 0 0
6526.8 7507.4 -5.2 258 0 18.6 11.0 7.5 2.5 2 0 3 4 4
6550.1 7476.5 -5.2 355 0 16.7 12.2 5.0 2.5 2 0 2 1 1
6551.7 7450.0 -5.1 357 0 7.0 13.7 2.5 2.5 2 1 1 3 3
6502.8 7434.2 -4.6 176 0 5.7 6.5 7.5 2.5 2 1 3 3 3
6559.0 7480.7 -5.5 176 0 19.2 10.7 2.5 2.5 2 0 1 0 0
6570.4 7515.2 -5.7 258 0 19.6 10.9 7.5 2.5 2 0 3 3 3
6594.2 7520.3 -6.0 259 0 10.0 12.8 7.5 2.5 2 1 3 2 2
6617.4 7525.7 -6.3 257 0 19.6 10.8 7.5 2.5 2 0 3 2 2
6636.5 7491.1 -6.3 2 0 17.2 11.9 7.5 2.5 2 0 3 0 0
6636.6 7467.7 -6.1 0 0 6.4 14.3 5.0 2.5 2 1 2 1 1
6472.0 7515.2 -4.7 81 0 12.5 17.3 2.5 2.5 2 1 1 2 2
6454.0 7544.4 -4.7 170 0 16.3 11.9 7.5 2.5 2 0 3 1 1
6449.5 7567.3 -4.8 172 0 17.0 13.0 5.0 2.5 2 0 2 1 1
6445.7 7589.4 -4.9 171 0 17.0 12.3 5.0 2.5 2 0 2 3 3
6456.1 7614.5 -5.0 264 0 12.3 8.9 2.5 2.5 2 0 1 5 5
6477.8 7616.0 -5.2 265 0 8.5 12.0 2.5 2.5 2 1 1 2 2
6514.7 7532.7 -5.2 353 0 16.7 12.8 2.5 2.5 4 0 1 5 5
6512.1 7556.3 -5.3 354 0 17.9 11.9 10.0 2.5 2 0 4 3 3
6509.6 7580.4 -5.4 351 0 16.0 11.8 5.0 2.5 2 0 2 0 0
6507.7 7604.2 -5.5 351 0 16.3 12.0 5.0 2.5 4 0 2 2 2
6530.1 7533.7 -5.4 179 0 11.9 7.6 5.0 2.5 2 0 2 0 0
6528.8 7556.0 -5.6 179 0 15.3 11.1 7.5 2.5 2 0 3 3 3
6527.4 7577.6 -5.6 179 0 15.9 10.6 5.0 0.0 0 0 2 3 3
6523.3 7594.9 -5.7 181 0 7.2 7.9 7.5 2.5 2 1 3 5 5
6527.8 7611.0 -5.8 228 0 6.1 9.1 2.5 2.5 2 1 1 3 3
6548.2 7618.3 -6.0 267 0 14.4 11.4 2.5 2.5 2 0 1 2 2
6569.4 7597.6 -6.1 270 0 11.7 13.7 2.5 2.5 2 1 1 5 5
6568.8 7560.5 -6.0 92 0 10.9 14.1 7.5 2.5 2 1 3 3 3
6552.6 7531.3 -5.6 79 0 14.8 11.9 5.0 2.5 2 0 2 0 0
6592.2 7560.6 -6.2 92 0 11.3 14.1 2.5 2.5 2 1 1 1 1
6592.2 7598.8 -6.4 271 0 11.4 16.1 10.0 2.5 2 1 4 5 5
6614.8 7620.2 -6.8 270 0 14.6 11.6 5.0 2.5 2 0 2 2 2
6615.3 7545.1 -6.4 78 0 13.9 10.9 5.0 2.5 2 0 2 4 4
6632.7 7549.0 -6.6 92 0 7.1 10.0 7.5 2.5 2 1 3 0 0
6642.1 7573.6 -6.8 1 0 14.1 10.9 10.0 2.5 2 0 4 2 2
6642.4 7596.6 -6.9 359 0 14.5 11.5 5.0 2.5 2 0 2 3 3
6490.5 7662.6 -5.7 67 0 12.5 10.5 5.0 2.5 2 0 2 4 4
6483.7 7681.1 -5.7 67 0 12.1 9.5 7.5 2.5 2 0 3 5 5
6475.5 7700.4 -5.8 68 0 12.3 10.1 2.5 2.5 4 0 1 4 4
6471.9 7730.6 -5.8 258 0 13.7 10.1 5.0 2.5 2 0 2 5 5
6500.3 7756.2 -6.2 298 0 8.7 18.9 7.5 2.5 2 1 3 2 2
6509.4 7737.7 -6.2 301 0 9.2 18.7 5.0 2.5 4 1 2 3 3
6506.7 7705.6 -6.1 66 0 12.7 9.6 7.5 2.5 2 0 3 5 5
6514.8 7686.1 -6.1 67 0 12.6 10.3 5.0 2.5 2 0 2 0 0
6517.1 7784.5 -6.5 278 0 7.8 19.9 7.5 2.5 4 1 3 0 0
6536.1 7769.8 -6.6 306 0 6.4 20.2 5.0 0.0 0 1 2 5 5
6552.3 7758.7 -6.8 307 0 7.2 21.5 7.5 0.0 0 1 3 5 5
6568.1 7746.2 -6.9 307 0 7.1 21.5 2.5 0.0 0 1 1 1 1
6584.0 7734.2 -7.0 306 0 7.3 18.2 5.0 2.5 2 1 2 5 5
6599.7 7721.7 -7.2 308 0 7.5 18.3 5.0 2.5 2 1 2 3 3
6615.5 7709.7 -7.3 305 0 7.2 21.2 2.5 0.0 0 1 1 5 5
6506.2 7638.6 -5.7 87 0 7.4 17.4 7.5 2.5 4 1 3 1 1
6526.3 7639.1 -5.9 87 0 7.5 17.6 7.5 2.5 2 1 3 0 0
6546.4 7639.2 -6.2 90 0 7.4 17.6 7.5 2.5 4 1 3 3 3
6565.9 7640.2 -6.4 89 0 7.7 16.9 5.0 2.5 2 1 2 1 1
6586.0 7640.4 -6.6 89 0 7.5 17.9 2.5 2.5 2 1 1 5 5
6606.7 7641.2 -6.9 89 0 8.1 17.9 7.5 2.5 2 1 3 2 2
6555.9 7671.7 -6.4 88 0 7.2 17.3 2.5 2.5 2 1 1 2 2
6575.6 7672.4 -6.7 89 0 7.5 17.4 7.5 2.5 2 1 3 4 4
6652.9 7458.0 -6.4 181 0 5.8 12.0 5.0 2.5 2 1 2 0 0
6664.2 7473.1 -6.5 355 0 11.0 10.1 7.5 2.5 2 0 3 0 0
6664.9 7489.5 -6.5 354 0 11.0 9.5 2.5 2.5 2 0 1 1 1
6666.7 7502.9 -6.7 20 0 8.1 13.4 7.5 2.5 2 1 3 1 1
6687.8 7462.0 -6.7 291 0 7.5 12.4 7.5 0.0 0 1 3 4 4
6697.3 7463.8 -6.9 270 0 10.0 12.7 7.5 2.5 4 1 3 5 5
6716.2 7460.5 -7.1 266 0 10.8 10.3 5.0 2.5 2 0 2 5 5
6687.1 7474.8 -6.8 91 0 10.1 15.7 7.5 0.0 0 1 3 1 1
6679.6 7505.5 -7.0 181 0 9.4 11.9 5.0 2.5 2 1 2 4 4
6708.3 7483.7 -7.1 1 0 9.2 11.8 5.0 2.5 2 1 2 5 5
6665.3 7521.7 -7.0 182 0 9.3 21.4 2.5 2.5 2 1 1 3 3
6656.1 7543.9 -7.1 182 0 10.4 23.1 5.0 2.5 4 1 2 2 2
6714.9 7516.1 -7.2 93 0 20.1 9.0 2.5 2.5 2 0 1 3 3
6739.0 7540.0 -7.3 2 0 12.3 21.5 7.5 0.0 0 1 3 3 3
6718.3 7502.9 -7.2 181 0 8.1 11.9 7.5 2.5 2 1 3 5 5
6691.1 7580.6 -7.3 171 0 13.2 8.9 5.0 2.5 2 0 2 1 1
6713.2 7630.3 -7.4 271 0 16.0 16.0 2.5 2.5 2 0 1 2 2
6740.7 7572.5 -7.3 0 0 21.4 14.9 7.5 0.0 0 0 3 1 1
6660.3 7605.8 -7.3 182 0 20.2 10.1 7.5 2.5 2 0 3 5 5
6690.2 7629.5 -7.4 268 0 15.8 21.2 10.0 2.5 2 1 4 4 4
6668.5 7624.5 -7.3 257 0 8.7 5.9 5.0 2.5 2 0 2 2 2
4868.3 10735.5 -12.0 198 0 33.0 94.3 10.0 0.0 0 1 4 2 2
4990.0 10703.7 -11.9 18 0 50.9 22.4 10.0 2.5 2 0 4 1 1
5013.6 10798.6 -12.4 284 0 10.3 14.9 2.5 2.5 2 1 1 0 0
4988.0 9474.0 -8.0 48 0 6.6 19.6 7.5 2.5 2 1 3 3 3
4967.2 9505.3 -7.6 324 0 34.3 8.1 7.5 2.5 2 0 3 2 2
4926.5 9492.7 -7.4 129 0 50.5 24.1 7.5 2.5 2 0 3 1 1
4883.7 9532.2 -7.0 221 0 13.1 26.5 7.5 2.5 2 1 3 3 3
4901.7 9542.7 -7.0 226 0 9.5 19.7 5.0 2.5 2 1 2 3 3
4953.1 9524.0 -6.6 323 0 11.5 7.4 5.0 2.5 2 0 2 4 4
4940.5 9541.7 -6.9 325 0 31.9 8.9 7.5 2.5 2 0 3 1 1
4903.4 9582.7 -7.8 233 0 11.5 37.9 10.0 2.5 2 1 4 0 0
4902.5 9586.8 -8.3 53 0 9.3 33.8 7.5 2.5 2 0 3 0 0
4880.9 9607.8 -8.4 323 0 8.0 21.9 7.5 2.5 2 0 3 4 4
4858.2 9587.5 -8.3 139 0 10.3 8.1 7.5 2.5 2 0 3 5 5
5219.8 9573.6 -7.6 88 0 18.1 16.6 10.0 2.5 2 0 4 4 4
6199.1 7473.1 -3.9 92 0 7.6 15.7 7.5 2.5 2 1 3 5 5
6276.1 7499.1 -4.0 170 0 13.3 14.6 10.0 2.5 2 1 4 1 1
6329.4 7510.8 -4.6 348 0 12.8 15.5 7.5 2.5 2 1 3 0 0
6349.7 7514.9 -4.6 351 0 12.8 15.9 10.0 2.5 2 1 4 3 3
6281.7 7545.1 -4.5 167 0 7.5 15.4 5.0 2.5 2 1 2 1 1
6262.8 7540.1 -4.2 167 0 6.8 15.4 2.5 2.5 2 1 1 2 2
6320.1 7570.9 -5.1 348 0 12.8 15.5 7.5 2.5 4 1 3 5 5
6281.2 7808.6 -7.0 170 0 14.8 14.7 7.5 2.5 2 0 3 1 1
6299.4 7811.3 -6.9 170 0 14.8 14.7 2.5 2.5 2 0 1 0 0
6317.4 7815.0 -6.7 170 0 14.8 14.7 5.0 2.5 2 0 2 3 3
6348.8 7821.3 -6.6 350 0 14.8 14.7 2.5 2.5 4 0 1 4 4
6365.8 7826.1 -6.5 350 0 14.8 14.7 5.0 2.5 4 0 2 3 3
6369.0 7869.7 -6.7 350 0 14.8 14.7 10.0 2.5 4 0 4 4 4
6376.7 7849.1 -6.4 350 0 14.8 14.7 5.0 0.0 0 0 2 2 2
6384.0 7829.8 -6.1 350 0 14.8 14.7 10.0 2.5 2 0 4 1 1
6341.4 7871.7 -6.9 260 0 14.7 14.8 10.0 2.5 2 1 4 0 0
6323.7 7868.7 -7.0 260 0 14.7 14.8 2.5 2.5 2 1 1 2 2
6306.6 7864.1 -7.1 260 0 14.7 14.8 5.0 2.5 2 1 2 1 1
6283.7 7851.8 -7.3 170 0 14.8 14.7 7.5 2.5 2 0 3 4 4
6266.0 7848.1 -7.3 170 0 14.8 14.7 2.5 2.5 2 0 1 0 0
6209.7 7782.8 -5.8 89 0 20.0 27.1 10.0 0.0 0 1 4 0 0
6108.5 7804.2 -5.7 179 0 16.2 23.1 10.0 0.0 0 1 4 5 5
6108.5 7777.6 -5.6 179 0 11.4 22.9 12.5 2.5 2 1 5 4 4
6238.9 7795.2 -6.2 38 0 7.8 23.4 5.0 0.0 0 1 2 3 3
6232.8 7858.6 -6.7 257 0 11.3 18.7 10.0 0.0 0 1 4 3 3
6292.9 7938.3 -7.9 90 0 12.8 9.0 7.5 2.5 2 0 3 5 5
6291.4 7960.6 -7.9 270 0 6.9 13.4 5.0 2.5 2 0 2 3 3
5923.9 7762.8 -5.9 289 0 8.8 6.6 7.5 2.5 2 0 3 0 0
6309.7 7626.5 -5.5 87 0 8.6 4.4 7.5 2.5 2 0 3 1 1
4967.7 9463.8 -8.0 41 0 3.2 6.5 7.5 2.5 2 1 3 5 5
6121.1 7307.9 -3.1 95 0 18.6 17.2 12.5 2.5 2 0 5 1 1
6114.9 7342.9 -3.3 185 0 17.2 18.6 10.0 2.5 2 1 4 1 1
6117.0 7365.0 -3.4 185 0 17.2 18.6 7.5 2.5 2 1 3 2 2
6119.3 7387.9 -3.5 185 0 17.2 18.6 7.5 2.5 2 1 3 2 2
6121.4 7410.9 -3.6 185 0 17.2 18.6 12.5 2.5 2 1 5 5 5
6142.7 7306.5 -3.1 92 0 18.6 17.2 7.5 2.5 2 0 3 3 3
6166.7 7312.4 -3.1 77 0 18.6 17.2 7.5 2.5 2 0 3 3 3
6183.9 7317.1 -3.1 88 0 11.3 15.6 5.0 2.5 2 1 2 1 1
6189.3 7348.4 -3.2 358 0 15.6 11.3 5.0 2.5 2 0 2 3 3
6188.2 7372.2 -3.3 358 0 15.6 11.3 7.5 2.5 2 0 3 1 1
6187.0 7395.4 -3.5 358 0 15.6 11.3 5.0 0.0 0 0 2 4 4
6185.1 7417.9 -3.6 358 0 15.6 11.3 2.5 2.5 2 0 1 1 1
6156.0 7423.7 -3.6 270 0 13.1 18.2 10.0 0.0 0 1 4 2 2
6139.3 7283.9 -2.9 70 0 10.1 10.9 5.0 0.0 0 1 2 5 5
6205.3 7333.0 -3.1 167 0 20.4 14.1 12.5 2.5 2 0 5 5 5
6235.1 7329.3 -3.1 76 0 14.1 20.4 10.0 2.5 2 1 4 1 1
6255.6 7333.7 -3.0 76 0 14.1 20.4 10.0 2.5 2 1 4 3 3
6282.0 7350.2 -3.0 346 0 20.4 14.1 10.0 2.5 2 0 4 1 1
6274.0 7379.8 -3.2 346 0 20.4 14.1 7.5 2.5 4 0 3 3 3
6253.7 7377.7 -3.2 347 0 20.4 14.1 10.0 2.5 4 0 4 1 1
6220.8 7370.7 -3.2 167 0 20.4 14.1 7.5 2.5 4 0 3 0 0
6201.7 7367.0 -3.3 167 0 20.4 14.1 10.0 2.5 2 0 4 2 2
6116.2 7232.9 -2.7 256 0 16.0 20.4 7.5 2.5 2 1 3 2 2
6321.0 7262.6 -2.5 181 0 13.3 14.6 5.0 2.5 2 1 2 1 1
6181.1 7247.3 -2.6 258 0 14.5 20.4 10.0 2.5 2 1 4 4 4
6173.4 7192.7 -2.4 171 0 10.4 9.5 5.0 2.5 2 0 2 3 3
6187.0 7044.2 -3.8 181 0 15.7 18.3 10.0 2.5 2 1 4 1 1
6297.4 7135.0 -2.1 271 0 14.6 13.3 5.0 2.5 2 0 2 2 2
6290.2 7022.1 -3.3 91 0 7.5 13.3 5.0 2.5 2 1 2 4 4
6304.7 7103.2 -2.4 1 0 13.3 14.6 5.0 2.5 2 1 2 5 5
6274.6 7153.3 -2.0 91 0 14.6 13.3 5.0 2.5 2 0 2 5 5
6268.5 7186.1 -2.2 181 0 13.3 14.6 5.0 0.0 0 1 2 3 3
6272.9 7210.9 -2.3 181 0 13.3 14.6 7.5 2.5 2 1 3 0 0
6309.4 7210.3 -2.2 1 0 13.3 14.6 7.5 2.5 2 1 3 0 0
6305.9 7183.8 -2.1 1 0 13.3 14.6 7.5 2.5 2 1 3 3 3
6297.3 7153.1 -2.0 91 0 14.6 13.3 7.5 2.5 2 0 3 1 1
6287.3 7240.9 -2.4 181 0 13.3 14.6 2.5 2.5 4 1 1 2 2
6294.7 7267.5 -2.5 271 0 14.6 13.3 10.0 2.5 2 0 4 5 5
6320.0 7183.1 -2.0 181 0 13.3 14.6 7.5 2.5 2 1 3 3 3
6320.6 7210.3 -2.2 181 0 13.3 14.6 7.5 2.5 2 1 3 5 5
6321.2 7235.6 -2.3 181 0 13.3 14.6 5.0 2.5 2 1 2 1 1
6358.7 7261.4 -2.7 1 0 13.3 14.6 5.0 2.5 2 1 2 5 5
6358.7 7234.3 -2.4 1 0 13.3 14.6 7.5 2.5 2 1 3 3 3
6358.7 7208.0 -2.1 1 0 13.3 14.6 2.5 2.5 2 1 1 5 5
6356.8 7182.6 -2.0 1 0 13.3 14.6 5.0 2.5 2 1 2 3 3
6318.7 7128.7 -1.9 181 0 13.3 14.6 5.0 2.5 2 1 2 5 5
6318.1 7103.7 -2.2 181 0 13.3 14.6 5.0 2.5 2 1 2 4 4
6316.5 7052.8 -2.9 181 0 13.3 14.6 10.0 2.5 2 1 4 2 2
6315.9 7027.4 -3.2 181 0 13.3 14.6 5.0 2.5 2 1 2 0 0
6347.0 7020.6 -3.4 91 0 14.6 13.3 5.0 2.5 2 0 2 0 0
6355.0 7051.5 -2.9 1 0 13.3 14.6 7.5 2.5 2 1 3 4 4
6355.4 7077.6 -2.4 1 0 13.3 14.6 5.0 2.5 4 1 2 0 0
6355.0 7102.2 -2.1 1 0 13.3 14.6 7.5 2.5 2 1 3 0 0
6350.3 7135.4 -1.8 271 0 14.6 13.3 2.5 0.0 0 0 1 2 2
6352.5 7149.6 -1.9 90 0 12.4 20.1 2.5 0.0 0 1 1 1 1
6334.7 7146.6 -1.8 92 0 7.5 7.2 7.5 2.5 2 0 3 3 3
6304.0 7346.4 -2.9 168 0 5.3 18.1 2.5 2.5 2 1 1 2 2
6300.5 7362.0 -3.0 168 0 5.3 18.0 5.0 0.0 0 1 2 4 4
6296.8 7378.3 -3.1 168 0 5.3 18.0 7.5 0.0 0 1 3 5 5
6338.1 7344.7 -3.4 76 0 10.1 10.6 5.0 2.5 2 1 2 4 4
6334.5 7360.2 -3.5 76 0 10.1 10.6 7.5 2.5 2 1 3 5 5
6360.4 7418.3 -3.9 351 0 11.5 17.8 10.0 2.5 4 1 4 5 5
6356.5 7436.2 -4.1 351 0 11.5 17.8 10.0 2.5 2 1 4 0 0
6217.6 7154.3 -2.3 2 0 7.0 7.3 2.5 2.5 2 1 1 0 0
6209.3 7500.2 -4.0 359 0 10.1 13.9 7.5 2.5 4 1 3 2 2
6208.5 7520.4 -4.1 2 0 10.1 13.9 5.0 2.5 4 1 2 4 4
6266.6 7603.6 -4.6 261 0 5.7 9.4 7.5 2.5 2 1 3 4 4
6107.4 7832.4 -5.9 179 0 16.2 23.1 10.0 0.0 0 1 4 3 3
6125.2 7878.4 -6.1 269 0 15.8 24.3 7.5 0.0 0 1 3 2 2
6150.2 7869.6 -6.0 282 0 18.0 24.6 7.5 0.0 0 1 3 3 3
6206.8 7861.7 -6.3 271 0 12.8 25.5 7.5 0.0 0 1 3 5 5
6251.8 7825.9 -6.7 341 0 16.1 24.2 7.5 0.0 0 1 3 2 2
6181.2 7774.5 -5.6 89 0 19.8 25.4 7.5 0.0 0 1 3 1 1
6153.2 7770.9 -5.6 89 0 19.8 25.4 10.0 0.0 0 1 4 4 4
6930.6 10005.9 -11.5 348 0 22.9 25.6 7.5 0.0 0 1 3 0 0
6179.5 7068.1 -3.6 181 0 15.7 18.3 7.5 2.5 2 1 3 4 4
6171.0 7093.1 -3.3 181 0 15.7 18.3 7.5 0.0 0 1 3 1 1
6243.4 7065.3 -3.3 2 0 14.7 18.9 7.5 2.5 2 1 3 2 2
6243.9 7089.5 -3.0 2 0 14.7 18.9 7.5 2.5 2 1 3 1 1
6242.9 7041.3 -3.6 2 0 14.7 18.9 7.5 2.5 2 1 3 4 4
6216.0 7104.2 -3.0 3 0 7.3 16.7 5.0 2.5 2 1 2 3 3
6193.9 7213.1 -2.4 258 0 14.2 20.1 7.5 2.5 2 1 3 2 2
6203.0 7251.9 -2.6 258 0 14.5 20.4 12.5 2.5 2 1 5 3 3
6224.6 7256.5 -2.6 258 0 14.5 20.4 10.0 2.5 2 1 4 1 1
6245.5 7262.1 -2.6 258 0 14.5 20.4 7.5 2.5 2 1 3 0 0
6249.9 7209.7 -2.4 360 0 10.4 15.6 10.0 2.5 2 1 4 2 2
6229.3 7203.7 -2.4 4 0 12.6 18.5 10.0 2.5 2 1 4 5 5
6196.8 6980.5 -4.5 171 0 8.6 16.2 7.5 2.5 2 1 3 4 4
6198.6 6967.2 -4.6 177 0 9.2 15.0 2.5 2.5 2 1 1 3 3
6199.0 6940.9 -4.9 174 0 9.2 17.0 7.5 2.5 2 1 3 1 1
6200.7 6927.8 -5.1 174 0 9.2 17.0 7.5 2.5 2 1 3 2 2
6245.2 6978.4 -4.3 3 0 9.3 16.2 5.0 2.5 2 1 2 0 0
3381.6 2265.4 -3.9 216 0 6.0 3.9 2.5 2.5 2 0 1 2 2
3439.9 1978.5 -1.9 34 0 9.7 13.0 5.0 2.5 2 1 2 0 0
6882.6 9821.2 -10.5 81 0 9.1 13.0 5.0 2.5 2 1 2 1 1
6846.1 9816.5 -10.3 82 0 15.6 15.2 7.5 2.5 2 0 3 3 3
6916.0 9834.5 -10.7 353 0 8.1 6.6 5.0 2.5 4 0 2 2 2
6658.0 7620.6 -7.3 178 0 4.5 6.4 5.0 2.5 2 1 2 5 5
6675.1 7647.9 -7.4 60 0 9.0 14.2 5.0 0.0 0 1 2 2 2
6441.0 9890.1 -9.5 258 0 12.1 64.7 10.0 0.0 0 1 4 3 3
6379.3 9889.5 -9.5 260 0 21.5 9.9 7.5 2.5 2 0 3 2 2
6385.8 9878.7 -9.5 259 0 24.4 131.4 7.5 0.0 0 1 3 2 2
6418.2 9856.5 -9.5 260 0 16.1 36.3 12.5 2.5 2 1 5 4 4
6408.9 9871.7 -9.5 255 0 8.9 11.2 2.5 2.5 2 1 1 2 2
6464.5 9893.7 -9.5 255 0 10.4 30.0 10.0 0.0 0 1 4 4 4
6575.6 9935.0 -9.8 255 0 15.4 6.9 5.0 2.5 2 0 2 2 2
6583.3 9913.2 -9.7 258 0 29.5 10.8 10.0 2.5 2 0 4 3 3
6637.8 9921.3 -9.7 347 0 12.8 30.1 10.0 2.5 2 1 4 1 1
6656.9 9853.9 -9.6 346 0 31.5 50.1 7.5 0.0 0 1 3 2 2
6761.7 9851.4 -10.2 257 0 42.5 25.0 10.0 0.0 0 0 4 5 5
6482.4 10012.0 -9.7 263 0 8.3 10.9 7.5 2.5 2 1 3 3 3
6134.9 9829.2 -8.7 267 0 8.4 13.4 2.5 0.0 0 1 1 1 1
6145.8 9831.8 -8.7 268 0 10.2 10.5 2.5 2.5 2 1 1 4 4
6079.2 9736.5 -8.7 113 0 10.6 13.2 5.0 2.5 2 1 2 5 5
5681.2 9546.7 -8.1 188 0 11.5 7.2 7.5 2.5 4 0 3 5 5
5668.0 9644.6 -8.2 198 0 11.0 9.2 5.0 2.5 2 0 2 3 3
5669.5 9619.9 -8.2 194 0 10.8 10.2 7.5 2.5 2 0 3 0 0
5664.6 9633.4 -8.2 198 0 8.4 9.4 2.5 2.5 2 1 1 1 1
5723.3 9625.4 -8.3 1 0 11.5 10.6 5.0 2.5 2 0 2 1 1
5727.9 9656.6 -8.3 21 0 6.5 11.3 7.5 2.5 2 1 3 0 0
5764.4 9756.3 -8.5 285 0 14.6 21.5 5.0 0.0 0 1 2 1 1
5797.8 9694.9 -8.5 17 0 7.2 19.7 5.0 0.0 0 1 2 1 1
5827.6 9789.2 -8.6 291 0 6.3 9.3 2.5 2.5 2 1 1 0 0
5975.6 9782.6 -8.6 269 0 8.1 11.0 7.5 2.5 2 1 3 3 3
6007.8 9838.8 -8.4 105 0 11.0 11.2 2.5 2.5 2 1 1 2 2
6082.2 9822.6 -8.8 268 0 9.8 13.9 5.0 2.5 2 1 2 1 1
6092.9 9861.7 -8.7 107 0 8.8 9.0 5.0 2.5 2 1 2 5 5
6119.2 9923.6 -8.7 274 0 12.5 10.8 7.5 2.5 2 0 3 3 3
6067.0 9693.7 -8.6 106 0 10.8 11.1 7.5 2.5 2 1 3 3 3
5938.3 9786.7 -8.8 272 0 8.6 14.4 7.5 2.5 2 1 3 0 0
5931.6 9770.3 -8.8 278 0 8.8 9.7 5.0 2.5 2 1 2 3 3
5819.0 9759.0 -8.6 112 0 10.7 9.8 5.0 2.5 2 0 2 0 0
5848.0 9748.8 -8.6 109 0 14.1 7.7 7.5 2.5 4 0 3 3 3
5960.7 9714.2 -8.7 106 0 9.6 11.2 7.5 2.5 4 1 3 2 2
5926.8 9724.4 -8.8 108 0 9.7 8.2 2.5 2.5 2 0 1 5 5
5937.2 9722.0 -8.8 102 0 9.5 8.0 5.0 2.5 2 0 2 4 4
5928.4 9692.2 -8.8 296 0 12.4 8.5 2.5 2.5 2 0 1 3 3
5979.5 9709.6 -8.7 103 0 8.0 8.4 5.0 2.5 2 1 2 3 3
5981.4 9721.1 -8.6 103 0 9.7 10.7 7.5 2.5 2 1 3 3 3
6137.2 9781.3 -8.8 3 0 11.1 39.8 7.5 2.5 4 0 3 0 0
6103.8 9827.4 -8.8 267 0 10.5 13.4 10.0 0.0 0 1 4 5 5
6094.2 9822.7 -8.8 266 0 5.7 11.1 7.5 2.5 2 1 3 1 1
6138.5 9858.1 -8.8 75 0 9.6 7.2 7.5 2.5 4 0 3 0 0
6180.4 9867.3 -8.8 75 0 8.7 8.1 5.0 2.5 2 0 2 2 2
6198.7 9870.8 -9.0 83 0 5.6 10.5 7.5 2.5 2 1 3 0 0
6215.3 9868.3 -9.0 83 0 5.6 13.7 2.5 2.5 2 1 1 1 1
6246.0 9858.1 -9.1 237 0 11.8 22.5 10.0 2.5 2 1 4 2 2
6278.9 9872.8 -9.3 254 0 10.5 10.5 10.0 0.0 0 0 4 1 1
6284.3 9884.6 -9.4 77 0 8.8 7.2 5.0 2.5 2 0 2 1 1
6294.0 9959.8 -9.7 186 0 7.4 10.7 7.5 2.5 2 1 3 5 5
6294.8 9971.2 -9.7 188 0 9.6 9.9 7.5 2.5 2 1 3 4 4
6317.6 9968.0 -9.7 191 0 11.5 9.5 7.5 2.5 2 0 3 2 2
6318.4 9979.7 -9.8 186 0 8.9 10.5 2.5 2.5 2 1 1 4 4
6344.6 9985.0 -9.8 190 0 9.0 9.8 2.5 2.5 2 1 1 5 5
6336.1 10014.3 -10.0 186 0 8.8 9.3 5.0 2.5 4 1 2 4 4
6317.0 10026.8 -10.0 190 0 10.3 9.3 5.0 0.0 0 0 2 1 1
6306.2 10040.4 -10.1 185 0 11.3 9.2 5.0 2.5 2 0 2 4 4
6300.3 10003.9 -9.9 189 0 11.8 9.9 7.5 2.5 2 0 3 0 0
6346.1 10077.5 -10.1 276 0 13.1 9.5 2.5 2.5 4 0 1 4 4
6323.6 10066.4 -10.2 188 0 9.3 8.2 7.5 0.0 0 0 3 4 4
6298.3 9807.1 -9.1 137 0 10.7 8.6 7.5 2.5 2 0 3 1 1
6266.3 9821.6 -9.0 58 0 8.1 12.5 5.0 2.5 2 1 2 3 3
6239.5 9834.8 -8.9 241 0 7.8 9.2 2.5 2.5 2 1 1 0 0
5633.8 9569.1 -8.1 337 0 6.7 8.5 5.0 2.5 2 1 2 1 1
5638.8 9552.3 -8.1 350 0 9.1 9.6 5.0 2.5 2 1 2 3 3
5660.2 9592.8 -8.1 191 0 8.4 8.5 7.5 2.5 2 1 3 5 5
5658.8 9606.7 -8.1 186 0 8.4 11.2 7.5 0.0 0 1 3 0 0
5667.0 9568.4 -8.1 194 0 12.9 6.8 5.0 2.5 2 0 2 2 2
5650.5 9611.4 -8.1 1 0 8.9 7.7 2.5 2.5 2 0 1 0 0
5721.1 9585.8 -8.2 3 0 14.7 10.5 5.0 2.5 2 0 2 2 2
5691.1 9638.3 -8.2 192 0 7.8 9.8 7.5 0.0 0 1 3 5 5
5716.5 9817.0 -8.2 120 0 13.6 8.2 2.5 2.5 4 0 1 5 5
5726.1 9808.3 -8.4 120 0 10.3 14.0 7.5 2.5 2 1 3 0 0
5752.1 9801.5 -8.5 109 0 16.5 31.1 7.5 0.0 0 1 3 3 3
5785.5 9830.3 -8.5 103 0 10.8 8.3 2.5 0.0 0 0 1 2 2
5790.3 9852.2 -8.6 105 0 10.7 10.6 7.5 2.5 2 0 3 4 4
5909.2 9811.6 -8.8 85 0 13.2 11.8 2.5 2.5 2 0 1 0 0
5726.8 9855.9 -8.1 99 0 48.8 17.7 7.5 2.5 2 0 3 2 2
5641.1 9737.9 -8.2 286 0 8.4 9.0 5.0 2.5 2 1 2 1 1
5641.8 9715.6 -8.2 181 0 13.5 10.8 2.5 2.5 2 0 1 0 0
5624.7 9682.9 -8.1 179 0 12.2 7.2 5.0 2.5 4 0 2 0 0
5652.4 9670.7 -8.2 359 0 10.0 7.1 7.5 0.0 0 0 3 3 3
5551.0 9922.7 -7.4 208 0 28.5 60.5 10.0 0.0 0 1 4 5 5
5568.0 9952.2 -7.5 208 0 29.8 59.9 12.5 0.0 0 1 5 5 5
5802.0 9805.1 -8.6 94 0 9.4 7.9 2.5 2.5 2 0 1 3 3
5807.7 9835.4 -8.6 108 0 10.6 8.5 7.5 2.5 2 0 3 3 3
5819.6 9805.3 -8.6 90 0 7.6 9.3 5.0 2.5 2 1 2 5 5
5801.8 9821.3 -8.6 96 0 5.1 9.8 5.0 2.5 2 1 2 2 2
5880.1 9810.6 -8.7 2 0 10.9 7.5 5.0 2.5 2 0 2 4 4
5864.6 9805.5 -8.7 90 0 8.8 8.5 2.5 2.5 2 0 1 5 5
5823.4 9885.0 -8.7 284 0 9.5 20.7 2.5 2.5 2 1 1 0 0
5832.4 9884.6 -8.7 278 0 5.4 9.1 7.5 0.0 0 1 3 2 2
5844.4 9875.6 -8.7 11 0 10.5 7.5 5.0 2.5 2 0 2 0 0
5802.3 9927.0 -8.1 279 0 7.6 8.2 7.5 2.5 4 1 3 5 5
5827.2 9926.6 -8.4 283 0 6.1 8.6 5.0 2.5 2 1 2 4 4
5827.5 9900.2 -8.7 280 0 11.4 9.0 7.5 2.5 2 0 3 3 3
5890.3 9973.3 -8.7 110 0 9.4 7.8 5.0 2.5 2 0 2 2 2
6855.7 10366.3 -11.7 257 0 7.4 19.4 2.5 2.5 2 1 1 5 5
6839.0 10307.3 -12.1 77 0 5.2 21.7 2.5 2.5 2 1 1 5 5
6806.8 10353.1 -12.4 259 0 30.2 11.0 10.0 2.5 2 0 4 4 4
6785.5 10322.3 -12.8 258 0 48.7 25.7 7.5 0.0 0 0 3 1 1
6731.7 10361.3 -13.0 275 0 6.2 9.1 5.0 0.0 0 1 2 1 1
6566.8 10342.3 -11.8 233 0 7.3 11.5 2.5 2.5 2 1 1 0 0
6527.2 10349.9 -11.7 45 0 9.1 14.6 5.0 2.5 2 1 2 5 5
6572.4 10382.4 -12.2 42 0 16.2 13.0 5.0 2.5 2 0 2 2 2
6569.5 10366.4 -12.0 43 0 9.2 21.6 7.5 2.5 2 1 3 2 2
6557.9 10386.3 -12.1 42 0 30.6 11.7 7.5 2.5 2 0 3 0 0
6554.4 10359.1 -11.9 42 0 21.5 15.1 10.0 2.5 2 0 4 5 5
6513.0 10312.5 -11.3 45 0 16.7 31.7 5.0 2.5 2 1 2 0 0
6526.5 10328.8 -11.6 44 0 19.3 36.7 10.0 2.5 2 1 4 4 4
6529.0 10502.8 -12.0 126 0 6.1 14.4 7.5 2.5 2 1 3 4 4
6582.0 10656.4 -12.6 304 0 16.3 18.4 7.5 0.0 0 1 3 3 3
6587.0 10662.9 -12.7 305 0 16.0 7.8 2.5 0.0 0 0 1 0 0
6529.4 10602.0 -12.2 130 0 10.2 11.5 2.5 2.5 2 1 1 3 3
6540.0 10595.8 -12.2 126 0 12.2 4.5 5.0 2.5 2 0 2 2 2
6594.5 10514.6 -12.3 36 0 9.3 12.1 2.5 2.5 4 1 1 1 1
6584.8 10508.4 -12.2 36 0 6.3 10.8 5.0 2.5 4 1 2 1 1
6585.5 10546.2 -12.3 38 0 14.5 8.7 7.5 2.5 4 0 3 3 3
6591.9 10540.9 -12.3 36 0 9.4 7.6 5.0 0.0 0 0 2 0 0
6469.8 10582.2 -12.1 141 0 16.6 9.6 5.0 2.5 2 0 2 0 0
6482.3 10589.0 -12.1 134 0 13.5 10.1 7.5 2.5 2 0 3 1 1
6488.2 10619.6 -12.3 212 0 14.9 11.2 5.0 2.5 2 0 2 1 1
6504.7 10631.0 -12.4 216 0 7.2 9.8 2.5 2.5 2 1 1 3 3
6501.9 10608.1 -12.2 214 0 12.7 9.8 5.0 2.5 2 0 2 3 3
6517.5 10609.6 -12.2 218 0 4.4 5.6 7.5 2.5 2 1 3 2 2
6526.5 10579.8 -12.1 124 0 13.8 8.4 5.0 2.5 2 0 2 5 5
6515.7 10568.8 -12.0 126 0 9.8 8.6 5.0 2.5 4 0 2 5 5
6515.4 10667.0 -12.6 215 0 8.3 5.0 5.0 2.5 2 0 2 1 1
6491.5 10665.1 -12.6 218 0 7.6 5.4 7.5 2.5 2 0 3 0 0
6496.7 10662.6 -12.6 217 0 10.6 10.2 10.0 2.5 2 0 4 2 2
6506.2 10656.6 -12.6 215 0 11.5 8.8 7.5 2.5 2 0 3 3 3
6521.1 10661.3 -12.6 214 0 11.6 15.5 5.0 2.5 2 1 2 3 3
6563.2 10706.9 -12.9 304 0 9.8 10.2 5.0 2.5 2 1 2 5 5
6600.1 10683.6 -12.8 304 0 8.8 12.2 5.0 2.5 2 1 2 2 2
6633.7 10623.4 -12.6 35 0 3.8 5.8 5.0 2.5 2 1 2 5 5
6622.8 10633.0 -12.6 305 0 8.2 8.6 5.0 2.5 2 1 2 4 4
6595.5 10613.2 -12.5 307 0 9.9 11.5 7.5 0.0 0 1 3 1 1
6579.4 10596.3 -12.3 34 0 8.7 13.4 2.5 2.5 2 1 1 2 2
6594.1 10597.7 -12.4 306 0 10.0 12.7 5.0 0.0 0 1 2 5 5
6506.1 10521.2 -11.9 214 0 4.9 6.7 7.5 2.5 2 1 3 0 0
6510.4 10521.8 -11.9 123 0 6.9 12.0 7.5 2.5 2 1 3 2 2
6516.2 10511.4 -12.0 122 0 12.9 18.8 2.5 2.5 2 1 1 4 4
6513.9 10496.6 -11.9 311 0 7.3 3.8 7.5 2.5 4 0 3 1 1
6527.2 10697.3 -12.8 219 0 6.9 4.7 7.5 2.5 2 0 3 3 3
6533.0 10695.8 -12.8 215 0 9.7 11.1 7.5 2.5 2 1 3 3 3
6534.9 10721.1 -13.0 220 0 4.0 4.3 7.5 2.5 2 1 3 3 3
6551.8 10717.0 -13.0 306 0 11.8 9.6 5.0 2.5 2 0 2 3 3
6633.6 10643.2 -12.7 304 0 4.2 3.7 7.5 0.0 0 0 3 2 2
6640.6 10637.4 -12.7 307 0 4.6 4.9 7.5 2.5 2 1 3 4 4
6637.7 10603.5 -12.6 305 0 9.6 10.4 2.5 2.5 2 1 1 4 4
6647.6 10565.2 -12.6 39 0 11.8 20.3 2.5 2.5 2 1 1 3 3
6629.3 10587.6 -12.6 308 0 9.2 11.7 7.5 2.5 2 1 3 0 0
6558.9 10580.5 -12.3 131 0 13.1 10.3 7.5 2.5 2 0 3 3 3
6566.0 10570.6 -12.3 126 0 8.2 13.7 5.0 0.0 0 1 2 2 2
6557.4 10556.9 -12.2 123 0 7.5 13.9 7.5 2.5 2 1 3 4 4
6547.3 10563.9 -12.2 125 0 13.9 11.3 7.5 2.5 2 0 3 1 1
6494.7 10534.4 -11.9 134 0 11.1 12.3 5.0 2.5 2 1 2 3 3
6562.2 10480.7 -12.1 137 0 7.3 8.6 5.0 2.5 2 1 2 5 5
6548.6 10494.8 -12.1 123 0 10.4 12.7 7.5 2.5 2 1 3 3 3
6613.6 10543.5 -12.4 40 0 10.2 12.7 7.5 0.0 0 1 3 0 0
6782.4 10424.8 -12.7 135 0 3.3 5.8 7.5 2.5 2 1 3 0 0
6580.8 10612.5 -12.4 304 0 10.5 8.5 7.5 2.5 2 0 3 4 4
6361.2 10143.2 -9.5 99 0 12.5 10.4 7.5 2.5 2 0 3 2 2
6360.1 10134.2 -9.6 100 0 11.3 9.1 7.5 0.0 0 0 3 3 3
6350.0 10087.4 -10.0 98 0 19.5 11.2 5.0 2.5 2 0 2 5 5
6345.8 10068.0 -10.1 276 0 8.7 8.5 5.0 2.5 2 0 2 1 1
6318.6 10086.8 -9.9 278 0 8.3 7.0 5.0 0.0 0 0 2 5 5
6312.1 10073.0 -10.0 190 0 14.0 5.8 5.0 2.5 2 0 2 5 5
6312.5 10062.2 -10.1 189 0 5.2 4.0 7.5 2.5 2 0 3 5 5
6307.7 10055.1 -10.1 188 0 8.3 6.9 5.0 0.0 0 0 2 1 1
6317.3 10058.6 -10.2 188 0 7.9 7.6 5.0 2.5 4 0 2 3 3
6346.5 10046.7 -10.1 276 0 12.3 8.0 5.0 2.5 2 0 2 4 4
6334.9 10034.6 -10.1 186 0 10.4 13.1 5.0 0.0 0 0 2 5 5
6329.0 10022.8 -10.0 189 0 7.0 7.0 5.0 2.5 2 0 2 5 5
6303.9 10028.2 -10.0 189 0 9.2 6.2 5.0 2.5 2 0 2 4 4
6301.9 10017.8 -10.0 188 0 9.7 6.7 2.5 2.5 2 0 1 0 0
6311.2 9995.5 -9.9 188 0 8.9 9.6 7.5 2.5 2 1 3 2 2
6320.9 9987.2 -9.8 185 0 6.0 13.2 2.5 2.5 2 1 1 3 3
6326.3 9953.9 -9.7 184 0 9.9 16.1 5.0 2.5 2 1 2 3 3
6318.1 9954.1 -9.7 184 0 10.7 7.9 5.0 2.5 2 0 2 0 0
6310.8 9953.3 -9.7 184 0 16.1 7.3 7.5 2.5 2 0 3 3 3
6297.2 9983.1 -9.8 188 0 13.9 9.4 5.0 2.5 2 0 2 2 2
6293.4 9951.7 -9.6 179 0 5.5 14.4 2.5 2.5 4 1 1 1 1
6289.8 9945.0 -9.6 177 0 7.0 9.9 2.5 2.5 4 0 1 1 1
6287.7 9937.2 -9.5 177 0 8.4 7.7 5.0 2.5 2 0 2 5 5
6334.8 9901.9 -9.5 89 0 13.9 43.3 7.5 2.5 2 0 3 2 2
6307.8 9927.0 -9.5 180 0 18.1 19.3 12.5 2.5 2 1 5 1 1
6291.6 9922.8 -9.5 175 0 7.0 15.2 5.0 2.5 2 1 2 4 4
6292.6 9912.8 -9.5 176 0 9.2 12.1 2.5 2.5 2 1 1 3 3
6310.2 9905.2 -9.5 89 0 7.6 12.3 7.5 2.5 2 1 3 2 2
6320.3 9895.3 -9.5 83 0 8.7 11.8 7.5 2.5 2 1 3 4 4
6309.6 9895.9 -9.5 89 0 7.6 8.0 5.0 2.5 2 1 2 0 0
6266.7 9907.1 -9.4 50 0 7.3 14.5 7.5 2.5 2 1 3 4 4
6276.8 9931.7 -9.5 320 0 7.2 18.9 7.5 2.5 2 1 3 0 0
6263.8 9807.6 -8.9 63 0 5.1 8.2 7.5 2.5 2 1 3 0 0
6233.6 9821.0 -8.9 61 0 15.1 12.5 7.5 2.5 2 0 3 4 4
6222.7 9846.3 -8.9 258 0 6.9 7.0 7.5 2.5 2 1 3 0 0
6219.1 9860.5 -9.0 259 0 10.2 12.4 10.0 2.5 2 0 4 4 4
6209.7 9854.1 -8.9 259 0 10.7 12.6 5.0 2.5 2 0 2 3 3
6201.5 9852.5 -8.8 259 0 6.0 11.1 5.0 2.5 2 0 2 3 3
6195.8 9851.4 -8.8 259 0 5.7 8.1 7.5 2.5 2 0 3 0 0
6196.3 9841.4 -8.8 266 0 3.6 7.1 2.5 2.5 2 1 1 3 3
6186.8 9851.8 -8.8 272 0 5.1 8.1 2.5 2.5 2 1 1 5 5
6176.9 9846.2 -8.7 272 0 10.5 11.3 2.5 0.0 0 1 1 5 5
6145.3 9813.8 -8.7 271 0 9.0 7.5 5.0 2.5 2 0 2 4 4
6079.9 9767.2 -8.7 205 0 7.3 12.0 7.5 2.5 2 1 3 2 2
6098.1 9777.0 -8.7 296 0 7.3 11.1 5.0 2.5 2 0 2 2 2
6076.9 9803.6 -8.8 284 0 6.9 7.1 7.5 2.5 2 1 3 2 2
6068.2 9797.6 -8.8 289 0 8.2 26.3 7.5 0.0 0 1 3 4 4
5923.4 9919.3 -8.9 282 0 7.6 9.9 7.5 2.5 2 1 3 0 0
5954.8 9874.4 -8.7 287 0 4.0 6.3 2.5 2.5 2 1 1 4 4
5953.5 9850.9 -8.7 113 0 5.0 7.7 7.5 2.5 4 1 3 0 0
5976.4 9855.2 -8.6 110 0 8.9 7.8 7.5 2.5 2 0 3 0 0
5953.4 9828.3 -8.7 115 0 8.0 7.4 7.5 2.5 4 0 3 5 5
5959.2 9821.1 -8.7 111 0 8.2 11.4 5.0 2.5 2 0 2 5 5
5956.6 9813.2 -8.7 97 0 13.9 8.5 5.0 2.5 2 0 2 3 3
6016.9 9871.5 -8.4 289 0 6.5 8.1 2.5 2.5 2 0 1 1 1
6018.9 9875.6 -8.3 289 0 5.1 4.5 7.5 2.5 2 0 3 1 1
6017.2 9891.8 -8.4 288 0 7.3 12.7 2.5 2.5 2 1 1 3 3
6025.1 9888.9 -8.3 286 0 8.4 5.8 5.0 2.5 2 0 2 0 0
6030.5 9904.2 -8.3 287 0 8.8 10.7 7.5 2.5 4 0 3 0 0
6037.9 9902.3 -8.3 287 0 6.6 14.2 5.0 2.5 2 0 2 3 3
6042.1 9888.7 -8.4 300 0 7.2 6.8 5.0 2.5 2 0 2 5 5
6037.8 9882.9 -8.4 298 0 6.0 5.7 5.0 0.0 0 0 2 2 2
6037.3 9873.2 -8.4 344 0 7.7 14.2 5.0 2.5 4 1 2 2 2
6059.3 9863.6 -8.6 268 0 6.5 10.8 7.5 2.5 2 0 3 4 4
6065.6 9863.7 -8.6 270 0 5.9 9.8 7.5 2.5 2 0 3 5 5
6052.1 9883.9 -8.5 296 0 6.3 14.0 7.5 2.5 2 0 3 3 3
6059.2 9881.0 -8.5 296 0 9.0 11.6 5.0 2.5 2 0 2 5 5
6058.3 9868.6 -8.5 298 0 8.7 14.1 5.0 2.5 2 0 2 3 3
6041.7 9860.3 -8.5 297 0 8.2 11.6 7.5 2.5 2 0 3 4 4
6035.9 9844.8 -8.5 27 0 9.5 12.9 7.5 2.5 2 0 3 2 2
6009.7 9815.9 -8.4 98 0 7.7 7.7 5.0 2.5 2 0 2 2 2
6005.2 9816.7 -8.4 108 0 11.4 8.6 7.5 2.5 2 0 3 1 1
5983.7 9844.6 -8.5 105 0 7.7 13.1 5.0 2.5 2 1 2 1 1
5993.1 9869.7 -8.5 285 0 9.0 8.5 5.0 2.5 2 0 2 1 1
6006.5 9886.4 -8.4 285 0 6.0 5.2 7.5 2.5 2 0 3 0 0
6007.8 9894.8 -8.4 285 0 3.7 7.6 2.5 2.5 2 1 1 5 5
5995.7 9894.0 -8.5 285 0 6.9 9.0 7.5 2.5 2 1 3 4 4
5999.5 9907.5 -8.5 285 0 8.8 10.0 5.0 0.0 0 1 2 2 2
5980.3 9874.1 -8.6 285 0 7.7 8.3 2.5 2.5 2 1 1 5 5
5980.9 9892.1 -8.6 285 0 12.0 12.4 7.5 2.5 2 1 3 0 0
5950.8 9917.5 -8.8 288 0 20.0 9.9 5.0 2.5 2 0 2 3 3
5967.3 9915.8 -8.7 288 0 6.3 18.2 5.0 2.5 2 1 2 4 4
5956.7 9897.5 -8.8 288 0 12.0 8.5 7.5 0.0 0 0 3 0 0
5955.2 9888.6 -8.8 284 0 10.5 7.0 2.5 2.5 2 0 1 0 0
5967.0 9881.8 -8.7 284 0 5.6 5.1 2.5 2.5 2 0 1 3 3
5959.8 9873.4 -8.7 289 0 3.1 3.0 5.0 2.5 4 0 2 0 0
5958.0 9846.0 -8.7 109 0 4.2 8.0 5.0 2.5 2 1 2 0 0
5945.4 9850.4 -8.8 115 0 8.3 9.9 7.5 2.5 2 1 3 1 1
5949.6 9877.1 -8.8 288 0 5.1 3.9 7.5 2.5 2 0 3 5 5
5929.2 9874.3 -8.9 199 0 9.8 6.3 5.0 0.0 0 0 2 3 3
5927.7 9864.4 -8.8 207 0 7.0 6.6 5.0 2.5 2 0 2 3 3
5927.3 9841.0 -8.8 106 0 8.5 3.3 5.0 2.5 2 0 2 5 5
5945.0 9837.2 -8.8 117 0 4.3 5.0 7.5 0.0 0 1 3 3 3
5943.4 9825.1 -8.8 115 0 7.5 11.5 2.5 2.5 2 0 1 5 5
5930.2 9816.1 -8.8 90 0 8.7 5.3 5.0 2.5 2 0 2 5 5
5911.9 9824.7 -8.8 91 0 11.0 8.6 5.0 0.0 0 0 2 4 4
5892.1 9846.7 -8.8 187 0 8.2 10.6 7.5 2.5 2 0 3 5 5
5889.1 9839.2 -8.8 187 0 7.4 10.8 2.5 2.5 2 0 1 3 3
5891.5 9860.3 -8.8 193 0 9.2 13.2 7.5 2.5 2 1 3 2 2
5909.1 9854.1 -8.8 199 0 7.9 11.3 7.5 2.5 2 1 3 4 4
5907.5 9900.0 -8.8 193 0 7.6 9.4 5.0 2.5 2 1 2 4 4
5903.2 9886.3 -8.8 192 0 6.4 8.6 7.5 2.5 2 1 3 2 2
5911.9 9870.9 -8.8 191 0 13.0 10.2 2.5 2.5 2 0 1 5 5
5898.5 9874.6 -8.8 194 0 12.3 10.1 7.5 2.5 2 0 3 5 5
5895.2 9889.0 -8.8 24 0 23.9 9.8 2.5 2.5 2 0 1 5 5
5889.1 9874.4 -8.8 24 0 7.8 10.1 5.0 2.5 2 0 2 5 5
5877.9 9907.9 -8.8 268 0 5.0 4.3 2.5 2.5 2 0 1 3 3
5866.9 9916.6 -8.8 275 0 4.0 5.4 5.0 2.5 2 1 2 2 2
5860.0 9914.0 -8.8 274 0 5.0 16.4 2.5 2.5 2 1 1 0 0
5663.6 9933.4 -7.6 297 0 46.9 9.0 7.5 2.5 2 0 3 1 1
5614.2 9963.5 -7.5 299 0 59.7 12.0 7.5 2.5 2 0 3 1 1
5638.4 9874.4 -7.7 121 0 57.0 46.8 10.0 0.0 0 0 4 0 0
5724.2 9837.1 -8.0 98 0 4.0 10.2 7.5 2.5 2 0 3 1 1
5731.5 9840.8 -8.1 99 0 9.3 5.5 5.0 2.5 2 0 2 0 0
5746.8 9893.2 -7.9 279 0 19.0 12.3 2.5 2.5 2 0 1 0 0
5754.4 9933.4 -7.6 14 0 6.5 21.6 7.5 2.5 2 1 3 5 5
5747.1 9921.0 -7.7 12 0 4.9 12.8 7.5 2.5 2 1 3 1 1
5777.4 9919.6 -7.8 283 0 7.7 7.9 2.5 2.5 2 1 1 0 0
5751.4 9956.4 -7.6 286 0 7.6 9.1 7.5 2.5 2 1 3 1 1
5763.1 9951.4 -7.6 276 0 8.6 10.6 2.5 2.5 4 1 1 3 3
5767.1 9938.5 -7.6 289 0 6.2 9.9 5.0 0.0 0 1 2 5 5
5777.7 9936.9 -7.7 293 0 8.5 13.6 7.5 2.5 2 1 3 1 1
5786.7 9919.3 -8.0 268 0 6.0 11.9 5.0 2.5 2 1 2 5 5
5781.6 9904.4 -8.0 273 0 5.3 7.1 5.0 2.5 2 1 2 1 1
5800.4 9914.4 -8.3 271 0 11.1 8.6 7.5 2.5 2 0 3 3 3
5813.1 9917.5 -8.3 271 0 4.0 4.8 5.0 2.5 2 1 2 5 5
5836.5 9865.1 -8.7 11 0 9.2 4.9 7.5 2.5 2 0 3 4 4
5809.8 9846.3 -8.6 106 0 9.2 19.3 5.0 2.5 2 0 2 1 1
5820.9 9843.2 -8.6 106 0 13.8 19.3 10.0 2.5 2 0 4 0 0
5873.4 9844.1 -8.7 9 0 8.5 11.0 2.5 2.5 2 1 1 2 2
5857.5 9822.3 -8.7 93 0 6.6 4.6 7.5 2.5 2 0 3 3 3
5861.2 9830.4 -8.7 3 0 5.0 7.2 5.0 2.5 2 1 2 1 1
5864.4 9818.0 -8.7 93 0 4.7 11.9 5.0 2.5 2 1 2 3 3
5849.0 9808.5 -8.7 90 0 7.2 8.8 7.5 2.5 2 1 3 3 3
5877.4 9798.1 -8.7 185 0 7.8 25.6 5.0 2.5 2 0 2 0 0
5846.3 9800.2 -8.7 187 0 8.7 31.5 7.5 0.0 0 0 3 0 0
5835.2 9800.8 -8.6 185 0 8.8 11.1 7.5 2.5 2 0 3 1 1
5831.9 9800.9 -8.6 275 0 6.6 11.1 7.5 2.5 2 0 3 1 1
5913.4 9729.1 -8.7 99 0 6.1 7.0 7.5 2.5 2 1 3 5 5
5914.4 9773.7 -8.8 278 0 7.0 13.9 2.5 2.5 2 1 1 5 5
5909.6 9786.2 -8.8 278 0 14.4 11.2 7.5 2.5 2 0 3 3 3
5961.6 9733.2 -8.7 104 0 6.7 5.8 7.5 2.5 2 0 3 3 3
5942.0 9733.8 -8.8 107 0 13.0 9.8 5.0 2.5 2 0 2 3 3
5952.7 9765.9 -8.8 281 0 14.2 6.6 5.0 2.5 2 0 2 0 0
5957.5 9787.8 -8.8 268 0 6.0 11.1 2.5 2.5 4 1 1 3 3
5947.3 9796.7 -8.8 255 0 9.2 9.8 7.5 2.5 4 1 3 4 4
5945.0 9806.0 -8.8 268 0 6.8 7.5 7.5 2.5 2 1 3 1 1
5958.0 9807.0 -8.7 268 0 15.5 7.4 7.5 2.5 2 0 3 1 1
5972.4 9792.3 -8.6 272 0 9.9 8.6 7.5 2.5 2 0 3 2 2
5977.2 9797.4 -8.6 272 0 6.7 5.0 5.0 2.5 2 0 2 4 4
5975.7 9807.0 -8.6 272 0 10.2 9.2 5.0 2.5 2 0 2 3 3
6020.0 9778.4 -8.7 276 0 9.4 5.9 2.5 2.5 2 0 1 0 0
6013.6 9799.7 -8.6 274 0 8.4 11.2 7.5 2.5 2 0 3 2 2
6023.3 9799.0 -8.6 274 0 11.1 7.7 5.0 2.5 2 0 2 0 0
6035.8 9797.8 -8.7 274 0 8.7 11.0 5.0 2.5 2 0 2 0 0
6026.0 9787.5 -8.7 274 0 19.8 8.2 5.0 2.5 2 0 2 5 5
6009.5 9737.4 -8.7 105 0 21.0 15.3 10.0 2.5 4 0 4 5 5
5999.0 9704.6 -8.8 104 0 13.9 7.7 7.5 2.5 2 0 3 3 3
6028.2 9713.5 -8.7 103 0 11.2 13.7 5.0 2.5 2 1 2 3 3
6030.6 9700.3 -8.7 97 0 20.3 6.4 7.5 2.5 2 0 3 3 3
6051.7 9702.6 -8.6 103 0 7.1 10.5 5.0 2.5 2 0 2 5 5
6045.4 9703.8 -8.7 103 0 5.8 10.7 5.0 2.5 2 0 2 4 4
6046.6 9697.7 -8.7 103 0 10.9 5.9 5.0 0.0 0 0 2 4 4
6073.3 9714.2 -8.6 106 0 11.8 8.4 7.5 2.5 4 0 3 5 5
6112.9 9683.8 -8.4 108 0 7.1 15.3 7.5 0.0 0 0 3 4 4
6107.2 9695.0 -8.5 108 0 15.9 20.1 10.0 2.5 2 0 4 2 2
6138.8 9693.5 -8.4 108 0 4.6 7.1 7.5 2.5 2 0 3 0 0
6136.5 9693.8 -8.4 18 0 14.6 7.0 7.5 2.5 2 0 3 3 3
6129.5 9678.8 -8.4 102 0 9.6 15.3 7.5 2.5 4 0 3 3 3
6164.1 9504.2 -7.8 125 0 5.6 11.3 7.5 2.5 2 1 3 3 3
6199.6 9554.0 -7.8 36 0 6.0 6.6 7.5 2.5 4 1 3 4 4
6044.7 9684.1 -8.6 287 0 6.9 19.6 7.5 2.5 2 1 3 4 4
6049.2 9655.9 -8.5 287 0 7.2 4.6 7.5 2.5 2 0 3 5 5
5980.6 9687.8 -8.8 289 0 5.2 6.5 7.5 2.5 4 1 3 4 4
5979.0 9664.8 -8.7 112 0 4.6 6.7 5.0 0.0 0 0 2 5 5
5982.7 9679.2 -8.8 292 0 11.5 5.3 7.5 2.5 2 0 3 3 3
5977.9 9675.4 -8.8 292 0 5.3 9.0 7.5 2.5 2 0 3 1 1
5973.3 9655.6 -8.8 110 0 11.7 6.9 5.0 2.5 4 0 2 5 5
5963.5 9664.0 -8.8 110 0 12.6 7.2 7.5 2.5 2 0 3 0 0
5966.0 9701.1 -8.7 291 0 5.5 7.0 2.5 2.5 2 1 1 4 4
5973.3 9701.1 -8.7 289 0 8.1 9.1 2.5 2.5 2 1 1 0 0
5949.5 9708.0 -8.8 293 0 9.2 10.6 5.0 2.5 2 1 2 3 3
5937.6 9711.2 -8.8 287 0 8.9 15.9 7.5 2.5 2 1 3 4 4
5927.8 9715.1 -8.8 287 0 6.9 10.5 5.0 2.5 2 1 2 2 2
5915.0 9718.1 -8.7 287 0 10.7 12.3 10.0 2.5 2 1 4 4 4
5893.6 9711.3 -8.7 287 0 9.6 7.0 7.5 0.0 0 0 3 0 0
5898.3 9722.6 -8.7 287 0 8.0 9.0 7.5 2.5 4 0 3 2 2
5905.0 9719.9 -8.7 287 0 6.5 12.6 5.0 2.5 2 0 2 5 5
5880.6 9726.4 -8.7 290 0 7.2 10.2 5.0 2.5 2 1 2 3 3
5865.7 9722.3 -8.6 286 0 12.2 8.0 7.5 2.5 4 0 3 3 3
5853.6 9732.4 -8.6 287 0 4.6 5.0 5.0 2.5 2 1 2 0 0
5861.4 9738.6 -8.6 288 0 5.6 13.5 2.5 2.5 2 1 1 3 3
5868.0 9733.7 -8.7 289 0 9.5 11.0 2.5 2.5 4 1 1 4 4
5831.7 9739.6 -8.6 286 0 7.5 10.5 2.5 0.0 0 1 1 5 5
5747.2 9702.3 -8.4 108 0 6.9 12.7 5.0 2.5 2 1 2 2 2
5715.6 9689.2 -8.3 202 0 11.9 8.0 7.5 2.5 2 0 3 3 3
5677.0 9661.6 -8.2 206 0 9.2 9.6 5.0 2.5 2 0 2 5 5
5685.6 9657.3 -8.2 206 0 9.2 10.4 7.5 0.0 0 0 3 3 3
5693.0 9622.8 -8.2 184 0 5.1 7.1 5.0 2.5 2 1 2 0 0
5700.9 9627.9 -8.2 181 0 5.7 3.5 7.5 2.5 2 0 3 1 1
5722.0 9599.6 -8.3 5 0 11.0 4.9 7.5 2.5 2 0 3 2 2
5700.8 9592.9 -8.2 183 0 3.9 3.6 5.0 2.5 2 0 2 5 5
5708.2 9586.7 -8.2 3 0 7.4 7.0 7.5 2.5 2 0 3 1 1
5711.4 9597.2 -8.2 3 0 5.6 10.4 5.0 2.5 2 1 2 3 3
5694.1 9591.2 -8.2 181 0 7.8 5.8 2.5 0.0 0 0 1 2 2
5673.6 9605.4 -8.2 184 0 6.5 9.2 5.0 2.5 2 0 2 3 3
5671.0 9596.2 -8.2 184 0 4.7 10.2 5.0 0.0 0 1 2 1 1
5669.6 9588.7 -8.2 183 0 6.3 10.6 5.0 2.5 4 1 2 4 4
5689.2 9572.1 -8.2 184 0 5.6 13.2 5.0 2.5 4 1 2 1 1
5677.8 9510.7 -8.1 200 0 7.6 7.4 2.5 2.5 2 0 1 4 4
5673.1 9521.0 -8.1 200 0 4.8 8.3 5.0 2.5 2 1 2 5 5
5674.8 9542.9 -8.1 189 0 5.9 3.9 5.0 2.5 2 0 2 2 2
5661.5 9555.1 -8.1 181 0 6.3 4.7 2.5 0.0 0 0 1 4 4
5666.8 9578.4 -8.1 181 0 6.3 6.6 7.5 2.5 2 1 3 5 5
5657.2 9576.4 -8.1 181 0 11.9 8.8 2.5 2.5 2 0 1 5 5
5641.0 9652.1 -8.1 1 0 14.8 9.6 5.0 2.5 2 0 2 3 3
5645.4 9651.0 -8.2 1 0 12.7 4.4 2.5 2.5 2 0 1 1 1
5653.5 9651.0 -8.2 1 0 12.5 8.1 7.5 2.5 2 0 3 2 2
5651.8 9628.0 -8.1 1 0 6.1 12.0 5.0 2.5 2 0 2 5 5
5653.0 9620.4 -8.1 1 0 8.9 5.8 2.5 2.5 2 0 1 5 5
5651.0 9600.5 -8.1 2 0 5.5 6.0 7.5 2.5 2 1 3 3 3
5637.3 9580.1 -8.1 353 0 8.9 5.3 7.5 2.5 2 0 3 3 3
5649.2 9586.5 -8.1 358 0 20.0 10.6 2.5 0.0 0 0 1 5 5
5647.3 9541.9 -8.1 353 0 11.2 13.6 5.0 2.5 2 1 2 5 5
6135.8 9880.4 -8.8 92 0 11.8 6.4 2.5 2.5 2 0 1 5 5
6122.3 9885.8 -8.7 91 0 7.3 9.4 5.0 2.5 2 1 2 2 2
6120.3 9862.0 -8.8 79 0 7.7 8.4 5.0 2.5 2 1 2 3 3
5873.8 9931.5 -8.8 90 0 8.2 9.9 5.0 2.5 2 1 2 1 1
5766.4 9847.0 -8.5 97 0 5.4 5.1 5.0 2.5 2 0 2 4 4
5764.2 9920.0 -7.7 6 0 3.2 8.2 7.5 2.5 2 1 3 1 1
5866.6 9993.0 -8.1 284 0 4.8 3.7 2.5 2.5 2 0 1 2 2
5862.1 9980.2 -8.1 109 0 3.7 6.1 7.5 2.5 2 1 3 5 5
5946.1 9989.3 -8.9 282 0 28.5 7.5 5.0 2.5 2 0 2 5 5
6228.3 9895.7 -9.2 130 0 13.3 7.6 5.0 2.5 2 0 2 0 0
6250.8 9881.1 -9.2 42 0 11.4 14.6 5.0 2.5 2 1 2 5 5
6364.7 10054.2 -10.0 281 0 10.2 7.2 5.0 2.5 4 0 2 3 3
6366.9 10044.8 -10.1 278 0 14.1 8.2 5.0 2.5 2 0 2 1 1
6360.9 10033.3 -10.1 282 0 11.1 12.1 5.0 2.5 2 1 2 1 1
6351.0 10013.1 -10.0 189 0 8.1 7.8 5.0 2.5 2 0 2 1 1
6351.6 10002.4 -9.9 192 0 8.1 7.0 5.0 2.5 2 0 2 1 1
6353.7 9794.5 -9.3 130 0 47.0 17.6 10.0 2.5 2 0 4 4 4
6321.0 9848.5 -9.4 218 0 13.3 22.8 10.0 2.5 2 1 4 3 3
6297.1 9860.1 -9.3 285 0 8.5 13.2 5.0 2.5 2 1 2 0 0
6308.5 9874.1 -9.4 275 0 8.2 9.1 5.0 2.5 2 1 2 3 3
6314.3 9882.2 -9.5 258 0 17.7 5.3 7.5 2.5 2 0 3 3 3
6314.5 9860.5 -9.4 289 0 6.8 20.7 7.5 2.5 2 1 3 2 2
6299.4 9877.4 -9.4 271 0 6.0 15.1 5.0 2.5 2 1 2 1 1
6163.2 9863.6 -8.8 73 0 17.2 14.8 7.5 2.5 2 0 3 1 1
6180.1 9907.4 -9.0 268 0 7.8 8.1 5.0 2.5 2 1 2 4 4
6171.9 9907.3 -9.0 266 0 5.4 7.7 7.5 2.5 2 1 3 0 0
6170.5 9893.2 -8.9 350 0 9.3 11.1 7.5 2.5 2 1 3 0 0
6151.1 9905.0 -8.9 268 0 8.6 12.3 5.0 2.5 2 1 2 2 2
6099.5 9895.6 -8.6 106 0 10.3 9.1 7.5 2.5 2 0 3 2 2
6113.8 9891.9 -8.7 91 0 7.0 12.3 7.5 2.5 2 1 3 2 2
6109.1 9869.4 -8.7 94 0 9.4 13.9 7.5 2.5 2 1 3 5 5
6083.8 9885.5 -8.6 104 0 11.7 18.0 2.5 2.5 2 1 1 1 1
6074.8 9899.8 -8.5 102 0 5.7 7.1 7.5 2.5 2 1 3 1 1
6071.1 9891.1 -8.5 102 0 5.7 5.8 5.0 2.5 2 1 2 4 4
6063.7 9892.5 -8.4 99 0 6.7 14.3 5.0 2.5 2 1 2 0 0
6097.2 9911.8 -8.5 91 0 5.4 10.3 7.5 2.5 2 1 3 0 0
6097.1 9960.9 -8.6 269 0 6.5 30.5 7.5 2.5 2 1 3 2 2
6083.4 9912.6 -8.5 92 0 13.0 15.9 2.5 2.5 2 1 1 3 3
6080.4 9961.5 -8.5 271 0 11.4 11.0 7.5 2.5 2 0 3 0 0
6055.5 9928.1 -8.3 94 0 6.0 16.9 5.0 2.5 2 1 2 4 4
6063.1 9926.5 -8.3 93 0 6.5 13.6 5.0 2.5 2 1 2 1 1
6054.8 9920.4 -8.4 185 0 8.3 9.9 5.0 2.5 2 1 2 0 0
6045.4 9928.5 -8.2 103 0 5.6 6.1 7.5 2.5 4 1 3 4 4
6045.5 9918.2 -8.3 101 0 10.7 7.6 5.0 2.5 2 0 2 1 1
6030.0 9920.9 -8.2 101 0 8.4 13.0 7.5 2.5 2 1 3 3 3
6014.5 9922.0 -8.4 98 0 13.7 9.6 7.5 2.5 2 0 3 2 2
6011.7 9966.5 -8.5 287 0 3.9 8.1 7.5 2.5 2 1 3 2 2
6004.3 9941.0 -8.4 99 0 8.1 5.5 5.0 2.5 2 0 2 2 2
5983.4 9978.9 -8.7 289 0 13.4 9.4 7.5 2.5 2 0 3 0 0
5974.5 9966.7 -8.6 100 0 3.5 3.3 7.5 2.5 2 0 3 4 4
5992.4 9927.8 -8.5 97 0 10.1 8.2 5.0 2.5 2 0 2 2 2
5973.5 9948.5 -8.6 100 0 8.1 10.6 7.5 2.5 2 1 3 1 1
5973.1 9930.0 -8.6 98 0 10.5 10.4 7.5 2.5 2 0 3 5 5
5962.3 9931.7 -8.7 101 0 5.8 9.4 7.5 2.5 2 1 3 4 4
5952.2 9933.5 -8.7 107 0 8.5 8.7 5.0 2.5 2 1 2 4 4
5920.7 9953.6 -8.9 108 0 10.3 6.1 7.5 2.5 2 0 3 5 5
5920.7 9963.1 -8.9 106 0 4.6 7.7 7.5 2.5 2 1 3 0 0
5927.2 9992.4 -8.9 285 0 5.0 6.0 7.5 2.5 2 0 3 5 5
5921.1 9987.8 -8.9 285 0 10.5 14.6 5.0 2.5 2 0 2 0 0
5922.2 9994.9 -8.8 286 0 4.3 6.3 7.5 2.5 2 0 3 3 3
5912.0 9929.5 -8.9 89 0 10.8 16.7 7.5 2.5 4 1 3 3 3
5878.6 9989.5 -8.4 290 0 12.1 7.4 7.5 0.0 0 0 3 0 0
5871.7 9955.3 -8.6 96 0 8.1 8.2 7.5 2.5 2 1 3 0 0
5874.8 9947.0 -8.8 96 0 11.7 5.2 7.5 2.5 2 0 3 4 4
5842.9 9915.9 -8.7 284 0 5.4 5.9 7.5 2.5 4 1 3 4 4
5833.7 9912.2 -8.7 285 0 7.7 8.9 5.0 2.5 2 1 2 0 0
5843.6 9907.0 -8.7 282 0 9.5 6.4 2.5 2.5 2 0 1 4 4
5842.8 9952.6 -8.2 91 0 4.6 8.1 7.5 2.5 2 1 3 0 0
5847.0 9963.9 -8.1 90 0 4.3 6.4 5.0 2.5 4 1 2 4 4
5839.6 9963.6 -8.0 91 0 4.9 4.9 5.0 2.5 2 0 2 0 0
5832.3 9961.4 -8.0 91 0 7.2 9.2 5.0 2.5 2 1 2 1 1
5833.4 9948.7 -8.1 91 0 8.7 10.3 5.0 2.5 2 1 2 5 5
5838.5 9941.8 -8.3 103 0 8.3 4.2 7.5 2.5 4 0 3 0 0
5835.6 9935.2 -8.4 179 0 6.9 5.4 5.0 2.5 2 0 2 1 1
5830.8 9940.2 -8.2 91 0 4.9 5.7 7.5 2.5 2 1 3 2 2
5828.1 9935.5 -8.3 180 0 7.5 6.2 5.0 2.5 2 0 2 1 1
5822.9 9939.4 -8.1 89 0 6.3 6.9 2.5 2.5 2 1 1 5 5
5811.0 9928.4 -8.2 271 0 7.6 8.3 2.5 2.5 2 1 1 2 2
5813.0 9935.3 -8.1 182 0 5.4 5.9 5.0 2.5 2 1 2 5 5
5811.7 9950.2 -7.8 101 0 6.5 12.1 7.5 0.0 0 1 3 3 3
5803.6 9951.6 -7.7 102 0 6.9 12.2 7.5 2.5 2 1 3 4 4
5811.2 9941.8 -7.9 97 0 4.9 3.8 7.5 2.5 4 0 3 3 3
5802.7 9937.3 -7.8 101 0 6.8 6.9 5.0 2.5 2 1 2 5 5
5794.9 9959.5 -7.5 92 0 5.2 4.2 5.0 2.5 2 0 2 0 0
5783.7 9962.9 -7.5 182 0 4.3 7.9 7.5 2.5 2 1 3 1 1
5783.9 9958.6 -7.5 182 0 3.0 6.2 7.5 2.5 2 1 3 5 5
5786.5 9949.4 -7.6 88 0 3.1 5.0 7.5 2.5 4 1 3 2 2
5807.4 10018.5 -7.8 205 0 19.1 13.1 10.0 2.5 2 0 4 2 2
5836.3 10019.5 -7.8 294 0 19.9 33.1 15.0 0.0 0 1 6 1 1
6865.1 10277.6 -12.0 76 0 13.8 20.3 10.0 2.5 2 1 4 0 0
6806.2 9846.1 -10.3 270 0 29.7 11.7 7.5 2.5 2 0 3 1 1
6700.6 9832.5 -9.8 268 0 6.4 16.1 7.5 2.5 4 1 3 3 3
6716.6 9847.1 -9.9 267 0 5.8 10.5 2.5 2.5 2 1 1 3 3
6699.7 9843.7 -9.8 278 0 8.2 7.2 5.0 2.5 2 0 2 0 0
6838.3 9815.5 -10.3 353 0 10.2 21.1 5.0 2.5 2 0 2 1 1
6810.3 9813.2 -10.2 83 0 5.7 13.1 5.0 2.5 4 1 2 3 3
6763.5 9801.1 -10.0 73 0 16.6 17.3 7.5 2.5 2 1 3 2 2
6743.2 9800.6 -9.9 82 0 11.5 15.2 5.0 2.5 2 1 2 2 2
6558.3 9739.8 -9.4 67 0 15.8 8.5 7.5 2.5 2 0 3 4 4
6495.0 9717.9 -9.4 159 0 8.2 17.0 2.5 2.5 2 1 1 1 1
6471.8 9855.3 -9.5 258 0 17.4 31.3 7.5 2.5 2 1 3 0 0
6434.6 9754.1 -9.4 79 0 11.4 55.4 10.0 2.5 4 1 4 2 2
6399.3 10068.3 -9.9 277 0 9.6 9.6 5.0 2.5 2 1 2 2 2
6507.0 10134.0 -9.1 6 0 8.8 15.3 2.5 2.5 2 1 1 5 5
6477.9 10121.1 -9.2 97 0 12.5 10.8 5.0 2.5 2 0 2 3 3
6503.3 10111.9 -9.2 265 0 5.9 9.5 2.5 2.5 4 1 1 2 2
6505.3 10101.4 -9.3 265 0 12.3 9.7 2.5 0.0 0 0 1 5 5
6797.5 10264.4 -12.5 81 0 50.0 20.0 10.0 2.5 2 0 4 5 5
6752.8 10267.5 -12.4 168 0 23.1 8.7 2.5 2.5 2 0 1 1 1
6709.6 10312.0 -12.5 163 0 4.4 19.0 5.0 2.5 2 1 2 1 1
6659.4 10293.4 -11.9 349 0 6.3 5.7 7.5 2.5 2 0 3 4 4
6666.1 10275.6 -11.8 16 0 16.5 17.6 7.5 2.5 2 1 3 3 3
6631.1 10269.8 -11.5 76 0 8.7 6.6 5.0 2.5 2 0 2 1 1
6644.9 10312.8 -12.0 345 0 10.6 8.3 7.5 2.5 2 0 3 1 1
6642.5 10301.6 -11.9 345 0 9.5 10.2 2.5 2.5 2 0 1 3 3
6488.8 10108.2 -9.2 265 0 5.1 7.2 7.5 2.5 2 1 3 3 3
6485.4 10071.8 -9.4 84 0 10.2 13.9 2.5 2.5 2 1 1 3 3
6480.0 10110.0 -9.3 264 0 8.6 12.8 2.5 2.5 2 1 1 3 3
6483.7 10206.8 -9.0 185 0 9.3 5.0 7.5 0.0 0 0 3 4 4
6487.7 10217.5 -9.3 189 0 10.2 14.6 7.5 2.5 2 1 3 5 5
6499.0 10241.5 -9.6 277 0 13.3 10.2 5.0 2.5 2 0 2 2 2
6494.9 10260.0 -9.9 186 0 3.4 7.5 5.0 0.0 0 1 2 0 0
6508.3 10247.5 -10.0 99 0 7.6 11.3 5.0 2.5 2 1 2 3 3
6485.3 10290.8 -10.3 45 0 9.6 12.3 5.0 2.5 4 1 2 1 1
6464.4 10316.2 -10.9 225 0 4.3 14.0 5.0 2.5 2 0 2 0 0
6446.0 10252.7 -9.3 281 0 32.3 20.5 5.0 0.0 0 0 2 5 5
6437.6 10212.0 -9.0 101 0 31.3 21.0 10.0 0.0 0 0 4 4 4
6458.5 10208.0 -9.0 101 0 11.2 20.9 5.0 2.5 4 0 2 0 0
6476.6 10215.0 -9.1 11 0 21.2 10.8 5.0 2.5 2 0 2 0 0
6480.6 10237.4 -9.4 14 0 9.5 13.0 2.5 2.5 2 1 1 2 2
6476.4 10253.5 -9.7 103 0 15.5 11.3 2.5 2.5 2 0 1 2 2
6425.2 9988.3 -9.9 11 0 9.9 10.9 2.5 2.5 2 1 1 3 3
6408.7 9990.9 -9.9 12 0 8.8 12.2 7.5 2.5 2 1 3 1 1
6409.7 10007.7 -10.0 7 0 10.9 9.1 5.0 2.5 2 0 2 3 3
6414.1 10022.4 -10.0 10 0 9.7 10.7 5.0 2.5 2 0 2 0 0
6417.9 10031.4 -9.9 11 0 9.5 14.0 5.0 2.5 2 0 2 3 3
6440.9 10025.9 -9.8 9 0 9.4 12.2 5.0 2.5 2 1 2 0 0
6417.3 10091.6 -9.6 99 0 6.8 3.1 2.5 2.5 2 0 1 5 5
6428.1 10105.5 -9.6 280 0 9.1 11.1 7.5 0.0 0 1 3 5 5
6404.9 10079.0 -9.7 98 0 7.9 15.9 5.0 2.5 2 1 2 1 1
6403.1 10116.0 -9.7 279 0 10.7 10.9 2.5 0.0 0 1 1 4 4
6370.3 10126.1 -9.8 278 0 10.3 18.0 7.5 2.5 2 0 3 0 0
6373.1 10073.3 -10.1 281 0 19.3 18.7 10.0 2.5 2 0 4 5 5
6396.4 10058.6 -9.9 277 0 8.3 8.4 7.5 2.5 2 1 3 5 5
6392.6 10048.6 -9.9 277 0 11.5 8.6 2.5 2.5 2 0 1 5 5
6382.3 10032.5 -10.1 277 0 12.8 9.0 7.5 2.5 2 0 3 4 4
6379.9 10018.3 -10.0 276 0 9.5 7.6 7.5 2.5 2 0 3 2 2
6386.1 10004.3 -10.0 5 0 4.9 12.2 5.0 2.5 2 0 2 3 3
6436.4 9932.0 -9.6 349 0 11.2 10.8 10.0 2.5 4 0 4 3 3
6433.3 9969.3 -9.8 348 0 9.8 33.6 7.5 2.5 2 1 3 5 5
6415.0 9920.4 -9.6 82 0 15.1 21.0 7.5 2.5 2 1 3 5 5
6484.2 9934.3 -9.7 81 0 14.9 11.5 2.5 2.5 2 0 1 4 4
6441.9 9959.2 -9.8 175 0 9.8 7.2 5.0 2.5 2 0 2 2 2
6494.4 9937.9 -9.8 81 0 8.1 32.4 2.5 0.0 0 0 1 5 5
6483.8 9989.2 -9.9 261 0 10.3 20.0 2.5 2.5 2 0 1 5 5
6499.3 9950.3 -9.8 81 0 7.9 15.5 2.5 2.5 2 0 1 2 2
6568.1 10026.4 -9.1 183 0 8.7 8.2 7.5 2.5 2 0 3 2 2
6614.1 9974.5 -9.3 79 0 5.4 10.0 7.5 2.5 2 1 3 0 0
6605.5 9982.5 -9.2 78 0 6.8 15.1 7.5 2.5 2 1 3 2 2
6604.5 10064.5 -8.9 268 0 17.6 13.9 7.5 2.5 2 0 3 4 4
6650.9 9993.9 -9.0 75 0 19.8 60.6 7.5 2.5 2 1 3 4 4
6662.7 10054.8 -8.7 346 0 14.0 9.5 5.0 2.5 2 0 2 1 1
6675.0 10001.5 -8.8 75 0 10.1 29.3 10.0 2.5 2 1 4 5 5
6703.2 10002.3 -8.7 75 0 24.9 11.1 10.0 2.5 2 0 4 3 3
6719.1 10006.5 -8.5 75 0 8.0 11.1 5.0 2.5 2 0 2 3 3
6737.1 10011.0 -8.5 77 0 25.4 10.6 10.0 2.5 2 0 4 5 5
6743.8 10159.4 -11.1 257 0 9.4 12.7 7.5 2.5 2 1 3 1 1
6806.3 9856.6 -10.3 269 0 22.1 8.2 7.5 2.5 2 0 3 4 4
6834.6 9852.5 -10.4 266 0 6.4 8.9 5.0 2.5 2 1 2 4 4
6412.4 9888.3 -9.5 256 0 15.1 11.8 5.0 2.5 2 0 2 4 4
6408.6 9898.9 -9.5 256 0 17.5 11.2 2.5 2.5 2 0 1 5 5
6469.0 10169.1 -9.2 10 0 20.2 20.4 7.5 2.5 2 1 3 3 3
6472.7 10189.3 -9.0 10 0 20.5 19.1 7.5 2.5 2 0 3 5 5
6437.5 10165.2 -9.2 100 0 19.6 19.4 10.0 2.5 2 0 4 2 2
6421.3 10168.5 -9.2 100 0 9.4 11.4 7.5 2.5 2 0 3 5 5
6411.8 10168.7 -9.3 100 0 9.5 41.0 7.5 2.5 2 0 3 3 3
6371.8 10133.5 -9.6 99 0 7.1 16.2 2.5 2.5 2 1 1 1 1
6382.6 10130.4 -9.6 99 0 9.1 11.1 7.5 2.5 2 1 3 2 2
6381.7 10169.3 -9.6 279 0 6.2 20.1 7.5 2.5 4 0 3 0 0
6394.6 10166.9 -9.5 292 0 7.2 18.5 5.0 2.5 2 0 2 0 0
6400.7 10163.8 -9.4 279 0 7.8 8.5 5.0 2.5 2 0 2 4 4
6408.8 10163.1 -9.4 279 0 8.4 11.4 5.0 2.5 2 0 2 2 2
6402.7 10127.3 -9.5 102 0 9.1 16.3 5.0 2.5 2 1 2 3 3
6418.3 10157.4 -9.4 281 0 6.7 7.6 5.0 2.5 2 1 2 5 5
6429.5 10159.7 -9.3 282 0 8.7 11.8 5.0 2.5 2 1 2 5 5
6448.9 10149.5 -9.3 279 0 6.2 8.6 5.0 2.5 2 1 2 5 5
6482.4 10193.2 -8.9 190 0 16.3 7.7 7.5 2.5 4 0 3 1 1
6495.1 10197.2 -8.9 190 0 11.3 7.5 5.0 2.5 2 0 2 4 4
6489.4 10188.1 -8.8 190 0 8.6 5.9 5.0 2.5 2 0 2 4 4
6488.0 10179.8 -8.9 190 0 8.2 10.8 5.0 2.5 2 0 2 2 2
6489.8 10171.9 -8.9 190 0 6.8 7.7 7.5 2.5 2 0 3 1 1
6482.0 10151.7 -9.0 186 0 7.6 12.4 7.5 2.5 2 1 3 0 0
6509.2 10145.3 -8.9 10 0 7.0 3.9 5.0 2.5 2 0 2 4 4
6488.0 10268.9 -9.9 6 0 5.6 8.7 7.5 0.0 0 1 3 4 4
6477.3 10271.3 -9.8 7 0 4.7 10.3 5.0 2.5 4 1 2 2 2
6548.9 10310.8 -11.2 230 0 6.1 6.6 2.5 2.5 2 1 1 4 4
6541.0 10307.8 -11.1 231 0 7.5 7.6 5.0 2.5 2 1 2 2 2
6559.1 10308.8 -11.4 226 0 18.6 12.8 7.5 2.5 2 0 3 5 5
6604.3 10255.3 -11.1 72 0 9.5 14.7 7.5 2.5 2 1 3 1 1
6583.3 10243.5 -10.7 100 0 11.2 11.4 7.5 2.5 2 1 3 0 0
6591.1 10217.4 -10.3 21 0 3.4 5.3 2.5 2.5 2 1 1 0 0
6554.1 10189.1 -9.7 98 0 9.3 19.2 2.5 0.0 0 1 1 4 4
6562.4 10221.5 -10.0 283 0 12.8 11.1 7.5 2.5 2 0 3 4 4
6576.6 10227.0 -10.2 275 0 6.3 8.7 5.0 2.5 2 1 2 2 2
6560.7 10178.2 -9.2 307 0 5.1 10.6 7.5 2.5 4 1 3 1 1
6651.5 10075.6 -8.6 357 0 6.9 4.9 2.5 2.5 2 0 1 2 2
6582.4 10079.4 -8.9 264 0 6.2 7.5 5.0 2.5 2 0 2 5 5
6577.8 10091.2 -8.9 264 0 12.9 12.2 7.5 2.5 2 0 3 3 3
6521.9 10039.7 -9.4 354 0 12.8 10.9 5.0 2.5 2 0 2 4 4
6512.8 10063.4 -9.4 262 0 10.9 14.7 5.0 2.5 2 1 2 0 0
6493.3 10060.7 -9.5 264 0 8.1 11.7 5.0 2.5 2 0 2 5 5
6500.4 10065.9 -9.4 264 0 7.0 16.2 7.5 2.5 2 0 3 0 0
6507.5 10045.0 -9.4 354 0 4.6 6.9 5.0 2.5 2 0 2 2 2
6496.6 10039.0 -9.5 84 0 9.3 5.3 5.0 2.5 2 0 2 2 2
6472.8 10061.0 -9.5 264 0 8.8 9.4 5.0 2.5 2 0 2 5 5
6473.4 10051.6 -9.6 264 0 7.9 8.9 7.5 2.5 2 0 3 4 4
6489.5 10036.1 -9.5 83 0 5.2 4.4 7.5 2.5 4 0 3 2 2
6486.8 10022.7 -9.6 83 0 7.9 13.0 2.5 2.5 2 0 1 0 0
6478.7 10020.3 -9.6 83 0 8.9 16.7 2.5 2.5 2 0 1 0 0
6471.4 10013.5 -9.8 266 0 8.0 19.4 5.0 2.5 2 1 2 5 5
6446.8 10008.7 -9.9 176 0 8.2 14.0 7.5 2.5 2 1 3 0 0
6226.9 9570.5 -7.8 102 0 4.8 4.7 2.5 2.5 2 0 1 3 3
5862.8 10110.3 -8.5 66 0 10.4 21.9 7.5 0.0 0 1 3 2 2
5850.3 10228.2 -9.1 290 0 6.2 8.8 5.0 2.5 2 1 2 4 4
5856.4 10217.1 -9.1 290 0 5.2 12.4 7.5 2.5 2 1 3 5 5
5839.9 10161.8 -8.7 195 0 10.1 10.7 2.5 2.5 2 1 1 0 0
5849.0 10185.1 -8.9 202 0 31.8 13.9 7.5 2.5 2 0 3 3 3
5685.6 9738.9 -8.3 9 0 4.2 10.4 7.5 2.5 2 1 3 2 2
5662.7 9742.7 -8.3 270 0 9.2 5.1 7.5 2.5 2 0 3 1 1
5663.7 9695.0 -8.2 8 0 3.8 6.8 7.5 0.0 0 1 3 5 5
5663.6 9701.0 -8.2 6 0 6.2 5.8 5.0 2.5 2 0 2 4 4
5677.1 9678.6 -8.2 24 0 3.9 8.8 5.0 2.5 4 1 2 4 4
5683.8 9694.4 -8.2 29 0 7.3 6.9 2.5 0.0 0 0 1 5 5
5692.2 9721.6 -8.3 9 0 17.6 8.1 2.5 2.5 4 0 1 5 5
5989.7 9738.0 -8.6 103 0 17.2 9.8 7.5 2.5 2 0 3 5 5
