I
1130 Generated by WorldEditor 2.3.0r2

1   2693 0 0 LTAB Guvercinlik AB
1302 city Ankara
1302 country Turkey
1302 datum_lat 39.935277778
1302 datum_lon 32.740833333
1302 faa_code 
1302 iata_code 
1302 icao_code LTAB
1302 region_code LT
1302 state Ankara Province
1302 transition_alt 10000
1302 transition_level 
1302 flatten 1
100 29.87 1 0 0.25 1 2 0 06  39.93080679  032.72940206    0  150 2 7 0 2 24  39.93863778  032.75075206    0    0 2 7 0 2
100 29.87 1 0 0.25 0 0 0 09  39.93857911  032.73919458    0    0 2 0 0 0 27  39.93855479  032.74939906    0    0 2 0 0 0
102 H1  39.93775561  032.74398652  64.02 20.00 20.00 2 0 0 0.00 1
102 H2  39.93729490  032.74270566  65.88 20.00 20.00 2 0 0 0.00 1
102 H3  39.93682348  032.74143411  65.67 20.00 20.00 2 0 0 0.00 1
102 H4  39.93636277  032.74017191  66.71 20.00 20.00 2 0 0 0.00 1
110 2 0.00 175.0000 Taxiway
111  39.93843397  032.74513614
112  39.93836229  032.74520856  39.93830498  032.74521073
111  39.93825929  032.74520639
111  39.93611797  032.73935426
112  39.93685994  032.73914940  39.93728691  032.73906261
112  39.93771351  032.73903888  39.93810619  032.73902001
111  39.93830874  032.73904966
111  39.93844359  032.73919677
111  39.93871127  032.73919859
111  39.93871259  032.73922108
111  39.93877789  032.73922216
111  39.93875929  032.73891218
111  39.93828807  032.73889331
112  39.93771274  032.73889883  39.93749673  032.73891006
112  39.93678165  032.73902692  39.93658973  032.73906683
111  39.93644534  032.73910843
112  39.93602571  032.73924817  39.93582131  032.73932573
111  39.93563380  032.73941507
111  39.93557797  032.73941650
111  39.93563731  032.73957646
111  39.93566417  032.73954564
111  39.93602077  032.73939572
111  39.93812627  032.74520846
111  39.93768342  032.74519449
111  39.93777267  032.74543238
112  39.93787984  032.74534354  39.93800841  032.74534354
112  39.93832983  032.74535751  39.93841555  032.74535751
113  39.93843698  032.74550656
110 1 0.25 175.0000 Taxiway
111  39.93851474  032.75082221
111  39.93822694  032.75091418
111  39.93822037  032.75088847
111  39.93785885  032.75105563
111  39.93778325  032.75075988
111  39.93680056  032.75117994
111  39.93655078  032.75014265
111  39.93648833  032.75018122
111  39.93639302  032.74985975
112  39.93660665  032.74950827  39.93684329  032.74940112
112  39.93762878  032.74910536  39.93778204  032.74904989
111  39.93789386  032.74912477
111  39.93771638  032.74864042
112  39.93754333  032.74889105  39.93737009  032.74896317
111  39.93653763  032.74929824
112  39.93622869  032.74914823  39.93616625  032.74888677
111  39.93613338  032.74870246
111  39.93609065  032.74871961
111  39.93543333  032.74599790
111  39.93442106  032.74641365
111  39.93451966  032.74681226
111  39.93428631  032.74688941
111  39.93449337  032.74763521
111  39.93437833  032.74769093
111  39.93438162  032.74781951
111  39.93416799  032.74787523
111  39.93417785  032.74799524
111  39.93443421  032.74795238
111  39.93468727  032.74892106
111  39.93471685  032.74901964
111  39.93475301  032.74919109
111  39.93476944  032.74934539
111  39.93500936  032.75027549
111  39.93490419  032.75041265
111  39.93491734  032.75046408
111  39.93506195  032.75052409
111  39.93521970  032.75118845
111  39.93484174  032.75134276
111  39.93488776  032.75154849
111  39.93480559  032.75159993
111  39.93497978  032.75239717
111  39.93515726  032.75240574
111  39.93518355  032.75257290
111  39.93502251  032.75259433
111  39.93525586  032.75332299
111  39.93582773  032.75327584
111  39.93565682  032.75260719
111  39.93562396  032.75246146
111  39.93528872  032.75114988
112  39.93537089  032.75088413  39.93540047  032.75080698
111  39.93549249  032.75077697
111  39.93583430  032.75062267
111  39.93625197  032.75229168
111  39.93618921  032.75232145
111  39.93630523  032.75272329
111  39.93635658  032.75271089
111  39.93640983  032.75291181
111  39.93643456  032.75293165
111  39.93642695  032.75328884
111  39.93650493  032.75325412
111  39.93650684  032.75306064
111  39.93697852  032.75288204
111  39.93708123  032.75299118
111  39.93707552  032.75301599
111  39.93717823  032.75297630
112  39.93705841  032.75283987  39.93700135  032.75275305
111  39.93700895  032.75271585
111  39.93722388  032.75240331
111  39.93807786  032.75205852
111  39.93798276  032.75164923
111  39.93837647  032.75148551
111  39.93836316  032.75144830
111  39.93856857  032.75137140
111  39.93872643  032.75137388
111  39.93872263  032.75097699
111  39.93885577  032.75089513
113  39.93875877  032.75066940
111  39.93499244  032.74918596
111  39.93506271  032.74940159
111  39.93521772  032.74935846
111  39.93530659  032.74969268
112  39.93508545  032.74974929  39.93498004  032.74973581
111  39.93493044  032.74964417
113  39.93482710  032.74923986
111  39.93498624  032.74984093
111  39.93504618  032.74983823
111  39.93520945  032.74985171
111  39.93543266  032.75071153
112  39.93535619  032.75076274  39.93532726  032.75080048
112  39.93530039  032.75092177  39.93528799  032.75096490
114  39.93525492  032.75096220  39.93524045  032.75090560
110 2 0.00 175.0000 Taxiway
111  39.93538625  032.73946283
112  39.93536443  032.73953332  39.93532982  032.73955318
112  39.93499205  032.73974997  39.93487508  032.73981496
111  39.93475221  032.73976028
111  39.93488754  032.74012729
112  39.93502251  032.73987544  39.93509103  032.73983482
112  39.93538797  032.73967143  39.93544057  032.73964074
113  39.93546427  032.73967564
110 2 0.00 175.0000 Taxiway
111  39.93745112  032.74516240
112  39.93741294  032.74520372  39.93736507  032.74520429
111  39.93741294  032.74520372
112  39.93741294  032.74520372  39.93724666  032.74520212
112  39.93685549  032.74518820  39.93681171  032.74518617
111  39.93685549  032.74518820
112  39.93685549  032.74518820  39.93678605  032.74518497
111  39.93671530  032.74511020
111  39.93686738  032.74552252
112  39.93701485  032.74533684  39.93716764  032.74533519
112  39.93746629  032.74533790  39.93750903  032.74533684
113  39.93752724  032.74536243
110 1 0.25 175.0000 Taxiway
111  39.93841719  032.74936142
112  39.93838953  032.74948732  39.93835530  032.74952205
111  39.93830392  032.74943924
111  39.93875764  032.75067614
112  39.93931116  032.75088204  39.93931116  032.75092648
111  39.93969962  032.75199307
111  39.93953606  032.75206418
111  39.93963147  032.75244637
111  39.94018349  032.75221528
111  39.94008808  032.75191307
112  39.94085819  032.75161976  39.94108309  032.75161087
111  39.94119213  032.75168198
111  39.94162148  032.75065094
111  39.94061285  032.74985986
112  39.93993134  032.75035759  39.93966555  032.75048203
112  39.93928390  032.75052647  39.93899418  032.75052274
112  39.93887500  032.75039315  39.93882364  032.75033609
112  39.93873188  032.74993985  39.93871143  032.74969099
111  39.93871587  032.74935138
111  39.94061285  032.74985986
111  39.94078249  032.74949362
113  39.93868143  032.74890169
110 1 0.25 175.0000 Taxiway
111  39.94182646  032.75022574
111  39.94196450  032.75036977
111  39.94266652  032.74853343
111  39.94231156  032.74831739
111  39.94207493  032.74813736
111  39.94210254  032.74799847
111  39.94249693  032.74807563
111  39.94256792  032.74760239
111  39.94226818  032.74749437
111  39.94229579  032.74720117
111  39.94245354  032.74721660
111  39.94247721  032.74651704
111  39.94185801  032.74640902
111  39.94178702  032.74542140
111  39.94255214  032.74527223
111  39.94249693  032.74482985
111  39.94118755  032.74508191
111  39.93869146  032.74506676
111  39.93868357  032.74609549
111  39.94134136  032.74611576
111  39.94132953  032.74740171
111  39.94108500  032.74829674
111  39.94129009  032.74837390
111  39.94123487  032.74856422
112  39.94109684  032.74864137  39.94097852  032.74862594
111  39.93868316  032.74801383
111  39.93868316  032.74839447
111  39.94092330  032.74895514
112  39.94099035  032.74905802  39.94097063  032.74910946
111  39.94078249  032.74949362
111  39.94061285  032.74985986
113  39.94162148  032.75065094
110 1 0.25 175.0000 Taxiway
111  39.93868643  032.74474931
111  39.93883489  032.74474992
111  39.93883453  032.74490013
111  39.93995509  032.74490473
111  39.93995672  032.74423055
113  39.93868770  032.74422534
110 1 0.25 175.0000 Taxiway
111  39.94025527  032.74468538
111  39.94123468  032.74498972
111  39.94213521  032.74468969
111  39.94173096  032.74285075
111  39.94117881  032.74301792
111  39.94104077  032.74254211
111  39.94165865  032.74232350
111  39.94148446  032.74152620
111  39.94108021  032.74175339
111  39.94092245  032.74122614
111  39.94029142  032.73972156
111  39.93982801  032.73989303
111  39.93964068  032.73973014
111  39.93932516  032.73983731
111  39.93996567  032.74318405
113  39.94002077  032.74344853
110 1 0.25 175.0000 Taxiway
111  39.93869171  032.74392236
111  39.93933274  032.74367530
111  39.93939436  032.74395213
111  39.93980975  032.74379139
111  39.93973444  032.74352348
111  39.94002077  032.74344853
111  39.93996567  032.74318405
111  39.93960559  032.74330623
111  39.93958715  032.74319388
112  39.93963101  032.74296891  39.93958787  032.74283882
111  39.93945688  032.74287270
112  39.93936158  032.74309969  39.93939392  032.74325087
111  39.93952030  032.74321778
111  39.93954321  032.74332290
113  39.93869628  032.74364851
110 1 0.25 175.0000 Taxiway
111  39.93112085  032.72986510
112  39.93120266  032.72946861  39.93132126  032.72939192
112  39.93141872  032.72933445  39.93147155  032.72930455
111  39.93141872  032.72933445
112  39.93141872  032.72933445  39.93159314  032.72923437
111  39.93171847  032.72946713
111  39.93313740  032.73333512
111  39.93341257  032.73406956
111  39.93538625  032.73946283
111  39.93546427  032.73967564
111  39.93745112  032.74516240
111  39.93752724  032.74536243
111  39.93842889  032.74776604
111  39.93843252  032.74721427
111  39.93777267  032.74543238
111  39.93768342  032.74519449
111  39.93563731  032.73957646
111  39.93557797  032.73941650
111  39.93370946  032.73431857
111  39.93339182  032.73343579
111  39.93171430  032.72888089
113  39.93093189  032.72935244
110 2 0.00 175.0000 Taxiway
111  39.93313740  032.73333512
112  39.93309732  032.73365420  39.93301824  032.73373897
112  39.93296840  032.73376864  39.93291532  032.73380537
112  39.93274307  032.73384352  39.93264900  032.73383787
111  39.93251554  032.73366204
111  39.93283571  032.73453463
112  39.93284165  032.73420801  39.93287524  032.73409499
112  39.93297057  032.73402576  39.93302257  032.73398903
112  39.93315582  032.73391840  39.93327715  032.73385341
113  39.93341257  032.73406956
110 2 0.00 175.0000 Taxiway
111  39.93678165  032.73902692
112  39.93664019  032.73889299  39.93658581  032.73875723
112  39.93597874  032.73709483  39.93594339  032.73695890
111  39.93596010  032.73680931
111  39.93613944  032.73482992
112  39.93644610  032.73450086  39.93650045  032.73447049
111  39.93658196  032.73453630
111  39.93763004  032.73614109
111  39.93784354  032.73589809
111  39.93839087  032.73551335
111  39.93804927  032.73481472
111  39.93821231  032.73467297
111  39.93778531  032.73410596
111  39.93785518  032.73405534
111  39.93769991  032.73387815
111  39.93781248  032.73378196
111  39.93766498  032.73358452
111  39.93809585  032.73302258
111  39.93750971  032.73231483
111  39.93716811  032.73274617
111  39.93695849  032.73305298
111  39.93681487  032.73325042
111  39.93673724  032.73312892
111  39.93664795  032.73315930
111  39.93631412  032.73269861
111  39.93621320  032.73284036
112  39.93591042  032.73241514  39.93592206  032.73239995
111  39.93570857  032.73264801
111  39.93506031  032.73203040
111  39.93547954  032.73160009
111  39.93576679  032.73192915
111  39.93588713  032.73172666
111  39.93471483  032.73032944
111  39.93384144  032.73114454
111  39.93400447  032.73127109
111  39.93375216  032.73195956
112  39.93359300  032.73328587  39.93357360  032.73347318
111  39.93339182  032.73343579
111  39.93370946  032.73431857
112  39.93369005  032.73389840  39.93371722  032.73369085
111  39.93380262  032.73265815
111  39.93471095  032.73237466
112  39.93553777  032.73322005  39.93587548  032.73360479
112  39.93603852  032.73385285  39.93609286  032.73393891
111  39.93605793  032.73410090
112  39.93580173  032.73682448  39.93578620  032.73700167
111  39.93583666  032.73716366
112  39.93648880  032.73896085  39.93652374  032.73907222
113  39.93644534  032.73910843
110 1 0.25 0.0000 asphalt_6L.pol
111  39.93877789  032.73922216
111  39.93886003  032.73914876
111  39.93886974  032.73991237
111  39.93874137  032.73991524
111  39.93871120  032.73988712
111  39.93871120  032.74001369
111  39.93874681  032.73998409
111  39.93886327  032.73998831
111  39.93886653  032.74009098
111  39.93906706  032.74009379
111  39.93905736  032.73919517
111  39.93897648  032.73919517
111  39.93890209  032.73909391
112  39.93900236  032.73861718  39.93902501  032.73833873
112  39.93895384  032.73769325  39.93893443  032.73739371
111  39.93882445  032.73711104
111  39.93929350  032.73672712
111  39.93875652  032.73576100
111  39.93809662  032.73634321
111  39.93863036  032.73733464
112  39.93870153  032.73752027  39.93872417  032.73759199
112  39.93879534  032.73830498  39.93881151  032.73862140
113  39.93875929  032.73891218
130 Airport Boundary 1
111  39.92867568  032.72475578
111  39.93366733  032.74069041
111  39.93328483  032.75385978
111  39.93654648  032.75616947
111  39.94094008  032.75531143
111  39.94304481  032.74807133
111  39.94253850  032.74196936
111  39.93868458  032.73289133
111  39.93637765  032.73122031
111  39.93242529  032.72692721
113  39.92972528  032.72406225
120 Default hold RWY 06 (near)
111  39.93301580  032.73395653 4
115  39.93295772  032.73379846
120 Default hold RWY 06 (near)
111  39.93124194  032.72920072 4
115  39.93129995  032.72935883
120 Default hold RWY 06 (centre)
111  39.93733228  032.74900407 4
115  39.93738404  032.74918722
120 Default hold RWY 06 (centre)
111  39.93894744  032.74934392 4
115  39.93895202  032.74902609
120 Default hold RWY 06 (centre)
111  39.93895193  032.74842983 4
115  39.93895652  032.74811200
120 Default hold RWY 06 (centre)
111  39.93714808  032.74532724 4
115  39.93713918  032.74520278
120 Default hold RWY 06 (centre)
111  39.93514933  032.73979827 4
115  39.93510884  032.73968792
120 Default hold RWY 06 (far)
111  39.93823504  032.75097404 4
115  39.93834418  032.75135435
21  39.93157682  032.73238292 3 64.4300 3.00 06  PAPI-4R
21  39.93210103  032.73204947 2 64.4300 3.00 06  PAPI-4L
21  39.93790786  032.74783625 3 244.4400 3.00 24  PAPI-4R
21  39.93737401  032.74816215 2 244.4400 3.00 24  PAPI-4L
14  39.93902687  032.74035043  82.02 0 New Tower Viewpoint 3
1300  39.93509149  032.74691346 157.17 tie_down jets|turboprops|props New Ramp Start 1
1301 C military 
1300  39.93539035  032.74822301 164.75 tie_down jets|turboprops|props New Ramp Start 2
1301 C military 
1300  39.93562346  032.74926753 160.56 tie_down jets|turboprops|props New Ramp Start 3
1301 C military 
1300  39.93598209  032.75073301 162.35 tie_down jets|turboprops|props New Ramp Start 4
1301 C military 
1300  39.93617336  032.75153589 158.75 tie_down jets|turboprops|props New Ramp Start 5
1301 C military 
1300  39.94212781  032.74927608  25.64 tie_down jets|turboprops|props New Ramp Start 6
1301 C military 
18  39.93916291  032.74240273 4 BCN
19  39.93105448  032.72885887 1 WS
19  39.93878341  032.73943627 1 WS
19  39.93834389  032.74904597 1 WS
19  39.93827301  032.75053227 1 WS
1054 132000 TWR
1054 129000 TWR
99
