I
1130 Generated by WorldEditor 2.2.0r2

1    235 1 0 LTAG Incirlik AB
1302 city Adana
1302 country Turkey
1302 datum_lat 36.998888889
1302 datum_lon 35.433055556
1302 faa_code 
1302 gui_label 3D
1302 iata_code UAB
1302 icao_code LTAG
1302 region_code LT
1302 state Adana Province
1302 transition_alt 10000
1302 transition_level 
1302 flatten 1
100 45.11 2 1 0.25 1 3 0 05  36.99377002  035.41228721    0  155 3 12 1 1 23  37.01034490  035.43962696    0  139 3 1 1 1
110 2 0.25 25.0000 Apron
111  37.00669122  035.43400601 1 102
112  37.00662522  035.43438320  37.00651470  035.43448700 1 102
112  37.00556990  035.43538579  37.00536277  035.43557938 1 102
111  37.00516332  035.43531165 1 102
111  37.00510411  035.43521279
111  37.00492253  035.43539073 1 102
112  37.00486727  035.43574167  37.00476464  035.43586524
111  37.00472911  035.43589488
111  37.00492887  035.43608268 1 102
112  37.00505279  035.43593444  37.00514358  035.43589490 1 102
112  37.00536858  035.43609261  37.00549095  035.43626561 1 102
112  37.00641068  035.43779788  37.00657252  035.43807468 1 102
111  37.00632384  035.43835147
111  37.00644621  035.43855907 1 102
112  37.00691199  035.43863326  37.00713699  035.43899409 1 102
112  37.00752383  035.43965152  37.00766988  035.43991350 1 102
111  37.00744883  035.44019525
111  37.00755146  035.44039791 1 102
112  37.00802909  035.44045723  37.00822251  035.44077852 1 102
112  37.00836461  035.44102073  37.00840409  035.44110476 1 102
111  37.00839225  035.44122339 1 102
111  37.00836067  035.44163366
112  37.00825014  035.44188575  37.00817514  035.44197967
112  37.00836067  035.44223672  37.00847514  035.44225650
112  37.00860146  035.44203406  37.00862514  035.44186600
112  37.00856198  035.44168311  37.00857382  035.44148539 1 102
112  37.00858172  035.44138652  37.00859356  035.44125801 1 102
111  37.00866067  035.44120858 1 102
112  37.00917777  035.44071922  37.00936313  035.44054966 1 102
111  37.00953960  035.44080826
111  37.00997513  035.44039792 1 102
112  37.00999975  035.43994344  37.01020310  035.43974263
111  37.00999975  035.43994344
112  37.00999975  035.43994344  37.01004337  035.43989762 1 102
111  37.01018098  035.43978095
111  37.00988661  035.43928283 1 102
112  37.00968317  035.43993425  37.00949657  035.44011672 1 102
111  37.00881146  035.44074404 1 102
112  37.00839235  035.44066164  37.00823062  035.44039732 1 102
111  37.00564252  035.43611780 1 102
112  37.00569540  035.43558271  37.00590922  035.43538019 1 102
112  37.00674469  035.43459019  37.00688449  035.43446318 1 102
113  37.00705831  035.43461569
110 2 0.25 25.0000 Apron
111  37.00466990  035.43581580
111  37.00404878  035.43638141
111  37.00398562  035.43637646
111  37.00387904  035.43646049
112  37.00390668  035.43680648  37.00399352  035.43695971
111  37.00413957  035.43688063
111  37.00421457  035.43682626
111  37.00424220  035.43748365
111  37.00436062  035.43749353
111  37.00433694  035.43672246
112  37.00462904  035.43642589  37.00470404  035.43635669
111  37.00468825  035.43649015
112  37.00464701  035.43694302  37.00463355  035.43704206
111  37.00459351  035.43721179
112  37.00424220  035.43806689  37.00421457  035.43812621
112  37.00402115  035.43858589  37.00398957  035.43862543
112  37.00395404  035.43854634  37.00399352  035.43848703
112  37.00400931  035.43770607  37.00374878  035.43735513
112  37.00332247  035.43759733  37.00321984  035.43774067
112  37.00320405  035.43848209  37.00342905  035.43886762
112  37.00387115  035.43862543  37.00392247  035.43860566
112  37.00389878  035.43870946  37.00386720  035.43873417
111  37.00344089  035.43890716
111  37.00331830  035.43897896
111  37.00324161  035.43904058
111  37.00321424  035.43899362
111  37.00295599  035.43924623
111  37.00299923  035.43931837
111  37.00313240  035.43955969
111  37.00335600  035.43992619
111  37.00340527  035.44001596
111  37.00344975  035.44008873
111  37.00372696  035.43982681
111  37.00328901  035.43910277
111  37.00346709  035.43899608
112  37.00391457  035.43883796  37.00397773  035.43880830
111  37.00409615  035.43893681
112  37.00444746  035.43956455  37.00447904  035.43961892
111  37.00443957  035.43975731
111  37.00467637  035.43955554
112  37.00453430  035.43952995  37.00449483  035.43945581
112  37.00417510  035.43891210  37.00413957  035.43883302
112  37.00416720  035.43866991  37.00419878  035.43858094
112  37.00425010  035.43843760  37.00426194  035.43837334
112  37.00430889  035.43813511  37.00439967  035.43793245
111  37.00454847  035.43756202
111  37.00495899  035.43828861
111  37.00491325  035.43832391
111  37.00522114  035.43885279
111  37.00511584  035.43895006
111  37.00503163  035.43879655
111  37.00470610  035.43907577
111  37.00487856  035.43939056
111  37.00467637  035.43955554
111  37.00443957  035.43975731
111  37.00437245  035.43980933
111  37.00422792  035.43959951
111  37.00425438  035.43954449
111  37.00407348  035.43925551
111  37.00386279  035.43945427
111  37.00405229  035.43975969
111  37.00408996  035.43972604
111  37.00423290  035.43992830
111  37.00424618  035.44001424
111  37.00443537  035.43985669
111  37.00517616  035.43925529
111  37.00535524  035.43906122
111  37.00548725  035.43867851
111  37.00541521  035.43856409
111  37.00530009  035.43867979
111  37.00516983  035.43844748
111  37.00538693  035.43826954
111  37.00524877  035.43803723
111  37.00579351  035.43749847
111  37.00496200  035.43612225
111  37.00492887  035.43608268
113  37.00472911  035.43589488
110 2 0.25 25.0000 Apron
111  37.01051838  035.43950028 1 102
111  37.01087983  035.43916092 1 102
111  37.01115121  035.43960031 1 102
111  37.01245877  035.43837138 1 102
111  37.01223947  035.43800407 1 102
112  37.01225318  035.43781869  37.01232719  035.43773973
111  37.01315230  035.43696734
111  37.01197083  035.43501748
111  37.01124990  035.43568688 1 102
112  37.01088257  035.43566972  37.01074003  035.43545345 1 102
111  37.01068521  035.43534360 1 102
112  37.01070439  035.43492137  37.01086339  035.43474630 1 102
111  37.01091821  035.43470854
111  37.01079760  035.43451975 1 102
111  37.01058563  035.43472056 1 102
112  37.01024941  035.43464410  37.01012057  035.43444156 1 102
111  37.00964355  035.43363165
111  37.00946029  035.43376601 1 102
111  37.01160848  035.43728530
112  37.01061729  035.43821015  37.01052729  035.43829320
111  37.01060308  035.43842369
111  37.01084748  035.43884988 1 102
112  37.01060402  035.43907163  37.01038583  035.43927074 1 102
113  37.01024113  035.43905101
111  37.01167857  035.43740912 1 102
112  37.01177756  035.43758076  37.01187464  035.43775956 1 102
112  37.01168618  035.43804563  37.01160623  035.43811953 1 102
111  37.01092473  035.43874649
112  37.01072676  035.43839606  37.01069059  035.43833646
113  37.01072676  035.43829594
111  37.01164064  035.43603930 1 102
111  37.01230127  035.43712750 1 102
112  37.01226648  035.43751286  37.01212528  035.43764064 1 102
111  37.01197073  035.43748994 1 102
111  37.01128543  035.43634338 1 102
114  37.01130462  035.43594174  37.01145813  035.43577696 1 102
110 2 0.25 52.8500 Apron
111  37.01216256  035.43354221
111  37.01096830  035.43157752
111  37.01038013  035.43213162 1 102
111  37.00971103  035.43276197
111  37.00983481  035.43295900 1 102
112  37.01033455  035.43248705  37.01046543  035.43236289 1 102
111  37.01061227  035.43253741
111  37.01130882  035.43368856 1 102
112  37.01124283  035.43408776  37.01107362  035.43425000 1 102
111  37.01079760  035.43451975
111  37.01091821  035.43470854 1 102
113  37.01155976  035.43410721
110 2 0.25 52.8500 Apron
111  36.99105195  035.41964648
111  36.99258306  035.42218529
111  36.99278385  035.42219878
111  36.99289919  035.42209203
111  36.99309551  035.42160166
111  36.99384325  035.42087575
111  36.99226684  035.41821146
111  36.99161448  035.41788960
111  36.99098694  035.41845215
111  36.99134636  035.41910227
111  36.99109079  035.41933497
113  36.99119379  035.41955474
110 2 0.25 52.8500 Apron
112  37.00728851  035.43377062  37.00721285  035.43383240 1 102
111  37.00701775  035.43372361
111  37.00737772  035.43431410 1 102
112  37.00739955  035.43396843  37.00747850  035.43389016 1 102
111  37.00854336  035.43289608 1 102
112  37.00897533  035.43294427  37.00913322  035.43321614 1 102
111  37.00946029  035.43376601
111  37.00964355  035.43363165 1 102
111  37.00955907  035.43347944 1 102
112  37.00960644  035.43317102  37.00970751  035.43307071 1 102
111  37.00983481  035.43295900
111  37.00971103  035.43276197 1 102
112  37.00948995  035.43297870  37.00936166  035.43310228 1 102
111  37.00915923  035.43288078 1 102
111  37.00693462  035.42914580
111  37.00674201  035.42931443 1 102
111  37.00846839  035.43214227 1 102
114  37.00841906  035.43269762  37.00818222  035.43292418 1 102
110 2 0.25 52.8500 Apron
112  37.00209048  035.42057148  37.00185694  035.42077840 1 102
111  37.00169722  035.42054883 1 102
111  37.00156046  035.42032321 1 102
112  37.00158179  035.41989163  37.00175364  035.41971645
111  37.00191677  035.42001415
111  37.00222400  035.41972274
111  37.00176840  035.41896727
111  37.00145459  035.41924307
112  37.00146317  035.41965602  37.00130013  035.41980637 1 102
111  37.00116961  035.41967593 1 102
111  37.00098592  035.41936749
111  37.00082022  035.41954729 1 102
111  37.00674201  035.42931443
111  37.00693462  035.42914580 1 102
111  37.00682489  035.42896913 1 102
112  37.00685103  035.42858094  37.00700097  035.42843245
111  37.00719093  035.42868969
111  37.00749703  035.42841491
111  37.00704599  035.42762621
111  37.00672742  035.42791452
112  37.00672199  035.42836033  37.00657664  035.42849637 1 102
111  37.00644944  035.42834834 1 102
111  37.00623276  035.42799330 1 102
112  37.00626872  035.42763801  37.00638880  035.42751385
112  37.00666090  035.42722492  37.00680741  035.42707317
111  37.00702339  035.42735221
111  37.00732099  035.42709397
111  37.00684993  035.42632985
111  37.00655253  035.42658890
112  37.00655239  035.42702777  37.00639486  035.42718227
112  37.00614072  035.42741352  37.00597657  035.42755699 1 102
111  37.00579030  035.42730985 1 102
111  37.00565865  035.42708580 1 102
112  37.00567807  035.42666917  37.00583230  035.42650225
111  37.00603511  035.42678475
111  37.00633801  035.42648554
111  37.00587170  035.42572162
111  37.00557797  035.42599909
112  37.00556001  035.42645342  37.00539586  035.42659965 1 102
111  37.00529318  035.42646425 1 102
112  37.00457270  035.42525969  37.00444234  035.42504012 1 102
111  37.00465034  035.42480669
111  37.00504064  035.42443115
111  37.00497896  035.42432454
111  37.00458842  035.42469210 1 102
112  37.00423984  035.42470257  37.00411682  035.42450025 1 102
111  37.00274872  035.42224299 1 102
112  37.00273339  035.42180878  37.00288211  035.42164187
111  37.00307687  035.42192387
111  37.00338525  035.42163056
111  37.00292403  035.42087617
111  37.00262866  035.42113532
112  37.00261084  035.42160304  37.00246983  035.42173271 1 102
111  37.00235996  035.42164402 1 102
111  37.00211103  035.42124078 1 102
112  37.00221484  035.42078712  37.00239550  035.42062159
112  37.00256006  035.42046350  37.00273522  035.42029797
111  37.00291159  035.42058564
111  37.00320630  035.42031110
111  37.00274003  035.41953335
111  37.00244069  035.41980424
114  37.00244014  035.42024154  37.00230353  035.42037948
110 2 0.25 52.8500 Apron
111  36.99585386  035.41134087 1 102
111  36.99881450  035.41626843
111  36.99901913  035.41610443 1 102
111  36.99856842  035.41537849 1 102
112  36.99862627  035.41502615  36.99879333  035.41486870
111  36.99897409  035.41515401
111  36.99926714  035.41485952
111  36.99881163  035.41409150
111  36.99851488  035.41435962
112  36.99850496  035.41482268  36.99833251  035.41497788 1 102
111  36.99812417  035.41468050 1 102
111  36.99800485  035.41445751 1 102
112  36.99806238  035.41408260  36.99819171  035.41395439
112  36.99847890  035.41368425  36.99861183  035.41356504
111  36.99879661  035.41380458
111  36.99908943  035.41352611
111  36.99895411  035.41330527
112  36.99898403  035.41311891  36.99905409  035.41304693
112  36.99911188  035.41298797  36.99915499  035.41294749
111  36.99920091  035.41300175
111  36.99929134  035.41315883
111  36.99965322  035.41281698
111  36.99970102  035.41261612
111  36.99950586  035.41228485
111  36.99933832  035.41225049
111  36.99896493  035.41261659
111  36.99906304  035.41277548
112  36.99905095  035.41288503  36.99901862  035.41291652
112  36.99891544  035.41300886  36.99883460  035.41307859
111  36.99876632  035.41299880
111  36.99862602  035.41276660
111  36.99833621  035.41301968
112  36.99835501  035.41345852  36.99822926  035.41358223
111  36.99792912  035.41384413 1 102
112  36.99761431  035.41382418  36.99753347  035.41369372 1 102
111  36.99738779  035.41343338 1 102
112  36.99741703  035.41317544  36.99747991  035.41310346
111  36.99741703  035.41317544
112  36.99741703  035.41317544  36.99743500  035.41315520
112  36.99753013  035.41306649  36.99756965  035.41303050
111  36.99753013  035.41306649
112  36.99753013  035.41306649  36.99761815  035.41298776
111  36.99781431  035.41323270
111  36.99812540  035.41294791
111  36.99764719  035.41217913
111  36.99733166  035.41247229
112  36.99739812  035.41284063  36.99731908  035.41296883
111  36.99739812  035.41284063
112  36.99739812  035.41284063  36.99734782  035.41289011
112  36.99728939  035.41294035  36.99726065  035.41296059
111  36.99728939  035.41294035
112  36.99728939  035.41294035  36.99717083  035.41304382 1 102
111  36.99703127  035.41283128 1 102
113  36.99602624  035.41119032
110 2 0.25 52.8500 Apron
111  36.99920091  035.41300175
111  36.99929134  035.41315883
111  36.99965322  035.41281698
111  36.99970102  035.41261612
111  36.99950586  035.41228485
111  36.99933832  035.41225049
111  36.99896493  035.41261659
111  36.99906304  035.41277548
112  36.99905095  035.41288503  36.99901478  035.41292090
112  36.99891478  035.41300960  36.99883944  035.41307551
111  36.99876632  035.41299880
111  36.99895411  035.41330527
112  36.99898337  035.41311965  36.99905112  035.41304868
114  36.99911188  035.41298797  36.99914951  035.41295014
110 2 0.25 65.0000 Apron
111  37.00066156  035.41927427 1 102
111  37.00082022  035.41954729
111  37.00098592  035.41936749 1 102
112  37.00079330  035.41904827  37.00066611  035.41883773 1 102
111  37.00085811  035.41861212
111  37.00078721  035.41849461 1 102
112  37.00043192  035.41844579  37.00031335  035.41824335 1 102
111  36.99901913  035.41610443
111  36.99881450  035.41626843 1 102
111  37.00022709  035.41853501 1 102
112  37.00014956  035.41902502  36.99995339  035.41921396 1 102
112  36.99906672  035.42005083  36.99887271  035.42022627 1 102
111  36.99869479  035.41999403
111  36.99908948  035.42064624 1 102
112  36.99917027  035.42026078  36.99931039  035.42011773 1 102
114  37.00026193  035.41923776  37.00049259  035.41902992 1 102
110 2 0.25 52.8500 Apron
112  36.99257711  035.40556760  36.99226869  035.40504154
112  36.99219208  035.40407670  36.99218761  035.40366257
111  36.99238217  035.40304043
111  36.99219493  035.40294422
112  36.99199864  035.40406814  36.99200311  035.40450466
112  36.99241285  035.40567463  36.99272128  035.40617270
111  36.99488095  035.40973712
113  36.99501771  035.40957587
110 2 0.25 52.8500 Apron
112  36.99608090  035.40239085  36.99597311  035.40220462
111  36.99559644  035.40185795
111  36.99548771  035.40198615
112  36.99594456  035.40253396  36.99604371  035.40269860
112  36.99679902  035.40409109  36.99685506  035.40421794
112  36.99701084  035.40475699  36.99706042  035.40505658
111  36.99705821  035.40541670
111  36.99729216  035.40544896
112  36.99721070  035.40459146  36.99714172  035.40430266
114  36.99693034  035.40380784  36.99683765  035.40364320
110 2 0.25 52.8500 Apron
112  36.99443533  035.40153740  36.99486891  035.40157657
111  36.99548771  035.40198615
111  36.99559644  035.40185795
112  36.99443539  035.40129581  36.99385429  035.40123425
112  36.99310058  035.40167617  36.99254631  035.40203435
111  36.99219493  035.40294422
111  36.99238217  035.40304043
114  36.99321088  035.40186708  36.99377857  035.40150891
110 2 0.25 52.8500 Apron
111  36.99687256  035.40726966
111  36.99679422  035.40800200
111  36.99676940  035.40821531
112  36.99666505  035.40901138  36.99662334  035.40919953
112  36.99636081  035.40981293  36.99630593  035.40992217
111  36.99605136  035.41019191
111  36.99617413  035.41035943
111  36.99639334  035.41016993
111  36.99649928  035.41017765
111  36.99656691  035.41026875
111  36.99660033  035.41023206
111  36.99679089  035.41040625
111  36.99686816  035.41027485
111  36.99661264  035.41005059
111  36.99669731  035.40991673
111  36.99657115  035.40982502
112  36.99675336  035.40940474  36.99688369  035.40912673
111  36.99708240  035.40916522
111  36.99724822  035.40921708
112  36.99730505  035.40936957  36.99729068  035.40946629
111  36.99724111  035.40972396
111  36.99767351  035.40985033
112  36.99773426  035.40950933  36.99775841  035.40938491
111  36.99787694  035.40939949
111  36.99789475  035.40927937
111  36.99711459  035.40904207
112  36.99694206  035.40876022  36.99695663  035.40858564
112  36.99703887  035.40786498  36.99706301  035.40767380
111  36.99716428  035.40672663
112  36.99738940  035.40655787  36.99758280  035.40657011
111  36.99759069  035.40695761
111  36.99798800  035.40700292
111  36.99805264  035.40604793
111  36.99766248  035.40600763
112  36.99744915  035.40630667  36.99726214  035.40629521
111  36.99724230  035.40605888
111  36.99729216  035.40544896
111  36.99705821  035.40541670
112  36.99684269  035.40559473  36.99665628  035.40557134
111  36.99667097  035.40527864
111  36.99639617  035.40508065
111  36.99628007  035.40518626
111  36.99605421  035.40727448
111  36.99615605  035.40731622
111  36.99612557  035.40762093
111  36.99622203  035.40763389
111  36.99619968  035.40780299
111  36.99648438  035.40783548
111  36.99651421  035.40750044
111  36.99646821  035.40747958
111  36.99646489  035.40735150
111  36.99643213  035.40732349
114  36.99667477  035.40702985  36.99686677  035.40704728
111  36.99624832  035.40610401
111  36.99655910  035.40615800
112  36.99682316  035.40584536  36.99705669  035.40588359
111  36.99701358  035.40617374
111  36.99696148  035.40654261
112  36.99669562  035.40677652  36.99647287  035.40673154
111  36.99653934  035.40639641
113  36.99621958  035.40634468
110 2 0.25 25.0000 Apron
111  36.99655488  035.42156046 1 102
112  36.99669099  035.42178931  36.99676922  035.42192456
111  36.99669099  035.42178931
112  36.99669099  035.42178931  36.99687351  035.42207847 1 102
111  36.99654553  035.42239393
111  36.99657760  035.42244322
111  36.99521426  035.42369312
111  36.99992261  035.43140711
111  37.00098422  035.43043228
111  37.00380401  035.43501716
112  37.00409083  035.43501716  37.00424728  035.43486324
111  37.00428808  035.43482104 1 102
112  37.00463468  035.43489122  37.00477042  035.43509960 1 102
111  37.00492253  035.43539073
111  37.00510411  035.43521279 1 102
111  36.99733883  035.42243778 1 102
112  36.99737763  035.42197462  36.99756388  035.42179324 1 102
112  36.99848386  035.42091754  36.99861837  035.42079770 1 102
111  36.99880320  035.42100873
111  36.99839662  035.42032718 1 102
112  36.99834128  035.42071171  36.99818607  035.42086393 1 102
112  36.99726382  035.42175761  36.99705429  035.42194546 1 102
111  36.99687321  035.42168312 1 102
113  36.99671455  035.42140895
111  36.99663720  035.42267638
111  36.99664837  035.42261110 1 102
112  36.99683089  035.42243396  36.99697544  035.42229784 1 102
111  36.99719966  035.42258787 1 102
111  36.99930054  035.42604837 1 102
112  36.99922232  035.42660805  36.99902489  035.42679460
111  36.99844380  035.42732630
112  36.99813463  035.42716772  36.99796701  035.42688788
112  36.99599278  035.42362782  36.99586985  035.42340862
113  36.99602258  035.42325005
110 2 0.25 25.0000 Apron
111  36.99360949  035.41243186 1 102
111  36.99199367  035.41398469
111  36.99097310  035.41496737
111  36.99216819  035.41693321
112  36.99295198  035.41618833  36.99318479  035.41597134 1 102
111  36.99338139  035.41630491 1 102
112  36.99416777  035.41764248  36.99430745  035.41786919 1 102
111  36.99412379  035.41809913
111  36.99408649  035.41806773
111  36.99398411  035.41816391
111  36.99415260  035.41846820
111  36.99426437  035.41836761
111  36.99425054  035.41829669 1 102
112  36.99464115  035.41841329  36.99480411  035.41868857 1 102
112  36.99508866  035.41912905  36.99515850  035.41924564 1 102
111  36.99508412  035.41936252
111  36.99513812  035.41945147 1 102
112  36.99530595  035.41950474  36.99538746  035.41963677 1 102
112  36.99526173  035.41997199  36.99514533  035.42008210 1 102
111  36.99494638  035.42027879 1 102
111  36.99477307  035.42032090
112  36.99467505  035.42069682  36.99479289  035.42088593
111  36.99497161  035.42069503 1 102
111  36.99507831  035.42046664 1 102
111  36.99538096  035.42019135 1 102
112  36.99577415  035.42025613  36.99592419  035.42051199 1 102
111  36.99655488  035.42156046
111  36.99671455  035.42140895 1 102
112  36.99403737  035.41700571  36.99394406  035.41685175 1 102
111  36.99414301  035.41658436 1 102
112  36.99516520  035.41560982  36.99531187  035.41547974 1 102
111  36.99554513  035.41563098
111  36.99513412  035.41495152 1 102
112  36.99506901  035.41542447  36.99494496  035.41553625 1 102
112  36.99403219  035.41637092  36.99379890  035.41657345 1 102
111  36.99364418  035.41636121 1 102
112  36.99243357  035.41436297  36.99229209  035.41413203 1 102
111  36.99245540  035.41390339 1 102
112  36.99358072  035.41282856  36.99372041  035.41271845 1 102
113  36.99386452  035.41286055
111  36.99228198  035.41449250 1 102
111  36.99289039  035.41549129 1 102
112  36.99285712  035.41599688  36.99265755  035.41619200 1 102
111  36.99248375  035.41592656 1 102
111  36.99184119  035.41486947 1 102
114  36.99189443  035.41439993  36.99208794  035.41421396 1 102
110 2 0.25 25.0000 Apron
111  36.99605136  035.41019191
112  36.99590133  035.41034444  36.99582188  035.41041628
111  36.99590133  035.41034444
112  36.99590133  035.41034444  36.99567497  035.41055521 1 102
111  36.99550867  035.41035406 1 102
111  36.99501771  035.40957587
111  36.99488095  035.40973712
111  36.99482945  035.40980158 1 102
111  36.99479397  035.41036182 1 102
111  36.99426737  035.41085241 1 102
111  36.99428781  035.41088139 1 102
111  36.99390935  035.41123551 1 102
111  36.99411191  035.41157447 1 102
111  36.99404724  035.41202465 1 102
111  36.99392987  035.41213394
111  36.99423677  035.41263976 1 102
112  36.99432402  035.41216392  36.99454247  035.41196133 1 102
111  36.99458875  035.41191743 1 102
112  36.99488277  035.41205704  36.99503027  035.41229804
111  36.99488277  035.41205704
112  36.99488277  035.41205704  36.99502278  035.41191694
111  36.99530182  035.41163277 1 102
112  36.99537943  035.41114049  36.99560965  035.41092997 1 102
111  36.99585386  035.41134087
111  36.99602624  035.41119032 1 102
112  36.99600543  035.41052189  36.99628221  035.41024984
111  36.99600543  035.41052189
112  36.99600543  035.41052189  36.99614505  035.41038542
113  36.99617413  035.41035943
110 1 0.25 25.0000 Asphalt
111  37.00986901  035.43925164
112  37.00957645  035.43985916  37.00936329  035.44004206
111  37.00877119  035.44062529
112  37.00851461  035.44062035  37.00841817  035.44045654
111  37.00571989  035.43601351
112  37.00573568  035.43572187  37.00584621  035.43560324
112  37.00682515  035.43471352  37.00691647  035.43462776
111  37.00701068  035.43478272
111  37.00713304  035.43472336
111  37.00656701  035.43379669
111  37.00658913  035.43405715
112  37.00653502  035.43429337  37.00643690  035.43440247
111  37.00551068  035.43527209
112  37.00528174  035.43527703  37.00520390  035.43518189
111  37.00517121  035.43512874
111  37.00485148  035.43546486
112  37.00484358  035.43564774  37.00476464  035.43571694
111  37.00466990  035.43581580
111  37.00472911  035.43589488
111  37.00496200  035.43612225
112  37.00523832  035.43608271  37.00532121  035.43619639
112  37.00635936  035.43793628  37.00646199  035.43811422
111  37.00629621  035.43830699
111  37.00645805  035.43859369
112  37.00674620  035.43856897  37.00681726  035.43866289
112  37.00747252  035.43977011  37.00760278  035.43997278
111  37.00741725  035.44015567
111  37.00757515  035.44044237
112  37.00770936  035.44034351  37.00773699  035.44030890
112  37.00787909  035.44043248  37.00792646  035.44051157
111  37.00831330  035.44114922
112  37.00833698  035.44129751  37.00833304  035.44135189
111  37.00829751  035.44162870
111  37.00860935  035.44170779
111  37.00864093  035.44151006
112  37.00871988  035.44133706  37.00878698  035.44125303
112  37.00930803  035.44076862  37.00942645  035.44065987
111  37.00952513  035.44085265
111  37.01001461  035.44035834
112  37.01002795  035.44004961  37.01012664  035.43997052
113  37.01023805  035.43986068
110 1 0.25 25.0000 Asphalt
111  37.01057016  035.43958086
111  37.01089202  035.43928520
111  37.01115255  035.43969450
111  37.01252250  035.43841323
111  37.01280394  035.43889338
111  37.01286254  035.43881066
112  37.01286728  035.43850814  37.01295727  035.43842509
111  37.01298918  035.43835361
112  37.01297199  035.43810321  37.01290418  035.43797584
111  37.01268778  035.43761679
111  37.01330780  035.43701331
111  37.01200044  035.43483038
112  37.01119044  035.43558373  37.01103380  035.43572348
111  37.01094953  035.43556635
112  37.01075939  035.43525155  37.01067887  035.43511511
111  37.01079255  035.43499054
111  37.01097795  035.43481480
111  37.01073097  035.43440927
112  37.01056254  035.43456253  37.01042517  035.43468116
111  37.01033991  035.43456860
111  37.00973624  035.43356103
111  37.00937151  035.43382795
111  37.01152676  035.43736329
112  37.01061729  035.43821153  37.01052729  035.43829457
111  37.01060308  035.43842507
111  37.01077834  035.43873946
112  37.01051308  035.43898266  37.01040810  035.43907274
113  37.01022377  035.43901907
111  37.01168966  035.43765705
112  37.01163281  035.43793352  37.01150855  035.43807755
111  37.01087798  035.43865035
111  37.01072362  035.43840135
112  37.01072646  035.43829719  37.01076435  035.43826160
113  37.01158856  035.43749047
111  37.01156229  035.43611338
111  37.01223115  035.43721188
112  37.01220374  035.43741442  37.01212972  035.43747621
111  37.01205571  035.43739382
111  37.01136767  035.43626442
114  37.01137315  035.43604472  37.01144990  035.43594860
110 1 0.25 52.8500 Asphalt
111  36.99832153  035.42020295
111  36.99828965  035.42030277
111  36.99830704  035.42041513
112  36.99826507  035.42063657  36.99818685  035.42070653
112  36.99718719  035.42166074  36.99707544  035.42174936
111  36.99695043  035.42157294
111  36.99662248  035.42188560
112  36.99655129  035.42234163  36.99634642  035.42255151
111  36.99655129  035.42234163
112  36.99655129  035.42234163  36.99648797  035.42240226
111  36.99646770  035.42241866
111  36.99650026  035.42247910
111  36.99471999  035.42415114
111  36.99437454  035.42416107
111  36.99435165  035.42447565
111  36.99409687  035.42484024
111  36.99415647  035.42494774
111  36.99434645  035.42466198
111  36.99444478  035.42470761
111  36.99503006  035.42567384
111  36.99472502  035.42591127
111  36.99535742  035.42691999
111  36.99544353  035.42683865
111  36.99574128  035.42731903
111  36.99565748  035.42740829
111  36.99573280  035.42753275
111  36.99580531  035.42746628
111  36.99607923  035.42792070
111  36.99615161  035.42805319
111  36.99660645  035.42884079
111  36.99667297  035.42895125
111  36.99695217  035.42941134
111  36.99702608  035.42947593
111  36.99783609  035.43079694
111  36.99793481  035.43084567
111  36.99814952  035.43064829
111  36.99858234  035.43138677
111  36.99917804  035.43083101
111  36.99928751  035.43102937
111  36.99904624  035.43124188
111  36.99910756  035.43136099
111  36.99878146  035.43162736
111  36.99916693  035.43223088
111  36.99978745  035.43164334
111  37.00034648  035.43261277
111  37.00048830  035.43249025
111  37.00071386  035.43286248
111  37.00128765  035.43234975
111  37.00142973  035.43195677
111  37.00167423  035.43171793
112  37.00370066  035.43504939  37.00386828  035.43533858
111  37.00418356  035.43506982
112  37.00434379  035.43489355  37.00443691  035.43481426
111  37.00458952  035.43499841
111  37.00485148  035.43546486
111  37.00517121  035.43512874
111  36.99942050  035.42564753
111  36.99919531  035.42613901
112  36.99915940  035.42649890  36.99906628  035.42659685
111  36.99841904  035.42718963
112  36.99814043  035.42716668  36.99806593  035.42705474
112  36.99599440  035.42363723  36.99590501  035.42345534
111  36.99600668  035.42326010
111  36.99663427  035.42267407
111  36.99668456  035.42270113
112  36.99679932  035.42260106  36.99688126  035.42253577
111  36.99679932  035.42260106
112  36.99679932  035.42260106  36.99695576  035.42245648
111  36.99713137  035.42271361
111  36.99919531  035.42613901
111  36.99942050  035.42564753
112  36.99745820  035.42242493  36.99733901  035.42223837
111  36.99744319  035.42207352
112  36.99848588  035.42106094  36.99859763  035.42095833
111  36.99871713  035.42108041
113  36.99882516  035.42103715
110 1 0.25 52.8500 Asphalt
111  36.99355872  035.41233276
111  36.99163364  035.41417524
111  36.99167325  035.41423983
111  36.99087803  035.41496848
111  36.99215953  035.41702480
112  36.99299395  035.41624250  36.99312358  035.41613617
111  36.99326816  035.41633719
111  36.99408905  035.41767525
111  36.99454053  035.41845365
111  36.99521413  035.41956440
111  36.99569212  035.42032576
111  36.99663057  035.42186940
111  36.99695852  035.42155674
112  36.99418064  035.41698027  36.99406268  035.41678595
111  36.99418676  035.41661152
112  36.99522890  035.41559377  36.99530960  035.41552382
111  36.99555753  035.41563511
111  36.99512635  035.41492390
112  36.99507294  035.41532889  36.99500775  035.41540273
111  36.99400667  035.41630418
112  36.99374596  035.41627123  36.99367146  035.41613909
112  36.99253912  035.41427802  36.99245505  035.41413498
111  36.99251257  035.41399298
112  36.99354363  035.41299024  36.99370705  035.41283405
111  36.99379732  035.41296823
113  36.99392268  035.41293835
110 1 0.25 52.8500 Asphalt
112  37.01119692  035.43402112  37.01107128  035.43415462
111  37.01075251  035.43445438
111  37.01094319  035.43476394
111  37.01219386  035.43359249
111  37.01092755  035.43150187
111  37.00967729  035.43270589
111  37.00987707  035.43302794
112  37.01035275  035.43256819  37.01046316  035.43246568
111  37.01061227  035.43253741
113  37.01130882  035.43368856
110 1 0.25 52.8500 Asphalt
111  37.00968690  035.43347610
112  37.00972690  035.43323241  37.00982842  035.43312911
111  37.00991251  035.43305522
111  37.00964870  035.43265505
112  37.00945808  035.43282780  37.00934704  035.43292514
111  37.00924249  035.43276844
111  37.00700739  035.42908292
111  37.00666550  035.42938471
112  37.00837208  035.43218817  37.00839270  035.43222989
111  37.00837208  035.43218817
112  37.00837208  035.43218817  37.00853230  035.43242258
111  37.00835565  035.43257709
112  37.00726363  035.43362153  37.00716083  035.43371307
111  37.00709485  035.43364062
111  37.00699988  035.43370571
111  37.00742221  035.43440106
111  37.00746597  035.43426955
112  37.00749593  035.43405934  37.00756674  035.43398783
111  37.00862157  035.43298249
112  37.00888429  035.43303292  37.00899375  035.43321171
111  37.00937151  035.43382795
113  37.00973624  035.43356103
110 1 0.25 52.8500 Asphalt
111  36.99376974  035.41881781
112  36.99421700  035.41841228  36.99439476  035.41825348
111  36.99453244  035.41846985
111  36.99408096  035.41769145
112  36.99404820  035.41810135  36.99389435  035.41822760
111  36.99404820  035.41810135
112  36.99404820  035.41810135  36.99396608  035.41817294
111  36.99394933  035.41818770
111  36.99397060  035.41824740
111  36.99345360  035.41873616
111  36.99322979  035.41879064
111  36.99309592  035.41894432
111  36.99326444  035.41921737
112  36.99333549  035.41937506  36.99328699  035.41946727
111  36.99314827  035.41933615
111  36.99307643  035.41940003
111  36.99322197  035.41966499
112  36.99356435  035.41948056  36.99376550  035.41964285
111  36.99341160  035.42009018
111  36.99353266  035.42028031
111  36.99402997  035.42034077
111  36.99411165  035.41950573
111  36.99360342  035.41910321
113  36.99379887  035.41886819
110 1 0.25 52.8500 Asphalt
111  36.99334223  035.42163641
111  36.99296626  035.42198422
111  36.99289919  035.42209203
111  36.99278385  035.42219878
111  36.99267466  035.42218861
112  36.99262080  035.42227330  36.99258847  035.42229759
111  36.99252274  035.42224799
111  36.99269875  035.42255066
112  36.99272102  035.42237197  36.99276844  035.42232339
111  36.99272102  035.42237197
112  36.99272102  035.42237197  36.99279862  035.42250422
111  36.99287666  035.42263070
111  36.99299269  035.42251080
111  36.99325316  035.42292285
111  36.99359721  035.42257023
111  36.99382629  035.42232802
111  36.99357801  035.42194098
111  36.99366688  035.42184915
111  36.99363068  035.42179159
112  36.99407750  035.42135545  36.99412708  035.42130957
112  36.99428536  035.42094888  36.99430692  035.42082473
111  36.99432076  035.42046185
112  36.99443094  035.42012849  36.99451932  035.42003673
111  36.99513812  035.41945147
111  36.99508412  035.41936252
112  36.99437832  035.42003002  36.99428132  035.42012448
111  36.99423899  035.42044672
112  36.99419441  035.42093243  36.99417717  035.42102419
112  36.99402677  035.42125923  36.99398581  035.42130511
111  36.99356916  035.42168333
111  36.99339406  035.42141042
113  36.99327337  035.42151980
110 1 0.25 52.8500 Asphalt
111  36.99568403  035.42034196
111  36.99520604  035.41958060
112  36.99522406  035.41987303  36.99513125  035.41995550
111  36.99472723  035.42035270
112  36.99467461  035.42071440  36.99479287  035.42090370
111  36.99496305  035.42071669
114  36.99542946  035.42027144  36.99556269  035.42015523
110 1 0.25 52.8500 Asphalt
111  36.99427082  035.41273329
111  36.99431944  035.41256140
111  36.99461575  035.41228413
111  36.99451391  035.41210333
112  36.99465864  035.41196788  36.99474917  035.41188151
111  36.99487710  035.41208025
111  36.99533585  035.41164203
112  36.99533559  035.41134095  36.99541319  035.41125998
111  36.99533559  035.41134095
112  36.99533559  035.41134095  36.99535715  035.41131666
112  36.99547648  035.41121176  36.99550019  035.41119017
111  36.99547648  035.41121176
112  36.99547648  035.41121176  36.99558642  035.41113349
111  36.99571501  035.41132740
111  36.99482945  035.40980158
111  36.99478518  035.41035050
111  36.99386469  035.41122060
111  36.99409324  035.41160766
111  36.99386392  035.41182121
113  36.99374605  035.41184091
110 1 0.25 52.8500 Asphalt
112  37.00690443  035.42866636  37.00699215  035.42857368
111  37.00713686  035.42874972
111  37.00749703  035.42841491
111  37.00704599  035.42762621
111  37.00665566  035.42798116
112  37.00667336  035.42827014  37.00658290  035.42835252
111  37.00654239  035.42831880
111  37.00629810  035.42791357
112  37.00637690  035.42769064  37.00647208  035.42759628
112  37.00672303  035.42735428  37.00684639  035.42725817
111  37.00696618  035.42740530
111  37.00732099  035.42709397
111  37.00684993  035.42632985
111  37.00647990  035.42664413
112  37.00646698  035.42693733  37.00634272  035.42706148
112  37.00611812  035.42727146  37.00604674  035.42733437
111  37.00593953  035.42732269
111  37.00568687  035.42691281
112  37.00574561  035.42673833  37.00582511  035.42665938
111  37.00597516  035.42684629
111  37.00633801  035.42648554
111  37.00587170  035.42572162
111  37.00549952  035.42607729
112  37.00553563  035.42632153  37.00547806  035.42642451
111  37.00538360  035.42640562
111  37.00463481  035.42516262
112  37.00468983  035.42481848  37.00482141  035.42469147
111  37.00504183  035.42448192
111  37.00525554  035.42427704
111  37.00587206  035.42369216
111  37.00577509  035.42352417
111  37.00542703  035.42386562
111  37.00518429  035.42407855
112  37.00458597  035.42464295  37.00442424  035.42477682
111  37.00429979  035.42461323
111  37.00272670  035.42202554
112  37.00280956  035.42187963  37.00288492  035.42180018
111  37.00301613  035.42198445
111  37.00338525  035.42163056
111  37.00292403  035.42087617
111  37.00254816  035.42120829
112  37.00256168  035.42150661  37.00246253  035.42160262
111  37.00256168  035.42150661
112  37.00256168  035.42150661  37.00249162  035.42157282
111  37.00243781  035.42154385
111  37.00219904  035.42114921
112  37.00229093  035.42088924  37.00237686  035.42080813
112  37.00265592  035.42055918  37.00274450  035.42047807
111  37.00284547  035.42064984
111  37.00320630  035.42031110
111  37.00274003  035.41953335
111  37.00238208  035.41985853
112  37.00235765  035.42015493  37.00223206  035.42028239
112  37.00204349  035.42046504  37.00196285  035.42054284
111  37.00181100  035.42051899
111  37.00158220  035.42013565
112  37.00165191  035.41996899  37.00173916  035.41990444
111  37.00185966  035.42007573
111  37.00222400  035.41972274
111  37.00176840  035.41896727
111  37.00139649  035.41929412
112  37.00139919  035.41959212  37.00131194  035.41967157
111  37.00126836  035.41963206
111  37.00106030  035.41928251
111  37.00074202  035.41961395
111  37.00666550  035.42938471
111  37.00700739  035.42908292
113  37.00693396  035.42896211
110 1 0.25 52.8500 Asphalt
112  37.00031333  035.41934886  37.00047932  035.41919501
111  37.00059120  035.41936327
111  37.00074202  035.41961395
111  37.00106030  035.41928251
112  37.00084857  035.41893450  37.00077528  035.41880764
111  37.00088112  035.41863461
111  37.00104400  035.41847783
111  37.00095205  035.41832742
111  37.00078774  035.41845741
112  37.00052145  035.41840073  37.00043738  035.41826578
111  36.99936518  035.41649639
112  36.99956337  035.41629984  36.99963450  035.41623506
111  36.99970960  035.41635771
111  36.99992341  035.41614888
111  36.99972199  035.41580956
111  36.99950478  035.41601985
112  36.99950826  035.41618745  36.99945868  035.41623604
111  36.99929846  035.41638423
111  36.99862575  035.41526917
112  36.99871413  035.41509176  36.99881653  035.41505127
111  36.99890615  035.41521943
111  36.99926714  035.41485952
111  36.99881163  035.41409150
111  36.99844305  035.41442401
112  36.99846264  035.41471811  36.99839078  035.41478559
111  36.99832621  035.41476727
112  36.99808863  035.41438867  36.99804192  035.41431444
111  36.99819416  035.41410844
112  36.99854813  035.41379710  36.99862358  035.41373637
111  36.99873324  035.41387210
111  36.99908943  035.41352611
111  36.99862602  035.41276660
111  36.99825068  035.41308771
112  36.99825516  035.41338541  36.99815097  035.41348662
111  36.99792274  035.41369613
112  36.99769969  035.41373013  36.99765298  035.41366715
111  36.99745756  035.41335029
112  36.99756027  035.41318210  36.99766087  035.41313936
111  36.99774101  035.41330884
111  36.99812540  035.41294791
111  36.99764719  035.41217913
111  36.99726964  035.41252758
112  36.99731308  035.41278778  36.99726279  035.41288225
111  36.99716083  035.41285844
112  36.99598231  035.41092542  36.99588890  035.41077247
111  36.99602332  035.41054523
111  36.99619109  035.41038724
111  36.99603584  035.41015804
111  36.99586316  035.41029915
112  36.99551551  035.41028567  36.99540054  035.41008999
111  36.99507564  035.40951946
111  36.99482945  035.40980158
111  36.99571501  035.41132740
111  37.00011468  035.41857931
112  37.00008492  035.41891837  36.99992540  035.41907222
112  36.99900510  035.41993805  36.99884343  035.42008380
111  36.99875729  035.41992193
111  36.99874387  035.41988445
111  36.99863238  035.41991371
111  36.99912124  035.42071733
111  36.99920846  035.42062735
114  36.99925901  035.42034553  36.99939697  035.42020788
110 1 0.25 52.8500 Asphalt
112  36.99263504  035.40551119  36.99232662  035.40498513
112  36.99226932  035.40411699  36.99226485  035.40370286
111  36.99244010  035.40306460
111  36.99213700  035.40292005
112  36.99195358  035.40414067  36.99195805  035.40457719
112  36.99236136  035.40573910  36.99266978  035.40623717
111  36.99482945  035.40980158
113  36.99507564  035.40951946
110 1 0.25 52.8500 Asphalt
112  36.99612185  035.40235846  36.99601407  035.40217223
111  36.99562661  035.40182287
111  36.99543813  035.40204013
112  36.99589497  035.40257444  36.99599413  035.40273909
112  36.99677746  035.40416126  36.99683351  035.40428812
112  36.99696126  035.40477588  36.99701084  035.40507547
111  36.99699999  035.40540955
111  36.99733705  035.40543918
112  36.99725812  035.40458066  36.99718914  035.40429186
114  36.99697130  035.40378355  36.99687861  035.40361891
110 1 0.25 52.8500 Asphalt
112  36.99447664  035.40160038  36.99491023  035.40163955
111  36.99543813  035.40204013
111  36.99562661  035.40182287
112  36.99444437  035.40125308  36.99386327  035.40119152
112  36.99308262  035.40163569  36.99252834  035.40199386
111  36.99213700  035.40292005
111  36.99244010  035.40306460
114  36.99324142  035.40190307  36.99380911  035.40154490
110 1 0.25 52.8500 Asphalt
111  36.99682145  035.40734400
111  36.99675031  035.40801279
111  36.99673376  035.40816844
112  36.99660657  035.40906850  36.99655742  035.40926930
112  36.99631792  035.40980156  36.99625325  035.40991816
111  36.99603584  035.41015804
111  36.99619109  035.41038724
111  36.99639436  035.41018738
111  36.99649802  035.41020042
111  36.99656501  035.41028565
111  36.99660033  035.41023206
111  36.99680354  035.41042280
111  36.99688612  035.41028976
111  36.99661264  035.41005059
111  36.99669731  035.40991673
111  36.99661067  035.40984977
112  36.99681435  035.40941631  36.99690230  035.40922522
111  36.99706025  035.40922069
111  36.99724294  035.40927603
111  36.99716471  035.40976901
111  36.99772291  035.40994950
112  36.99779661  035.40959036  36.99782507  035.40945756
111  36.99787795  035.40942271
111  36.99790740  035.40922969
111  36.99711300  035.40898842
112  36.99698167  035.40876202  36.99699460  035.40863571
112  36.99707034  035.40810181  36.99709879  035.40789776
111  36.99720964  035.40683884
112  36.99739025  035.40663711  36.99753770  035.40665979
111  36.99759069  035.40695761
111  36.99798800  035.40700292
111  36.99805264  035.40604793
111  36.99766248  035.40600763
112  36.99743526  035.40621537  36.99730592  035.40619594
111  36.99729947  035.40599412
111  36.99733705  035.40543918
111  36.99699999  035.40540955
112  36.99683494  035.40551554  36.99672113  035.40550258
111  36.99667097  035.40527864
111  36.99639617  035.40508065
111  36.99628007  035.40518626
111  36.99605421  035.40727448
111  36.99615605  035.40731622
111  36.99612557  035.40762093
111  36.99622203  035.40763389
111  36.99619968  035.40780299
111  36.99648438  035.40783548
111  36.99651421  035.40750044
111  36.99646821  035.40747958
111  36.99648602  035.40729650
114  36.99667306  035.40712646  36.99679981  035.40714265
111  36.99619982  035.40609502
111  36.99658604  035.40616474
112  36.99680340  035.40593082  36.99695969  035.40596231
111  36.99696508  035.40613550
111  36.99690580  035.40655610
112  36.99672257  035.40668881  36.99658065  035.40666182
111  36.99656987  035.40640091
113  36.99617467  035.40632893
110 1 0.00 25.0000 Asphalt
111  37.00104400  035.41847783
112  37.00226065  035.41732906  37.00239358  035.41720984
111  37.00264183  035.41722903
112  37.00418312  035.41748767  37.00440946  035.41752366
111  37.00454599  035.41777110
112  37.00531484  035.41903528  37.00533999  035.41908702
111  37.00530047  035.41914775
111  37.00498430  035.41943343
111  37.00538130  035.42010602
112  37.00569387  035.41980684  37.00575315  035.41974161
111  37.00578369  035.41982933
112  37.00623915  035.42054363  37.00632296  035.42069911
111  37.00634159  035.42096343
112  37.00613361  035.42292250  37.00609326  035.42322568
111  37.00590701  035.42338894
111  37.00577353  035.42352886
111  37.00587597  035.42370377
112  37.00608394  035.42349388  37.00620190  035.42336561
111  37.00627640  035.42312850
112  37.00652163  035.42104895  37.00657440  035.42065246
111  37.00642850  035.42048921
112  37.00464052  035.41756227  37.00451946  035.41737570
111  37.00420905  035.41727852
112  37.00249617  035.41702132  37.00234036  035.41703008
111  37.00225710  035.41678106
112  37.00131289  035.41172425  37.00123218  035.41132002
112  37.00101179  035.41088858  37.00090314  035.41070590
112  37.00028852  035.41007626  36.99995328  035.40987026
111  36.99921760  035.40966038
111  36.99790740  035.40922969
111  36.99787795  035.40942271
112  36.99972667  035.41003740  37.00009880  035.41016053
112  37.00062042  035.41066502  37.00082169  035.41090849
112  37.00121356  035.41190693  37.00137944  035.41275519
112  37.00172574  035.41481816  37.00175057  035.41493088
111  37.00165124  035.41499307
111  37.00130358  035.41508636
111  37.00144326  035.41590259
112  37.00184680  035.41579376  37.00189026  035.41577821
111  37.00189957  035.41589093
112  37.00209635  035.41685501  37.00213981  035.41710377
111  37.00198338  035.41732517
113  37.00095205  035.41832742
110 3 0.00 25.0000 Stadium
112  36.99074419  035.42762508  36.99058198  035.42778947
111  36.99064946  035.42806431
111  36.99126861  035.42910765
112  36.99160439  035.42910156  36.99178287  035.42895498
111  36.99170198  035.42865147
113  36.99115275  035.42767887
110 5 0.00 25.0000 Stadium
112  36.99065468  035.42753420  36.99042672  035.42779162
111  36.99053847  035.42812740
111  36.99123578  035.42926343
112  36.99169171  035.42924104  36.99195991  035.42899481
111  36.99185263  035.42860307
113  36.99120896  035.42753420
130 Airport Boundary 10
111  36.98645588  035.42538532
111  36.98996129  035.42776362
111  36.99545170  035.43564084
111  36.99578957  035.44515695
111  37.00740390  035.44954846
111  37.01171176  035.45710997
111  37.02467756  035.44500098
111  37.01792014  035.43410718
111  37.01449919  035.43606331
111  37.01399239  035.43236251
111  37.01238750  035.43141088
111  37.01204963  035.42971909
111  37.01116271  035.42882032
111  37.01069814  035.42702279
111  37.00909325  035.42628263
111  37.01002240  035.42020274
111  37.01090931  035.41914537
111  37.01145835  035.41549744
111  37.01268314  035.41412286
111  37.01255643  035.41269541
111  37.01534387  035.41036919
111  37.01027580  035.39910819
111  37.00905102  035.39826230
111  37.00816411  035.39535453
111  37.00845974  035.39218241
113  36.99114384  035.39323978
120 Taxi Line
111  37.00496864  035.43694109 60 101
112  37.00481440  035.43624944  37.00482374  035.43591567
111  37.00481440  035.43624944
112  37.00481440  035.43624944  37.00484132  035.43601405 60 101
112  37.00500564  035.43579138  37.00509799  035.43572548
111  37.00500564  035.43579138
112  37.00500564  035.43579138  37.00516434  035.43567814 60 101
112  37.00547582  035.43601678  37.00559981  035.43622685 60 101
112  37.00649981  035.43770228  37.00666332  035.43797758 60 101
112  37.00699690  035.43852050  37.00716587  035.43879059
111  37.00699690  035.43852050
112  37.00699690  035.43852050  37.00708276  035.43865774 60 101
112  37.00764899  035.43959385  37.00793304  035.44005722
111  37.00764899  035.43959385
112  37.00764899  035.43959385  37.00779254  035.43982802 60 101
112  37.00804815  035.44025088  37.00816328  035.44043892
111  37.00804815  035.44025088
112  37.00804815  035.44025088  37.00815356  035.44042304 60 101
112  37.00827343  035.44062170  37.00831316  035.44068519
111  37.00827343  035.44062170
112  37.00827343  035.44062170  37.00844240  035.44089178 60 101
112  37.00849721  035.44127249  37.00846916  035.44140517 60 101
115  37.00840492  035.44199251
120 Taxi Line
112  36.99683703  035.42229349  36.99671908  035.42239615 60 101
112  36.99590952  035.42318941  36.99577632  035.42331345 60 101
112  36.99584096  035.42367326  36.99594598  035.42385502 60 101
111  36.99612301  035.42415559 60 101
111  36.99631429  035.42448269 60 101
111  36.99660483  035.42497954 60 101
111  36.99669870  035.42514006 60 101
111  36.99697702  035.42561602 60 101
111  36.99707706  035.42578710 60 101
111  36.99735237  035.42625789 60 101
112  36.99806111  035.42746990  36.99813099  035.42759191
111  36.99806111  035.42746990
112  36.99806111  035.42746990  36.99816636  035.42765366 60 101
112  36.99834539  035.42757972  36.99844742  035.42751276
111  36.99834539  035.42757972
112  36.99834539  035.42757972  36.99841555  035.42751586 60 101
112  36.99872635  035.42722015  36.99879885  035.42714073
111  36.99872635  035.42722015
112  36.99872635  035.42722015  36.99885035  035.42710099 60 101
112  36.99912056  035.42685796  36.99917501  035.42680877
111  36.99912056  035.42685796
112  36.99912056  035.42685796  36.99918913  035.42679215 60 101
112  36.99943150  035.42657393  36.99950210  035.42650112 60 101
112  36.99947569  035.42614044  36.99940617  035.42602489 60 101
112  36.99725951  035.42249257  36.99714911  035.42231163 60 101
112  36.99684667  035.42181303  36.99677485  035.42169358 60 101
112  36.99582338  035.42012867  36.99569168  035.41990991 60 101
112  36.99541869  035.41946253  36.99525251  035.41918979 60 101
112  36.99399898  035.41712567  36.99380692  035.41681358 60 101
112  36.99355905  035.41640153  36.99347318  035.41626094 60 101
112  36.99339987  035.41613952  36.99335510  035.41606654 60 101
112  36.99304226  035.41555089  36.99299161  035.41546531 60 101
112  36.99228955  035.41431191  36.99220400  035.41416135 60 101
112  36.99229966  035.41387056  36.99240126  035.41376187 60 101
112  36.99536964  035.41098749  36.99559603  035.41078863
111  36.99536964  035.41098749
112  36.99536964  035.41098749  36.99540604  035.41095551 60 101
112  36.99590159  035.41121759  36.99614283  035.41162626
111  36.99590159  035.41121759
112  36.99590159  035.41121759  36.99593036  035.41126635 60 101
112  36.99692032  035.41289657  36.99748960  035.41383448
111  36.99692032  035.41289657
112  36.99692032  035.41289657  36.99705453  035.41311769 60 101
112  36.99734426  035.41359590  36.99749185  035.41383907
111  36.99734426  035.41359590
112  36.99734426  035.41359590  36.99739174  035.41367413 60 101
112  36.99748819  035.41383304  36.99753662  035.41391284
111  36.99748819  035.41383304
112  36.99748819  035.41383304  36.99764049  035.41408399 60 101
112  36.99795401  035.41460137  36.99811140  035.41486068
111  36.99795401  035.41460137
112  36.99795401  035.41460137  36.99800551  035.41468622 60 101
112  36.99809923  035.41484074  36.99815086  035.41492579
111  36.99809923  035.41484074
112  36.99809923  035.41484074  36.99824453  035.41508012 60 101
112  36.99853279  035.41555501  36.99867569  035.41579044
111  36.99853279  035.41555501
112  36.99853279  035.41555501  36.99944413  035.41705645 60 101
112  37.00031524  035.41849254  37.00037485  035.41859174
111  37.00031524  035.41849254
112  37.00031524  035.41849254  37.00047998  035.41876668 60 101
112  37.00081302  035.41931339  37.00097777  035.41958753
111  37.00081302  035.41931339
112  37.00081302  035.41931339  37.00083126  035.41934374 60 101
112  37.00103532  035.41967971  37.00116038  035.41988777
111  37.00103532  035.41967971
112  37.00103532  035.41967971  37.00113941  035.41985288 60 101
112  37.00143920  035.42034553  37.00160073  035.42061283
111  37.00143920  035.42034553
112  37.00143920  035.42034553  37.00149813  035.42044306 60 101
112  37.00162653  035.42065250  37.00169168  035.42076024
111  37.00162653  035.42065250
112  37.00162653  035.42065250  37.00174876  035.42085463 60 101
112  37.00202160  035.42130536  37.00216192  035.42153709
111  37.00202160  035.42130536
112  37.00202160  035.42130536  37.00208424  035.42140882 60 101
112  37.00221546  035.42162238  37.00228097  035.42173055
111  37.00221546  035.42162238
112  37.00221546  035.42162238  37.00234544  035.42183700 60 101
112  37.00261926  035.42228905  37.00275790  035.42251792
111  37.00261926  035.42228905
112  37.00261926  035.42228905  37.00309354  035.42307199 60 101
112  37.00409405  035.42472230  37.00457977  035.42552362
111  37.00409405  035.42472230
112  37.00409405  035.42472230  37.00424168  035.42496585 60 101
112  37.00452832  035.42543548  37.00466860  035.42566691
111  37.00452832  035.42543548
112  37.00452832  035.42543548  37.00474976  035.42580082 60 101
112  37.00515014  035.42646142  37.00534067  035.42677581
111  37.00515014  035.42646142
112  37.00515014  035.42646142  37.00529631  035.42670261 60 101
112  37.00555112  035.42712310  37.00567110  035.42732111
111  37.00555112  035.42712310
112  37.00555112  035.42712310  37.00561495  035.42722845 60 101
112  37.00572951  035.42741753  37.00578443  035.42750817
111  37.00572951  035.42741753
112  37.00572951  035.42741753  37.00597553  035.42782360 60 101
112  37.00613616  035.42808937  37.00614555  035.42810534
111  37.00613616  035.42808937
112  37.00613616  035.42808937  37.00619218  035.42818457 60 101
112  37.00635205  035.42844241  37.00642403  035.42856221 60 101
112  37.00671538  035.42904442  37.00680001  035.42918569 60 101
112  37.00856095  035.43208554  37.00872577  035.43235962 60 101
112  37.00905337  035.43289579  37.00917684  035.43310016 60 101
112  37.00954004  035.43369947  37.00964515  035.43387342 60 101
112  37.01012875  035.43466867  37.01015717  035.43471657 60 101
112  37.01056944  035.43539539  37.01061896  035.43547954 60 101
112  37.01076362  035.43571567  37.01079812  035.43577247 60 101
112  37.01119238  035.43642261  37.01135571  035.43669809 60 101
112  37.01182654  035.43746735  37.01198988  035.43774283 60 101
112  37.01174910  035.43816187  37.01158586  035.43830980 60 101
112  37.01057470  035.43931540  37.01042985  035.43945298 60 101
111  37.01008671  035.43977675 60 101
112  37.00949530  035.44029929  37.00927790  035.44048217 60 101
112  37.00875917  035.44094455  37.00857534  035.44109787 60 101
116  37.00827343  035.44062170  37.00810446  035.44035161
120 Taxi Line
112  37.00471904  035.43772906  37.00475295  035.43770235 60 101
112  37.00502588  035.43732376  37.00504133  035.43714505 60 101
116  37.00496864  035.43694109  37.00494452  035.43685678
120 Taxi Line
111  36.99769578  035.41240328 53 101
112  36.99757040  035.41251386  36.99749181  035.41258567 53 101
116  36.99741293  035.41299963  36.99731116  035.41308521
120 Taxi Line
111  36.99798668  035.41287712 53 101
112  36.99782325  035.41302472  36.99773608  035.41309890 53 101
116  36.99741293  035.41299963  36.99731120  035.41307860
120 Taxi Line
111  36.99733640  035.42185412 60 101
112  36.99899996  035.42026126  36.99915094  035.42013256 60 101
116  37.00024668  035.41908985  37.00037201  035.41899059
120 Taxi Line
111  36.99534748  035.42456261 60 101
112  36.99581005  035.42415015  36.99595465  035.42401366 60 101
116  36.99584096  035.42367326  36.99576476  035.42354058
120 Taxi Line
111  36.99899563  035.41346578 53 101
112  36.99878624  035.41365750  36.99867894  035.41375571 53 101
116  36.99846875  035.41352410  36.99839307  035.41359137
120 Taxi Line
111  36.99579978  035.42528253 60 101
112  36.99623308  035.42492144  36.99638514  035.42479472 60 101
116  36.99631429  035.42448269  36.99621716  035.42431798
120 Taxi Line
111  36.99620660  035.42597813 60 101
112  36.99664242  035.42559656  36.99679211  035.42546550 60 101
116  36.99697702  035.42561602  36.99705066  035.42574708
120 Taxi Line
111  36.99658577  035.42662179 60 101
112  36.99703431  035.42623538  36.99713707  035.42614576 60 101
116  36.99707706  035.42578710  36.99698497  035.42563183
120 Taxi Line
111  36.99970438  035.42808121 60 101
112  37.00007387  035.42872074  37.00012262  035.42880067 60 101
116  37.00040110  035.42878644  37.00054105  035.42866406
120 Taxi Line
111  36.99984993  035.43064910 60 101
112  36.99948347  035.43004628  36.99938044  035.42985744 60 101
112  36.99915741  035.42952223  36.99904787  035.42933923 60 101
112  36.99882612  035.42896907  36.99873274  035.42880406 60 101
112  36.99887384  035.42853713  36.99894694  035.42847642 60 101
112  36.99930177  035.42814414  36.99934254  035.42810591
111  36.99930177  035.42814414
112  36.99930177  035.42814414  36.99932903  035.42811858 60 101
112  36.99971720  035.42772969  36.99989700  035.42755278
111  36.99971720  035.42772969
112  36.99971720  035.42772969  36.99980629  035.42764203 60 101
116  36.99997930  035.42748385  37.00004866  035.42741734
120 Taxi Line
111  37.00047613  035.42872089 60 101
112  37.00045040  035.42913578  37.00056635  035.42935357
111  37.00045040  035.42913578
112  37.00045040  035.42913578  37.00052946  035.42928461 60 101
112  37.00079075  035.42971286  37.00081655  035.42976183
111  37.00079075  035.42971286
112  37.00079075  035.42971286  37.00085504  035.42981364 60 101
112  37.00112099  035.42981044  37.00121428  035.42973266
111  37.00112099  035.42981044
112  37.00112099  035.42981044  37.00118724  035.42975439 60 101
116  37.00128488  035.42964982  37.00136464  035.42957587
120 Taxi Line
111  37.00103532  035.41967971 60 101
112  37.00153453  035.41975670  37.00177870  035.41950761
111  37.00153453  035.41975670
112  37.00153453  035.41975670  37.00169333  035.41960478 60 101
115  37.00185705  035.41946919
120 Taxi Line
111  37.00162653  035.42065250 60 101
112  37.00212456  035.42071045  37.00236873  035.42046136
111  37.00212456  035.42071045
112  37.00212456  035.42071045  37.00228337  035.42055853 60 101
112  37.00252838  035.42032340  37.00272243  035.42014170 60 101
115  37.00272601  035.41963038
120 Taxi Line
111  36.99846875  035.41352410 53 101
112  36.99802793  035.41393313  36.99788113  035.41406922 53 101
116  36.99748819  035.41383304  36.99732265  035.41355969
120 Taxi Line
112  37.00905337  035.43289579  37.00890332  035.43264770 60 101
112  37.00848123  035.43280401  37.00826233  035.43301037 60 101
112  37.00792318  035.43333009  37.00770429  035.43353645 60 101
112  37.00733862  035.43388957  37.00716781  035.43405620 60 101
112  37.00671142  035.43447397  37.00652877  035.43465045 60 101
112  37.00563066  035.43547302  37.00541220  035.43567625 60 101
112  37.00501368  035.43525609  37.00484742  035.43498337 60 101
112  37.00466953  035.43468962  37.00458607  035.43455295 60 101
112  37.00437445  035.43420390  37.00428846  035.43406068 60 101
112  37.00410627  035.43376247  37.00404098  035.43365488 60 101
112  37.00383016  035.43330799  37.00377003  035.43321662 60 101
112  37.00349985  035.43276430  37.00343455  035.43265026
111  37.00349985  035.43276430
112  37.00349985  035.43276430  37.00347506  035.43272099 60 101
112  37.00322271  035.43230812  37.00315549  035.43218664
111  37.00322271  035.43230812
112  37.00322271  035.43230812  37.00318722  035.43225572 60 101
112  37.00290156  035.43177949  37.00276085  035.43154798
111  37.00290156  035.43177949
112  37.00290156  035.43177949  37.00279547  035.43160494 60 101
112  37.00264823  035.43136251  37.00260393  035.43128977
111  37.00264823  035.43136251
112  37.00264823  035.43136251  37.00261136  035.43130279 60 101
112  37.00240681  035.43096512  37.00230081  035.43078520
111  37.00240681  035.43096512
112  37.00240681  035.43096512  37.00231030  035.43080131 60 101
112  37.00212078  035.43049431  37.00204159  035.43036431
111  37.00212078  035.43049431
112  37.00212078  035.43049431  37.00204798  035.43037479 60 101
112  37.00185101  035.43005027  37.00175844  035.42989844
111  37.00185101  035.43005027
112  37.00185101  035.43005027  37.00173231  035.42985558 60 101
112  37.00160560  035.42964631  37.00157436  035.42959669
111  37.00160560  035.42964631
112  37.00160560  035.42964631  37.00155720  035.42956736 60 101
112  37.00135647  035.42923624  37.00128870  035.42911885 60 101
112  37.00096791  035.42859666  37.00090007  035.42848581
111  37.00096791  035.42859666
112  37.00096791  035.42859666  37.00093306  035.42853972 60 101
112  37.00064838  035.42807071  37.00050573  035.42784202
111  37.00064838  035.42807071
112  37.00064838  035.42807071  37.00051334  035.42785422 60 101
112  37.00035184  035.42758260  37.00031885  035.42752397
111  37.00035184  035.42758260
112  37.00035184  035.42758260  37.00028039  035.42746504 60 101
112  37.00002806  035.42704965  36.99994466  035.42691615 60 101
112  36.99978203  035.42664469  36.99969190  035.42649569 60 101
116  36.99947569  035.42614044  36.99944244  035.42608363
120 Taxi Line
112  37.00905337  035.43289579  37.00918726  035.43311603 60 101
112  37.00966323  035.43295051  37.00982694  035.43279235 60 101
112  37.01057910  035.43210054  37.01066197  035.43202111 60 101
112  37.01087095  035.43210443  37.01096535  035.43227089 60 101
112  37.01168539  035.43350502  37.01176439  035.43363281 60 101
112  37.01165454  035.43386120  37.01157386  035.43393306 60 101
112  37.01069243  035.43476124  37.01049319  035.43495093 60 101
116  37.01012875  035.43466867  37.00996376  035.43439474
120 Taxi Line
112  36.99177362  035.41499866  36.99182442  035.41508897 60 101
112  36.99191079  035.41522974  36.99194540  035.41528418 60 101
112  36.99207790  035.41551125  36.99212323  035.41558077 60 101
112  36.99224282  035.41578905  36.99227738  035.41584959 60 101
112  36.99243232  035.41610828  36.99247604  035.41618047
111  36.99243232  035.41610828
112  36.99243232  035.41610828  36.99254250  035.41629067 60 101
112  36.99275402  035.41622541  36.99283546  035.41615366 60 101
112  36.99293839  035.41604387  36.99297486  035.41600754
111  36.99293839  035.41604387
112  36.99293839  035.41604387  36.99310958  035.41589059 60 101
116  36.99339987  035.41613952  36.99350859  035.41631919
120 Taxi Line
112  37.00804815  035.44025088  37.00791643  035.44003133 60 101
116  37.00761356  035.44019159  37.00754423  035.44025633
120 Taxi Line
112  37.00699690  035.43852050  37.00686518  035.43830529 60 101
116  37.00648170  035.43834828  37.00635848  035.43846476
120 Taxi Line
112  37.00204916  035.41738836  37.00214845  035.41730251 60 101
112  37.00217902  035.41685446  37.00213699  035.41663188 60 101
112  37.00139602  035.41246955  37.00135398  035.41224697 60 101
112  37.00130104  035.41194720  37.00126856  035.41175568 60 101
112  37.00114147  035.41139610  37.00107535  035.41121106 60 101
112  37.00088864  035.41088921  37.00078620  035.41072013 60 101
112  37.00061401  035.41052682  37.00048054  035.41037069 60 101
112  36.99992244  035.40998474  36.99974836  035.40991551 60 101
112  36.99906274  035.40971664  36.99888865  035.40966361 60 101
112  36.99828030  035.40946060  36.99810163  035.40941312 60 101
112  36.99702615  035.40909062  36.99684748  035.40904313 60 101
112  36.99670134  035.40927719  36.99667486  035.40936614 60 101
112  36.99644374  035.40989322  36.99631816  035.41006466 60 101
112  36.99587499  035.41049805  36.99573077  035.41063841 60 101
112  36.99539340  035.41036117  36.99528271  035.41017924 60 101
112  36.99267251  035.40590796  36.99231350  035.40532573 60 101
112  36.99216363  035.40459649  36.99212648  035.40422280 60 101
112  36.99216473  035.40356541  36.99220207  035.40331996 60 101
112  36.99239234  035.40273768  36.99247053  035.40253107 60 101
112  36.99276956  035.40212318  36.99290051  035.40194376 60 101
112  36.99324979  035.40170317  36.99341416  035.40160905 60 101
112  36.99376396  035.40145554  36.99393764  035.40138474 60 101
112  36.99432721  035.40138978  36.99449902  035.40142320 60 101
112  36.99488580  035.40153058  36.99506382  035.40159511 60 101
112  36.99548265  035.40186244  36.99564769  035.40199454 60 101
112  36.99601386  035.40247855  36.99612614  035.40265340 60 101
112  36.99683653  035.40389071  36.99694366  035.40408080 60 101
112  36.99713174  035.40469143  36.99717989  035.40492815 60 101
112  36.99715343  035.40579763  36.99712595  035.40602373 60 101
112  36.99682731  035.40863750  36.99679982  035.40886360 60 101
116  36.99670134  035.40927719  36.99666865  035.40938946
120 Taxi Line
112  37.01057910  035.43210054  37.01061935  035.43206455 60 101
116  37.01096919  035.43174645  37.01100373  035.43171469
120 Taxi Line
112  37.01203478  035.43352049  37.01190889  035.43363408 60 101
116  37.01136353  035.43413341  37.01114503  035.43434043
120 Taxi Line
112  37.00553984  035.43760126  37.00545990  035.43745098 60 101
112  37.00526900  035.43724404  37.00514524  035.43717435 60 101
116  37.00496864  035.43694109  37.00483728  035.43672132
120 Taxi Line
112  36.99912056  035.42685796  36.99903762  035.42693504 60 101
112  36.99904514  035.42724645  36.99912212  035.42739228 60 101
112  36.99932687  035.42772082  36.99940643  035.42786666 60 101
116  36.99971720  035.42772969  36.99984139  035.42761501
120 Taxi Line
112  36.99872635  035.42722015  36.99864341  035.42729722 60 101
112  36.99865971  035.42761569  36.99873669  035.42776152 60 101
112  36.99894144  035.42809006  36.99904687  035.42826505 60 101
116  36.99930177  035.42814414  36.99937940  035.42807480
120 Taxi Line
112  36.99930177  035.42814414  36.99924996  035.42819009 60 101
112  36.99928476  035.42852323  36.99934674  035.42864442
111  36.99928476  035.42852323
112  36.99928476  035.42852323  36.99936665  035.42867922 60 101
112  36.99960107  035.42907470  36.99965358  035.42917485
111  36.99960107  035.42907470
112  36.99960107  035.42907470  36.99970132  035.42926589 60 101
116  36.99995689  035.42918630  37.00003452  035.42911696
120 Taxi Line
112  36.99853279  035.41555501  36.99841077  035.41535205 53 101
112  36.99857562  035.41489535  36.99871615  035.41476928 53 101
112  36.99893115  035.41496789  36.99902201  035.41488846 53 101
116  36.99912533  035.41479532  36.99915234  035.41477115
120 Taxi Line
112  37.00064838  035.42807071  37.00073433  035.42821395 60 101
112  37.00062382  035.42858632  37.00047613  035.42872089 60 101
112  37.00047613  035.42872089  37.00038878  035.42879850 60 101
112  36.99995689  035.42918630  36.99980763  035.42933133 60 101
112  36.99956899  035.42957110  36.99942332  035.42971164 60 101
116  36.99915741  035.42952223  36.99904787  035.42933923
120 Taxi Line
112  37.00160560  035.42964631  37.00163434  035.42969227 60 101
112  37.00150346  035.43001360  37.00135488  035.43015035
111  37.00150346  035.43001360
112  37.00150346  035.43001360  37.00140875  035.43010355 60 101
112  37.00132335  035.43018359  37.00126315  035.43024476 60 101
116  37.00126458  035.43052529  37.00132511  035.43064963
120 Taxi Line
112  37.00126458  035.43052529  37.00130898  035.43060490 60 101
112  37.00155332  035.43100256  37.00159019  035.43106652 60 101
112  37.00180389  035.43141675  37.00187490  035.43153920 60 101
112  37.00211211  035.43192621  37.00214340  035.43197804 60 101
112  37.00235204  035.43232281  37.00240309  035.43240836 60 101
112  37.00267165  035.43285112  37.00272952  035.43293870 60 101
112  37.00294656  035.43330553  37.00300635  035.43341342 60 101
112  37.00327739  035.43385238  37.00334567  035.43396561 60 101
112  37.00355230  035.43430679  37.00358946  035.43436992 60 101
112  37.00384577  035.43479188  37.00390933  035.43488890 60 101
116  37.00409938  035.43481293  37.00415429  035.43476537
120 Taxi Line
112  37.00267165  035.43285112  37.00275107  035.43299493 60 101
112  37.00297629  035.43291721  37.00306675  035.43283331 60 101
112  37.00314376  035.43275259  37.00328812  035.43261245 60 101
116  37.00322271  035.43230812  37.00314992  035.43219507
120 Taxi Line
112  37.00327739  035.43385238  37.00335680  035.43399619 60 101
112  37.00358706  035.43391370  37.00367752  035.43382980 60 101
112  37.00375453  035.43374908  37.00389888  035.43360894 60 101
116  37.00383016  035.43330799  37.00375738  035.43319494
120 Taxi Line
112  37.00155332  035.43100256  37.00161724  035.43111686 60 101
112  37.00187144  035.43108901  37.00196063  035.43100145 60 101
112  37.00206311  035.43089391  37.00210559  035.43084908 60 101
116  37.00240681  035.43096512  37.00251280  035.43114503
120 Taxi Line
112  37.00211211  035.43192621  37.00215257  035.43200142 60 101
112  37.00238880  035.43195384  37.00247798  035.43186628 60 101
112  37.00258047  035.43175874  37.00262295  035.43171391 60 101
116  37.00290156  035.43177949  37.00297076  035.43189254
120 Taxi Line
112  37.00409938  035.43481293  37.00412728  035.43478932 60 101
112  37.00428513  035.43465222  37.00442686  035.43452820 60 101
116  37.00466953  035.43468962  37.00474008  035.43481657
120 Taxi Line
111  36.99120429  035.41528911 60 101
112  36.99155997  035.41494328  36.99160878  035.41489970 60 101
116  36.99177362  035.41499866  36.99184094  035.41511535
120 Taxi Line
112  36.99809923  035.41484074  36.99818935  035.41498817 53 101
112  36.99857562  035.41489535  36.99871868  035.41475317 53 101
112  36.99866957  035.41444311  36.99874940  035.41436537 53 101
116  36.99882548  035.41429584  36.99887107  035.41425803
120 Taxi Line
112  36.99350343  035.41273002  36.99362010  035.41261956 60 101
116  36.99401949  035.41271478  36.99414865  035.41293171
120 Taxi Line
112  36.99155997  035.41494328  36.99163290  035.41487822 60 101
112  36.99164226  035.41461714  36.99164785  035.41450366
111  36.99164226  035.41461714
112  36.99164226  035.41461714  36.99164640  035.41453312 60 101
112  36.99172045  035.41441603  36.99175675  035.41438266
111  36.99172045  035.41441603
112  36.99172045  035.41441603  36.99176836  035.41436883 60 101
116  36.99193873  035.41420947  36.99206547  035.41409017
120 Taxi Line
112  36.99864456  035.41290187  36.99858481  035.41295580 53 101
112  36.99846716  035.41306456  36.99837558  035.41315220 53 101
116  36.99846875  035.41352410  36.99839307  035.41359137
120 Taxi Line
112  37.00671538  035.42904442  37.00663076  035.42890315 60 101
112  37.00679603  035.42845771  37.00691023  035.42834618 60 101
116  37.00740245  035.42839407  37.00751650  035.42840156
120 Taxi Line
112  37.00261926  035.42228905  37.00254150  035.42216339 60 101
112  37.00269989  035.42170906  37.00281866  035.42159762 60 101
116  37.00327306  035.42162265  37.00340705  035.42162808
120 Taxi Line
112  37.00555112  035.42712310  37.00547336  035.42699743 60 101
112  37.00564112  035.42653944  37.00575888  035.42644358 60 101
116  37.00621068  035.42647834  37.00634322  035.42649010
120 Taxi Line
112  37.00221546  035.42162238  37.00230131  035.42176402 60 101
112  37.00269989  035.42170906  37.00281866  035.42159762 60 101
116  37.00290236  035.42099837  37.00293539  035.42078648
120 Taxi Line
112  37.00515014  035.42646142  37.00524276  035.42661590 60 101
112  37.00564112  035.42653944  37.00575989  035.42642152 60 101
116  37.00586669  035.42584322  37.00590767  035.42563403
120 Taxi Line
112  37.00572951  035.42741753  37.00581191  035.42755483 60 101
112  37.00621269  035.42751119  37.00635826  035.42737303 60 101
112  37.00655564  035.42717713  37.00672591  035.42702193 60 101
116  37.00722416  035.42707777  37.00741100  035.42710221
120 Taxi Line
112  36.99410195  035.41646824  36.99390153  035.41665566 60 101
116  36.99355905  035.41640153  36.99341048  035.41615426
120 Taxi Line
112  36.99410195  035.41646824  36.99388291  035.41667431 60 101
116  36.99399898  035.41712567  36.99416403  035.41739384
120 Taxi Line
112  37.01006562  035.43915642  37.01022946  035.43942568 60 101
116  37.01057470  035.43931540  37.01071954  035.43917781
120 Taxi Line
112  37.01005838  035.43916369  37.01022222  035.43943295 60 101
116  37.01008671  035.43977675  37.00994802  035.43990589
120 Taxi Line
112  37.00729200  035.43458073  37.00712815  035.43431147 60 101
116  37.00733862  035.43388957  37.00750944  035.43372294
120 Taxi Line
112  37.00728297  035.43458689  37.00711913  035.43431763 60 101
116  37.00671861  035.43447172  37.00654314  035.43465270
120 Taxi Line
112  37.00679949  035.43376823  37.00696317  035.43403763 60 101
116  37.00733862  035.43388957  37.00750944  035.43372294
120 Taxi Line
112  37.00679144  035.43377635  37.00695512  035.43404574 60 101
116  37.00671142  035.43447397  37.00653596  035.43465495
120 Taxi Line
112  36.99899155  035.42091395  36.99882787  035.42064456 60 101
116  36.99841004  035.42081874  36.99821276  035.42100856
120 Taxi Line
112  36.99900207  035.42090469  36.99883838  035.42063530 60 101
116  36.99899996  035.42026126  36.99914039  035.42013167
120 Taxi Line
112  36.99849725  035.42009882  36.99866090  035.42036822 60 101
116  36.99841004  035.42081874  36.99821276  035.42100856
120 Taxi Line
112  36.99850753  035.42008884  36.99867118  035.42035824 60 101
116  36.99899996  035.42026126  36.99914039  035.42013167
120 Taxi Line
112  36.99411764  035.41215329  36.99403781  035.41222738 60 101
116  36.99403174  035.41270504  36.99419717  035.41298292
120 Taxi Line
112  36.99734426  035.41359590  36.99724526  035.41343201 53 101
116  36.99741293  035.41299963  36.99756078  035.41286237
120 Taxi Line
112  36.99164226  035.41461714  36.99163376  035.41478556 60 101
116  36.99177362  035.41499866  36.99183010  035.41509295
120 Taxi Line
112  36.99536964  035.41098749  36.99548688  035.41088233 60 101
116  36.99587499  035.41049805  36.99601920  035.41035770
120 Taxi Line
112  36.99536964  035.41098749  36.99548938  035.41087296 60 101
116  36.99539340  035.41036117  36.99528271  035.41017924
120 Taxi Line
112  36.99590159  035.41121759  36.99573432  035.41093663 60 101
116  36.99587499  035.41049805  36.99601920  035.41035770
120 Taxi Line
112  36.99590159  035.41121759  36.99573952  035.41094639 60 101
116  36.99539340  035.41036117  36.99528271  035.41017924
120 Taxi Line
112  37.00081302  035.41931339  37.00064828  035.41903925 60 101
116  37.00079180  035.41858258  37.00093766  035.41844490
120 Taxi Line
112  37.00081302  035.41931339  37.00064828  035.41903925 53 101
116  37.00031524  035.41849254  37.00014928  035.41821956
120 Taxi Line
112  37.00024668  035.41908985  37.00030080  035.41903466 60 101
112  37.00079180  035.41858258  37.00091123  035.41846841
111  37.00079180  035.41858258
112  37.00079180  035.41858258  37.00114120  035.41824858 60 101
116  37.00204916  035.41738836  37.00219501  035.41725069
120 Taxi Line
112  37.00024668  035.41908985  37.00033496  035.41899954 60 101
116  37.00031524  035.41849254  37.00014928  035.41821956
120 Taxi Line
112  37.00452832  035.42543548  37.00437854  035.42518760 60 101
112  37.00459483  035.42477318  37.00471784  035.42465870
111  37.00459483  035.42477318
112  37.00459483  035.42477318  37.00465870  035.42472397 60 101
112  37.00590859  035.42352933  37.00596908  035.42345719
111  37.00590859  035.42352933
112  37.00590859  035.42352933  37.00595508  035.42348469 60 101
112  37.00619610  035.42301626  37.00624847  035.42275590
111  37.00619610  035.42301626
112  37.00619610  035.42301626  37.00624570  035.42274858 60 101
112  37.00638832  035.42132150  37.00641472  035.42100699
111  37.00638832  035.42132150
112  37.00638832  035.42132150  37.00639873  035.42125155 60 101
112  37.00621929  035.42033419  37.00593301  035.41989614
111  37.00621929  035.42033419
112  37.00621929  035.42033419  37.00578229  035.41959697 60 101
112  37.00471638  035.41788537  37.00438710  035.41736787
111  37.00471638  035.41788537
112  37.00471638  035.41788537  37.00452036  035.41755113 60 101
112  37.00407360  035.41736842  37.00369522  035.41731712
111  37.00407360  035.41736842
112  37.00407360  035.41736842  37.00383716  035.41734243 60 101
112  37.00324877  035.41723625  37.00300116  035.41719239
111  37.00324877  035.41723625
112  37.00324877  035.41723625  37.00304341  035.41719987 60 101
112  37.00242889  035.41713689  37.00226490  035.41717562
111  37.00242889  035.41713689
112  37.00242889  035.41713689  37.00230096  035.41714938 60 101
116  37.00204916  035.41738836  37.00190330  035.41752604
120 Taxi Line
112  37.00848123  035.43280401  37.00870012  035.43259766 60 101
116  37.00856095  035.43208554  37.00839614  035.43181146
120 Taxi Line
112  37.00954004  035.43369947  37.00938503  035.43343961 60 101
116  37.00966323  035.43295051  37.00988312  035.43274581
120 Taxi Line
112  37.01056944  035.43539539  37.01045994  035.43521204 60 101
116  37.01069243  035.43476124  37.01088626  035.43457531
120 Taxi Line
112  37.01119238  035.43642261  37.01109611  035.43626111 60 101
112  37.01126224  035.43582951  37.01137052  035.43573565
111  37.01126224  035.43582951
112  37.01126224  035.43582951  37.01131549  035.43578565 60 101
116  37.01203647  035.43517301  37.01207586  035.43514026
120 Taxi Line
112  37.01174910  035.43816187  37.01184753  035.43806446 60 101
112  37.01234654  035.43759777  37.01238873  035.43755800
111  37.01234654  035.43759777
112  37.01234654  035.43759777  37.01237765  035.43757252 60 101
112  37.01261280  035.43734936  37.01265491  035.43731671
111  37.01261280  035.43734936
112  37.01261280  035.43734936  37.01267929  035.43729070 60 101
116  37.01306344  035.43692628  37.01325024  035.43674528
120 Taxi Line
112  37.00849721  035.44127249  37.00852527  035.44113981 60 101
116  37.00875917  035.44094455  37.00894300  035.44079123
120 Taxi Line
112  37.00764899  035.43959385  37.00780316  035.43984486 60 101
116  37.00761356  035.44019159  37.00749767  035.44030298
120 Taxi Line
112  37.00649981  035.43770228  37.00666332  035.43797758 60 101
116  37.00648170  035.43834828  37.00636581  035.43845967
120 Taxi Line
112  37.00547582  035.43601678  37.00531232  035.43574148 60 101
116  37.00501368  035.43525609  37.00484742  035.43498337
120 Taxi Line
112  37.00547582  035.43601678  37.00540932  035.43589444 60 101
116  37.00563066  035.43547302  37.00585271  035.43527205
120 Taxi Line
112  37.00501368  035.43525609  37.00511885  035.43542757 60 101
116  37.00500564  035.43579138  37.00489544  035.43589562
120 Taxi Line
112  37.00563066  035.43547302  37.00551799  035.43557499 60 101
112  37.00528616  035.43565575  37.00517503  035.43566224
111  37.00528616  035.43565575
112  37.00528616  035.43565575  37.00519162  035.43566608 60 101
116  37.00500564  035.43579138  37.00485592  035.43593386
120 Taxi Line
112  36.99684667  035.42181303  36.99701285  035.42208577 60 101
116  36.99733640  035.42185412  36.99752742  035.42169012
120 Taxi Line
112  36.99692032  035.41289657  36.99708650  035.41316931 53 101
116  36.99741293  035.41299963  36.99748391  035.41293499
120 Taxi Line
112  36.99683703  035.42229349  36.99696575  035.42217958 60 101
116  36.99733640  035.42185412  36.99756155  035.42165863
120 Taxi Line
112  36.99683703  035.42229349  36.99695498  035.42219083 60 101
116  36.99725951  035.42249257  36.99742570  035.42276531
120 Taxi Line
112  36.99684667  035.42181303  36.99693351  035.42195322 60 101
116  36.99683703  035.42229349  36.99671908  035.42239615
120 Taxi Line
112  36.99304226  035.41555089  36.99312268  035.41568601 60 101
116  36.99293839  035.41604387  36.99280312  035.41614991
120 Taxi Line
112  36.99612301  035.42415559  36.99605012  035.42403373 60 101
116  36.99581005  035.42415015  36.99574478  035.42421064
120 Taxi Line
112  37.00242889  035.41713689  37.00231727  035.41713663 60 101
116  37.00217902  035.41685446  37.00213699  035.41663188
120 Taxi Line
112  37.01087095  035.43210443  37.01082581  035.43202414 60 101
116  37.01090241  035.43180583  37.01096929  035.43174707
120 Taxi Line
112  37.01197909  035.43357042  37.01190280  035.43364126 60 101
116  37.01168539  035.43350502  37.01161717  035.43339073
120 Taxi Line
112  37.01297638  035.43701005  37.01290050  035.43708008 60 101
112  37.01266991  035.43699173  37.01261096  035.43688837
111  37.01266991  035.43699173
112  37.01266991  035.43699173  37.01263685  035.43693050 60 101
112  37.01190363  035.43563485  37.01184826  035.43551852
111  37.01190363  035.43563485
112  37.01190363  035.43563485  37.01182519  035.43550102 60 101
116  37.01194818  035.43524876  37.01206645  035.43513941
120 Taxi Line
112  36.99207790  035.41551125  36.99204303  035.41546008 60 101
116  36.99189008  035.41547709  36.99184757  035.41551785
120 Taxi Line
112  36.99228955  035.41431191  36.99221660  035.41419217 60 101
116  36.99193873  035.41420947  36.99180921  035.41433145
120 Taxi Line
112  36.99682731  035.40863750  36.99679982  035.40886360 60 101
116  36.99702615  035.40909062  36.99720482  035.40913811
120 Taxi Line
112  36.99541869  035.41946253  36.99556009  035.41969493 60 101
116  36.99542070  035.41996641  36.99531529  035.42005689
120 Taxi Line
112  37.01182654  035.43746735  37.01197381  035.43771884 60 101
116  37.01234654  035.43759777  37.01249349  035.43746177
120 Taxi Line
112  37.01190363  035.43563485  37.01181914  035.43548633 60 101
116  37.01156294  035.43557515  37.01142520  035.43569253
120 Taxi Line
112  37.01076362  035.43571567  37.01086425  035.43588033 60 101
116  37.01126224  035.43582951  37.01138663  035.43572275
120 Taxi Line
112  37.00002806  035.42704965  37.00010977  035.42718193 60 101
116  36.99997930  035.42748385  36.99987904  035.42757524
120 Taxi Line
112  36.99971720  035.42772969  36.99962692  035.42781687 60 101
116  36.99970438  035.42808121  36.99976966  035.42818911
120 Taxi Line
112  36.99828730  035.42808033  36.99840154  035.42825879 60 101
116  36.99882612  035.42896907  36.99888531  035.42906811
120 Taxi Line
112  36.99887384  035.42853713  36.99876878  035.42863125 60 101
116  36.99849756  035.42841660  36.99838846  035.42823318
120 Taxi Line
112  36.99978203  035.42664469  36.99969190  035.42649870 60 101
116  36.99943150  035.42657393  36.99933404  035.42666024
120 Taxi Line
112  36.99997930  035.42748385  37.00004866  035.42741734 60 101
116  37.00035184  035.42758260  37.00044855  035.42774226
120 Taxi Line
112  37.00015530  035.42900456  37.00022942  035.42893736 60 101
116  37.00045040  035.42913578  37.00051994  035.42927193
120 Taxi Line
112  37.00062382  035.42858632  37.00071763  035.42850574 60 101
116  37.00096791  035.42859666  37.00104128  035.42871568
120 Taxi Line
112  37.00150346  035.43001360  37.00164987  035.42987686 60 101
116  37.00185101  035.43005027  37.00189740  035.43012625
120 Taxi Line
112  37.00160560  035.42964631  37.00153982  035.42953693 60 101
116  37.00128488  035.42964982  37.00116454  035.42976073
120 Taxi Line
112  37.00180389  035.43141675  37.00175543  035.43133768 60 101
116  37.00187144  035.43108901  37.00196063  035.43100145
120 Taxi Line
112  37.00235204  035.43232281  37.00230099  035.43223725 60 101
116  37.00238880  035.43195384  37.00247798  035.43186628
120 Taxi Line
112  37.00294656  035.43330553  37.00287110  035.43317429 60 101
116  37.00297629  035.43291721  37.00304161  035.43286255
120 Taxi Line
112  37.00355230  035.43430679  37.00347683  035.43417555 60 101
116  37.00358706  035.43391370  37.00365237  035.43385904
120 Taxi Line
112  37.00314376  035.43275259  37.00328812  035.43261245 60 101
116  37.00349985  035.43276430  37.00354927  035.43284363
120 Taxi Line
112  37.00375453  035.43374908  37.00389888  035.43360894 60 101
116  37.00410627  035.43376247  37.00415568  035.43384179
120 Taxi Line
112  37.00135647  035.42923624  37.00142203  035.42934483 60 101
116  37.00128488  035.42964982  37.00122803  035.42970589
120 Taxi Line
112  37.00212078  035.43049431  37.00218634  035.43060290 60 101
116  37.00206311  035.43089391  37.00200626  035.43094998
120 Taxi Line
112  37.00264823  035.43136251  37.00271379  035.43147109 60 101
116  37.00258047  035.43175874  37.00252362  035.43181481
120 Taxi Line
112  37.00437445  035.43420390  37.00445267  035.43432767 60 101
116  37.00428513  035.43465222  37.00414341  035.43477623
120 Taxi Line
112  36.99189008  035.41547709  36.99194281  035.41543500 60 101
116  36.99191079  035.41522974  36.99186131  035.41514734
120 Taxi Line
112  36.99222664  035.41603217  36.99227937  035.41599008 60 101
116  36.99224282  035.41578905  36.99219333  035.41570665
120 Taxi Line
112  36.99243232  035.41610828  36.99239895  035.41605070 60 101
116  36.99222664  035.41603217  36.99215153  035.41610519
120 Taxi Line
112  37.00031524  035.41849254  37.00042730  035.41867872 60 101
116  37.00079180  035.41858258  37.00093169  035.41845139
120 Taxi Line
112  36.99660483  035.42497954  36.99651177  035.42481768 60 101
116  36.99623308  035.42492144  36.99608199  035.42504995
120 Taxi Line
112  36.99733640  035.42185412  36.99703183  035.42212329 60 101
116  36.99725951  035.42249257  36.99734744  035.42263477
120 Taxi Line
112  37.00081302  035.41931339  37.00062205  035.41899839 60 101
116  37.00024668  035.41908985  37.00007227  035.41923891
120 Taxi Line
112  36.99735237  035.42625789  36.99726341  035.42610386 60 101
116  36.99703431  035.42623538  36.99693155  035.42632500
120 Taxi Line
112  36.99582338  035.42012867  36.99573923  035.41999415 60 101
116  36.99542070  035.41996641  36.99528589  035.42008773
120 Taxi Line
112  36.99669870  035.42514006  36.99676308  035.42525024 60 101
116  36.99664242  035.42559656  36.99649273  035.42572762
120 Taxi Line
112  36.99828730  035.42808033  36.99818613  035.42792747 60 101
116  36.99834539  035.42757972  36.99849728  035.42745459
120 Taxi Line
112  37.00063315  035.43026222  37.00050545  035.43037488 60 101
112  37.00032462  035.43022361  37.00028605  035.43015459
111  37.00032462  035.43022361
112  37.00032462  035.43022361  37.00023301  035.43007653 60 101
112  36.99995168  035.42962979  36.99988707  035.42952141
111  36.99995168  035.42962979
112  36.99995168  035.42962979  36.99988846  035.42952219 60 101
116  36.99995689  035.42918630  37.00005945  035.42909301
120 Taxi Line
112  37.00679603  035.42845771  37.00668182  035.42856924 60 101
116  37.00635205  035.42844241  37.00629581  035.42834981
120 Taxi Line
112  37.00679603  035.42845771  37.00691023  035.42834618 60 101
116  37.00702989  035.42773139  37.00707229  035.42749193
120 Taxi Line
112  37.00613616  035.42808937  37.00606408  035.42796720 60 101
116  37.00621269  035.42751119  37.00635826  035.42737303
120 Taxi Line
112  37.00655564  035.42717713  37.00677456  035.42696773 60 101
116  37.00683517  035.42641272  37.00686587  035.42619405
120 Taxi Line
112  36.99795401  035.41460137  36.99778805  035.41432840 53 101
116  36.99802793  035.41393313  36.99817473  035.41379704
120 Taxi Line
111  37.00112099  035.42981044 60 101
111  37.00063315  035.43026222 60 101
112  37.00018242  035.43070546  37.00000458  035.43087416 60 101
115  36.99984993  035.43064910
120 Taxi Line
112  37.01266991  035.43699173  37.01277473  035.43717942 60 101
115  37.01261280  035.43734936
120 Taxi Line
111  36.99542070  035.41996641 60 101
115  36.99478937  035.42057053
120 Taxi Line
111  36.99186245  035.41637027 60 101
115  36.99222664  035.41603217
120 Taxi Line
111  36.99189008  035.41547709 60 101
115  36.99151781  035.41580815
120 Taxi Line
111  36.99229966  035.41387056 60 101
115  36.99193873  035.41420947
120 Taxi Line
111  36.99434062  035.41321461 60 101
115  36.99403174  035.41270504
120 Taxi Line
111  36.99432922  035.41322554 60 101
115  36.99401949  035.41271478
120 Taxi Line
112  37.00252838  035.42032340  37.00273015  035.42012905 60 101
115  37.00312657  035.42029582
120 Taxi Line
112  37.00153453  035.41975670  37.00127226  035.42001537 60 101
115  37.00143920  035.42034553
120 Taxi Line
112  37.00212456  035.42071045  37.00186229  035.42096912 60 101
115  37.00202160  035.42130536
120 Taxi Line
112  36.99948347  035.43004628  36.99933078  035.42978087 60 101
115  36.99956899  035.42957110
120 Taxi Line
111  37.00409405  035.42472230 60 101
116  37.00459483  035.42477318  37.00485215  035.42453796
120 Taxi hold short
111  36.99477921  035.41562831 54 104
115  36.99493095  035.41587679
120 Taxi hold short
111  36.99305714  035.41284084 54 104
115  36.99330468  035.41323738
120 Taxi hold short
111  36.99455246  035.41194676 54 104
115  36.99402645  035.41107676
120 Taxi hold short
111  37.01124601  035.43950766 54 104
115  37.01084748  035.43884988
120 Taxi hold short
111  37.00963926  035.43997952 54 104
115  37.00989822  035.44044920
120 Taxi hold short
111  36.99804636  035.42100587 54 104
115  36.99817270  035.42120562
120 Taxi hold short
111  36.99950343  035.42011263 54 104
115  36.99924931  035.41972260
120 Taxi hold short
111  37.00771850  035.43383805 54 104
115  37.00747119  035.43344119
120 Taxi hold short
111  37.00634038  035.43466224 54 104
115  37.00645796  035.43485909
120 Tie Down
111  37.01125474  035.43292389 51
115  37.01136643  035.43282440
120 Tie Down
111  37.01227389  035.43647728 51
115  37.01238558  035.43637778
120 Tie Down
111  37.01116777  035.43276294 51
115  37.01128184  035.43266778
120 Tie Down
111  37.01218691  035.43631633 51
115  37.01230099  035.43622117
120 Tie Down
111  36.99531755  035.42448337 51
115  36.99539700  035.42462309
120 Tie Down
111  36.99576719  035.42520063 51
115  36.99584425  035.42534242
120 Tie Down
111  36.99924703  035.42858775 51
115  36.99935595  035.42848360
120 Tie Down
111  36.99855891  035.42837121 51
115  36.99845191  035.42847842
120 Tie Down
111  37.00040760  035.42921466 51
115  37.00051737  035.42911190
120 Tie Down
111  37.00003558  035.42962527 51
115  36.99992454  035.42972610
120 Tie Down
111  37.00376196  035.43477794 51
115  37.00387166  035.43467509
120 Tie Down
111  36.99978159  035.42808743 51
115  36.99967262  035.42818851
120 Tie Down
111  37.00147543  035.43102653 51
115  37.00158924  035.43093090
120 Tie Down
111  37.00211607  035.43177879 51
115  37.00200488  035.43187914
120 Tie Down
111  37.00257366  035.43284093 51
115  37.00268294  035.43273738
120 Tie Down
111  37.00330510  035.43376187 51
115  37.00319459  035.43386338
120 Tie Down
111  36.99655822  035.42655297 51
115  36.99663974  035.42669081
120 Tie Down
111  36.99617810  035.42589441 51
115  36.99625528  035.42603609
120 Tie Down
111  36.99936297  035.42766466 51
115  36.99927443  035.42774625
120 Tie Down
111  36.99896418  035.42801330 51
115  36.99887564  035.42809489
120 Tie Down
111  36.99890348  035.42895806 51
115  36.99879376  035.42906087
120 Tie Down
111  36.99947334  035.43015833 51
115  36.99958658  035.43006163
120 Tie Down
111  37.00739498  035.42844736 51
115  37.00739479  035.42834101
120 Tie Down
111  37.00706784  035.42775462 51
115  37.00699056  035.42772460
120 Tie Down
111  37.00721393  035.42715403 51
115  37.00721884  035.42701287
120 Tie Down
111  37.00688178  035.42643501 51
115  37.00678193  035.42640985
120 Tie Down
111  36.99901828  035.41352820 51
115  36.99895609  035.41342824
120 Cross
111  36.99433562  035.41810647 59 103
115  36.99423629  035.41810753
120 Cross
111  36.99429211  035.41804845 59 103
115  36.99428426  035.41816680
21  36.99473463  035.41485634 3 52.7700 2.50 05 PAPI4R
21  36.99545554  035.41413105 2 52.7700 2.50 05 PAPI4L
21  37.00953138  035.43729132 3 232.7700 3.00 23 PAPI4R
21  37.00878472  035.43803286 2 232.7700 3.00 23 PAPI4L
20  36.99301611  035.41268238 324.5800 0 3 {@R}5
20  36.99336581  035.41333225 324.5800 0 3 {@R}5
20  36.99449137  035.41257147 146.7600 0 3 {@R}5
20  36.99396971  035.41165024 146.7600 0 3 {@R}5
20  37.01133452  035.43973538 143.0100 0 3 {@R}23
20  37.01064156  035.43871473 143.0100 0 3 {@R}23
20  37.00948322  035.43972476 323.0100 0 3 {@R}23
20  37.00996162  035.44058420 323.0100 0 3 {@R}23
20  36.99470569  035.41550785 324.6500 0 3 {@R}5-23
20  36.99791065  035.42078748 324.6500 0 3 {@R}5-23
20  36.99498540  035.41597434 324.6500 0 3 {@R}5-23
20  36.99827231  035.42142186 324.6500 0 3 {@R}5-23
20  36.99960057  035.42027592 144.6500 0 3 {@R}23-5
20  36.99921688  035.41958210 144.6500 0 3 {@R}23-5
20  37.00788937  035.43393597 143.3500 0 3 {@R}23-5
20  37.00747928  035.43322143 143.3500 0 3 {@R}23-5
20  37.00621683  035.43445892 323.3500 0 3 {@R}5-23
20  37.00657811  035.43509594 323.3500 0 3 {@R}5-23
14  37.00155458  035.43219057  68.90 0 Incirlik AB Tower
1300  37.01222079  035.43621169  54.92 tie_down heavy|jets|turboprops Mil Cargo Ramp  1
1301 E military 
1300  37.01237689  035.43648076 235.70 tie_down heavy|jets|turboprops Mil Cargo Ramp  2
1301 E military 
1300  37.01136118  035.43294726 231.54 tie_down heavy|jets|turboprops Mil Cargo Ramp  3
1301 E military 
1300  37.01117683  035.43263294  54.92 tie_down heavy|jets|turboprops Mil Cargo Ramp  4
1301 E military 
1300  37.00550591  035.43754357  56.20 tie_down turboprops|props Mil Cargo Ramp  5
1301 C military 
1300  37.00478837  035.43767412 139.92 tie_down turboprops|props Mil Cargo Ramp  6
1301 C military 
1300  36.99540037  035.42451364 144.92 tie_down heavy|jets|turboprops Mil Cargo Ramp  7
1301 E military 
1300  36.99583985  035.42524791 144.92 tie_down heavy|jets|turboprops Mil Cargo Ramp  8
1301 E military 
1300  36.99978094  035.42821058 233.50 tie_down heavy|jets|turboprops Mil Cargo Ramp 10
1301 E military 
1300  37.00000713  035.42971839 233.95 tie_down heavy|jets|turboprops Mil Cargo Ramp 11
1301 E military 
1300  37.00379338  035.43470999  54.92 tie_down heavy|jets|turboprops Mil Cargo Ramp 12
1301 E military 
1300  37.00261740  035.43276941  54.92 tie_down heavy|jets|turboprops Mil Cargo Ramp 13
1301 E military 
1300  37.00323639  035.43378993  54.92 tie_down heavy|jets|turboprops Mil Cargo Ramp 14
1301 E military 
1300  36.99188295  035.41635326 140.66 tie_down heavy|jets|turboprops Mil Cargo Ramp 15
1301 E military 
1300  36.99154369  035.41578516 144.33 tie_down heavy|jets|turboprops Mil Cargo Ramp 16
1301 E military 
1300  37.00204078  035.43181590  54.92 tie_down heavy|jets|turboprops Mil Cargo Ramp 23
1301 E military 
1300  36.99954625  035.43014826 232.45 tie_down heavy|jets|turboprops Mil Cargo Ramp 24
1301 E military 
1300  37.00152017  035.43095346  54.92 tie_down heavy|jets|turboprops Mil Cargo Ramp 25
1301 E military 
1300  36.99663152  035.42658588 144.92 tie_down jets|helos Military Ramp  9
1301 C military 
1300  36.99890476  035.42803013  54.47 tie_down jets|helos Military Ramp 17
1301 C military 
1300  36.99847071  035.42837340  51.05 tie_down jets|helos Military Ramp 18
1301 C military 
1300  37.00048671  035.42920661 -126.34 tie_down jets|helos Military Ramp 19
1301 C military 
1300  36.99932755  035.42860306 -127.86 tie_down jets|helos Military Ramp 20
1301 C military 
1300  36.99625378  035.42594290 144.92 tie_down jets|helos Military Ramp 21
1301 C military 
1300  36.99887631  035.42905076 -127.67 tie_down jets|helos Military Ramp 22
1301 C military 
1300  37.00736557  035.42839285  -0.08 tie_down jets|helos Military Ramp 26
1301 C military 
1300  37.00701951  035.42778853 289.92 tie_down jets|helos Military Ramp 27
1301 C military 
1300  37.00718791  035.42707844  -0.08 tie_down jets|helos Military Ramp 28
1301 C military 
1300  37.00682219  035.42647827 289.92 tie_down jets|helos Military Ramp 29
1301 C military 
1300  36.99895721  035.41350193 320.86 tie_down jets|helos Military Ramp 30
1301 C military 
18  37.00242727  035.42299411 4 BCN
19  36.99379037  035.41393041 1 WS
19  36.99505835  035.41288605 1 WS
19  37.01047749  035.43850248 1 WS
19  37.00943450  035.43953648 1 WS
1053 123025 GND
1054 122100 TWR
1054 129400 TWR
1055 126500 APP
1056 128000 DEP
1000 NE Flow
1001 LTAG 323 142 99
1002 LTAG 0
1003 LTAG 0.0
1101 05 left
1110 05 128000 arrivals|departures heavy|jets|turboprops|props|helos|fighters 000359 000359 Arr,Dep Rwy 05
1000 SW Flow
1002 LTAG 0
1003 LTAG 0.0
1101 23 right
1110 23 128000 arrivals|departures heavy|jets|turboprops|props|helos|fighters 000359 000359 Arr,Dep Rwy 23
99
