I
1130 Generated by WorldEditor 2.3.0r2

1    104 0 0 LTCG Trabzon
1302 city Trabzon
1302 country Turkey
1302 datum_lat 40.995833333
1302 datum_lon 39.785277778
1302 faa_code 
1302 iata_code TZX
1302 icao_code LTCG
1302 region_code LT
1302 state Trabzon Province
1302 transition_alt 12000
1302 transition_level 
1302 flatten 1
100 45.11 1 1 0.25 1 3 1 11  40.99954108  039.77524436    0   60 3 1 1 0 29  40.99057892  039.80416166    0   60 3 7 0 0
110 1 0.25 112.2900 Taxiway
112  40.99705600  039.78241600  40.99705700  039.78228800 53 102
111  40.99705800  039.78222500
111  40.99678400  039.78222100 53 102
112  40.99677200  039.78319100  40.99676900  039.78343300 53 102
112  40.99661300  039.78405100  40.99651000  039.78438200
111  40.99661300  039.78405100
111  40.99709000  039.78393000
111  40.99720500  039.78210900
114  40.99720500  039.78210900  40.99710400  039.78244200 53 102
110 1 0.25 112.2900 Taxiway
112  40.99741100  039.78090500  40.99726300  039.78104700 53 102
111  40.99708300  039.78122100
111  40.99724300  039.78151500 53 102
112  40.99734300  039.78141900  40.99740900  039.78135600 53 102
112  40.99729100  039.78182300  40.99719000  039.78215600
111  40.99729100  039.78182300
111  40.99803400  039.78081200
111  40.99778700  039.78019500
114  40.99778700  039.78019500  40.99768400  039.78052600 53 102
110 2 0.25 112.2900 Taxiway
111  40.99389100  039.78819000
111  40.99388600  039.78820500
111  40.99380200  039.78847300
111  40.99375500  039.78862300
111  40.99370700  039.78877300 53 102
112  40.99331500  039.79001600  40.99323900  039.79025800 53 102
112  40.99319200  039.79055400  40.99318600  039.79067100 53 102
112  40.99319100  039.79093900  40.99319600  039.79107800 53 102
112  40.99322000  039.79127400  40.99323400  039.79135800 53 102
112  40.99332000  039.79169100  40.99337200  039.79188500 53 102
111  40.99339800  039.79198200 53 102
112  40.99368800  039.79281000  40.99377100  039.79304700 53 102
112  40.99365700  039.79366200  40.99355300  039.79399300
111  40.99365700  039.79366200
111  40.99419400  039.79335200
111  40.99411700  039.79216900
112  40.99411700  039.79216900  40.99401600  039.79250100 53 102
112  40.99384000  039.79231100  40.99375700  039.79207400 53 102
111  40.99367200  039.79183400 53 102
112  40.99360000  039.79156300  40.99355200  039.79138200 53 102
112  40.99351100  039.79119400  40.99350000  039.79112900 53 102
112  40.99348800  039.79091500  40.99348300  039.79079400 53 102
112  40.99348800  039.79060200  40.99349200  039.79051400 53 102
112  40.99360900  039.79010600  40.99368500  039.78986400 53 102
111  40.99398100  039.78892500 53 102
111  40.99411900  039.78848800 53 102
111  40.99421300  039.78818800 53 102
111  40.99430900  039.78788400 53 102
111  40.99440800  039.78757000 53 102
111  40.99450500  039.78726400 53 102
111  40.99467200  039.78673100 53 102
111  40.99487900  039.78607500 53 102
111  40.99504600  039.78554500 53 102
111  40.99519700  039.78506600 53 102
111  40.99534400  039.78459700 53 102
111  40.99535800  039.78455200 53 102
111  40.99535800  039.78455300 53 102
111  40.99545100  039.78553600 53 102
112  40.99557000  039.78693900  40.99559000  039.78718000 53 102
112  40.99544800  039.78779800  40.99534700  039.78813000
111  40.99544800  039.78779800
111  40.99594400  039.78760800
111  40.99597200  039.78611000
112  40.99597200  039.78611000  40.99586900  039.78644100 53 102
112  40.99578700  039.78624600  40.99576700  039.78600500 53 102
111  40.99572300  039.78549400 53 102
111  40.99563000  039.78450900 53 102
112  40.99560000  039.78419200  40.99558100  039.78398100 53 102
112  40.99560900  039.78375500  40.99563400  039.78367500 53 102
111  40.99564600  039.78363600 53 102
111  40.99579300  039.78317000 53 102
111  40.99594200  039.78270000 53 102
111  40.99609400  039.78221500 53 102
111  40.99624600  039.78173200 53 102
111  40.99635100  039.78140600 53 102
111  40.99635400  039.78141100 53 102
111  40.99648100  039.78150300 53 102
112  40.99663300  039.78160500  40.99673400  039.78167300 53 102
112  40.99678500  039.78196400  40.99678500  039.78213500 53 102
111  40.99678400  039.78222100
111  40.99705800  039.78222500 53 102
112  40.99705900  039.78195700  40.99705900  039.78177900 53 102
112  40.99715100  039.78160200  40.99721200  039.78154300 53 102
111  40.99724300  039.78151500
111  40.99708300  039.78122100 53 102
112  40.99699700  039.78130300  40.99693900  039.78135700 53 102
112  40.99675900  039.78128300  40.99665800  039.78121600 53 102
111  40.99660900  039.78118100 53 102
112  40.99653200  039.78112600  40.99648000  039.78108900 53 102
112  40.99649900  039.78092800  40.99652900  039.78083300 53 102
111  40.99654400  039.78078500 53 102
111  40.99671200  039.78025200 53 102
111  40.99709000  039.77905300 53 102
112  40.99810800  039.77581900  40.99818400  039.77557700 53 102
112  40.99827900  039.77536200  40.99831700  039.77529900 53 102
112  40.99841500  039.77520400  40.99846800  039.77516100 53 102
112  40.99856500  039.77512000  40.99861200  039.77510700 53 102
112  40.99870100  039.77512100  40.99874400  039.77513500 53 102
111  40.99876700  039.77514200 53 102
112  40.99890500  039.77520300  40.99899700  039.77524400 53 102
112  40.99914700  039.77536800  40.99921600  039.77543700 53 102
112  40.99909700  039.77597000  40.99899400  039.77630100
111  40.99909700  039.77597000
111  40.99966500  039.77555400
111  40.99946300  039.77478900
112  40.99946300  039.77478900  40.99940000  039.77499400 53 102
112  40.99927500  039.77500500  40.99921400  039.77494300 53 102
112  40.99901600  039.77483800  40.99890500  039.77478900 53 102
111  40.99884900  039.77476400 53 102
112  40.99874500  039.77473100  40.99867600  039.77470900 53 102
112  40.99851200  039.77473300  40.99842500  039.77475700 53 102
112  40.99825900  039.77487000  40.99817700  039.77493700 53 102
112  40.99805000  039.77511200  40.99799300  039.77520700 53 102
112  40.99785000  039.77561700  40.99777400  039.77585900 53 102
111  40.99681600  039.77890100 102
111  40.99660900  039.77955700
111  40.99649500  039.77992000
111  40.99638000  039.78028300
111  40.99635300  039.78036800
111  40.99632700  039.78045400
111  40.99621200  039.78081600
111  40.99617200  039.78094500
111  40.99617100  039.78094800 53 102
111  40.99616800  039.78094400
111  40.99605800  039.78131000
111  40.99604300  039.78135700
111  40.99602800  039.78140400
111  40.99591300  039.78176600
111  40.99589500  039.78182500
111  40.99587600  039.78188500
111  40.99576200  039.78224800
111  40.99574400  039.78230800
111  40.99572500  039.78236700
111  40.99561000  039.78273000
111  40.99559300  039.78278500
111  40.99557600  039.78283900
111  40.99546100  039.78320200
111  40.99544400  039.78325400
111  40.99542800  039.78330600
111  40.99531500  039.78366900
111  40.99530300  039.78370700
111  40.99529100  039.78374500
111  40.99528600  039.78376300
111  40.99528000  039.78378100
111  40.99516500  039.78414300
111  40.99514600  039.78420400
111  40.99512700  039.78426400
111  40.99501300  039.78462700
111  40.99499600  039.78468200
111  40.99497900  039.78473600
111  40.99486500  039.78509800
111  40.99484700  039.78515600
111  40.99482900  039.78521400
111  40.99471400  039.78557600
111  40.99468700  039.78566200
111  40.99466100  039.78574700
111  40.99454600  039.78611000
111  40.99450100  039.78625500
111  40.99445500  039.78640000
111  40.99434000  039.78676300
111  40.99430600  039.78687300
111  40.99427200  039.78698300
111  40.99418700  039.78725100
111  40.99418100  039.78727000
111  40.99417500  039.78728900
111  40.99409000  039.78755600
111  40.99408400  039.78757700
111  40.99407700  039.78759900
111  40.99399200  039.78786700
111  40.99398600  039.78788600
111  40.99398000  039.78790600
113  40.99389600  039.78817400
110 2 0.25 112.2900 Apron
111  40.99092600  039.80251600
111  40.99072500  039.80284700
111  40.99064100  039.80295300
111  40.99056000  039.80302900
111  40.99046500  039.80308800
111  40.99024500  039.80318500
111  40.99001900  039.80391600
113  40.99041400  039.80411700
110 2 0.25 112.2900 Apron
111  40.99360900  039.78867200
111  40.99362100  039.78871000
111  40.99363100  039.78875600
111  40.99363700  039.78880000
111  40.99364300  039.78884400
111  40.99364300  039.78888800
111  40.99364000  039.78894300
111  40.99362600  039.78908700
111  40.99680500  039.77906300
111  40.99674600  039.77912600
111  40.99671900  039.77918900
111  40.99669900  039.77922500
111  40.99667700  039.77925200
111  40.99665500  039.77928000
111  40.99663100  039.77930200
111  40.99659700  039.77933000
111  40.99656700  039.77934700
111  40.99653900  039.77936000
111  40.99650700  039.77937200
111  40.99647000  039.77937900
111  40.99643600  039.77938100
111  40.99639600  039.77938100
111  40.99635900  039.77937400
111  40.99629700  039.77934900
111  40.99563700  039.77899200
111  40.99425700  039.78344100
111  40.99388200  039.78325400
111  40.99350900  039.78511800
111  40.99359800  039.78535000
111  40.99320900  039.78668600
111  40.99338500  039.78678100
111  40.99315500  039.78749900
111  40.99310100  039.78747800
111  40.99282400  039.78834400
111  40.99317900  039.78855000
111  40.99325500  039.78836500
111  40.99345100  039.78846800
111  40.99347700  039.78848700
111  40.99350300  039.78850700
111  40.99352400  039.78853100
111  40.99354500  039.78855500
111  40.99356200  039.78858300
111  40.99357900  039.78861100
113  40.99359500  039.78864100
110 1 0.25 112.2900 Apron
111  40.99715000  039.77754700
111  40.99694400  039.77743500
111  40.99630200  039.77908500
111  40.99623400  039.77927700
111  40.99631000  039.77931800
111  40.99636800  039.77937800
111  40.99646500  039.77938300
113  40.99647700  039.77925100
110 2 0.25 112.2900 Apron
111  40.99928000  039.77542000
111  40.99895200  039.77514300
111  40.99891900  039.77518700
111  40.99893500  039.77521900
111  40.99896400  039.77524100
111  40.99899000  039.77527000
111  40.99901600  039.77530400
111  40.99903600  039.77533700
111  40.99905600  039.77537300
111  40.99907500  039.77541300
111  40.99908900  039.77545100
111  40.99910400  039.77549200
111  40.99911200  039.77552700
111  40.99912100  039.77556700
111  40.99912600  039.77561300
111  40.99913100  039.77566200
111  40.99912900  039.77570500
111  40.99913100  039.77575300
111  40.99912600  039.77579800
111  40.99912000  039.77583500
111  40.99910500  039.77590400
113  40.99912900  039.77591500
110 2 0.25 112.2900 Apron
111  40.99549600  039.78587900
111  40.99549000  039.78602400
111  40.99549200  039.78618300
111  40.99549100  039.78628800
111  40.99549000  039.78639200
111  40.99548700  039.78649600
111  40.99548200  039.78662200
111  40.99547700  039.78674700
111  40.99547100  039.78686900
111  40.99546100  039.78700100
111  40.99544700  039.78715500
111  40.99543500  039.78728400
111  40.99541900  039.78741700
111  40.99540300  039.78755700
111  40.99538000  039.78773300
111  40.99536000  039.78786300
111  40.99533800  039.78799400
111  40.99527800  039.78835100
111  40.99611900  039.78577900
111  40.99599200  039.78595500
111  40.99596300  039.78600100
111  40.99593800  039.78602800
111  40.99591100  039.78604600
111  40.99588700  039.78605400
111  40.99586500  039.78605400
111  40.99584200  039.78604600
111  40.99582100  039.78603000
111  40.99580900  039.78601200
111  40.99579600  039.78598800
111  40.99578000  039.78596100
111  40.99577100  039.78593400
113  40.99574600  039.78587600
110 2 0.25 112.2900 Apron
111  40.99417900  039.79193900
111  40.99411500  039.79200300
111  40.99408700  039.79203900
111  40.99406400  039.79206400
111  40.99403200  039.79208400
111  40.99400300  039.79210100
111  40.99397000  039.79211300
111  40.99393900  039.79211600
111  40.99390200  039.79211400
111  40.99386900  039.79210900
111  40.99383700  039.79209600
111  40.99381000  039.79207800
111  40.99378300  039.79205500
111  40.99376100  039.79203200
111  40.99374000  039.79200300
111  40.99370700  039.79194600
111  40.99367100  039.79195300
113  40.99395100  039.79274600
110 2 0.25 112.2900 Apron
111  40.99509700  039.78049400
111  40.99505400  039.78047300
111  40.99500400  039.78061100
111  40.99505500  039.78063800
111  40.99476000  039.78159200
111  40.99420600  039.78345700
111  40.99426700  039.78348600
113  40.99517800  039.78054200
110 2 0.25 112.2900 Apron
111  40.99445900  039.78261600
111  40.99436400  039.78256900
111  40.99431800  039.78273700
113  40.99441400  039.78278700
110 1 0.25 112.2900 Apron
111  40.99426400  039.78126600
111  40.99387500  039.78262700
111  40.99436400  039.78290500
111  40.99439600  039.78279400
111  40.99430600  039.78274300
111  40.99436100  039.78256400
111  40.99445800  039.78261200
113  40.99477500  039.78153900
110 2 0.25 112.2900 Apron
111  40.99547300  039.77957900
111  40.99538600  039.77953600
111  40.99531300  039.77979800
113  40.99538900  039.77984400
110 2 0.25 112.2900 Apron
111  40.99366700  039.79308400
111  40.99366500  039.79312900
111  40.99366500  039.79316500
111  40.99366300  039.79320300
111  40.99365800  039.79324600
111  40.99365300  039.79330900
111  40.99364700  039.79338600
111  40.99364000  039.79346400
111  40.99363300  039.79353500
111  40.99362000  039.79365400
111  40.99362000  039.79372600
111  40.99385600  039.79313900
111  40.99379900  039.79276700
111  40.99362200  039.79256300
111  40.99363800  039.79266500
111  40.99364700  039.79273000
111  40.99365300  039.79279000
111  40.99365700  039.79283700
111  40.99366300  039.79288500
111  40.99366500  039.79293300
111  40.99366600  039.79298200
113  40.99366500  039.79303000
130 Airport Boundary 1
111  40.99969296  039.77101655
111  40.99831295  039.77398312
111  40.99711520  039.77619091
111  40.99471971  039.77846739
111  40.99328762  039.78305485
111  40.99250648  039.78919425
111  40.99300121  039.79347113
111  40.98880910  039.80681915
111  40.99091817  039.80847472
113  41.00154165  039.77194703
120 Centreline for Path
111  40.99572246  039.77973671 51 101
112  40.99630048  039.78002707  40.99648349  039.78012636 51 101
116  40.99668933  039.77981334  40.99676556  039.77957157
120 Centreline for Path
111  40.99387287  039.78693177 51 101
116  40.99416379  039.78708262  40.99429993  039.78715287
120 Centreline for Path
111  40.99372808  039.78621388 51 101
116  40.99425999  039.78650769  40.99444333  039.78660590
120 Centreline for Path
111  40.99393330  039.78556286 51 101
116  40.99446514  039.78585791  40.99464971  039.78595197
120 Centreline for Path
111  40.99408639  039.78499920 51 101
116  40.99463430  039.78532067  40.99481743  039.78541956
120 Centreline for Path
111  40.99422970  039.78453201 51 101
116  40.99478452  039.78484424  40.99496817  039.78494141
120 Centreline for Path
111  40.99433907  039.78406998 51 101
116  40.99493313  039.78436999  40.99511571  039.78447066
120 Centreline for Path
111  40.99449720  039.78356015 51 101
116  40.99508527  039.78388776  40.99526842  039.78398659
120 Centreline for Path
111  40.99464417  039.78308809 51 101
116  40.99523399  039.78341368  40.99541733  039.78351189
120 Centreline for Path
111  40.99479403  039.78262336 51 101
116  40.99538091  039.78294693  40.99556430  039.78304498
120 Centreline for Path
111  40.99493859  039.78215614 51 101
116  40.99553113  039.78247302  40.99571371  039.78257367
120 Centreline for Path
111  40.99508859  039.78167438 51 101
116  40.99568176  039.78199344  40.99586525  039.78209115
120 Centreline for Path
111  40.99523025  039.78120449 51 101
116  40.99583241  039.78151399  40.99601680  039.78160866
120 Centreline for Path
111  40.99540262  039.78070570 51 101
112  40.99598114  039.78104875  40.99616171  039.78115558 51 101
116  40.99626100  039.78117700  40.99626700  039.78115567
120 Centreline for Path
111  40.99555729  039.78024871 51 101
112  40.99613234  039.78056054  40.99631545  039.78065951 51 101
116  40.99633850  039.78092700  40.99629283  039.78107233
120 Centreline for Path
111  40.99377493  039.78724399 51 101
116  40.99406688  039.78738831  40.99420296  039.78745877
120 Centreline for Path
111  40.99367890  039.78756043 51 101
116  40.99396935  039.78769746  40.99410445  039.78777115
120 Centreline for Path
111  40.99357487  039.78785498 51 101
116  40.99387205  039.78800574  40.99400802  039.78807658
120 Centreline for Path
111  40.99355179  039.78818357 51 101
116  40.99377849  039.78830426  40.99391416  039.78837609
120 Centreline for Taxi D
112  40.99560420  039.78800517  40.99570540  039.78767306 51 101
112  40.99572540  039.78714626  40.99570499  039.78690577 51 101
112  40.99561760  039.78587574  40.99559720  039.78563525 51 101
112  40.99555296  039.78515480  40.99553026  039.78491467 51 101
112  40.99552804  039.78489120  40.99550535  039.78465107 51 101
112  40.99546100  039.78417550  40.99543900  039.78393850 51 101
116  40.99539400  039.78392800  40.99537133  039.78400000
120 Centreline for Taxi B
112  40.99674727  039.78432560  40.99685042  039.78399453 51
112  40.99690629  039.78346603  40.99690916  039.78322405 51
112  40.99691671  039.78258597  40.99691957  039.78234399 51
112  40.99692150  039.78190950  40.99692183  039.78170050 51
112  40.99704250  039.78148200  40.99712283  039.78140600 51
112  40.99738471  039.78115473  40.99753252  039.78101254 51
116  40.99762429  039.78092427  40.99777210  039.78078209
120 Centreline for Taxi A
112  40.99932288  039.77594895  40.99942563  039.77561765 51 101
112  40.99929500  039.77527000  40.99917367  039.77514867 51 101
112  40.99896050  039.77502050  40.99885883  039.77497550 51 101
112  40.99872350  039.77492600  40.99866717  039.77490800 51 101
112  40.99853850  039.77492650  40.99847150  039.77494483 51 101
112  40.99833700  039.77503650  40.99826967  039.77509150 51 101
112  40.99816450  039.77523700  40.99811683  039.77531567 51 101
116  40.99797883  039.77571775  40.99790271  039.77595959
120 Centreline for Taxi B
112  40.99692150  039.78190950  40.99692183  039.78170050 51
112  40.99673350  039.78146900  40.99660783  039.78138433 51
112  40.99640750  039.78124350  40.99631583  039.78117783 51
116  40.99626100  039.78117700  40.99625500  039.78119833
120 Centreline for Taxi E
112  40.99683867  039.77933966  40.99691489  039.77909789 51 101
112  40.99706717  039.77861425  40.99714329  039.77837241 51 101
116  40.99797883  039.77571775  40.99805494  039.77547592
120 Centreline for Taxi E
112  40.99683867  039.77933966  40.99676244  039.77958143 51
112  40.99668933  039.77981334  40.99661311  039.78005511 51
112  40.99649100  039.78044250  40.99643500  039.78062017 51
112  40.99633850  039.78092700  40.99629283  039.78107233 51
116  40.99626100  039.78117700  40.99625500  039.78119833
120 Centreline for Taxi E
112  40.99626100  039.78117700  40.99625500  039.78119833 51 101
112  40.99618050  039.78143250  40.99613283  039.78158150 51 101
112  40.99603300  039.78189800  40.99598233  039.78205933 51 101
112  40.99588100  039.78238200  40.99583033  039.78254333 51 101
112  40.99573050  039.78285900  40.99568083  039.78301567 51 101
112  40.99558250  039.78332750  40.99553350  039.78348317 51 101
112  40.99546850  039.78369050  40.99544150  039.78377683 51 101
112  40.99539400  039.78392800  40.99537133  039.78400000 51 101
112  40.99528350  039.78427850  40.99523250  039.78444017 51 101
112  40.99513350  039.78475550  40.99508450  039.78491183 51 101
112  40.99498450  039.78522950  40.99493417  039.78538917 51 101
112  40.99482550  039.78573400  40.99476983  039.78591067 51 101
112  40.99463850  039.78632700  40.99456950  039.78654567 51 101
112  40.99445150  039.78692150  40.99439583  039.78709917 51 101
112  40.99431950  039.78734100  40.99428717  039.78744300 51 101
112  40.99422150  039.78765100  40.99418850  039.78775567 51 101
112  40.99412400  039.78796000  40.99409200  039.78806133 51 101
112  40.99402900  039.78826200  40.99399767  039.78836200 51 101
112  40.99391300  039.78863050  40.99386700  039.78877617 51 101
112  40.99372978  039.78921170  40.99365363  039.78945351 51 101
112  40.99346222  039.79006130  40.99338607  039.79030310 51 101
112  40.99334050  039.79057800  40.99333550  039.79068067 51 101
112  40.99334000  039.79092700  40.99334467  039.79105700 51 101
112  40.99336600  039.79123400  40.99337867  039.79130867 51 101
112  40.99346000  039.79162700  40.99351000  039.79181433 51 101
112  40.99366007  039.79226437  40.99374346  039.79250195 51 101
112  40.99378118  039.79261052  40.99386456  039.79284810 51 101
116  40.99419532  039.79251180  40.99434756  039.79203549
120 Centreline for Taxi B
112  40.99800012  039.78021405  40.99789737  039.78054535 51
116  40.99762429  039.78092427  40.99747648  039.78106646
120 Centreline for Taxi B
112  40.99704250  039.78148200  40.99696217  039.78155800 51
116  40.99673350  039.78146900  40.99660783  039.78138433
120 Centreline for Taxi join
112  40.99445150  039.78692150  40.99450717  039.78674383 51 101
116  40.99425999  039.78650769  40.99407665  039.78640949
120 Centreline for Taxi join
112  40.99425999  039.78650769  40.99444333  039.78660590 51 101
116  40.99463850  039.78632700  40.99470750  039.78610833
120 Centreline for Taxi join
112  40.99463850  039.78632700  40.99470750  039.78610833 51 101
116  40.99446514  039.78585791  40.99428056  039.78576385
120 Centreline for Taxi join
112  40.99446514  039.78585791  40.99464971  039.78595197 51 101
116  40.99482550  039.78573400  40.99488117  039.78555733
120 Centreline for Taxi join
112  40.99482550  039.78573400  40.99488117  039.78555733 51 101
116  40.99463430  039.78532067  40.99445117  039.78522179
120 Centreline for Taxi join
112  40.99463430  039.78532067  40.99481743  039.78541956 51 101
116  40.99498450  039.78522950  40.99503483  039.78506983
120 Centreline for Taxi join
112  40.99498450  039.78522950  40.99503483  039.78506983 51 101
116  40.99478452  039.78484424  40.99460087  039.78474706
120 Centreline for Taxi join
112  40.99478452  039.78484424  40.99496817  039.78494141 51 101
116  40.99513350  039.78475550  40.99518250  039.78459917
120 Centreline for Taxi join
112  40.99513350  039.78475550  40.99518250  039.78459917 51 101
116  40.99493313  039.78436999  40.99475056  039.78426932
120 Centreline for Taxi join
112  40.99493313  039.78436999  40.99511571  039.78447066 51 101
116  40.99528350  039.78427850  40.99533450  039.78411683
120 Centreline for Taxi join
112  40.99528350  039.78427850  40.99533450  039.78411683 51 101
116  40.99508527  039.78388776  40.99490212  039.78378894
120 Centreline for Taxi join
112  40.99539400  039.78392800  40.99537133  039.78400000 51 101
116  40.99508527  039.78388776  40.99490212  039.78378894
120 Centreline for Taxi join
112  40.99546850  039.78369050  40.99549550  039.78360417 51 101
116  40.99523399  039.78341368  40.99505066  039.78331546
120 Centreline for Taxi join
112  40.99523399  039.78341368  40.99541733  039.78351189 51 101
116  40.99558250  039.78332750  40.99563150  039.78317183
120 Centreline for Taxi join
112  40.99558250  039.78332750  40.99563150  039.78317183 51 101
116  40.99538091  039.78294693  40.99519752  039.78284889
120 Centreline for Taxi join
112  40.99538091  039.78294693  40.99556430  039.78304498 51 101
116  40.99573050  039.78285900  40.99578017  039.78270233
120 Centreline for Taxi join
112  40.99573050  039.78285900  40.99578017  039.78270233 51 101
116  40.99553113  039.78247302  40.99534854  039.78237236
120 Centreline for Taxi join
112  40.99553113  039.78247302  40.99571371  039.78257367 51 101
116  40.99588100  039.78238200  40.99593167  039.78222067
120 Centreline for Taxi join
112  40.99588100  039.78238200  40.99593167  039.78222067 51 101
116  40.99568176  039.78199344  40.99549827  039.78189573
120 Centreline for Taxi join
112  40.99568176  039.78199344  40.99586525  039.78209115 51 101
116  40.99603300  039.78189800  40.99608367  039.78173667
120 Centreline for Taxi join
112  40.99603300  039.78189800  40.99608367  039.78173667 51 101
116  40.99583241  039.78151399  40.99564801  039.78141931
120 Centreline for Taxi join
112  40.99583241  039.78151399  40.99601680  039.78160866 51 101
116  40.99618050  039.78143250  40.99622817  039.78128350
120 Centreline for Taxi join
112  40.99618050  039.78143250  40.99622817  039.78128350 51 101
116  40.99598114  039.78104875  40.99580057  039.78094192
120 Centreline for Taxi join
112  40.99630048  039.78002707  40.99648349  039.78012636 51
116  40.99649100  039.78044250  40.99643500  039.78062017
120 Centreline for Taxi join
112  40.99416379  039.78708262  40.99429993  039.78715287 51 101
116  40.99445150  039.78692150  40.99450717  039.78674383
120 Centreline for Taxi join
112  40.99416379  039.78708262  40.99429993  039.78715287 51 101
116  40.99431950  039.78734100  40.99428717  039.78744300
120 Centreline for Taxi join
112  40.99649100  039.78044250  40.99643500  039.78062017 51
116  40.99613234  039.78056054  40.99594924  039.78046156
120 Centreline for Taxi join
112  40.99546100  039.78417550  40.99543900  039.78393850 51 101
116  40.99546850  039.78369050  40.99549550  039.78360417
120 Centreline for Taxi join
112  40.99640750  039.78124350  40.99631583  039.78117783 51
116  40.99633850  039.78092700  40.99638417  039.78078167
120 Centreline for Taxi join
112  40.99431950  039.78734100  40.99428717  039.78744300 51 101
116  40.99406688  039.78738831  40.99393081  039.78731785
120 Centreline for Taxi join
112  40.99406688  039.78738831  40.99420296  039.78745877 51 101
116  40.99422150  039.78765100  40.99418850  039.78775567
120 Centreline for Taxi join
112  40.99422150  039.78765100  40.99418850  039.78775567 51 101
116  40.99396935  039.78769746  40.99383425  039.78762377
120 Centreline for Taxi join
112  40.99396935  039.78769746  40.99410445  039.78777115 51 101
116  40.99412400  039.78796000  40.99409200  039.78806133
120 Centreline for Taxi join
112  40.99412400  039.78796000  40.99409200  039.78806133 51 101
116  40.99387205  039.78800574  40.99373609  039.78793489
120 Centreline for Taxi join
112  40.99387205  039.78800574  40.99400802  039.78807658 51 101
116  40.99402900  039.78826200  40.99399767  039.78836200
120 Centreline for Taxi join
112  40.99391300  039.78863050  40.99395900  039.78848483 51 101
116  40.99377849  039.78830426  40.99364282  039.78823244
120 Centreline for Taxi join
112  40.99402900  039.78826200  40.99399767  039.78836200 51 101
116  40.99377849  039.78830426  40.99364282  039.78823244
120 Taxi A hold short
111  40.99884175  039.77476787 54
115  40.99877425  039.77513813
120 Taxi E hold short
111  40.99366555  039.79182771 54
115  40.99340445  039.79198829
120 Taxi D hold short
111  40.99571861  039.78549320 54
115  40.99545539  039.78553680
120 Taxi B hold short
111  40.99705364  039.78222337 54
115  40.99678836  039.78222263
120 Taxi B hold short
111  40.99708592  039.78122522 54
115  40.99724008  039.78151078
120 1
111  40.99375697  039.78611632 51
115  40.99370133  039.78629838
120 2
111  40.99395817  039.78546978 51
115  40.99390487  039.78565306
120 3
111  40.99411627  039.78490252 51
115  40.99406023  039.78508438
120 4
111  40.99425632  039.78444670 51
115  40.99420126  039.78462908
120 5
111  40.99436960  039.78397455 51
115  40.99431256  039.78415585
120 6
111  40.99452581  039.78346626 51
115  40.99446981  039.78364814
120 7
111  40.99467323  039.78299595 51
115  40.99461757  039.78317801
120 8
111  40.99482016  039.78253441 51
115  40.99476460  039.78271653
120 9
111  40.99496711  039.78206260 51
115  40.99491007  039.78224392
120 10
111  40.99511864  039.78158087 51
115  40.99506328  039.78176309
120 11
111  40.99525628  039.78111155 51
115  40.99520264  039.78129467
120 12
111  40.99542860  039.78062069 51
115  40.99536806  039.78080001
120 13
111  40.99558377  039.78016194 51
115  40.99552769  039.78034378
120 14
111  40.99575216  039.77963340 51
115  40.99569590  039.77981514
120 GA Ramp  1
111  40.99389361  039.78686030 51
115  40.99385381  039.78699550
120 GA Ramp  2
111  40.99379587  039.78717121 51
115  40.99375595  039.78730633
120 GA Ramp  3
111  40.99369879  039.78749335 51
115  40.99365703  039.78762751
120 GA Ramp  4
111  40.99359567  039.78778644 51
115  40.99355552  039.78792146
120 Path
111  40.99357385  039.78810941 51
115  40.99353315  039.78824413
120 Apron edge
111  40.99568900  039.77902700 102
115  40.99633400  039.77937800
120 Linear Feature 2
112  40.99378312  039.79261832  40.99397879  039.79317546 1 101
116  40.99382922  039.79367772  40.99376031  039.79389985
21  40.99874228  039.77926708 2 112.2900 3.30 11 PAPI4
21  40.99794948  039.77883723 3 112.2900 3.30 11 PAPI4
21  40.99111183  039.80116658 2 292.2900 3.50 29 PAPI4
21  40.99183378  039.80155802 3 292.2900 3.50 29 PAPI4
20  40.99342300  039.79392400 292.0000 0 3 {@Y}{^l}E
20  40.99427400  039.79126800 112.0000 0 3 {@Y}E{^r}
20  40.99522800  039.78832100 292.0000 0 3 {@Y}{^lu}D
20  40.99609800  039.78546500 112.0000 0 3 {@Y}D{^rd}
20  40.99670000  039.78359500 292.0000 0 3 {@Y}{^lu}B
20  40.99732200  039.78160000 292.0000 0 3 {@Y}{^ld}B
20  40.99768500  039.78028800 112.0000 0 3 {@Y}B{^ru}
20  40.99904400  039.77593100 292.0000 0 3 {@Y}{^l}A
20  40.99934000  039.77494600 282.4500 0 3 {@Y}A{^r}
20  40.99913300  039.77483700 21.0000 0 3 {@L}A{@R}_11_-_29_
20  40.99670000  039.78053500 111.9900 0 3 {@Y}{^l}B{@L}A
20  40.99630100  039.78176400 293.0000 0 3 {@L}C{@Y}B{^r}
20  40.99573400  039.78364300 111.9900 0 3 {@Y}{^lu}D{@L}C
20  40.99375200  039.79176600 52.3200 0 3 {@L}E{@R}11-29
20  40.99530100  039.78532300 248.0000 0 3 {@Y}{^ld}E{@L}D{@Y}C{^ru}
20  40.99708100  039.78219100 75.0000 0 3 {@L}B{@R}11-29
20  40.99669600  039.78191000 255.0000 0 3 {@Y}{^lu}B{@L}B{@Y}B{^r}
20  40.99690600  039.78119600 31.0000 0 3 {@Y}{^lu}B{@L}B{@Y}B{^ru}
20  40.99656700  039.78095100 211.0000 0 3 {@Y}{^l}C{@L}B{@Y}A{^r}
20  40.99714200  039.78112100 337.0000 0 3 {@L}B{@R}11-29
20  40.99726200  039.78159000 157.0000 0 3 {@Y}{^l}B{@L}B{@Y}B{^ru}
20  40.99714600  039.78209100 292.0000 0 3 {@Y}{^lu}B
20  40.99722900  039.78175900 112.0000 0 3 {@Y}B{^rd}
20  40.99583300  039.78546200 68.0100 0 3 {@L}D{@R}11-29
20  40.99715100  039.78107000 157.0000 0 3 {@Y}{^l}B{@L}B{@Y}B{^ru}
14  40.99468300  039.78096300   6.56 0 Trabzon Tower
1300  40.99372808  039.78621388 201.00 gate jets|turboprops 1
1301 C none 
1300  40.99393330  039.78556286 201.00 gate jets|turboprops 2
1301 C none 
1300  40.99408639  039.78499920 201.00 gate jets|turboprops 3
1301 C none 
1300  40.99422970  039.78453201 201.00 gate jets|turboprops 4
1301 C none 
1300  40.99433907  039.78406998 201.00 gate jets|turboprops 5
1301 C none 
1300  40.99449720  039.78356015 201.00 gate jets|turboprops 6
1301 C none 
1300  40.99464417  039.78308809 201.00 gate jets|turboprops 7
1301 C none 
1300  40.99479403  039.78262336 201.00 gate jets|turboprops 8
1301 C none 
1300  40.99493859  039.78215614 201.00 gate jets|turboprops 9
1301 C none 
1300  40.99508859  039.78167438 201.00 gate jets|turboprops 10
1301 C none 
1300  40.99523025  039.78120449 201.00 gate jets|turboprops 11
1301 C none 
1300  40.99540262  039.78070570 201.00 gate jets|turboprops 12
1301 C none 
1300  40.99555729  039.78024871 201.00 gate jets|turboprops 13
1301 C none 
1300  40.99572246  039.77973671 201.00 gate jets|turboprops 14
1301 C none 
1300  40.99387287  039.78693177 201.00 misc turboprops|props GA Ramp  1
1301 C none 
1300  40.99377493  039.78724399 201.00 misc turboprops|props GA Ramp  2
1301 C none 
1300  40.99367890  039.78756043 201.00 misc turboprops|props GA Ramp  3
1301 C none 
1300  40.99357487  039.78785498 201.00 misc turboprops|props GA Ramp  4
1301 C none 
19  40.99619400  039.78291400 1 Windsock
1053 121900 GND
1054 119325 TWR
1054 126850 TWR
1055 120100 APP
1055 119250 APP
1000 East Flow
1001 LTCG 022 201 999
1002 LTCG 0
1003 LTCG 0.0
1101 11 left
1110 11 120100 arrivals|departures heavy|jets|turboprops|props 000359 000359 Arr,Dep Rwy 11
1000 West Flow
1002 LTCG 0
1003 LTCG 0.0
1101 29 right
1110 29 120100 arrivals|departures heavy|jets|turboprops|props 000359 000359 Arr,Dep Rwy 29
1200 
1201  40.99020180  039.80374631 both 0 29_stop
1201  40.99032446  039.80334704 both 1 29_stop
1201  40.99061182  039.80327276 both 2 29_stop
1201  40.99065003  039.80394608 both 3 
1201  40.99103935  039.80272493 both 4 unnamed entity(split)
1201  40.99398234  039.79318507 both 5 
1201  40.99574468  039.78749325 both 6 
1201  40.99689124  039.78379790 both 7 
1201  40.99784600  039.78071100 both 8 
1201  40.99950945  039.77535527 both 9 
1201  40.99859709  039.77489388 both 10 11/29 hold short
1201  40.99843800  039.77495400 both 11 
1201  40.99809300  039.77535500 both 12 
1201  40.99384400  039.78884900 both 13 
1201  40.99695300  039.77897700 both 14 
1201  40.99334700  039.79112200 both 15 
1201  40.99338500  039.79134600 both 16 
1201  40.99353500  039.79190800 both 17 11/29 hold short
1201  40.99556722  039.78533528 both 18 11/29 hold short
1201  40.99692100  039.78181099 both 19 11/29 hold short
1201  40.99692200  039.78159600 both 20 
1201  40.99700434  039.78151655 both 21 11/29 hold short
1201  40.99453500  039.78665500 both 22 
1201  40.99474200  039.78599900 both 23 
1201  40.99490900  039.78546900 both 24 
1201  40.99506000  039.78499000 both 25 
1201  40.99520700  039.78452100 both 26 
1201  40.99536000  039.78403600 both 27 
1201  40.99550900  039.78356100 both 28 
1201  40.99565600  039.78309400 both 29 
1201  40.99580500  039.78262400 both 30 
1201  40.99595700  039.78214000 both 31 
1201  40.99610900  039.78165600 both 32 
1201  40.99625200  039.78120900 both 33 
1201  40.99882908  039.77495902 both 34 
1201  40.99852138  039.77492587 both 35 
1201  40.99823600  039.77511900 both 36 
1201  40.99333300  039.79073200 both 37 
1201  40.99334800  039.79042400 both 38 
1201  40.99654500  039.78134200 both 39 
1201  40.99549400  039.78453100 both 40 
1201  40.99657957  039.78017394 both 41 
1201  40.99436800  039.78718800 both 42 
1201  40.99640700  039.78070900 both 43 
1201  40.99542800  039.78382000 both 44 
1201  40.99627000  039.78114500 both 45 
1201  40.99427100  039.78749400 both 46 
1201  40.99417200  039.78780800 both 47 
1201  40.99407600  039.78811200 both 48 
1201  40.99398200  039.78841200 both 49 
1201  40.99372808  039.78621388 both 50 1
1201  40.99393330  039.78556286 both 51 2
1201  40.99408639  039.78499920 both 52 3
1201  40.99422970  039.78453201 both 53 4
1201  40.99433907  039.78406998 both 54 5
1201  40.99449720  039.78356015 both 55 6
1201  40.99464417  039.78308809 both 56 7
1201  40.99479403  039.78262336 both 57 8
1201  40.99493859  039.78215614 both 58 9
1201  40.99508859  039.78167438 both 59 10
1201  40.99523025  039.78120449 both 60 11
1201  40.99540262  039.78070570 both 61 12
1201  40.99555729  039.78024871 both 62 13
1201  40.99572246  039.77973671 both 63 14
1201  40.99405600  039.78702700 both 64 GA Ramp  1
1201  40.99396200  039.78733400 both 65 GA Ramp  2
1201  40.99367890  039.78756043 both 66 GA Ramp  3
1201  40.99357487  039.78785498 both 67 GA Ramp  4
1201  40.99367600  039.78825000 both 68 
1202 0 3 oneway taxiway_E 29
1204 departure 11,29
1204 arrival 11,29
1204 ils 11,29
1202 1 0 oneway taxiway_E 29
1204 departure 11,29
1204 arrival 11,29
1204 ils 11,29
1202 2 1 oneway taxiway_E 29
1204 departure 11,29
1204 arrival 11,29
1204 ils 11,29
1202 4 2 oneway taxiway_E 29
1204 departure 11,29
1204 arrival 11,29
1204 ils 11,29
1202 3 4 twoway runway 11/29
1204 departure 11,29
1204 arrival 11,29
1204 ils 11,29
1202 4 5 twoway runway 11/29
1204 departure 11,29
1204 arrival 11,29
1204 ils 11,29
1202 5 6 twoway runway 11/29
1204 departure 11,29
1204 arrival 11,29
1204 ils 11,29
1202 6 7 twoway runway 11/29
1204 departure 11,29
1204 arrival 11,29
1204 ils 11,29
1202 7 8 twoway runway 11/29
1204 departure 11,29
1204 arrival 11,29
1204 ils 11,29
1202 8 9 twoway runway 11/29
1204 departure 11,29
1204 arrival 11,29
1204 ils 11,29
1202 15 16 twoway taxiway_E E
1202 16 17 twoway taxiway_E E
1202 6 18 twoway taxiway_E D
1204 departure 11,29
1204 arrival 11,29
1204 ils 11,29
1202 7 19 twoway taxiway_E B
1204 departure 11,29
1204 arrival 11,29
1202 19 20 twoway taxiway_E B
1204 ils 11,29
1202 8 21 twoway taxiway_E B
1204 departure 11,29
1204 arrival 11,29
1202 21 20 twoway taxiway_E B
1204 ils 11,29
1202 9 34 twoway taxiway_E A
1204 departure 11,29
1204 arrival 11,29
1202 34 10 twoway taxiway_E A
1204 ils 11,29
1202 10 35 twoway taxiway_E A
1202 35 11 twoway taxiway_E A
1202 11 36 twoway taxiway_E A
1202 36 12 twoway taxiway_E A
1202 15 37 twoway taxiway_E E
1202 37 38 twoway taxiway_E E
1202 20 39 twoway taxiway_E B
1202 18 40 twoway taxiway_E D
1202 38 13 twoway taxiway_E E
1202 14 12 twoway taxiway_E E
1202 41 14 twoway taxiway_E E
1202 40 44 twoway taxiway_E D
1202 39 45 twoway taxiway_E B
1202 42 22 twoway taxiway_E E
1202 22 23 twoway taxiway_E E
1202 23 24 twoway taxiway_E E
1202 24 25 twoway taxiway_E E
1202 25 26 twoway taxiway_E E
1202 26 27 twoway taxiway_E E
1202 27 44 twoway taxiway_E E
1202 44 28 twoway taxiway_E E
1202 28 29 twoway taxiway_E E
1202 29 30 twoway taxiway_E E
1202 30 31 twoway taxiway_E E
1202 31 32 twoway taxiway_E E
1202 32 33 twoway taxiway_E E
1202 33 45 twoway taxiway_E E
1202 45 43 twoway taxiway_E E
1202 43 41 twoway taxiway_E E
1202 46 42 twoway taxiway_E E
1202 47 46 twoway taxiway_E E
1202 48 47 twoway taxiway_E E
1202 13 49 twoway taxiway_E E
1202 49 48 twoway taxiway_E E
1202 17 5 twoway taxiway_E E
1204 departure 11,29
1204 arrival 11,29
1202 41 63 twoway taxiway_E 
1202 42 64 twoway taxiway_E 
1202 22 50 twoway taxiway_E 
1202 23 51 twoway taxiway_E 
1202 24 52 twoway taxiway_E 
1202 25 53 twoway taxiway_E 
1202 26 54 twoway taxiway_E 
1202 27 55 twoway taxiway_E 
1202 28 56 twoway taxiway_E 
1202 29 57 twoway taxiway_E 
1202 30 58 twoway taxiway_E 
1202 31 59 twoway taxiway_E 
1202 32 60 twoway taxiway_E 
1202 33 61 twoway taxiway_E 
1202 43 62 twoway taxiway_E 
1202 46 65 twoway taxiway_E 
1202 47 66 twoway taxiway_E 
1202 48 67 twoway taxiway_E 
1202 49 68 twoway taxiway_E 
99
