I
1000 Generated by WorldEditor 2.2.0r2

1     20 1 0 LTFE Milas Bodrum
1302 city Bodrum
1302 country Turkey
1302 datum_lat 37.247222222
1302 datum_lon 27.681388889
1302 faa_code 
1302 iata_code BJV
1302 icao_code LTFE
1302 region_code LT
1302 state Muğla Province
1302 transition_alt 10000
1302 transition_level 
100 45.00 2 2 0.25 1 3 1 10L  37.25495077  027.64916313    0   60 3 4 1 1 28R  37.24723232  027.68166921    0   55 3 4 1 1
100 45.00 2 1 0.25 1 3 1 10R  37.25333190  027.64854670    0   58 3 4 1 1 28L  37.24560914  027.68109017  500    0 3 4 1 1
110 1 0.00 85.0000 New Taxiway 12
111  37.24611180  027.66502441
111  37.24607897  027.66501072
111  37.24633638  027.66392189
111  37.24553946  027.66361454
111  37.24524057  027.66483741
113  37.24607585  027.66516511
110 2 0.00 65.0000 New Taxiway 2
111  37.24606496  027.66295265
111  37.24587362  027.66369972
111  37.24638226  027.66389932
113  37.24655505  027.66314299
110 1 0.00 65.0000 New Taxiway 24
111  37.24498492  027.66158929
111  37.24296036  027.66974484
111  37.24311358  027.66979024
111  37.24367356  027.66747800
111  37.24371245  027.66731898
111  37.24413579  027.66551973
111  37.24416419  027.66542630
111  37.24491853  027.66254434
111  37.24503002  027.66255070
111  37.24495917  027.66242235
113  37.24517898  027.66158834
110 2 0.00 175.0000 ServiceRoad
111  37.24923219  027.66460584
111  37.24666897  027.66376302
112  37.24654323  027.66357707  37.24657561  027.66344567
111  37.24765694  027.65893419
112  37.24779781  027.65887597  37.24790935  027.65892126
111  37.24843668  027.65911252
111  37.24846645  027.65901485
111  37.24843711  027.65898818
111  37.24847512  027.65884345
111  37.24822867  027.65875721
111  37.24820322  027.65888916
111  37.24777594  027.65874837
112  37.24757757  027.65890971  37.24752051  027.65911932
111  37.24697920  027.66137228
111  37.24535923  027.66078560
111  37.24525674  027.66081239
111  37.24518493  027.66088697
111  37.24498492  027.66158929
111  37.24517898  027.66158834
111  37.24521925  027.66147434
111  37.24534377  027.66096558
111  37.24543727  027.66093835
111  37.24697526  027.66148946
111  37.24683176  027.66207165
111  37.24521925  027.66147434
111  37.24517898  027.66158834
111  37.24680510  027.66218751
111  37.24658970  027.66304377
111  37.24495917  027.66242235
111  37.24503002  027.66255070
111  37.24606496  027.66295265
111  37.24655505  027.66314299
111  37.24610996  027.66502981
111  37.24607585  027.66516511
111  37.24587799  027.66600775
111  37.24584577  027.66611840
111  37.24574842  027.66655155
111  37.24571526  027.66669383
111  37.24552277  027.66747502
111  37.24547010  027.66768833
111  37.24538350  027.66803897
112  37.24534366  027.66820476  37.24531873  027.66830856
111  37.24534366  027.66820476
112  37.24534366  027.66820476  37.24531714  027.66831516
112  37.24523164  027.66866420  37.24518826  027.66884489
111  37.24523164  027.66866420
112  37.24523164  027.66866420  37.24523018  027.66867263
112  37.24519599  027.66882453  37.24517253  027.66892318
111  37.24519599  027.66882453
112  37.24519599  027.66882453  37.24509436  027.66925189
112  37.24482431  027.67037445  37.24481499  027.67041792
111  37.24482431  027.67037445
112  37.24482431  027.67037445  37.24480687  027.67045579
111  37.24465256  027.67047530
111  37.24477586  027.67068302
111  37.24482524  027.67064481
111  37.24485976  027.67109184
111  37.24490471  027.67091337
111  37.24489198  027.67053612
111  37.24535618  027.66858253
111  37.24543844  027.66870120
111  37.24548289  027.66849554
111  37.24539146  027.66839906
111  37.24643498  027.66400975
111  37.24645359  027.66423625
111  37.24650240  027.66402718
111  37.24648212  027.66385185
112  37.24671507  027.66388767  37.24679549  027.66391487
113  37.24920110  027.66473717
110 2 0.25 120.0000 MainApron
111  37.24881159  027.66484591 20 106
111  37.24650240  027.66402718
111  37.24645359  027.66423625 20 106
111  37.24548289  027.66849554
111  37.24543844  027.66870120 20 106
111  37.24490471  027.67091337
111  37.24485976  027.67109184 20 106
111  37.24477741  027.67143211 20 106
111  37.24516390  027.67158390 20 106
111  37.24498867  027.67224439 20 106
111  37.24450469  027.67205982
111  37.24266694  027.67980751
111  37.24275143  027.67998010 20 106
111  37.24483068  027.68080848
111  37.24513538  027.68004518 20 106
111  37.24583098  027.67713410
111  37.24609187  027.67602605 20 106
111  37.24738872  027.67065124
111  37.24732268  027.67063002
111  37.24781929  027.66857011
113  37.24790338  027.66860537 20 106
110 2 0.25 175.0000 TW_M3
111  37.25477319  027.65421070 1 102
112  37.25445039  027.65360151  37.25429905  027.65332503 1 102
111  37.25427162  027.65289329
111  37.25404973  027.65380771 1 102
112  37.25444805  027.65391804  37.25459067  027.65419460 1 102
113  37.25465066  027.65432134
110 2 0.25 175.0000 Apron_M3
111  37.25465066  027.65432134 20 106
112  37.25452832  027.65487729  37.25441345  027.65496665 20 106
111  37.25437167  027.65499624 20 106
112  37.25490008  027.65604494  37.25493446  027.65611628 20 106
112  37.25528144  027.65650419  37.25550162  027.65702815
111  37.25528144  027.65650419
112  37.25528144  027.65650419  37.25528077  027.65651199 20 106
111  37.25541421  027.65637745 20 106
111  37.25549358  027.65650198
114  37.25539785  027.65581889  37.25522172  027.65546291
110 1 0.25 175.0000 TW_M
111  37.25477319  027.65421070
111  37.25465066  027.65432134
112  37.25539785  027.65581889  37.25557399  027.65617487
111  37.25549358  027.65650198 1
112  37.25115422  027.67488515  37.25107596  027.67520213 1
111  37.25085660  027.67511499
111  37.25084956  027.67514802
111  37.25143552  027.67536723
111  37.25143923  027.67533960 1
112  37.25129427  027.67494531  37.25137328  027.67462279 1
112  37.25563161  027.65656193  37.25572733  027.65612898 1
113  37.25554898  027.65573825 1
110 2 0.20 65.0000 New Taxiway 4
111  37.25208765  027.68094540 1 102
112  37.25219938  027.68111083  37.25230428  027.68116224 1 102
111  37.25241490  027.68106384
111  37.25245997  027.68086798 1 102
112  37.25232905  027.68068852  37.25222419  027.68063440 1 102
111  37.25213637  027.68072978 1 102
111  37.25143401  027.68044669
113  37.25137773  027.68066262 1 102
110 2 0.20 65.0000 New Taxiway 4
111  37.25110102  027.68172051 1 102
112  37.25114625  027.68192989  37.25122384  027.68203240 1 102
111  37.25135726  027.68200233
111  37.25146427  027.68184906 1 102
112  37.25140640  027.68161674  37.25132976  027.68151179 1 102
111  37.25121802  027.68155130 1 102
111  37.25113043  027.68146069
113  37.25101348  027.68162156 1 102
110 2 0.20 65.0000 New Taxiway 5
111  37.24904292  027.67490575 1 102
112  37.24938270  027.67481190  37.24959440  027.67487937
111  37.24938270  027.67481190
112  37.24938270  027.67481190  37.24949327  027.67484761 1 102
111  37.25135801  027.67555128 1 102
111  37.25125178  027.67600935 1 102
111  37.25131207  027.67603820 1 102
111  37.25128049  027.67617887 1 102
111  37.25140107  027.67619691 1 102
111  37.25142404  027.67607788 1 102
111  37.25150156  027.67608149 1 102
111  37.25161353  027.67569916 1 102
112  37.25195087  027.67603102  37.25214457  027.67633747
111  37.25195087  027.67603102
112  37.25195087  027.67603102  37.25226752  027.67655427 1 102
111  37.25211367  027.67711377 1 102
112  37.25116086  027.68096926  37.25107798  027.68128161 1 102
111  37.25094534  027.68144150 1 102
111  37.24875680  027.68452145 1 102
112  37.24851275  027.68457194  37.24835197  027.68452145 1 102
111  37.24778063  027.68431226 1 102
112  37.24755381  027.68390831  37.24756529  027.68359092 1 102
111  37.24769162  027.68104822
111  37.24748597  027.68192332 1 102
111  37.24739303  027.68398044 1 102
112  37.24774043  027.68451063  37.24805338  027.68462604 1 102
112  37.24837494  027.68474145  37.24853572  027.68480277 1 102
111  37.24865344  027.68479916 1 102
111  37.24927072  027.68471260 1 102
111  37.25018086  027.68341415 1 102
112  37.25005453  027.68326267  37.25004592  027.68324103 1 102
112  37.25004018  027.68302462  37.25010621  027.68293084 1 102
111  37.25012344  027.68289477 1 102
111  37.25058281  027.68294527 1 102
111  37.25055652  027.68321633 1 102
111  37.25110681  027.68329898
111  37.25119338  027.68252731 1 102
111  37.25063862  027.68243572 1 102
111  37.25061370  027.68262195 1 102
111  37.25046154  027.68261474 1 102
112  37.25044213  027.68240425  37.25053400  027.68227440 1 102
111  37.25101348  027.68162156
112  37.25113043  027.68146069  37.25122652  027.68132964 1 102
111  37.25127533  027.68109784 1 102
111  37.25137773  027.68066262
111  37.25143401  027.68044669 1 102
111  37.25160837  027.67970872
111  37.25166484  027.67949760 1 102
111  37.25180227  027.67893902
111  37.25185701  027.67872982 1 102
111  37.25205167  027.67791947
111  37.25211234  027.67770257 1 102
112  37.25227044  027.67700619  37.25230490  027.67680781 1 102
111  37.25228824  027.67656472
111  37.25225091  027.67634830 1 102
112  37.25207291  027.67592269  37.25197242  027.67574956 1 102
111  37.25183641  027.67562278
112  37.25169679  027.67550790  37.25160492  027.67543576 1 102
111  37.25143552  027.67536723
112  37.25084956  027.67514802  37.25050771  027.67502000
111  37.25084956  027.67514802
112  37.25084956  027.67514802  37.25030742  027.67494499 1 102
112  37.24944873  027.67462064  37.24935205  027.67457707
111  37.24944873  027.67462064
112  37.24944873  027.67462064  37.24920472  027.67452273 1 102
113  37.24919590  027.67426708
110 2 0.20 65.0000 New Taxiway 4
111  37.25236160  027.67802826 1 102
112  37.25254555  027.67816301  37.25266121  027.67814324 1 102
111  37.25271211  027.67795528
111  37.25284724  027.67782094
111  37.25264064  027.67760259
111  37.25258299  027.67774020 1 102
112  37.25247044  027.67773105  37.25242852  027.67775790 1 102
111  37.25240989  027.67781283 1 102
111  37.25211234  027.67770257
113  37.25205167  027.67791947 1 102
110 2 0.20 65.0000 New Taxiway 4
111  37.25236598  027.67654831 1 102
112  37.25259646  027.67653458  37.25266874  027.67644411 1 102
111  37.25267701  027.67624958
111  37.25272842  027.67612771
111  37.25247398  027.67601793
111  37.25244298  027.67614280 1 102
112  37.25235380  027.67622001  37.25232303  027.67626473 1 102
111  37.25232717  027.67633409 1 102
111  37.25225091  027.67634830
113  37.25228824  027.67656472 1 102
110 2 0.20 65.0000 New Taxiway 4
111  37.25189051  027.67552249 1 102
112  37.25204439  027.67542692  37.25209793  027.67533442 1 102
111  37.25203146  027.67518497
111  37.25215892  027.67507696
111  37.25191430  027.67487246
111  37.25185260  027.67507965 1 102
112  37.25175054  027.67518766  37.25170141  027.67526865 1 102
111  37.25174488  027.67541218 1 102
111  37.25169679  027.67550790
113  37.25183641  027.67562278 1 102
110 2 0.20 65.0000 New Taxiway 4
111  37.25174086  027.67976039 1 102
112  37.25185258  027.67992581  37.25195749  027.67997723 1 102
111  37.25206811  027.67987883
111  37.25211318  027.67968297 1 102
112  37.25197957  027.67946986  37.25187471  027.67941573 1 102
111  37.25178288  027.67952963 1 102
111  37.25166484  027.67949760
113  37.25160837  027.67970872 1 102
110 2 0.20 65.0000 New Taxiway 4
111  37.25265487  027.67925919 1 102
112  37.25275885  027.67941528  37.25282831  027.67946081 1 102
111  37.25292494  027.67941691
111  37.25298463  027.67955486
111  37.25316254  027.67929260
111  37.25300778  027.67919524 1 102
112  37.25289992  027.67901584  37.25279423  027.67896435 1 102
111  37.25271829  027.67905215 1 102
111  37.25185701  027.67872982
113  37.25180227  027.67893902 1 102
110 2 0.00 65.0000 New Taxiway 1
111  37.24587799  027.66600775
111  37.24498928  027.66570237
111  37.24568600  027.66279310
111  37.24561152  027.66276966
111  37.24491459  027.66567202
111  37.24416419  027.66542630
111  37.24413579  027.66551973
113  37.24584577  027.66611840
110 2 0.00 65.0000 New Taxiway 1
111  37.25228922  027.68575466
111  37.25130400  027.68535689
111  37.25118408  027.68577868
111  37.25072540  027.68560727
111  37.25074469  027.68552045
111  37.25030431  027.68535690
111  37.25027107  027.68549564
111  37.25001983  027.68541546
111  37.24990893  027.68593033
111  37.25027056  027.68605349
111  37.25014198  027.68655827
111  37.25021431  027.68658250
111  37.25028491  027.68629376
112  37.25035413  027.68626954  37.25040556  027.68628771
111  37.25045217  027.68630992
111  37.25043932  027.68635636
111  37.25062810  027.68643633
111  37.25064182  027.68638059
111  37.25067879  027.68639068
111  37.25059682  027.68672181
111  37.25067098  027.68676609
111  37.25078969  027.68629174
111  37.25093755  027.68637856
111  37.25105006  027.68593905
111  37.25114167  027.68597878
111  37.25103559  027.68642702
111  37.25132477  027.68654803
111  37.25121164  027.68697456
111  37.25128138  027.68699893
111  37.25137310  027.68664307
111  37.25153865  027.68670162
111  37.25144939  027.68705670
111  37.25150811  027.68707516
111  37.25171234  027.68626491
111  37.25204171  027.68639471
111  37.25219278  027.68583137
113  37.25227314  027.68586166
110 2 0.00 65.0000 New Taxiway 5
111  37.25476507  027.64909484 1 102
111  37.25352819  027.64861678
111  37.25338168  027.64921993 1 102
112  37.25380421  027.64905559  37.25403707  027.64914430 1 102
112  37.25429020  027.64924220  37.25448169  027.64931937
111  37.25429020  027.64924220
112  37.25429020  027.64924220  37.25460734  027.64938178 1 102
113  37.25458303  027.64984200
110 2 0.00 65.0000 New Taxiway 6
112  37.25239838  027.65662021  37.25228409  027.65600072 1 102
112  37.25215848  027.65531558  37.25207510  027.65486329 1 102
111  37.25210542  027.65462048
111  37.25170361  027.65629879 1 102
112  37.25214127  027.65649950  37.25221842  027.65701042 1 102
112  37.25230064  027.65766118  37.25232144  027.65787579 1 102
112  37.25231007  027.65875776  37.25229491  027.65910531 1 102
111  37.25218880  027.65993372
113  37.25291991  027.65685451 1 102
110 2 0.00 65.0000 New Taxiway 7
112  37.24878598  027.67358563  37.24865586  027.67390684 1 102
111  37.24843092  027.67431639 1 102
112  37.24761860  027.67543416  37.24731394  027.67581689 1 102
111  37.24717584  027.67532436
111  37.24682421  027.67684809 1 102
112  37.24711520  027.67641243  37.24732874  027.67616563 1 102
112  37.24793806  027.67543596  37.24828258  027.67503177 1 102
111  37.24845911  027.67568992
113  37.24925265  027.67232226 1 102
110 2 0.00 65.0000 New Taxiway 7
112  37.25084914  027.66530734  37.25078650  027.66545042 1 102
112  37.25044483  027.66609784  37.25030531  027.66634822 1 102
111  37.25004906  027.66669876 1 102
112  37.24955933  027.66732472  37.24925467  027.66770744 1 102
111  37.24910092  027.66724245
111  37.24873362  027.66880553 1 102
112  37.24901835  027.66836200  37.24923189  027.66811520 1 102
112  37.24984121  027.66738553  37.25018573  027.66698133 1 102
111  37.25036226  027.66763949
113  37.25107123  027.66464561 1 102
110 2 0.00 65.0000 New Taxiway 8
112  37.24668966  027.68111010  37.24630488  027.68097677 1 102
112  37.24620428  027.68092923  37.24600835  027.68085591 1 102
111  37.24594347  027.68056549
111  37.24582674  027.68105773 1 102
111  37.24706901  027.68152380
113  37.24727992  027.68062440 1 102
110 1 0.00 65.0000 Asphalt
112  37.24673204  027.68103237  37.24651199  027.68096639
112  37.24623876  027.68085681  37.24605938  027.68078170
111  37.24603476  027.68061356
111  37.24589995  027.68119606
111  37.24694245  027.68157145
113  37.24713351  027.68075488
110 1 0.00 65.0000 Asphalt
112  37.24854169  027.67391361  37.24826866  027.67447555
112  37.24754795  027.67538557  37.24738628  027.67559045
111  37.24728024  027.67534218
111  37.24694032  027.67678118
112  37.24717370  027.67646575  37.24732528  027.67627965
112  37.24797743  027.67551394  37.24821134  027.67524398
111  37.24834251  027.67568353
113  37.24907460  027.67258289
110 1 0.00 65.0000 Asphalt
112  37.25044021  027.66591578  37.25014836  027.66644225
112  37.24950060  027.66726655  37.24930834  027.66750986
111  37.24919994  027.66727045
111  37.24886237  027.66871536
112  37.24903457  027.66846497  37.24918616  027.66827886
112  37.24989242  027.66743925  37.25015223  027.66713678
111  37.25025815  027.66761762
113  37.25097077  027.66460871
110 1 0.00 65.0000 Asphalt
112  37.25250398  027.65671912  37.25245943  027.65646969
112  37.25225711  027.65541182  37.25217028  027.65494372
111  37.25216822  027.65476567
111  37.25179436  027.65632979
112  37.25206846  027.65646710  37.25210189  027.65670387
112  37.25223619  027.65769393  37.25229842  027.65819311
111  37.25215216  027.65967317
113  37.25282385  027.65681871
110 1 0.00 65.0000 Asphalt
111  37.25478090  027.64901974
111  37.25354726  027.64854272
111  37.25333585  027.64941888
112  37.25380849  027.64914702  37.25406475  027.64926148
111  37.25380849  027.64914702
112  37.25380849  027.64914702  37.25390530  027.64918994
112  37.25424982  027.64932587  37.25455733  027.64945465
111  37.25424982  027.64932587
112  37.25424982  027.64932587  37.25465698  027.64950115
113  37.25450038  027.65018437
110 1 0.00 65.0000 Asphalt
112  37.24518497  027.68041901  37.24508264  027.68026191
111  37.24513538  027.68004518
111  37.24483068  027.68080848
111  37.24532291  027.68098361
113  37.24544267  027.68048026
110 1 0.00 65.0000 Asphalt
112  37.24620513  027.67640868  37.24606520  027.67634039
111  37.24609187  027.67602329
111  37.24583098  027.67713410
112  37.24610576  027.67683958  37.24625638  027.67688738
111  37.24627222  027.67698222
113  37.24640666  027.67641833
110 1 0.00 65.0000 Asphalt
112  37.24805806  027.66865231  37.24791784  027.66882370
111  37.24790338  027.66860537
111  37.24781929  027.66857011
111  37.24732268  027.67063002
111  37.24738872  027.67065124
112  37.24774368  027.67029669  37.24784896  027.67019217
111  37.24781002  027.67052229
113  37.24834438  027.66828022
110 1 0.00 85.0000 Asphalt
111  37.24190251  027.67493241
111  37.24195201  027.67495537
111  37.24116294  027.67809165
111  37.24112808  027.67807695
111  37.24104371  027.67842513
111  37.24108981  027.67844267
111  37.24105205  027.67860717
112  37.24119809  027.67898758  37.24137345  027.67907213
111  37.24168821  027.67917261
112  37.24197742  027.67887604  37.24206611  027.67848521
111  37.24279400  027.67533251
112  37.24265819  027.67492571  37.24245709  027.67484041
113  37.24197351  027.67464043
111  37.24209205  027.67498827
112  37.24246244  027.67513441  37.24262864  027.67520599
111  37.24258590  027.67535809
112  37.24180002  027.67867747  37.24174066  027.67894887
111  37.24157921  027.67888027
112  37.24132279  027.67877291  37.24119695  027.67871624
113  37.24122307  027.67856414
110 1 0.00 65.0000 Asphalt
111  37.24323444  027.67378253
112  37.24348465  027.67270559  37.24351289  027.67258544
112  37.24343417  027.67253322  37.24342001  027.67252815
112  37.24334005  027.67256587  37.24332418  027.67261602
111  37.24334005  027.67256587
112  37.24334005  027.67256587  37.24333356  027.67259249
111  37.24325108  027.67292924
112  37.24333160  027.67296557  37.24336171  027.67293823
111  37.24333160  027.67296557
112  37.24333160  027.67296557  37.24333193  027.67296560
112  37.24315730  027.67371558  37.24315063  027.67373511
112  37.24294826  027.67403703  37.24283277  027.67412352
111  37.24264586  027.67418987
111  37.24277117  027.67424582
114  37.24308108  027.67402674  37.24318431  027.67390691
110 1 0.00 65.0000 Asphalt
112  37.24438718  027.67062592  37.24436952  027.67070531
111  37.24438718  027.67062592
112  37.24438718  027.67062592  37.24465417  027.67072295
111  37.24462140  027.67104978
112  37.24447337  027.67163964  37.24443048  027.67180237
111  37.24454779  027.67184974
112  37.24469754  027.67175223  37.24473291  027.67161696
112  37.24485976  027.67109184  37.24487502  027.67102553
111  37.24477586  027.67068302
111  37.24465256  027.67047530
113  37.24444335  027.67038826
111  37.24458026  027.67054768
112  37.24469843  027.67071090  37.24475244  027.67083101
111  37.24469843  027.67071090
112  37.24469843  027.67071090  37.24474221  027.67080077
112  37.24476034  027.67109460  37.24473305  027.67124857
111  37.24476034  027.67109460
112  37.24476034  027.67109460  37.24470222  027.67142247
111  37.24463383  027.67169021
112  37.24457456  027.67173746  37.24453923  027.67171741
111  37.24456772  027.67162578
112  37.24470677  027.67108601  37.24472843  027.67099868
111  37.24470677  027.67108601
112  37.24470677  027.67108601  37.24472153  027.67099243
112  37.24463626  027.67071376  37.24457209  027.67058311
111  37.24463626  027.67071376
112  37.24463626  027.67071376  37.24459839  027.67063667
112  37.24452316  027.67058290  37.24449651  027.67057546
111  37.24452316  027.67058290
112  37.24452316  027.67058290  37.24451176  027.67057860
111  37.24442183  027.67053336
113  37.24443095  027.67049327
110 1 0.00 65.0000 Asphalt
111  37.24378126  027.67407952
111  37.24429565  027.67207425
112  37.24396159  027.67146153  37.24356546  027.67132413
111  37.24343538  027.67174746
112  37.24296238  027.67370075  37.24286778  027.67406371
112  37.24251452  027.67397551  37.24245835  027.67395138
112  37.24225437  027.67344819  37.24231645  027.67312141
112  37.24293577  027.67061486  37.24304516  027.67019895
112  37.24345607  027.67029922  37.24353694  027.67032301
111  37.24438718  027.67062592
111  37.24444335  027.67038826
112  37.24318114  027.66995754  37.24309557  027.66992651
111  37.24311358  027.66979024
111  37.24296036  027.66974484
111  37.24272588  027.67069280
111  37.24266676  027.67093789
112  37.24209915  027.67327366  37.24202820  027.67358930
112  37.24168232  027.67365986  37.24158772  027.67363015
111  37.24017113  027.67309023
111  37.24007949  027.67338730
112  37.24162911  027.67399777  37.24180353  027.67407575
111  37.24181240  027.67443595
111  37.24080747  027.67862538
111  37.24098780  027.67869965
112  37.24204003  027.67443966  37.24214350  027.67417973
111  37.24251983  027.67428101
114  37.24312424  027.67449819  37.24347012  027.67462816
111  37.24433345  027.67049293
112  37.24347611  027.67019719  37.24315183  027.67008838
111  37.24298747  027.67033948
111  37.24307409  027.66997399
112  37.24316072  027.67005211  37.24322735  027.67007722
113  37.24434455  027.67045666
112  37.24371744  027.67383810  37.24358528  027.67437074
112  37.24310619  027.67352682  37.24325854  027.67291117
112  37.24352287  027.67182283  37.24363851  027.67135936
114  37.24417083  027.67202805  37.24405886  027.67246615
112  37.24315448  027.67437680  37.24300567  027.67434053
112  37.24264586  027.67418987  37.24254591  027.67414802
111  37.24228604  027.67412849
111  37.24233491  027.67399178
112  37.24270805  027.67412570  37.24288129  027.67409222
111  37.24301011  027.67384391
112  37.24316781  027.67417034  37.24329441  027.67434332
113  37.24344988  027.67430147
112  37.24219709  027.67404534  37.24214388  027.67425700
111  37.24219709  027.67404534
112  37.24219709  027.67404534  37.24216852  027.67415899
112  37.24195432  027.67415251  37.24186008  027.67411247
111  37.24195432  027.67415251
112  37.24195432  027.67415251  37.24187751  027.67411124
112  37.24185831  027.67389715  37.24188588  027.67379154
111  37.24185831  027.67389715
112  37.24185831  027.67389715  37.24191783  027.67366909
113  37.24210234  027.67374246
110 1 0.00 85.0000 Asphalt
111  37.24490681  027.66578521
111  37.24443838  027.66765178
111  37.24371245  027.66731898
111  37.24367356  027.66747800
111  37.24439313  027.66781495
111  37.24383019  027.67018340
111  37.24394575  027.67022455
111  37.24450993  027.66787518
111  37.24534366  027.66820476
111  37.24538350  027.66803897
111  37.24455088  027.66769801
113  37.24503026  027.66583068
110 2 0.00 65.0000 New Taxiway 10
111  37.24477372  027.67144596
111  37.24469754  027.67175223
111  37.24461511  027.67208220
111  37.24498000  027.67222283
113  37.24514819  027.67159321
110 2 0.00 65.0000 New Taxiway 16
111  37.24395585  027.67443387
111  37.24368316  027.67430891
112  37.24326235  027.67456834  37.24299097  027.67455638
112  37.24264490  027.67438603  37.24249731  027.67433221
112  37.24204977  027.67454750  37.24194027  027.67486446
112  37.24102138  027.67869192  37.24097212  027.67896929
111  37.24118095  027.67910230
111  37.24242590  027.67953516
111  37.24349238  027.67510368
113  37.24377754  027.67521277
110 1 0.00 85.0000 New Taxiway 11
111  37.24574697  027.66655155
111  37.24572486  027.66654143
111  37.24581429  027.66615488
111  37.24503521  027.66586754
111  37.24456325  027.66768765
111  37.24536962  027.66800356
111  37.24545304  027.66768070
111  37.24546865  027.66768833
111  37.24552132  027.66747502
111  37.24549889  027.66746426
111  37.24568928  027.66668645
113  37.24571381  027.66669383
110 1 0.00 85.0000 New Taxiway 10
111  37.24523164  027.66866420
111  37.24521464  027.66865123
111  37.24532280  027.66821957
111  37.24452906  027.66790734
111  37.24397558  027.67019033
111  37.24467583  027.67044540
111  37.24479438  027.67037897
111  37.24517219  027.66882453
113  37.24519599  027.66882453
130 Airport Boundary
111  37.26046334  027.63935566
111  37.25575514  027.63358524
111  37.25410907  027.64059257
111  37.25225487  027.64376950
111  37.24890604  027.65794399
111  37.24576836  027.65778225
111  37.24251765  027.67055112
111  37.24006394  027.67274203
111  37.23862776  027.68034607
111  37.24476518  027.68200129
111  37.24571462  027.68300002
111  37.24482770  027.69230354
111  37.25086569  027.69219285
111  37.25514509  027.68468851
111  37.25285007  027.67201817
113  37.25636070  027.65744778
120 Linear Feature 2
111  37.24683063  027.66465543 3 101
112  37.24713638  027.66476572  37.24722974  027.66479772 3 101
115  37.24721224  027.66491953
120 Linear Feature 3
112  37.24706981  027.66511466  37.24715582  027.66514452 3 101
115  37.24713794  027.66522707
120 Linear Feature 2
111  37.24674955  027.66499656 3 101
112  37.24706981  027.66511466  37.24715375  027.66514452 3 101
115  37.24717463  027.66507399
120 Linear Feature 3
112  37.24698618  027.66546145  37.24707220  027.66549130 3 101
115  37.24705495  027.66557298
120 Linear Feature 2
111  37.24666178  027.66534335 3 101
112  37.24698618  027.66546145  37.24707013  027.66549131 3 101
115  37.24709164  027.66541991
120 Linear Feature 3
112  37.24690350  027.66580823  37.24698952  027.66583809 3 101
115  37.24697131  027.66591971
120 Linear Feature 2
111  37.24658117  027.66568753 3 101
112  37.24690350  027.66580823  37.24698744  027.66583809 3 101
115  37.24700800  027.66576663
120 Linear Feature 3
112  37.24681943  027.66615504  37.24690544  027.66618489 3 101
115  37.24688767  027.66626643
120 Linear Feature 2
111  37.24649814  027.66603824 3 101
112  37.24681943  027.66615504  37.24690337  027.66618489 3 101
115  37.24692436  027.66611336
120 Linear Feature 3
112  37.24673664  027.66650103  37.24682266  027.66653089 3 101
115  37.24680468  027.66661234
120 Linear Feature 2
111  37.24641328  027.66638163 3 101
112  37.24673664  027.66650103  37.24682059  027.66653089 3 101
115  37.24684137  027.66645927
120 Linear Feature 3
112  37.24665321  027.66684783  37.24673923  027.66687769 3 101
115  37.24672040  027.66695907
120 Linear Feature 2
111  37.24633400  027.66672973 3 101
112  37.24665321  027.66684783  37.24673716  027.66687769 3 101
115  37.24675708  027.66680599
120 Linear Feature 3
112  37.24656978  027.66719463  37.24665580  027.66722449 3 101
115  37.24663681  027.66730577
120 Linear Feature 2
111  37.24624746  027.66707393 3 101
112  37.24656978  027.66719463  37.24665373  027.66722449 3 101
115  37.24667361  027.66715255
120 Linear Feature 3
112  37.24648700  027.66754063  37.24657301  027.66757049 3 101
115  37.24655337  027.66765196
120 Linear Feature 2
111  37.24616467  027.66742383 3 101
112  37.24648700  027.66754063  37.24657094  027.66757049 3 101
115  37.24659020  027.66749925
120 Linear Feature 3
112  37.24665797  027.66761426  37.24657197  027.66758432 3 101
115  37.24659020  027.66749925
120 Linear Feature 4
112  37.24637281  027.66786818  37.24648997  027.66791187 3 101
115  37.24652873  027.66775423
120 Linear Feature 2
111  37.24690899  027.66770691 3 101
112  37.24665797  027.66761426  37.24657305  027.66758277 3 101
115  37.24655337  027.66765196
120 Linear Feature 3
112  37.24674180  027.66726755  37.24665580  027.66723762 3 101
115  37.24667361  027.66715255
120 Linear Feature 2
111  37.24698949  027.66735811 3 101
112  37.24674180  027.66726755  37.24665788  027.66723762 3 101
115  37.24663681  027.66730577
120 Linear Feature 3
112  37.24682470  027.66692085  37.24673870  027.66689091 3 101
115  37.24675708  027.66680599
120 Linear Feature 2
111  37.24707071  027.66701350 3 101
112  37.24682470  027.66692085  37.24674077  027.66689091 3 101
115  37.24672040  027.66695907
120 Linear Feature 3
112  37.24690898  027.66657413  37.24682298  027.66654419 3 101
115  37.24684137  027.66645927
120 Linear Feature 2
111  37.24714999  027.66666468 3 101
112  37.24690898  027.66657413  37.24682505  027.66654419 3 101
115  37.24680468  027.66661234
120 Linear Feature 3
112  37.24699197  027.66622821  37.24690597  027.66619827 3 101
115  37.24692436  027.66611336
120 Linear Feature 2
111  37.24723131  027.66631667 3 101
112  37.24699197  027.66622821  37.24690804  027.66619827 3 101
115  37.24688767  027.66626643
120 Linear Feature 3
112  37.24707561  027.66588149  37.24698961  027.66585155 3 101
115  37.24700800  027.66576663
120 Linear Feature 2
111  37.24730994  027.66597414 3 101
112  37.24707561  027.66588149  37.24699168  027.66585155 3 101
115  37.24697131  027.66591971
120 Linear Feature 3
112  37.24715925  027.66553477  37.24707325  027.66550483 3 101
115  37.24709164  027.66541991
120 Linear Feature 2
111  37.24739191  027.66561903 3 101
112  37.24715925  027.66553477  37.24707532  027.66550483 3 101
115  37.24705495  027.66557298
120 Linear Feature 3
112  37.24724224  027.66518885  37.24715624  027.66515891 3 101
115  37.24717463  027.66507399
120 Linear Feature 2
111  37.24747324  027.66527940 3 101
112  37.24724224  027.66518885  37.24715831  027.66515891 3 101
115  37.24713794  027.66522707
120 Linear Feature 1
112  37.24662251  027.66795972  37.24650069  027.66791517 3 101
111  37.24652873  027.66775423 3 101
112  37.24721224  027.66491953  37.24723795  027.66481607 3 101
111  37.24732664  027.66484320 3 101
115  37.24755365  027.66492723
120 Linear Feature 2
111  37.24436908  027.67457482 20
115  37.24307587  027.68006077
120 Taxi APRON
111  37.24705960  027.66833257 3 101
115  37.24417464  027.67991846
120 Linear Feature 21
112  37.24536898  027.68073249  37.24564924  027.68084429 3 101
111  37.24576177  027.68043577 3 101
115  37.24585924  027.68002444
120 Linear Feature 20
112  37.24594657  027.68095715  37.24566763  027.68084702 3 101
111  37.24576842  027.68044077 3 101
115  37.24586671  027.68002697
120 Taxi A2
111  37.24749447  027.68055723 3 101
112  37.24735720  027.68112863  37.24726096  027.68152072
111  37.24735720  027.68112863
112  37.24735720  027.68112863  37.24729941  027.68137988 3 101
112  37.24697724  027.68135611  37.24683986  027.68129735
111  37.24697724  027.68135611
112  37.24697724  027.68135611  37.24677062  027.68127663 3 101
112  37.24594657  027.68095715  37.24552040  027.68079164
111  37.24594657  027.68095715
112  37.24594657  027.68095715  37.24575482  027.68088268 3 101
112  37.24536898  027.68073249  37.24518061  027.68065910
111  37.24536898  027.68073249
112  37.24536898  027.68073249  37.24486111  027.68053462 3 101
112  37.24433514  027.68032562  37.24425076  027.68028973
111  37.24433514  027.68032562
112  37.24433514  027.68032562  37.24411488  027.68023194 3 101
115  37.24417464  027.67991846
120 Taxi B1
112  37.24528431  027.67625888  37.24510567  027.67618947 3 101
115  37.24514542  027.67601978
120 Taxi B1
111  37.24631541  027.67667690 3 101
112  37.24528431  027.67625888  37.24510709  027.67618588 3 101
115  37.24505893  027.67636761
120 Taxi C1
111  37.24687479  027.66989112 3 101
116  37.24674735  027.66958680  37.24680069  027.66937597
120 Taxi C1
111  37.24838161  027.66939806 3 101
112  37.24813477  027.66984406  37.24793345  027.67001317
111  37.24813477  027.66984406
112  37.24813477  027.66984406  37.24799384  027.66996473 3 101
112  37.24746098  027.67012151  37.24724932  027.67003600
111  37.24746098  027.67012151
112  37.24746098  027.67012151  37.24715926  027.67000251 3 101
111  37.24687479  027.66989112 3 101
116  37.24663758  027.67002728  37.24659163  027.67021170
120 Taxi 1
111  37.24350697  027.67954592 3 101
111  37.24403855  027.67973674 3 101
116  37.24424600  027.67963256  37.24428491  027.67947743
120 Taxi 1
111  37.24403855  027.67973674 3 101
116  37.24416787  027.67998332  37.24415532  027.68014164
120 Taxi 2
111  37.24362593  027.67893513 3 101
111  37.24418554  027.67914425 3 101
116  37.24439899  027.67901549  37.24444728  027.67882102
120 Taxi 2
111  37.24418554  027.67914425 3 101
116  37.24430355  027.67939965  37.24425876  027.67958072
120 Taxi 3
111  37.24378804  027.67832650 3 101
111  37.24434327  027.67853681 3 101
116  37.24454938  027.67841431  37.24459767  027.67821983
120 Taxi 3
111  37.24434327  027.67853681 3 101
116  37.24445577  027.67879075  37.24441099  027.67897182
120 Taxi 4
111  37.24393190  027.67772909 3 101
111  37.24448586  027.67793871 3 101
116  37.24469960  027.67781095  37.24474789  027.67761647
120 Taxi 4
111  37.24448586  027.67793871 3 101
116  37.24460592  027.67818682  37.24456115  027.67836789
120 Taxi 5
111  37.24407570  027.67711548 3 101
111  37.24464644  027.67733482 3 101
116  37.24484908  027.67720990  37.24489737  027.67701543
120 Taxi 5
111  37.24464644  027.67733482 3 101
116  37.24475485  027.67758851  37.24471007  027.67776957
120 Taxi 6
111  37.24421392  027.67651466 3 101
111  37.24478633  027.67672412 3 101
116  37.24499978  027.67660443  37.24504807  027.67640996
120 Taxi 6
111  37.24478633  027.67672412 3 101
116  37.24490621  027.67698063  37.24485995  027.67716319
120 Taxi 7
112  37.24494328  027.67612580  37.24509359  027.67618464 3 101
115  37.24505893  027.67636761
120 Taxi 7
111  37.24514542  027.67601978 3 101
116  37.24494328  027.67612580  37.24478890  027.67606582
120 Taxi 7
111  37.24528431  027.67625888 3 101
115  37.24436419  027.67589980
120 Taxi 8
111  37.24450322  027.67529480 3 101
111  37.24508815  027.67551382 3 101
116  37.24530058  027.67539775  37.24534273  027.67522258
120 Taxi 8
111  37.24508815  027.67551382 3 101
116  37.24520739  027.67577083  37.24516261  027.67595190
120 Taxi 9
111  37.24502628  027.67422452 3 101
111  37.24537630  027.67435382 3 101
116  37.24559008  027.67423410  37.24563837  027.67403963
120 Taxi 9
111  37.24537630  027.67435382 3 101
116  37.24549665  027.67461039  37.24545188  027.67479145
120 Taxi 10
111  37.24513885  027.67374569 3 101
111  37.24549421  027.67387632 3 101
116  37.24571063  027.67375119  37.24575892  027.67355672
120 Taxi 10
111  37.24549421  027.67387632 3 101
116  37.24561637  027.67412877  37.24557159  027.67430983
120 Taxi 11
111  37.24524343  027.67326165 3 101
111  37.24561373  027.67339764 3 101
116  37.24582686  027.67328447  37.24587401  027.67309356
120 Taxi 11
111  37.24561373  027.67339764 3 101
116  37.24573579  027.67364906  37.24569101  027.67383013
120 Taxi 12
111  37.24535556  027.67278508 3 101
111  37.24573012  027.67292644 3 101
116  37.24594428  027.67281248  37.24599257  027.67261801
120 Taxi 12
111  37.24573012  027.67292644 3 101
116  37.24585246  027.67318001  37.24580769  027.67336108
120 Taxi 13
111  37.24546197  027.67230086 3 101
111  37.24585253  027.67244489 3 101
116  37.24606573  027.67232447  37.24611204  027.67213910
120 Taxi 13
111  37.24585253  027.67244489 3 101
116  37.24597266  027.67269799  37.24592788  027.67287905
120 Taxi 14
111  37.24557599  027.67183322 3 101
111  37.24596655  027.67197994 3 101
116  37.24617957  027.67186636  37.24622786  027.67167188
120 Taxi 14
111  37.24596655  027.67197994 3 101
116  37.24608750  027.67223623  37.24604272  027.67241730
120 Taxi 15
111  37.24531544  027.67105070 3 101
111  37.24611826  027.67135188 3 101
116  37.24633489  027.67124280  37.24638318  027.67104832
120 Taxi 15
111  37.24611826  027.67135188 3 101
116  37.24624910  027.67158828  37.24620432  027.67176934
120 Taxi 16
111  37.24548342  027.67034269 3 101
111  37.24630220  027.67065066 3 101
116  37.24651406  027.67052256  37.24656235  027.67032808
120 Taxi 16
111  37.24630220  027.67065066 3 101
116  37.24642294  027.67088727  37.24637902  027.67105274
120 Taxi 17
111  37.24564970  027.66963003 3 101
111  37.24647503  027.66995699 3 101
116  37.24668720  027.66982899  37.24673549  027.66963452
120 Taxi 17
111  37.24647503  027.66995699 3 101
116  37.24659197  027.67021058  37.24654720  027.67039164
120 Taxi 18
111  37.24579384  027.66901762 3 101
111  37.24662986  027.66933077 3 101
116  37.24684292  027.66920243  37.24689121  027.66900796
120 Taxi 18
111  37.24662986  027.66933077 3 101
116  37.24674735  027.66958680  37.24670257  027.66976787
120 Taxi 19
111  37.24609277  027.66776507 3 101
111  37.24695522  027.66808212 3 101
116  37.24705960  027.66833257  37.24701246  027.66852841
120 Taxi 19
111  37.24592099  027.66846859 3 101
111  37.24677639  027.66878268 3 101
116  37.24697714  027.66866544  37.24701923  027.66849587
120 Taxi 19
111  37.24677639  027.66878268 3 101
116  37.24688549  027.66903051  37.24684071  027.66921158
120 Taxi 31
111  37.24668166  027.67035912 3 101
116  37.24653540  027.67043791  37.24650368  027.67056131
120 Taxi 31
111  37.24705725  027.67050864 3 101
111  37.24668166  027.67035912 3 101
116  37.24660043  027.67017534  37.24663104  027.67004868
120 Taxi 32
111  37.24657290  027.67079897 3 101
116  37.24642294  027.67088727  37.24639112  027.67101123
120 Taxi 32
111  37.24695051  027.67094738 3 101
111  37.24657290  027.67079897 3 101
116  37.24649062  027.67061745  37.24651986  027.67050193
120 Taxi 33
111  37.24649313  027.67124285 3 101
116  37.24631862  027.67130782  37.24629101  027.67142043
120 Taxi 33
111  37.24684495  027.67137705 3 101
111  37.24649313  027.67124285 3 101
116  37.24637829  027.67106808  37.24640822  027.67095256
120 Taxi 34
111  37.24637359  027.67172255 3 101
116  37.24617957  027.67186636  37.24613513  027.67204661
120 Taxi 34
111  37.24672745  027.67185939 3 101
112  37.24637359  027.67172255  37.24629444  027.67168818 3 101
116  37.24627222  027.67149438  37.24629691  027.67139235
120 Taxi 35
111  37.24622591  027.67218114 3 101
116  37.24607707  027.67227844  37.24604195  027.67241895
120 Taxi 35
111  37.24662081  027.67233636 3 101
111  37.24622589  027.67218115 3 101
116  37.24614706  027.67199704  37.24617766  027.67187213
120 Taxi 36
111  37.24610798  027.67265108 3 101
116  37.24595954  027.67275062  37.24592441  027.67289114
120 Taxi 36
111  37.24650747  027.67280913 3 101
111  37.24610798  027.67265108 3 101
116  37.24602971  027.67246804  37.24606086  027.67234412
120 Taxi 37
111  37.24599611  027.67311004 3 101
116  37.24584468  027.67321041  37.24580956  027.67335093
120 Taxi 37
111  37.24639568  027.67326217 3 101
111  37.24599611  027.67311004 3 101
116  37.24591559  027.67292644  37.24594638  027.67280161
120 Taxi 38
111  37.24587881  027.67357652 3 101
116  37.24572879  027.67367738  37.24569526  027.67381213
120 Taxi 38
111  37.24628439  027.67373323 3 101
111  37.24587881  027.67357652 3 101
116  37.24580074  027.67338814  37.24583217  027.67326170
120 Taxi 39
111  37.24577124  027.67400298 3 101
116  37.24562201  027.67410481  37.24558688  027.67424533
120 Taxi 39
111  37.24617836  027.67416107 3 101
111  37.24577124  027.67400298 3 101
116  37.24569398  027.67381689  37.24572499  027.67369230
120 Taxi 40
111  37.24565157  027.67448978 3 101
116  37.24550027  027.67459465  37.24546515  027.67473517
120 Taxi 40
111  37.24606291  027.67464990 3 101
111  37.24565157  027.67448978 3 101
116  37.24557295  027.67430137  37.24560356  027.67417471
120 Taxi 41
111  37.24548296  027.67517819 3 101
116  37.24533620  027.67525185  37.24530594  027.67536552
120 Taxi 41
111  37.24590132  027.67534355 3 101
111  37.24548296  027.67517819 3 101
116  37.24539901  027.67500341  37.24542974  027.67487836
120 Taxi 42
111  37.24536157  027.67566106 3 101
116  37.24520739  027.67577083  37.24517227  027.67591135
120 Taxi 42
111  37.24578193  027.67582000 3 101
111  37.24536157  027.67566106 3 101
116  37.24528092  027.67547366  37.24531212  027.67534739
120 Taxi 43
111  37.24505325  027.67689948 3 101
116  37.24490164  027.67699849  37.24486652  027.67713901
120 Taxi 43
111  37.24548506  027.67706266 3 101
111  37.24505325  027.67689948 3 101
116  37.24497229  027.67671514  37.24500289  027.67658849
120 Taxi 44
111  37.24493961  027.67736557 3 101
116  37.24478496  027.67746697  37.24474984  027.67760748
120 Taxi 44
111  37.24537475  027.67753398 3 101
111  37.24493961  027.67736557 3 101
116  37.24485654  027.67717995  37.24488852  027.67705330
120 Taxi 45
111  37.24482279  027.67783281 3 101
116  37.24466922  027.67793226  37.24463506  027.67806639
120 Taxi 45
111  37.24525879  027.67800464 3 101
111  37.24482279  027.67783281 3 101
116  37.24474016  027.67764594  37.24477076  027.67751929
120 Taxi 46
111  37.24470692  027.67829557 3 101
116  37.24455346  027.67839742  37.24451833  027.67853794
120 Taxi 46
111  37.24515098  027.67847037 3 101
111  37.24470692  027.67829557 3 101
116  37.24462495  027.67810907  37.24465595  027.67798167
120 Taxi 47
111  37.24459139  027.67876282 3 101
116  37.24443751  027.67886329  37.24440239  027.67900381
120 Taxi 47
111  37.24503965  027.67893761 3 101
111  37.24459139  027.67876282 3 101
116  37.24450821  027.67857735  37.24453881  027.67845069
120 Taxi 48
111  37.24447641  027.67922990 3 101
116  37.24432121  027.67932850  37.24428610  027.67946902
120 Taxi 48
111  37.24491885  027.67940367 3 101
111  37.24447677  027.67923003 3 101
116  37.24439217  027.67904293  37.24442277  027.67891627
120 Taxi 49
111  37.24436300  027.67969137 3 101
116  37.24420738  027.67978671  37.24417226  027.67992723
120 Taxi 49
111  37.24480409  027.67986230 3 101
111  37.24436300  027.67969137 3 101
116  37.24427754  027.67950452  37.24430814  027.67937787
120 Linear Feature 19
111  37.24957305  027.67179853 3 101
112  37.24928262  027.67301466  37.24905484  027.67395537 3 101
111  37.24866192  027.67435955 3 101
111  37.24693647  027.67640189 3 101
116  37.24631541  027.67667690  37.24603353  027.67656960
120 Linear Feature 15
111  37.25140329  027.66409854 3 101
112  37.25118134  027.66503954  37.25098715  027.66587599 3 101
111  37.25058210  027.66628724 3 101
111  37.24898967  027.66814130 3 101
112  37.24849757  027.66890898  37.24843955  027.66916458 3 101
115  37.24838161  027.66939806
120 Linear Feature 14
111  37.25145430  027.65648987 3 101
112  37.25161347  027.65583286  37.25173095  027.65531391 3 101
112  37.25213266  027.65586142  37.25219709  027.65620421 3 101
112  37.25254195  027.65798482  37.25265185  027.65862755 3 101
111  37.25248132  027.65957498 3 101
115  37.25228046  027.66039387
120 Linear Feature 13
111  37.25468288  027.65026189 3 101
112  37.25480561  027.64975372  37.25490353  027.64933605 3 101
111  37.25461651  027.64920727 3 101
111  37.25361078  027.64881271 3 101
112  37.25322863  027.64904290  37.25315139  027.64937094 3 101
115  37.25311809  027.64950574
120 HoldShortA3
111  37.25416938  027.64887593 54 104
115  37.25410077  027.64915323
120 HoldShortB
111  37.24769869  027.67535450 54 104
115  37.24778630  027.67558202
120 HoldShortC
111  37.24956644  027.66733309 54 104
115  37.24970434  027.66752263
120 HoldShortD
111  37.25235911  027.65643464 54 104
115  37.25214373  027.65648594
120 HoldShortA2
111  37.24776515  027.66862697 54 104
115  37.24737345  027.67034618
120 HoldShortA2
111  37.24601337  027.67620872 54 104
115  37.24586354  027.67687997
120 HoldShortA2
111  37.24502412  027.68032253 54 104
115  37.24492115  027.68073872
120 HoldShortA1
111  37.24760861  027.68265588 54 104
115  37.24746814  027.68264673
120 HoldShortA1
111  37.24648491  027.68105116 54 104
115  37.24642939  027.68127548
21  37.24728694  027.67236474 2 286.6100 3.90 PAPI 28L-L4
21  37.24802640  027.67262247 3 286.6100 3.90 PAPI 28L-R4
21  37.24797943  027.67689730 2 286.6100 3.90 PAPI 28R-L4
21  37.24871889  027.67715503 3 286.6100 3.90 PAPI 28R-R4
21  37.25488778  027.65137240 2 106.6300 3.30 PAPI 10L-L4
21  37.25404651  027.65108988 3 106.6300 3.30 PAPI 10L-R4
21  37.25325678  027.65084586 2 106.6300 3.30 PAPI 10R-L4
21  37.25241551  027.65056334 3 106.6300 3.30 PAPI 10R-R4
20  37.24957068  027.67432654 18.2500 0 3 {no-entry,@R}MILITARY_USE_ONLY{no-entry,@L}M2{@@}M2{@R}28R-10L{@Y,^lu}B
20  37.24768580  027.68264904 92.7600 0 3 {no-entry,@R}MILITARY_USE_ONLY{no-entry,@L}M1{@@}M1{safety,@R}28R{^ru,@Y}A1{^ld}
20  37.24683787  027.68160920 17.2400 0 4 {@R}RWY-28R|ILS_CAT{r2,@@,@L}A1
20  37.24696753  027.68088474 15.5200 0 4 {@R}RWY-28R|ILS_CAT{r2,@@,@L}A1
20  37.24639233  027.68144135 17.8900 0 4 {@L}A1{@R}ILS_RWY_28R{@@,@Y}A2{^u,@R}28L{^r,@L}A1
20  37.24652632  027.68088710 16.5700 0 4 {@R}ILS_RWY_28R{@L}A1{@@}A1{@R}28L{^r,@Y}A2{^u}
20  37.24527757  027.68032828 18.8100 0 4 {@R}28R{^u,@Y}A1{^u,@R}28L{^l,@L}A2{@@}A2{@Y}APRON{^u}
20  37.24512240  027.68104259 17.5200 0 4 {@L}A2{@R}28L{^l,@Y}A1{^u,@R}28R{^u,@@,@Y}APRON{^u,@L}A2
20  37.24552438  027.67976763 287.7300 0 4 {@R}28L{^u,@@,@L}10R{@Y,^l}A1|A2{^r}
20  37.24623422  027.68003617 287.7300 0 4 {@R}28L{^u,@@,@L}10R{@Y,^l}A1|A2{^r}
20  37.24700015  027.67687467 288.6600 0 4 {@R}RWY_28L{^u,@@,@Y}B1{^r,@L}10R
20  37.24743646  027.67511099 107.6300 0 4 {@Y,^lu}B|B1{^r,@R}10R{@@}28L
20  37.24763133  027.67059109 16.4100 0 4 {@L}C1{@R}10R-28L{@@,@L}C1
20  37.24824381  027.66815878 106.5300 0 4 {@R}10R{@Y}C1{^r}|APRON{^r,@@,@R}28L
20  37.24936913  027.66826213 143.4800 0 4 {@R}28L-10R{@Y}C1{^ru,@@,@L}C{no-entry}
20  37.24818161  027.67598646 286.5600 0 4 {@Y}B{^rd,@R}28R{@@}10L
20  37.24883954  027.67294411 106.6200 0 4 {@R}10L{@Y}B{^rd,@@,@R}28R
20  37.24626039  027.67623568 16.5800 0 3 {@R,^l}RWY28L{@L}B1{@@}B1
20  37.24607503  027.67699728 17.8100 0 3 {@L}B1{@R,^l}28L{@@,@L}B1
20  37.24611637  027.67726287 287.8000 0 4 {@Y}B1{^l}|APRON{@@,@L}10R
20  37.24644472  027.67605627 106.6500 0 4 {@L}10R{@Y}B1{^r}|APRON{@@,@R}28L
20  37.24861168  027.67011796 286.5200 0 4 {@R}28L{@Y}C1{^l}|APRON{^l,@@}C1{^r}|APRON{@R}10R
20  37.25421454  027.64866213 18.4400 0 4 {@R}10L{safety,@L}A3{@@}A3{safety,@R}10R
20  37.25416950  027.65417001 284.9300 0 4 {@Y}M3{^r,no-entry,@R}MILITARY{no-entry,@@}10L
20  37.25435968  027.65403798 55.5300 0 4 {@L}M3{no-entry,@R}MILITARY_USE_ONLY{no-entry,@@}10L-28R{safety}
20  37.25503534  027.65054211 284.0400 0 4 {@R}28R{@Y,^l}A3{@@,@R}10L
20  37.25440973  027.64956754 15.5200 0 4 {@R}RWY-10L|ILS_CAT{r2,@@,@L}A3
20  37.25458490  027.64883818 15.5200 0 4 {@R}RWY-10L|ILS_CAT{r2,@@,@L}A3
20  37.25403937  027.64937891 16.2400 0 4 {@L}A3{safety,@R}10L{@@}10R{safety,@L}A3
20  37.25255014  027.65638946 259.2200 0 4 {@L}D{safety,@R}10L-28R{@@,@L}D{no-entry}
20  37.25199740  027.65652778 260.5400 0 4 {@R}10R-28L{safety,@L}D{@@}D{no-entry}
20  37.25196146  027.66000990 286.2600 0 4 {@Y}D{^lu,@R}28R{@@}10L
20  37.25094482  027.66432298 104.5400 0 4 {@R}10L{@Y}C{^ru,@@,@R}28R
20  37.24935497  027.66697324 107.1100 0 4 {@Y}C1{^rd,@R}10R{@@}28L
14  37.24493732  027.66954789  82.02 0 MBTower
1300  37.24325661  027.67945229 196.50 gate heavy|jets 1
1300  37.24339978  027.67885204 196.50 gate heavy|jets 2
1300  37.24354239  027.67823430 196.50 gate heavy|jets 3
1300  37.24368755  027.67762488 196.61 gate heavy|jets 4
1300  37.24383357  027.67701539 196.61 gate heavy|jets 5
1300  37.24397159  027.67641604 196.61 gate heavy|jets 6
1300  37.24412043  027.67579874 196.61 gate heavy|jets 7
1300  37.24425784  027.67520336 196.61 gate heavy|jets 8
1300  37.24478022  027.67413324 196.61 gate jets 9
1300  37.24489632  027.67365341 196.61 gate jets 10
1300  37.24500144  027.67316569 196.61 gate jets 11
1300  37.24511304  027.67269535 196.61 gate jets 12
1300  37.24521128  027.67221082 196.61 gate jets 13
1300  37.24532313  027.67173826 196.61 gate jets 14
1300  37.24506629  027.67095702 196.61 gate heavy 15
1300  37.24523538  027.67025086 196.61 gate heavy 16
1300  37.24540269  027.66953781 196.61 gate heavy 17
1300  37.24554602  027.66892418 196.61 gate heavy 18
1300  37.24567316  027.66837542 196.61 gate heavy 19
1300  37.24582688  027.66766534 196.61 gate jets|turboprops 20
1300  37.24590931  027.66732765 196.61 gate jets|turboprops 21
1300  37.24599073  027.66697424 -163.33 gate jets|turboprops 22
1300  37.24607498  027.66663143 196.61 gate jets|turboprops 23
1300  37.24615854  027.66628406 196.61 gate jets|turboprops 24
1300  37.24625335  027.66594354 -163.49 tie_down jets|turboprops|props 25
1300  37.24633450  027.66559730 -164.13 tie_down jets|turboprops|props 26
1300  37.24641172  027.66524507 -162.40 tie_down jets|turboprops|props 27
1300  37.24649537  027.66489669 196.98 tie_down jets|turboprops|props 28
1300  37.24657981  027.66455821 197.32 tie_down jets|turboprops|props 29
1300  37.24717231  027.66780156  19.55 tie_down jets|turboprops|props 21A
1300  37.24725385  027.66745918  19.55 tie_down jets|turboprops|props 22A
1300  37.24733253  027.66711061  19.55 tie_down jets|turboprops|props 23A
1300  37.24741121  027.66676299  19.55 tie_down jets|turboprops|props 24A
1300  37.24749227  027.66641251  19.55 tie_down jets|turboprops|props 25A
1300  37.24757048  027.66606489  19.55 tie_down jets|turboprops|props 26A
1300  37.24765249  027.66571727  19.55 tie_down jets|turboprops|props 27A
1300  37.24773261  027.66537299  19.55 tie_down jets|turboprops|props 28A
1300  37.24781272  027.66501965  19.55 tie_down jets|turboprops|props 29A
1300  37.24730204  027.67060100  16.61 gate jets 31
1300  37.24719810  027.67103790  16.61 gate jets 32
1300  37.24709382  027.67147181  16.61 gate jets 33
1300  37.24697965  027.67195195  16.61 gate jets 34
1300  37.24686498  027.67242833  16.61 gate jets 35
1300  37.24675178  027.67290136  16.61 gate jets 36
1300  37.24664278  027.67335659  16.61 gate jets 37
1300  37.24652830  027.67382719  16.61 gate jets 38
1300  37.24642737  027.67425610  16.61 gate jets 39
1300  37.24632115  027.67474584  16.61 gate jets 40
1300  37.24615377  027.67543774  16.61 gate jets 41
1300  37.24603695  027.67591840  16.61 gate jets 42
1300  37.24574083  027.67715915  16.61 gate jets 43
1300  37.24562972  027.67763314  16.61 gate jets 44
1300  37.24551862  027.67809901  16.61 gate jets 45
1300  37.24540751  027.67857156  16.61 gate jets 46
1300  37.24529402  027.67903649  16.61 gate jets 47
1300  37.24517958  027.67950523  16.61 gate jets 48
1300  37.24507134  027.67996395  16.61 gate jets 49
50 12850 ATIS
53 12195 GND
54 12420 TWR
54 12050 TWR
55 11950 MENDERES APP
55 12870 MENDERES APP
1000 EastFlow
1001 LTFE 016 196 999
1002 LTFE 0
1003 LTFE 0.0
1101 10L left
1100 10L 12050 arrivals|departures heavy|jets 000000 000000 Arr,Dep Rwy 10L
1100 10R 12050 arrivals turboprops|props|helos|fighters 000000 000000 Arr Rwy 10R
1000 WestFlow
1002 LTFE 0
1003 LTFE 0.0
1101 28R right
1100 28R 12050 arrivals|departures heavy|jets 000000 000000 Arr,Dep Rwy 28R
1100 28L 12050 departures turboprops|props|helos|fighters 000000 000000 Dep Rwy 28L
1200 
1201  37.24603113  027.66736461 both 0 _stop
1201  37.24709391  027.66776973 both 1 _start
1201  37.24609953  027.66700859 both 2 _stop
1201  37.24716232  027.66741985 both 3 _start
1201  37.24617283  027.66666177 both 4 _stop
1201  37.24723806  027.66707304 both 5 _start
1201  37.24625834  027.66631803 both 6 _stop
1201  37.24733578  027.66672929 both 7 _start
1201  37.24634630  027.66597428 both 8 _stop
1201  37.24740419  027.66637327 both 9 _start
1201  37.24643669  027.66562747 both 10 _stop
1201  37.24747993  027.66602646 both 11 _start
1201  37.24651243  027.66527759 both 12 _stop
1201  37.24755567  027.66567351 both 13 _start
1201  37.24660039  027.66493077 both 14 _stop
1201  37.24763630  027.66532976 both 15 _start
1201  37.24669078  027.66459624 both 16 _stop
1201  37.24770470  027.66497681 both 17 _start
1201  37.24723561  027.66480187 both 18 M_stop
1201  37.24703533  027.67144987 both 19 33_stop
1201  37.24431783  027.67522304 both 20 _stop
1201  37.24512566  027.67097649 both 21 _stop
1201  37.24589644  027.66769197 both 22 _stop
1201  37.24511666  027.67948187 both 23 _start
1201  37.24521974  027.67900693 both 24 _start
1201  37.24544785  027.67807586 both 25 _stop
1201  37.24555327  027.67760536 both 26 _stop
1201  37.24533221  027.67854129 both 27 _start
1201  37.24500023  027.67993621 both 28 _start
1201  37.24567746  027.67713552 both 29 _stop
1201  37.24608951  027.67541602 both 30 _start
1201  37.24597054  027.67589685 both 31 _start
1201  37.24658580  027.67333994 both 32 _start
1201  37.24647414  027.67381152 both 33 _start
1201  37.24637354  027.67423648 both 34 _start
1201  37.24669695  027.67288242 both 35 _start
1201  37.24680925  027.67240697 both 36 _start
1201  37.24714075  027.67101884 both 37 _start
1201  37.24724353  027.67057942 both 38 _start
1201  37.24573286  027.66839666 both 39 _stop
1201  37.24560655  027.66894795 both 40 _stop
1201  37.24545944  027.66955725 both 41 _stop
1201  37.24529081  027.67027441 both 42 _stop
1201  37.24537566  027.67175343 both 43 _stop
1201  37.24526238  027.67222876 both 44 _stop
1201  37.24516161  027.67271007 both 45 _stop
1201  37.24504634  027.67318593 both 46 _stop
1201  37.24494214  027.67366906 both 47 _stop
1201  37.24625348  027.67472077 both 48 _stop
1201  37.24483286  027.67414723 both 49 _stop
1201  37.24418052  027.67581992 both 50 _stop
1201  37.24403004  027.67643992 both 51 _stop
1201  37.24374535  027.67765291 both 52 _stop
1201  37.24359704  027.67825674 both 53 _stop
1201  37.24331484  027.67947762 both 54 _stop
1201  37.24727722  027.68146834 both 55 10/28_stop
1201  37.25490909  027.64932014 both 56 10/28_start
1201  37.25267113  027.65873965 both 57 10/28_start(split)
1201  37.25099361  027.66584868 both 58 10/28_start(split)
1201  37.24643000  027.68113253 both 59 A1_stop
1201  37.24622551  027.68106727 both 60 A1_stop(split)
1201  37.25431634  027.64908595 both 61 A3_stop
1201  37.25393048  027.64893990 both 62 A3_stop(split)
1201  37.24409802  027.68023176 both 63 A2_stop
1201  37.24420369  027.67980108 both 64 A2_stop(split)
1201  37.24424250  027.67964619 both 65 A2_stop(split)(split)
1201  37.24435480  027.67917987 both 66 A2_stop(split)(split)
1201  37.24447146  027.67871037 both 67 A2_stop(split)(split)(split)
1201  37.24449831  027.67861141 both 68 A2_stop(split)(split)(split)
1201  37.24458903  027.67824900 both 69 A2_stop(split)(split)(split)(split)
1201  37.24464759  027.67800594 both 70 A2_stop(split)(split)(split)(split)
1201  37.24470090  027.67778027 both 71 A2_stop(split)(split)(split)(split)(split)
1201  37.24481821  027.67732073 both 72 A2_stop(split)(split)(split)(split)(split)
1201  37.24493184  027.67685464 both 73 A2_stop(split)(split)(split)(split)(split)(split)
1201  37.24495032  027.67678522 both 74 A2_stop(split)(split)(split)(split)(split)(split)
1201  37.24566763  027.68084702 both 75 A_stop
1201  37.24499042  027.68058399 both 76 unnamed entity(split)
1201  37.24468038  027.68045908 both 77 unnamed entity(split)
1201  37.25329294  027.64869527 both 78 A_start
1201  37.25189208  027.65462618 both 79 A_start(split)
1201  37.24857319  027.66857569 both 80 A_start(split)
1201  37.24510567  027.67618947 both 81 B1_stop
1201  37.24524256  027.67561751 both 82 B1_stop(split)(split)
1201  37.24525342  027.67557635 both 83 B1_stop(split)(split)(split)
1201  37.24536646  027.67513818 both 84 B1_stop(split)(split)(split)(split)
1201  37.24554142  027.67442933 both 85 B1_stop(split)(split)(split)(split)(split)
1201  37.24566115  027.67394771 both 86 B1_stop(split)(split)(split)(split)(split)
1201  37.24576448  027.67354158 both 87 B1_stop(split)(split)(split)(split)(split)(split)
1201  37.24578073  027.67346155 both 88 B1_stop(split)(split)(split)(split)(split)(split)
1201  37.24588349  027.67307175 both 89 B1_stop(split)(split)(split)(split)(split)(split)(split)
1201  37.24589723  027.67299894 both 90 B1_stop(split)(split)(split)(split)(split)(split)(split)
1201  37.24599662  027.67261697 both 91 B1_stop(split)(split)(split)(split)(split)(split)(split)(split)
1201  37.24601942  027.67250984 both 92 B1_stop(split)(split)(split)(split)(split)(split)(split)(split)
1201  37.24611387  027.67214978 both 93 B1_stop(split)(split)(split)(split)(split)(split)(split)(split)(split)
1201  37.24613513  027.67204661 both 94 B1_stop(split)(split)(split)(split)(split)(split)(split)(split)(split)
1201  37.24622786  027.67167188 both 95 B1_stop(split)(split)(split)(split)(split)(split)(split)(split)(split)(split)(split)
1201  37.24629302  027.67141151 both 96 B1_stop(split)(split)(split)(split)(split)(split)(split)(split)(split)(split)
1201  37.24635000  027.67119380 both 97 B1_stop(split)(split)(split)(split)(split)(split)(split)(split)(split)(split)(split)(split)(split)
1201  37.24645791  027.67075428 both 98 B1_stop(split)(split)(split)(split)(split)(split)(split)(split)(split)(split)(split)
1201  37.24646577  027.67071704 both 99 B1_stop(split)(split)(split)(split)(split)(split)(split)(split)(split)(split)(split)
1201  37.24656712  027.67031452 both 100 B1_stop(split)(split)(split)(split)(split)(split)(split)(split)(split)(split)(split)(split)
1201  37.24663891  027.67002346 both 101 B1_stop(split)(split)(split)(split)(split)(split)(split)(split)(split)(split)(split)(split)
1201  37.24668720  027.66982899 both 102 unnamed entity(split)
1201  37.24679463  027.66939690 both 103 B1_stop(split)(split)(split)(split)(split)(split)(split)(split)(split)(split)(split)(split)(split)
1201  37.24825863  027.66992932 both 104 A_start(split)(split)
1201  37.24692911  027.66884052 both 105 C1_stop(split)
1201  37.24709467  027.66813571 both 106 C1_stop(split)(split)
1201  37.24649289  027.66791705 both 107 unnamed entity(split)
1201  37.24657351  027.66757331 both 108 unnamed entity(split)
1201  37.24665902  027.66722956 both 109 unnamed entity(split)
1201  37.24674453  027.66688582 both 110 unnamed entity(split)
1201  37.24682272  027.66653594 both 111 unnamed entity(split)
1201  37.24690334  027.66618299 both 112 unnamed entity(split)
1201  37.24699374  027.66584538 both 113 unnamed entity(split)
1201  37.24707925  027.66550164 both 114 unnamed entity(split)
1201  37.24715988  027.66515175 both 115 unnamed entity(split)
1201  37.24907183  027.67392091 both 116 B_stop
1201  37.24661914  027.67679836 both 117 B_start
1201  37.24597738  027.67653321 both 118 unnamed entity(split)
1201  37.24572709  027.67643383 both 119 unnamed entity(split)
1201  37.24389574  027.67703983 both 120 _stop
1201  37.24479915  027.67739286 both 121 _start
1201  37.24345646  027.67887459 both 122 _stop
1201  37.24434681  027.67921006 both 123 _start
1201  37.24692620  027.67193118 both 124 34_stop
1201  37.24729855  027.67005485 both 125 C1_stop
1201  37.24753464  027.67013574 both 126 C1_stop
1202 108 0 twoway taxiway 
1202 1 108 twoway taxiway 
1202 109 2 twoway taxiway 
1202 3 109 twoway taxiway 
1202 110 4 twoway taxiway 
1202 5 110 twoway taxiway 
1202 111 6 twoway taxiway 
1202 7 111 twoway taxiway 
1202 112 8 twoway taxiway 
1202 9 112 twoway taxiway 
1202 113 10 twoway taxiway 
1202 11 113 twoway taxiway 
1202 114 12 twoway taxiway 
1202 13 114 twoway taxiway 
1202 115 14 twoway taxiway 
1202 15 115 twoway taxiway 
1202 18 16 twoway taxiway 
1202 17 18 twoway taxiway 
1202 107 108 twoway taxiway M
1202 108 109 twoway taxiway M
1202 109 110 twoway taxiway M
1202 110 111 twoway taxiway M
1202 111 112 twoway taxiway M
1202 112 113 twoway taxiway M
1202 113 114 twoway taxiway M
1202 114 115 twoway taxiway M
1202 115 18 twoway taxiway M
1202 97 19 twoway taxiway 33
1202 56 57 twoway runway 10L/28R
1204 departure 10L,28R
1204 arrival 10L,28R
1204 ils 10L,28R
1202 57 58 twoway runway 10L/28R
1204 departure 10L,28R
1204 arrival 10L,28R
1204 ils 10L,28R
1202 58 116 twoway runway 10L/28R
1204 departure 10L,10R,28L,28R
1204 arrival 10L,10R,28L,28R
1204 ils 10L,10R,28L,28R
1202 116 55 twoway runway 10L/28R
1204 departure 10L,28R
1204 arrival 10L,28R
1204 ils 10L,28R
1202 83 20 twoway taxiway 8
1202 96 21 twoway taxiway 15
1202 106 107 twoway taxiway M
1202 107 22 twoway taxiway 20
1202 123 65 twoway taxiway M
1202 66 123 twoway taxiway M
1202 23 66 twoway taxiway 48
1202 24 67 twoway taxiway 47
1202 71 25 twoway taxiway 45
1202 72 26 twoway taxiway 44
1202 27 69 twoway taxiway 46
1202 28 65 twoway taxiway 49
1202 73 29 twoway taxiway 43
1202 30 84 twoway taxiway 41
1202 31 82 twoway taxiway 42
1202 32 89 twoway taxiway 37
1202 33 87 twoway taxiway 38
1202 34 86 twoway taxiway 39
1202 35 91 twoway taxiway 36
1202 36 93 twoway taxiway 35
1202 37 98 twoway taxiway 32
1202 38 100 twoway taxiway 31
1202 105 39 twoway taxiway 19
1202 103 40 twoway taxiway 18
1202 101 41 twoway taxiway 17
1202 99 42 twoway taxiway 16
1202 94 43 twoway taxiway 14
1202 92 44 twoway taxiway 13
1202 90 45 twoway taxiway 12
1202 88 46 twoway taxiway 11
1202 86 47 twoway taxiway 10
1202 85 48 twoway taxiway 40
1202 85 49 twoway taxiway 9
1202 74 51 twoway taxiway 6
1202 81 50 twoway taxiway 7
1202 70 52 twoway taxiway 4
1202 68 53 twoway taxiway 3
1202 64 54 twoway taxiway 1
1202 59 60 twoway taxiway A1
1204 ils 10L,10R,28L,28R
1202 60 75 twoway taxiway A1
1204 departure 10R,28L
1204 arrival 10R,28L
1202 55 59 twoway taxiway A1
1204 departure 10L,28R
1204 arrival 10L,28R
1202 61 62 twoway taxiway A3
1204 ils 10L,10R,28L,28R
1202 62 78 twoway taxiway A3
1204 departure 10R,28L
1204 arrival 10R,28L
1202 56 61 twoway taxiway A3
1204 departure 10L,28R
1204 arrival 10L,28R
1202 103 105 twoway taxiway M
1202 105 106 twoway taxiway M
1202 81 82 twoway taxiway M
1202 82 83 twoway taxiway M
1202 83 84 twoway taxiway M
1202 84 85 twoway taxiway M
1202 85 86 twoway taxiway M
1202 86 87 twoway taxiway M
1202 87 88 twoway taxiway M
1202 88 89 twoway taxiway M
1202 89 90 twoway taxiway M
1202 90 91 twoway taxiway M
1202 91 92 twoway taxiway M
1202 92 93 twoway taxiway M
1202 93 94 twoway taxiway M
1202 94 95 twoway taxiway M
1202 95 96 twoway taxiway M
1202 96 97 twoway taxiway M
1202 97 98 twoway taxiway M
1202 98 99 twoway taxiway M
1202 99 100 twoway taxiway M
1202 100 101 twoway taxiway M
1202 101 102 twoway taxiway M
1202 102 103 twoway taxiway M
1202 63 64 twoway taxiway M
1202 64 65 twoway taxiway M
1202 66 67 twoway taxiway M
1202 67 68 twoway taxiway M
1202 68 69 twoway taxiway M
1202 69 70 twoway taxiway M
1202 70 71 twoway taxiway M
1202 71 121 twoway taxiway M
1202 121 72 twoway taxiway M
1202 72 73 twoway taxiway M
1202 73 74 twoway taxiway M
1202 74 81 twoway taxiway M
1202 75 76 twoway taxiway A2
1204 departure 10R,28L
1204 arrival 10R,28L
1202 76 77 twoway taxiway A2
1204 ils 10R,28L
1202 77 63 twoway taxiway A2
1202 78 79 twoway runway 10R/28L
1204 departure 10R,28L
1204 arrival 10R,28L
1204 ils 10R,28L
1202 79 80 twoway runway 10R/28L
1204 departure 10R,28L
1204 arrival 10R,28L
1204 ils 10R,28L
1202 80 104 twoway runway 10R/28L
1204 departure 10R,28L
1204 arrival 10R,28L
1204 ils 10R,28L
1202 104 117 twoway runway 10R/28L
1204 departure 10R,28L
1204 arrival 10R,28L
1204 ils 10R,28L
1202 117 75 twoway taxiway A
1204 departure 10R,28L
1204 arrival 10R,28L
1204 ils 10R,28L
1202 117 118 twoway taxiway B1
1204 departure 10R,28L
1204 arrival 10R,28L
1202 118 119 twoway taxiway B1
1204 ils 10R,28L
1202 119 81 twoway taxiway B1
1202 121 120 twoway taxiway 5
1202 123 122 twoway taxiway 2
1202 95 124 twoway taxiway 34
1202 125 102 twoway taxiway C1
1202 126 125 twoway taxiway C1
1204 ils 10R,28L
1202 104 126 twoway taxiway C1
1204 departure 10R,28L
1204 arrival 10R,28L
1202 58 80 oneway taxiway C
1204 departure 10L,10R,28L,28R
1204 arrival 10L,10R,28L,28R
1204 ils 10L,10R,28L,28R
1202 57 79 oneway taxiway D
1204 departure 10L,10R,28L,28R
1204 arrival 10L,10R,28L,28R
1204 ils 10L,10R,28L,28R
1202 116 117 oneway taxiway B
1204 departure 10L,10R,28L,28R
1204 arrival 10L,10R,28L,28R
1204 ils 10L,10R,28L,28R
99
