4725.6 -4124.3 -295.4 151 0 13.7 18.5 14.0 3.5 2 1 4 1 1
-5594.6 6536.4 -304.1 246 0 12.9 9.4 7.5 2.5 2 0 3 5 5
-6122.8 6790.7 -310.9 63 0 23.5 13.6 10.0 2.5 2 0 4 1 1
-6739.7 7379.9 -289.4 334 0 12.1 20.3 10.0 2.5 2 1 4 5 5
5818.7 9504.6 271.3 351 0 16.6 19.6 10.0 2.5 2 1 4 3 3
-3260.9 3194.0 -290.1 335 0 27.1 19.6 10.0 2.5 2 0 4 4 4
-3273.9 3223.5 -288.5 335 0 27.1 19.5 12.5 2.5 2 0 5 0 0
-3861.8 4235.7 -304.4 41 0 63.1 15.0 12.5 0.0 0 0 5 3 3
4975.1 9080.1 296.0 84 0 13.6 10.8 5.0 2.5 2 0 2 3 3
5726.4 -3271.5 -302.6 152 0 15.7 24.0 12.5 2.5 2 1 5 4 4
