2232.0 3034.4 -53.4 156 0 22.8 21.8 5.0 2.5 2 0 2 4 4
2655.0 2993.7 -50.2 56 0 20.4 18.0 10.0 2.5 2 0 4 4 4
2334.2 2474.0 -52.9 330 0 12.3 20.6 7.5 2.5 2 1 3 4 4
3217.3 2648.7 -29.3 254 0 18.2 17.3 10.0 0.0 0 0 4 2 2
4648.7 2041.0 -37.2 327 0 22.9 20.5 10.0 2.5 2 0 4 2 2
3555.6 1764.3 -35.1 244 0 18.7 18.5 7.5 2.5 2 0 3 1 1
3341.9 1741.4 -37.8 262 0 20.2 13.7 7.5 2.5 2 0 3 5 5
3143.3 2165.1 -27.0 241 0 17.0 12.5 10.0 2.5 2 0 4 5 5
2826.1 2198.7 -12.8 61 0 17.2 12.4 5.0 2.5 2 0 2 2 2
4424.3 -7941.4 -18.2 337 0 10.6 15.1 7.5 2.5 2 1 3 1 1
5463.4 -9817.3 51.6 334 0 14.9 23.0 15.0 0.0 0 1 6 2 2
5406.8 -1855.1 7.8 334 0 10.8 17.0 7.5 2.5 2 1 3 3 3
3469.0 -5375.2 -46.5 289 0 14.6 25.8 7.5 0.0 0 1 3 1 1
2801.3 1908.1 4.7 18 0 36.6 14.6 10.0 2.5 4 0 4 5 5
2787.7 1948.2 0.6 16 0 17.9 50.7 10.0 2.5 2 1 4 5 5
1430.5 -132.1 -49.0 154 0 20.3 25.9 10.0 2.5 2 1 4 2 2
-1764.8 2322.6 -61.7 160 0 12.8 22.0 10.0 2.5 2 1 4 3 3
3289.8 3342.5 -45.4 149 0 8.1 17.5 5.0 2.5 2 1 2 2 2
3082.7 3336.0 -49.2 64 0 23.8 17.1 7.5 2.5 2 0 3 0 0
3033.1 1369.6 -35.9 241 0 37.4 26.9 12.5 0.0 0 0 5 0 0
3465.5 3811.3 -51.1 242 0 22.2 15.7 7.5 2.5 2 0 3 3 3
2749.4 4119.0 -54.2 248 0 22.4 14.8 7.5 2.5 2 0 3 4 4
1509.7 -6922.0 -49.1 330 0 22.1 22.3 7.5 2.5 2 1 3 4 4
1849.9 2705.2 -56.1 155 0 19.8 17.0 7.5 2.5 2 0 3 0 0
2551.3 2656.6 -51.1 348 0 9.2 15.2 5.0 2.5 2 1 2 0 0
1843.0 2735.2 -56.4 180 0 19.7 16.0 15.0 0.0 0 0 6 4 4
1847.8 2761.8 -56.6 193 0 19.8 15.4 5.0 0.0 0 0 2 1 1
2372.2 1472.1 -30.5 203 0 23.0 14.5 12.5 2.5 2 0 5 4 4
2387.2 1504.1 -30.5 203 0 18.7 13.4 10.0 0.0 0 0 4 2 2
2397.5 1531.7 -30.0 203 0 18.7 13.4 12.5 2.5 4 0 5 1 1
2373.7 1544.0 -35.2 23 0 18.7 13.4 12.5 2.5 2 0 5 2 2
2365.2 1520.7 -35.9 23 0 18.7 13.4 10.0 2.5 2 0 4 0 0
2355.3 1496.4 -36.1 23 0 18.7 13.4 7.5 2.5 2 0 3 1 1
-4096.7 -1251.1 -34.0 5 0 16.9 121.9 12.5 0.0 0 1 5 2 2
-4076.1 -1039.8 -32.8 5 0 16.9 121.9 10.0 0.0 0 1 4 2 2
-4058.1 -866.6 -31.9 5 0 16.9 121.9 10.0 0.0 0 1 4 1 1
-3414.0 -1300.9 -49.8 8 0 16.9 121.9 12.5 0.0 0 1 5 3 3
-3391.5 -1378.8 -46.9 8 0 16.9 121.9 12.5 0.0 0 1 5 4 4
-3259.1 -1483.9 -45.0 11 0 16.9 121.9 12.5 0.0 0 1 5 5 5
-3294.6 -1119.5 -56.2 287 0 122.0 17.0 10.0 0.0 0 0 4 2 2
-3098.5 -1316.3 -41.2 282 0 122.0 17.0 12.5 0.0 0 0 5 4 4
-2989.1 -1434.9 -34.6 277 0 122.0 17.0 12.5 0.0 0 0 5 5 5
-3968.7 -498.6 -38.5 91 0 121.3 17.7 7.5 0.0 0 0 3 4 4
-3866.7 -367.5 -38.0 91 0 121.3 17.7 5.0 0.0 0 0 2 0 0
-3767.6 -501.8 -39.0 91 0 121.3 17.7 5.0 0.0 0 0 2 5 5
-4800.6 -300.5 -41.0 263 0 120.8 18.2 15.0 0.0 0 0 6 4 4
-2265.9 -8300.4 -64.5 24 0 9.1 9.0 5.0 2.5 2 0 2 2 2
-2257.0 -8281.1 -64.4 24 0 23.5 10.1 7.5 2.5 2 0 3 5 5
-3627.2 -7448.2 -65.0 196 0 3.9 6.4 7.5 2.5 2 1 3 0 0
-3836.3 -7840.1 -65.8 98 0 5.6 8.2 5.0 0.0 0 1 2 1 1
-5694.5 -6549.1 -67.4 107 0 12.6 17.2 5.0 2.5 2 1 2 2 2
