-3358.3 739.0 -45.7 271 0 10.5 42.5 7.5 2.5 2 1 3 2 2
-3330.4 687.0 -46.9 93 0 40.1 14.1 12.5 2.5 2 0 5 1 1
-3300.6 738.5 -46.8 271 0 11.5 43.0 10.0 2.5 2 1 4 5 5
-3329.4 751.2 -43.5 270 0 45.7 11.9 10.0 0.0 0 0 4 1 1
-4722.3 -4583.8 7.6 108 0 19.5 117.2 12.5 0.0 0 1 5 4 4
-4699.2 -4591.1 9.8 108 0 19.5 117.2 10.0 0.0 0 1 4 3 3
-4631.7 -4403.9 15.6 1 0 99.3 18.2 10.0 0.0 0 0 4 1 1
-4782.6 -4574.0 3.9 108 0 19.5 109.4 12.5 0.0 0 1 5 3 3
-4752.3 -4334.0 7.6 271 0 18.2 119.7 12.5 0.0 0 1 5 0 0
-4668.0 -4333.8 12.9 271 0 18.2 119.7 10.0 0.0 0 1 4 2 2
-4809.5 -4333.5 4.0 271 0 18.2 119.7 12.5 0.0 0 1 5 5 5
-4839.2 -4331.4 2.1 271 0 18.2 119.7 7.5 0.0 0 1 3 3 3
-4838.6 -4571.1 0.4 108 0 19.5 84.3 12.5 0.0 0 1 5 5 5
-4808.6 -4566.5 2.3 108 0 19.5 99.0 12.5 0.0 0 1 5 3 3
-4782.0 -4333.5 5.7 271 0 18.2 119.7 10.0 0.0 0 1 4 3 3
-4628.7 -4552.2 13.3 18 0 117.2 19.5 10.0 0.0 0 0 4 5 5
-4695.1 -4334.0 11.2 271 0 18.2 119.7 10.0 0.0 0 1 4 5 5
-4723.2 -4333.5 9.4 271 0 18.2 119.7 12.5 0.0 0 1 5 1 1
-4752.5 -4577.5 5.7 108 0 19.5 109.4 12.5 0.0 0 1 5 3 3
6946.8 6625.1 -40.8 286 0 27.8 71.1 10.0 0.0 0 1 4 0 0
4845.9 7206.0 -46.7 98 0 12.1 18.9 2.5 2.5 2 1 1 1 1
5413.1 8031.1 -42.8 323 0 10.8 16.1 5.0 2.5 2 1 2 4 4
6559.2 7421.4 -43.1 333 0 16.4 10.4 2.5 0.0 0 0 1 4 4
6515.8 7421.0 -43.4 156 0 29.1 29.0 10.0 0.0 0 0 4 2 2
6834.6 7425.9 -40.5 135 0 25.9 5.8 5.0 2.5 2 0 2 0 0
6882.7 7388.2 -40.3 43 0 7.7 24.4 5.0 2.5 2 1 2 3 3
6706.9 7663.7 -39.5 327 0 9.4 16.2 7.5 2.5 2 1 3 0 0
4119.3 1240.6 11.7 223 0 7.0 7.4 2.5 2.5 2 1 1 4 4
4082.6 1355.8 10.8 134 0 5.9 4.2 5.0 2.5 2 0 2 3 3
4599.0 1782.4 -22.7 128 0 30.2 13.9 10.0 2.5 2 0 4 0 0
4799.8 2138.4 -33.0 240 0 10.8 18.8 7.5 2.5 2 1 3 5 5
4866.9 2204.4 -34.0 148 0 36.6 16.1 10.0 0.0 0 0 4 1 1
4952.8 2305.6 -35.2 318 0 38.6 18.9 10.0 2.5 2 0 4 3 3
3853.0 670.9 35.6 242 0 12.6 13.4 2.5 2.5 2 1 1 5 5
4039.7 2726.4 -11.5 16 0 93.1 45.5 12.5 0.0 0 0 5 1 1
3873.7 2625.2 -14.8 340 0 96.7 31.8 15.0 0.0 0 0 6 0 0
4023.0 1247.2 12.1 216 0 4.9 6.1 7.5 2.5 2 1 3 3 3
4011.4 1234.0 11.7 313 0 18.5 9.8 5.0 2.5 2 0 2 2 2
5776.9 -6418.3 40.2 344 0 10.2 15.1 2.5 0.0 0 1 1 2 2
-6521.3 -189.0 -22.2 191 0 23.3 20.7 7.5 2.5 2 0 3 4 4
-6522.6 -227.0 -17.5 149 0 4.9 12.0 2.5 0.0 0 1 1 5 5
-6559.7 -220.1 -20.0 98 0 6.8 22.8 5.0 2.5 2 1 2 3 3
-6573.0 -239.5 -15.4 243 0 16.9 13.7 7.5 2.5 2 0 3 5 5
-6516.6 -166.1 -24.7 192 0 17.8 21.1 12.5 2.5 2 0 5 0 0
-6544.7 -171.3 -25.3 103 0 18.6 18.1 12.5 2.5 2 0 5 2 2
-6539.0 -134.0 -27.8 282 0 24.3 18.6 10.0 2.5 4 0 4 5 5
-6554.9 -130.4 -28.0 284 0 8.3 15.6 7.5 2.5 2 0 3 4 4
-6569.7 -161.4 -26.5 102 0 24.1 17.8 10.0 2.5 2 0 4 3 3
-1631.7 -7292.3 -48.6 8 0 50.9 25.6 10.0 0.0 0 0 4 2 2
-4834.0 -1610.2 -42.2 191 0 134.4 17.7 12.5 0.0 0 0 5 5 5
-4755.8 -1606.1 -39.9 10 0 97.8 17.0 10.0 0.0 0 0 4 5 5
-4768.6 -1713.2 -39.3 9 0 12.8 21.4 7.5 2.5 2 1 3 3 3
-4840.7 -1695.3 -41.8 98 0 18.3 13.6 8.0 2.5 4 0 2 4 4
-4770.0 -1460.6 -43.2 282 0 80.9 48.5 12.5 0.0 0 0 5 0 0
-2037.5 -9861.5 -49.7 102 0 13.2 16.3 5.0 2.5 2 1 2 4 4
737.8 9884.8 -51.0 202 0 6.4 3.3 2.5 2.5 2 0 1 0 0
666.6 9760.9 -51.0 205 0 5.4 10.3 5.0 0.0 0 1 2 1 1
2319.7 2870.1 -30.9 322 0 11.2 20.5 5.0 2.5 2 1 2 5 5
-279.1 3468.5 -34.7 326 0 13.1 13.7 10.0 2.5 2 1 4 5 5
-2590.3 3222.3 -37.2 346 0 9.9 12.9 5.0 2.5 2 1 2 2 2
-3325.6 836.7 -33.9 322 0 10.8 17.3 5.0 2.5 2 1 2 1 1
4809.1 7912.4 -35.8 354 0 12.4 11.5 7.5 0.0 0 0 3 5 5
4813.4 7925.8 -35.2 358 0 8.7 9.7 5.0 0.0 0 1 2 0 0
4750.2 7969.7 -32.7 241 0 12.7 10.7 7.5 2.5 4 0 3 3 3
4716.4 7832.1 -34.0 143 0 10.7 9.1 5.0 2.5 2 0 2 0 0
4702.0 7831.6 -33.3 321 0 14.1 14.1 10.0 2.5 2 1 4 5 5
4684.1 7853.7 -31.9 323 0 8.2 11.5 7.5 2.5 2 1 3 5 5
4697.5 7853.5 -32.8 139 0 11.8 10.1 2.5 2.5 4 0 1 0 0
4619.0 7946.3 -27.2 145 0 10.8 9.4 2.5 2.5 2 0 1 3 3
4600.2 7968.7 -25.9 142 0 10.2 8.4 7.5 2.5 2 0 3 1 1
4734.7 7810.1 -35.4 142 0 11.3 9.4 7.5 2.5 2 0 3 5 5
4614.0 7962.2 -26.6 138 0 9.1 14.9 7.5 2.5 2 1 3 2 2
4606.7 7943.5 -26.5 325 0 11.0 6.8 2.5 2.5 2 0 1 0 0
4575.8 7885.6 -27.0 163 0 7.6 17.7 5.0 2.5 2 1 2 0 0
4698.6 7654.4 -41.8 146 0 9.8 13.7 2.5 0.0 0 1 1 2 2
4716.9 7621.2 -45.1 150 0 11.6 12.4 2.5 2.5 2 1 1 0 0
4784.5 7671.3 -42.8 53 0 22.7 14.4 10.0 2.5 2 0 4 2 2
4759.8 7678.4 -41.4 57 0 6.2 15.0 7.5 2.5 2 1 3 2 2
4776.3 7814.2 -37.1 144 0 4.9 14.0 7.5 2.5 4 1 3 2 2
4835.7 7829.1 -39.3 332 0 14.0 7.0 7.5 2.5 2 0 3 3 3
4868.8 7794.0 -40.7 156 0 18.8 6.6 7.5 2.5 2 0 3 1 1
4895.5 7844.0 -37.5 147 0 10.0 10.9 5.0 2.5 2 1 2 1 1
4694.5 7921.3 -31.4 234 0 18.3 12.6 7.5 2.5 2 0 3 4 4
4676.3 7858.7 -31.4 322 0 5.5 8.8 2.5 0.0 0 1 1 3 3
4692.1 7844.6 -32.5 322 0 11.7 12.5 10.0 2.5 2 1 4 4 4
4873.6 7939.6 -33.8 277 0 12.4 12.5 5.0 2.5 2 1 2 5 5
4906.5 7902.3 -35.3 320 0 7.0 21.0 7.5 2.5 2 1 3 1 1
4935.9 7948.1 -31.6 70 0 6.9 13.3 5.0 2.5 2 1 2 1 1
4964.1 7910.4 -33.3 347 0 10.4 8.5 7.5 2.5 2 0 3 1 1
4967.6 7941.0 -31.5 163 0 12.4 11.0 2.5 2.5 2 0 1 0 0
5012.9 7900.5 -34.2 253 0 8.4 8.6 5.0 2.5 2 1 2 4 4
4969.2 7890.5 -34.2 352 0 5.5 12.2 7.5 2.5 2 1 3 3 3
4796.3 7988.4 -32.5 346 0 7.4 8.0 5.0 2.5 2 1 2 4 4
4616.4 7627.9 -41.7 336 0 9.1 7.3 7.5 2.5 2 0 3 5 5
4665.6 7890.2 -30.5 142 0 13.0 6.4 5.0 2.5 4 0 2 1 1
4940.5 7784.7 -39.7 55 0 11.5 12.1 7.5 2.5 2 1 3 3 3
4954.2 7797.9 -38.9 59 0 15.7 9.6 7.5 2.5 2 0 3 4 4
4957.4 7811.1 -38.0 58 0 7.6 9.1 2.5 2.5 2 1 1 1 1
4897.8 8064.5 -26.9 344 0 11.0 7.6 7.5 2.5 2 0 3 1 1
4864.1 8062.0 -27.7 284 0 9.6 9.7 7.5 2.5 2 1 3 3 3
4814.0 8073.5 -28.0 189 0 17.2 6.9 5.0 2.5 2 0 2 5 5
4783.8 7718.5 -40.3 234 0 5.7 14.5 2.5 2.5 2 1 1 2 2
4788.8 7722.8 -40.0 234 0 4.3 13.5 7.5 2.5 2 1 3 3 3
4732.3 7796.0 -35.3 324 0 10.2 5.0 7.5 2.5 2 0 3 2 2
4711.8 7800.1 -34.3 326 0 10.0 6.6 5.0 2.5 2 0 2 5 5
4717.7 7805.0 -34.5 326 0 8.5 6.3 2.5 2.5 2 0 1 0 0
4723.4 7807.9 -34.7 327 0 9.8 4.9 7.5 2.5 2 0 3 3 3
4660.6 7958.5 -28.5 327 0 6.8 4.5 5.0 0.0 0 0 2 2 2
4618.8 8010.0 -25.5 327 0 5.2 27.2 7.5 2.5 2 1 3 5 5
4590.8 7978.0 -25.2 143 0 12.5 5.3 7.5 2.5 2 0 3 4 4
4623.3 7699.8 -36.7 232 0 8.9 7.9 7.5 2.5 2 0 3 1 1
4633.4 7689.7 -37.9 244 0 8.2 11.4 2.5 2.5 2 1 1 0 0
4617.0 7640.9 -40.9 149 0 18.1 7.7 5.0 2.5 2 0 2 3 3
4565.6 7654.4 -37.9 350 0 8.1 13.3 2.5 2.5 2 1 1 2 2
4576.5 7614.3 -42.5 263 0 4.9 13.5 5.0 2.5 2 1 2 4 4
4587.2 7584.4 -44.1 70 0 5.8 13.4 5.0 2.5 2 0 2 2 2
4590.9 7594.1 -43.4 61 0 7.0 6.7 2.5 2.5 2 0 1 5 5
4598.5 7602.2 -43.4 329 0 8.0 5.6 5.0 2.5 2 0 2 3 3
4567.7 7531.6 -45.1 136 0 8.7 6.5 7.5 2.5 2 0 3 5 5
4558.2 7581.0 -43.8 124 0 8.2 23.7 5.0 2.5 2 1 2 2 2
4468.3 7622.3 -37.5 92 0 6.6 12.5 5.0 2.5 2 1 2 3 3
4462.3 7597.7 -40.7 182 0 26.9 7.6 7.5 2.5 2 0 3 2 2
4513.7 7581.0 -42.9 287 0 8.4 6.6 2.5 2.5 2 0 1 1 1
4469.0 7679.2 -33.2 88 0 9.0 15.5 2.5 2.5 2 1 1 3 3
4506.3 7688.7 -33.6 73 0 7.1 14.8 5.0 2.5 2 1 2 3 3
4470.2 7738.7 -30.1 250 0 6.0 14.6 7.5 2.5 2 1 3 0 0
4443.2 7713.7 -30.1 75 0 5.9 12.8 5.0 2.5 2 1 2 1 1
4443.5 7744.6 -28.2 346 0 8.8 5.6 7.5 0.0 0 0 3 3 3
4455.5 7779.0 -26.3 345 0 12.3 9.7 7.5 2.5 2 0 3 4 4
4461.6 7767.1 -28.7 263 0 4.6 25.4 2.5 2.5 2 1 1 2 2
4510.6 7711.5 -32.6 330 0 14.3 4.4 7.5 2.5 2 0 3 4 4
4473.8 7672.9 -34.6 272 0 14.8 8.5 7.5 2.5 2 0 3 2 2
4510.0 7760.6 -28.6 78 0 7.3 16.2 7.5 2.5 2 1 3 5 5
4505.1 7780.5 -27.3 162 0 4.8 13.7 2.5 2.5 4 1 1 2 2
4407.0 7706.1 -29.6 63 0 6.6 14.7 5.0 2.5 2 1 2 0 0
4392.4 7691.7 -30.2 57 0 6.6 9.9 7.5 2.5 2 1 3 5 5
4388.9 7634.1 -34.2 83 0 12.9 8.8 5.0 2.5 2 0 2 3 3
4406.8 7676.9 -32.3 255 0 5.5 8.7 7.5 2.5 2 1 3 2 2
4353.3 7673.5 -30.9 267 0 15.0 4.6 7.5 2.5 4 0 3 0 0
4366.5 7687.6 -29.8 59 0 7.0 9.9 2.5 2.5 2 1 1 4 4
4403.0 7684.2 -31.2 85 0 20.2 5.6 7.5 2.5 2 0 3 5 5
4950.4 7873.3 -35.8 326 0 7.6 19.6 5.0 2.5 2 1 2 5 5
5000.3 7836.4 -38.4 165 0 5.8 13.9 5.0 2.5 2 1 2 0 0
4985.1 7841.5 -37.2 165 0 7.9 10.0 5.0 2.5 2 1 2 4 4
4978.4 7878.7 -34.6 178 0 13.8 15.4 5.0 2.5 2 1 2 5 5
5029.2 7875.1 -36.6 345 0 8.8 9.8 7.5 2.5 2 1 3 3 3
5049.0 7997.3 -27.9 347 0 9.0 5.9 2.5 2.5 2 0 1 2 2
4922.6 8008.8 -29.3 348 0 15.4 7.4 5.0 2.5 2 0 2 1 1
4798.7 8012.3 -31.2 173 0 16.2 6.4 5.0 2.5 2 0 2 4 4
4814.6 7853.5 -37.7 333 0 8.1 7.3 5.0 2.5 2 0 2 2 2
4842.3 7811.6 -40.1 323 0 19.8 6.8 7.5 2.5 2 0 3 1 1
