-4963.4 -7153.2 -59.4 294 0 6.9 10.1 7.5 2.5 2 1 3 2 2
-319.0 4414.1 -45.0 326 0 13.7 20.0 7.5 2.5 2 1 3 3 3
3611.5 4121.5 -55.6 87 0 19.0 15.9 10.0 2.5 2 0 4 2 2
4322.2 -1925.0 -5.3 352 0 19.2 18.7 7.5 2.5 2 0 3 0 0
4273.6 -1839.8 -6.4 241 0 16.0 9.9 5.0 2.5 2 0 2 1 1
-4037.3 -2415.4 51.7 78 0 14.5 10.1 5.0 2.5 4 0 2 4 4
5189.1 9273.3 -60.5 350 0 10.6 17.8 7.5 0.0 0 1 3 5 5
5496.1 9767.6 -62.9 72 0 18.0 12.7 7.5 2.5 2 0 3 2 2
6193.7 -1237.6 -26.9 77 0 69.7 12.7 10.0 2.5 4 0 4 1 1
6085.5 -1655.6 -15.0 272 0 12.5 80.0 10.0 2.5 2 1 4 5 5
6113.2 -1254.6 -25.1 78 0 68.7 12.7 12.5 2.5 2 0 5 3 3
6072.8 -1231.5 -26.2 167 0 13.1 80.3 10.0 2.5 2 1 4 3 3
6067.8 -1209.1 -27.0 168 0 13.5 80.9 10.0 2.5 2 1 4 5 5
6331.2 -4515.7 -29.5 350 0 11.5 16.4 2.5 2.5 2 1 1 3 3
