-5819.1 2033.2 -118.5 29 0 39.8 136.3 14.0 0.0 0 1 4 2 2
-5950.5 2508.4 -124.5 222 0 251.5 56.7 14.0 0.0 0 0 4 4 4
-5850.0 2422.0 -122.3 41 0 254.3 55.7 14.0 0.0 0 0 4 0 0
-5735.8 2533.9 -122.5 41 0 30.6 90.5 14.0 0.0 0 1 4 4 4
3348.0 6896.0 -52.5 274 0 25.5 48.9 14.0 0.0 0 1 4 1 1
3472.6 4739.2 -55.0 299 0 65.6 73.7 10.5 0.0 0 1 3 0 0
-6599.7 1378.4 -123.9 308 0 43.3 24.8 17.5 0.0 0 0 5 1 1
-6646.9 1365.1 -124.7 216 0 21.1 43.0 17.5 0.0 0 1 5 5 5
6622.3 5254.8 -10.8 102 0 140.8 69.7 15.0 0.0 0 0 6 3 3
3195.1 5468.4 -46.3 7 0 34.6 30.3 12.5 0.0 0 0 5 3 3
6839.3 7264.5 -44.0 314 0 14.3 24.3 14.0 0.0 0 1 4 4 4
6815.6 7287.9 -42.5 317 0 14.3 24.4 14.0 0.0 0 1 4 1 1
-5551.2 2751.7 -115.7 61 0 21.3 20.0 10.0 2.5 2 0 4 5 5
-5057.3 3463.4 -116.3 153 0 16.9 16.7 10.0 2.5 4 0 4 3 3
-2591.3 6223.9 -3.8 155 0 20.5 23.0 14.0 3.5 2 1 4 5 5
-1331.0 6782.9 63.6 75 0 14.7 18.1 14.0 3.5 2 1 4 5 5
2697.2 -9770.4 -56.5 56 0 14.4 14.3 5.0 2.5 2 0 2 3 3
6012.4 7318.7 -24.4 356 0 17.0 22.7 14.0 3.5 2 1 4 3 3
6037.8 6909.4 -40.1 61 0 23.2 20.1 14.0 3.5 4 0 4 0 0
6261.6 6761.3 -44.1 241 0 19.8 12.9 14.0 3.5 2 0 4 0 0
5643.7 7482.9 -14.0 333 0 19.2 32.6 14.0 0.0 0 1 4 2 2
5276.9 7262.1 -26.4 60 0 31.2 19.3 14.0 0.0 0 0 4 1 1
5254.9 5237.4 -32.0 64 0 24.6 14.3 14.0 3.5 2 0 4 3 3
5740.1 6697.7 -43.0 179 0 12.1 21.7 14.0 3.5 2 1 4 5 5
5272.0 7010.0 -33.5 332 0 47.8 65.8 10.5 0.0 0 1 3 1 1
4703.1 6852.6 -48.9 177 0 18.4 33.9 14.0 3.5 2 1 4 2 2
4961.9 6362.5 -53.5 158 0 180.9 81.2 14.0 0.0 0 0 4 5 5
4753.3 5745.3 -36.4 152 0 17.6 21.2 14.0 3.5 2 1 4 4 4
6196.1 4953.5 5.4 332 0 20.2 28.9 10.0 0.0 0 1 4 2 2
5563.0 6280.3 -52.1 71 0 254.8 97.2 14.0 0.0 0 0 4 3 3
-876.0 5660.3 118.7 332 0 14.0 15.0 14.0 3.5 2 1 4 4 4
4377.3 5822.8 -53.7 81 0 21.7 17.1 10.5 3.5 2 0 3 4 4
6351.7 8370.2 8.0 64 0 22.1 14.1 10.5 3.5 2 0 3 2 2
6949.0 6051.5 -47.0 259 0 51.3 32.8 14.0 0.0 0 0 4 3 3
6778.7 7231.7 -43.5 314 0 14.3 24.3 14.0 0.0 0 1 4 5 5
6739.3 7207.5 -43.4 257 0 14.2 25.4 14.0 0.0 0 1 4 4 4
6641.7 7032.5 -43.8 122 0 18.0 33.3 14.0 0.0 0 1 4 2 2
6691.4 7090.9 -43.4 32 0 33.3 19.9 14.0 0.0 0 0 4 2 2
6720.1 7138.8 -43.4 32 0 33.3 19.9 14.0 0.0 0 0 4 5 5
6663.8 7203.7 -41.6 222 0 20.0 33.3 14.0 0.0 0 1 4 3 3
6618.3 7201.9 -39.7 212 0 33.3 19.9 14.0 0.0 0 0 4 2 2
6586.5 7153.6 -40.5 212 0 33.3 19.9 14.0 0.0 0 0 4 2 2
6552.1 7111.7 -41.7 212 0 33.3 19.9 14.0 0.0 0 0 4 2 2
6630.1 7118.8 -41.7 212 0 33.3 19.9 14.0 0.0 0 0 4 1 1
6575.7 7055.1 -43.0 126 0 33.3 20.0 14.0 0.0 0 0 4 0 0
4584.5 8096.6 -25.9 320 0 42.4 29.3 10.0 0.0 0 0 4 5 5
4426.9 8123.8 -39.1 237 0 14.1 13.7 10.5 3.5 2 0 3 1 1
4442.7 8126.0 -37.7 238 0 9.9 7.3 10.5 3.5 2 0 3 2 2
4355.8 8205.4 -49.9 74 0 13.8 14.8 5.0 2.5 2 1 2 0 0
4362.9 8271.0 -48.9 256 0 15.3 32.0 10.0 2.5 2 1 4 5 5
2860.3 5451.0 -28.4 60 1 12.6 18.8 14.0 0.0 0 1 4 4 4
2835.7 5456.3 -27.1 61 1 11.6 19.7 14.0 3.5 2 1 4 5 5
2866.7 5488.2 -28.7 329 1 13.6 16.5 14.0 3.5 2 1 4 1 1
2842.8 5492.6 -27.8 332 1 12.0 15.5 14.0 3.5 2 1 4 1 1
6772.1 7587.7 -30.8 123 0 26.4 28.6 10.0 0.0 0 1 4 1 1
6816.5 7558.9 -32.3 124 0 10.2 32.7 17.5 0.0 0 1 7 5 5
6027.6 6600.2 -47.7 359 0 28.3 18.6 10.5 3.5 2 0 3 3 3
5928.0 6572.0 -47.0 89 0 12.0 30.7 14.0 3.5 2 1 4 2 2
6280.9 4221.2 -30.2 330 0 20.3 23.7 14.0 3.5 2 1 4 5 5
6826.7 5782.4 -39.1 29 0 126.7 43.0 14.0 0.0 0 0 4 4 4
6613.9 6063.3 -51.2 168 0 100.4 206.4 14.0 0.0 0 1 4 4 4
6696.3 6359.2 -52.5 257 0 9.2 22.1 12.0 3.5 4 1 3 4 4
6608.2 6621.3 -50.6 257 0 52.4 40.1 14.0 0.0 0 0 4 2 2
6470.4 6472.7 -51.3 168 0 99.4 189.7 14.0 0.0 0 1 4 0 0
6601.2 6424.0 -52.7 257 0 115.1 119.5 14.0 0.0 0 1 4 1 1
6524.0 6342.8 -51.6 257 0 48.5 26.6 14.0 0.0 0 0 4 2 2
6463.0 6333.0 -50.6 257 0 41.9 72.6 14.0 0.0 0 1 4 1 1
6585.8 6163.4 -50.9 77 0 6.9 24.0 12.0 3.5 2 0 3 2 2
6610.7 6156.1 -51.5 77 0 38.6 56.2 14.0 0.0 0 0 4 1 1
6371.4 6593.3 -50.5 257 0 19.0 69.6 14.0 3.5 2 1 4 2 2
5995.0 6312.2 -50.0 77 0 32.6 38.8 14.0 0.0 0 1 4 0 0
6007.9 6386.3 -50.1 257 0 20.4 69.6 14.0 3.5 4 1 4 5 5
6415.5 6192.3 -49.5 77 0 12.7 38.1 14.0 3.5 2 0 4 4 4
6275.3 6171.4 -49.7 77 0 12.2 19.6 16.0 3.5 2 0 4 1 1
6172.7 6292.2 -50.0 168 0 13.4 11.8 16.0 3.5 2 0 4 2 2
6144.0 6144.4 -49.2 168 0 27.8 39.1 14.0 0.0 0 0 4 0 0
6935.2 6166.1 -47.2 78 0 8.0 93.8 10.5 3.5 2 1 3 0 0
6863.1 6324.4 -49.3 168 0 19.2 19.1 14.0 3.5 2 0 4 4 4
6864.3 6314.8 -49.6 258 0 21.7 21.2 14.0 3.5 2 0 4 2 2
6843.7 6423.1 -51.4 168 0 93.8 199.9 14.0 0.0 0 1 4 5 5
6929.7 6676.5 -49.8 76 0 50.5 15.0 14.0 3.5 2 0 4 1 1
6856.2 6602.1 -50.1 166 0 40.3 11.1 14.0 3.5 2 0 4 5 5
6880.9 6600.5 -49.5 346 0 25.5 12.6 14.0 3.5 2 0 4 3 3
6799.2 6630.6 -51.7 166 0 113.4 45.0 14.0 0.0 0 0 4 0 0
3930.9 8205.5 -57.1 83 0 10.7 10.5 14.0 0.0 0 0 4 0 0
4003.2 8151.8 -56.8 265 0 10.5 17.3 14.0 3.5 2 1 4 4 4
3926.3 8088.2 -57.7 264 0 18.4 7.4 10.5 3.5 2 0 3 2 2
3901.4 8132.9 -57.9 263 0 9.1 24.9 10.5 3.5 2 1 3 3 3
3870.6 8243.2 -57.9 353 0 18.1 13.2 14.0 0.0 0 0 4 3 3
3879.9 8165.5 -57.8 353 0 15.3 10.0 14.0 3.5 2 0 4 3 3
3881.1 8193.1 -57.6 353 0 19.2 12.8 14.0 3.5 2 0 4 2 2
4064.3 7910.8 -57.8 354 0 57.6 19.9 7.5 2.5 2 0 3 1 1
3882.7 8004.7 -58.3 175 0 3.8 16.3 12.0 3.5 2 0 3 0 0
3875.5 8047.4 -58.3 265 0 7.0 33.0 12.0 3.5 2 0 3 2 2
6715.5 8529.7 16.6 29 0 18.7 39.7 14.0 0.0 0 1 4 3 3
3961.5 8091.8 -57.4 353 0 12.5 17.0 14.0 3.5 2 1 4 0 0
3970.9 8078.3 -57.2 82 0 7.0 26.5 10.5 3.5 2 1 3 0 0
3952.3 8118.1 -57.4 262 0 20.9 10.4 14.0 3.5 2 0 4 3 3
3959.5 8143.2 -57.3 262 0 7.7 23.9 10.5 3.5 2 0 3 3 3
3886.2 8393.2 -60.3 93 0 9.2 9.0 10.5 3.5 2 0 3 0 0
6939.6 7411.7 -40.7 321 0 13.0 23.1 14.0 0.0 0 1 4 4 4
3218.8 4408.7 -52.4 87 0 13.8 6.1 10.5 3.5 2 0 3 5 5
6152.0 9344.0 -9.4 295 0 16.0 25.3 14.0 3.5 2 1 4 5 5
-4386.0 4913.5 -82.3 40 0 22.6 19.9 12.5 2.5 4 0 5 0 0
6599.4 -8614.3 -63.1 278 0 10.9 8.7 7.5 2.5 2 0 3 1 1
6615.5 -8622.9 -63.4 280 0 13.7 11.6 7.5 2.5 2 0 3 1 1
6335.3 -8528.6 -62.6 94 0 9.9 13.0 2.5 2.5 2 1 1 4 4
6423.0 -8521.8 -61.4 286 0 9.6 13.5 7.5 2.5 2 1 3 2 2
6317.6 -8594.7 -67.9 283 0 23.2 8.6 7.5 2.5 2 0 3 0 0
6487.8 -8531.8 -60.1 102 0 18.0 14.5 10.0 2.5 2 0 4 1 1
3179.3 6390.9 -46.2 327 0 16.9 24.0 10.5 3.5 2 1 3 0 0
4347.1 5675.8 -55.8 231 0 38.8 17.4 14.0 3.5 2 0 4 4 4
4329.6 5716.3 -55.3 131 0 12.6 4.9 10.5 3.5 2 0 3 3 3
4334.0 5687.1 -55.6 50 0 10.0 14.4 14.0 3.5 2 1 4 4 4
3303.9 10179.1 -56.9 316 0 130.7 20.7 14.0 0.0 0 0 4 4 4
5954.2 3199.6 -42.6 160 0 10.7 18.5 14.0 3.5 2 1 4 4 4
6691.0 10485.4 -34.4 242 0 31.8 30.3 14.0 0.0 0 0 4 1 1
6272.7 7738.6 -13.4 162 0 13.3 24.3 10.5 3.5 2 1 3 4 4
5915.2 7477.7 -15.7 343 0 9.7 15.7 10.5 3.5 2 1 3 3 3
