-116.1 -7567.6 87.5 266 0 12.0 13.5 2.5 2.5 2 1 1 2 2
4143.2 -8591.9 -45.0 308 0 56.0 11.4 10.0 0.0 0 0 4 3 3
-68.3 -7632.4 88.8 65 0 10.0 8.9 7.5 2.5 2 0 3 1 1
5451.2 -8659.0 -95.7 246 0 10.1 15.8 5.0 2.5 2 1 2 5 5
5376.6 -8705.9 -96.8 156 0 10.1 12.7 5.0 2.5 4 1 2 5 5
5357.0 -8689.4 -92.3 174 0 10.1 12.7 7.5 0.0 0 1 3 2 2
5389.0 -8542.9 -94.4 206 0 17.4 37.2 10.0 2.5 2 1 4 3 3
5321.6 -8335.1 -83.4 109 0 6.3 6.5 7.5 2.5 4 1 3 2 2
5283.9 -8402.0 -90.4 276 0 15.2 7.3 7.5 2.5 2 0 3 0 0
5095.9 -8297.3 -82.1 291 0 4.4 5.8 7.5 2.5 2 1 3 0 0
2093.2 -8155.8 -39.0 259 0 16.4 14.6 2.5 2.5 2 0 1 3 3
765.1 -6722.0 -93.7 87 0 9.9 12.4 5.0 2.5 2 1 2 4 4
763.0 -6693.4 -94.0 268 0 9.1 9.3 7.5 2.5 2 1 3 4 4
780.6 -7143.3 -88.3 87 0 13.6 22.1 12.5 2.5 2 1 5 0 0
772.2 -7058.0 -90.7 263 0 13.4 44.8 10.0 0.0 0 0 4 0 0
759.7 -7059.6 -89.4 263 0 11.9 44.8 12.5 2.5 4 0 5 4 4
739.6 -7017.7 -88.2 264 0 13.4 56.4 12.5 2.5 2 1 5 1 1
775.3 -7026.1 -90.6 355 0 20.8 13.4 10.0 2.5 2 0 4 4 4
797.0 -7013.7 -92.9 265 0 14.1 30.3 7.5 2.5 2 1 3 2 2
830.7 -7040.5 -94.8 357 0 21.4 15.5 12.5 2.5 2 0 5 1 1
841.8 -7059.0 -97.4 177 0 21.4 21.3 12.5 2.5 2 0 5 2 2
848.2 -7089.4 -96.6 87 0 9.7 20.1 7.5 2.5 2 0 3 0 0
845.5 -7033.5 -95.9 86 0 20.8 23.3 12.5 2.5 4 0 5 1 1
817.5 -6997.4 -94.7 85 0 15.3 37.7 10.0 2.5 2 0 4 2 2
813.0 -7005.0 -95.4 176 0 14.8 28.7 10.0 2.5 2 0 4 2 2
738.9 -7004.7 -87.9 83 0 14.8 29.9 10.0 0.0 0 1 4 1 1
718.4 -7005.8 -86.3 82 0 12.4 28.2 10.0 2.5 2 1 4 3 3
785.1 -6978.6 -91.7 83 0 11.8 17.2 7.5 2.5 2 1 3 4 4
831.9 -7081.5 -94.9 359 0 7.7 20.3 7.5 2.5 4 0 3 5 5
824.7 -7069.9 -95.2 269 0 19.9 7.9 7.5 2.5 2 0 3 2 2
777.8 -6901.7 -93.6 175 0 22.1 12.6 12.5 2.5 2 0 5 4 4
781.0 -6866.8 -94.1 266 0 10.7 14.3 5.0 2.5 2 1 2 5 5
639.0 -6958.9 -81.2 150 0 10.7 16.0 5.0 2.5 2 1 2 4 4
684.0 -6966.8 -83.3 355 0 18.6 10.7 5.0 2.5 2 0 2 0 0
708.8 -7171.8 -75.6 19 0 5.4 32.6 2.5 2.5 2 1 1 5 5
671.6 -7149.6 -76.4 171 0 17.5 5.7 7.5 2.5 2 0 3 4 4
688.3 -7122.1 -79.1 352 0 19.0 11.2 7.5 0.0 0 0 3 2 2
685.4 -7100.4 -79.9 350 0 12.4 10.7 7.5 2.5 2 0 3 5 5
681.9 -7079.4 -80.9 352 0 13.8 10.5 7.5 2.5 2 0 3 0 0
829.9 -6924.2 -96.8 263 0 16.0 20.0 12.5 2.5 2 1 5 1 1
650.1 -6556.5 -88.7 78 0 8.5 11.9 5.0 2.5 2 1 2 2 2
