-3264.7 -1552.4 -9.1 328 0 13.4 16.5 17.5 3.5 2 1 5 1 1
-3108.0 -1319.2 0.6 39 0 27.5 31.8 17.5 0.0 0 0 5 0 0
-2274.9 -1098.2 -5.0 4 0 18.5 29.9 17.5 3.5 2 1 5 4 4
-1871.4 -1058.3 -11.2 241 0 28.8 18.0 14.0 3.5 2 0 4 5 5
-2937.7 -1723.5 -7.7 253 0 10.4 18.0 14.0 3.5 2 1 4 0 0
-3134.7 -1687.5 -22.1 282 0 71.4 39.2 14.0 0.0 0 0 4 1 1
-3031.8 -440.0 5.7 184 0 17.5 16.8 17.5 3.5 2 0 5 0 0
-2985.4 -443.3 5.9 4 0 17.5 16.8 17.5 3.5 2 0 5 3 3
-2993.6 -507.6 4.7 4 0 17.5 16.8 17.5 3.5 2 0 5 2 2
-3034.3 -462.0 5.6 184 0 17.5 16.8 17.5 0.0 0 0 5 3 3
-3037.4 -482.6 5.2 184 0 17.5 16.8 17.5 3.5 2 0 5 1 1
-2987.9 -465.3 5.9 4 0 17.5 16.8 17.5 3.5 2 0 5 3 3
-2991.1 -485.9 5.6 4 0 17.5 16.8 17.5 0.0 0 0 5 5 5
-3032.2 -513.7 4.3 94 0 16.8 17.5 17.5 3.5 2 1 5 1 1
-2940.3 -657.3 -6.0 332 0 18.8 29.6 14.0 3.5 2 1 4 3 3
-1821.9 -1155.4 -12.5 251 0 18.3 13.0 14.0 3.5 2 0 4 4 4
-1798.4 -1145.8 -13.5 251 0 18.3 13.0 14.0 3.5 2 0 4 4 4
-1830.3 -1206.9 -12.7 70 0 18.3 13.0 14.0 3.5 2 0 4 3 3
-1810.6 -1199.8 -12.9 70 0 18.3 13.0 14.0 3.5 2 0 4 5 5
-1775.3 -1138.8 -14.4 251 0 18.3 13.0 14.0 3.5 2 0 4 5 5
-1789.8 -1192.0 -13.8 70 0 18.3 13.0 14.0 3.5 2 0 4 0 0
-1817.9 -1139.5 -12.4 70 0 18.3 13.0 14.0 3.5 2 0 4 5 5
-1844.7 -1163.4 -11.6 251 0 18.3 13.0 14.0 3.5 2 0 4 1 1
-1798.3 -1132.0 -13.2 70 0 18.3 13.0 14.0 3.5 2 0 4 4 4
-2128.7 -1419.3 -12.1 64 0 17.4 18.1 17.5 3.5 2 1 5 1 1
-2315.8 -812.1 -8.2 114 0 23.3 18.9 14.0 3.5 2 0 4 4 4
-2318.0 -871.4 -7.5 114 0 23.3 18.9 17.5 3.5 2 0 5 2 2
-2271.0 -785.4 -8.4 294 0 23.3 18.9 14.0 3.5 2 0 4 5 5
-2297.6 -834.0 -7.8 294 0 23.3 18.9 17.5 3.5 2 0 5 3 3
-2296.9 -773.1 -8.5 294 0 23.3 18.9 14.0 3.5 2 0 4 4 4
-2289.7 -824.2 -8.1 114 0 23.3 18.9 14.0 3.5 2 0 4 3 3
-2335.4 -805.4 -8.5 114 0 15.5 47.1 14.0 3.5 2 1 4 2 2
-3313.5 -182.1 3.8 288 0 18.2 15.0 14.0 3.5 2 0 4 1 1
-3446.5 -187.5 3.7 288 0 18.2 14.9 10.5 3.5 2 0 3 3 3
-3307.2 -221.5 3.5 111 0 17.5 14.7 14.0 3.5 2 0 4 4 4
-3317.5 -235.0 3.3 288 0 18.2 15.0 10.5 3.5 2 0 3 2 2
-3207.7 -271.1 4.3 288 0 18.2 14.9 14.0 3.5 2 0 4 4 4
-3265.9 -183.3 4.2 108 0 18.2 15.0 14.0 3.5 2 0 4 2 2
-3426.8 -196.1 3.4 288 0 18.2 15.0 10.5 0.0 0 0 3 5 5
-3287.2 -176.1 4.2 108 0 18.2 15.0 14.0 3.5 2 0 4 5 5
-3380.5 -212.4 3.1 288 0 18.2 15.0 10.5 3.5 2 0 3 5 5
-3228.6 -264.1 4.1 288 0 18.2 15.0 14.0 3.5 2 0 4 5 5
-3282.9 -231.6 3.7 108 0 18.2 15.0 14.0 3.5 2 0 4 5 5
-3251.2 -204.0 4.0 288 0 18.2 15.0 14.0 3.5 4 0 4 2 2
-3425.1 -182.3 4.9 108 0 18.2 15.0 14.0 3.5 2 0 4 4 4
-3262.3 -239.3 3.9 108 0 18.2 14.9 14.0 3.5 2 0 4 3 3
-3281.8 -253.9 3.7 198 0 15.0 18.2 14.0 0.0 0 1 4 1 1
-3250.5 -257.3 3.9 288 0 18.2 14.9 14.0 3.5 2 0 4 1 1
-3446.1 -175.2 5.7 108 0 18.2 15.0 14.0 3.5 2 0 4 2 2
-3292.1 -189.4 3.8 288 0 18.2 15.0 14.0 3.5 2 0 4 4 4
-3308.9 -169.1 4.3 108 0 18.2 15.0 14.0 3.5 2 0 4 2 2
-3406.8 -157.9 6.3 18 0 14.9 18.2 14.0 3.5 4 1 4 1 1
-3467.3 -180.7 4.6 288 0 18.2 15.0 10.5 3.5 2 0 3 2 2
-3334.6 -204.1 3.5 198 0 15.0 18.2 14.0 3.5 2 1 4 2 2
-3222.0 -253.1 4.3 108 0 18.2 15.0 14.0 3.5 2 0 4 5 5
-3403.9 -205.2 3.2 288 0 18.2 15.0 10.5 3.5 2 0 3 1 1
-3361.4 -218.7 3.1 288 0 18.2 15.0 10.5 0.0 0 0 3 5 5
-3271.8 -196.0 3.9 288 0 18.2 15.0 14.0 3.5 2 0 4 5 5
-3230.5 -210.3 4.2 288 0 18.2 15.0 14.0 3.5 2 0 4 3 3
-3339.4 -226.8 3.1 288 0 18.2 15.0 10.5 0.0 0 0 3 2 2
-3466.8 -168.0 6.6 108 0 18.2 15.0 14.0 0.0 0 0 4 3 3
-3453.8 -132.5 8.2 288 0 18.2 15.0 14.0 3.5 2 0 4 2 2
-3293.0 -251.2 3.5 18 0 15.0 18.2 10.5 3.5 2 1 3 4 4
-3433.1 -140.4 7.2 288 0 18.2 15.0 14.0 3.5 2 0 4 5 5
-3241.8 -246.0 4.1 108 0 18.2 15.0 14.0 3.5 2 0 4 2 2
-3360.0 -533.2 -2.1 166 0 11.6 24.4 14.0 3.5 2 1 4 2 2
-4181.8 -1175.3 -10.9 311 0 9.6 14.1 10.5 3.5 2 1 3 0 0
-4156.2 -1199.2 -9.5 311 0 9.6 14.1 10.5 3.5 2 1 3 4 4
-4129.8 -1223.9 -8.4 312 0 8.9 13.1 10.5 3.5 2 1 3 5 5
-4137.9 -1215.1 -8.3 311 0 9.6 14.1 10.5 3.5 2 1 3 4 4
-4164.7 -1191.0 -9.9 311 0 9.6 14.1 10.5 3.5 2 1 3 3 3
-4225.7 -1134.9 -13.4 311 0 9.6 14.1 10.5 3.5 2 1 3 3 3
-4233.7 -1127.5 -13.8 311 0 9.6 14.1 10.5 3.5 2 1 3 2 2
-4207.6 -1151.7 -12.4 311 0 9.6 14.1 10.5 3.5 2 1 3 1 1
-4216.6 -1143.6 -12.9 311 0 9.6 14.1 10.5 3.5 4 1 3 2 2
-4199.0 -1159.8 -11.9 311 0 9.6 14.1 10.5 3.5 2 1 3 0 0
-4120.7 -1231.2 -9.0 311 0 9.6 14.1 10.5 3.5 2 1 3 2 2
-4190.3 -1167.3 -11.4 311 0 9.6 14.1 10.5 3.5 2 1 3 5 5
-4146.9 -1206.9 -8.9 311 0 9.6 14.1 10.5 3.5 4 1 3 0 0
-4173.2 -1183.1 -10.4 311 0 9.6 14.1 10.5 3.5 2 1 3 2 2
-2779.4 -503.5 -3.5 126 0 17.4 24.7 17.5 3.5 2 1 5 3 3
-2800.6 -487.8 -4.1 126 0 17.4 24.7 17.5 3.5 2 1 5 5 5
-2821.8 -471.8 -4.2 126 0 17.4 24.7 17.5 3.5 2 1 5 2 2
-2727.1 -526.1 -2.7 36 0 24.7 17.4 17.5 3.5 2 0 5 5 5
-2759.2 -517.6 -3.1 126 0 17.4 24.7 17.5 3.5 4 1 5 3 3
-3462.4 -798.3 -16.9 351 0 15.3 18.8 17.5 0.0 0 1 5 1 1
-3562.5 -212.6 1.2 18 0 15.0 18.2 14.0 0.0 0 1 4 1 1
-3545.7 -100.9 7.1 288 0 18.2 15.0 14.0 3.5 4 0 4 4 4
-3536.5 -142.7 7.8 108 0 18.2 15.0 14.0 3.5 2 0 4 2 2
-3546.3 -152.8 6.2 288 0 18.2 15.0 10.5 3.5 2 0 3 4 4
-3524.7 -108.3 7.5 288 0 18.2 15.0 14.0 3.5 2 0 4 5 5
-3512.7 -209.1 4.1 107 0 15.8 17.6 10.5 0.0 0 1 3 2 2
-3516.2 -148.9 7.9 108 0 18.2 15.0 14.0 0.0 0 0 4 1 1
-3565.7 -146.8 6.3 288 0 18.2 15.0 10.5 3.5 2 0 3 0 0
-3477.1 -132.6 8.5 18 0 15.0 18.2 14.0 3.5 2 1 4 4 4
-3588.4 -139.9 6.4 288 0 18.2 15.0 10.5 3.5 2 0 3 5 5
-3601.2 -229.6 -1.3 108 0 18.2 15.0 14.0 3.5 2 0 4 4 4
-3497.1 -158.6 7.6 108 0 18.2 15.0 14.0 3.5 2 0 4 1 1
-3602.1 -177.8 3.7 108 0 18.2 15.0 10.5 3.5 4 0 3 1 1
-3579.7 -184.5 4.0 108 0 18.2 15.0 10.5 3.5 2 0 3 0 0
-3499.5 -102.9 7.7 108 0 18.2 15.0 14.0 3.5 2 0 4 5 5
-3467.3 -106.0 8.2 18 0 15.0 18.2 14.0 3.5 2 1 4 4 4
-3559.7 -191.6 4.3 108 0 18.2 15.0 10.5 3.5 2 0 3 1 1
-3520.4 -95.6 7.2 108 0 18.2 15.0 14.0 3.5 2 0 4 5 5
-3548.4 -235.2 -1.0 288 0 18.2 15.0 14.0 0.0 0 0 4 1 1
-3610.3 -187.8 0.8 288 0 18.2 15.0 14.0 0.0 0 0 4 0 0
-3521.8 -160.5 6.0 288 0 15.8 17.6 10.5 3.5 2 1 3 0 0
-3535.0 -201.1 4.3 107 0 15.8 17.6 10.5 3.5 2 1 3 3 3
-3570.0 -232.7 -1.0 18 0 15.0 18.2 14.0 3.5 2 1 4 2 2
-3494.7 -179.9 5.8 18 0 17.6 15.8 10.5 0.0 0 0 3 5 5
-3622.5 -223.3 -1.6 108 0 18.2 15.0 14.0 3.5 2 0 4 3 3
-3644.0 -216.0 -1.9 108 0 18.2 15.0 14.0 3.5 2 0 4 0 0
-3504.0 -114.9 8.0 288 0 18.2 15.0 14.0 3.5 2 0 4 5 5
-3566.0 -256.4 -1.8 198 0 15.0 18.2 14.0 3.5 2 1 4 1 1
-3588.9 -195.3 1.0 288 0 18.2 15.0 14.0 3.5 2 0 4 0 0
-3556.6 -134.5 7.3 108 0 18.2 15.0 14.0 3.5 4 0 4 4 4
-3420.4 -1932.6 -27.8 122 0 30.7 20.9 12.5 0.0 0 0 5 1 1
6896.7 -3804.6 24.5 298 0 30.6 15.3 12.5 2.5 2 0 5 3 3
-3098.1 -1328.6 0.9 240 0 12.5 13.8 14.0 3.5 2 1 4 5 5
-2473.1 -1175.4 -3.6 88 0 14.8 34.6 17.5 0.0 0 1 5 3 3
-2413.7 -944.1 -6.1 0 0 14.2 41.7 3.5 3.5 2 1 1 3 3
-1751.2 -2195.5 -26.5 319 0 6.3 6.9 10.5 3.5 2 1 3 5 5
-1820.4 -2086.5 -28.7 154 0 6.1 11.1 10.5 3.5 2 1 3 1 1
-2932.5 -1187.2 -1.3 301 0 15.9 10.4 14.0 3.5 4 0 4 2 2
-3511.4 -1321.4 4.9 262 0 23.2 20.2 17.5 3.5 2 0 5 2 2
-3641.0 -992.5 -8.7 348 0 13.1 14.7 17.5 3.5 2 1 5 2 2
-1889.2 -2313.3 -27.5 147 0 16.5 27.4 14.0 3.5 2 1 4 5 5
-1554.9 -1736.3 -24.7 150 0 13.8 19.6 14.0 3.5 2 1 4 0 0
-1742.2 -1260.0 -16.4 240 0 22.1 13.8 10.5 3.5 2 0 3 0 0
-2399.8 -1287.1 -5.5 338 0 12.7 17.5 17.5 3.5 2 1 5 5 5
-2698.4 -466.6 -9.1 37 0 16.1 67.6 17.5 3.5 4 1 5 4 4
-3150.6 -1297.3 0.3 27 0 14.9 11.6 17.5 3.5 2 0 5 1 1
-3202.0 -1322.5 0.7 315 0 21.6 21.9 59.5 0.0 0 0 17 4 4
-3320.8 -1224.3 -5.5 73 0 19.3 11.4 17.5 3.5 2 0 5 5 5
-3291.5 -1060.0 -11.5 331 0 12.2 22.4 17.5 3.5 2 1 5 5 5
-3932.1 -1101.0 4.7 174 0 14.4 13.0 10.5 3.5 2 0 3 0 0
-4678.7 -509.0 -29.0 327 0 16.1 20.8 14.0 3.5 2 1 4 1 1
-3310.4 -96.2 6.5 197 0 38.1 17.1 14.0 0.0 0 0 4 3 3
-3285.8 19.6 2.5 208 0 14.5 25.4 14.0 0.0 0 1 4 1 1
-3324.1 -304.2 3.1 60 0 19.7 11.7 14.0 3.5 2 0 4 0 0
-3013.4 -1001.3 -9.5 47 0 10.4 9.6 10.5 0.0 0 0 3 3 3
-3262.9 -1161.0 -7.4 167 0 38.8 17.6 17.5 3.5 2 0 5 3 3
-3416.5 -713.1 -11.5 282 0 22.1 25.7 14.0 3.5 2 1 4 1 1
-3452.1 -683.3 -10.7 313 0 16.5 21.8 14.0 3.5 2 1 4 5 5
-3498.3 -710.9 -13.6 110 0 14.3 22.4 14.0 3.5 2 1 4 2 2
-3470.7 -668.7 -11.0 313 0 16.5 22.2 14.0 3.5 2 1 4 0 0
-3508.5 -636.7 -11.7 312 0 21.6 15.4 14.0 0.0 0 0 4 0 0
-3380.3 -765.3 -12.6 284 0 44.4 15.0 17.5 3.5 2 0 5 2 2
-3413.0 -756.6 -13.3 282 0 16.2 27.6 17.5 3.5 2 1 5 4 4
-3397.9 -744.5 -11.3 101 0 14.6 25.5 14.0 3.5 2 1 4 4 4
-3370.7 -751.0 -11.2 104 0 33.0 14.5 14.0 3.5 2 0 4 0 0
-3349.2 -727.5 -10.2 17 0 14.7 29.6 14.0 3.5 2 1 4 2 2
-3384.0 -676.6 -8.7 41 0 24.6 16.4 14.0 3.5 2 0 4 2 2
-3406.1 -641.4 -8.0 304 0 15.9 17.0 14.0 3.5 2 1 4 3 3
-3420.7 -629.4 -7.6 309 0 16.7 14.4 14.0 3.5 2 0 4 5 5
-3450.8 -668.5 -9.2 132 0 21.6 15.8 14.0 0.0 0 0 4 4 4
-3435.3 -618.1 -7.4 311 0 15.8 13.6 14.0 3.5 2 0 4 4 4
-3482.5 -642.1 -8.6 132 0 16.1 21.4 14.0 0.0 0 1 4 3 3
-3501.5 -627.9 -9.1 133 0 16.5 22.3 14.0 3.5 2 1 4 1 1
-3450.4 -605.6 -7.1 312 0 16.0 14.2 14.0 3.5 2 0 4 4 4
-3479.8 -595.0 -7.1 229 0 20.2 15.1 14.0 3.5 2 0 4 3 3
-3126.1 -1381.1 1.0 291 0 16.1 23.3 17.5 0.0 0 0 5 2 2
-4114.0 -1206.0 -4.1 7 0 8.1 13.1 10.5 3.5 2 1 3 1 1
-4112.9 -1193.9 -3.0 1 0 8.4 13.2 10.5 3.5 2 1 3 0 0
-4120.6 -1170.8 -2.3 317 0 7.3 12.5 10.5 0.0 0 1 3 2 2
-4132.0 -1165.2 -3.4 310 0 7.0 12.6 10.5 3.5 2 1 3 1 1
-4143.0 -1160.5 -4.4 308 0 8.1 12.4 10.5 3.5 4 1 3 5 5
-4154.2 -1156.1 -5.6 311 0 7.9 12.0 10.5 3.5 2 1 3 3 3
-4165.4 -1151.1 -6.6 311 0 7.8 11.8 10.5 3.5 2 1 3 5 5
-2486.4 -1694.2 -13.8 116 0 42.8 19.1 17.5 3.5 2 0 5 2 2
-3131.0 -1346.9 1.3 226 0 9.6 21.2 10.5 3.5 2 0 3 5 5
-3108.7 -1368.9 1.2 108 0 19.0 16.8 14.0 3.5 2 0 4 1 1
-3107.2 -1388.9 0.6 293 0 25.5 10.1 17.5 3.5 2 0 5 0 0
-3063.4 -1406.8 -0.2 206 0 9.3 10.7 10.5 3.5 2 0 3 5 5
-3085.5 -1377.4 0.7 111 0 20.7 18.5 17.5 0.0 0 0 5 2 2
-3064.5 -1378.8 0.5 8 0 9.9 11.0 7.0 3.5 2 0 2 2 2
-3039.0 -1390.9 -0.0 111 0 13.9 21.1 28.0 0.0 0 0 8 4 4
-3047.1 -1407.3 -0.4 288 0 10.5 10.4 14.0 3.5 2 0 4 5 5
-3036.1 -1411.2 -0.6 291 0 13.1 10.4 14.0 3.5 2 0 4 1 1
-3028.2 -1394.7 -0.2 105 0 8.2 11.4 10.5 3.5 2 0 3 1 1
-3009.6 -1390.5 -0.3 26 0 19.4 12.6 17.5 3.5 4 0 5 4 4
-3595.1 -1260.2 4.7 131 0 20.9 18.6 17.5 3.5 2 0 5 5 5
-3575.5 -1297.9 5.6 314 0 18.3 20.1 17.5 3.5 2 1 5 3 3
-3610.6 -1271.4 6.1 309 0 13.8 22.0 17.5 3.5 2 1 5 3 3
-3586.3 -1411.4 -6.3 57 0 58.5 16.2 17.5 3.5 2 0 5 4 4
-2739.9 -688.8 -8.5 146 0 13.0 17.7 14.0 3.5 2 1 4 2 2
-3535.6 -609.1 -10.8 132 0 21.4 14.9 14.0 3.5 2 0 4 0 0
-3518.4 -506.8 -3.7 133 0 23.4 18.7 17.5 3.5 2 0 5 3 3
-3457.1 -111.1 8.2 197 0 12.5 16.2 14.0 3.5 2 1 4 5 5
-3429.7 -127.6 8.2 107 0 16.6 13.5 14.0 3.5 2 0 4 0 0
-3409.5 -134.4 7.9 109 0 15.5 12.2 14.0 3.5 2 0 4 1 1
-3385.1 -142.5 7.4 108 0 16.6 12.6 14.0 3.5 2 0 4 1 1
-3364.5 -149.7 6.6 107 0 15.8 12.5 14.0 3.5 2 0 4 3 3
-3524.9 -580.1 -9.1 219 0 15.7 21.7 14.0 3.5 2 1 4 2 2
-3495.6 -577.2 -6.4 50 0 14.5 21.6 14.0 3.5 2 1 4 1 1
-3527.5 -541.1 -6.9 229 0 13.7 21.3 14.0 3.5 2 1 4 0 0
-3538.6 -571.6 -9.7 49 0 14.4 21.8 14.0 3.5 2 1 4 2 2
-3569.1 -580.6 -11.3 135 0 22.1 14.9 14.0 3.5 2 0 4 3 3
-3648.7 -451.4 -12.1 50 0 20.9 17.8 14.0 3.5 2 0 4 1 1
-3628.8 -432.0 -10.1 48 0 20.2 17.1 14.0 3.5 2 0 4 3 3
-3677.3 -434.3 -13.1 139 0 16.7 20.3 14.0 3.5 2 1 4 2 2
-3642.1 -403.1 -11.3 319 0 17.0 20.0 14.0 3.5 2 1 4 2 2
-3657.0 -384.9 -12.4 320 0 17.6 21.0 14.0 3.5 2 1 4 2 2
-3692.4 -416.3 -14.1 139 0 18.1 21.1 14.0 3.5 2 1 4 4 4
-3153.8 -299.9 4.8 96 0 21.8 19.6 21.0 0.0 0 0 6 5 5
-3112.5 -286.1 5.1 20 0 23.0 20.8 21.0 0.0 0 0 6 4 4
-3142.2 -247.7 4.9 304 0 22.4 20.8 21.0 0.0 0 0 6 0 0
-3303.3 -710.9 -8.3 111 0 17.4 21.5 17.5 3.5 4 1 5 2 2
-3282.4 -730.0 -8.7 113 0 22.8 18.4 17.5 3.5 2 0 5 5 5
-3264.9 -691.4 -7.6 292 0 22.0 16.6 17.5 3.5 2 0 5 2 2
-3255.5 -741.4 -8.8 114 0 23.0 18.1 17.5 3.5 2 0 5 5 5
-3237.7 -702.1 -7.6 294 0 22.5 17.3 17.5 3.5 2 0 5 1 1
-3227.0 -740.7 -9.6 205 0 23.6 18.7 14.0 3.5 2 0 4 0 0
-3314.0 -559.9 -2.4 88 0 15.0 58.3 14.0 3.5 2 1 4 5 5
-3556.0 -402.0 -3.0 323 0 17.3 12.0 14.0 3.5 2 0 4 0 0
-3570.9 -383.8 -4.7 322 0 16.8 11.7 14.0 3.5 2 0 4 3 3
-3561.8 -376.4 -2.6 180 0 12.2 13.8 14.0 3.5 2 1 4 2 2
-3577.0 -339.9 -4.5 95 0 17.1 13.0 14.0 3.5 2 0 4 1 1
-3570.1 -309.8 -3.7 277 0 17.5 12.9 14.0 3.5 2 0 4 3 3
-3544.6 -336.7 -2.6 5 0 12.9 17.5 14.0 3.5 2 1 4 5 5
-3539.4 -319.4 -2.0 6 0 13.3 17.1 14.0 3.5 2 1 4 4 4
-3529.5 -341.7 0.3 200 0 17.9 12.2 10.5 3.5 2 0 3 5 5
-3503.0 -321.3 1.3 199 0 17.4 10.8 10.5 3.5 2 0 3 2 2
-3521.7 -317.9 0.6 197 0 18.2 12.0 10.5 3.5 4 0 3 5 5
-3533.7 -378.8 0.6 179 0 17.4 11.3 17.5 3.5 2 0 5 0 0
-3535.0 -425.0 -0.7 182 0 17.3 11.7 17.5 0.0 0 0 5 5 5
-3534.8 -401.5 0.2 181 0 17.7 11.9 17.5 3.5 2 0 5 2 2
-3247.9 -642.9 -5.1 207 0 22.3 17.4 17.5 3.5 4 0 5 2 2
-3237.9 -608.1 -3.4 187 0 21.8 17.6 17.5 3.5 2 0 5 4 4
-3291.6 -674.9 -7.0 292 0 20.3 8.2 10.5 3.5 2 0 3 1 1
-3228.5 -694.7 -6.4 115 0 18.4 12.4 17.5 3.5 2 0 5 1 1
-3206.3 -668.8 -5.3 25 0 17.9 23.7 17.5 3.5 2 1 5 1 1
-3196.2 -647.8 -4.3 25 0 17.9 22.8 17.5 3.5 4 1 5 3 3
-3188.5 -617.6 -3.2 5 0 17.5 22.5 17.5 3.5 2 1 5 1 1
-3186.5 -594.7 -2.2 4 0 16.5 22.0 17.5 0.0 0 1 5 3 3
-3195.7 -708.2 -6.7 114 0 26.1 16.2 14.0 3.5 2 0 4 5 5
-2713.2 -611.5 -3.7 33 0 20.6 24.1 17.5 3.5 2 1 5 4 4
-2757.7 -583.5 -2.5 212 0 19.8 23.5 17.5 0.0 0 1 5 2 2
-2771.8 -583.6 -1.3 34 0 16.4 20.2 17.5 3.5 2 1 5 3 3
-2811.4 -559.8 -0.4 211 0 21.7 18.7 17.5 3.5 2 0 5 5 5
-2794.8 -535.4 1.2 215 0 20.4 18.3 17.5 3.5 2 0 5 4 4
-2825.7 -552.6 1.0 33 0 21.2 20.1 17.5 3.5 2 0 5 3 3
-2811.9 -531.1 1.9 34 0 16.6 19.8 17.5 3.5 2 1 5 4 4
-2804.0 -502.1 -0.2 305 0 19.3 15.3 17.5 0.0 0 0 5 5 5
-2865.8 -529.0 2.0 214 0 21.2 20.3 17.5 3.5 2 0 5 1 1
-2849.7 -505.7 1.5 215 0 16.0 20.0 17.5 3.5 2 1 5 1 1
-2838.2 -488.4 -0.6 215 0 16.0 19.8 17.5 3.5 2 1 5 5 5
-2854.6 -485.3 -0.4 35 0 20.4 20.4 14.0 3.5 2 0 4 4 4
-2870.7 -508.4 2.0 34 0 21.7 21.6 14.0 3.5 2 0 4 0 0
-2890.8 -536.0 2.8 46 0 17.9 19.6 14.0 3.5 2 1 4 4 4
-2923.7 -503.2 4.1 224 0 18.4 20.7 14.0 0.0 0 1 4 3 3
-2906.1 -556.0 1.5 47 0 18.4 20.5 14.0 3.5 2 1 4 4 4
-2938.3 -524.2 2.8 225 0 18.9 20.6 14.0 3.5 2 1 4 5 5
-2939.4 -492.5 4.1 35 0 20.7 17.2 14.0 3.5 2 0 4 2 2
-2925.1 -469.4 2.1 33 0 14.4 28.3 14.0 3.5 2 1 4 0 0
-2913.2 -451.4 0.2 34 0 15.0 27.2 14.0 3.5 2 1 4 4 4
-2912.9 -359.9 -2.6 304 0 15.9 15.4 14.0 3.5 2 0 4 0 0
-2933.8 -344.5 -0.4 303 0 16.8 16.7 14.0 3.5 2 0 4 0 0
-2956.2 -329.5 2.0 302 0 17.2 15.8 14.0 0.0 0 0 4 4 4
-3365.9 -1391.1 1.7 197 0 21.3 21.2 17.5 3.5 2 0 5 4 4
-3432.3 -1380.5 3.1 112 0 15.3 31.0 14.0 3.5 2 0 4 1 1
-3483.3 -1331.4 4.0 190 0 12.2 14.0 14.0 3.5 2 0 4 4 4
-3373.4 -1339.7 0.3 277 0 17.1 21.7 17.5 3.5 2 0 5 4 4
-3292.6 -1332.9 -0.7 98 0 10.1 14.3 17.5 3.5 2 1 5 1 1
-3055.3 -1186.9 -3.0 118 0 15.7 22.1 17.5 3.5 2 0 5 1 1
-3041.5 -1194.0 -2.4 117 0 15.0 21.0 17.5 0.0 0 0 5 2 2
-2637.6 -953.0 -5.1 272 0 14.0 22.9 17.5 3.5 4 1 5 4 4
-2432.3 -670.3 -10.5 327 0 13.1 35.7 17.5 3.5 2 1 5 3 3
-2401.4 -661.5 -9.4 148 0 24.3 24.8 14.0 0.0 0 1 4 0 0
-2779.8 -1109.6 -3.1 112 0 19.1 26.4 17.5 3.5 2 1 5 5 5
-2828.0 -1808.9 -12.2 156 0 31.0 15.5 14.0 3.5 4 0 4 1 1
-2960.6 -1721.0 -7.1 77 0 28.0 16.6 14.0 3.5 2 0 4 5 5
-2952.3 -1776.3 -8.4 70 0 12.9 26.8 14.0 3.5 2 1 4 4 4
-2911.2 -1682.3 -7.1 343 0 23.9 24.4 24.5 0.0 0 1 7 3 3
326.2 -1675.0 -26.6 135 0 11.7 30.4 7.5 2.5 2 1 3 0 0
5886.5 5173.4 -30.3 334 0 25.1 29.1 7.5 0.0 0 1 3 4 4
4483.1 6709.8 -31.3 337 0 11.4 16.3 5.0 2.5 2 1 2 3 3
-1799.0 4833.4 -27.6 259 0 19.0 15.5 12.5 2.5 2 0 5 0 0
-6296.1 36.5 -27.6 151 0 16.4 25.1 10.0 2.5 4 1 4 3 3
-2121.2 -2271.6 -27.5 330 0 10.2 10.5 14.0 3.5 2 1 4 1 1
-1907.1 -1911.2 -26.1 264 0 16.8 12.8 14.0 3.5 2 0 4 4 4
-1676.6 -1980.3 -27.1 356 0 9.1 26.5 7.5 2.5 2 1 3 3 3
-1660.2 -1810.3 -26.5 26 0 21.7 18.5 14.0 3.5 2 0 4 3 3
-1644.7 -1785.3 -26.6 28 0 22.9 19.0 14.0 3.5 2 0 4 4 4
-1640.0 -1744.0 -26.7 343 0 21.2 18.0 14.0 3.5 2 0 4 0 0
-1884.6 -948.0 -13.6 269 0 22.3 93.4 10.5 0.0 0 1 3 4 4
-2433.0 -642.5 -7.9 358 0 20.6 19.9 17.5 3.5 4 0 5 3 3
-2445.6 -604.8 -6.6 266 0 20.9 20.5 17.5 0.0 0 0 5 5 5
-2481.3 -616.8 -5.9 176 0 20.5 19.9 17.5 3.5 2 0 5 2 2
-2479.9 -642.2 -7.6 177 0 20.7 20.0 17.5 3.5 2 0 5 5 5
-2447.3 -583.7 -10.2 84 0 20.1 20.8 17.5 3.5 2 1 5 0 0
-2411.0 -619.9 -8.2 167 0 20.1 20.0 14.0 3.5 2 0 4 3 3
-2416.1 -592.7 -10.5 169 0 20.4 20.5 14.0 0.0 0 1 4 2 2
-2709.5 -873.3 -10.1 97 0 26.0 16.5 17.5 3.5 2 0 5 0 0
-2686.4 -841.0 -10.2 243 0 24.7 17.0 17.5 3.5 2 0 5 5 5
-2717.4 -827.3 -12.3 55 0 62.5 17.8 17.5 3.5 2 0 5 1 1
1096.7 -9760.4 -28.4 162 0 11.5 19.4 7.5 0.0 0 1 3 4 4
931.7 -9586.6 -30.0 297 0 15.4 16.5 12.5 0.0 0 1 5 0 0
-3249.1 -1261.3 -2.6 137 0 10.8 15.5 17.5 3.5 2 1 5 0 0
-3334.8 -1371.6 0.6 161 0 14.8 20.6 17.5 0.0 0 1 5 3 3
-4518.0 -611.8 -26.3 99 0 23.4 21.8 14.0 3.5 4 0 4 2 2
-4558.8 -602.0 -26.7 100 0 23.3 20.9 14.0 0.0 0 0 4 5 5
-4591.1 -548.1 -27.4 327 0 23.7 21.8 14.0 3.5 4 0 4 0 0
-4608.2 -518.8 -27.8 327 0 23.3 22.7 14.0 3.5 2 0 4 4 4
-4548.0 -535.7 -28.1 60 0 22.9 22.6 14.0 3.5 2 0 4 0 0
-4522.9 -493.2 -28.3 237 0 24.4 21.2 14.0 3.5 2 0 4 0 0
-4452.2 -445.0 -27.4 284 0 14.0 16.1 14.0 3.5 2 1 4 3 3
-4493.0 -453.2 -27.7 194 0 16.4 14.8 14.0 0.0 0 0 4 0 0
-4481.1 -421.3 -27.2 191 0 17.2 14.9 14.0 3.5 2 0 4 2 2
-4378.1 -597.4 -27.5 97 0 14.2 26.1 24.5 0.0 0 1 7 3 3
-4306.8 -606.9 -28.2 61 0 14.6 23.0 17.5 3.5 4 1 5 1 1
-4337.0 -622.4 -25.3 329 0 24.9 23.5 14.0 3.5 2 0 4 1 1
-4424.1 -526.4 -27.9 150 0 19.2 21.4 24.5 0.0 0 1 7 5 5
-4403.7 -557.9 -28.1 150 0 19.2 21.4 24.5 0.0 0 1 7 5 5
-4473.4 -537.0 -28.2 150 0 19.2 21.4 24.5 0.0 0 1 7 5 5
-4485.2 -604.0 -25.6 198 0 16.1 24.8 24.5 0.0 0 1 7 3 3
-4395.4 -608.4 -24.3 275 0 12.7 26.0 24.5 0.0 0 1 7 2 2
-4432.3 -600.2 -25.0 275 0 12.7 26.0 24.5 0.0 0 1 7 3 3
-4450.4 -566.9 -27.9 150 0 19.2 21.4 24.5 0.0 0 1 7 3 3
-4443.1 -482.4 -27.7 240 0 17.5 22.3 24.5 0.0 0 1 7 3 3
-4348.2 -547.5 -27.9 151 0 23.0 14.6 17.5 3.5 2 0 5 3 3
-4363.5 -523.7 -27.6 151 0 23.0 14.6 17.5 3.5 2 0 5 0 0
-4283.4 -578.6 -28.1 331 0 23.0 14.6 17.5 3.5 2 0 5 5 5
-4377.7 -483.0 -27.3 241 0 14.6 23.0 17.5 3.5 2 1 5 5 5
-4313.6 -528.1 -27.7 331 0 23.0 14.6 17.5 3.5 2 0 5 4 4
-4333.3 -571.3 -28.1 151 0 23.0 14.6 17.5 3.5 2 0 5 1 1
-4300.2 -552.4 -28.0 331 0 23.0 14.6 17.5 3.5 2 0 5 5 5
-4117.4 -1051.6 2.0 101 0 19.1 12.5 14.0 3.5 2 0 4 2 2
-4141.3 -1046.5 -0.6 104 0 19.9 12.5 14.0 3.5 4 0 4 0 0
-4102.7 -1027.8 2.4 11 0 11.7 19.2 14.0 3.5 2 1 4 1 1
-4136.9 -1026.4 0.6 103 0 19.0 11.7 14.0 3.5 2 0 4 4 4
-3433.7 -1286.1 -0.7 65 0 15.2 20.5 17.5 3.5 2 1 5 3 3
-2989.5 -560.2 1.7 45 0 21.2 20.4 14.0 3.5 2 0 4 4 4
-3027.3 -580.4 0.9 98 0 26.9 19.0 14.0 3.5 2 0 4 1 1
-3059.2 -578.3 1.1 98 0 26.0 19.6 14.0 3.5 2 0 4 5 5
-3087.4 -575.1 0.8 96 0 16.1 21.1 14.0 3.5 2 1 4 1 1
-3107.5 -572.8 0.6 96 0 16.7 21.4 14.0 3.5 2 1 4 0 0
-3101.9 -525.6 1.7 276 0 17.2 20.9 14.0 0.0 0 1 4 0 0
-3081.0 -526.9 2.0 275 0 16.6 22.0 14.0 0.0 0 1 4 2 2
-3055.5 -526.1 2.2 279 0 16.8 26.5 14.0 3.5 4 1 4 3 3
-3037.2 -526.7 2.6 275 0 9.1 25.6 10.5 3.5 2 1 3 5 5
-2933.3 -393.4 -0.9 123 0 16.4 15.4 14.0 0.0 0 0 4 5 5
-2956.6 -380.0 1.7 121 0 17.2 16.1 14.0 3.5 4 0 4 4 4
-2982.3 -353.9 3.9 210 0 15.7 16.6 14.0 0.0 0 1 4 3 3
-2993.5 -340.0 4.4 30 0 16.4 31.1 17.5 3.5 2 1 5 4 4
-3052.5 -305.1 5.1 213 0 17.3 29.0 17.5 3.5 2 1 5 3 3
-3909.2 -1207.9 3.0 205 0 19.0 19.2 14.0 3.5 2 1 4 1 1
-3768.0 -1113.6 1.7 129 0 32.6 18.5 10.5 0.0 0 0 3 1 1
-2604.9 -1184.2 -2.6 284 0 32.2 15.5 17.5 3.5 2 0 5 3 3
-2555.8 -1369.4 -5.3 16 0 31.2 16.3 17.5 3.5 2 0 5 2 2
-2635.5 -1327.7 -3.7 288 0 17.4 10.7 14.0 3.5 2 0 4 1 1
-2504.4 -908.1 -6.1 275 0 14.9 20.8 17.5 3.5 2 1 5 2 2
-2526.3 -907.5 -6.1 275 0 14.8 19.9 17.5 0.0 0 1 5 1 1
-2546.0 -905.3 -6.0 276 0 15.8 21.2 17.5 3.5 2 1 5 5 5
-2498.0 -971.6 -5.4 278 0 31.6 25.4 17.5 0.0 0 0 5 0 0
-2507.3 -954.2 -5.8 97 0 13.5 16.1 17.5 3.5 2 1 5 0 0
-2526.7 -952.2 -5.7 97 0 14.1 16.7 17.5 3.5 2 1 5 5 5
-2688.5 -649.2 -6.2 359 0 10.4 13.3 7.0 3.5 2 0 2 3 3
-2905.3 -589.1 -1.7 215 0 21.9 19.7 17.5 3.5 4 0 5 4 4
-4338.6 -778.7 -13.4 354 0 10.0 11.8 14.0 3.5 2 1 4 0 0
-3198.3 -1245.7 -2.6 349 0 21.9 15.4 17.5 3.5 2 0 5 1 1
-3087.4 -1156.8 -4.1 205 0 18.6 16.9 17.5 3.5 2 0 5 1 1
-2928.8 -1210.9 -1.1 18 0 21.5 21.6 14.0 3.5 2 1 4 0 0
-3399.6 -1264.9 -3.0 57 0 15.1 16.4 17.5 3.5 2 1 5 0 0
-3670.1 -900.9 -14.7 124 0 14.9 16.0 14.0 3.5 4 1 4 4 4
-4019.6 -1164.4 3.9 103 0 15.7 14.7 17.5 3.5 2 0 5 0 0
-3869.9 -1090.3 3.9 33 0 14.8 13.6 14.0 3.5 2 0 4 3 3
-3891.1 -1085.9 3.8 120 0 13.3 14.8 14.0 3.5 2 0 4 4 4
-3850.9 -991.5 -3.8 128 0 15.2 16.1 14.0 3.5 2 1 4 5 5
-2859.8 -795.0 -14.6 147 0 20.3 15.2 17.5 3.5 2 0 5 5 5
-2877.3 -773.2 -13.5 146 0 23.1 16.6 17.5 3.5 2 0 5 0 0
-2830.3 -830.2 -14.2 64 0 16.5 25.4 17.5 3.5 2 1 5 1 1
-2864.0 -814.6 -14.7 327 0 22.8 16.5 17.5 3.5 2 0 5 5 5
-2884.9 -789.8 -14.9 324 0 22.8 15.9 17.5 3.5 2 0 5 0 0
-2899.6 -834.0 -14.6 145 0 22.2 16.3 17.5 3.5 4 0 5 3 3
-2751.5 -1057.7 -3.6 21 0 19.4 18.2 17.5 3.5 2 0 5 3 3
-2740.6 -1031.8 -4.1 21 0 19.4 18.2 17.5 3.5 2 0 5 1 1
-2731.2 -1005.6 -5.0 21 0 19.4 18.2 17.5 3.5 2 0 5 4 4
-2921.1 -1424.1 -2.1 108 0 28.8 22.6 14.0 0.0 0 0 4 1 1
3541.2 -1776.9 -25.7 176 0 21.4 11.8 10.0 0.0 0 0 4 0 0
3601.8 -1759.7 -25.8 0 0 11.9 22.5 7.5 2.5 2 1 3 1 1
3530.8 -1751.2 -25.5 243 0 7.4 9.1 7.5 2.5 2 1 3 4 4
3602.9 -1740.4 -25.6 270 0 8.9 8.6 2.5 2.5 2 0 1 2 2
3546.5 -1842.9 -26.1 175 0 19.5 8.2 5.0 2.5 2 0 2 1 1
3528.1 -1842.9 -26.0 178 0 11.3 4.8 5.0 2.5 2 0 2 5 5
3529.4 -1953.5 -26.3 185 0 7.8 13.2 7.5 0.0 0 1 3 4 4
3545.7 -1954.2 -26.3 185 0 7.8 13.2 2.5 0.0 0 1 1 2 2
3529.2 -1936.3 -26.2 185 0 7.8 13.2 5.0 0.0 0 1 2 4 4
3546.5 -1937.4 -26.3 185 0 7.8 13.2 5.0 0.0 0 1 2 4 4
3529.7 -1919.9 -26.2 185 0 7.8 13.2 5.0 0.0 0 1 2 5 5
3547.1 -1920.9 -26.2 185 0 7.7 13.2 5.0 0.0 0 1 2 2 2
-5486.0 -4703.1 -30.1 324 0 11.2 21.0 7.5 0.0 0 1 3 1 1
-889.7 -1585.3 -28.8 167 0 10.7 5.9 7.5 2.5 2 0 3 2 2
-864.8 -1578.5 -28.8 347 0 8.4 19.9 2.5 2.5 2 0 1 1 1
6069.8 -5697.7 -28.0 113 0 11.8 8.3 7.5 2.5 2 0 3 5 5
4330.4 -4593.0 -26.7 104 0 19.6 14.4 7.5 2.5 2 0 3 4 4
-4215.3 -557.7 -27.6 155 0 12.1 23.5 14.0 3.5 2 1 4 1 1
1437.4 -1770.7 -26.1 104 0 4.7 7.0 7.5 2.5 2 1 3 3 3
1449.5 -1750.0 -25.7 9 0 5.9 4.5 2.5 2.5 2 0 1 2 2
911.5 -445.8 -29.5 90 0 37.8 16.2 12.5 2.5 2 0 5 2 2
844.8 -429.7 -29.4 90 0 72.4 81.8 7.5 0.0 0 0 3 0 0
759.3 -1341.3 -27.6 1 0 20.1 12.6 10.0 2.5 2 0 4 4 4
769.3 -1360.2 -27.6 182 0 6.3 4.7 7.5 2.5 2 0 3 4 4
773.1 -1321.0 -27.7 182 0 12.0 20.8 5.0 2.5 4 0 2 5 5
824.3 -1317.0 -27.8 272 0 60.3 8.0 7.5 2.5 2 0 3 1 1
-5072.6 -32.8 -30.0 4 0 21.4 61.8 7.5 0.0 0 1 3 5 5
6262.6 -4958.8 1.6 163 0 13.8 20.9 10.0 2.5 2 1 4 5 5
