6364.7 -1315.0 54.8 304 0 49.9 18.9 7.5 2.5 2 0 3 1 1
6404.0 -1360.9 58.3 32 0 16.9 27.3 12.5 2.5 2 1 5 4 4
5336.4 -10304.2 -55.8 209 0 10.5 23.8 2.5 2.5 2 1 1 5 5
5324.3 -10343.5 -61.2 208 0 6.1 23.9 5.0 0.0 0 1 2 5 5
4942.6 -6624.3 -62.4 314 0 12.6 19.0 5.0 0.0 0 1 2 1 1
-2979.9 8027.6 -55.5 241 0 18.8 13.9 10.0 2.5 2 0 4 5 5
6410.0 567.5 -64.9 139 0 12.5 14.8 7.5 2.5 4 1 3 2 2
6418.0 540.8 -61.2 39 0 7.9 6.1 7.5 0.0 0 0 3 3 3
-3977.1 2422.1 -58.4 202 0 13.8 43.3 15.0 0.0 0 1 6 5 5
-3964.4 2456.1 -58.3 201 0 16.7 40.8 12.5 2.5 2 1 5 5 5
-5415.8 815.3 -57.6 245 0 16.2 12.0 7.5 2.5 2 0 3 2 2
6234.2 -2432.8 -58.6 340 0 10.7 12.7 10.0 2.5 2 1 4 3 3
6232.5 -2419.7 -58.9 10 0 11.5 12.0 10.0 2.5 2 1 4 4 4
6253.6 -2385.4 -54.6 54 0 18.7 5.6 7.5 2.5 2 0 3 3 3
6271.1 -2371.8 -52.2 53 0 16.6 6.3 7.5 2.5 2 0 3 0 0
6236.9 -2400.8 -57.4 316 0 11.4 11.0 12.5 0.0 0 0 5 1 1
6316.4 -2342.4 -46.4 55 0 11.4 10.6 10.0 2.5 2 0 4 1 1
6327.0 -2334.1 -46.3 68 0 12.1 10.0 12.5 2.5 2 0 5 0 0
6340.7 -2324.0 -44.2 49 0 10.7 10.5 12.5 2.5 2 0 5 2 2
6346.3 -2304.2 -42.5 300 0 9.7 9.8 7.5 0.0 0 1 3 0 0
6348.5 -2286.3 -43.3 330 0 13.0 12.5 10.0 2.5 2 0 4 4 4
6331.4 -2285.5 -45.1 117 0 10.7 13.5 10.0 2.5 2 1 4 4 4
6318.2 -2256.6 -48.6 324 0 10.3 12.2 12.5 2.5 2 1 5 1 1
6318.9 -2276.7 -47.5 122 0 9.4 13.3 7.5 2.5 2 1 3 4 4
6327.4 -2686.9 -37.9 113 0 11.3 12.5 7.5 2.5 2 1 3 1 1
6340.3 -2667.4 -34.4 23 0 12.5 11.3 5.0 0.0 0 0 2 0 0
6347.0 -2649.1 -31.9 23 0 12.5 11.3 5.0 2.5 2 0 2 0 0
6353.4 -2633.3 -29.6 23 0 12.5 11.3 7.5 2.5 2 0 3 5 5
6358.5 -2616.7 -27.6 23 0 12.5 11.3 5.0 2.5 2 0 2 5 5
5815.2 -7169.7 -28.9 10 0 62.2 48.0 7.5 0.0 0 0 3 0 0
