3867.7 -8212.0 -348.5 355 0 48.0 18.5 10.0 2.5 2 0 4 3 3
3834.4 -8119.2 -348.9 261 0 14.3 20.3 10.0 2.5 2 1 4 1 1
-1907.6 4206.3 -221.8 329 0 19.2 25.9 10.0 2.5 2 1 4 3 3
-6078.0 -3809.3 -97.0 99 0 10.8 22.0 5.0 2.5 2 1 2 3 3
-6070.4 -3763.1 -95.7 209 0 16.0 10.7 5.0 2.5 2 0 2 1 1
-6024.4 -3762.2 -94.4 17 0 15.1 20.1 12.5 2.5 2 1 5 0 0
-6060.7 -3748.5 -94.8 207 0 10.9 10.8 10.0 2.5 2 0 4 0 0
-6500.4 8565.9 333.5 184 0 40.5 18.7 12.5 2.5 2 0 5 5 5
-4043.2 -2585.9 -162.3 172 0 11.3 15.1 5.0 2.5 2 1 2 3 3
-2938.4 -10440.8 -308.6 238 0 14.2 12.9 5.0 2.5 2 0 2 2 2
-3906.4 -9955.6 -268.8 235 0 16.7 21.1 14.0 3.5 2 1 4 3 3
-1296.6 -10477.7 -332.3 54 0 28.0 13.8 10.0 2.5 2 0 4 3 3
6659.9 -9864.2 -352.3 169 0 11.8 58.9 10.0 2.5 2 1 4 3 3
6715.8 -9875.6 -352.0 350 0 11.9 64.4 12.5 2.5 4 1 5 5 5
6254.5 -10603.3 -321.1 79 0 79.5 15.7 12.5 2.5 2 0 5 0 0
6627.4 -9935.2 -348.8 174 0 11.4 9.9 7.5 2.5 2 0 3 5 5
-3964.2 -10128.2 -256.2 182 0 5.3 4.3 10.5 3.5 2 0 3 5 5
-663.1 -10177.4 -334.1 279 0 26.9 43.9 12.5 0.0 0 1 5 5 5
-601.2 -10238.3 -336.6 9 0 17.1 26.9 10.0 2.5 2 0 4 0 0
-605.3 -10183.7 -336.7 279 0 27.4 44.6 17.5 0.0 0 0 7 0 0
3901.5 -8114.2 -345.1 1 0 8.7 17.1 2.5 0.0 0 1 1 3 3
-460.3 -9900.1 -338.9 96 0 36.0 79.7 10.0 0.0 0 1 4 5 5
1142.7 -7146.7 -333.9 234 0 14.5 16.3 10.0 2.5 2 1 4 2 2
-82.0 -6580.9 -319.1 269 0 17.2 9.5 5.0 2.5 2 0 2 0 0
-754.9 -5614.3 -296.8 43 0 11.5 127.6 12.5 2.5 2 1 5 1 1
-740.3 -5602.8 -295.9 48 0 11.9 130.9 10.0 2.5 2 1 4 1 1
-1638.7 -10523.5 -327.8 53 0 24.0 12.8 5.0 2.5 2 0 2 1 1
-1549.7 -10626.0 -329.4 150 0 8.6 22.6 5.0 2.5 2 1 2 4 4
-5846.7 2822.7 114.6 315 0 14.6 35.3 12.5 2.5 4 1 5 3 3
-5838.9 2771.9 114.0 43 0 11.4 7.7 2.5 2.5 2 0 1 1 1
-3763.3 -10230.2 -280.7 329 0 11.0 14.2 14.0 3.5 2 1 4 3 3
-3571.8 -9959.5 -296.7 172 0 7.8 14.8 5.0 2.5 2 1 2 1 1
-317.6 2524.1 -288.6 56 0 20.5 13.7 12.5 2.5 2 0 5 2 2
