-6007.5 -9824.2 -146.0 101 0 8.1 20.3 2.5 2.5 2 1 1 1 1
-6024.8 -9780.3 -146.5 249 0 17.1 6.4 7.5 2.5 2 0 3 5 5
-6050.1 -9816.9 -146.7 244 0 18.9 27.7 5.0 2.5 2 1 2 2 2
-5924.3 -9805.0 -140.1 80 0 34.2 12.6 12.5 2.5 2 0 5 5 5
-5974.4 -9825.0 -144.6 82 0 35.8 24.9 12.5 0.0 0 0 5 5 5
-5145.4 -9247.6 -89.0 55 0 18.2 76.8 10.0 2.5 2 1 4 5 5
-4269.1 -8916.3 -127.5 103 0 11.8 13.8 2.5 2.5 2 1 1 0 0
-4294.0 -8898.8 -126.7 200 0 13.8 11.6 5.0 2.5 2 0 2 4 4
1745.9 1841.4 -48.5 269 0 18.1 16.4 10.0 2.5 2 0 4 5 5
-547.4 8841.2 84.5 338 0 14.8 19.6 14.0 3.5 2 1 4 1 1
2780.3 4776.1 130.1 241 0 19.1 13.7 10.0 2.5 2 0 4 4 4
2817.7 4731.7 133.9 76 0 28.9 16.0 12.5 2.5 2 0 5 5 5
