-3840.7 5255.2 18.8 59 0 24.6 17.6 7.5 2.5 2 0 3 1 1
-5819.7 4709.7 -91.8 54 0 16.7 13.2 7.5 2.5 2 0 3 5 5
-2181.1 8455.0 81.5 78 0 8.1 7.7 7.5 2.5 2 0 3 1 1
5710.1 6183.5 1.9 244 0 12.0 9.9 5.0 2.5 2 0 2 5 5
1965.0 8248.1 -25.5 77 0 15.8 12.4 2.5 2.5 2 0 1 3 3
-4648.4 7809.1 0.1 72 0 12.3 16.5 5.0 2.5 2 1 2 4 4
6490.5 3594.2 -26.0 246 0 37.9 22.6 10.0 0.0 0 0 4 0 0
6655.2 3675.2 -25.0 246 0 12.7 22.8 12.5 2.5 2 1 5 3 3
6715.4 3824.8 -14.5 247 0 44.9 27.0 15.0 0.0 0 0 6 3 3
6762.2 3787.4 -19.1 246 0 59.9 23.5 12.5 2.5 2 0 5 4 4
6820.8 3815.1 -16.5 247 0 41.7 22.9 12.5 0.0 0 0 5 3 3
6814.1 3873.2 -9.6 246 0 43.5 24.3 17.5 0.0 0 0 7 4 4
6836.4 3939.2 -1.9 246 0 62.2 22.3 10.0 2.5 2 0 4 2 2
6647.0 3736.5 -19.2 247 0 19.8 22.3 10.0 2.5 2 1 4 4 4
6753.9 3955.0 2.2 246 0 50.0 23.0 12.5 2.5 2 0 5 0 0
6805.6 4010.3 7.6 66 0 28.7 22.5 12.5 0.0 0 0 5 5 5
6805.2 3982.5 4.5 248 0 53.8 24.7 10.0 2.5 2 0 4 5 5
3522.9 1736.6 -26.6 77 0 19.3 15.5 12.5 2.5 2 0 5 0 0
1642.1 1776.8 -53.1 178 0 11.3 18.9 7.5 2.5 2 1 3 5 5
