3761.9 7185.4 -38.7 60 0 23.1 14.6 5.0 2.5 2 0 2 0 0
3825.6 8385.6 -21.5 69 0 23.6 32.8 12.5 0.0 0 1 5 1 1
1393.8 10437.4 -15.1 152 0 20.0 20.0 5.0 2.5 2 1 2 1 1
-3201.6 8386.0 8.7 250 0 18.6 15.0 10.0 2.5 2 0 4 5 5
-252.9 5173.7 -37.6 18 0 8.4 16.3 7.5 2.5 2 1 3 4 4
-512.9 4877.8 -18.3 89 0 6.1 5.7 2.5 2.5 2 0 1 5 5
-1613.7 5166.3 -0.4 110 0 7.3 17.2 5.0 2.5 2 1 2 2 2
2508.4 4509.4 -27.9 141 0 9.2 11.0 7.5 2.5 4 1 3 5 5
2533.5 4527.5 -30.8 321 0 11.2 8.6 7.5 0.0 0 0 3 4 4
2539.2 4513.5 -31.1 50 0 9.1 8.1 7.5 2.5 2 0 3 5 5
2516.4 4546.6 -30.2 319 0 5.4 7.1 7.5 2.5 4 1 3 3 3
2522.0 4540.2 -30.3 318 0 10.5 6.7 7.5 2.5 2 0 3 1 1
2484.3 4536.5 -28.3 140 0 7.5 8.7 5.0 2.5 2 1 2 4 4
2492.6 4548.3 -28.8 231 0 9.9 9.3 7.5 2.5 2 0 3 1 1
2494.8 4516.6 -26.4 323 0 10.5 8.7 5.0 2.5 2 0 2 1 1
2456.4 4413.3 -30.5 68 0 12.2 19.3 12.5 2.5 4 1 5 1 1
2349.3 4678.1 -46.2 249 0 22.8 17.5 10.0 2.5 2 0 4 0 0
2489.6 4392.1 -29.6 341 0 4.7 7.3 7.5 2.5 2 1 3 4 4
2327.7 4665.9 -46.2 244 0 7.3 18.8 5.0 2.5 4 1 2 2 2
2229.4 4774.9 -45.4 229 0 13.1 5.6 5.0 2.5 2 0 2 4 4
1911.4 4709.1 -40.7 94 0 13.3 22.2 12.5 2.5 2 1 5 2 2
2478.3 4544.8 -30.5 53 0 6.0 11.4 7.5 2.5 2 1 3 4 4
2467.7 4567.6 -32.6 227 0 7.3 9.1 5.0 2.5 4 1 2 4 4
2478.5 4575.8 -34.2 227 0 17.5 8.7 7.5 2.5 2 0 3 1 1
2496.8 4559.3 -32.4 46 0 13.1 11.5 7.5 2.5 2 0 3 2 2
2521.4 4582.8 -39.6 52 0 10.8 13.5 7.5 2.5 4 1 3 5 5
2514.0 4604.7 -41.0 231 0 4.2 6.1 7.5 2.5 2 1 3 2 2
2551.2 4557.3 -37.1 53 0 10.7 9.1 7.5 2.5 2 0 3 2 2
2496.9 4610.1 -40.8 46 0 8.3 11.5 5.0 2.5 2 1 2 4 4
2449.4 4605.5 -41.1 52 0 19.7 7.8 7.5 2.5 2 0 3 2 2
2352.4 4645.5 -46.2 335 0 11.7 14.0 2.5 2.5 2 0 1 4 4
2323.3 4630.5 -46.2 143 0 11.6 8.4 5.0 2.5 2 0 2 5 5
2338.6 4612.2 -44.4 145 0 13.2 7.3 7.5 2.5 2 0 3 0 0
2343.4 4617.6 -44.8 149 0 9.8 6.9 7.5 0.0 0 0 3 1 1
2372.9 4654.8 -46.2 320 0 3.3 7.6 5.0 2.5 2 0 2 3 3
2375.6 4651.3 -46.2 322 0 5.3 7.9 2.5 2.5 2 0 1 0 0
2380.0 4647.7 -46.2 237 0 7.3 8.4 5.0 2.5 4 0 2 2 2
2398.2 4622.7 -43.4 249 0 9.1 8.1 7.5 2.5 2 0 3 5 5
2389.8 4625.2 -45.6 51 0 9.4 12.7 5.0 2.5 2 1 2 1 1
2384.8 4603.3 -41.7 27 0 10.3 8.7 5.0 2.5 2 0 2 5 5
2381.0 4595.6 -40.2 26 0 7.6 7.0 7.5 0.0 0 0 3 1 1
2368.8 4576.4 -37.5 67 0 6.5 8.1 5.0 2.5 2 1 2 1 1
2357.0 4601.3 -42.3 134 0 11.4 9.5 7.5 2.5 2 0 3 1 1
2345.4 4588.6 -40.6 130 0 15.7 10.0 7.5 2.5 2 0 3 5 5
2417.1 4681.0 -46.2 310 0 21.1 8.9 5.0 0.0 0 0 2 2 2
2402.9 4632.3 -45.4 152 0 7.8 12.3 7.5 2.5 2 0 3 1 1
2401.7 4639.1 -46.2 165 0 6.6 10.4 5.0 2.5 2 0 2 5 5
2416.4 4590.1 -37.9 353 0 7.9 7.6 5.0 2.5 2 0 2 3 3
2408.8 4571.9 -35.7 65 0 7.0 9.2 5.0 2.5 2 1 2 3 3
2388.8 4570.5 -35.3 161 0 5.9 6.6 5.0 2.5 2 1 2 1 1
2391.5 4603.7 -41.6 154 0 6.0 15.6 7.5 0.0 0 1 3 4 4
2399.8 4563.2 -35.0 251 0 16.0 6.9 7.5 2.5 4 0 3 5 5
2411.0 4556.0 -34.3 337 0 7.0 9.3 5.0 2.5 2 0 2 2 2
2415.8 4541.0 -33.9 71 0 6.2 12.0 5.0 2.5 2 1 2 5 5
2401.2 4520.9 -33.5 246 0 9.0 9.3 7.5 2.5 2 1 3 3 3
2414.8 4528.3 -32.9 246 0 8.7 10.7 5.0 2.5 2 1 2 3 3
2423.8 4515.4 -31.9 330 0 8.2 11.2 7.5 2.5 4 0 3 3 3
2430.7 4506.4 -30.9 327 0 8.1 9.2 5.0 2.5 2 0 2 0 0
2431.5 4495.4 -29.2 242 0 8.8 9.8 7.5 2.5 2 1 3 5 5
2433.2 4477.6 -28.7 165 0 5.0 9.4 5.0 2.5 4 1 2 0 0
2435.4 4461.5 -30.1 252 0 11.0 12.3 7.5 2.5 2 1 3 3 3
2449.2 4474.6 -29.4 278 0 14.5 11.4 7.5 2.5 2 0 3 4 4
2472.1 4472.3 -26.1 339 0 6.4 11.3 7.5 2.5 2 1 3 5 5
2466.3 4462.2 -27.0 320 0 11.1 8.0 7.5 2.5 2 0 3 2 2
2484.8 4455.4 -25.9 320 0 7.7 12.0 7.5 2.5 2 1 3 5 5
2477.1 4428.0 -27.5 58 0 7.3 11.4 5.0 2.5 4 1 2 2 2
2478.8 4422.3 -28.0 243 0 8.8 9.5 7.5 2.5 2 1 3 3 3
2496.7 4470.8 -23.6 231 0 12.9 10.4 5.0 2.5 2 0 2 3 3
2510.4 4464.9 -24.4 49 0 6.8 5.0 7.5 2.5 2 0 3 2 2
2515.1 4485.2 -26.1 229 0 8.1 8.4 7.5 2.5 2 1 3 4 4
2520.9 4425.9 -29.1 307 0 10.2 10.4 7.5 2.5 4 1 3 0 0
2513.4 4397.3 -29.8 339 0 8.2 9.1 7.5 2.5 2 1 3 5 5
2491.8 4358.3 -33.3 82 0 8.1 11.6 7.5 2.5 2 1 3 0 0
2499.5 4358.1 -34.1 99 0 9.4 16.7 7.5 2.5 2 1 3 5 5
2464.6 4343.2 -37.9 322 0 9.4 11.2 7.5 2.5 2 1 3 3 3
2493.4 4318.0 -39.6 72 0 9.1 12.9 7.5 2.5 2 1 3 5 5
2524.1 4378.8 -33.2 338 0 7.9 13.3 7.5 2.5 2 1 3 5 5
2472.2 4602.4 -39.6 140 0 9.0 9.9 7.5 2.5 2 0 3 5 5
2467.1 4608.3 -40.5 139 0 6.9 9.5 5.0 0.0 0 0 2 2 2
2474.2 4614.6 -41.1 136 0 6.9 5.8 7.5 2.5 2 0 3 0 0
2472.9 4594.8 -37.4 315 0 9.6 9.7 5.0 2.5 2 0 2 4 4
2467.2 4600.3 -38.2 313 0 6.0 9.7 5.0 2.5 2 0 2 3 3
2444.0 4593.7 -37.5 230 0 5.6 5.6 7.5 2.5 2 0 3 1 1
2585.7 4433.0 -38.6 156 0 11.7 10.3 7.5 2.5 2 0 3 3 3
2585.7 4451.2 -37.5 155 0 6.4 12.1 7.5 2.5 4 1 3 1 1
2580.5 4465.9 -35.1 69 0 8.4 10.0 7.5 2.5 2 1 3 3 3
2473.2 4532.0 -28.5 229 0 8.1 8.6 7.5 2.5 2 1 3 2 2
2454.0 4480.3 -27.8 77 0 15.6 12.8 2.5 2.5 2 0 1 2 2
2535.4 4572.1 -37.2 229 0 9.8 8.3 7.5 2.5 2 0 3 2 2
2519.8 4550.5 -32.4 142 0 7.2 7.6 7.5 2.5 2 1 3 2 2
2455.9 4622.8 -43.2 142 0 6.1 10.2 5.0 0.0 0 1 2 4 4
2363.6 4623.1 -44.8 339 0 8.7 8.5 7.5 2.5 2 0 3 4 4
2291.1 4551.6 -42.6 153 0 11.3 12.1 7.5 2.5 2 1 3 1 1
2535.6 4476.1 -29.1 145 0 10.0 8.0 5.0 2.5 4 0 2 4 4
2533.6 4500.5 -29.8 232 0 10.8 9.5 7.5 2.5 2 0 3 3 3
2520.5 4440.4 -28.6 144 0 10.0 8.3 7.5 2.5 2 0 3 2 2
2542.4 4508.2 -31.5 232 0 11.0 10.3 7.5 2.5 2 0 3 5 5
2556.2 4498.1 -31.7 323 0 10.4 10.2 5.0 2.5 2 0 2 0 0
2566.1 4477.5 -32.5 347 0 8.8 7.7 7.5 2.5 2 0 3 0 0
2228.5 4798.7 -44.0 349 0 14.6 15.8 7.5 2.5 2 1 3 0 0
2183.7 4763.5 -42.6 68 0 13.3 10.5 7.5 2.5 2 0 3 5 5
2064.6 4675.0 -44.8 72 0 12.5 13.3 7.5 2.5 2 1 3 3 3
2077.9 4681.2 -44.5 71 0 13.2 11.9 5.0 2.5 2 0 2 0 0
1847.1 4695.8 -45.1 314 0 12.1 10.0 7.5 2.5 4 0 3 0 0
1854.6 4687.8 -45.3 308 0 7.7 9.4 5.0 2.5 2 1 2 1 1
1667.4 5215.2 -35.2 266 0 9.0 17.9 5.0 2.5 2 1 2 3 3
1568.8 5049.4 -39.6 113 0 24.5 18.5 10.0 2.5 2 0 4 3 3
2293.6 4572.1 -42.5 220 0 9.1 10.1 5.0 2.5 2 1 2 0 0
2298.1 4582.2 -42.2 227 0 10.7 7.0 5.0 2.5 2 0 2 3 3
2304.5 4577.9 -41.6 225 0 7.5 6.1 5.0 2.5 2 0 2 1 1
2301.5 4526.8 -41.8 157 0 6.9 13.3 5.0 0.0 0 1 2 5 5
2315.7 4522.6 -40.5 252 0 16.9 15.9 10.0 2.5 2 0 4 1 1
2328.3 4528.7 -39.8 246 0 10.9 14.3 5.0 2.5 2 1 2 5 5
2323.6 4486.6 -39.8 168 0 9.3 9.4 5.0 2.5 2 1 2 2 2
2321.2 4454.2 -41.8 174 0 9.9 9.4 5.0 2.5 2 0 2 1 1
2320.3 4466.6 -41.3 177 0 11.6 13.3 7.5 2.5 2 0 3 2 2
2333.5 4468.1 -39.8 174 0 10.0 9.3 7.5 2.5 2 0 3 0 0
2331.4 4441.9 -41.3 164 0 15.4 9.1 7.5 2.5 2 0 3 5 5
2329.1 4406.3 -43.2 153 0 11.8 8.2 5.0 2.5 2 0 2 2 2
2367.8 4449.0 -38.1 332 0 11.1 9.6 7.5 2.5 2 0 3 2 2
2393.8 4485.4 -32.4 157 0 10.0 8.8 5.0 2.5 2 0 2 0 0
2419.6 4434.2 -32.4 163 0 10.2 8.8 5.0 2.5 2 0 2 2 2
2558.6 4521.8 -34.3 232 0 8.4 8.5 5.0 2.5 2 1 2 5 5
2550.6 4523.2 -33.2 46 0 9.0 6.0 5.0 2.5 2 0 2 5 5
2543.9 4544.3 -34.2 231 0 6.3 7.6 7.5 0.0 0 1 3 1 1
2552.9 4550.7 -36.4 229 0 8.8 9.9 7.5 2.5 2 1 3 0 0
2566.3 4536.1 -36.6 48 0 9.6 7.6 7.5 0.0 0 0 3 3 3
2571.3 4532.3 -36.7 233 0 7.8 9.9 7.5 2.5 2 1 3 5 5
2444.4 4626.4 -43.4 315 0 10.1 8.8 7.5 2.5 2 0 3 2 2
2449.9 4520.8 -30.3 48 0 7.6 7.9 5.0 2.5 2 1 2 5 5
2425.7 4533.2 -32.3 241 0 7.7 9.0 7.5 2.5 2 1 3 5 5
2433.7 4541.7 -32.2 235 0 9.0 6.9 5.0 2.5 2 0 2 1 1
2442.6 4547.3 -31.5 231 0 6.7 9.7 5.0 2.5 2 1 2 3 3
2449.0 4552.1 -31.0 232 0 6.6 9.3 5.0 2.5 2 1 2 5 5
2429.5 4542.6 -32.8 51 0 8.0 6.9 5.0 2.5 2 0 2 0 0
2435.5 4548.1 -32.3 54 0 8.4 6.7 7.5 0.0 0 0 3 5 5
2449.0 4558.6 -33.0 47 0 7.8 10.6 7.5 2.5 2 1 3 0 0
2434.9 4580.5 -35.9 318 0 9.6 10.1 5.0 2.5 2 1 2 0 0
2424.0 4565.2 -34.0 144 0 6.2 7.9 7.5 2.5 2 1 3 1 1
2545.1 4414.1 -33.1 315 0 7.7 11.5 7.5 2.5 2 1 3 3 3
2531.4 4542.2 -32.2 51 0 5.8 5.5 7.5 2.5 2 0 3 0 0
2398.0 4442.2 -34.9 244 0 12.5 9.0 2.5 2.5 4 0 1 1 1
2152.0 4796.9 -38.1 162 0 6.8 9.8 7.5 2.5 2 1 3 4 4
2378.8 4401.3 -39.6 337 0 8.7 10.0 2.5 2.5 4 1 1 1 1
2174.9 4795.1 -40.3 164 0 8.4 12.4 5.0 2.5 2 1 2 4 4
2555.6 4371.7 -37.5 62 0 8.4 8.5 7.5 2.5 2 1 3 5 5
2578.6 4400.7 -39.3 154 0 10.4 8.7 5.0 2.5 2 0 2 3 3
2611.3 4418.2 -42.2 339 0 15.6 15.5 5.0 2.5 2 0 2 0 0
2541.4 4362.7 -36.8 75 0 12.8 12.9 7.5 2.5 2 1 3 0 0
2419.8 4394.0 -35.4 233 0 7.7 9.9 7.5 2.5 4 1 3 5 5
2180.6 4855.8 -37.0 166 0 10.4 7.8 2.5 2.5 2 0 1 2 2
2147.3 4822.2 -35.6 153 0 7.3 8.4 7.5 2.5 2 1 3 0 0
2566.6 4337.0 -42.8 71 0 8.9 11.8 7.5 2.5 2 1 3 3 3
2560.0 4504.8 -33.9 143 0 10.4 8.8 7.5 2.5 2 0 3 5 5
2572.5 4412.6 -38.2 156 0 9.2 12.0 5.0 2.5 2 1 2 1 1
2146.4 4810.2 -36.9 158 0 11.5 11.2 5.0 2.5 2 0 2 3 3
2355.4 4359.8 -43.1 145 0 9.2 9.1 2.5 2.5 2 0 1 0 0
2310.6 4593.0 -41.3 314 0 6.7 3.8 5.0 2.5 2 0 2 1 1
2394.6 4401.4 -36.8 142 0 12.8 13.6 5.0 2.5 2 1 2 3 3
2449.4 4598.5 -38.3 228 0 8.6 7.4 7.5 0.0 0 0 3 0 0
2560.3 4365.3 -39.9 253 0 8.9 7.7 7.5 2.5 2 0 3 5 5
2206.8 4871.4 -39.2 346 0 13.1 12.9 2.5 2.5 2 0 1 0 0
2432.3 4636.2 -46.1 26 0 9.9 7.9 5.0 2.5 2 0 2 0 0
2549.1 4360.8 -39.7 255 0 11.5 11.4 5.0 2.5 2 0 2 2 2
2396.2 4345.6 -42.0 43 0 11.2 9.6 5.0 2.5 2 0 2 2 2
2516.0 4569.6 -35.2 232 0 5.7 12.7 5.0 2.5 2 1 2 2 2
2373.4 4416.4 -38.9 47 0 10.3 8.3 7.5 2.5 2 0 3 1 1
2449.2 4401.5 -32.3 243 0 10.5 10.7 5.0 2.5 2 1 2 3 3
2388.3 4463.7 -35.0 254 0 13.0 9.2 5.0 2.5 4 0 2 1 1
2349.1 4451.7 -39.5 337 0 7.6 6.2 5.0 2.5 2 0 2 5 5
2343.7 4500.0 -37.9 337 0 5.4 8.6 7.5 2.5 2 0 3 5 5
2378.9 4410.4 -38.6 47 0 10.3 8.1 2.5 0.0 0 0 1 1 1
2575.8 4342.7 -43.0 69 0 11.4 9.6 7.5 2.5 2 0 3 0 0
2565.1 4496.4 -33.5 155 0 9.5 5.7 5.0 2.5 2 0 2 4 4
2198.8 4768.5 -43.4 73 0 8.8 11.1 2.5 2.5 2 1 1 4 4
2481.9 4499.1 -26.5 58 0 7.8 9.9 5.0 2.5 2 1 2 0 0
2487.5 4435.8 -26.4 50 0 12.6 11.5 2.5 2.5 2 0 1 4 4
2509.5 4564.0 -33.2 228 0 4.9 12.5 2.5 2.5 4 1 1 5 5
2388.1 4395.4 -38.9 324 0 11.3 9.1 5.0 2.5 2 0 2 1 1
2184.2 4848.6 -37.1 166 0 4.5 5.7 5.0 2.5 2 1 2 3 3
2433.0 4329.0 -40.3 128 0 9.3 11.7 5.0 2.5 2 1 2 2 2
2362.5 4437.8 -39.1 330 0 7.4 7.9 2.5 2.5 2 1 1 5 5
2360.2 4551.3 -38.2 338 0 8.5 10.9 5.0 2.5 2 1 2 1 1
2532.3 4418.5 -31.2 310 0 9.9 9.6 5.0 2.5 2 0 2 5 5
2366.7 4401.0 -40.8 325 0 8.4 10.2 7.5 2.5 2 1 3 5 5
2144.8 4835.4 -34.7 243 0 8.3 7.2 5.0 0.0 0 0 2 1 1
2511.2 4550.7 -30.4 317 0 6.0 10.3 5.0 0.0 0 1 2 3 3
2171.4 4758.6 -41.9 69 0 11.3 9.4 5.0 2.5 2 0 2 4 4
2151.4 4840.7 -34.8 235 0 8.1 7.4 7.5 2.5 4 0 3 5 5
2340.4 4507.7 -38.0 337 0 11.5 8.5 5.0 2.5 2 0 2 3 3
2443.5 4579.6 -36.7 135 0 8.2 12.7 5.0 2.5 4 1 2 1 1
2141.1 4825.3 -34.3 63 0 7.5 7.3 5.0 2.5 2 0 2 0 0
2355.5 4563.2 -38.4 334 0 5.8 10.0 7.5 2.5 2 1 3 0 0
2405.8 4373.6 -38.8 313 0 11.5 10.1 10.0 0.0 0 0 4 1 1
2597.0 4383.4 -42.7 151 0 8.8 9.2 7.5 2.5 4 1 3 0 0
2500.7 4555.8 -31.0 232 0 9.5 7.6 7.5 0.0 0 0 3 4 4
2424.1 4623.2 -43.7 0 0 9.4 7.9 7.5 2.5 2 0 3 5 5
2495.7 4412.5 -27.8 338 0 11.3 10.2 7.5 2.5 2 0 3 3 3
2157.7 4815.6 -37.2 154 0 8.5 11.4 5.0 2.5 2 1 2 2 2
2373.8 4385.6 -40.8 330 0 10.5 8.1 5.0 2.5 2 0 2 3 3
2449.6 4572.1 -35.2 139 0 10.2 11.0 10.0 2.5 2 1 4 2 2
2345.4 4373.8 -43.4 142 0 11.4 9.2 2.5 0.0 0 0 1 1 1
2420.8 4413.1 -34.7 320 0 12.3 10.0 7.5 2.5 2 0 3 1 1
2343.1 4560.5 -38.8 248 0 4.7 10.6 5.0 2.5 2 1 2 2 2
2456.2 4377.2 -33.2 146 0 6.6 10.7 7.5 2.5 2 1 3 5 5
2602.1 4495.5 -38.0 338 0 12.1 17.1 10.0 0.0 0 1 4 0 0
1973.8 4699.0 -39.5 72 0 6.9 11.9 7.5 2.5 4 1 3 1 1
1994.7 4652.8 -45.0 78 0 9.8 17.3 5.0 2.5 4 1 2 4 4
2523.5 4362.1 -35.4 76 0 15.8 7.8 5.0 2.5 2 0 2 4 4
1944.0 4709.7 -39.2 105 0 10.6 12.3 2.5 2.5 2 1 1 4 4
1870.8 4819.2 -31.7 37 0 7.7 15.3 7.5 2.5 2 1 3 5 5
2366.5 4554.6 -37.0 155 0 4.9 13.0 7.5 2.5 2 1 3 4 4
1595.3 5040.6 -39.7 93 0 9.2 17.2 2.5 2.5 2 1 1 2 2
2172.0 4834.1 -37.0 271 0 7.0 8.2 7.5 2.5 2 1 3 5 5
2329.6 4562.8 -40.1 38 0 6.9 6.6 5.0 2.5 2 0 2 0 0
2582.1 4460.1 -36.6 162 0 7.3 11.3 7.5 2.5 2 1 3 5 5
2484.9 4350.8 -36.5 239 0 5.1 14.8 5.0 2.5 4 1 2 2 2
1845.7 4802.2 -34.0 50 0 7.7 13.3 5.0 2.5 2 1 2 1 1
2386.2 4563.7 -35.9 330 0 5.4 6.2 7.5 2.5 2 1 3 4 4
2320.3 4550.8 -40.6 250 0 9.5 9.6 7.5 2.5 4 0 3 4 4
2554.9 4340.9 -41.2 75 0 9.3 8.1 2.5 2.5 4 0 1 4 4
2520.7 4328.7 -39.9 75 0 9.6 10.9 7.5 2.5 2 1 3 1 1
2082.1 4765.6 -35.9 115 0 8.6 16.3 5.0 2.5 2 1 2 5 5
2371.0 4541.2 -36.7 154 0 10.2 14.6 7.5 2.5 2 1 3 3 3
2008.0 4694.3 -41.0 77 0 10.0 9.4 7.5 2.5 2 0 3 2 2
2159.7 4768.5 -40.4 337 0 8.7 9.4 7.5 2.5 2 0 3 5 5
2134.1 4749.4 -40.0 92 0 6.0 12.7 5.0 2.5 2 0 2 0 0
1763.1 4790.5 -39.8 308 0 10.9 9.7 7.5 2.5 2 0 3 1 1
2420.6 4345.4 -40.0 208 0 8.4 10.7 5.0 2.5 2 1 2 3 3
2388.1 4522.8 -36.0 64 0 14.0 13.4 7.5 2.5 4 0 3 3 3
2374.6 4534.2 -36.4 151 0 5.3 14.3 7.5 2.5 2 1 3 0 0
1700.1 5013.4 -36.8 338 0 33.5 13.9 10.0 2.5 2 0 4 1 1
1957.6 4676.0 -42.5 271 0 8.8 9.5 2.5 2.5 2 1 1 3 3
1953.2 4696.9 -40.0 85 0 8.4 7.2 5.0 2.5 2 0 2 5 5
2139.4 4749.2 -40.3 92 0 4.7 12.7 2.5 2.5 2 0 1 4 4
2098.4 4784.0 -35.0 121 0 11.4 13.4 5.0 2.5 2 1 2 0 0
1903.2 4682.0 -43.8 269 0 9.3 8.5 5.0 2.5 2 0 2 4 4
1539.1 5052.8 -39.8 116 0 10.2 8.4 5.0 2.5 2 0 2 0 0
1726.2 4852.0 -35.6 163 0 8.9 8.6 5.0 2.5 2 0 2 2 2
2409.0 4389.1 -36.9 237 0 10.9 9.0 2.5 2.5 2 0 1 2 2
2361.6 4564.5 -37.3 153 0 4.9 10.4 7.5 2.5 2 1 3 1 1
1733.4 4995.4 -31.0 344 0 8.3 13.9 5.0 2.5 2 1 2 3 3
2420.1 4370.2 -37.2 53 0 9.3 9.9 5.0 2.5 2 1 2 4 4
2120.0 4739.8 -39.9 72 0 9.8 9.7 7.5 2.5 2 0 3 3 3
1638.7 5039.4 -39.5 125 0 11.1 10.4 2.5 2.5 2 0 1 2 2
2334.5 4557.3 -39.7 250 0 13.7 8.3 7.5 2.5 2 0 3 4 4
1913.0 4681.6 -43.4 272 0 7.1 8.6 5.0 2.5 2 1 2 5 5
1818.2 4756.1 -40.0 141 0 9.1 10.0 7.5 2.5 2 1 3 1 1
1694.5 4926.2 -33.9 158 0 10.9 13.3 7.5 0.0 0 1 3 3 3
2390.5 4614.1 -42.5 314 0 8.7 5.6 2.5 2.5 2 0 1 0 0
2353.0 4508.2 -37.1 65 0 9.7 8.1 7.5 2.5 2 0 3 0 0
1607.4 5042.5 -39.5 111 0 7.0 24.0 5.0 2.5 2 1 2 4 4
2110.3 4736.3 -39.6 74 0 8.9 10.0 5.0 2.5 2 1 2 0 0
1951.7 4682.4 -41.3 85 0 12.0 9.8 5.0 2.5 2 0 2 0 0
1809.2 4851.5 -30.1 323 0 8.1 11.4 5.0 2.5 4 1 2 2 2
1962.4 4697.6 -39.6 81 0 8.1 10.2 5.0 2.5 2 1 2 1 1
2086.4 4711.8 -42.6 251 0 6.3 9.5 5.0 2.5 2 1 2 0 0
2318.5 4555.4 -40.6 127 0 5.9 9.0 5.0 2.5 2 1 2 0 0
1971.4 4683.6 -41.1 81 0 13.2 13.5 7.5 2.5 2 1 3 3 3
1755.1 4821.9 -36.0 135 0 9.5 11.3 5.0 2.5 2 1 2 4 4
2509.5 4487.2 -25.6 55 0 11.5 9.4 5.0 2.5 2 0 2 2 2
2012.1 4719.4 -38.7 99 0 11.8 16.5 2.5 2.5 4 1 1 5 5
2386.1 4652.1 -46.2 209 0 8.0 9.6 7.5 0.0 0 1 3 5 5
2364.2 4559.3 -37.1 153 0 5.7 6.7 5.0 2.5 4 1 2 4 4
2339.2 4565.0 -39.4 44 0 7.9 5.4 7.5 2.5 2 0 3 3 3
1904.2 4660.1 -44.9 85 0 9.1 12.9 2.5 2.5 2 1 1 3 3
1981.9 4715.6 -38.3 103 0 12.4 9.8 2.5 2.5 4 0 1 5 5
1710.6 4897.2 -32.9 158 0 13.5 11.3 5.0 2.5 2 0 2 3 3
1493.7 5092.1 -38.7 255 0 8.4 10.7 5.0 2.5 2 1 2 0 0
1512.8 5069.3 -39.7 200 0 8.5 21.5 7.5 2.5 2 1 3 5 5
1715.3 4864.8 -35.1 152 0 10.1 13.4 10.0 2.5 2 1 4 4 4
2427.9 4371.4 -36.8 231 0 8.6 10.3 5.0 2.5 2 1 2 4 4
1655.9 5016.9 -39.4 160 0 11.5 8.9 2.5 2.5 2 0 1 4 4
1932.9 4705.7 -39.9 102 0 8.5 9.2 7.5 2.5 4 1 3 1 1
1832.2 4773.9 -38.6 228 0 12.1 10.1 10.0 2.5 2 0 4 2 2
1703.3 4916.8 -33.1 158 0 10.2 8.7 5.0 0.0 0 0 2 0 0
1827.0 4743.0 -41.2 147 0 7.5 9.7 5.0 0.0 0 1 2 2 2
1692.2 4941.3 -33.7 153 0 11.4 9.0 7.5 0.0 0 0 3 0 0
2324.4 4533.1 -40.7 70 0 13.8 8.4 5.0 2.5 2 0 2 4 4
2374.1 4518.5 -36.7 338 0 8.4 9.9 2.5 2.5 2 1 1 1 1
2146.2 4798.5 -37.0 339 0 8.8 9.2 2.5 2.5 2 1 1 1 1
1889.3 4677.7 -44.9 273 0 13.9 9.7 2.5 2.5 2 0 1 4 4
2136.0 4774.2 -38.2 332 0 8.0 5.5 2.5 2.5 2 0 1 2 2
1880.2 4722.3 -40.6 112 0 12.0 12.6 2.5 2.5 4 1 1 3 3
1813.0 4748.5 -41.5 326 0 7.7 7.4 7.5 2.5 2 0 3 4 4
1903.6 4813.1 -33.2 278 0 10.4 12.0 5.0 2.5 2 1 2 5 5
2112.8 4888.6 -30.3 216 0 12.3 10.5 5.0 2.5 2 0 2 5 5
1934.6 4917.6 -19.3 36 0 13.5 10.8 2.5 2.5 2 0 1 5 5
2160.3 4974.7 -42.0 328 0 21.1 11.3 5.0 2.5 2 0 2 5 5
1841.8 4672.2 -46.0 125 0 9.9 7.7 5.0 2.5 4 0 2 0 0
2131.8 5025.8 -42.0 245 0 7.9 9.2 2.5 2.5 2 1 1 2 2
2192.0 4918.0 -40.7 336 0 20.3 10.5 7.5 2.5 2 0 3 5 5
2172.1 4959.8 -42.4 327 0 13.2 13.1 5.0 2.5 2 0 2 3 3
2148.4 4789.3 -37.9 339 0 7.9 11.4 7.5 2.5 2 1 3 5 5
2155.7 4777.1 -39.4 344 0 8.0 7.9 5.0 2.5 2 0 2 1 1
1828.6 4721.6 -43.9 331 0 11.7 11.3 2.5 2.5 4 0 1 0 0
1819.5 4737.9 -42.6 326 0 8.2 7.9 7.5 2.5 2 0 3 1 1
1877.7 4678.6 -45.3 272 0 8.1 10.7 5.0 2.5 2 1 2 0 0
2140.5 5012.6 -42.1 338 0 11.2 11.4 2.5 2.5 2 1 1 3 3
1979.8 4665.4 -44.3 273 0 10.7 8.8 5.0 2.5 4 0 2 0 0
2057.4 4938.1 -27.0 166 0 11.1 9.1 7.5 2.5 4 0 3 3 3
1153.8 5031.5 -39.0 69 0 4.0 3.4 2.5 2.5 2 0 1 4 4
2566.9 4373.8 -39.0 65 0 12.3 9.1 5.0 2.5 2 0 2 4 4
2223.2 4827.7 -41.1 345 0 7.7 10.5 7.5 2.5 2 1 3 0 0
2380.4 4439.3 -37.9 330 0 11.1 14.5 7.5 2.5 4 1 3 2 2
3900.2 7185.9 -35.9 93 0 7.9 10.9 2.5 2.5 2 1 1 5 5
3838.0 7605.6 -40.5 352 0 8.1 20.2 2.5 2.5 2 1 1 5 5
3828.5 7283.3 -38.7 173 0 8.6 8.0 5.0 2.5 2 0 2 5 5
3921.9 7225.5 -36.1 337 0 11.5 10.9 5.0 2.5 2 0 2 5 5
3810.1 7031.7 -36.2 16 0 16.9 9.4 5.0 2.5 2 0 2 1 1
3822.7 7019.0 -36.3 179 0 12.9 9.2 7.5 2.5 2 0 3 0 0
3882.4 7063.2 -35.3 267 0 16.9 8.0 5.0 0.0 0 0 2 0 0
3916.6 7166.1 -35.7 91 0 8.9 9.4 5.0 2.5 2 1 2 5 5
3909.5 7251.5 -36.6 341 0 7.5 15.2 5.0 2.5 2 1 2 1 1
3704.3 7105.7 -38.3 351 0 8.1 12.9 5.0 2.5 2 1 2 5 5
3967.8 7216.3 -35.8 62 0 4.4 18.0 5.0 0.0 0 1 2 0 0
3841.2 7086.3 -35.5 256 0 10.4 12.6 5.0 0.0 0 1 2 1 1
3893.8 7110.2 -35.3 265 0 13.2 6.6 5.0 2.5 2 0 2 3 3
3775.9 7581.2 -40.8 164 0 9.8 14.9 5.0 2.5 2 1 2 2 2
3706.1 7097.0 -38.1 352 0 7.6 11.2 5.0 2.5 2 1 2 4 4
3748.3 7066.6 -36.5 336 0 7.8 9.1 2.5 2.5 2 1 1 4 4
3970.2 7118.2 -34.6 174 0 5.3 15.3 7.5 0.0 0 1 3 5 5
3884.7 7100.5 -35.2 267 0 9.0 13.8 7.5 2.5 2 1 3 2 2
3826.1 7299.4 -39.0 174 0 12.3 6.5 2.5 2.5 2 0 1 1 1
3938.8 7102.9 -34.8 292 0 11.3 8.9 7.5 2.5 2 0 3 2 2
3704.6 7040.6 -37.8 159 0 7.9 14.1 2.5 2.5 2 1 1 1 1
4039.8 7069.0 -34.9 267 0 7.0 10.1 2.5 2.5 2 1 1 5 5
3985.8 7239.4 -35.8 329 0 13.1 10.6 5.0 2.5 2 0 2 2 2
3777.9 7092.6 -36.4 341 0 12.2 7.7 2.5 2.5 2 0 1 5 5
3733.3 6991.9 -38.3 175 0 19.4 6.9 5.0 2.5 4 0 2 0 0
3949.5 7119.2 -35.0 79 0 9.8 15.7 5.0 2.5 2 1 2 0 0
3915.1 7143.4 -35.5 93 0 8.1 16.0 7.5 2.5 2 1 3 2 2
3912.9 7104.3 -35.0 266 0 15.2 9.9 7.5 2.5 4 0 3 3 3
3842.3 7292.5 -38.6 176 0 14.6 13.4 5.0 2.5 2 0 2 2 2
4004.8 7060.8 -35.4 268 0 11.5 5.3 7.5 2.5 2 0 3 4 4
3794.6 7057.6 -35.8 1 0 9.0 17.3 5.0 2.5 2 1 2 0 0
3757.3 6982.0 -37.9 101 0 9.5 17.3 5.0 2.5 2 1 2 2 2
3778.3 6952.9 -38.3 98 0 18.2 5.7 5.0 0.0 0 0 2 5 5
3935.4 7111.2 -34.9 119 0 12.8 8.9 5.0 2.5 2 0 2 4 4
3775.7 7592.6 -40.9 164 0 9.5 11.1 5.0 2.5 2 1 2 5 5
3844.1 7274.6 -38.2 164 0 12.7 8.7 7.5 2.5 2 0 3 0 0
3892.1 7180.1 -35.9 88 0 7.8 7.8 5.0 2.5 4 1 2 3 3
3794.2 7001.7 -36.9 7 0 11.0 10.6 5.0 2.5 2 0 2 3 3
3815.6 6983.1 -37.2 176 0 14.3 8.5 7.5 2.5 2 0 3 4 4
3894.0 7160.4 -35.7 180 0 8.4 13.8 7.5 0.0 0 1 3 2 2
3889.3 7303.0 -38.0 339 0 8.1 16.4 7.5 2.5 2 1 3 0 0
3901.4 7228.7 -36.5 344 0 9.3 22.8 5.0 2.5 2 1 2 3 3
3976.8 7232.7 -35.7 331 0 8.7 9.7 5.0 2.5 2 1 2 4 4
3881.1 7029.9 -35.8 86 0 36.4 9.3 7.5 2.5 2 0 3 1 1
3911.1 7088.7 -34.9 277 0 16.2 8.4 7.5 0.0 0 0 3 2 2
3881.4 7213.9 -36.2 164 0 7.4 12.8 7.5 2.5 2 1 3 1 1
3968.0 7086.5 -34.7 275 0 8.9 15.1 7.5 0.0 0 1 3 2 2
3740.9 7050.9 -36.5 162 0 13.2 9.4 7.5 2.5 4 0 3 0 0
3943.7 7211.4 -35.8 60 0 7.9 8.9 7.5 2.5 2 1 3 4 4
3824.3 7030.9 -36.0 177 0 5.9 37.9 7.5 2.5 2 1 3 5 5
3777.2 6944.7 -38.4 98 0 9.8 6.8 7.5 2.5 2 0 3 5 5
3964.4 7107.0 -34.7 85 0 8.4 13.0 7.5 0.0 0 1 3 0 0
3893.0 7083.6 -35.0 269 0 5.4 12.8 5.0 0.0 0 1 2 1 1
3965.8 7035.2 -35.2 89 0 7.8 16.1 5.0 2.5 4 1 2 5 5
3719.3 7034.6 -37.4 162 0 7.5 17.6 5.0 2.5 2 1 2 4 4
4021.3 7046.0 -35.2 84 0 13.4 11.4 5.0 2.5 2 0 2 0 0
3779.8 7077.8 -36.1 340 0 10.1 9.7 5.0 0.0 0 0 2 0 0
3777.1 7008.8 -37.0 6 0 12.8 9.2 2.5 2.5 2 0 1 0 0
3719.9 6962.4 -39.1 181 0 9.7 20.7 7.5 2.5 2 1 3 1 1
3908.6 7140.0 -35.4 183 0 6.5 12.4 5.0 2.5 2 1 2 0 0
3784.2 7562.9 -40.7 172 0 13.8 15.4 5.0 2.5 2 1 2 3 3
3876.9 7313.2 -38.4 337 0 7.7 16.3 5.0 2.5 2 1 2 2 2
4005.8 7073.6 -35.4 269 0 6.8 11.7 7.5 2.5 4 1 3 3 3
3770.7 7032.8 -36.4 0 0 12.9 8.5 5.0 2.5 2 0 2 1 1
3760.5 6954.4 -38.5 102 0 9.4 22.1 7.5 2.5 2 1 3 1 1
3747.0 7116.3 -37.6 354 0 6.1 13.8 5.0 2.5 2 1 2 0 0
3780.6 7175.1 -37.8 265 0 14.9 9.3 5.0 2.5 2 0 2 4 4
3732.2 7101.1 -37.7 356 0 8.0 13.4 7.5 2.5 2 1 3 5 5
3794.0 7132.5 -37.2 11 0 9.9 22.3 5.0 2.5 2 1 2 5 5
3736.8 7111.3 -37.5 265 0 8.4 15.4 2.5 2.5 2 1 1 5 5
3740.8 7149.3 -38.3 333 0 14.1 11.9 10.0 2.5 2 0 4 3 3
3721.5 7216.1 -39.8 159 0 10.0 15.1 5.0 2.5 2 1 2 1 1
3734.4 7130.1 -38.1 342 0 10.0 12.7 2.5 2.5 2 1 1 2 2
3796.9 7170.3 -37.5 2 0 12.7 8.3 7.5 2.5 2 0 3 1 1
-3532.6 6843.9 6.6 359 0 14.8 6.3 7.5 2.5 2 0 3 3 3
-3572.0 6991.9 9.8 284 0 6.8 29.8 7.5 2.5 2 1 3 5 5
-3485.4 6948.0 9.6 71 0 8.2 9.6 7.5 2.5 2 1 3 2 2
-3430.8 6916.4 6.4 79 0 6.3 8.5 5.0 2.5 2 1 2 2 2
-3510.2 7011.2 9.1 264 0 15.3 6.3 2.5 2.5 2 0 1 0 0
-3026.2 9102.7 -1.3 273 0 16.2 18.6 12.5 2.5 2 1 5 4 4
-3582.3 6833.4 5.6 80 0 7.6 20.5 5.0 2.5 2 1 2 2 2
-2960.3 9132.9 -1.9 263 0 29.6 17.6 12.5 2.5 2 0 5 0 0
-3665.7 6850.0 4.4 335 0 12.3 5.0 2.5 2.5 2 0 1 4 4
-3475.6 6977.0 9.3 259 0 6.0 11.1 2.5 2.5 2 1 1 5 5
-3356.5 6865.5 -3.0 61 0 13.6 8.4 2.5 2.5 4 0 1 0 0
-3492.1 6855.9 6.7 81 0 8.6 16.3 7.5 2.5 2 1 3 1 1
-3601.5 6846.6 5.2 149 0 16.6 5.9 5.0 2.5 2 0 2 1 1
-3472.8 6986.8 9.2 258 0 16.8 8.2 5.0 2.5 4 0 2 4 4
-3540.3 6913.9 7.0 264 0 8.4 17.0 5.0 2.5 2 1 2 0 0
-3555.5 6987.1 9.7 292 0 7.6 12.5 7.5 2.5 2 1 3 3 3
-3535.7 6880.5 5.6 258 0 11.7 4.8 5.0 0.0 0 0 2 0 0
-3550.8 6920.1 8.7 99 0 12.0 23.5 12.5 2.5 2 1 5 3 3
-3474.0 6893.4 6.5 258 0 6.1 13.8 7.5 2.5 2 1 3 2 2
-3627.4 6732.2 8.2 61 0 8.2 11.2 5.0 2.5 2 1 2 2 2
-3061.2 9131.3 -0.2 275 0 10.7 17.0 2.5 0.0 0 1 1 2 2
-3572.7 6769.5 8.0 57 0 6.2 12.6 5.0 2.5 4 1 2 0 0
-3574.8 6868.9 5.3 260 0 5.7 10.7 2.5 2.5 2 1 1 4 4
-3681.2 6856.5 4.6 145 0 12.6 11.0 7.5 2.5 2 0 3 3 3
-3580.4 6763.7 8.3 56 0 11.1 5.7 5.0 2.5 2 0 2 0 0
-3414.7 6918.7 5.6 80 0 7.6 9.3 7.5 2.5 2 1 3 2 2
-3496.5 7013.1 9.0 260 0 12.5 6.3 5.0 2.5 2 0 2 1 1
-3532.9 6858.4 6.2 358 0 11.7 6.1 2.5 2.5 2 0 1 2 2
-3579.5 6926.0 9.4 103 0 6.7 11.8 7.5 2.5 2 1 3 4 4
1863.6 4684.4 -45.7 299 0 10.3 14.2 5.0 2.5 2 1 2 2 2
1873.9 4689.0 -43.7 105 0 12.4 9.8 7.5 2.5 2 0 3 5 5
1858.9 4696.4 -43.7 131 0 10.2 9.9 7.5 2.5 2 0 3 4 4
1842.2 4712.8 -43.1 143 0 9.8 13.6 5.0 2.5 2 1 2 1 1
2225.5 4761.3 -45.3 140 0 9.5 14.0 5.0 2.5 2 1 2 3 3
1249.7 4988.2 -37.9 71 0 8.2 6.1 7.5 2.5 2 0 3 2 2
1267.9 5057.7 -36.0 173 0 7.6 15.2 2.5 2.5 4 1 1 4 4
1797.4 4777.1 -37.4 135 0 7.0 7.1 5.0 2.5 2 1 2 3 3
1573.9 5106.6 -40.3 64 0 10.4 9.2 5.0 2.5 2 0 2 1 1
1741.5 4823.2 -37.0 141 0 7.9 12.4 5.0 2.5 2 1 2 5 5
1750.2 4798.2 -39.3 311 0 4.2 3.7 5.0 2.5 2 0 2 4 4
1687.8 4882.0 -38.5 335 0 41.0 16.3 12.5 2.5 2 0 5 1 1
1662.0 4961.6 -38.5 335 0 5.7 11.8 10.5 2.5 2 1 3 1 1
1740.2 4813.5 -39.6 311 0 5.9 12.0 7.5 2.5 2 1 3 0 0
1787.4 4772.3 -39.6 310 0 10.5 9.5 7.5 2.5 4 0 3 3 3
1805.6 4756.3 -41.0 321 0 10.5 10.6 5.0 2.5 2 1 2 0 0
1924.2 4680.4 -43.4 281 0 12.3 11.8 7.5 2.5 2 0 3 1 1
1967.2 4670.0 -44.0 273 0 9.5 13.9 2.5 2.5 2 1 1 4 4
2561.1 4456.8 -32.4 351 0 13.1 8.1 2.5 2.5 2 0 1 2 2
2387.5 4377.5 -40.0 325 0 11.3 8.7 7.5 2.5 4 0 3 5 5
2459.9 4618.4 -42.5 137 0 4.8 13.7 7.5 2.5 4 1 3 5 5
2507.5 4609.0 -40.4 321 0 6.0 14.0 5.0 2.5 2 1 2 0 0
2391.2 4494.3 -32.5 156 0 7.2 8.7 2.5 2.5 2 1 1 2 2
2356.1 4502.0 -36.2 244 0 12.1 8.4 7.5 2.5 2 0 3 0 0
688.3 10417.8 -17.7 333 0 6.0 6.7 2.5 2.5 2 1 1 5 5
722.4 10459.2 -17.1 331 0 20.1 39.6 15.0 0.0 0 1 6 3 3
695.2 10209.4 -22.7 312 0 60.8 15.1 7.5 2.5 2 0 3 5 5
1515.1 9996.0 -26.3 271 0 18.6 85.1 10.0 2.5 2 0 4 5 5
1417.9 9889.6 -26.8 104 0 14.1 9.3 4.0 2.5 2 0 1 2 2
1365.5 9891.3 -27.2 195 0 22.3 41.0 10.0 2.5 2 1 4 0 0
1439.1 9856.9 -27.7 104 0 76.7 20.2 10.0 0.0 0 0 4 1 1
1390.0 9925.3 -26.5 201 0 36.4 19.7 10.0 0.0 0 0 4 4 4
1408.9 9956.4 -26.0 194 0 38.2 15.7 10.0 2.5 2 0 4 1 1
1655.1 9580.8 -33.4 336 0 8.1 10.5 8.0 2.5 2 1 2 3 3
1634.6 9567.2 -33.6 63 0 7.5 21.0 4.0 2.5 2 1 1 3 3
1602.9 9614.5 -32.6 161 0 9.3 19.9 8.0 2.5 4 1 2 0 0
1464.8 9511.9 -34.0 7 0 33.3 12.2 10.0 2.5 2 0 4 1 1
1501.1 9497.3 -34.0 7 0 12.6 37.7 7.5 2.5 2 0 3 5 5
1543.8 9407.7 -35.1 9 0 41.2 7.7 7.5 2.5 2 0 3 2 2
1542.4 9457.7 -34.5 7 0 22.7 10.9 12.0 2.5 2 0 3 0 0
1530.5 9506.3 -33.8 4 0 8.2 23.6 8.0 2.5 4 0 2 0 0
1537.4 9536.8 -33.8 4 0 53.5 34.1 10.0 0.0 0 0 4 1 1
1370.0 9501.8 -34.0 174 0 8.3 10.8 4.0 2.5 2 1 1 4 4
1355.7 9490.3 -34.2 177 0 15.7 9.9 4.0 2.5 2 0 1 3 3
1415.8 9394.7 -35.1 97 0 35.3 42.2 10.0 0.0 0 0 4 5 5
1468.5 9387.6 -35.1 97 0 61.9 11.8 7.5 2.5 2 0 3 2 2
1377.9 9673.5 -31.5 195 0 12.5 5.6 8.0 2.5 2 0 2 3 3
1310.4 9713.0 -31.1 193 0 25.1 6.3 8.0 2.5 4 0 2 5 5
1352.0 9737.9 -30.7 193 0 40.5 25.7 10.0 0.0 0 0 4 0 0
1312.4 9693.5 -31.4 193 0 37.1 54.5 5.0 0.0 0 0 2 4 4
1352.5 9813.8 -29.2 195 0 37.6 20.3 10.0 0.0 0 0 4 0 0
1393.8 9743.8 -30.4 195 0 13.5 37.0 10.0 2.5 2 0 4 4 4
1424.2 9846.4 -28.4 285 0 66.4 20.8 10.0 2.5 4 0 4 1 1
1492.0 9618.6 -32.6 15 0 15.9 19.5 7.5 2.5 2 0 3 5 5
1530.0 9663.7 -31.7 15 0 15.3 15.6 4.0 2.5 2 0 1 3 3
1229.3 10467.2 -15.3 268 0 14.5 22.6 10.0 2.5 2 1 4 0 0
1211.5 10399.8 -16.5 85 0 10.8 12.6 7.5 2.5 2 1 3 4 4
1132.5 10390.4 -17.1 176 0 12.0 9.9 5.0 2.5 2 0 2 4 4
1078.6 10423.1 -16.5 356 0 12.6 8.9 2.5 2.5 2 0 1 0 0
1104.4 10422.1 -16.5 357 0 10.8 19.2 2.5 0.0 0 1 1 3 3
983.6 10370.4 -18.3 22 0 22.1 57.2 10.0 2.5 4 1 4 5 5
900.1 10303.1 -20.1 113 0 11.1 54.7 10.0 2.5 4 1 4 1 1
849.7 10308.9 -20.2 173 0 17.4 10.5 7.5 2.5 2 0 3 1 1
850.0 10284.4 -20.6 347 0 10.6 27.2 12.5 2.5 2 1 5 2 2
814.1 10253.6 -21.0 166 0 10.2 15.8 10.0 2.5 2 1 4 2 2
817.9 10156.1 -22.6 240 0 9.7 13.6 7.5 2.5 2 1 3 2 2
828.7 10161.8 -22.6 240 0 9.6 12.9 5.0 2.5 2 1 2 3 3
874.8 10158.1 -22.5 25 0 14.0 10.1 5.0 2.5 2 0 2 5 5
768.0 10067.3 -25.5 358 0 20.7 8.0 5.0 2.5 2 0 2 5 5
775.1 10110.8 -23.8 359 0 12.2 10.2 5.0 2.5 2 0 2 2 2
802.3 10086.0 -23.8 180 0 13.7 10.6 5.0 2.5 2 0 2 2 2
832.2 10095.4 -23.6 271 0 11.7 15.9 7.5 2.5 4 1 3 3 3
871.2 10100.9 -23.4 343 0 11.2 15.6 5.0 2.5 2 1 2 2 2
-6825.3 3867.8 36.1 245 0 41.7 15.0 12.5 2.5 2 0 5 1 1
-6785.3 3829.8 30.4 247 0 43.1 23.5 10.0 0.0 0 0 4 0 0
-6707.5 3812.3 27.9 246 0 22.3 22.9 12.5 2.5 2 1 5 1 1
-6633.2 3848.0 27.3 246 0 7.6 23.3 4.0 2.5 4 1 1 1 1
-6604.1 3806.7 24.9 337 0 22.8 24.7 12.5 2.5 2 1 5 4 4
-6614.9 3872.6 27.0 157 0 23.8 23.0 10.0 2.5 2 0 4 0 0
-6911.8 3896.0 39.1 246 0 41.9 23.5 10.0 0.0 0 0 4 1 1
-6719.9 3919.6 34.9 245 0 21.7 23.1 10.0 2.5 4 1 4 0 0
-6505.7 3878.1 23.4 336 0 21.8 41.7 12.5 0.0 0 1 5 1 1
-6592.0 4022.9 32.3 65 0 26.8 34.1 17.5 0.0 0 1 7 3 3
-2510.7 5043.3 35.4 269 0 5.3 5.6 7.5 2.5 2 1 3 3 3
-2522.3 5032.2 36.6 355 0 11.1 5.4 7.5 2.5 2 0 3 2 2
-2522.0 5046.2 35.7 358 0 11.3 5.9 7.5 2.5 2 0 3 3 3
-2514.7 4973.4 37.9 358 0 54.8 30.6 12.5 0.0 0 0 5 0 0
-3111.5 -692.0 -18.3 84 0 23.9 17.7 7.5 2.5 2 0 3 4 4
-3083.7 -664.9 -18.3 257 0 21.7 14.5 7.5 2.5 4 0 3 2 2
-2934.7 -181.7 -5.5 278 0 22.7 35.9 10.0 2.5 4 0 4 1 1
-2952.0 -179.3 -6.1 278 0 12.5 49.5 12.5 0.0 0 0 5 3 3
-2949.3 -158.4 -2.9 95 0 44.5 8.3 7.5 0.0 0 0 3 2 2
-2783.2 -132.1 -2.9 183 0 9.9 30.0 7.5 2.5 2 1 3 3 3
-4229.3 -7617.6 -21.8 115 0 8.5 6.8 7.5 2.5 2 0 3 2 2
-4238.0 -7652.0 -21.8 201 0 28.3 13.5 7.5 2.5 2 0 3 0 0
-4263.5 -7718.5 -21.8 202 0 27.6 8.3 7.5 2.5 2 0 3 0 0
171.1 -1083.9 -31.4 342 0 13.4 15.5 10.0 2.5 2 1 4 1 1
