5816.6 -7089.8 -275.3 95 0 18.5 17.0 14.0 3.5 2 0 4 1 1
5666.9 -7061.5 -278.2 178 0 17.2 18.1 14.0 3.5 2 1 4 3 3
4200.8 -7382.8 -263.6 267 0 17.1 10.3 7.5 2.5 2 0 3 0 0
3808.4 -8245.8 -146.9 88 0 16.5 10.1 2.5 2.5 2 0 1 2 2
2396.4 -9723.7 27.5 100 0 11.3 9.4 7.5 2.5 2 0 3 3 3
-223.5 -8594.4 -113.3 192 0 7.9 13.4 7.5 2.5 2 1 3 1 1
-3474.7 -7854.0 -544.5 86 0 13.3 12.7 5.0 2.5 2 0 2 1 1
-3116.0 -5792.2 -310.3 96 0 12.2 8.7 2.5 2.5 2 0 1 0 0
-3719.4 -5491.7 -385.0 73 0 16.5 13.0 5.0 2.5 2 0 2 0 0
-4870.7 -5794.2 -444.3 175 0 11.8 19.1 5.0 2.5 2 1 2 2 2
-5788.2 -5773.6 -445.9 275 0 16.9 9.7 7.5 2.5 2 0 3 3 3
-6911.1 -2703.6 -612.4 91 0 13.4 10.6 10.0 2.5 2 0 4 4 4
1445.4 3835.9 631.3 185 0 8.8 9.6 7.5 2.5 2 1 3 3 3
2053.6 1124.3 868.6 273 0 17.3 11.9 2.5 2.5 2 0 1 1 1
1635.9 -6253.8 -309.0 185 0 12.7 13.7 7.5 2.5 4 1 3 1 1
633.7 -6942.2 -525.8 273 0 14.2 10.8 7.5 2.5 2 0 3 2 2
-5328.0 -7936.0 -876.2 259 0 18.2 16.2 7.5 2.5 2 0 3 4 4
-3087.7 5164.2 430.8 181 0 44.2 9.9 7.5 2.5 4 0 3 5 5
-365.7 7355.3 -484.8 162 0 12.6 30.0 12.5 2.5 2 1 5 2 2
-1866.3 8428.8 -698.5 88 0 37.6 18.7 17.5 0.0 0 0 7 1 1
3112.0 -6749.4 -192.0 355 0 3.8 4.4 7.5 2.5 2 1 3 1 1
910.6 10410.8 -702.6 187 0 10.0 14.9 10.0 0.0 0 1 4 3 3
3714.3 8552.0 -702.1 92 0 18.7 14.2 10.0 2.5 2 0 4 4 4
4084.1 7859.5 -677.5 267 0 14.7 11.8 2.5 2.5 2 0 1 3 3
4671.6 7007.5 -560.8 89 0 17.3 15.6 12.5 2.5 2 0 5 3 3
5054.9 6348.6 -552.8 88 0 18.2 15.2 17.5 0.0 0 0 7 2 2
4821.5 5247.6 -462.1 160 0 14.8 12.8 2.5 0.0 0 0 1 3 3
5349.6 4075.0 -439.3 185 0 11.0 14.2 7.5 2.5 2 1 3 0 0
6881.3 4473.4 -244.3 88 0 21.3 23.8 10.5 0.0 0 1 3 0 0
4534.0 -6625.8 -252.0 81 0 15.5 13.3 10.0 2.5 2 0 4 3 3
-5279.1 -9702.5 -489.0 14 0 10.5 8.9 2.5 2.5 2 0 1 4 4
-5418.4 -9637.6 -500.4 328 0 7.5 7.0 5.0 2.5 2 0 2 3 3
-5292.2 -8416.1 -820.6 360 0 6.6 7.2 2.5 2.5 2 1 1 1 1
-5253.8 -8425.4 -834.2 152 0 15.8 9.9 5.0 2.5 2 0 2 1 1
-5262.2 -8399.4 -836.6 132 0 11.9 10.0 7.5 2.5 2 0 3 4 4
-5279.2 -8381.8 -836.8 131 0 9.2 13.2 2.5 2.5 2 1 1 2 2
-5284.4 -8431.2 -818.5 334 0 7.9 7.5 5.0 2.5 2 0 2 0 0
-5285.2 -8340.0 -840.0 48 0 9.1 9.9 7.5 2.5 2 1 3 0 0
-5427.3 -8958.0 -645.6 38 0 9.3 11.5 7.5 0.0 0 1 3 2 2
-5335.7 -9187.7 -656.5 256 0 10.2 9.7 7.5 2.5 2 0 3 3 3
-5504.8 -9555.0 -526.9 132 0 11.5 8.2 7.5 2.5 4 0 3 4 4
-5343.6 -9621.0 -522.5 244 0 11.3 6.3 7.5 2.5 2 0 3 5 5
-5331.3 -9609.1 -534.4 172 0 12.1 9.6 5.0 2.5 2 0 2 5 5
-5332.8 -9616.5 -525.5 239 0 4.4 3.9 5.0 2.5 2 0 2 3 3
-5301.3 -9601.3 -538.8 89 0 6.6 3.7 5.0 2.5 2 0 2 2 2
-5282.5 -9597.8 -539.2 93 0 4.2 8.5 5.0 2.5 2 1 2 4 4
-5286.4 -9586.0 -542.6 62 0 3.5 4.2 5.0 0.0 0 1 2 0 0
-5413.6 -9641.8 -498.6 228 0 4.6 4.4 7.5 2.5 2 0 3 0 0
-5413.0 -9651.9 -494.4 41 0 4.2 5.5 7.5 0.0 0 1 3 3 3
-5008.1 -9528.5 -500.8 150 0 7.7 14.1 7.5 2.5 2 1 3 1 1
-5117.1 -9702.0 -489.2 90 0 12.0 6.3 7.5 2.5 2 0 3 2 2
-5094.0 -9696.4 -488.9 72 0 9.0 9.4 7.5 2.5 2 1 3 5 5
-5139.9 -9704.6 -486.3 71 0 5.7 7.5 5.0 2.5 2 1 2 2 2
-5603.3 -8889.6 -612.8 180 0 9.4 9.4 7.5 2.5 2 1 3 3 3
-5804.9 -8587.2 -669.4 90 0 8.2 9.5 7.5 2.5 2 1 3 2 2
-5405.2 -9433.9 -606.1 127 0 10.7 7.4 7.5 2.5 2 0 3 0 0
-5296.0 -9457.9 -604.6 238 0 5.2 8.2 7.5 2.5 4 1 3 3 3
-5264.3 -9431.0 -616.1 180 0 6.8 4.4 5.0 2.5 2 0 2 0 0
-5246.3 -9440.1 -611.5 232 0 3.9 5.2 5.0 2.5 2 1 2 4 4
-5234.5 -9451.0 -608.7 54 0 6.0 4.5 7.5 2.5 4 0 3 4 4
-5292.9 -8985.6 -701.9 97 0 12.0 16.1 7.5 2.5 2 1 3 1 1
-5347.9 -8903.7 -697.0 150 0 12.2 12.0 5.0 2.5 2 0 2 2 2
-5274.7 -8833.3 -744.7 247 0 11.9 10.8 7.5 2.5 4 0 3 4 4
-5385.2 -8639.3 -736.6 182 0 10.3 10.2 5.0 2.5 2 0 2 2 2
-5407.4 -8559.1 -746.5 4 0 10.4 9.8 7.5 2.5 2 0 3 0 0
-5597.0 -8410.1 -742.7 114 0 8.7 10.0 7.5 2.5 2 1 3 3 3
-5500.3 -8373.2 -776.6 54 0 11.2 14.2 7.5 2.5 2 1 3 4 4
-5331.0 -8323.8 -835.5 130 0 10.3 10.4 7.5 2.5 2 1 3 3 3
-5355.1 -8268.9 -836.0 206 0 10.2 9.1 7.5 2.5 2 0 3 4 4
-5952.1 -8452.8 -738.0 169 0 10.3 9.6 7.5 2.5 4 0 3 2 2
-5754.4 -8534.0 -671.9 257 0 6.8 7.1 7.5 2.5 2 1 3 4 4
-5716.0 -8533.6 -672.5 251 0 7.7 3.7 7.5 2.5 2 0 3 5 5
-5701.9 -8528.5 -678.1 259 0 9.6 7.8 7.5 2.5 2 0 3 4 4
-5690.0 -8526.3 -681.6 270 0 7.1 6.6 7.5 2.5 4 0 3 0 0
-5670.0 -8518.7 -692.7 106 0 8.1 9.5 7.5 2.5 2 1 3 1 1
-5802.7 -8449.4 -715.7 251 0 8.5 4.7 7.5 2.5 2 0 3 0 0
-5935.0 -8453.0 -735.1 73 0 9.3 5.9 7.5 2.5 2 0 3 3 3
-5891.9 -8473.0 -716.1 277 0 5.9 7.8 7.5 2.5 2 1 3 2 2
-5852.5 -8469.7 -709.8 273 0 7.4 7.1 7.5 2.5 2 0 3 2 2
-5866.5 -8471.2 -711.0 270 0 6.7 5.9 7.5 2.5 2 0 3 4 4
-5387.9 -8673.3 -727.5 189 0 9.2 8.8 5.0 2.5 2 0 2 2 2
-5283.2 -8516.0 -799.1 249 0 20.3 6.0 7.0 2.5 2 0 2 1 1
-5229.4 -8474.1 -830.3 152 0 13.6 13.2 5.0 0.0 0 0 2 1 1
-5262.4 -8247.4 -827.8 28 0 5.4 11.4 7.5 2.5 2 1 3 4 4
-5338.2 -8060.0 -872.2 192 0 10.3 24.4 7.5 2.5 2 1 3 4 4
-5339.9 -8083.0 -871.5 194 0 8.5 34.4 7.5 2.5 2 1 3 3 3
-5336.2 -8096.9 -871.2 189 0 7.7 9.2 5.0 2.5 2 1 2 4 4
-5346.4 -9753.4 -449.8 250 0 3.8 5.5 5.0 2.5 4 1 2 0 0
-4996.9 -9657.7 -470.6 243 0 8.3 8.0 7.5 2.5 4 0 3 0 0
-4734.2 -9718.9 -451.2 276 0 6.0 10.5 7.5 2.5 2 1 3 0 0
-4719.3 -9722.8 -450.2 311 0 8.7 9.7 7.5 2.5 2 1 3 1 1
-4702.9 -9717.6 -447.4 243 0 6.5 8.3 5.0 2.5 2 1 2 5 5
-4686.5 -9718.3 -445.7 249 0 7.6 5.3 7.5 2.5 2 0 3 2 2
-4326.1 -9940.0 -500.6 253 0 5.6 9.6 5.0 0.0 0 1 2 3 3
-4454.1 -9695.4 -410.6 237 0 11.0 9.3 7.5 2.5 2 0 3 4 4
-4231.8 -9732.8 -366.7 104 0 23.4 11.7 10.0 2.5 2 0 4 3 3
-4273.3 -9717.1 -366.5 40 0 6.2 16.1 5.0 2.5 2 1 2 1 1
-4381.5 -9586.1 -425.1 71 0 7.1 10.0 7.5 2.5 2 1 3 4 4
-3693.9 -9778.5 -352.3 270 0 10.7 6.8 5.0 2.5 2 0 2 4 4
-4995.2 -8526.7 -799.1 36 0 6.9 10.2 5.0 2.5 2 1 2 1 1
-5005.6 -8632.4 -778.0 224 0 11.3 8.1 7.5 2.5 2 0 3 2 2
-5046.5 -8673.0 -780.2 34 0 11.4 9.2 7.5 2.5 2 0 3 4 4
-4558.3 -8044.5 -805.2 81 0 10.0 7.0 7.5 2.5 2 0 3 2 2
-4846.7 -8116.2 -801.5 103 0 10.8 8.2 7.5 2.5 2 0 3 1 1
-4808.3 -8097.2 -803.2 5 0 8.0 11.2 5.0 2.5 2 1 2 3 3
-5510.5 -8647.9 -676.4 27 0 7.8 9.0 7.5 2.5 4 1 3 4 4
-5318.1 -9073.2 -680.5 235 0 9.5 11.0 7.5 2.5 2 1 3 5 5
-5697.4 -8660.4 -627.5 108 0 11.3 8.6 7.5 2.5 2 0 3 2 2
-5628.3 -8749.2 -608.1 107 0 8.3 12.8 7.5 2.5 2 1 3 4 4
-5614.4 -8761.6 -608.4 141 0 9.0 8.3 7.5 2.5 2 0 3 2 2
-5619.0 -8779.3 -610.3 15 0 7.3 10.2 5.0 2.5 2 1 2 4 4
-5609.5 -8823.6 -616.3 171 0 7.3 10.6 5.0 2.5 2 1 2 4 4
-5636.2 -9314.1 -541.6 33 0 9.9 7.2 5.0 2.5 2 0 2 4 4
-5250.9 -8032.4 -867.7 256 0 13.3 10.9 5.0 0.0 0 0 2 3 3
-5297.2 -8073.9 -870.4 280 0 7.2 6.7 7.5 2.5 2 0 3 5 5
-5251.0 -8023.8 -868.0 254 0 12.3 6.1 5.0 2.5 2 0 2 4 4
-5550.0 -9630.0 -474.3 99 0 6.6 8.0 5.0 2.5 2 1 2 2 2
5540.7 7534.5 -130.0 183 0 9.5 13.2 5.0 2.5 2 1 2 3 3
6368.0 -7751.6 -100.7 82 0 13.5 9.5 2.5 2.5 2 0 1 0 0
5917.9 -8136.6 -41.7 95 0 12.8 10.3 7.5 2.5 2 0 3 2 2
1383.1 8047.8 -429.4 84 0 18.6 16.8 15.0 0.0 0 0 6 2 2
-490.4 9870.2 -681.1 182 0 14.0 17.4 5.0 2.5 2 1 2 5 5
-322.3 8811.3 -546.3 88 0 18.0 13.0 5.0 2.5 2 0 2 0 0
532.9 8656.8 -486.2 267 0 19.2 16.5 10.0 2.5 2 0 4 3 3
801.2 9080.1 -571.0 268 0 10.9 12.0 5.0 2.5 2 1 2 4 4
957.0 9576.6 -689.1 179 0 9.6 12.9 5.0 2.5 2 1 2 2 2
1823.4 9958.0 -720.3 82 0 14.1 12.7 2.5 2.5 2 0 1 5 5
2526.2 7412.2 -399.8 4 0 12.2 14.7 2.5 2.5 2 1 1 5 5
1947.6 6368.9 -83.0 183 0 7.9 12.1 5.0 2.5 2 1 2 5 5
3465.1 7402.6 -472.0 359 0 12.0 24.9 12.5 0.0 0 1 5 0 0
4492.3 5242.7 -392.9 176 0 8.8 14.5 7.5 2.5 2 1 3 4 4
5193.6 3577.4 -274.2 272 0 15.2 10.8 5.0 0.0 0 0 2 3 3
2592.3 9043.7 -685.4 273 0 14.4 10.4 10.0 2.5 2 0 4 2 2
5419.3 6507.9 -418.9 352 0 8.0 11.3 5.0 2.5 2 1 2 5 5
6698.8 5224.9 -154.8 270 0 14.0 10.5 5.0 2.5 2 0 2 4 4
716.3 8306.8 -389.5 83 0 10.1 8.9 7.5 2.5 2 0 3 4 4
-556.2 2309.0 694.1 3 0 7.1 11.6 5.0 2.5 2 1 2 1 1
2903.9 1359.6 833.5 102 0 19.4 14.8 15.0 0.0 0 0 6 5 5
2054.2 856.7 854.8 74 0 6.9 4.5 2.5 2.5 2 0 1 0 0
2331.1 -1277.3 612.8 169 0 11.1 13.0 5.0 0.0 0 1 2 4 4
-6480.0 5301.2 -528.8 89 0 23.7 15.2 12.5 2.5 2 0 5 3 3
-6252.3 4221.6 -423.0 88 0 21.7 15.9 12.5 2.5 2 0 5 1 1
-5974.6 1952.1 -512.1 6 0 8.1 13.3 7.5 2.5 2 1 3 4 4
-5560.6 4191.8 -386.5 196 0 7.2 15.0 2.5 2.5 2 1 1 5 5
-5708.5 -6645.3 -402.0 357 0 10.4 16.5 2.5 2.5 4 1 1 5 5
-6709.6 9797.4 -265.1 181 0 12.4 14.3 2.5 2.5 2 1 1 4 4
736.1 3692.8 462.3 330 0 20.5 6.9 5.0 2.5 4 0 2 3 3
-425.2 6801.8 -518.9 91 0 51.2 18.2 10.0 2.5 4 0 4 1 1
-921.1 7383.7 -588.0 333 0 10.4 12.3 7.5 2.5 2 1 3 5 5
-1142.7 7681.0 -606.5 315 0 19.0 7.6 5.0 2.5 2 0 2 1 1
-313.7 7335.5 -462.6 163 0 12.2 13.1 7.5 2.5 2 1 3 0 0
-221.8 7227.3 -459.6 134 0 13.7 13.6 7.5 2.5 4 0 3 4 4
-272.9 7945.0 -336.9 95 0 17.0 22.5 12.5 2.5 2 1 5 5 5
1389.5 5465.2 137.3 164 0 7.8 9.1 7.5 2.5 2 1 3 0 0
512.4 3201.4 499.1 106 0 12.8 18.9 7.5 2.5 2 1 3 1 1
-112.3 6425.8 -440.6 77 0 20.0 10.8 7.0 2.5 2 0 2 0 0
-391.8 5472.3 -90.7 186 0 15.0 14.2 2.5 2.5 2 0 1 3 3
-501.8 5373.7 -66.5 73 0 17.0 18.2 10.0 2.5 2 1 4 2 2
-43.3 7006.7 -443.3 254 0 10.0 14.3 7.5 2.5 2 1 3 3 3
-29.3 7070.7 -448.8 344 1 13.4 17.7 10.0 0.0 0 1 4 1 1
-37.9 7092.3 -451.1 350 0 17.0 17.7 12.5 2.5 2 1 5 3 3
-17.7 7087.1 -439.8 166 0 11.1 10.5 7.5 2.5 2 0 3 5 5
-108.9 7114.3 -465.8 239 0 12.3 17.2 5.0 0.0 0 1 2 1 1
-139.8 7104.4 -471.8 218 0 12.4 14.6 7.5 2.5 2 1 3 3 3
-145.0 7082.0 -471.7 126 0 10.4 11.8 7.5 2.5 2 1 3 4 4
-175.8 7141.9 -470.0 151 0 13.3 12.1 7.5 2.5 2 0 3 4 4
-201.6 7141.5 -476.1 206 0 6.8 8.7 7.5 2.5 2 0 3 3 3
-209.0 7131.9 -480.2 210 0 7.4 7.1 7.5 2.5 2 0 3 5 5
-213.8 7100.9 -481.5 211 0 12.0 7.2 5.0 2.5 2 0 2 5 5
-198.4 7093.8 -479.3 298 0 6.9 8.0 7.5 2.5 2 1 3 0 0
-184.6 7084.8 -478.2 2 0 6.5 10.7 5.0 0.0 0 1 2 5 5
-193.8 7103.9 -479.6 293 0 7.6 9.9 7.5 2.5 2 1 3 1 1
-181.1 7100.1 -479.6 29 0 7.6 15.8 5.0 2.5 2 1 2 4 4
-205.0 7116.9 -481.8 223 0 10.3 11.3 5.0 2.5 2 1 2 1 1
-243.0 7243.8 -460.6 127 0 15.2 15.1 7.5 2.5 2 0 3 4 4
-177.0 7246.5 -445.8 155 0 6.8 13.3 7.5 2.5 2 1 3 2 2
-272.4 7258.7 -467.9 301 0 17.9 10.2 7.5 2.5 2 0 3 5 5
-316.2 7299.2 -469.8 346 0 8.5 11.2 5.0 2.5 2 1 2 3 3
-317.3 7350.9 -465.0 182 0 12.5 9.4 7.5 2.5 2 0 3 4 4
-229.1 7415.5 -450.8 79 0 12.6 11.5 7.5 2.5 2 0 3 3 3
-5056.8 -8020.5 -857.4 267 0 15.7 12.1 5.0 0.0 0 0 2 2 2
-5083.8 -8042.9 -858.8 84 0 35.6 12.7 12.5 2.5 2 0 5 1 1
2606.6 7571.1 -442.9 315 0 10.2 11.7 7.5 2.5 4 1 3 3 3
901.5 7544.6 -228.4 1 0 7.5 5.3 5.0 2.5 2 0 2 4 4
1505.8 3627.1 620.4 318 0 11.5 12.1 5.0 2.5 2 1 2 2 2
1468.3 3616.2 614.2 223 0 11.6 8.4 5.0 2.5 2 0 2 4 4
1528.4 3588.5 620.9 299 0 10.5 10.2 7.5 2.5 2 0 3 2 2
1572.2 3580.5 628.4 127 0 10.5 10.3 10.0 0.0 0 0 4 5 5
1649.6 3590.2 640.3 43 0 9.8 9.6 7.5 0.0 0 0 3 5 5
1578.5 3630.9 633.4 214 0 8.1 9.6 7.5 2.5 2 1 3 5 5
-3937.3 -645.9 -181.8 40 0 6.3 12.5 7.5 2.5 2 1 3 5 5
-3955.3 -648.9 -178.8 137 0 9.0 4.8 5.0 2.5 2 0 2 5 5
-3996.3 -760.4 -208.8 61 0 3.5 16.1 5.0 2.5 2 1 2 2 2
-4011.3 -759.4 -207.9 153 0 11.4 5.8 7.5 2.5 2 0 3 4 4
-3379.7 -1651.2 127.0 138 0 9.2 6.4 2.5 0.0 0 0 1 3 3
-4607.8 -702.5 -7.7 113 0 11.7 10.3 7.5 2.5 2 0 3 1 1
-4680.8 -662.5 13.3 47 0 7.1 7.9 5.0 2.5 2 1 2 1 1
6930.3 4280.2 -241.2 223 0 21.7 7.6 10.5 3.5 2 0 3 2 2
6948.4 4304.2 -240.2 311 0 25.0 9.6 10.5 3.5 2 0 3 4 4
6883.9 4185.5 -242.5 72 0 12.4 6.1 10.5 3.5 2 0 3 2 2
6903.0 4197.4 -242.6 66 0 18.0 12.2 14.0 3.5 4 0 4 1 1
6872.7 4305.9 -242.8 299 0 13.8 46.2 14.0 3.5 2 1 4 2 2
5007.7 -316.8 697.7 230 0 10.8 12.8 7.5 2.5 2 1 3 2 2
5031.4 -354.7 695.5 3 0 5.3 11.8 5.0 0.0 0 1 2 5 5
5016.8 -383.3 695.4 39 0 7.0 12.6 5.0 2.5 4 1 2 1 1
5024.7 -329.7 696.7 327 0 6.6 9.4 5.0 2.5 4 1 2 5 5
4968.9 -384.0 694.4 118 0 7.3 12.4 7.5 2.5 2 1 3 5 5
4938.6 -328.3 698.4 267 0 11.7 10.1 5.0 2.5 2 0 2 3 3
4883.0 -324.1 697.6 174 0 6.3 11.6 7.5 2.5 2 1 3 2 2
4878.6 -320.1 698.0 176 0 3.9 3.4 5.0 2.5 2 0 2 3 3
4877.7 -272.6 701.2 354 0 10.7 7.9 5.0 2.5 2 0 2 2 2
4864.4 -259.3 701.0 267 0 7.7 8.4 7.5 2.5 2 1 3 4 4
4887.3 -193.6 701.0 268 0 5.6 4.8 5.0 2.5 2 0 2 5 5
4892.8 -175.9 699.7 147 0 8.5 8.9 5.0 2.5 2 1 2 2 2
4844.8 -178.7 701.9 314 0 6.2 5.8 2.5 2.5 4 0 1 2 2
4840.9 -169.1 701.6 306 0 6.6 7.9 5.0 2.5 2 1 2 0 0
4846.7 -160.1 701.0 304 0 10.8 7.3 5.0 2.5 2 0 2 4 4
4824.8 -157.2 701.6 313 0 7.3 8.8 5.0 2.5 4 1 2 5 5
4812.0 -168.4 702.3 125 0 5.1 4.3 2.5 2.5 2 0 1 4 4
4819.4 -146.2 701.4 307 0 7.7 8.6 2.5 2.5 2 1 1 3 3
4840.3 -143.3 699.8 108 0 9.0 12.4 5.0 2.5 2 1 2 3 3
4849.0 -133.2 699.1 167 0 8.7 13.5 5.0 2.5 2 1 2 2 2
4838.0 -116.7 699.1 183 0 5.6 8.7 7.5 2.5 2 1 3 1 1
4836.9 -75.0 697.6 335 0 7.8 17.6 7.5 2.5 2 1 3 2 2
4833.5 -66.9 697.6 331 0 6.6 8.6 5.0 2.5 2 1 2 0 0
4819.9 -61.6 698.1 323 0 10.1 7.5 5.0 2.5 2 0 2 2 2
4790.0 -43.1 699.7 126 0 8.8 8.8 2.5 0.0 0 0 1 5 5
4782.5 -103.4 700.7 323 0 11.1 10.7 5.0 2.5 2 0 2 0 0
4728.4 -46.9 699.9 338 0 8.2 12.0 5.0 2.5 2 1 2 2 2
4786.5 8.9 698.7 291 0 8.4 9.1 5.0 2.5 2 1 2 3 3
5154.7 -128.8 693.7 54 0 7.3 9.8 7.5 2.5 2 1 3 5 5
5164.3 -131.8 695.0 56 0 8.1 7.3 7.5 2.5 2 0 3 2 2
5175.1 -118.2 693.1 64 0 11.8 11.5 7.5 2.5 2 0 3 5 5
5157.3 -134.0 695.4 56 0 4.3 4.5 5.0 2.5 2 1 2 3 3
5247.3 -8.1 678.9 271 0 6.1 12.4 7.5 2.5 2 1 3 1 1
5214.3 -6.3 675.8 74 0 7.9 8.6 7.5 2.5 2 1 3 1 1
5203.0 3.2 674.2 85 0 5.5 4.9 5.0 2.5 2 0 2 4 4
5197.8 -2.5 676.5 59 0 4.3 5.2 5.0 2.5 4 1 2 2 2
5168.1 -7.0 676.6 84 0 8.3 7.0 7.5 2.5 2 0 3 4 4
5271.3 -132.2 704.1 159 0 11.2 8.1 5.0 2.5 2 0 2 5 5
5291.9 -127.2 705.9 254 0 10.8 11.0 5.0 2.5 2 1 2 2 2
5324.6 -99.8 704.6 355 0 6.1 14.2 5.0 2.5 2 1 2 1 1
5284.6 -264.1 709.0 202 0 7.3 11.5 7.5 2.5 2 1 3 0 0
5309.0 -282.3 706.7 4 0 10.4 8.5 7.5 2.5 2 0 3 4 4
5394.4 -300.0 698.8 243 0 7.2 11.8 7.5 0.0 0 1 3 5 5
5379.7 -408.3 681.6 67 0 7.4 11.4 5.0 2.5 2 1 2 4 4
5374.5 -414.4 680.3 168 0 5.8 5.1 7.5 2.5 2 0 3 1 1
5389.1 -410.0 680.9 64 0 4.2 4.0 5.0 2.5 2 0 2 1 1
5414.4 -464.3 665.6 51 0 7.9 12.2 7.5 2.5 2 1 3 0 0
5461.6 -386.1 681.5 39 0 7.1 12.6 5.0 2.5 4 1 2 5 5
5447.3 -366.3 684.5 220 0 10.0 8.7 7.5 2.5 2 0 3 4 4
5462.8 -364.4 681.4 228 0 5.8 10.2 5.0 2.5 2 1 2 1 1
5483.7 -364.4 678.5 42 0 5.8 11.8 7.5 2.5 2 1 3 5 5
5493.4 -336.3 679.0 312 0 10.5 5.7 7.5 0.0 0 0 3 1 1
5531.4 -432.4 662.5 243 0 7.3 11.1 7.5 2.5 2 1 3 0 0
5555.2 -430.3 659.4 241 0 6.0 10.1 7.5 2.5 2 1 3 0 0
5566.9 -409.1 658.9 44 0 9.4 11.8 7.5 2.5 2 1 3 3 3
5561.4 -396.8 659.6 139 0 3.4 4.4 5.0 2.5 4 1 2 2 2
5558.9 -502.9 641.8 74 0 6.7 8.6 7.5 2.5 2 1 3 5 5
5533.4 -526.1 633.4 245 0 5.5 9.7 5.0 2.5 2 1 2 3 3
5604.1 -366.8 652.7 31 0 11.3 11.7 5.0 2.5 4 1 2 0 0
5609.0 -351.2 651.7 27 0 11.4 12.2 7.5 2.5 2 1 3 5 5
5628.5 -306.9 648.0 19 0 8.3 11.2 7.5 2.5 2 1 3 1 1
5655.4 -447.2 644.0 56 0 10.0 12.0 7.5 0.0 0 1 3 0 0
5655.9 -474.8 639.4 234 0 5.5 9.4 7.5 0.0 0 1 3 4 4
5665.8 -462.4 641.1 220 0 4.7 9.3 7.5 2.5 4 1 3 1 1
5722.1 -392.4 633.1 117 0 9.9 12.7 5.0 2.5 2 1 2 3 3
5726.8 -372.6 634.3 269 0 9.5 6.8 5.0 0.0 0 0 2 5 5
5799.7 -551.0 641.1 101 0 9.4 9.4 7.5 0.0 0 1 3 3 3
5831.1 -479.9 639.1 57 0 7.2 9.2 7.5 0.0 0 1 3 3 3
5847.5 -413.4 630.4 107 0 7.9 9.6 5.0 2.5 2 1 2 5 5
5835.6 -399.2 627.7 293 0 6.3 10.7 7.5 2.5 2 1 3 1 1
5823.1 -288.8 612.9 344 0 10.9 11.4 7.5 2.5 4 1 3 2 2
5834.3 -231.3 601.2 335 0 10.9 12.9 5.0 2.5 2 1 2 2 2
5823.8 -215.9 602.4 333 0 5.1 6.5 5.0 2.5 2 1 2 2 2
5742.4 -265.3 628.5 165 0 6.0 13.4 5.0 2.5 2 1 2 5 5
5756.3 -297.5 627.3 170 0 6.4 12.8 7.5 2.5 2 1 3 0 0
5991.5 -556.9 639.3 71 0 10.0 9.0 7.5 2.5 2 0 3 0 0
5995.8 -637.2 638.2 52 0 10.1 12.9 7.5 2.5 2 1 3 5 5
6148.0 -680.5 620.7 337 0 7.2 10.9 5.0 2.5 2 1 2 4 4
6132.2 -694.7 621.4 153 0 3.8 4.5 7.5 2.5 2 1 3 1 1
6203.5 -860.8 638.0 130 0 7.9 8.1 7.5 2.5 2 1 3 4 4
6256.2 -822.4 643.3 240 0 9.4 12.6 5.0 2.5 2 1 2 5 5
6257.7 -750.2 641.4 117 0 7.8 8.7 7.5 2.5 2 1 3 5 5
6255.8 -869.8 640.8 352 0 10.9 7.0 5.0 2.5 4 0 2 0 0
6193.2 -966.7 625.6 114 0 6.3 11.6 5.0 2.5 2 1 2 1 1
6261.1 -966.3 623.3 286 0 5.2 7.7 7.5 2.5 2 1 3 3 3
6184.5 -962.0 627.0 115 0 4.5 9.1 7.5 2.5 2 1 3 1 1
6286.8 -969.9 622.6 264 0 9.7 5.9 7.5 2.5 2 0 3 0 0
6310.0 -975.1 621.4 356 0 9.1 10.1 7.5 0.0 0 1 3 3 3
6325.7 -996.8 618.1 251 0 6.5 9.9 5.0 2.5 2 1 2 3 3
6308.0 -1037.5 611.5 169 0 12.2 5.8 5.0 0.0 0 0 2 1 1
6327.5 -1041.0 613.1 76 0 6.5 14.3 7.5 2.5 2 1 3 5 5
6318.6 -861.6 640.5 158 0 13.3 8.0 7.5 0.0 0 0 3 2 2
6330.4 -850.6 640.9 209 0 6.5 10.3 5.0 2.5 2 1 2 0 0
6329.4 -866.0 640.4 148 0 4.7 3.4 5.0 2.5 4 0 2 0 0
6341.8 -784.5 635.2 145 0 6.7 11.1 5.0 2.5 2 1 2 2 2
6346.3 -774.2 636.0 327 0 3.3 6.0 5.0 2.5 2 1 2 4 4
6315.5 -1339.0 606.0 259 0 7.4 6.9 7.5 2.5 2 0 3 4 4
6299.3 -1399.9 609.3 29 0 8.7 6.2 5.0 2.5 2 0 2 0 0
6257.3 -1402.9 609.7 169 0 12.4 6.7 5.0 0.0 0 0 2 2 2
6320.3 -1484.8 624.7 267 0 7.5 9.7 7.5 2.5 4 1 3 2 2
6356.0 -1522.6 629.1 38 0 4.2 6.3 5.0 2.5 2 1 2 3 3
6389.2 -1506.5 624.9 311 0 7.6 12.9 7.5 2.5 2 1 3 5 5
6231.5 -1523.2 641.6 309 0 7.5 11.4 7.5 2.5 2 1 3 4 4
6167.5 -1515.7 643.9 118 0 7.9 11.5 7.5 2.5 2 1 3 4 4
6083.0 -989.6 608.4 44 0 11.9 7.6 7.5 0.0 0 0 3 3 3
4998.5 -116.0 692.2 90 0 8.8 4.7 5.0 2.5 2 0 2 1 1
5022.6 -90.3 689.5 273 0 11.6 5.4 7.5 2.5 2 0 3 4 4
5054.8 -253.9 706.1 66 0 8.4 14.3 7.5 2.5 2 1 3 3 3
5102.3 -274.2 706.8 112 0 6.4 9.8 7.5 2.5 2 1 3 2 2
5089.5 -267.4 707.8 105 0 6.3 7.7 5.0 2.5 2 1 2 1 1
5222.5 -88.3 696.0 70 0 10.7 7.5 7.5 2.5 2 0 3 0 0
5029.3 -120.8 689.8 359 0 3.6 8.4 5.0 2.5 2 1 2 2 2
4983.8 -22.7 683.0 147 0 6.1 12.6 5.0 2.5 2 1 2 1 1
5001.3 10.7 677.7 314 0 10.0 18.9 7.5 2.5 2 1 3 5 5
4983.0 4.5 680.6 225 0 4.3 3.9 5.0 2.5 2 0 2 3 3
4542.6 -36.0 681.0 308 0 6.0 7.9 7.5 2.5 2 1 3 5 5
-3054.7 8405.7 -532.7 263 0 22.5 16.0 10.0 2.5 2 0 4 2 2
-2248.9 8256.6 -564.3 267 0 15.9 15.3 5.0 2.5 2 0 2 5 5
-2126.9 8755.7 -705.7 1 0 17.1 18.2 12.5 0.0 0 1 5 1 1
-1535.5 7711.6 -551.3 181 0 13.4 20.7 10.0 2.5 4 1 4 0 0
-984.4 6382.9 -403.5 11 0 8.9 12.8 5.0 2.5 2 1 2 5 5
-4585.3 8275.7 -199.4 356 0 12.7 16.2 7.5 2.5 2 1 3 2 2
2627.3 8154.9 -527.2 2 0 9.6 14.7 7.5 2.5 4 1 3 2 2
2803.3 9760.9 -586.9 177 0 13.6 22.7 10.0 2.5 2 1 4 4 4
3378.2 9310.6 -550.2 179 0 9.6 11.3 7.5 2.5 2 1 3 5 5
4125.9 9256.5 -298.3 87 0 12.5 9.5 5.0 2.5 2 0 2 1 1
2801.5 10209.3 -496.2 270 0 17.9 16.6 12.5 2.5 2 0 5 1 1
1249.2 8989.6 -601.9 357 0 10.8 14.2 5.0 0.0 0 1 2 4 4
1555.5 7526.5 -293.3 181 0 9.2 14.4 5.0 2.5 2 1 2 5 5
-735.3 9511.4 -583.6 276 0 21.0 10.1 5.0 2.5 2 0 2 3 3
-4438.7 10202.6 -322.7 87 0 12.4 11.1 7.5 2.5 2 0 3 3 3
-4292.9 7813.0 -426.4 177 0 11.0 13.5 5.0 2.5 4 1 2 4 4
-5749.1 7996.5 -316.8 0 0 10.3 17.4 5.0 2.5 2 1 2 2 2
