5989.7 -1081.3 -33.0 0 0 37.3 17.3 7.5 2.5 2 0 3 4 4
5565.1 -895.0 23.8 350 0 12.8 28.4 12.5 2.5 2 1 5 5 5
-1760.3 -3805.5 -203.9 313 0 11.7 19.5 10.0 0.0 0 1 4 1 1
-1336.5 -3002.8 -91.7 242 0 26.5 13.9 7.5 2.5 2 0 3 1 1
4807.7 5122.5 -70.2 87 0 41.7 24.0 12.5 2.5 2 0 5 3 3
-892.2 -2488.2 -114.8 352 0 10.7 9.0 7.5 2.5 2 0 3 3 3
-1598.2 -3316.3 -121.9 89 0 21.4 21.3 17.5 3.5 2 0 5 2 2
609.7 9.2 -147.9 219 0 32.0 28.2 15.0 0.0 0 0 6 5 5
-741.0 -2600.8 -185.3 151 0 8.9 20.1 2.5 0.0 0 1 1 5 5
-511.1 3358.4 201.6 12 0 33.0 19.6 12.5 0.0 0 0 5 4 4
483.8 1914.7 -58.7 30 0 20.1 32.9 10.0 0.0 0 1 4 1 1
1967.6 1178.6 -87.3 273 0 29.9 17.8 12.5 2.5 2 0 5 5 5
1893.5 1286.2 -47.9 173 0 13.6 22.3 10.0 2.5 2 1 4 2 2
