-6826.5 -7561.6 -824.2 51 0 17.1 27.2 7.5 2.5 2 1 3 5 5
-6669.9 -7106.0 -810.8 237 0 49.5 11.2 12.5 2.5 2 0 5 2 2
-4380.7 -1373.9 -438.5 274 0 16.4 11.7 2.5 2.5 2 0 1 5 5
-596.7 8245.2 158.8 89 0 14.2 11.1 5.0 0.0 0 0 2 5 5
-5166.0 -4723.1 -704.4 38 0 11.8 27.5 12.5 2.5 2 1 5 5 5
-2580.3 -411.2 -228.8 96 0 14.6 10.6 5.0 2.5 2 0 2 0 0
-5834.0 740.9 684.3 165 0 9.0 9.1 2.5 2.5 2 1 1 4 4
-6020.6 1512.7 813.0 359 0 10.3 19.8 5.0 2.5 2 1 2 5 5
-4648.1 -3323.1 -646.3 64 0 26.4 19.9 10.0 2.5 2 0 4 1 1
-1812.9 5303.2 -53.0 55 0 11.8 23.6 12.5 2.5 2 1 5 4 4
-1860.4 5203.3 -61.2 359 0 7.9 14.0 7.5 2.5 2 1 3 5 5
-2835.9 7299.7 243.7 57 0 8.2 8.5 7.5 2.5 2 1 3 1 1
