2310.3 -3353.3 -88.3 268 0 19.0 20.1 10.0 2.5 2 1 4 2 2
120.3 -318.6 -37.1 96 0 23.7 15.1 10.0 0.0 0 0 4 1 1
-235.3 275.8 -24.6 183 0 22.2 24.2 17.5 3.5 2 1 5 5 5
-537.5 -158.5 -10.7 357 0 14.5 26.2 17.5 3.5 2 1 5 2 2
-120.3 -172.3 -27.1 46 0 16.3 29.6 14.0 3.5 2 1 4 4 4
-178.9 -149.4 -25.9 137 0 24.5 17.8 14.0 3.5 2 0 4 3 3
-821.7 -342.3 12.3 28 0 22.1 28.3 10.5 0.0 0 1 3 5 5
-885.4 -340.7 15.8 124 0 30.1 21.4 10.5 0.0 0 0 3 1 1
-923.1 -326.6 17.9 121 0 28.9 22.5 10.5 0.0 0 0 3 2 2
-879.6 -281.6 13.5 303 0 29.6 23.4 10.5 0.0 0 0 3 3 3
-921.9 -261.1 14.5 301 0 29.7 22.4 10.5 0.0 0 0 3 0 0
-972.6 -300.8 20.2 213 0 21.4 29.1 10.5 0.0 0 1 3 5 5
-734.6 -316.6 5.9 198 0 16.9 21.4 10.5 3.5 4 1 3 2 2
-722.6 -292.3 3.3 194 0 15.2 19.9 10.5 3.5 2 1 3 1 1
-697.4 -335.5 5.1 106 0 21.2 17.2 10.5 3.5 2 0 3 2 2
-681.1 -294.2 2.7 287 0 20.7 17.6 10.5 3.5 2 0 3 2 2
-666.9 -342.0 3.7 101 0 18.6 25.0 10.5 3.5 2 1 3 2 2
-746.8 -352.2 7.9 89 0 32.9 14.9 10.5 3.5 2 0 3 4 4
-748.9 -215.7 -1.0 288 0 61.2 15.3 10.5 3.5 2 0 3 0 0
-519.4 -101.5 -15.5 235 0 21.8 43.2 14.0 0.0 0 1 4 1 1
-391.3 125.1 -28.2 19 0 11.5 28.6 17.5 3.5 2 1 5 1 1
-475.9 207.5 -27.0 225 0 32.1 23.5 17.5 0.0 0 0 5 1 1
-242.2 72.6 -33.2 185 0 16.7 24.1 17.5 3.5 2 1 5 3 3
-243.2 53.1 -33.9 178 0 16.1 20.3 17.5 3.5 2 1 5 5 5
-243.9 33.0 -33.9 178 0 18.6 15.9 17.5 3.5 2 0 5 1 1
-242.5 9.8 -33.6 177 0 24.8 13.8 17.5 3.5 2 0 5 5 5
-479.4 -51.1 -20.2 339 0 22.3 18.5 17.5 3.5 2 0 5 1 1
-258.4 72.5 -32.6 14 0 21.1 31.3 17.5 0.0 0 1 5 0 0
-263.1 50.8 -33.4 12 0 15.7 14.5 17.5 0.0 0 0 5 3 3
-399.9 -149.6 -17.4 62 0 15.5 21.6 14.0 3.5 2 1 4 3 3
-419.7 -106.5 -18.6 246 0 13.6 22.4 14.0 3.5 2 1 4 2 2
-210.1 195.7 -28.1 204 0 9.5 13.5 10.5 3.5 2 1 3 4 4
-261.0 -15.1 -30.5 288 0 25.0 9.4 10.5 3.5 2 0 3 3 3
-230.6 -12.5 -32.6 127 0 20.4 13.6 17.5 3.5 2 0 5 3 3
-210.5 133.0 -30.6 108 0 28.0 33.7 14.0 0.0 0 1 4 0 0
-568.6 -109.8 -13.4 67 1 14.4 13.4 17.5 3.5 2 0 5 1 1
-576.1 -81.7 -14.3 330 1 14.0 12.2 17.5 3.5 2 0 5 3 3
-214.5 -38.0 -30.6 303 0 16.5 14.6 14.0 3.5 2 0 4 3 3
-201.4 -48.7 -30.4 308 0 13.0 13.5 14.0 3.5 2 1 4 4 4
-186.0 -60.7 -30.2 310 0 23.4 16.4 14.0 3.5 2 0 4 5 5
-166.5 -73.5 -30.1 316 0 14.7 31.6 14.0 3.5 2 1 4 0 0
-152.7 -85.7 -29.8 316 0 15.3 31.7 14.0 3.5 4 1 4 4 4
-211.3 180.9 -29.1 209 0 16.1 19.3 14.0 3.5 2 1 4 3 3
-388.1 78.4 -30.4 119 0 20.0 12.2 17.5 3.5 4 0 5 3 3
-363.8 64.3 -31.1 121 0 21.0 11.6 17.5 3.5 2 0 5 0 0
-193.0 235.6 -25.6 124 0 33.4 14.9 17.5 3.5 2 0 5 2 2
-213.7 -25.2 -32.3 127 0 20.5 10.4 17.5 3.5 2 0 5 2 2
-200.8 -34.7 -32.2 125 0 12.0 11.2 17.5 3.5 2 0 5 3 3
-191.1 -41.4 -32.6 124 0 11.8 17.2 17.5 3.5 4 1 5 3 3
-387.1 -58.7 -23.1 257 0 18.5 14.5 14.0 3.5 2 0 4 4 4
-406.9 -70.2 -21.6 257 0 19.0 11.3 14.0 3.5 2 0 4 5 5
-274.8 142.2 -29.1 99 0 15.7 12.4 17.5 3.5 2 0 5 5 5
-367.3 175.8 -27.1 193 0 16.7 24.5 17.5 0.0 0 1 5 4 4
-353.2 223.2 -26.4 198 0 16.8 25.7 17.5 3.5 2 1 5 4 4
-460.9 259.8 -30.3 28 0 16.9 29.2 17.5 0.0 0 1 5 1 1
-393.0 69.7 -30.1 302 0 24.0 19.5 17.5 0.0 0 0 5 3 3
-141.1 -14.0 -36.1 198 0 23.7 15.9 14.0 3.5 2 0 4 1 1
-157.1 -52.5 -32.5 216 1 19.7 11.7 14.0 3.5 2 0 4 2 2
-146.7 -71.1 -32.0 128 1 15.5 14.3 14.0 3.5 2 0 4 3 3
-247.9 120.2 -30.5 13 0 11.3 14.3 17.5 3.5 2 1 5 3 3
-249.8 161.0 -28.7 15 0 13.6 26.6 17.5 3.5 2 1 5 0 0
-202.5 -150.1 -23.5 315 0 10.4 14.5 17.5 3.5 2 1 5 3 3
-460.2 -124.3 -16.2 235 0 21.0 37.5 14.0 0.0 0 1 4 2 2
-453.3 -334.7 -3.2 325 0 37.4 18.7 17.5 0.0 0 0 5 5 5
-476.5 -306.8 -4.2 325 0 23.2 10.7 17.5 3.5 2 0 5 5 5
-493.5 -283.1 -5.1 327 0 28.2 23.6 17.5 0.0 0 0 5 3 3
-509.6 -254.4 -6.2 324 0 24.7 14.1 17.5 0.0 0 0 5 5 5
-517.9 -216.0 -8.1 343 0 22.7 14.3 17.5 3.5 4 0 5 1 1
-529.6 -177.9 -9.6 346 0 12.8 13.6 17.5 3.5 2 1 5 3 3
-317.4 -83.9 -24.0 345 0 16.0 44.4 14.0 3.5 2 1 4 1 1
-418.4 303.7 -29.4 45 0 13.1 12.9 17.5 3.5 2 0 5 4 4
-415.5 378.5 -26.9 304 0 16.5 14.6 17.5 3.5 4 0 5 4 4
-460.3 406.3 -26.1 301 0 10.6 11.4 17.5 3.5 2 1 5 0 0
-503.6 -23.7 -20.7 327 0 13.9 10.5 17.5 3.5 2 0 5 3 3
-219.9 -176.8 -21.4 220 0 13.0 11.9 17.5 3.5 2 0 5 4 4
-191.7 -160.9 -23.2 317 0 10.4 13.9 17.5 3.5 2 1 5 4 4
-183.6 -195.5 -21.1 316 0 10.3 15.1 17.5 3.5 2 1 5 5 5
-173.9 -206.2 -20.9 316 0 10.3 15.8 17.5 3.5 4 1 5 0 0
-157.9 -189.3 -22.9 315 0 12.8 18.8 17.5 0.0 0 1 5 0 0
-164.2 -228.8 -20.9 46 0 13.5 11.9 17.5 3.5 2 0 5 5 5
-201.5 -233.6 -19.0 135 0 10.6 14.4 17.5 3.5 2 1 5 3 3
-213.5 -220.4 -19.4 133 0 12.3 13.6 17.5 3.5 2 1 5 1 1
-230.8 -190.4 -20.1 218 0 13.1 11.5 17.5 3.5 2 0 5 3 3
-388.7 -11.6 -25.9 351 0 17.0 34.3 14.0 3.5 2 1 4 1 1
-361.8 49.8 -30.0 302 0 11.2 16.8 17.5 0.0 0 1 5 0 0
-393.1 -110.6 -20.3 79 0 22.9 14.2 14.0 3.5 2 0 4 2 2
-444.7 -193.3 -12.4 55 0 12.0 19.0 14.0 3.5 2 1 4 3 3
-664.0 -39.1 -14.0 36 0 12.2 14.9 14.0 3.5 2 1 4 2 2
-644.3 -79.1 -12.7 121 0 18.5 11.4 17.5 3.5 2 0 5 1 1
-613.0 -111.4 -11.1 306 0 12.5 11.4 14.0 3.5 2 0 4 3 3
-40.6 -239.0 -28.4 322 0 19.6 15.3 14.0 3.5 2 0 4 2 2
-68.7 -236.9 -26.4 319 0 10.9 15.4 14.0 3.5 2 1 4 2 2
-43.7 -183.5 -32.2 140 0 20.0 14.2 14.0 3.5 2 0 4 3 3
80.7 330.5 35.4 99 0 12.0 10.3 10.0 2.5 2 0 4 2 2
-220.3 315.3 -20.9 213 0 19.1 23.5 17.5 0.0 0 1 5 3 3
-2810.1 -3316.9 52.1 90 0 12.8 11.2 5.0 0.0 0 0 2 2 2
3731.7 4751.9 84.1 178 0 13.2 19.4 10.0 2.5 2 1 4 0 0
-1259.3 -435.1 32.4 331 0 13.5 34.4 10.0 2.5 2 1 4 3 3
6874.5 5094.5 -47.9 184 0 8.9 12.0 7.5 2.5 2 1 3 0 0
1528.9 593.2 -21.6 178 0 14.2 14.6 2.5 2.5 2 1 1 5 5
-1062.9 983.1 8.8 268 0 12.3 11.3 5.0 2.5 2 0 2 4 4
-1741.6 3289.2 65.2 179 0 13.1 14.3 7.5 2.5 2 1 3 0 0
-171.6 67.1 -34.3 291 0 6.3 14.7 10.5 3.5 2 1 3 2 2
-67.0 -180.7 -29.6 316 0 12.3 14.3 14.0 3.5 4 1 4 1 1
-139.3 -241.5 -22.6 226 0 25.5 24.2 14.0 0.0 0 0 4 5 5
