1703.0 -6103.2 2.1 91 0 9.0 15.3 2.5 2.5 2 1 1 1 1
-6264.6 -2399.8 -595.0 102 0 14.3 9.4 7.5 2.5 2 0 3 0 0
165.3 2704.0 -824.1 98 0 15.5 13.0 2.5 2.5 2 0 1 4 4
6789.2 7803.3 781.6 5 0 9.8 13.7 7.5 2.5 2 1 3 2 2
659.1 10062.0 280.3 155 0 5.7 6.8 7.5 2.5 2 1 3 0 0
678.6 10070.6 283.0 330 0 7.3 8.7 5.0 2.5 2 1 2 2 2
567.8 10037.4 260.7 191 0 9.4 11.2 2.5 2.5 2 1 1 5 5
1117.1 9350.1 538.8 233 0 4.7 6.2 5.0 2.5 2 1 2 5 5
1751.7 6784.6 474.0 273 0 4.5 5.7 5.0 2.5 2 1 2 3 3
1639.8 6778.8 478.7 77 0 4.5 5.7 7.5 2.5 2 1 3 4 4
1693.1 6794.9 482.0 78 0 4.5 5.7 7.5 2.5 2 1 3 0 0
1862.9 4785.8 375.7 242 0 6.0 4.8 2.5 2.5 2 0 1 2 2
1789.7 4761.4 371.7 331 0 5.7 4.5 7.5 2.5 4 0 3 2 2
1140.9 5021.7 250.5 252 0 4.5 5.7 7.5 2.5 2 1 3 2 2
1249.5 5053.2 251.2 255 0 4.5 5.7 5.0 2.5 2 1 2 1 1
850.1 5707.7 215.1 54 0 4.9 6.2 7.5 2.5 4 1 3 1 1
941.4 5755.8 219.9 64 0 4.9 6.2 2.5 2.5 2 1 1 5 5
1042.3 5613.5 276.1 334 0 6.3 5.0 7.5 2.5 4 0 3 3 3
1154.8 5720.6 261.7 66 0 5.1 6.4 7.5 2.5 2 1 3 5 5
1131.0 5716.2 260.7 62 0 5.1 6.4 7.5 2.5 2 1 3 3 3
1071.1 5808.7 221.7 59 0 5.7 7.1 7.5 0.0 0 1 3 5 5
673.0 5618.9 203.5 38 0 4.8 6.0 5.0 2.5 2 1 2 2 2
718.9 5661.7 202.8 58 0 4.8 3.8 2.5 2.5 2 0 1 1 1
754.7 5676.4 203.9 62 0 5.4 6.8 5.0 2.5 2 1 2 5 5
811.4 5679.4 213.1 67 0 5.0 9.6 7.5 2.5 2 1 3 4 4
939.0 5597.9 259.1 231 0 5.9 7.4 7.5 2.5 2 1 3 5 5
783.9 5552.1 228.7 21 0 5.9 7.4 7.5 2.5 2 1 3 4 4
1508.0 7964.5 556.8 236 0 5.2 6.6 5.0 0.0 0 1 2 2 2
1552.9 7870.7 585.3 343 0 6.1 4.9 5.0 2.5 2 0 2 1 1
1559.0 7869.9 587.2 265 0 4.9 6.1 7.5 2.5 2 1 3 5 5
1590.2 7896.8 585.3 60 0 5.2 6.6 5.0 2.5 2 1 2 4 4
1586.7 7946.7 576.5 240 0 4.6 5.7 2.5 2.5 2 1 1 1 1
1602.4 7953.3 576.8 330 0 5.7 4.6 5.0 2.5 2 0 2 3 3
1591.0 7981.6 569.7 236 0 4.6 5.7 7.5 2.5 2 1 3 2 2
1581.0 8008.9 558.3 50 0 4.6 5.7 2.5 2.5 2 1 1 5 5
1574.9 7989.1 562.0 56 0 5.2 6.5 5.0 2.5 2 1 2 5 5
1564.4 7982.2 561.6 56 0 5.4 6.8 7.5 2.5 2 1 3 2 2
1543.2 7973.5 560.0 55 0 4.3 5.4 7.5 0.0 0 1 3 1 1
1556.4 7952.2 569.2 326 0 6.7 5.3 7.5 2.5 2 0 3 1 1
1558.7 7920.2 575.9 55 0 4.9 6.2 5.0 2.5 2 1 2 5 5
1534.0 7928.5 571.1 146 0 6.2 4.9 7.5 2.5 2 0 3 0 0
1565.6 7891.0 582.5 71 0 5.5 6.9 7.5 2.5 4 1 3 5 5
1556.2 7887.9 582.4 335 0 6.9 5.5 7.5 2.5 2 0 3 4 4
1578.5 7873.7 589.7 245 0 5.5 6.9 5.0 2.5 2 1 2 3 3
1622.3 7884.7 594.3 244 0 5.9 7.2 5.0 2.5 2 1 2 4 4
1615.1 7898.0 588.7 64 0 6.0 7.5 5.0 2.5 2 1 2 0 0
1674.5 7770.5 625.4 245 0 7.6 9.5 5.0 0.0 0 1 2 1 1
1810.4 6799.3 478.6 77 0 5.1 6.4 2.5 2.5 2 1 1 4 4
646.1 6259.2 153.4 132 0 4.6 5.7 7.5 2.5 2 1 3 2 2
654.8 6281.2 159.0 230 0 4.0 5.0 7.5 0.0 0 1 3 4 4
659.8 6257.2 155.1 94 0 4.0 5.0 7.5 2.5 2 1 3 1 1
670.9 6261.4 158.0 94 0 4.6 5.7 7.5 2.5 2 1 3 5 5
720.1 6330.6 181.1 267 0 5.7 4.6 7.5 2.5 2 0 3 4 4
862.4 6351.1 217.9 349 0 4.6 5.7 5.0 2.5 2 1 2 0 0
861.3 6358.0 216.5 352 0 4.6 5.7 5.0 2.5 2 1 2 3 3
811.9 6358.9 204.2 262 0 5.7 4.6 7.5 2.5 2 0 3 1 1
821.6 6332.0 206.8 52 0 5.7 4.6 7.5 0.0 0 0 3 2 2
778.7 6360.7 194.8 183 0 4.6 5.7 7.5 2.5 4 1 3 5 5
836.1 6353.8 211.4 266 0 5.7 4.6 5.0 2.5 2 0 2 0 0
841.7 6341.9 213.4 319 0 5.6 7.0 2.5 2.5 2 1 1 1 1
848.0 6305.8 206.0 49 0 6.4 5.1 7.5 2.5 4 0 3 2 2
835.5 6315.5 206.7 139 0 5.1 8.0 7.5 2.5 2 1 3 2 2
832.5 6323.1 206.9 49 0 6.4 5.1 2.5 2.5 2 0 1 1 1
789.5 6310.1 192.5 148 0 5.0 3.9 5.0 2.5 4 0 2 5 5
804.2 6305.2 195.2 135 0 4.8 6.1 2.5 2.5 2 1 1 0 0
800.7 6310.7 194.7 48 0 6.1 4.9 7.5 2.5 2 0 3 5 5
787.3 6319.4 194.5 148 0 6.9 8.7 2.5 2.5 4 1 1 5 5
779.3 6325.4 194.3 148 0 4.9 6.1 7.5 2.5 2 1 3 5 5
775.6 6345.9 196.6 176 0 4.9 6.1 7.5 2.5 2 1 3 5 5
759.3 6339.9 191.5 246 0 6.1 4.9 7.5 2.5 2 0 3 2 2
759.3 6324.2 188.5 156 0 4.9 6.1 5.0 2.5 2 1 2 3 3
757.3 6306.1 181.9 335 0 4.9 6.1 5.0 2.5 2 1 2 0 0
707.1 6318.7 175.8 264 0 6.7 5.4 7.5 2.5 2 0 3 2 2
699.7 6285.8 168.2 57 0 5.4 6.8 7.5 2.5 4 1 3 1 1
691.9 6271.1 162.8 18 0 6.8 5.4 5.0 2.5 2 0 2 1 1
671.9 6289.9 163.3 246 0 5.4 6.8 5.0 2.5 2 1 2 5 5
648.8 6241.5 151.0 109 0 5.4 10.4 7.5 2.5 2 1 3 0 0
637.7 6236.3 150.1 111 0 5.4 6.8 7.5 2.5 2 1 3 2 2
607.0 6224.5 149.0 294 0 5.4 6.8 7.5 2.5 4 1 3 2 2
616.9 6251.0 146.9 155 0 5.4 6.7 5.0 2.5 2 1 2 0 0
1610.5 4727.5 368.2 104 0 5.6 8.2 2.5 2.5 4 1 1 5 5
1562.6 4746.0 371.6 177 0 8.2 5.6 2.5 2.5 2 0 1 0 0
1886.8 4801.7 377.4 273 0 8.9 8.1 5.0 2.5 2 0 2 0 0
1869.1 4827.0 378.2 7 0 5.6 8.9 5.0 2.5 2 1 2 3 3
1781.9 4799.2 371.2 236 0 5.6 8.9 5.0 0.0 0 1 2 3 3
1765.0 4766.4 371.0 56 0 5.6 8.9 7.5 0.0 0 1 3 5 5
1744.2 4757.9 369.0 45 0 5.3 6.9 5.0 2.5 2 1 2 3 3
1729.7 4744.4 369.4 224 0 5.6 8.9 2.5 2.5 2 1 1 1 1
1708.8 4707.8 368.6 71 0 5.6 8.9 5.0 0.0 0 1 2 3 3
1692.1 4704.6 368.0 92 0 5.6 8.9 2.5 2.5 2 1 1 3 3
1672.2 4704.7 368.9 96 0 6.8 9.9 5.0 2.5 2 1 2 3 3
1650.1 4729.4 371.8 115 0 7.7 8.7 7.5 2.5 2 1 3 2 2
1677.9 4754.6 371.3 285 0 5.6 8.2 7.5 2.5 4 1 3 4 4
1663.1 4760.1 370.5 288 0 5.6 9.1 7.5 2.5 2 1 3 3 3
1639.4 4732.9 370.1 110 0 5.6 8.2 7.5 2.5 2 1 3 0 0
1619.3 4736.8 368.0 112 0 5.6 9.5 5.0 2.5 2 1 2 3 3
1614.0 4761.7 368.6 281 0 6.1 7.6 7.5 2.5 2 1 3 4 4
1297.1 4999.8 283.4 261 0 5.1 6.4 2.5 0.0 0 1 1 5 5
1259.4 5051.8 251.4 349 0 6.4 5.1 7.5 2.5 2 0 3 5 5
1189.2 5042.7 247.5 252 0 5.6 7.1 5.0 2.5 2 1 2 1 1
1176.0 5039.1 247.3 252 0 5.6 7.1 2.5 2.5 2 1 1 1 1
1205.3 5809.0 238.6 272 0 6.0 7.5 7.5 2.5 2 1 3 3 3
1066.8 5777.2 234.1 219 0 5.5 6.9 5.0 2.5 2 1 2 0 0
980.4 5619.4 264.5 240 0 6.1 7.6 7.5 2.5 2 1 3 0 0
1030.9 5666.1 262.9 330 0 6.8 5.4 2.5 2.5 2 0 1 2 2
972.9 5692.2 243.5 60 0 5.4 6.8 5.0 2.5 2 1 2 0 0
1046.2 5794.3 223.7 52 0 5.4 6.8 7.5 2.5 2 1 3 2 2
984.9 5775.8 222.5 62 0 5.4 6.8 5.0 2.5 2 1 2 2 2
951.4 5761.7 220.0 62 0 5.4 6.8 7.5 2.5 2 1 3 0 0
878.2 5711.5 220.0 62 0 5.4 6.8 5.0 2.5 4 1 2 0 0
876.2 5588.4 247.1 44 0 4.5 5.6 7.5 2.5 2 1 3 2 2
860.1 5619.7 240.3 52 0 5.4 6.8 7.5 2.5 2 1 3 1 1
803.7 5574.1 231.4 58 0 5.7 7.1 2.5 2.5 2 1 1 3 3
800.0 5595.3 229.4 58 0 5.7 7.1 7.5 2.5 2 1 3 1 1
788.7 5642.4 224.0 244 0 5.7 7.1 7.5 2.5 2 1 3 5 5
650.2 5604.2 199.9 32 0 5.1 6.4 7.5 2.5 2 1 3 0 0
1790.8 6814.2 483.7 16 0 5.7 7.1 7.5 2.5 2 1 3 4 4
1779.4 6807.1 482.4 95 0 6.4 5.1 5.0 2.5 2 0 2 0 0
1768.3 6801.3 480.7 55 0 5.1 6.4 2.5 2.5 2 1 1 2 2
1762.0 6791.9 475.9 267 0 5.1 6.4 7.5 2.5 2 1 3 4 4
1735.2 6787.4 474.7 269 0 4.9 8.6 7.5 0.0 0 1 3 4 4
1744.2 6787.6 475.0 270 0 5.1 6.9 7.5 2.5 2 1 3 3 3
1741.8 6794.8 479.5 109 0 6.4 5.1 5.0 2.5 2 0 2 5 5
1726.4 6785.3 475.3 262 0 4.8 6.1 2.5 2.5 2 1 1 0 0
1714.4 6781.0 473.8 272 0 5.2 7.4 7.5 2.5 2 1 3 3 3
1708.0 6783.3 474.6 274 0 5.2 8.0 5.0 0.0 0 1 2 5 5
1693.7 6777.3 473.7 269 0 5.2 6.5 7.5 2.5 2 1 3 1 1
1703.8 6801.6 483.9 89 0 5.2 6.5 7.5 2.5 2 1 3 4 4
1679.9 6794.1 482.3 89 0 5.2 6.5 7.5 2.5 2 1 3 3 3
1681.7 6775.6 473.5 269 0 5.0 7.0 2.5 2.5 2 1 1 1 1
1670.5 6792.5 482.1 75 0 5.4 6.7 5.0 2.5 2 1 2 0 0
1650.7 6787.2 481.0 65 0 4.9 8.3 5.0 2.5 2 1 2 0 0
1633.8 6777.1 478.4 75 0 5.4 7.6 2.5 2.5 2 1 1 2 2
1022.4 10563.7 394.3 284 0 7.8 9.3 5.0 2.5 2 1 2 1 1
498.5 10015.4 248.1 11 0 7.8 9.3 5.0 2.5 2 1 2 1 1
588.6 10133.7 271.5 307 0 5.6 6.7 2.5 2.5 2 1 1 3 3
539.5 10106.5 262.3 81 0 8.7 7.3 5.0 2.5 2 0 2 5 5
1466.5 9315.9 546.7 290 0 5.3 9.5 7.5 2.5 2 1 3 4 4
1382.4 9435.6 553.6 52 0 5.6 8.4 2.5 2.5 2 1 1 5 5
1370.3 9421.8 553.7 52 0 5.2 7.8 7.5 2.5 2 1 3 5 5
1357.6 9414.5 553.1 66 0 6.2 9.3 5.0 2.5 2 1 2 4 4
1346.2 9416.8 552.5 84 0 4.6 6.9 5.0 2.5 2 1 2 2 2
1311.3 9408.1 550.2 72 0 6.8 7.5 7.5 2.5 2 1 3 5 5
1303.2 9398.6 550.3 66 0 4.5 6.7 5.0 2.5 2 1 2 2 2
1297.9 9396.3 550.0 66 0 4.5 6.7 7.5 2.5 2 1 3 2 2
1290.7 9391.0 549.8 52 0 5.4 6.7 2.5 2.5 2 1 1 1 1
1280.1 9392.3 548.7 53 0 6.4 7.9 2.5 2.5 2 1 1 0 0
1276.2 9383.5 549.0 53 0 6.4 7.9 5.0 2.5 2 1 2 0 0
1266.6 9379.8 548.4 53 0 6.4 7.9 7.5 2.5 2 1 3 3 3
1240.6 9374.2 546.8 61 0 5.6 6.9 5.0 2.5 2 1 2 4 4
1233.9 9369.8 546.5 61 0 5.6 6.9 7.5 0.0 0 1 3 4 4
1194.7 9352.2 544.5 38 0 5.1 6.3 7.5 2.5 2 1 3 3 3
1201.0 9349.4 545.2 38 0 5.1 6.3 2.5 2.5 2 1 1 1 1
1051.6 9283.1 537.2 201 0 7.0 7.4 7.5 2.5 2 1 3 0 0
1075.9 9299.3 538.0 22 0 6.0 7.4 7.5 2.5 2 1 3 2 2
1056.2 9292.7 536.8 207 0 6.0 10.2 2.5 2.5 4 1 1 0 0
1061.7 9256.6 539.4 31 0 6.0 10.2 7.5 2.5 2 1 3 3 3
512.5 9912.0 280.2 52 0 8.7 7.2 2.5 2.5 4 0 1 0 0
439.8 9595.7 315.8 0 0 7.6 6.3 5.0 2.5 2 0 2 2 2
426.7 9633.7 311.7 3 0 5.3 6.3 7.5 2.5 2 1 3 5 5
441.7 9658.7 312.4 3 0 5.3 6.3 5.0 2.5 2 1 2 5 5
439.4 9651.0 312.4 5 0 6.0 7.2 5.0 2.5 2 1 2 4 4
451.3 9687.2 311.9 1 0 6.0 7.2 7.5 2.5 2 1 3 3 3
475.7 9707.8 317.2 11 0 7.3 8.7 7.5 2.5 4 1 3 1 1
480.3 9726.4 317.8 3 0 5.7 8.5 2.5 2.5 2 1 1 0 0
480.2 9733.3 317.3 3 0 5.5 8.2 7.5 2.5 2 1 3 0 0
481.4 9742.8 316.7 19 0 7.3 8.7 7.5 2.5 2 1 3 1 1
504.6 9726.7 330.4 184 0 7.3 8.7 7.5 2.5 2 1 3 1 1
577.2 9793.3 335.7 132 0 8.3 9.9 5.0 2.5 2 1 2 5 5
636.0 9852.5 331.8 335 0 5.4 8.6 5.0 2.5 2 1 2 2 2
608.3 9826.6 335.6 215 0 7.4 5.4 2.5 2.5 2 0 1 0 0
583.0 9814.4 333.3 220 0 6.5 8.8 5.0 2.5 2 1 2 3 3
599.9 9858.2 317.8 49 0 6.9 7.2 5.0 2.5 2 1 2 0 0
587.0 9845.4 318.6 50 0 6.9 8.3 7.5 0.0 0 1 3 2 2
568.5 9830.8 319.7 48 0 5.7 6.8 7.5 2.5 2 1 3 3 3
555.1 9821.2 320.0 48 0 5.0 6.0 2.5 2.5 2 1 1 3 3
541.5 9810.9 316.9 41 0 7.2 8.7 5.0 2.5 2 1 2 3 3
531.1 9803.7 316.7 52 0 7.2 8.7 5.0 2.5 2 1 2 5 5
514.3 9794.9 315.5 44 0 6.6 7.9 5.0 2.5 2 1 2 2 2
506.0 9789.6 315.1 39 0 5.8 8.0 5.0 2.5 2 1 2 0 0
500.6 9784.1 315.8 34 0 5.0 6.8 7.5 2.5 2 1 3 5 5
497.2 9775.2 316.5 32 0 6.7 9.2 5.0 2.5 2 1 2 4 4
494.0 9768.6 317.1 32 0 6.6 9.0 5.0 2.5 4 1 2 3 3
490.8 9761.3 317.5 32 0 7.3 9.9 5.0 2.5 2 1 2 1 1
609.1 8102.8 134.2 272 0 6.2 5.0 7.5 2.5 2 0 3 2 2
610.1 8118.5 134.9 2 0 5.0 6.3 2.5 0.0 0 1 1 3 3
593.9 8136.1 131.6 195 0 5.0 6.3 7.5 2.5 2 1 3 2 2
595.6 8124.7 131.9 171 0 5.0 6.2 5.0 2.5 2 1 2 1 1
625.0 8110.6 144.4 173 0 5.0 6.2 2.5 2.5 2 1 1 3 3
625.6 8119.9 145.1 184 0 5.0 6.2 5.0 2.5 2 1 2 0 0
630.4 8131.4 145.0 271 0 6.2 5.0 2.5 2.5 2 0 1 2 2
644.7 8154.7 148.7 219 0 5.0 6.3 2.5 2.5 4 1 1 3 3
647.7 8172.5 145.7 38 0 5.0 6.3 5.0 2.5 2 1 2 3 3
638.3 8169.1 143.3 14 0 5.0 6.3 5.0 2.5 2 1 2 2 2
622.7 8159.2 139.1 13 0 5.0 6.2 5.0 2.5 2 1 2 1 1
615.4 8152.2 137.0 25 0 5.0 6.3 2.5 2.5 2 1 1 2 2
612.4 8145.9 136.1 8 0 5.0 7.5 5.0 2.5 2 1 2 4 4
493.4 10439.7 430.2 74 0 5.0 8.2 5.0 2.5 2 1 2 0 0
6860.0 7841.1 777.1 159 0 4.8 3.8 7.5 2.5 2 0 3 1 1
6779.2 7625.8 735.4 225 0 7.7 13.0 5.0 0.0 0 1 2 5 5
6814.4 7640.9 734.2 223 0 5.4 9.2 5.0 0.0 0 1 2 5 5
6830.5 7668.4 740.8 231 0 5.4 7.7 5.0 2.5 2 1 2 0 0
6860.1 7690.7 745.4 49 0 5.4 7.7 7.5 2.5 4 1 3 0 0
6926.5 7563.3 692.5 49 0 5.0 6.2 5.0 2.5 2 1 2 5 5
6891.6 7544.8 691.3 153 0 8.5 6.8 5.0 2.5 4 0 2 2 2
6884.9 7630.5 720.0 144 0 9.9 7.9 5.0 2.5 2 0 2 4 4
6940.9 7675.3 722.8 269 0 7.1 8.9 5.0 2.5 2 1 2 3 3
6923.6 7672.8 725.0 259 0 7.5 8.9 7.5 2.5 2 1 3 4 4
6907.5 7761.5 755.3 104 0 6.5 7.4 7.5 0.0 0 1 3 1 1
6932.5 7758.3 751.8 359 0 7.4 6.5 7.5 2.5 4 0 3 4 4
6893.5 7764.1 756.1 191 0 8.6 7.6 7.5 0.0 0 0 3 0 0
6907.1 7812.4 762.1 218 0 10.6 9.3 7.5 2.5 2 0 3 3 3
6910.0 7824.7 764.4 149 0 8.4 10.6 7.5 2.5 2 1 3 4 4
6894.7 7830.3 767.8 118 0 10.6 8.4 5.0 2.5 2 0 2 3 3
6874.5 7847.5 770.7 148 0 5.7 7.1 5.0 2.5 2 1 2 4 4
6854.3 7861.1 773.2 155 0 5.7 7.6 7.5 2.5 2 1 3 5 5
6933.2 7911.8 741.0 319 0 5.7 7.6 2.5 0.0 0 1 1 3 3
6918.1 7923.8 742.7 319 0 5.7 7.6 7.5 2.5 2 1 3 4 4
6874.1 7896.6 761.4 45 0 7.6 5.6 5.0 2.5 2 0 2 1 1
6838.6 7873.6 775.2 148 0 5.1 6.8 5.0 2.5 2 1 2 3 3
6816.8 7869.2 781.6 148 0 6.3 8.4 7.5 2.5 2 1 3 2 2
6805.2 7914.0 773.9 148 0 7.9 10.5 7.5 2.5 2 1 3 0 0
6839.8 7946.3 760.7 323 0 6.4 8.5 2.5 2.5 2 1 1 3 3
6819.3 7965.5 760.7 238 0 7.8 5.9 5.0 2.5 2 0 2 5 5
6829.9 7960.0 760.3 322 0 7.1 9.5 5.0 2.5 2 1 2 0 0
6794.2 7924.3 778.2 336 0 8.3 6.2 2.5 2.5 2 0 1 4 4
6779.7 7897.3 786.7 68 0 8.3 6.3 5.0 2.5 4 0 2 4 4
6885.4 8266.5 698.1 92 0 8.3 6.3 5.0 2.5 2 0 2 4 4
6841.9 8205.7 714.8 103 0 8.3 6.3 2.5 2.5 2 0 1 4 4
6906.7 8146.7 685.1 94 0 8.3 6.3 7.5 2.5 2 0 3 5 5
6841.7 8090.3 711.5 165 0 6.0 9.7 7.5 2.5 2 1 3 4 4
6770.8 8020.1 758.1 164 0 7.3 9.7 2.5 2.5 2 1 1 1 1
6781.3 7958.4 774.3 322 0 5.4 7.2 7.5 2.5 2 1 3 0 0
6719.2 7979.8 785.3 253 0 8.1 6.1 5.0 2.5 2 0 2 3 3
6736.3 7912.0 795.2 67 0 9.3 7.0 7.5 2.5 2 0 3 1 1
6681.6 7792.3 798.8 221 0 6.2 8.2 5.0 2.5 4 1 2 1 1
6637.5 7730.9 806.7 32 0 4.9 7.5 5.0 2.5 2 1 2 1 1
6646.2 7756.3 804.8 214 0 5.6 8.2 7.5 2.5 2 1 3 1 1
6651.6 7766.3 803.8 210 0 7.3 10.7 7.5 2.5 4 1 3 1 1
6624.5 7649.7 798.3 32 0 8.2 6.9 2.5 2.5 4 0 1 0 0
6581.6 7691.8 814.8 200 0 7.3 11.1 7.5 2.5 2 1 3 3 3
6568.9 7678.3 815.5 201 0 4.4 14.6 5.0 2.5 2 1 2 0 0
6669.3 7551.9 758.6 216 0 6.0 9.1 7.5 2.5 2 1 3 5 5
6711.6 7588.3 755.7 39 0 7.8 11.9 7.5 2.5 2 1 3 3 3
6743.1 7628.1 753.6 31 0 6.4 9.8 7.5 2.5 2 1 3 1 1
6757.1 7583.6 735.6 211 0 5.9 9.0 5.0 2.5 2 1 2 5 5
6736.8 7557.7 736.7 220 0 6.1 9.3 7.5 2.5 2 1 3 1 1
6716.1 7528.7 738.0 217 0 5.5 8.4 5.0 2.5 2 1 2 4 4
6733.8 7460.2 717.9 311 0 8.4 5.5 7.5 2.5 4 0 3 2 2
6687.1 7455.7 730.5 213 0 5.5 7.6 7.5 2.5 2 1 3 2 2
6659.4 7465.6 745.2 36 0 5.6 8.8 5.0 2.5 2 1 2 5 5
6655.2 7423.1 730.8 206 0 5.8 12.6 2.5 2.5 2 1 1 0 0
6640.9 7370.4 727.7 39 0 5.2 8.8 5.0 2.5 2 1 2 0 0
6633.8 7425.0 743.3 21 0 5.2 7.2 2.5 2.5 2 1 1 3 3
6620.3 7402.7 742.3 43 0 6.5 9.1 5.0 2.5 2 1 2 4 4
6603.5 7390.5 744.8 44 0 6.5 9.1 5.0 2.5 2 1 2 3 3
6599.3 7480.8 763.4 206 0 7.4 12.4 5.0 2.5 2 1 2 4 4
6588.8 7325.8 733.9 310 0 12.0 6.1 5.0 2.5 2 0 2 2 2
6527.9 7303.8 747.5 222 0 6.6 9.9 2.5 2.5 2 1 1 2 2
6240.4 10317.3 762.0 259 0 10.8 6.6 7.5 2.5 2 0 3 4 4
6257.5 10265.7 758.4 359 0 6.6 7.4 5.0 2.5 2 1 2 3 3
6248.1 10241.4 760.4 9 0 8.4 5.2 5.0 2.5 2 0 2 0 0
6203.9 10230.2 770.0 169 0 4.9 5.8 2.5 2.5 2 1 1 5 5
6214.1 10269.4 767.6 177 0 6.6 7.8 5.0 2.5 2 1 2 4 4
6216.5 10260.3 766.7 177 0 6.6 8.4 7.5 2.5 2 1 3 4 4
6178.0 10232.1 778.0 332 0 6.0 7.7 7.5 0.0 0 1 3 4 4
6171.6 10255.8 780.1 345 0 6.0 7.7 2.5 2.5 2 1 1 3 3
6153.4 10266.0 782.8 151 0 7.8 9.2 7.5 2.5 2 1 3 0 0
6156.6 10297.6 783.0 221 0 8.1 6.4 5.0 2.5 2 0 2 3 3
6186.8 10213.6 777.1 349 0 6.0 7.7 5.0 2.5 2 1 2 1 1
6189.2 10262.0 773.9 172 0 6.0 7.7 5.0 2.5 4 1 2 1 1
6197.9 10273.3 771.8 172 0 6.0 7.7 5.0 2.5 2 1 2 4 4
6185.1 10277.6 774.9 156 0 6.7 8.5 5.0 2.5 2 1 2 4 4
6189.1 10250.4 773.2 170 0 7.3 9.3 5.0 2.5 2 1 2 4 4
6211.1 10252.6 767.7 179 0 7.3 9.3 7.5 2.5 2 1 3 0 0
6207.0 10242.4 768.6 179 0 7.3 9.3 5.0 2.5 2 1 2 0 0
6465.8 9966.1 743.9 54 0 6.0 4.6 5.0 2.5 2 0 2 4 4
6528.0 9912.2 743.8 26 0 7.3 11.8 2.5 2.5 4 1 1 0 0
6493.3 9951.1 744.7 273 0 11.8 7.3 7.5 0.0 0 0 3 2 2
6494.5 9919.8 746.5 93 0 9.5 7.3 5.0 2.5 4 0 2 4 4
6513.7 9941.0 745.0 273 0 9.5 7.3 7.5 2.5 2 0 3 2 2
6422.3 9968.5 748.3 135 0 10.0 11.1 2.5 2.5 2 1 1 3 3
6443.8 9963.7 744.8 139 0 9.2 11.2 2.5 2.5 4 1 1 2 2
6399.5 9971.5 752.1 138 0 7.2 9.4 5.0 2.5 2 1 2 3 3
6389.7 9979.2 754.7 92 0 6.9 9.0 5.0 2.5 2 1 2 5 5
6343.9 9982.6 761.5 115 0 7.7 10.0 7.5 2.5 2 1 3 3 3
6316.0 10003.3 763.8 151 0 7.5 9.7 7.5 2.5 2 1 3 4 4
6314.5 9951.7 764.4 268 0 8.5 8.1 5.0 2.5 2 0 2 4 4
6310.1 9956.8 766.5 344 0 8.5 8.1 2.5 2.5 2 0 1 3 3
6292.7 9978.6 771.1 332 0 6.5 8.4 7.5 2.5 4 1 3 0 0
6248.9 10031.0 778.4 145 0 10.2 8.7 7.5 2.5 2 0 3 1 1
6282.5 10001.4 770.2 139 0 10.2 9.8 5.0 0.0 0 0 2 2 2
6265.8 10014.2 774.1 149 0 10.2 10.8 5.0 0.0 0 1 2 3 3
6226.8 10069.1 781.6 159 0 16.4 6.2 7.5 0.0 0 0 3 1 1
6216.2 10098.1 778.9 168 0 7.3 10.8 5.0 2.5 2 1 2 4 4
6212.0 10145.8 772.9 176 0 6.3 9.9 5.0 2.5 2 1 2 4 4
6213.1 10133.6 774.6 178 0 6.3 9.8 5.0 2.5 4 1 2 5 5
6900.8 9197.3 654.4 91 0 6.2 8.7 7.5 2.5 2 1 3 5 5
6919.7 9206.7 653.0 357 0 5.0 5.9 7.5 2.5 2 1 3 3 3
6822.4 9172.7 659.9 54 0 6.5 7.7 2.5 2.5 2 1 1 0 0
6834.1 9185.5 659.9 317 0 5.9 7.0 2.5 2.5 2 1 1 3 3
6778.1 9145.5 660.1 124 0 6.1 5.1 2.5 2.5 2 0 1 2 2
6667.1 9231.3 678.7 331 0 5.1 7.1 2.5 2.5 4 1 1 5 5
6660.9 9173.7 679.5 210 0 6.4 4.0 7.5 2.5 2 0 3 1 1
6662.0 9158.3 679.7 43 0 4.6 7.3 5.0 2.5 2 1 2 0 0
6686.7 9173.8 679.3 23 0 4.6 7.3 5.0 2.5 2 1 2 5 5
6729.5 9187.9 675.7 357 0 7.3 4.6 2.5 2.5 2 0 1 3 3
6753.4 9209.5 674.6 140 0 6.3 4.7 5.0 2.5 2 0 2 2 2
6760.1 9245.7 673.1 265 0 6.0 8.9 5.0 2.5 4 1 2 2 2
6737.5 9232.5 677.6 109 0 5.4 8.7 2.5 2.5 2 1 1 0 0
6715.2 9212.9 678.7 339 0 5.2 8.2 7.5 2.5 2 1 3 2 2
3394.6 6709.6 667.6 38 0 4.9 6.0 5.0 2.5 2 1 2 2 2
3277.3 6685.7 679.0 139 0 12.5 5.2 7.5 2.5 2 0 3 2 2
3249.8 6677.5 679.3 136 0 9.0 5.2 5.0 2.5 2 0 2 2 2
3256.6 6562.7 665.0 208 0 6.6 8.2 2.5 2.5 4 1 1 3 3
3265.0 6571.8 666.6 207 0 5.4 6.7 5.0 2.5 2 1 2 5 5
3257.9 6600.4 671.3 224 0 5.4 6.7 2.5 2.5 2 1 1 5 5
3274.8 6590.0 668.6 212 0 5.7 7.1 5.0 2.5 4 1 2 0 0
3279.8 6600.0 669.0 199 0 4.9 6.1 7.5 2.5 4 1 3 1 1
3348.0 6581.2 660.6 47 0 4.6 5.7 5.0 2.5 2 1 2 1 1
3318.9 6571.6 663.2 36 0 5.1 6.4 2.5 2.5 2 1 1 2 2
3314.1 6595.3 664.8 275 0 6.8 5.5 5.0 2.5 2 0 2 5 5
3301.5 6591.5 666.1 298 0 7.6 5.5 7.5 2.5 2 0 3 3 3
3294.2 6559.9 664.5 117 0 7.6 5.5 7.5 2.5 2 0 3 2 2
3308.9 6518.3 657.7 111 0 7.6 5.5 7.5 2.5 4 0 3 2 2
3301.7 6636.3 670.3 45 0 5.2 7.7 7.5 2.5 2 1 3 5 5
3289.3 6637.7 670.8 225 0 5.2 7.1 2.5 2.5 2 1 1 3 3
3277.5 6661.9 676.1 138 0 7.1 5.2 2.5 2.5 2 0 1 4 4
3289.5 6672.4 676.0 138 0 7.1 5.2 5.0 2.5 2 0 2 5 5
3296.7 6675.8 675.5 138 0 7.1 5.2 5.0 2.5 2 0 2 0 0
3323.0 6648.5 668.8 56 0 5.2 7.1 5.0 2.5 2 1 2 1 1
3317.0 6668.1 672.2 42 0 5.2 7.1 7.5 2.5 2 1 3 3 3
3288.1 6706.9 680.5 216 0 4.8 6.6 5.0 0.0 0 1 2 1 1
3291.1 6712.8 680.9 211 0 4.8 6.6 5.0 2.5 2 1 2 3 3
3277.1 6731.6 682.2 236 0 4.2 5.8 5.0 2.5 2 1 2 5 5
3258.7 6724.7 681.8 236 0 5.5 7.6 5.0 2.5 2 1 2 3 3
3248.3 6784.6 685.4 232 0 5.7 7.9 5.0 0.0 0 1 2 4 4
3283.3 6844.0 687.6 103 0 6.5 8.2 5.0 0.0 0 1 2 2 2
3337.5 6776.3 683.3 210 0 5.0 6.9 5.0 2.5 2 1 2 0 0
3353.5 6778.5 682.3 25 0 5.0 6.9 5.0 2.5 2 1 2 4 4
3335.1 6833.3 689.2 296 0 7.5 5.4 5.0 2.5 2 0 2 1 1
3319.9 6812.3 687.0 206 0 5.6 8.6 2.5 2.5 2 1 1 0 0
3310.7 6786.5 684.5 214 0 5.6 8.6 7.5 0.0 0 1 3 2 2
3321.6 6751.5 682.2 223 0 5.2 7.9 7.5 2.5 2 1 3 5 5
3302.8 6770.5 684.3 218 0 5.7 7.9 2.5 2.5 2 1 1 4 4
3325.5 6728.3 678.4 235 0 5.7 7.0 7.5 2.5 2 1 3 3 3
3325.8 6673.4 671.8 51 0 5.2 6.3 2.5 2.5 2 1 1 1 1
3363.6 6685.8 668.4 38 0 5.6 6.8 2.5 2.5 2 1 1 4 4
3387.3 6780.8 677.2 22 0 5.6 6.6 5.0 2.5 2 1 2 4 4
3381.1 6800.1 680.5 24 0 5.6 6.6 2.5 2.5 2 1 1 0 0
3380.5 6819.2 683.3 29 0 5.6 7.9 5.0 2.5 4 1 2 1 1
3373.0 6814.6 684.1 39 0 5.6 7.9 5.0 2.5 2 1 2 1 1
3403.1 6846.5 682.1 294 0 7.9 5.6 7.5 2.5 2 0 3 1 1
3353.4 6733.7 676.0 321 0 7.9 5.6 7.5 2.5 4 0 3 0 0
3359.6 6697.6 670.6 38 0 5.3 6.1 5.0 2.5 2 1 2 1 1
3370.0 6706.5 670.5 39 0 5.6 7.9 7.5 2.5 2 1 3 0 0
3376.6 6711.8 670.4 39 0 5.6 7.9 5.0 2.5 2 1 2 3 3
3388.8 6726.2 670.7 28 0 5.6 7.9 5.0 2.5 2 1 2 0 0
3397.0 6741.0 671.8 33 0 5.6 7.9 5.0 0.0 0 1 2 2 2
3402.4 6749.5 672.2 29 0 5.6 7.9 5.0 2.5 2 1 2 5 5
3394.1 6671.4 662.7 32 0 5.6 7.9 5.0 2.5 2 1 2 1 1
3387.8 6660.4 662.5 50 0 5.6 7.9 7.5 2.5 2 1 3 2 2
3369.2 6515.4 652.4 93 0 10.0 7.1 5.0 2.5 4 0 2 2 2
3370.1 6183.0 615.3 242 0 7.8 5.5 5.0 2.5 2 0 2 3 3
3916.8 6439.6 558.0 270 0 5.2 7.9 7.5 2.5 2 1 3 4 4
3929.7 6430.5 554.9 270 0 5.2 7.4 7.5 0.0 0 1 3 3 3
4065.5 6635.9 606.4 210 0 6.0 8.3 7.5 2.5 2 1 3 5 5
4071.1 6365.9 542.9 80 0 5.7 8.6 5.0 2.5 2 1 2 0 0
4077.8 6391.9 543.4 252 0 6.1 8.2 5.0 2.5 2 1 2 5 5
3993.1 6363.2 542.4 118 0 5.4 8.2 7.5 2.5 2 1 3 0 0
4025.7 6361.6 543.0 94 0 5.7 8.6 7.5 0.0 0 1 3 1 1
4011.7 6399.0 553.4 2 0 8.6 5.7 7.5 2.5 2 0 3 2 2
3958.4 6414.7 553.2 270 0 5.7 8.6 7.5 0.0 0 1 3 3 3
4005.9 6448.7 569.6 9 0 8.6 5.7 7.5 2.5 4 0 3 4 4
3968.4 6499.7 583.5 345 0 7.2 5.1 7.5 2.5 2 0 3 3 3
3970.3 6574.5 606.6 203 0 8.3 7.0 7.5 2.5 2 0 3 1 1
3970.2 6621.2 614.5 220 0 8.3 6.0 7.5 2.5 2 0 3 3 3
3892.6 6609.8 608.6 271 0 5.6 7.8 7.5 0.0 0 1 3 4 4
3899.4 6540.0 597.5 14 0 7.8 6.1 5.0 0.0 0 0 2 4 4
3791.0 6669.5 621.2 267 0 6.1 10.7 5.0 2.5 4 1 2 2 2
3829.9 6509.1 588.0 268 0 6.1 8.4 5.0 2.5 2 1 2 2 2
3817.7 6602.5 606.1 261 0 6.5 12.2 5.0 2.5 2 1 2 1 1
3757.6 6571.1 600.3 235 0 6.6 12.4 5.0 0.0 0 1 2 2 2
3765.3 6492.2 587.1 241 0 7.2 10.0 2.5 2.5 2 1 1 5 5
3735.7 6500.2 594.5 89 0 8.1 8.2 7.5 2.5 2 1 3 5 5
3773.3 6331.5 545.4 314 0 8.2 5.1 5.0 2.5 2 0 2 0 0
3752.3 6311.6 546.6 52 0 5.3 7.6 5.0 2.5 2 1 2 2 2
3665.5 6370.7 579.2 227 0 5.2 9.9 5.0 2.5 2 1 2 0 0
3738.2 6382.2 565.7 233 0 5.2 9.9 7.5 2.5 4 1 3 3 3
3745.5 6304.9 546.4 53 0 5.2 9.9 5.0 2.5 2 1 2 0 0
3722.2 6286.9 545.7 49 0 5.2 9.3 7.5 2.5 2 1 3 1 1
3698.9 6293.7 549.7 227 0 5.0 10.3 2.5 2.5 2 1 1 4 4
3649.0 6284.7 561.9 317 0 10.3 5.0 5.0 2.5 2 0 2 1 1
3624.9 6250.1 557.6 51 0 5.0 7.4 5.0 2.5 2 1 2 1 1
3566.6 6260.4 577.2 135 0 7.4 5.0 7.5 2.5 2 0 3 5 5
3605.0 6305.8 575.8 218 0 7.1 9.2 5.0 2.5 2 1 2 1 1
3307.3 6169.9 628.6 42 0 9.5 7.0 2.5 2.5 2 0 1 5 5
3269.5 6169.4 634.6 67 0 6.9 9.4 7.5 2.5 2 1 3 1 1
3285.0 6220.1 629.4 234 0 9.4 6.9 5.0 2.5 2 0 2 2 2
3425.7 6210.0 604.6 360 0 6.3 9.1 2.5 2.5 2 1 1 5 5
3431.1 6259.1 608.7 359 0 8.5 9.0 7.5 2.5 2 1 3 3 3
3330.6 6330.8 632.7 222 0 7.0 16.8 7.5 2.5 2 1 3 4 4
3415.4 6341.2 624.1 230 0 6.3 8.5 7.5 2.5 2 1 3 0 0
3486.0 6321.6 606.8 23 0 6.5 8.8 7.5 2.5 2 1 3 5 5
3453.9 6317.1 613.4 44 0 5.3 9.8 5.0 2.5 2 1 2 0 0
3442.9 6362.1 621.4 225 0 7.1 10.9 2.5 2.5 2 1 1 3 3
3468.4 6376.3 620.6 317 0 7.9 5.2 7.5 2.5 2 0 3 1 1
3566.5 6346.3 594.3 126 0 9.7 5.4 5.0 2.5 2 0 2 5 5
3605.2 6380.0 594.9 314 0 6.5 5.2 5.0 2.5 2 0 2 1 1
3645.7 6452.5 603.0 226 0 5.6 7.1 2.5 2.5 2 1 1 4 4
3679.4 6550.6 610.0 82 0 5.0 7.2 2.5 2.5 2 1 1 0 0
3647.9 6563.3 616.1 228 0 3.9 4.8 2.5 2.5 4 1 1 1 1
3595.4 6595.5 629.7 35 0 6.5 8.7 7.5 2.5 2 1 3 2 2
3569.0 6579.9 630.8 216 0 6.3 7.9 5.0 2.5 2 1 2 4 4
3598.4 6524.9 621.3 41 0 6.4 8.0 5.0 2.5 4 1 2 2 2
3493.9 6450.1 630.0 125 0 8.0 6.4 5.0 2.5 2 0 2 5 5
3530.1 6473.4 627.2 35 0 6.4 14.1 7.5 2.5 2 1 3 5 5
3556.9 6493.9 625.0 35 0 6.4 8.0 5.0 0.0 0 1 2 5 5
3545.5 6523.3 627.9 201 0 8.5 10.6 7.5 2.5 2 1 3 2 2
-2171.9 9741.2 311.5 56 0 5.3 7.4 2.5 2.5 2 1 1 3 3
-2214.1 9642.7 308.8 49 0 6.4 12.5 2.5 2.5 2 1 1 3 3
-2274.6 9624.8 298.4 183 0 6.4 8.6 5.0 2.5 2 1 2 2 2
-2268.0 9604.8 300.3 175 0 7.8 8.6 2.5 2.5 2 1 1 3 3
-2408.9 9756.3 287.0 43 0 9.3 8.4 7.5 2.5 2 0 3 2 2
-2439.6 9716.5 288.9 203 0 5.7 7.3 5.0 2.5 2 1 2 1 1
-2431.3 9724.3 288.6 210 0 8.4 9.0 7.5 2.5 2 1 3 3 3
-2475.7 9661.0 285.2 272 0 5.8 8.6 5.0 2.5 2 1 2 2 2
-2650.4 9217.0 321.5 2 0 10.1 9.1 2.5 2.5 2 0 1 5 5
-2660.2 9279.1 318.0 98 0 8.7 7.9 7.5 2.5 2 0 3 4 4
-2719.9 9299.0 312.3 49 0 6.6 9.1 2.5 2.5 2 1 1 4 4
-2739.8 9289.4 311.6 44 0 7.5 9.1 5.0 2.5 2 1 2 3 3
-2890.3 9366.5 295.5 41 0 7.5 9.8 5.0 2.5 2 1 2 4 4
-2883.9 9384.1 294.7 41 0 7.5 9.8 7.5 2.5 2 1 3 0 0
-2895.9 9456.0 289.5 195 0 10.5 11.9 10.0 2.5 2 1 4 0 0
-3025.2 9325.7 289.8 253 0 10.5 13.2 5.0 2.5 2 1 2 4 4
-2985.8 9179.8 293.5 311 0 6.5 10.5 7.5 2.5 2 1 3 5 5
-2981.0 9173.5 294.1 310 0 5.4 6.7 5.0 2.5 2 1 2 2 2
-2983.3 9233.0 294.6 53 0 7.2 5.3 7.5 2.5 2 0 3 4 4
-2986.7 9239.2 294.4 53 0 5.3 6.6 2.5 2.5 4 1 1 5 5
-2979.2 9245.3 295.1 53 0 5.3 6.6 5.0 2.5 2 1 2 4 4
-2967.8 9250.0 296.1 58 0 5.3 6.6 5.0 2.5 2 1 2 4 4
-2961.7 9240.9 296.5 59 0 5.9 8.6 5.0 2.5 2 1 2 2 2
-2932.5 9264.9 299.0 48 0 5.9 8.6 5.0 2.5 2 1 2 2 2
-2907.7 9317.8 297.8 13 0 7.5 9.4 7.5 2.5 2 1 3 5 5
-2926.9 9237.0 299.4 58 0 5.3 6.6 5.0 2.5 4 1 2 0 0
-2956.0 9185.1 296.6 217 0 8.3 6.6 7.5 2.5 2 0 3 3 3
-2947.3 9124.9 296.7 89 0 5.4 6.8 5.0 2.5 2 1 2 0 0
-2958.8 9123.0 295.7 94 0 6.4 9.6 7.5 2.5 4 1 3 2 2
-2983.7 9137.9 293.8 116 0 6.6 8.4 5.0 2.5 2 1 2 2 2
-2992.5 9142.7 293.1 116 0 7.3 9.2 7.5 2.5 2 1 3 5 5
-3000.4 9146.4 292.6 116 0 5.8 7.3 2.5 2.5 2 1 1 2 2
-3018.6 9153.2 291.2 116 0 5.8 7.3 5.0 2.5 2 1 2 2 2
-2996.7 9187.6 292.9 333 0 5.9 7.3 5.0 2.5 2 1 2 2 2
-2982.9 9210.6 294.3 306 0 7.3 5.8 2.5 2.5 2 0 1 5 5
-2990.9 9197.5 293.3 5 0 6.3 9.4 7.5 2.5 4 1 3 5 5
-3016.3 9200.0 291.4 18 0 5.7 7.2 7.5 2.5 2 1 3 5 5
-3002.4 9209.3 292.6 10 0 6.3 7.8 7.5 2.5 4 1 3 2 2
-3015.9 9241.2 292.3 241 0 5.7 7.2 5.0 2.5 2 1 2 1 1
-3024.4 9234.5 291.5 230 0 7.5 9.4 2.5 2.5 2 1 1 1 1
-3029.6 9228.9 291.1 230 0 4.7 5.9 7.5 2.5 2 1 3 4 4
-3057.5 9206.1 288.6 211 0 6.6 8.2 2.5 2.5 2 1 1 1 1
-3047.6 9188.8 289.4 176 0 5.9 7.4 7.5 2.5 2 1 3 0 0
-3048.2 9175.1 289.2 170 0 5.9 10.5 5.0 2.5 2 1 2 4 4
-3052.6 9163.8 288.7 157 0 5.9 7.4 7.5 2.5 2 1 3 3 3
-3043.6 9093.8 286.7 109 0 5.9 7.4 2.5 2.5 2 1 1 5 5
-3081.8 9140.4 286.1 150 0 5.3 6.6 7.5 0.0 0 1 3 2 2
-927.1 10452.1 420.5 358 0 6.3 15.5 7.5 0.0 0 1 3 5 5
-891.0 10527.0 425.6 7 0 5.0 7.9 5.0 2.5 2 1 2 1 1
-891.6 10563.5 425.8 276 0 7.9 5.0 5.0 2.5 2 0 2 5 5
-762.6 10495.5 455.1 194 0 7.6 10.4 5.0 2.5 2 1 2 0 0
-778.1 10452.0 452.4 189 0 5.2 7.4 2.5 2.5 2 1 1 5 5
-823.4 8848.0 -27.0 58 0 6.0 7.8 5.0 2.5 4 1 2 3 3
-716.1 8671.7 -118.0 58 0 6.0 7.8 5.0 2.5 2 1 2 2 2
-583.6 8600.3 -176.5 52 0 6.0 7.8 2.5 2.5 2 1 1 2 2
-643.7 8546.5 -174.4 240 0 6.5 8.4 2.5 2.5 2 1 1 3 3
-622.7 8399.8 -204.5 269 0 6.8 8.8 7.5 2.5 2 1 3 3 3
-597.6 8398.8 -208.4 340 0 8.8 6.9 7.5 2.5 4 0 3 3 3
-540.2 8375.7 -221.5 181 0 4.6 5.9 5.0 2.5 2 1 2 5 5
-517.4 8381.7 -224.1 8 0 8.3 10.7 2.5 2.5 2 1 1 0 0
-496.3 8301.4 -237.2 323 0 7.3 9.4 5.0 2.5 2 1 2 4 4
-599.9 8015.5 -278.4 210 0 8.0 10.2 5.0 0.0 0 1 2 5 5
-614.5 7972.3 -284.9 223 0 6.0 7.7 2.5 2.5 2 1 1 4 4
-600.1 7921.7 -299.2 344 0 7.7 6.0 5.0 2.5 2 0 2 1 1
-620.7 7924.4 -290.2 80 0 5.1 6.5 5.0 2.5 2 1 2 2 2
-650.2 7813.1 -309.4 252 0 5.6 7.3 5.0 2.5 2 1 2 5 5
-706.1 7716.1 -333.0 170 0 8.3 6.5 7.5 2.5 2 0 3 5 5
-738.2 7675.7 -338.6 71 0 6.5 8.3 2.5 2.5 2 1 1 1 1
-673.7 7764.9 -319.3 71 0 6.7 10.0 7.5 2.5 2 1 3 5 5
-688.1 7773.4 -317.7 255 0 5.7 10.7 2.5 2.5 2 1 1 4 4
-768.8 7957.1 -268.6 60 0 5.7 8.5 2.5 2.5 2 1 1 5 5
-809.2 8120.5 -248.7 108 0 6.5 9.6 5.0 2.5 2 1 2 3 3
-1000.4 8282.4 -216.9 229 0 5.8 8.6 5.0 2.5 2 1 2 5 5
-964.5 8231.6 -224.8 63 0 5.8 8.6 5.0 2.5 2 1 2 2 2
-953.4 8242.1 -224.1 334 0 10.2 6.1 5.0 2.5 2 0 2 4 4
-713.8 8424.4 -193.3 86 0 6.2 8.8 7.5 2.5 2 1 3 2 2
-751.1 8340.6 -206.8 95 0 5.6 9.9 5.0 2.5 2 1 2 1 1
-840.5 8437.1 -193.0 275 0 5.3 9.3 5.0 2.5 4 1 2 5 5
-1129.6 7974.9 -264.6 79 0 5.5 13.4 7.5 2.5 2 1 3 4 4
-1121.1 7986.8 -264.3 255 0 5.5 8.2 7.5 2.5 4 1 3 1 1
-1052.5 7840.8 -297.4 75 0 5.4 8.2 5.0 0.0 0 1 2 2 2
-1108.4 7723.6 -316.6 75 0 5.5 8.2 7.5 2.5 2 1 3 0 0
-1016.8 7736.4 -319.5 247 0 5.5 8.2 2.5 2.5 4 1 1 3 3
-885.9 7598.7 -339.8 60 0 5.2 7.7 2.5 2.5 2 1 1 1 1
-826.2 7638.1 -338.3 335 0 10.7 7.2 7.5 2.5 2 0 3 5 5
-823.0 7610.6 -341.0 59 0 7.2 10.7 7.5 2.5 2 1 3 2 2
-778.6 7555.3 -358.5 328 0 6.1 9.2 7.5 2.5 2 1 3 5 5
-774.9 7517.6 -366.8 157 0 6.1 9.2 7.5 2.5 2 1 3 4 4
-841.3 7487.2 -355.9 248 0 6.1 9.2 5.0 2.5 2 1 2 1 1
-823.3 7412.5 -368.3 261 0 6.1 9.2 7.5 2.5 2 1 3 5 5
-870.2 7451.9 -358.2 99 0 5.7 14.8 7.5 2.5 2 1 3 2 2
-927.6 7345.6 -371.1 359 0 8.4 5.6 7.5 2.5 2 0 3 5 5
-946.7 7349.0 -371.7 269 0 5.6 8.4 5.0 2.5 2 1 2 0 0
-997.0 7307.2 -374.4 89 0 5.6 8.4 2.5 2.5 2 1 1 1 1
-1085.3 7261.6 -379.8 104 0 5.6 8.4 5.0 2.5 2 1 2 2 2
-1200.6 7307.9 -382.9 66 0 4.7 7.0 5.0 2.5 2 1 2 1 1
-1193.7 7322.1 -380.2 336 0 7.9 5.2 5.0 2.5 2 0 2 5 5
-1108.4 7432.7 -357.9 105 0 5.2 7.9 5.0 2.5 2 1 2 2 2
-1011.4 7589.8 -336.6 70 0 5.2 7.9 7.5 2.5 4 1 3 3 3
-1045.5 7637.9 -330.7 258 0 6.2 9.4 5.0 2.5 2 1 2 2 2
-1059.7 7604.4 -334.0 176 0 9.4 6.2 5.0 2.5 2 0 2 2 2
-1260.0 7449.8 -361.5 76 0 6.2 9.4 5.0 0.0 0 1 2 2 2
-1226.7 7466.4 -354.9 50 0 4.9 7.3 7.5 2.5 2 1 3 4 4
-1177.0 7544.3 -337.3 42 0 6.7 10.1 2.5 2.5 4 1 1 2 2
-1348.9 7540.6 -320.5 112 0 6.7 10.1 7.5 2.5 2 1 3 3 3
-1317.4 7535.9 -327.3 346 0 12.2 8.1 2.5 2.5 2 0 1 0 0
-1341.3 7639.1 -293.7 95 0 6.3 9.4 5.0 2.5 2 1 2 3 3
-1257.4 7719.4 -296.5 299 0 5.9 15.0 2.5 2.5 4 1 1 0 0
-1238.5 7701.4 -300.8 62 0 8.8 5.9 5.0 2.5 4 0 2 5 5
-1269.8 7718.9 -294.9 295 0 5.9 8.8 7.5 2.5 4 1 3 4 4
-1303.3 7719.3 -290.8 254 0 5.9 8.8 5.0 0.0 0 1 2 4 4
-1277.1 7899.1 -266.7 83 0 5.9 8.8 7.5 2.5 2 1 3 4 4
-1188.2 7903.1 -277.1 263 0 5.9 8.8 7.5 2.5 2 1 3 0 0
-1113.8 8289.7 -192.8 45 0 5.9 8.8 2.5 2.5 2 1 1 3 3
-1628.2 8042.2 -104.9 33 0 5.9 8.8 5.0 2.5 2 1 2 1 1
-1451.2 7726.3 -256.9 7 0 5.9 11.3 7.5 2.5 2 1 3 4 4
-2252.1 8139.0 105.4 246 0 7.6 9.9 2.5 2.5 2 1 1 0 0
-1823.4 7987.1 -62.4 218 0 5.7 9.8 7.5 2.5 2 1 3 5 5
-1569.9 7436.2 -295.4 216 0 5.7 7.4 7.5 0.0 0 1 3 3 3
-1735.3 7525.2 -213.3 230 0 5.7 7.4 7.5 2.5 2 1 3 4 4
-1667.8 7578.9 -223.9 145 0 9.9 7.6 5.0 2.5 2 0 2 2 2
-1750.6 7737.9 -145.9 206 0 7.6 9.9 7.5 2.5 2 1 3 3 3
-1786.9 7748.5 -128.9 116 0 9.9 7.6 7.5 2.5 2 0 3 0 0
-1871.5 7753.4 -107.2 224 0 7.6 9.9 5.0 2.5 2 1 2 1 1
-2119.7 7370.7 -126.0 253 0 5.7 7.5 7.5 2.5 2 1 3 1 1
-2112.8 7521.1 -80.5 56 0 5.7 7.5 7.5 2.5 2 1 3 1 1
-2159.7 7564.7 -55.7 139 0 9.2 7.0 5.0 2.5 2 0 2 2 2
-2059.4 7705.0 -60.0 205 0 7.1 9.2 7.5 2.5 2 1 3 3 3
-2008.5 7781.4 -60.9 283 0 7.9 10.4 7.5 2.5 2 1 3 4 4
-1962.9 7900.8 -47.5 230 0 5.9 10.8 7.5 2.5 2 1 3 3 3
-2024.8 7944.1 -19.8 215 0 5.9 7.7 7.5 2.5 2 1 3 1 1
-2012.8 8223.9 50.9 131 0 7.7 5.9 7.5 2.5 2 0 3 2 2
-1954.7 8196.3 33.4 134 0 6.5 5.0 7.5 2.5 2 0 3 5 5
-1946.6 8182.6 29.3 44 0 5.9 7.7 2.5 2.5 2 1 1 1 1
-1915.2 8216.8 31.0 341 0 6.3 4.8 7.5 2.5 2 0 3 0 0
-1854.9 8262.2 26.1 223 0 6.4 8.3 5.0 2.5 2 1 2 3 3
-1931.1 8330.9 59.9 238 0 6.3 8.3 5.0 2.5 2 1 2 2 2
-1386.4 8456.3 -79.8 136 0 6.4 8.3 7.5 2.5 2 1 3 5 5
-1489.9 8378.2 -66.1 222 0 6.3 8.3 5.0 0.0 0 1 2 1 1
-1451.1 8376.0 -77.5 195 0 5.7 13.0 2.5 2.5 2 1 1 2 2
-1418.1 8367.7 -85.0 104 0 7.4 5.7 7.5 0.0 0 0 3 5 5
-1426.9 8389.5 -81.6 284 0 7.4 5.7 5.0 0.0 0 0 2 0 0
-1393.0 8338.6 -94.4 225 0 6.1 8.0 7.5 2.5 2 1 3 0 0
-1388.7 8373.6 -92.6 18 0 6.1 8.0 7.5 2.5 2 1 3 3 3
-1382.3 8357.0 -94.8 9 0 6.4 11.9 7.5 2.5 2 1 3 2 2
-1407.8 8315.8 -92.8 181 0 9.7 12.7 5.0 2.5 2 1 2 1 1
-1439.2 8357.1 -79.6 126 0 7.9 6.0 2.5 2.5 2 0 1 1 1
-1447.7 8348.7 -80.9 224 0 5.8 17.4 7.5 2.5 2 1 3 4 4
-1462.0 8287.9 -86.6 226 0 5.8 9.0 5.0 2.5 2 1 2 1 1
-1463.3 8319.4 -79.8 224 0 5.5 13.4 5.0 2.5 2 1 2 3 3
-1476.5 8324.0 -72.6 41 0 6.7 11.5 7.5 2.5 4 1 3 0 0
-1484.2 8307.5 -73.6 41 0 7.4 12.8 5.0 2.5 2 1 2 1 1
-1490.8 8276.4 -79.9 40 0 5.2 9.0 2.5 2.5 2 1 1 4 4
-1643.2 8227.0 -57.8 51 0 5.4 9.0 7.5 2.5 2 1 3 3 3
-1634.4 8208.6 -64.5 52 0 5.8 10.9 5.0 2.5 2 1 2 5 5
-1654.0 8191.8 -60.0 42 0 5.8 10.9 7.5 2.5 2 1 3 3 3
-1683.3 8221.4 -45.6 123 0 8.6 6.7 5.0 2.5 2 0 2 3 3
-1657.1 8254.4 -50.7 223 0 6.7 8.6 5.0 2.5 2 1 2 3 3
-1642.9 8279.0 -48.4 219 0 6.3 11.0 5.0 2.5 2 1 2 3 3
-1619.6 8296.8 -45.7 28 0 6.7 8.6 5.0 2.5 2 1 2 3 3
-1594.6 8345.2 -43.3 65 0 6.7 8.7 5.0 2.5 2 1 2 0 0
-1614.0 8343.6 -41.5 217 0 5.7 11.7 5.0 2.5 2 1 2 0 0
-1595.2 8315.8 -46.5 27 0 7.1 9.1 7.5 2.5 4 1 3 4 4
-1580.8 8279.3 -61.4 196 0 6.0 7.6 5.0 2.5 2 1 2 1 1
-1580.8 8302.6 -56.1 201 0 6.0 9.9 5.0 2.5 2 1 2 5 5
-1548.2 8315.6 -60.0 210 0 6.0 8.9 7.5 2.5 2 1 3 2 2
-1526.5 8312.6 -65.3 215 0 6.0 7.6 5.0 2.5 2 1 2 0 0
-1521.4 8326.1 -63.7 221 0 5.9 7.6 5.0 2.5 2 1 2 2 2
-1538.5 8291.8 -68.2 205 0 6.0 8.9 5.0 2.5 2 1 2 4 4
-1530.7 8256.8 -77.3 112 0 10.2 6.0 5.0 0.0 0 0 2 1 1
-1555.4 8181.8 -89.3 53 0 4.9 7.3 7.5 2.5 2 1 3 0 0
-1591.8 8227.5 -72.0 233 0 5.0 7.5 7.5 2.5 2 1 3 5 5
-1591.0 8164.7 -85.7 56 0 6.4 10.4 7.5 2.5 2 1 3 0 0
-1684.9 10190.3 377.3 314 0 8.6 6.5 7.5 2.5 2 0 3 5 5
-1696.3 10192.7 376.7 314 0 7.9 10.4 2.5 2.5 4 1 1 5 5
-1709.9 10167.6 375.2 26 0 7.9 10.4 7.5 2.5 2 1 3 1 1
-1771.1 10113.2 366.5 294 0 6.4 8.5 7.5 2.5 2 1 3 1 1
-1775.9 10135.5 369.1 84 0 10.3 7.9 5.0 2.5 2 0 2 5 5
-1765.0 10420.6 342.0 63 0 7.3 4.8 7.5 2.5 2 0 3 2 2
-1847.2 10461.5 327.1 238 0 4.8 7.3 2.5 2.5 2 1 1 2 2
-1842.6 10359.3 343.1 148 0 5.1 3.4 5.0 2.5 2 0 2 1 1
-1813.8 10089.2 358.4 329 0 6.6 8.2 5.0 2.5 2 1 2 0 0
-1913.7 10065.0 342.6 73 0 8.7 7.0 7.5 2.5 2 0 3 3 3
-1913.6 10086.1 344.5 333 0 7.0 10.2 5.0 2.5 2 1 2 4 4
-1916.0 10097.3 344.8 333 0 10.5 15.3 5.0 2.5 2 1 2 4 4
-1863.2 9892.0 344.5 17 0 6.1 8.0 7.5 2.5 2 1 3 2 2
-1912.2 9844.3 336.0 128 0 9.6 6.1 5.0 2.5 4 0 2 1 1
-2056.7 10030.8 322.6 321 0 8.0 5.1 7.5 2.5 2 0 3 0 0
-2073.7 10023.4 322.4 157 0 8.0 5.1 2.5 0.0 0 0 1 0 0
-2008.8 9757.8 330.3 58 0 5.5 7.3 2.5 0.0 0 1 1 2 2
-2060.7 9687.6 334.2 39 0 7.7 9.0 2.5 2.5 2 1 1 2 2
-2141.0 9876.4 302.2 64 0 9.0 7.8 2.5 2.5 2 0 1 3 3
-2236.8 10059.5 317.1 70 0 8.5 7.3 2.5 2.5 4 0 1 5 5
-1831.9 10132.1 363.6 344 0 5.8 8.5 2.5 2.5 2 1 1 4 4
-1836.6 10145.3 365.5 353 0 5.2 7.5 5.0 2.5 2 1 2 4 4
-1835.6 10158.2 365.1 360 0 5.9 8.5 5.0 2.5 2 1 2 4 4
-1841.2 10193.4 362.6 291 0 8.5 5.9 5.0 2.5 2 0 2 2 2
-1830.8 10186.8 364.5 24 0 8.6 5.8 7.5 2.5 2 0 3 3 3
-1839.8 10206.1 362.0 106 0 7.4 5.1 7.5 2.5 4 0 3 5 5
-1828.4 10223.8 361.2 64 0 5.8 8.4 5.0 2.5 2 1 2 1 1
-1813.0 10227.7 363.5 64 0 6.4 7.4 7.5 2.5 2 1 3 2 2
-1782.6 10235.6 367.5 52 0 7.1 8.2 7.5 2.5 2 1 3 3 3
-1771.5 10244.6 367.4 58 0 9.3 12.3 7.5 2.5 4 1 3 2 2
-1762.5 10265.9 367.3 249 0 6.2 8.2 7.5 2.5 2 1 3 1 1
-1749.2 10272.6 367.7 260 0 7.9 10.4 2.5 2.5 2 1 1 1 1
-1739.5 10273.4 368.7 259 0 6.5 11.1 7.5 2.5 4 1 3 3 3
-1720.1 10274.8 370.1 347 0 8.0 6.0 5.0 2.5 4 0 2 0 0
-1620.9 10307.9 381.2 134 0 8.0 6.0 7.5 2.5 2 0 3 1 1
-1588.1 10318.1 382.2 44 0 7.0 9.4 5.0 2.5 2 1 2 1 1
-1595.5 10350.1 380.0 217 0 7.0 9.4 5.0 2.5 2 1 2 5 5
-1552.1 10363.0 383.0 35 0 7.0 9.4 7.5 2.5 2 1 3 1 1
-1475.2 10227.1 385.0 288 0 6.6 5.8 7.5 2.5 2 0 3 1 1
-1406.6 10296.0 389.0 70 0 8.0 10.5 7.5 2.5 2 1 3 5 5
-1384.5 10285.1 390.4 79 0 10.3 7.7 5.0 0.0 0 0 2 0 0
-1489.9 9987.6 401.1 109 0 7.7 11.3 5.0 2.5 2 1 2 4 4
-1476.4 9985.9 401.8 102 0 7.7 11.3 5.0 2.5 2 1 2 4 4
-1346.3 10054.9 398.8 104 0 9.3 6.4 5.0 2.5 2 0 2 1 1
-1267.5 10071.7 401.4 30 0 8.1 8.1 5.0 0.0 0 0 2 0 0
-1239.3 10174.2 399.2 44 0 7.3 11.4 5.0 2.5 2 1 2 2 2
-1202.6 10257.1 403.8 224 0 6.5 10.2 5.0 0.0 0 1 2 5 5
-2334.9 10525.6 281.9 85 0 8.2 10.1 2.5 2.5 2 1 1 5 5
-2006.4 10557.8 299.1 228 0 6.3 9.7 5.0 2.5 2 1 2 0 0
-1622.7 10466.4 357.1 30 0 6.0 9.2 5.0 0.0 0 1 2 3 3
-1605.3 10477.3 359.1 31 0 8.5 9.3 2.5 2.5 2 1 1 5 5
-1632.4 10566.2 353.4 181 0 5.0 11.0 7.5 2.5 2 1 3 2 2
-1511.7 10457.4 376.9 5 0 5.8 8.7 2.5 2.5 2 1 1 4 4
-1513.3 10494.5 373.4 16 0 7.0 10.5 5.0 2.5 2 1 2 4 4
-1498.3 10528.0 373.3 27 0 7.5 11.1 5.0 0.0 0 1 2 0 0
-2501.6 544.2 -716.1 87 0 16.3 9.8 2.5 2.5 2 0 1 4 4
3437.1 1203.1 -168.5 57 0 12.3 8.2 5.0 2.5 2 0 2 0 0
3384.8 1191.2 -154.4 119 0 5.7 11.5 2.5 2.5 2 1 1 5 5
3335.6 1124.7 -118.5 254 0 6.9 9.8 7.5 2.5 2 1 3 0 0
