3242.9 1252.8 -16.0 323 0 19.7 32.7 10.5 0.0 0 1 3 0 0
3044.6 1127.8 0.2 91 0 14.0 11.2 14.0 3.5 2 0 4 3 3
3294.9 1319.5 -20.2 228 0 29.1 27.1 10.5 0.0 0 0 3 1 1
2500.8 1130.4 19.3 83 0 25.0 6.1 10.5 3.5 2 0 3 3 3
2407.1 971.6 28.1 352 0 8.9 33.6 10.5 3.5 2 1 3 5 5
2455.4 970.5 31.0 351 0 14.7 33.5 10.5 3.5 2 1 3 4 4
2444.8 1002.4 25.4 81 0 33.4 14.8 10.5 3.5 2 0 3 4 4
2420.0 1029.0 24.6 351 0 14.7 33.5 10.5 3.5 2 1 3 4 4
2426.5 1049.4 23.8 81 0 33.4 14.8 10.5 3.5 2 0 3 2 2
2744.4 1056.6 27.1 154 0 32.8 16.6 10.5 0.0 0 0 3 3 3
2727.3 1093.7 26.9 154 0 32.8 16.6 10.5 0.0 0 0 3 4 4
2689.7 1442.5 -7.7 102 0 18.6 9.5 10.5 0.0 0 0 3 5 5
2712.1 1494.0 -14.4 103 0 7.3 9.3 10.5 3.5 2 0 3 4 4
2709.2 1479.9 -12.5 3 0 17.1 21.8 10.5 3.5 2 1 3 3 3
2560.7 1422.1 -5.2 92 0 15.9 23.1 14.0 0.0 0 0 4 4 4
2545.4 1432.6 -5.8 91 0 15.3 15.5 14.0 3.5 2 0 4 3 3
2559.6 1471.1 -7.1 273 0 10.8 9.2 10.5 3.5 2 0 3 1 1
2599.4 1501.0 -12.8 93 0 5.1 7.8 10.5 3.5 2 0 3 5 5
2591.1 1485.4 -11.9 95 0 20.1 16.1 14.0 3.5 2 0 4 3 3
2589.2 1501.7 -12.6 93 0 6.1 8.0 10.5 3.5 2 0 3 3 3
2375.5 1372.1 0.3 89 0 4.3 9.3 10.5 3.5 2 0 3 2 2
2547.0 1502.5 -10.3 287 0 15.9 14.9 14.0 3.5 2 0 4 1 1
2381.0 1385.8 -0.9 94 0 5.5 9.4 10.5 0.0 0 1 3 5 5
2503.0 1489.2 -10.9 275 0 19.3 10.5 10.5 3.5 2 0 3 2 2
2380.1 1381.2 -1.3 90 0 13.8 17.5 14.0 3.5 2 0 4 4 4
2485.9 1492.5 -10.7 271 0 7.3 12.2 10.5 3.5 2 1 3 3 3
2405.6 1473.2 -8.3 86 0 7.9 5.0 10.5 3.5 2 0 3 5 5
2419.0 1490.8 -9.4 266 0 11.9 11.3 10.5 3.5 2 0 3 1 1
2621.9 1497.2 -13.3 18 0 18.1 13.1 14.0 3.5 2 0 4 2 2
2648.3 1449.6 -9.0 96 0 36.7 15.2 10.5 3.5 2 0 3 3 3
2414.2 1500.9 -11.2 87 0 8.4 10.1 10.5 3.5 2 0 3 0 0
2415.1 1511.1 -11.7 87 0 5.8 6.1 10.5 3.5 2 0 3 5 5
2425.4 1538.4 -13.6 271 0 12.6 16.3 10.5 3.5 2 0 3 2 2
2413.2 1538.4 -13.6 269 0 11.5 16.3 10.5 3.5 2 0 3 1 1
2319.0 1481.5 -10.1 171 0 20.4 43.6 14.0 3.5 2 1 4 2 2
2415.1 1570.3 -15.7 272 0 9.4 21.5 10.5 3.5 4 1 3 2 2
2404.8 1580.1 -16.5 104 0 13.1 13.7 10.5 3.5 2 1 3 2 2
2322.0 1532.0 -14.4 170 0 21.8 18.1 14.0 3.5 2 0 4 4 4
2416.9 1617.9 -18.4 112 0 12.0 9.9 10.5 3.5 2 0 3 0 0
2378.3 1584.1 -17.0 95 0 33.6 16.5 10.5 3.5 2 0 3 1 1
2400.2 1624.6 -18.7 112 0 15.5 10.2 14.0 3.5 2 0 4 1 1
2398.0 1655.6 -19.7 286 0 12.4 14.5 14.0 3.5 2 1 4 1 1
2353.8 1649.0 -19.7 99 0 18.9 9.2 10.5 3.5 4 0 3 3 3
2358.2 1672.5 -20.4 280 0 18.4 8.9 10.5 3.5 2 0 3 5 5
2355.9 1687.2 -21.7 101 0 14.0 12.9 14.0 3.5 4 0 4 1 1
2328.0 1705.7 -22.1 278 0 34.7 13.5 14.0 3.5 2 0 4 5 5
-494.3 2687.1 -32.1 87 0 17.9 14.4 7.5 2.5 2 0 3 1 1
2508.7 1528.8 -14.0 92 0 7.9 12.8 10.5 3.5 2 1 3 0 0
2572.1 1530.8 -14.4 274 0 7.7 8.3 10.5 3.5 2 0 3 3 3
2581.1 1538.8 -15.6 275 0 6.5 12.7 10.5 3.5 2 0 3 3 3
2502.5 1516.7 -12.2 284 0 16.5 10.9 14.0 3.5 2 0 4 2 2
2515.1 1513.7 -12.2 283 0 9.8 10.0 10.5 3.5 2 0 3 4 4
2610.3 1540.4 -16.6 285 0 13.4 8.9 10.5 3.5 2 0 3 3 3
2611.7 1528.5 -15.3 289 0 7.3 14.5 10.5 3.5 2 0 3 3 3
2605.1 1530.4 -15.3 283 0 6.4 14.3 10.5 3.5 2 0 3 0 0
2678.3 1635.0 -23.3 146 0 10.8 15.7 14.0 3.5 2 1 4 1 1
2651.8 1630.4 -23.6 137 0 18.2 13.8 14.0 0.0 0 0 4 3 3
2668.5 1592.3 -21.0 145 0 21.4 7.8 10.5 3.5 4 0 3 3 3
2693.1 1601.7 -21.1 204 0 11.5 13.5 14.0 3.5 2 1 4 4 4
2755.3 1635.9 -23.3 19 0 10.6 17.8 14.0 3.5 2 1 4 5 5
2743.4 1614.8 -22.0 19 0 13.5 12.8 14.0 3.5 2 0 4 0 0
2738.2 1584.7 -20.4 19 0 14.5 13.5 14.0 3.5 4 0 4 4 4
2776.4 1546.4 -18.9 110 0 13.9 10.4 10.5 3.5 2 0 3 3 3
2758.3 1581.9 -19.9 187 0 8.4 7.7 10.5 3.5 2 0 3 3 3
2750.1 1560.5 -19.0 195 0 13.9 12.7 10.5 3.5 2 0 3 0 0
2729.0 1512.3 -15.9 283 0 16.2 12.3 10.5 3.5 2 0 3 2 2
2551.2 1642.9 -22.4 101 0 10.1 6.9 10.5 0.0 0 0 3 2 2
2552.8 1660.5 -23.1 274 0 10.5 10.8 14.0 3.5 2 0 4 3 3
2511.9 1650.0 -22.9 99 0 25.2 16.5 14.0 3.5 2 0 4 3 3
2508.6 1628.4 -21.2 99 0 5.5 21.9 10.5 3.5 2 0 3 4 4
2497.7 1654.0 -21.9 101 0 15.9 10.7 14.0 0.0 0 0 4 5 5
2457.8 1667.7 -21.9 100 0 4.4 10.4 10.5 3.5 2 0 3 5 5
2452.5 1634.1 -19.1 289 0 21.2 12.6 14.0 3.5 2 0 4 4 4
2475.1 1534.3 -14.5 107 0 14.8 14.0 10.5 3.5 2 0 3 4 4
2460.5 1542.7 -14.2 197 0 7.7 9.0 10.5 0.0 0 0 3 1 1
2439.4 1547.3 -15.7 91 0 29.2 21.6 14.0 0.0 0 0 4 3 3
2651.6 1595.9 -20.5 287 0 12.8 12.6 14.0 3.5 2 0 4 1 1
2654.1 1574.4 -19.5 8 0 10.3 10.7 14.0 3.5 2 0 4 2 2
2656.3 1549.5 -19.1 99 0 11.8 25.0 14.0 3.5 2 0 4 3 3
2612.8 1561.1 -18.5 99 0 22.5 7.7 10.5 3.5 2 0 3 3 3
2577.9 1576.5 -18.5 9 0 13.6 19.5 14.0 3.5 4 1 4 0 0
2549.4 1611.8 -19.8 275 0 15.1 22.4 14.0 3.5 2 0 4 3 3
2534.8 1579.5 -18.2 104 0 16.7 13.2 14.0 3.5 2 0 4 2 2
2521.3 1582.6 -18.0 101 0 11.7 14.4 14.0 3.5 2 0 4 5 5
2508.8 1585.1 -17.8 101 0 14.3 13.8 14.0 3.5 2 0 4 5 5
2494.4 1588.1 -17.5 102 0 15.5 13.2 14.0 3.5 2 0 4 3 3
2480.7 1591.1 -17.5 104 0 11.9 12.8 14.0 3.5 2 0 4 5 5
2471.7 1606.3 -17.4 286 0 14.1 11.5 14.0 0.0 0 0 4 1 1
2528.6 1558.1 -15.7 281 0 18.8 12.0 10.5 3.5 2 0 3 3 3
2555.8 1552.2 -16.2 279 0 16.8 12.6 14.0 3.5 2 0 4 1 1
2690.0 1512.7 -16.2 13 0 15.9 36.0 14.0 0.0 0 1 4 4 4
