-3072.6 7659.4 -223.9 227 0 29.2 48.4 17.5 0.0 0 1 5 2 2
-1594.9 6737.8 27.1 93 0 17.7 12.3 14.0 3.5 2 0 4 2 2
-1862.0 6746.2 10.4 90 0 15.6 25.6 14.0 3.5 2 1 4 0 0
-1373.5 10559.6 -161.7 139 0 14.8 30.3 14.0 3.5 2 1 4 2 2
-1597.8 6766.6 22.0 267 0 12.5 8.2 10.5 0.0 0 0 3 1 1
-2301.4 8966.8 -218.1 93 0 17.1 16.3 14.0 3.5 2 0 4 5 5
-2252.6 8974.5 -213.2 164 0 23.8 14.9 24.5 0.0 0 0 7 1 1
-2264.9 9004.5 -214.2 154 0 20.3 16.7 17.5 0.0 0 0 5 5 5
-2242.0 9014.7 -213.2 155 0 19.5 16.8 21.0 0.0 0 0 6 0 0
-2217.3 9016.3 -213.7 89 0 9.5 21.2 10.5 0.0 0 1 3 2 2
-2233.3 9119.6 -208.8 143 0 22.1 21.2 21.0 0.0 0 0 6 4 4
-2272.6 9215.3 -210.9 196 0 25.5 17.1 17.5 3.5 2 0 5 3 3
-2245.8 9150.8 -209.5 166 0 23.8 22.4 14.0 3.5 2 0 4 4 4
-2453.0 8830.6 -208.5 180 0 23.2 26.2 17.5 0.0 0 1 5 5 5
-2654.2 8244.4 -220.8 196 0 34.3 25.0 17.5 0.0 0 0 5 1 1
-2702.1 8406.6 -209.7 180 0 14.9 20.0 17.5 3.5 4 1 5 1 1
-2703.9 8059.7 -222.0 194 0 30.9 26.4 28.0 0.0 0 0 8 1 1
-2597.1 8021.9 -219.3 181 0 15.7 17.0 17.5 3.5 2 1 5 1 1
-2669.3 7525.5 -186.3 266 0 23.5 14.9 21.0 0.0 0 0 6 3 3
-2748.3 8791.3 -166.4 12 0 18.3 35.4 17.5 0.0 0 1 5 0 0
-816.8 -10546.0 238.1 88 0 12.5 11.0 7.5 2.5 2 0 3 1 1
-1369.3 10332.8 -203.3 271 0 8.9 9.7 10.5 3.5 2 1 3 5 5
-2639.6 7576.1 -197.1 231 0 21.8 22.4 21.0 0.0 0 1 6 2 2
-2657.8 7597.9 -200.9 230 0 20.5 22.3 24.5 0.0 0 1 7 3 3
-2624.0 7643.5 -202.8 243 0 16.5 20.9 17.5 0.0 0 1 5 5 5
-2640.8 7670.1 -205.1 243 0 16.5 20.9 21.0 0.0 0 1 6 5 5
-2663.2 7700.4 -212.2 229 0 20.1 19.6 21.0 0.0 0 0 6 1 1
-2640.7 7719.4 -211.7 229 0 20.1 19.6 21.0 0.0 0 0 6 2 2
-2316.1 9079.0 -214.1 146 0 18.7 35.5 21.0 0.0 0 1 6 1 1
-1943.9 9703.3 -209.4 318 0 16.6 33.2 17.5 3.5 2 1 5 5 5
-1977.6 9717.5 -208.8 228 0 32.7 17.1 17.5 3.5 2 0 5 0 0
-2034.3 9706.9 -209.3 58 0 23.1 21.8 17.5 3.5 2 0 5 3 3
-2554.1 9619.6 -143.3 358 0 15.8 24.0 14.0 3.5 2 1 4 0 0
-1807.3 10014.0 -194.0 2 0 11.9 23.5 17.5 3.5 2 1 5 3 3
-2671.9 8550.2 -200.7 50 0 14.1 13.9 14.0 3.5 4 0 4 1 1
-2631.1 8583.8 -202.9 51 0 14.9 13.1 14.0 3.5 2 0 4 1 1
-2591.5 8575.1 -214.4 228 0 18.6 19.6 17.5 3.5 2 1 5 3 3
-2660.0 8351.9 -215.1 16 0 11.0 11.2 17.5 3.5 2 1 5 2 2
-2642.9 8599.6 -198.3 46 0 12.9 11.0 14.0 3.5 2 0 4 2 2
-2562.1 8694.6 -197.9 222 0 11.6 10.3 14.0 3.5 4 0 4 1 1
-2607.1 8605.6 -203.1 55 0 14.0 12.1 14.0 3.5 2 0 4 1 1
-2572.8 8492.1 -216.2 28 0 12.8 14.8 17.5 3.5 4 1 5 0 0
-2575.9 8744.1 -192.5 264 0 13.5 11.6 14.0 3.5 2 0 4 5 5
-2596.6 8447.6 -214.9 34 0 9.9 20.1 10.5 3.5 2 1 3 1 1
-3942.1 7388.5 -238.3 158 0 22.8 109.0 12.5 0.0 0 1 5 3 3
-3908.6 7517.5 -236.2 341 0 11.6 55.4 12.5 0.0 0 1 5 2 2
-841.5 -7535.5 243.5 304 0 9.7 11.7 5.0 0.0 0 1 2 2 2
-814.6 -7565.6 229.0 54 0 12.2 5.6 7.5 2.5 2 0 3 0 0
-5915.0 7355.7 -255.0 183 0 12.8 15.4 5.0 0.0 0 1 2 2 2
-3571.4 7689.0 -200.0 191 0 23.9 28.3 17.5 0.0 0 1 5 2 2
-3560.7 7635.9 -207.4 101 0 28.3 23.9 17.5 0.0 0 0 5 5 5
-3600.0 7743.1 -193.2 191 0 23.9 28.3 17.5 0.0 0 1 5 4 4
-3052.0 7716.0 -203.9 94 0 29.5 21.5 17.5 0.0 0 0 5 3 3
-1297.7 10544.5 -171.0 288 0 18.9 16.3 14.0 3.5 2 0 4 5 5
-2874.2 8939.1 -149.6 287 0 19.3 20.2 17.5 3.5 2 1 5 4 4
-2845.4 8927.9 -149.0 287 0 19.3 20.1 17.5 3.5 2 1 5 2 2
-2812.2 8905.0 -147.5 17 0 20.2 19.3 17.5 3.5 4 0 5 0 0
-2725.5 8866.9 -169.4 287 0 19.3 20.2 17.5 3.5 2 1 5 0 0
-2695.6 8857.3 -174.4 287 0 19.3 20.2 17.5 3.5 2 1 5 2 2
-2480.9 9672.7 -159.3 49 0 22.3 30.7 17.5 0.0 0 1 5 1 1
-2469.8 9657.3 -167.4 214 0 22.6 26.3 17.5 3.5 4 1 5 4 4
-2169.9 9613.3 -213.5 232 0 16.7 17.4 17.5 3.5 2 1 5 2 2
-1675.0 10229.9 -169.5 183 0 12.6 16.9 14.0 3.5 2 1 4 0 0
-343.9 10549.3 -103.0 321 0 23.8 53.9 14.0 3.5 2 1 4 0 0
-374.2 10465.2 -84.7 138 0 58.0 18.2 14.0 3.5 2 0 4 4 4
-294.1 10440.0 -99.9 50 0 17.5 62.5 14.0 3.5 2 1 4 3 3
