-452.3 5860.6 -774.5 98 0 17.1 15.7 14.0 3.5 2 0 4 1 1
-390.0 2721.6 -440.3 91 0 13.3 14.0 5.0 2.5 2 1 2 2 2
1014.9 -7825.5 -704.6 354 0 10.9 14.3 2.5 0.0 0 1 1 2 2
-74.3 -2861.2 -559.9 94 0 13.8 10.2 5.0 2.5 2 0 2 4 4
-357.6 -3662.6 -632.5 104 0 10.8 6.9 5.0 2.5 2 0 2 1 1
-2037.7 -3836.9 -599.8 178 0 10.7 13.8 7.5 2.5 2 1 3 5 5
-4225.8 -3026.0 -661.8 79 0 12.0 7.7 5.0 2.5 2 0 2 2 2
-3444.8 -1424.6 -851.5 89 0 12.7 10.1 5.0 2.5 2 0 2 1 1
-1986.9 -2600.3 -510.8 88 0 19.9 14.0 12.5 2.5 2 0 5 5 5
1811.1 -9686.4 -925.2 101 0 14.9 44.6 15.0 0.0 0 1 6 5 5
1755.1 -9842.8 -925.9 168 0 18.7 27.5 12.5 2.5 2 1 5 2 2
1887.3 -9639.6 -918.8 285 0 41.8 20.4 12.5 2.5 2 0 5 4 4
1869.4 -9683.2 -923.0 95 0 32.7 19.5 10.0 0.0 0 0 4 3 3
942.0 9745.3 -392.3 170 0 14.5 22.2 10.0 2.5 2 1 4 2 2
970.1 -9570.8 -919.0 274 0 13.4 11.2 2.5 2.5 2 0 1 0 0
3452.8 -9993.2 -887.5 86 0 13.5 10.0 7.5 2.5 2 0 3 0 0
-6706.9 -1986.1 -956.5 78 0 19.5 11.2 5.0 2.5 2 0 2 5 5
-2205.1 -531.7 -763.1 5 0 7.9 10.4 5.0 2.5 2 1 2 3 3
-6215.8 -4065.8 -873.9 179 0 10.3 11.3 7.5 2.5 2 1 3 2 2
-5587.5 -4478.3 -703.4 265 0 10.2 15.3 7.5 2.5 2 1 3 0 0
-6744.0 -4595.1 -628.4 179 0 7.7 11.3 7.5 0.0 0 1 3 0 0
-4115.9 -4967.2 -647.2 87 0 17.7 14.4 10.0 2.5 2 0 4 2 2
-1652.5 -448.6 -744.7 275 0 14.2 9.9 2.5 2.5 2 0 1 1 1
-1204.8 46.5 -444.0 180 0 9.0 12.6 5.0 2.5 2 1 2 5 5
878.9 2576.4 -366.1 86 0 13.2 11.8 10.0 2.5 2 0 4 2 2
-491.5 -407.1 -669.5 1 0 8.9 11.9 7.5 2.5 2 1 3 1 1
-2944.3 -172.7 -600.4 89 0 11.7 8.1 7.5 2.5 2 0 3 5 5
-3632.3 297.6 -480.6 1 0 10.7 18.7 5.0 0.0 0 1 2 3 3
-4318.2 -805.4 -763.4 357 0 8.6 11.9 7.5 2.5 4 1 3 4 4
-2055.3 -9271.2 -696.4 174 0 10.7 12.6 7.5 2.5 2 1 3 5 5
-2123.0 -10304.0 -826.5 91 0 10.1 8.1 5.0 2.5 2 0 2 3 3
-5071.8 -3765.1 -781.7 268 0 16.9 8.2 2.5 2.5 2 0 1 4 4
-630.9 3424.4 -516.3 102 0 9.3 6.2 5.0 2.5 2 0 2 0 0
316.9 3597.0 -300.2 90 0 13.1 9.4 7.5 2.5 2 0 3 0 0
-893.4 4336.1 -580.9 177 0 11.8 13.9 2.5 2.5 2 1 1 0 0
6340.9 -1447.3 949.4 254 0 10.4 8.5 5.0 2.5 2 0 2 5 5
3108.0 9553.7 -210.1 266 0 14.5 10.4 7.5 2.5 2 0 3 1 1
-2928.7 -5409.9 -697.0 89 0 8.5 8.9 7.5 0.0 0 1 3 4 4
-5277.8 -1367.2 -893.9 179 0 13.3 20.8 12.5 2.5 2 1 5 0 0
1453.4 7160.4 -487.6 359 0 8.7 14.5 5.0 2.5 2 1 2 2 2
1562.2 7422.9 -470.0 3 0 7.6 11.4 7.5 2.5 2 1 3 4 4
2162.1 5396.7 -332.9 94 0 14.9 10.7 7.5 2.5 4 0 3 4 4
3091.7 5529.4 -358.5 180 0 10.1 16.4 10.0 2.5 2 1 4 1 1
1535.2 5333.4 -248.3 88 0 17.9 12.1 5.0 2.5 2 0 2 3 3
-446.0 5893.4 -779.1 187 0 27.6 18.2 14.0 3.5 2 0 4 1 1
-648.9 6069.8 -735.8 3 0 16.1 24.0 14.0 3.5 2 1 4 0 0
-662.7 6025.3 -755.8 93 0 24.0 16.1 14.0 3.5 2 0 4 2 2
-876.1 5877.1 -784.1 144 0 12.9 21.9 14.0 3.5 2 1 4 2 2
-850.7 5903.5 -786.4 232 0 13.6 14.6 14.0 3.5 4 1 4 0 0
-1659.4 5505.7 -529.2 184 0 6.5 12.2 5.0 2.5 2 1 2 2 2
-3189.8 5469.0 -554.1 93 0 14.9 9.7 7.5 2.5 2 0 3 1 1
-3527.3 6079.5 -862.0 272 0 11.3 8.3 7.5 2.5 2 0 3 5 5
-3961.4 -1363.6 -856.0 91 0 14.4 11.8 5.0 0.0 0 0 2 1 1
-6257.7 -2393.3 -785.0 185 0 9.6 10.1 7.5 2.5 2 1 3 5 5
-3665.4 -3942.2 -753.2 86 0 12.8 7.3 5.0 2.5 2 0 2 0 0
-1291.1 -4338.8 -479.5 262 0 14.4 7.6 2.5 2.5 2 0 1 2 2
-4399.3 -3097.0 -663.6 191 0 8.4 11.4 5.0 2.5 2 1 2 4 4
-6655.5 7083.6 -499.4 22 0 7.9 12.8 7.5 2.5 2 1 3 3 3
-5341.2 5377.5 -687.9 91 0 13.7 9.9 7.5 0.0 0 0 3 4 4
-5926.8 4591.3 -592.6 184 0 8.3 13.0 7.5 2.5 4 1 3 5 5
-6797.4 4481.2 -500.6 84 0 12.9 7.5 5.0 2.5 2 0 2 1 1
112.7 7161.7 -393.6 359 0 11.8 16.5 2.5 2.5 2 1 1 1 1
-4957.2 10507.7 -836.9 5 0 10.4 11.4 7.5 2.5 4 1 3 1 1
