1911.3 -3145.2 -209.9 349 0 15.0 31.4 12.5 2.5 2 1 5 0 0
-577.2 -2264.2 -532.4 288 0 39.2 15.9 10.0 2.5 2 0 4 0 0
5296.9 -542.1 761.5 71 0 7.7 7.2 5.0 0.0 0 0 2 4 4
5253.4 -385.9 768.0 89 0 7.3 9.9 7.5 2.5 2 1 3 2 2
5171.7 -388.4 777.0 75 0 7.3 7.4 5.0 2.5 2 1 2 5 5
-4171.1 3990.2 270.6 235 0 34.3 30.0 10.0 0.0 0 0 4 1 1
-2911.2 -8544.6 -449.8 69 0 8.9 10.9 5.0 2.5 2 1 2 5 5
-2897.3 -10497.1 -335.4 170 0 6.9 12.7 7.5 2.5 2 1 3 3 3
-2918.5 -10480.1 -336.2 8 0 11.0 11.3 7.5 2.5 2 1 3 0 0
-2898.7 -10473.4 -338.1 183 0 7.4 15.6 7.5 2.5 2 1 3 0 0
-2886.1 -10450.6 -341.4 329 0 6.6 11.1 7.5 2.5 2 1 3 4 4
-2892.0 -10437.9 -343.0 320 0 5.9 6.8 5.0 2.5 2 1 2 2 2
-2892.5 -10400.2 -348.6 155 0 11.9 10.9 7.5 2.5 2 0 3 3 3
-2884.6 -10369.0 -349.2 168 0 12.2 7.6 7.5 2.5 2 0 3 3 3
-2920.4 -10369.0 -352.1 28 0 12.2 11.0 5.0 2.5 2 0 2 3 3
-2925.4 -10382.2 -352.0 15 0 14.5 10.9 7.5 2.5 2 0 3 2 2
-2927.1 -10414.9 -346.5 350 0 12.4 8.3 7.5 2.5 2 0 3 1 1
-2992.2 -10498.8 -339.9 55 0 14.2 10.2 7.5 0.0 0 0 3 0 0
-2887.8 -10294.7 -355.9 46 0 9.5 11.0 7.5 2.5 2 1 3 2 2
-2867.6 -10241.0 -362.5 186 0 13.0 11.6 5.0 2.5 2 0 2 3 3
-2882.9 -10208.6 -363.2 178 0 10.7 12.3 7.5 2.5 2 1 3 0 0
-2723.8 -10336.2 -432.0 93 1 10.8 10.9 10.0 2.5 2 1 4 0 0
-2537.7 -10511.7 -496.1 304 0 12.4 13.8 5.0 0.0 0 1 2 3 3
-2553.7 -10489.0 -498.0 314 0 10.5 10.0 7.5 2.5 2 0 3 3 3
-2175.5 -10551.9 -557.4 184 0 7.5 11.0 7.5 0.0 0 1 3 0 0
-2248.5 -10491.9 -560.6 42 0 11.6 11.5 7.5 2.5 2 0 3 4 4
-2222.8 -10488.9 -566.8 36 0 11.4 11.3 7.5 2.5 2 0 3 5 5
-2196.7 -10447.1 -578.2 155 0 11.3 12.1 7.5 2.5 2 1 3 5 5
-2351.7 -10470.6 -536.2 328 0 11.5 10.1 5.0 2.5 2 0 2 0 0
-2350.9 -10486.2 -534.3 324 0 6.1 7.8 7.5 2.5 2 1 3 1 1
-2375.0 -10364.3 -544.6 342 0 7.7 9.5 7.5 2.5 4 1 3 1 1
-2414.6 -10271.9 -564.9 22 0 11.0 9.7 5.0 2.5 2 0 2 4 4
-2397.9 -10223.4 -582.6 18 0 10.9 11.6 7.5 2.5 2 1 3 2 2
-2403.3 -10271.6 -567.6 142 0 8.1 6.1 7.5 2.5 2 0 3 0 0
-2399.6 -10282.6 -563.7 138 0 5.4 3.4 7.5 2.5 2 0 3 1 1
-2460.4 -10503.7 -508.1 150 0 9.8 13.1 7.5 0.0 0 1 3 0 0
-2470.5 -10470.9 -510.6 159 0 9.9 12.3 7.5 2.5 2 1 3 4 4
-2458.7 -10424.3 -519.7 142 0 10.1 5.9 7.5 2.5 2 0 3 3 3
-2588.7 -10412.8 -499.8 10 0 13.9 14.4 7.5 2.5 2 1 3 4 4
-2476.7 -10161.0 -573.4 326 0 10.1 6.7 7.5 2.5 4 0 3 4 4
-2470.1 -10174.1 -572.9 331 0 9.3 6.6 7.5 2.5 2 0 3 4 4
-2391.5 -10561.1 -507.8 42 0 12.9 44.9 12.5 2.5 2 1 5 1 1
-2422.9 -10508.8 -515.8 141 0 10.5 9.0 7.5 2.5 2 0 3 4 4
-3038.2 -10512.6 -344.7 58 0 8.0 8.8 5.0 2.5 2 1 2 3 3
-3049.3 -10519.7 -341.0 51 0 7.3 7.7 5.0 0.0 0 1 2 3 3
-2965.8 -10455.0 -342.8 43 0 7.4 10.3 5.0 0.0 0 1 2 3 3
-2532.0 -10299.2 -533.6 169 0 11.4 11.8 5.0 2.5 2 1 2 2 2
-3523.5 -7212.7 -370.2 94 0 13.8 11.1 7.5 2.5 2 0 3 4 4
-5365.1 -7280.7 -784.4 199 0 19.9 33.8 12.5 0.0 0 1 5 3 3
-5676.7 -6012.5 -697.4 181 0 8.5 12.4 7.5 2.5 2 1 3 2 2
-4063.6 -2280.4 -633.8 82 0 14.9 12.6 7.5 2.5 2 0 3 4 4
-3104.0 -2945.9 -647.9 84 0 13.6 9.3 7.5 2.5 2 0 3 4 4
-6665.5 -2461.2 -783.0 83 0 11.2 10.1 5.0 2.5 2 0 2 0 0
-5520.3 -3584.7 -741.5 279 0 12.6 12.9 5.0 2.5 2 1 2 4 4
-4045.1 -2458.1 -656.4 43 0 8.5 9.1 7.5 2.5 2 1 3 5 5
-4113.8 -2449.3 -649.5 178 0 12.2 11.1 7.5 0.0 0 0 3 0 0
-4092.2 -2462.6 -648.9 161 0 12.4 10.8 7.5 2.5 4 0 3 1 1
-4090.4 -2436.2 -653.5 263 0 8.3 9.5 5.0 2.5 2 1 2 5 5
-4064.9 -2459.3 -654.3 68 0 10.5 12.5 5.0 2.5 2 1 2 1 1
-4049.2 -2444.0 -659.6 43 0 13.6 10.6 7.5 2.5 4 0 3 2 2
-4027.0 -2421.5 -657.4 30 0 8.3 9.0 7.5 2.5 2 1 3 5 5
-4045.3 -2387.6 -653.3 297 0 10.2 15.9 2.5 2.5 2 1 1 0 0
-3332.6 -2467.3 -672.0 94 0 10.5 9.6 5.0 2.5 2 0 2 1 1
-3355.5 -2462.4 -673.3 94 0 8.9 10.0 7.5 2.5 2 1 3 1 1
-3365.3 -2462.3 -674.5 97 0 6.1 10.0 5.0 2.5 4 1 2 1 1
-3419.9 -2462.6 -674.9 184 0 9.7 10.2 7.5 2.5 2 1 3 4 4
-3419.8 -2485.3 -681.7 179 0 10.0 9.9 7.5 2.5 2 0 3 0 0
-3402.3 -2493.2 -684.9 5 0 9.3 6.9 7.5 2.5 2 0 3 1 1
-3363.8 -2399.8 -648.8 281 0 9.5 10.0 7.5 2.5 2 1 3 0 0
-3424.6 -2386.4 -646.6 68 0 9.2 9.6 7.5 2.5 2 1 3 3 3
-3436.4 -2384.2 -645.2 68 0 7.6 11.4 7.5 2.5 2 1 3 3 3
-3458.1 -2413.4 -657.0 247 0 8.2 9.3 7.5 2.5 4 1 3 5 5
-3445.9 -2402.7 -654.6 253 0 11.5 8.7 7.5 2.5 2 0 3 4 4
-3526.4 -2404.6 -653.5 271 0 8.4 11.6 7.5 2.5 2 1 3 3 3
-3519.1 -2471.3 -668.5 26 0 9.7 10.6 7.5 2.5 2 1 3 2 2
-3547.7 -2453.6 -663.5 178 0 8.6 9.8 7.5 2.5 2 1 3 0 0
-3534.6 -2507.9 -676.3 85 0 10.0 9.5 7.5 2.5 4 0 3 1 1
-3530.8 -2516.0 -679.3 159 0 9.1 9.3 7.5 2.5 2 1 3 2 2
-3477.3 -2518.8 -686.4 234 0 9.0 9.6 7.5 2.5 2 1 3 5 5
-3413.2 -2557.5 -703.7 148 0 6.5 10.6 7.5 2.5 2 1 3 2 2
-3552.8 -2498.2 -673.3 132 0 5.7 8.3 7.5 2.5 2 1 3 5 5
-3595.8 -2393.8 -645.5 88 0 6.5 9.0 7.5 2.5 2 1 3 3 3
-3618.6 -2353.5 -644.5 307 0 11.7 11.1 2.5 2.5 2 0 1 0 0
-3637.5 -2388.8 -646.7 110 0 13.1 13.4 5.0 2.5 2 1 2 5 5
-3657.1 -2376.9 -646.8 129 0 8.3 13.9 2.5 0.0 0 1 1 1 1
-3628.9 -2415.2 -649.8 309 0 8.5 9.2 7.5 0.0 0 1 3 2 2
-3654.5 -2397.4 -647.8 127 0 14.3 8.6 5.0 2.5 2 0 2 5 5
-3658.8 -2390.7 -648.0 41 0 13.4 11.1 5.0 2.5 2 0 2 4 4
-3674.5 -2361.1 -646.6 133 0 12.4 11.8 5.0 2.5 2 0 2 5 5
-3670.3 -2436.3 -652.3 110 0 9.4 12.0 7.5 2.5 4 1 3 1 1
-3715.0 -2361.6 -648.9 331 0 10.1 10.5 5.0 2.5 2 1 2 3 3
-3721.7 -2346.1 -647.7 136 0 9.6 8.6 5.0 2.5 2 0 2 0 0
-3730.3 -2332.0 -647.6 233 0 6.0 9.0 5.0 2.5 2 1 2 4 4
-3737.0 -2310.6 -646.4 137 0 11.4 11.6 5.0 2.5 2 1 2 1 1
-3750.2 -2301.6 -646.3 127 0 12.4 14.7 5.0 2.5 2 1 2 5 5
-3744.7 -2318.3 -647.3 230 0 4.8 7.9 2.5 2.5 2 1 1 1 1
-3757.0 -2316.1 -648.0 243 0 17.2 6.6 7.5 2.5 2 0 3 2 2
-3763.7 -2292.3 -646.5 142 0 15.6 13.8 5.0 2.5 4 0 2 1 1
-3774.2 -2282.5 -645.8 135 0 7.3 8.0 7.5 2.5 2 1 3 0 0
-3769.7 -2302.8 -647.5 49 0 11.7 6.8 7.5 2.5 2 0 3 0 0
-3785.9 -2293.2 -647.5 38 0 19.7 8.3 7.5 2.5 2 0 3 1 1
-3790.7 -2284.1 -646.6 42 0 11.6 7.1 5.0 2.5 2 0 2 2 2
-3785.8 -2273.7 -645.4 123 0 6.7 10.1 5.0 2.5 2 1 2 4 4
-3801.5 -2256.8 -644.7 138 0 14.9 13.5 7.5 2.5 4 0 3 5 5
-3780.1 -2243.9 -643.5 318 0 7.7 6.7 5.0 2.5 2 0 2 4 4
-3818.1 -2256.5 -645.8 310 0 12.0 11.6 7.5 2.5 2 0 3 2 2
-3817.9 -2233.3 -643.3 152 0 10.0 8.1 5.0 2.5 2 0 2 3 3
-3836.5 -2218.7 -643.4 313 0 10.9 12.4 2.5 2.5 2 1 1 0 0
-3839.8 -2191.7 -640.6 155 0 10.9 11.2 7.5 2.5 4 1 3 3 3
-3837.3 -2172.4 -638.9 172 0 10.7 9.5 5.0 2.5 2 0 2 5 5
-3855.3 -2161.9 -638.3 168 0 7.6 10.9 5.0 2.5 2 1 2 2 2
-3789.7 -2130.3 -634.1 356 0 10.6 10.9 7.5 2.5 2 1 3 5 5
-3813.9 -2131.4 -634.6 2 0 10.8 20.5 7.5 2.5 2 1 3 3 3
-3812.9 -2106.8 -630.5 358 0 11.6 11.6 7.5 0.0 0 1 3 2 2
-3846.0 -2047.9 -616.6 285 0 6.6 11.4 7.5 0.0 0 1 3 4 4
-3832.1 -2059.1 -619.2 293 0 9.8 9.7 5.0 2.5 2 0 2 4 4
-3842.2 -2070.0 -621.5 268 0 10.6 9.1 7.5 2.5 2 0 3 3 3
-3896.0 -2106.8 -624.2 120 0 9.8 11.1 7.5 2.5 2 1 3 3 3
-3914.4 -2115.9 -624.7 144 0 10.9 11.2 5.0 2.5 2 1 2 0 0
-3896.9 -2037.3 -610.9 277 0 7.7 13.1 5.0 2.5 2 1 2 4 4
-3932.2 -2103.0 -619.7 97 0 11.1 12.1 5.0 2.5 2 1 2 0 0
-3933.3 -1985.5 -592.4 310 0 11.1 7.3 7.5 2.5 2 0 3 3 3
-4002.1 -2091.2 -612.5 224 0 10.0 10.3 5.0 2.5 2 1 2 5 5
-3998.3 -2116.5 -616.3 38 0 11.0 9.4 7.5 2.5 2 0 3 2 2
-4010.9 -2122.8 -616.2 51 0 9.1 9.2 5.0 2.5 2 1 2 4 4
-4035.1 -2133.6 -615.6 64 0 6.8 8.4 5.0 2.5 2 1 2 2 2
-4053.0 -2135.5 -613.7 59 0 8.3 10.6 5.0 2.5 2 1 2 0 0
-4077.6 -2111.7 -610.5 253 0 8.9 9.2 7.5 2.5 2 1 3 0 0
-4082.7 -2183.0 -620.5 152 0 11.8 6.3 7.5 2.5 2 0 3 1 1
-4045.3 -2192.3 -625.4 229 0 13.3 12.2 5.0 0.0 0 0 2 5 5
-4049.0 -2204.2 -625.7 320 0 13.8 9.9 7.5 2.5 2 0 3 4 4
-4030.8 -2235.8 -632.4 314 0 11.1 14.2 5.0 2.5 2 1 2 4 4
-4022.7 -2257.6 -635.3 18 0 11.0 10.8 5.0 2.5 2 0 2 0 0
