589.0 -6817.3 -305.7 168 0 59.0 30.1 14.0 0.0 0 0 4 5 5
2928.3 -7244.8 -259.1 53 0 28.0 51.2 10.0 0.0 0 1 4 4 4
310.5 -6759.8 -293.4 286 0 14.7 11.9 14.0 3.5 2 0 4 4 4
5443.3 3872.5 -168.7 271 0 11.8 11.1 5.0 0.0 0 0 2 2 2
1654.3 5893.1 290.7 252 0 7.6 13.6 7.5 2.5 2 1 3 5 5
-10.7 -7291.5 -231.3 208 0 18.3 11.3 14.0 3.5 2 0 4 4 4
0.2 -7271.9 -231.6 208 0 18.3 11.3 14.0 3.5 2 0 4 3 3
11.5 -7252.3 -232.4 208 0 18.3 11.3 14.0 3.5 2 0 4 4 4
-166.8 -7377.1 -200.7 197 0 18.3 11.3 10.0 2.5 2 0 4 3 3
-160.1 -7356.8 -199.0 197 0 18.3 11.3 2.5 0.0 0 0 1 2 2
2017.7 2378.8 296.7 143 0 11.9 5.1 7.5 2.5 2 0 3 1 1
2031.5 2350.4 301.3 244 0 7.4 11.7 5.0 2.5 4 1 2 1 1
3241.2 2182.6 -60.0 169 0 13.4 13.1 7.5 2.5 2 0 3 4 4
4167.6 -400.9 -210.9 180 0 9.3 13.6 2.5 2.5 2 1 1 3 3
2204.1 -4010.3 -266.2 340 0 58.7 22.5 12.5 2.5 2 0 5 0 0
737.9 -6535.0 -117.2 75 0 11.3 19.5 14.0 0.0 0 1 4 0 0
719.1 -6545.4 -110.3 21 0 9.4 6.5 10.5 3.5 2 0 3 0 0
724.0 -6579.2 -123.3 321 0 10.2 10.3 14.0 3.5 2 1 4 1 1
