3506.7 2223.2 -203.3 48 0 69.5 140.5 7.5 0.0 0 1 3 0 0
111.8 -9173.7 -317.4 110 0 28.9 44.1 12.5 0.0 0 1 5 0 0
-2943.1 -10345.2 332.5 191 0 22.5 15.1 7.5 2.5 2 0 3 2 2
579.4 -9077.6 -327.4 103 0 48.5 17.7 12.5 2.5 2 0 5 0 0
2454.7 2895.0 -169.1 104 0 49.7 19.6 10.0 2.5 2 0 4 4 4
2166.6 -2950.5 -258.7 84 0 14.1 26.4 10.0 2.5 2 1 4 1 1
2237.4 -2859.5 -262.3 356 0 28.7 11.1 10.0 2.5 2 0 4 2 2
2246.7 -2902.2 -262.7 353 0 20.9 14.6 12.5 2.5 2 0 5 5 5
2300.5 -3755.1 -263.9 92 0 21.0 15.8 12.5 2.5 2 0 5 3 3
724.5 -2473.4 -65.3 93 0 10.7 15.5 7.5 2.5 2 1 3 1 1
6604.1 6184.4 88.5 267 0 10.5 8.9 5.0 2.5 2 0 2 4 4
88.5 5974.2 -81.6 161 0 13.4 8.4 5.0 2.5 2 0 2 1 1
245.5 6111.9 -95.4 188 0 14.8 12.4 2.5 2.5 2 0 1 5 5
-3367.8 8568.9 253.1 162 0 9.1 16.9 7.5 2.5 2 1 3 4 4
-4878.1 7295.5 335.8 8 0 11.4 13.2 5.0 2.5 2 1 2 4 4
4137.2 148.3 -224.2 95 0 20.0 13.9 10.0 2.5 2 0 4 3 3
-94.1 -10173.2 -342.0 48 0 18.3 17.1 12.5 2.5 2 0 5 1 1
-115.2 -10191.3 -343.5 48 0 18.3 17.1 12.5 2.5 2 0 5 3 3
-135.2 -10210.0 -342.9 49 0 18.3 17.1 15.0 0.0 0 0 6 3 3
22.5 -9685.4 -308.9 352 0 10.6 15.4 5.0 2.5 2 1 2 1 1
206.3 -9519.7 -338.9 97 0 21.3 21.1 7.5 2.5 2 0 3 0 0
230.3 -9528.0 -338.7 94 0 14.5 21.0 10.0 2.5 2 1 4 0 0
2473.3 -6396.8 -291.8 90 0 13.9 11.3 7.5 2.5 2 0 3 5 5
474.5 -9021.3 -330.4 17 0 29.2 118.9 10.0 0.0 0 1 4 3 3
489.5 -8970.8 -328.1 17 0 27.1 117.9 12.5 0.0 0 1 5 2 2
351.3 -8926.2 -326.8 338 0 26.7 52.7 12.5 0.0 0 1 5 3 3
242.9 -9029.7 -328.8 156 0 26.3 76.6 10.0 0.0 0 1 4 3 3
202.9 -8988.4 -325.0 157 0 26.5 97.7 12.5 0.0 0 1 5 3 3
272.9 -8900.9 -321.0 336 0 24.8 92.0 10.0 0.0 0 1 4 5 5
699.9 -8492.0 -250.0 91 0 11.3 8.9 5.0 2.5 2 0 2 0 0
-756.2 -10264.4 -350.2 1 0 14.4 16.5 10.5 3.5 2 1 3 5 5
-171.3 -9150.6 -277.6 182 0 17.6 24.4 15.0 0.0 0 1 6 5 5
