6529.8 5337.2 -9.3 90 0 27.7 15.7 17.5 3.5 2 0 5 4 4
6226.7 5223.8 -12.5 4 0 16.1 23.2 17.5 3.5 2 1 5 0 0
6731.4 5138.9 -4.6 93 0 20.0 19.9 14.0 3.5 2 0 4 5 5
6044.7 5492.7 -12.1 263 0 13.3 11.1 14.0 3.5 2 0 4 5 5
4823.9 4913.6 -14.0 87 0 15.7 12.1 5.0 0.0 0 0 2 0 0
6186.6 2609.6 -12.6 267 0 15.5 12.0 7.5 2.5 2 0 3 5 5
6867.5 4805.2 -0.1 128 0 20.8 25.7 17.5 3.5 2 1 5 4 4
6844.0 4855.6 -0.8 308 0 16.9 22.9 17.5 3.5 2 1 5 2 2
6811.5 4850.8 -1.1 128 0 12.8 22.3 17.5 3.5 2 1 5 5 5
6863.6 4840.8 -0.4 308 0 16.5 21.9 17.5 3.5 2 1 5 2 2
6830.7 4888.8 -0.7 125 0 16.6 16.5 17.5 0.0 0 0 5 0 0
6879.6 4851.2 0.1 127 0 20.2 14.4 17.5 3.5 2 0 5 2 2
6910.0 4546.2 8.3 268 0 16.5 10.9 17.5 3.5 2 0 5 3 3
5649.4 5873.7 -14.9 281 0 122.6 26.3 14.0 0.0 0 0 4 1 1
5638.8 5796.0 -14.5 101 0 90.1 25.9 14.0 0.0 0 0 4 3 3
5669.5 5747.6 -14.5 11 0 25.8 57.7 14.0 3.5 2 1 4 0 0
5580.9 5778.7 -14.5 281 0 59.0 25.2 14.0 3.5 2 0 4 5 5
5560.1 5704.0 -14.8 102 0 72.7 26.6 14.0 0.0 0 0 4 5 5
5658.4 5696.8 -14.9 12 0 24.3 56.0 14.0 3.5 2 1 4 2 2
5616.9 5579.5 -14.9 19 0 26.4 104.3 14.0 0.0 0 1 4 4 4
5593.6 5531.5 -15.9 19 0 26.1 91.7 14.0 0.0 0 1 4 1 1
5581.4 5480.3 -16.8 19 0 26.5 92.6 14.0 0.0 0 1 4 4 4
5554.0 5433.3 -17.0 19 0 27.1 65.4 14.0 0.0 0 1 4 0 0
5391.7 4952.1 -17.9 91 0 38.1 17.5 10.0 2.5 2 0 4 5 5
4756.0 5740.1 7.1 279 0 29.6 24.5 15.0 0.0 0 0 6 2 2
