1302.9 -538.7 -303.4 272 0 18.4 16.2 17.5 3.5 2 0 5 2 2
75.8 -1001.1 -326.1 3 0 16.7 17.1 17.5 3.5 2 1 5 2 2
-2546.2 23.8 -251.0 46 0 9.3 10.2 5.0 2.5 2 1 2 4 4
-3792.1 -947.7 -47.7 79 0 14.9 12.1 2.5 2.5 2 0 1 5 5
347.6 643.4 280.5 90 0 12.2 11.2 5.0 2.5 2 0 2 3 3
-356.4 1015.3 152.4 92 0 14.9 10.3 7.5 2.5 2 0 3 5 5
-3954.1 2076.7 -439.3 91 0 10.1 7.8 7.5 2.5 2 0 3 0 0
-2608.7 -2143.2 100.2 85 0 9.3 9.8 7.5 2.5 2 1 3 2 2
452.4 -839.6 -326.3 230 0 31.6 24.2 17.5 0.0 0 0 5 5 5
1857.3 -3518.9 -272.3 271 0 32.3 14.5 12.5 2.5 2 0 5 4 4
5028.0 -1681.9 -199.7 179 0 14.8 14.5 5.0 2.5 2 0 2 3 3
-591.6 -647.1 -227.2 61 0 8.9 12.3 7.0 3.5 2 1 2 2 2
-607.8 -648.3 -229.9 332 0 8.0 8.0 7.0 3.5 2 0 2 5 5
-612.8 -645.6 -229.3 63 0 9.5 9.0 10.5 3.5 4 0 3 5 5
1430.2 -10064.2 476.4 1 0 11.3 14.2 5.0 2.5 2 1 2 3 3
1156.6 -8240.5 10.0 92 0 11.6 8.6 5.0 2.5 2 0 2 4 4
1755.3 -4274.6 -87.3 184 0 9.1 12.9 7.5 2.5 2 1 3 0 0
788.2 -2705.2 -291.0 313 0 35.1 10.9 12.5 2.5 4 0 5 4 4
757.3 -2676.5 -286.6 313 0 35.1 10.9 10.0 2.5 4 0 4 0 0
721.5 -2687.2 -280.8 223 0 10.9 35.1 12.5 2.5 4 1 5 1 1
723.5 -2733.3 -273.0 133 0 35.1 10.9 12.5 2.5 4 0 5 5 5
779.9 -2741.0 -281.8 43 0 10.9 35.1 10.0 2.5 4 1 4 5 5
805.8 -2740.8 -286.6 314 0 16.8 10.5 5.0 2.5 4 0 2 2 2
760.2 -2776.4 -269.3 150 0 16.8 10.5 5.0 2.5 4 0 2 1 1
751.4 -2761.3 -270.5 150 0 16.8 10.5 7.5 2.5 4 0 3 5 5
-4590.2 4032.4 -397.9 184 0 9.2 13.5 7.5 2.5 2 1 3 0 0
-6595.7 3109.0 77.0 3 0 9.0 13.8 2.5 0.0 0 1 1 3 3
-4524.6 1103.3 -80.5 84 0 13.0 9.4 7.5 2.5 2 0 3 0 0
-5385.6 902.3 53.7 148 0 13.3 11.9 5.0 0.0 0 0 2 5 5
225.9 -1358.7 -328.7 65 0 14.8 23.5 17.5 3.5 2 1 5 5 5
204.5 -1326.1 -328.9 159 0 14.7 25.1 17.5 3.5 2 1 5 0 0
197.2 -1306.7 -328.3 158 0 14.6 25.4 17.5 3.5 2 1 5 3 3
187.7 -1287.7 -327.9 147 0 16.9 25.5 17.5 3.5 2 1 5 1 1
176.2 -1269.1 -326.1 147 0 14.9 24.9 17.5 3.5 2 1 5 5 5
162.3 -1248.0 -327.7 145 0 24.9 15.0 17.5 3.5 2 0 5 2 2
158.1 -1228.4 -329.5 57 0 12.3 30.5 17.5 3.5 2 1 5 0 0
2117.2 -8189.1 289.0 90 0 17.3 9.6 7.5 2.5 4 0 3 0 0
1391.8 -3467.0 -290.8 355 0 7.7 9.3 2.5 2.5 2 1 1 2 2
-4650.4 5906.0 -210.0 254 0 11.8 8.7 5.0 2.5 2 0 2 0 0
5353.6 4557.1 176.8 75 0 12.4 10.9 5.0 0.0 0 0 2 2 2
1878.5 4953.6 164.7 76 0 13.4 11.3 2.5 2.5 2 0 1 2 2
-151.8 3841.4 74.7 261 0 13.9 10.6 5.0 2.5 2 0 2 2 2
-1587.2 4005.4 205.8 58 0 10.3 12.1 10.0 2.5 4 1 4 3 3
676.3 4509.0 -140.9 84 0 9.5 8.3 7.5 2.5 2 0 3 1 1
-394.1 4404.7 -93.6 1 0 9.2 10.5 5.0 2.5 2 1 2 1 1
-958.9 5343.6 -48.8 80 0 11.7 9.5 5.0 2.5 2 0 2 4 4
-1716.3 5311.7 -209.7 269 0 10.9 9.1 5.0 2.5 2 0 2 3 3
-5555.5 6134.3 -489.9 272 0 14.5 10.1 7.5 0.0 0 0 3 4 4
-5511.6 -2745.8 454.6 180 0 5.1 9.3 7.5 2.5 4 1 3 5 5
-5459.4 -2704.8 451.0 34 0 3.5 7.7 5.0 2.5 2 1 2 1 1
-5545.6 -2711.4 462.8 182 0 9.3 5.8 7.5 2.5 2 0 3 1 1
-5450.7 -2805.5 457.1 37 0 10.0 7.0 7.5 2.5 2 0 3 1 1
-1862.3 677.1 -117.9 256 0 8.6 10.0 7.5 0.0 0 1 3 0 0
-1852.9 660.9 -119.3 357 0 8.7 8.9 7.5 2.5 2 1 3 4 4
-1861.6 648.9 -121.3 172 0 7.8 10.1 7.5 2.5 2 1 3 3 3
-1854.7 619.3 -124.4 178 0 12.6 9.2 7.5 2.5 2 0 3 4 4
-5353.8 -2669.0 450.4 355 0 7.0 10.8 5.0 2.5 2 1 2 5 5
-3024.3 -2096.9 214.0 75 0 11.8 9.8 7.5 2.5 2 0 3 1 1
-5180.0 -2784.4 447.3 318 0 5.4 9.0 5.0 0.0 0 1 2 3 3
5021.8 -6116.3 241.7 196 0 6.7 8.8 7.5 2.5 4 1 3 4 4
5025.5 -6105.2 241.1 205 0 10.0 7.5 7.5 2.5 2 0 3 1 1
5028.3 -6096.4 242.4 97 0 7.1 10.9 5.0 2.5 2 1 2 1 1
5036.5 -5924.9 237.8 179 0 8.8 8.8 7.5 2.5 4 0 3 3 3
5050.4 -5936.6 230.8 180 0 8.5 7.8 7.5 2.5 2 0 3 5 5
5122.7 -6105.6 194.0 138 0 11.7 11.1 5.0 2.5 2 0 2 2 2
5025.6 -6144.7 240.6 24 0 10.1 6.8 7.5 2.5 4 0 3 3 3
4867.6 -6183.4 336.5 257 0 7.4 8.4 7.5 2.5 2 1 3 2 2
4909.8 -6338.3 338.1 80 0 8.2 9.8 5.0 2.5 4 1 2 5 5
-1539.2 638.8 -29.8 275 0 13.2 10.4 7.5 2.5 2 0 3 0 0
-1529.7 568.6 -65.4 15 0 10.5 12.4 7.5 2.5 2 1 3 3 3
-1878.7 235.1 -290.0 289 0 9.1 8.8 7.5 2.5 2 0 3 2 2
-5384.4 -2138.0 408.4 73 0 9.5 8.6 7.5 2.5 2 0 3 5 5
-4947.0 -2750.9 430.9 225 0 8.0 8.0 7.5 2.5 2 0 3 4 4
-4883.3 -2748.4 418.0 271 0 6.0 8.4 7.5 2.5 4 1 3 1 1
-4855.1 -2566.8 392.4 321 0 7.0 7.9 7.5 2.5 2 1 3 0 0
-4844.2 -2616.9 395.4 353 0 9.0 11.0 7.5 2.5 2 1 3 3 3
-1718.7 623.6 -64.2 284 0 10.9 9.5 7.5 2.5 2 0 3 2 2
-1712.1 709.1 -23.6 239 0 6.7 12.6 7.5 2.5 2 1 3 4 4
-1681.4 709.0 -13.6 39 0 8.5 15.4 7.5 2.5 4 1 3 2 2
-1706.4 321.1 -209.2 178 0 10.5 10.6 7.5 2.5 2 1 3 5 5
-1662.7 332.2 -205.7 268 0 7.0 9.3 7.5 2.5 2 1 3 3 3
-1612.0 405.5 -170.8 251 0 9.2 9.1 7.5 2.5 2 0 3 5 5
-1844.0 223.3 -282.8 1 0 9.1 12.6 7.5 2.5 2 1 3 2 2
-1871.6 65.2 -329.4 330 0 16.0 6.2 5.0 2.5 2 0 2 3 3
-336.8 441.0 93.1 4 0 10.9 13.7 5.0 2.5 2 1 2 2 2
-340.4 463.4 95.5 351 0 9.0 7.7 5.0 0.0 0 0 2 1 1
-326.2 475.2 104.2 175 0 9.8 9.9 7.5 2.5 2 1 3 3 3
-253.8 437.2 121.9 87 0 11.2 13.5 5.0 2.5 2 1 2 3 3
-511.9 468.9 52.6 16 0 10.3 9.4 5.0 2.5 2 0 2 0 0
-503.6 603.5 67.7 120 0 10.2 8.8 7.5 2.5 2 0 3 1 1
-564.0 694.3 85.4 112 0 7.7 9.0 7.5 2.5 2 1 3 3 3
-528.3 711.9 91.6 265 0 9.9 8.3 7.5 2.5 4 0 3 4 4
-423.1 804.7 114.3 211 0 7.4 11.8 7.5 2.5 2 1 3 2 2
-393.6 811.6 118.3 23 0 7.3 7.1 7.5 2.5 2 0 3 4 4
-412.1 836.8 116.5 243 0 8.9 8.3 5.0 2.5 2 0 2 2 2
-330.7 841.6 129.1 281 0 12.9 10.3 5.0 2.5 2 0 2 5 5
-326.1 1078.9 165.7 43 0 8.4 10.8 7.5 2.5 2 1 3 2 2
-354.6 1104.2 164.0 316 0 6.2 11.4 5.0 0.0 0 1 2 0 0
-387.4 1083.1 158.9 129 0 8.3 12.2 7.5 2.5 2 1 3 5 5
-385.2 1114.1 161.9 301 0 6.4 8.4 7.5 2.5 2 1 3 3 3
-1886.1 6941.8 -81.1 74 0 9.8 7.6 5.0 2.5 4 0 2 2 2
-1991.4 7485.8 70.2 246 0 6.8 9.8 7.5 2.5 2 1 3 0 0
-1947.1 7625.1 99.9 201 0 6.9 8.5 7.5 2.5 2 1 3 4 4
-1934.8 7636.3 101.8 224 0 5.7 7.4 5.0 2.5 2 1 2 5 5
-1920.6 7654.7 101.8 244 0 6.5 8.2 7.5 2.5 2 1 3 5 5
-1868.2 7608.5 126.3 130 0 13.6 14.5 7.5 2.5 2 1 3 0 0
-1896.3 7672.9 104.3 238 0 3.7 5.5 7.5 2.5 2 1 3 4 4
-1871.5 7679.8 106.2 345 0 9.1 8.5 7.5 2.5 2 0 3 5 5
-1822.6 7501.5 144.3 78 0 7.1 5.7 5.0 2.5 2 0 2 3 3
-1837.6 7548.3 144.9 185 0 5.6 5.5 7.5 2.5 4 0 3 2 2
-1811.6 7594.8 146.1 34 0 8.1 8.9 7.5 2.5 2 1 3 1 1
-1801.3 7610.3 145.6 52 0 7.5 8.4 7.5 2.5 2 1 3 4 4
-1812.6 7645.3 136.4 250 0 7.8 9.7 7.5 2.5 2 1 3 2 2
-1793.0 7652.9 138.8 338 0 9.0 7.6 7.5 0.0 0 0 3 1 1
-1815.8 7773.5 98.0 0 0 6.8 9.4 7.5 0.0 0 1 3 5 5
-1846.3 7791.3 84.6 194 0 9.2 6.3 2.5 2.5 2 0 1 1 1
-1795.5 7837.9 96.2 229 0 10.8 12.6 5.0 2.5 2 1 2 4 4
-1749.6 7905.1 108.8 192 0 6.3 8.5 7.5 2.5 2 1 3 2 2
-1716.5 7899.9 119.3 35 0 7.5 9.3 7.5 2.5 2 1 3 5 5
-1712.9 7928.8 119.9 305 0 8.7 7.0 5.0 2.5 2 0 2 5 5
-1590.4 7893.5 184.4 95 0 7.1 7.5 5.0 2.5 2 1 2 5 5
-1890.2 8312.6 212.4 88 0 5.6 8.1 5.0 2.5 2 1 2 5 5
-1774.4 8449.5 295.5 77 0 7.1 8.8 7.5 2.5 2 1 3 1 1
-1417.4 7659.5 322.9 46 0 9.4 8.3 7.5 2.5 2 0 3 5 5
-1365.3 7697.6 348.3 225 0 7.2 6.0 7.5 2.5 2 0 3 0 0
-1206.2 7691.7 383.5 102 0 6.1 8.8 5.0 2.5 2 1 2 5 5
-758.1 7613.3 445.9 13 0 8.5 7.9 7.5 2.5 2 0 3 5 5
-781.0 7623.4 448.1 106 0 3.8 3.3 5.0 2.5 2 0 2 0 0
-413.2 1128.7 161.2 226 0 8.0 8.4 5.0 2.5 2 1 2 2 2
-414.4 1001.7 141.8 253 0 12.0 11.5 5.0 2.5 2 0 2 3 3
-463.6 1085.1 147.3 270 0 9.2 10.7 7.5 2.5 2 1 3 0 0
-504.0 1091.4 149.4 261 0 8.3 7.3 7.5 0.0 0 0 3 4 4
-597.9 1049.1 142.1 256 0 10.7 10.5 7.5 2.5 2 0 3 2 2
-1094.3 1124.1 161.7 197 0 11.1 7.5 7.5 0.0 0 0 3 5 5
-1102.1 1140.9 150.3 34 0 9.0 8.0 7.5 2.5 2 0 3 1 1
-1117.4 1127.0 151.0 22 0 8.8 6.4 7.5 2.5 2 0 3 0 0
-1155.5 1079.7 143.3 100 0 12.0 13.0 7.5 2.5 2 1 3 2 2
-1184.5 1065.2 132.0 13 0 12.9 13.5 5.0 2.5 2 1 2 2 2
-1198.9 1049.0 128.2 46 0 6.7 9.7 7.5 2.5 2 1 3 5 5
-1205.0 1043.7 127.0 34 0 6.4 8.7 5.0 2.5 2 1 2 3 3
-1237.2 1007.3 115.4 258 0 12.0 10.4 7.5 0.0 0 0 3 1 1
-951.2 7423.2 351.9 308 0 8.8 7.1 7.5 2.5 2 0 3 1 1
-1221.8 386.9 -119.8 240 0 12.1 11.0 7.5 2.5 2 0 3 1 1
-5399.9 -2776.3 452.1 0 0 4.6 4.3 7.5 2.5 2 0 3 4 4
-5135.2 -2806.6 447.5 307 0 7.1 4.6 2.5 2.5 2 0 1 2 2
-5155.0 -2797.1 446.9 331 0 7.2 6.3 2.5 2.5 4 0 1 4 4
-1550.7 7147.2 143.2 132 0 6.4 8.8 2.5 2.5 2 1 1 4 4
-1586.6 7267.7 156.6 70 0 8.8 6.6 5.0 2.5 4 0 2 2 2
-935.6 7407.6 349.6 52 0 4.9 4.3 7.5 2.5 2 0 3 1 1
-452.5 7339.5 336.3 358 0 8.6 5.5 2.5 2.5 4 0 1 2 2
-484.8 7337.7 330.9 120 0 6.3 8.5 7.5 2.5 2 1 3 3 3
-335.8 7219.4 285.6 22 0 7.4 7.0 2.5 2.5 4 0 1 2 2
-334.8 7185.0 271.3 347 0 6.8 6.4 5.0 2.5 2 0 2 5 5
-848.8 7094.0 187.8 129 0 6.5 8.7 7.5 2.5 2 1 3 2 2
-875.9 7009.7 150.0 121 0 7.0 9.6 5.0 2.5 2 1 2 0 0
-900.3 6941.0 123.9 124 0 8.0 11.7 5.0 2.5 2 1 2 3 3
-979.8 7071.4 168.9 76 0 7.2 7.8 7.5 2.5 2 1 3 0 0
-1116.1 7069.1 170.0 86 0 6.5 8.8 7.5 2.5 4 1 3 1 1
-1108.2 7193.8 225.8 268 0 8.4 7.2 2.5 2.5 2 0 1 1 1
-1144.5 7137.7 195.9 98 0 8.7 11.5 7.5 2.5 2 1 3 5 5
-1163.5 7172.6 207.6 111 0 7.5 9.5 7.5 2.5 2 1 3 5 5
-1139.8 7271.6 254.8 225 0 7.1 5.6 7.5 2.5 2 0 3 5 5
-1258.2 7193.4 198.7 38 0 4.6 6.1 5.0 2.5 2 1 2 3 3
-1260.3 7263.7 229.2 122 0 5.4 6.6 5.0 2.5 2 1 2 4 4
-1249.5 7328.8 253.5 126 0 7.2 8.7 2.5 2.5 2 1 1 2 2
-1271.2 7465.0 291.7 212 0 7.0 12.7 5.0 2.5 2 1 2 0 0
-1313.4 7334.0 243.9 19 0 8.5 6.1 5.0 2.5 2 0 2 3 3
-1347.8 7254.6 212.8 86 0 5.9 9.0 7.5 0.0 0 1 3 0 0
-1360.4 7319.1 236.1 295 0 7.3 7.2 7.5 2.5 2 0 3 2 2
-1376.4 7361.4 237.1 24 0 8.9 7.4 2.5 2.5 2 0 1 4 4
-1422.6 7412.3 235.4 196 0 7.5 8.8 5.0 2.5 2 1 2 0 0
-1383.3 7388.0 237.8 320 0 6.3 10.0 5.0 2.5 2 1 2 3 3
-1426.2 7385.9 233.0 178 0 6.2 8.8 5.0 2.5 2 1 2 2 2
-1453.9 7560.6 278.1 107 0 9.7 8.3 5.0 2.5 2 0 2 5 5
-1574.5 7549.7 247.2 131 0 7.9 8.2 7.5 2.5 2 1 3 5 5
-1411.9 7280.4 214.1 228 0 8.2 7.9 5.0 2.5 2 0 2 5 5
-1450.6 7245.7 192.9 217 0 9.0 5.2 5.0 2.5 4 0 2 2 2
-1960.0 7505.9 86.4 334 0 5.8 9.0 5.0 2.5 2 1 2 4 4
6083.7 -5336.2 -136.7 90 0 29.6 20.8 12.5 0.0 0 0 5 3 3
885.9 -650.5 -308.4 268 0 16.6 13.6 14.0 0.0 0 0 4 5 5
-5654.1 7581.5 -195.1 278 0 8.2 12.3 5.0 2.5 2 1 2 2 2
