-4407.0 303.2 -560.6 192 0 19.1 26.5 7.5 2.5 2 1 3 3 3
-5991.0 2139.1 -690.1 267 0 12.6 12.2 7.5 2.5 2 0 3 2 2
-5223.5 2744.0 -511.9 173 0 9.0 12.1 2.5 2.5 2 1 1 5 5
-4403.2 387.5 -567.9 180 0 9.7 16.4 7.5 2.5 2 1 3 4 4
-4783.5 566.9 -509.9 277 0 11.0 6.4 7.5 2.5 2 0 3 1 1
-3231.7 -2577.8 -397.5 284 0 18.2 17.2 10.0 2.5 2 0 4 0 0
2456.0 -9031.7 -396.4 100 0 15.2 15.7 10.0 2.5 2 1 4 3 3
-778.3 -6552.8 -477.7 93 0 15.6 12.0 5.0 2.5 2 0 2 2 2
-2623.5 -5980.9 -478.3 272 0 15.1 14.9 5.0 2.5 2 0 2 4 4
-6936.8 -7021.5 -663.3 178 0 11.0 15.0 7.5 2.5 2 1 3 2 2
-805.5 3960.4 378.0 274 0 45.4 19.3 15.0 0.0 0 0 6 5 5
-1463.6 4169.2 377.5 85 0 12.5 9.1 7.5 2.5 2 0 3 3 3
-2862.8 7379.5 373.8 289 0 16.0 12.2 2.5 2.5 2 0 1 5 5
-4910.6 8239.2 231.0 10 0 11.0 14.6 7.5 2.5 4 1 3 2 2
-3338.3 4422.4 285.9 293 0 5.2 7.6 7.5 2.5 2 1 3 3 3
-1949.6 7395.0 480.8 18 0 9.2 5.8 5.0 2.5 2 0 2 2 2
-1967.4 7401.5 480.0 151 0 5.7 9.8 7.5 2.5 4 1 3 1 1
-1965.0 7419.5 478.7 282 0 9.6 6.1 5.0 2.5 2 0 2 3 3
-3308.2 4476.3 289.7 87 0 27.2 20.3 12.5 2.5 4 0 5 3 3
-3294.6 4403.2 290.5 293 0 5.2 7.6 7.5 2.5 2 1 3 0 0
-3305.2 4408.1 289.5 293 0 5.2 7.6 7.5 2.5 2 1 3 1 1
-3316.4 4412.6 288.2 293 0 5.2 7.6 7.5 0.0 0 1 3 3 3
-3328.2 4417.4 286.8 293 0 5.2 7.6 7.5 2.5 2 1 3 4 4
-3323.2 4438.0 291.5 293 0 5.2 7.6 2.5 2.5 2 1 1 2 2
-3311.5 4433.7 291.5 293 0 5.2 7.6 5.0 2.5 2 1 2 4 4
-3300.2 4428.5 291.6 293 0 5.2 7.6 7.5 2.5 2 1 3 2 2
-3289.6 4423.7 291.6 293 0 5.2 7.6 5.0 2.5 2 1 2 5 5
-3278.1 4418.8 291.7 293 0 5.2 7.6 2.5 2.5 2 1 1 2 2
-3224.1 4397.5 291.8 199 0 5.2 7.5 5.0 0.0 0 1 2 0 0
-3220.5 4409.0 291.2 199 0 5.2 7.5 5.0 2.5 2 1 2 5 5
-3218.9 4419.9 290.5 181 0 5.2 7.5 5.0 2.5 2 1 2 3 3
-3218.9 4432.8 289.8 181 0 5.2 7.5 5.0 2.5 2 1 2 2 2
-3188.1 4433.7 289.5 271 0 7.5 5.2 2.5 2.5 2 0 1 0 0
-3185.0 4416.3 290.3 1 0 5.2 7.5 5.0 2.5 2 1 2 4 4
-3186.6 4401.6 291.0 1 0 5.2 7.5 5.0 2.5 2 1 2 5 5
-3187.3 4387.3 289.8 1 0 5.2 7.5 7.5 2.5 2 1 3 5 5
-3188.2 4374.4 288.4 1 0 5.2 7.5 7.5 2.5 4 1 3 0 0
-3217.6 4448.1 289.4 179 0 10.5 6.5 5.0 2.5 2 0 2 4 4
-1659.3 4201.1 382.8 94 0 14.4 10.5 5.0 2.5 2 0 2 5 5
-3216.7 8856.4 402.1 101 0 12.0 8.1 5.0 0.0 0 0 2 3 3
2525.5 -797.0 521.5 74 0 12.8 9.8 2.5 2.5 2 0 1 2 2
-1551.7 -1546.2 -246.7 276 0 14.5 9.1 5.0 2.5 2 0 2 1 1
5909.7 -2263.5 683.7 84 0 8.4 9.6 7.5 2.5 4 1 3 4 4
4218.4 -1895.9 574.0 273 0 13.4 11.5 7.5 2.5 2 0 3 2 2
-6761.9 1545.9 -435.1 91 0 15.8 11.3 5.0 2.5 2 0 2 1 1
-6415.3 1401.4 -403.6 92 0 16.7 13.9 5.0 2.5 2 0 2 5 5
-5636.8 3263.9 -531.3 335 0 12.1 30.3 10.0 2.5 2 1 4 1 1
-5664.0 3214.3 -526.8 155 0 12.1 30.3 12.5 0.0 0 1 5 4 4
-5704.9 3223.5 -532.2 155 0 12.1 30.3 12.5 2.5 4 1 5 2 2
-5729.6 3231.7 -537.3 65 0 30.3 12.1 12.5 2.5 2 0 5 5 5
-5759.6 3261.2 -542.5 155 0 12.1 30.3 15.0 0.0 0 1 6 5 5
-5685.0 3311.2 -542.0 335 0 12.1 30.3 10.0 2.5 2 1 4 5 5
-5644.8 3301.6 -536.7 335 0 12.1 30.3 12.5 0.0 0 1 5 5 5
-5756.4 3309.5 -545.8 160 0 12.1 30.3 12.5 2.5 2 1 5 1 1
-5760.7 3205.5 -537.5 28 0 30.4 12.0 12.5 2.5 2 0 5 5 5
-5792.6 3248.1 -543.8 218 0 30.4 12.1 12.5 2.5 2 0 5 0 0
-5779.5 3165.4 -534.6 28 0 30.4 12.0 12.5 2.5 2 0 5 5 5
-5811.8 3207.5 -541.6 200 0 30.4 12.0 10.0 2.5 2 0 4 5 5
-5821.7 3143.4 -540.2 98 0 12.4 33.8 12.5 2.5 2 1 5 0 0
-5749.1 3741.2 -543.1 91 0 13.5 9.7 7.5 0.0 0 0 3 2 2
4867.2 -1065.8 496.9 3 0 7.4 9.2 7.5 2.5 4 1 3 3 3
-2591.1 5344.4 371.1 167 0 9.1 11.6 5.0 2.5 2 1 2 0 0
-220.7 4216.8 362.0 359 0 9.1 12.5 2.5 2.5 2 1 1 4 4
-6652.8 4193.0 -660.8 96 0 20.5 11.5 10.5 3.5 4 0 3 2 2
2670.7 1343.4 550.6 268 0 17.3 15.4 12.5 2.5 2 0 5 5 5
-6411.4 10103.0 132.7 358 0 12.0 14.2 5.0 2.5 2 1 2 1 1
-6433.8 10138.6 131.8 267 0 7.2 10.6 5.0 2.5 2 1 2 0 0
6405.1 10420.8 514.0 183 0 6.3 12.6 5.0 0.0 0 1 2 2 2
4890.9 8070.0 345.3 84 0 6.8 11.1 7.5 2.5 2 1 3 2 2
4957.2 8066.8 346.3 89 0 6.6 5.7 7.5 2.5 2 0 3 5 5
4978.9 8156.1 314.3 23 0 9.0 8.3 7.5 2.5 2 0 3 3 3
4952.3 8165.0 312.3 105 0 5.6 8.0 7.5 2.5 2 1 3 1 1
5149.0 8210.0 304.2 75 0 8.8 9.1 7.5 2.5 2 1 3 1 1
5121.3 8256.7 292.5 113 0 7.0 9.7 7.5 2.5 2 1 3 1 1
5116.9 8262.0 291.8 107 0 4.9 7.3 7.5 2.5 2 1 3 4 4
5085.3 8275.0 289.7 64 0 7.4 8.3 5.0 2.5 4 1 2 2 2
5084.4 8312.6 287.6 263 0 6.6 10.8 5.0 2.5 2 1 2 4 4
5041.0 8309.1 288.1 157 0 7.5 11.6 5.0 2.5 2 1 2 4 4
5020.9 8323.1 287.7 157 0 6.7 9.1 5.0 2.5 2 1 2 2 2
5360.7 8014.4 351.6 61 0 5.3 7.7 7.5 2.5 2 1 3 1 1
5332.2 8246.7 312.0 285 0 6.7 10.1 7.5 2.5 4 1 3 2 2
5279.9 8235.5 312.1 85 0 7.1 8.6 7.5 2.5 2 1 3 3 3
5170.3 8357.5 273.2 292 0 5.8 9.4 7.5 2.5 2 1 3 2 2
5156.2 8353.6 275.8 195 0 5.4 8.2 7.5 2.5 2 1 3 5 5
5205.3 8439.0 243.1 299 0 4.0 8.3 7.5 2.5 2 1 3 2 2
5254.0 8667.7 132.6 111 0 8.2 8.8 7.5 2.5 2 1 3 0 0
5073.7 8324.9 286.9 336 0 5.6 7.5 5.0 2.5 2 1 2 3 3
5026.5 8357.8 285.3 177 0 7.3 6.7 5.0 2.5 2 0 2 0 0
5047.3 8743.5 138.2 62 0 8.2 6.8 5.0 0.0 0 0 2 1 1
4959.1 8653.7 200.7 110 0 6.3 9.8 7.5 2.5 2 1 3 1 1
4917.5 8671.0 196.1 108 0 7.2 10.6 5.0 2.5 2 1 2 5 5
4981.4 8698.2 175.1 207 0 8.7 5.8 5.0 2.5 2 0 2 5 5
4994.7 8693.6 177.7 298 0 5.2 7.4 7.5 2.5 2 1 3 5 5
5003.6 8632.7 209.3 114 0 6.1 3.5 7.5 2.5 2 0 3 3 3
4841.9 8257.6 279.3 53 0 10.8 11.7 7.5 2.5 4 1 3 4 4
5136.7 8010.6 359.3 87 0 8.0 11.5 7.5 2.5 2 1 3 2 2
5410.1 8103.2 321.4 38 0 7.5 7.3 7.5 2.5 2 0 3 0 0
5410.0 8121.1 320.8 319 0 6.3 6.9 7.5 2.5 2 1 3 3 3
5418.6 8189.8 298.9 160 0 8.4 9.4 5.0 2.5 2 1 2 0 0
5458.0 8186.4 285.9 167 0 6.5 7.4 7.5 2.5 2 1 3 2 2
5471.1 8142.8 296.2 175 0 6.0 7.8 5.0 0.0 0 1 2 4 4
5499.2 8109.4 290.8 344 0 7.7 10.9 7.5 2.5 2 1 3 0 0
5471.6 8158.7 295.6 172 0 5.1 5.8 7.5 2.5 2 1 3 3 3
5460.1 8197.7 284.9 348 0 3.7 3.8 5.0 2.5 4 1 2 2 2
5462.5 8229.9 274.2 342 0 6.3 7.9 7.5 2.5 2 1 3 5 5
5457.1 8245.3 271.8 337 0 6.6 8.7 7.5 2.5 2 1 3 5 5
5429.7 8248.5 277.5 149 0 7.3 8.7 7.5 2.5 2 1 3 5 5
5411.7 8286.6 277.0 141 0 6.8 5.6 5.0 2.5 2 0 2 2 2
5414.9 8321.1 274.1 312 0 5.2 3.3 7.5 2.5 2 0 3 4 4
4925.4 8510.6 263.8 247 0 9.8 9.8 7.5 2.5 2 0 3 3 3
4966.7 8450.0 277.6 115 0 12.1 8.5 7.5 2.5 2 0 3 5 5
5449.9 7993.4 343.6 224 0 3.5 5.2 5.0 2.5 2 1 2 2 2
5447.3 7978.6 347.0 136 0 9.2 9.0 2.5 2.5 2 0 1 0 0
5450.7 7765.3 420.4 88 0 6.5 7.9 7.5 2.5 4 1 3 5 5
5300.2 7737.4 432.7 109 0 6.8 8.9 5.0 2.5 2 1 2 1 1
5219.5 7670.7 451.8 90 0 4.7 10.2 5.0 2.5 2 1 2 3 3
5211.0 7744.0 433.7 94 0 7.2 13.6 5.0 2.5 2 1 2 0 0
4438.7 7750.6 315.8 241 0 6.4 3.2 5.0 2.5 2 0 2 4 4
4615.8 7768.5 322.5 202 0 3.5 8.5 2.5 2.5 2 1 1 4 4
4638.0 7758.9 326.3 294 0 9.4 5.0 5.0 2.5 2 0 2 2 2
-6935.4 4290.1 -691.6 221 0 10.1 14.4 10.5 3.5 2 1 3 4 4
6881.0 4230.7 571.5 206 0 11.0 9.7 2.5 2.5 2 0 1 1 1
6760.1 4326.2 590.8 265 0 6.1 10.4 7.5 2.5 4 1 3 5 5
6720.4 4232.2 572.1 204 0 7.3 10.6 7.5 2.5 2 1 3 0 0
6717.4 4221.3 570.8 203 0 6.3 14.0 7.5 2.5 2 1 3 5 5
6718.0 4138.4 551.8 228 0 4.4 11.3 5.0 2.5 2 1 2 3 3
6639.4 4220.4 581.7 61 0 6.2 11.2 5.0 2.5 2 1 2 5 5
6672.0 4317.8 588.6 58 0 4.7 8.3 5.0 2.5 2 1 2 2 2
6662.1 4330.8 588.6 84 0 8.3 6.9 5.0 2.5 2 0 2 5 5
6354.4 4188.2 598.6 62 0 5.4 8.3 5.0 2.5 4 1 2 3 3
6391.1 4339.9 576.4 119 0 4.9 5.4 7.5 2.5 2 1 3 0 0
6369.5 3948.1 575.5 4 0 6.0 10.2 7.5 2.5 2 1 3 1 1
6331.4 3904.7 588.6 182 0 5.8 9.6 7.5 2.5 2 1 3 0 0
6375.5 3849.3 588.4 3 0 7.8 11.6 5.0 2.5 2 1 2 0 0
6319.7 3815.4 590.0 192 0 7.3 8.4 5.0 2.5 2 1 2 2 2
6267.9 3857.7 591.9 291 0 7.6 8.9 5.0 2.5 2 1 2 3 3
6238.9 4017.6 593.2 81 0 9.2 7.6 5.0 2.5 2 0 2 0 0
6176.7 3897.3 590.7 115 0 7.9 15.5 5.0 2.5 2 1 2 0 0
6144.7 3919.6 590.4 147 0 5.8 7.3 5.0 2.5 2 1 2 1 1
6069.8 3856.1 584.7 104 0 10.5 9.6 5.0 2.5 2 0 2 4 4
5937.9 3929.2 578.1 168 0 5.3 11.3 5.0 2.5 2 1 2 1 1
6328.3 4302.8 585.5 23 0 7.4 6.6 7.5 2.5 2 0 3 3 3
6258.9 4142.2 594.6 200 0 7.1 12.4 5.0 2.5 2 1 2 3 3
6900.2 4906.9 561.7 353 0 6.4 10.0 5.0 2.5 2 1 2 2 2
-256.4 1678.9 450.4 139 0 9.6 9.2 7.5 2.5 2 0 3 5 5
-5339.1 353.1 -272.7 347 0 13.6 13.2 5.0 2.5 2 0 2 5 5
-5570.4 116.9 -206.3 323 0 13.2 11.1 10.0 2.5 2 0 4 5 5
-5676.4 299.0 -265.3 314 0 27.6 10.6 10.0 2.5 2 0 4 4 4
-5540.6 227.4 -230.6 282 0 8.8 8.7 5.0 2.5 2 0 2 3 3
-5529.6 223.5 -229.9 285 0 9.5 11.6 7.5 2.5 2 1 3 4 4
-5510.8 221.7 -230.6 294 0 11.1 13.4 5.0 2.5 2 1 2 5 5
-5505.2 205.7 -228.0 122 0 5.4 8.6 7.5 0.0 0 1 3 5 5
-5498.7 196.6 -225.2 127 0 5.6 8.5 7.5 2.5 2 1 3 1 1
-5491.5 188.6 -222.7 123 0 6.2 8.0 2.5 2.5 2 1 1 3 3
-5466.4 220.7 -237.8 126 0 8.7 14.7 7.5 2.5 2 1 3 5 5
-5450.8 235.2 -242.0 124 0 9.2 8.4 7.5 2.5 2 0 3 0 0
-5328.0 352.4 -278.1 96 0 5.1 6.6 7.5 2.5 2 1 3 3 3
-5327.6 322.9 -277.4 178 0 6.3 12.4 2.5 2.5 4 1 1 4 4
-5213.7 19.5 -271.9 317 0 8.8 9.1 5.0 2.5 2 1 2 3 3
-5184.3 7.5 -277.6 309 0 14.7 9.3 7.5 2.5 2 0 3 2 2
-5211.7 279.2 -320.2 169 0 8.9 8.7 5.0 2.5 2 0 2 0 0
-5196.8 241.0 -322.5 170 0 8.5 9.0 5.0 2.5 2 1 2 5 5
-5177.7 153.4 -319.9 246 0 10.6 9.8 7.5 2.5 2 0 3 2 2
-5172.8 133.9 -316.7 241 0 7.5 9.0 7.5 2.5 4 1 3 1 1
-5194.9 212.0 -321.1 169 0 8.7 11.6 2.5 2.5 2 1 1 3 3
-5342.3 528.6 -314.3 302 0 9.0 11.3 7.5 2.5 2 1 3 3 3
-5366.0 535.5 -311.3 237 0 5.6 8.3 7.5 2.5 2 1 3 1 1
-5379.1 517.7 -305.8 213 0 13.4 9.9 7.5 2.5 2 0 3 2 2
-5351.8 560.2 -322.9 132 0 8.7 8.9 5.0 2.5 2 1 2 0 0
-5336.8 603.2 -330.5 211 0 6.3 9.6 5.0 2.5 2 1 2 5 5
-5518.7 453.5 -309.0 273 0 10.8 11.1 2.5 2.5 2 1 1 2 2
-5491.8 466.4 -313.1 65 0 11.4 10.0 5.0 2.5 2 0 2 4 4
-5500.4 450.0 -305.6 267 0 11.5 10.0 5.0 2.5 2 0 2 5 5
-5388.4 508.9 -305.0 211 0 8.9 10.2 7.5 0.0 0 1 3 2 2
-5638.4 290.8 -255.6 92 0 7.4 12.7 7.5 2.5 2 1 3 0 0
-5702.2 474.1 -349.7 58 0 9.6 11.8 2.5 2.5 2 1 1 3 3
-5728.6 494.8 -361.7 56 0 9.7 10.8 5.0 2.5 2 1 2 2 2
6861.7 3068.2 332.7 134 0 5.6 4.5 5.0 2.5 2 0 2 1 1
6901.7 3062.0 314.5 202 0 8.0 6.9 5.0 2.5 2 0 2 0 0
6884.8 3010.0 308.1 230 0 4.2 5.3 5.0 2.5 2 1 2 3 3
6891.5 3021.7 306.2 201 0 5.8 9.6 7.5 2.5 2 1 3 0 0
6901.7 3099.2 322.3 189 0 10.1 10.2 5.0 2.5 2 1 2 5 5
6521.7 2215.5 230.1 2 0 10.3 14.7 5.0 2.5 2 1 2 1 1
6501.2 2230.7 231.5 276 0 10.9 7.6 7.5 2.5 2 0 3 5 5
6521.2 2257.8 212.9 130 0 19.9 6.6 2.5 0.0 0 0 1 5 5
6524.2 2331.1 203.0 245 0 7.0 6.8 7.5 2.5 2 0 3 4 4
6386.1 2233.2 238.0 106 0 9.0 9.1 2.5 2.5 2 1 1 0 0
6332.0 2259.0 237.4 19 0 4.3 12.3 5.0 2.5 2 1 2 0 0
6038.0 2664.2 198.7 295 0 6.4 6.7 2.5 2.5 2 1 1 2 2
6029.2 2671.2 199.0 294 0 5.6 8.4 2.5 2.5 4 1 1 1 1
6003.0 2684.9 199.9 291 0 5.9 8.6 5.0 2.5 2 1 2 1 1
5529.3 4012.1 532.7 352 0 7.2 8.4 7.5 2.5 2 1 3 4 4
5504.7 4010.8 531.0 158 0 3.3 6.8 7.5 2.5 2 1 3 1 1
-5608.0 281.0 -249.4 89 0 7.0 9.1 5.0 2.5 2 1 2 0 0
-190.8 1630.1 458.3 119 0 9.3 8.6 5.0 2.5 4 0 2 4 4
