-5367.8 3307.4 -501.8 107 0 26.4 13.9 7.5 2.5 2 0 3 0 0
3897.2 -9000.2 91.9 58 0 11.0 12.0 7.5 2.5 2 1 3 1 1
3886.7 -8972.8 91.7 322 0 16.7 11.1 2.5 2.5 2 0 1 4 4
3834.3 -8891.1 94.7 121 0 9.8 9.9 7.5 2.5 2 1 3 0 0
3839.3 -9014.1 100.3 71 0 12.2 17.8 5.0 2.5 2 1 2 0 0
3811.0 -9034.8 111.5 51 0 8.3 15.5 2.5 2.5 2 1 1 5 5
3821.2 -9068.8 116.6 329 0 19.9 10.0 5.0 2.5 2 0 2 3 3
3863.4 -8963.2 91.4 330 0 7.2 9.6 5.0 2.5 2 1 2 0 0
3821.0 -8980.8 97.6 150 0 13.2 15.0 12.5 2.5 2 1 5 4 4
3773.9 -9071.5 124.4 211 0 11.4 18.5 10.0 2.5 2 1 4 1 1
3857.5 -8933.4 91.2 310 0 10.1 6.1 7.5 2.5 2 0 3 1 1
3850.0 -8965.4 92.8 318 0 12.1 10.4 2.5 2.5 2 0 1 5 5
3842.3 -8956.7 92.6 319 0 11.0 10.2 7.5 2.5 4 0 3 3 3
3808.7 -8972.4 100.9 238 0 9.1 20.4 7.5 2.5 2 1 3 4 4
3817.2 -8945.2 93.1 207 0 11.4 9.7 5.0 2.5 2 0 2 1 1
3788.6 -8993.3 108.4 228 0 10.3 13.8 7.5 2.5 4 1 3 2 2
3674.2 -9250.6 160.7 142 0 11.8 11.9 7.5 2.5 4 0 3 4 4
3715.7 -9209.7 148.5 337 0 12.6 12.5 7.5 2.5 2 0 3 4 4
3695.5 -9186.7 146.2 243 0 9.9 8.3 7.5 0.0 0 0 3 3 3
3808.9 -9054.3 116.7 324 0 9.0 8.3 5.0 2.5 2 0 2 1 1
3773.7 -9002.6 112.1 217 0 13.2 15.9 2.5 2.5 2 1 1 4 4
3857.3 -8954.5 91.2 320 0 4.5 6.4 5.0 2.5 2 1 2 5 5
3793.2 -8963.0 99.2 191 0 11.4 17.3 10.0 2.5 2 1 4 5 5
3785.2 -9132.9 131.7 71 0 10.8 11.2 7.5 2.5 2 1 3 1 1
-6885.8 7614.6 431.1 168 0 6.8 5.4 7.5 2.5 2 0 3 5 5
-6849.4 7674.9 438.5 135 0 5.2 9.7 5.0 0.0 0 1 2 2 2
-6939.9 7803.4 490.2 181 0 7.9 11.2 5.0 2.5 2 1 2 3 3
