5900.6 8359.7 -59.7 271 0 14.8 11.1 2.5 2.5 2 0 1 1 1
4234.1 6456.0 140.4 96 0 12.1 9.8 7.5 2.5 2 0 3 2 2
-2915.2 6383.3 55.9 92 0 17.9 12.2 2.5 2.5 2 0 1 2 2
-4425.7 6043.8 -155.6 173 0 11.6 17.9 7.5 2.5 2 1 3 1 1
-1346.9 2129.0 -207.9 94 0 18.9 14.6 12.5 2.5 2 0 5 5 5
226.5 9378.5 -11.0 96 0 12.9 9.2 5.0 2.5 2 0 2 2 2
-1312.9 9693.5 -213.4 5 0 15.1 17.0 10.0 2.5 2 1 4 5 5
6028.8 5856.1 77.5 95 0 16.4 9.9 5.0 2.5 2 0 2 5 5
-3066.3 -1738.3 88.1 358 0 9.7 18.7 7.5 2.5 2 1 3 5 5
-1613.9 -3607.5 211.4 80 0 6.8 15.7 7.5 2.5 2 1 3 0 0
-1636.0 -3596.6 211.6 179 0 11.1 7.6 7.5 2.5 2 0 3 4 4
-1304.0 2200.0 -213.3 156 0 19.0 28.5 5.0 2.5 2 1 2 5 5
