-6301.4 5847.1 4.5 99 0 21.3 13.4 14.0 3.5 2 0 4 0 0
-2303.6 -10278.1 -57.3 94 0 22.8 18.6 10.0 2.5 2 0 4 1 1
-5366.4 6407.9 37.3 137 0 19.6 66.3 7.5 2.5 4 1 3 0 0
-5280.1 6482.9 37.2 315 0 31.5 38.6 10.0 0.0 0 1 4 3 3
-5256.8 6454.5 42.8 225 0 49.8 15.3 12.5 2.5 4 0 5 2 2
-5293.3 6416.2 43.2 225 0 26.9 14.7 12.5 2.5 4 0 5 3 3
-5377.6 6448.0 32.0 136 0 44.3 16.3 10.0 2.5 4 0 4 5 5
-5388.2 6327.2 37.5 215 0 29.4 15.7 12.5 2.5 4 0 5 2 2
-5358.7 6360.2 40.0 215 0 29.4 11.3 10.0 2.5 4 0 4 1 1
-6292.8 5524.2 8.9 313 0 15.9 37.0 17.5 3.5 2 1 5 2 2
-6314.5 5554.8 6.7 313 0 37.1 17.5 17.5 0.0 0 0 5 2 2
-6353.4 5541.5 6.1 223 0 17.5 37.1 17.5 3.5 2 1 5 1 1
