814.2 9586.1 -412.1 91 0 13.0 9.0 7.5 2.5 2 0 3 4 4
-282.9 9483.7 -541.7 269 0 11.0 9.7 2.5 2.5 2 0 1 5 5
5154.2 2353.2 385.3 65 0 6.8 9.4 7.5 2.5 2 1 3 1 1
5139.9 2349.9 386.6 66 0 9.2 8.7 7.5 2.5 2 0 3 2 2
5123.3 2349.1 389.1 73 0 8.2 11.1 5.0 2.5 2 1 2 4 4
5106.8 2361.4 390.5 265 0 8.6 10.7 5.0 2.5 2 1 2 3 3
5093.3 2363.2 391.6 263 0 8.4 10.4 5.0 2.5 2 1 2 4 4
8.5 9101.2 -436.3 260 0 27.0 18.0 10.0 2.5 2 0 4 1 1
435.9 9086.6 -401.4 185 0 14.0 17.1 7.5 2.5 2 1 3 0 0
1109.1 9567.9 -437.9 57 0 91.2 35.5 15.0 0.0 0 0 6 3 3
4506.9 5997.9 494.6 80 0 7.1 10.7 2.5 2.5 2 1 1 0 0
4640.1 6340.1 466.5 85 0 3.7 4.1 7.5 2.5 4 1 3 2 2
4584.5 6350.5 453.0 254 0 6.9 10.5 7.5 2.5 2 1 3 5 5
4490.5 6353.3 442.0 348 0 10.0 13.3 5.0 2.5 2 1 2 0 0
4519.4 6311.4 449.8 56 0 6.0 10.3 7.5 2.5 4 1 3 4 4
4473.6 6088.8 498.4 330 0 5.8 11.3 2.5 2.5 2 1 1 5 5
4505.9 6055.8 500.4 317 0 6.5 10.1 7.5 2.5 4 1 3 1 1
2637.0 6061.4 322.3 132 0 8.0 10.6 7.5 2.5 2 1 3 0 0
2760.2 6034.1 339.6 72 0 9.1 6.1 7.5 2.5 2 0 3 1 1
3029.5 5887.6 266.5 73 0 8.1 16.8 7.5 0.0 0 1 3 5 5
3240.2 5921.7 291.2 148 0 5.5 10.9 5.0 2.5 2 1 2 3 3
3376.3 5963.7 305.3 93 0 8.2 10.2 2.5 2.5 2 1 1 3 3
3401.2 5954.8 303.8 89 0 7.1 10.9 5.0 2.5 2 1 2 4 4
3424.2 5956.6 302.8 294 0 7.3 9.2 7.5 2.5 2 1 3 4 4
3450.4 5953.8 304.0 292 0 6.6 8.8 7.5 2.5 2 1 3 4 4
3830.0 6404.2 386.8 238 0 6.1 9.4 7.5 2.5 2 1 3 1 1
4244.4 7408.4 535.5 338 0 3.6 5.0 5.0 0.0 0 1 2 2 2
4224.9 7401.5 536.0 60 0 5.6 5.6 5.0 2.5 2 1 2 2 2
4195.1 7415.8 535.5 269 0 9.7 6.2 7.5 2.5 2 0 3 2 2
4179.4 7428.8 533.6 308 0 6.7 4.7 5.0 2.5 2 0 2 3 3
4432.9 6137.5 492.6 328 0 6.3 9.9 2.5 2.5 2 1 1 3 3
4430.3 6368.7 439.6 259 0 9.1 11.3 5.0 2.5 2 1 2 2 2
4406.8 6321.3 450.2 32 0 9.0 6.3 7.5 2.5 2 0 3 5 5
4368.1 6337.0 452.5 278 0 7.0 8.9 2.5 2.5 2 1 1 4 4
4348.8 6403.3 430.1 360 0 9.3 8.5 5.0 2.5 2 0 2 0 0
4330.9 6407.9 429.8 271 0 5.6 7.2 7.5 2.5 2 1 3 5 5
4287.3 6375.8 438.2 91 0 9.5 5.1 7.5 0.0 0 0 3 5 5
4380.7 6551.2 439.5 64 0 5.8 8.2 7.5 2.5 2 1 3 2 2
4248.8 6446.3 413.4 178 0 4.8 9.2 5.0 2.5 2 1 2 0 0
4257.5 6515.2 416.2 305 0 4.7 7.5 7.5 2.5 2 1 3 2 2
4322.4 6557.3 431.4 238 0 8.3 9.4 7.5 2.5 4 1 3 0 0
4281.1 6620.1 437.7 55 0 8.3 12.4 7.5 2.5 2 1 3 4 4
4275.9 6651.9 438.4 326 0 9.6 8.0 5.0 2.5 2 0 2 5 5
4199.6 6630.2 431.8 233 0 5.5 8.3 5.0 2.5 2 1 2 3 3
-6927.2 4234.0 378.3 170 0 9.4 4.3 5.0 2.5 2 0 2 2 2
-2216.9 10451.3 -647.2 113 0 20.8 10.6 5.0 0.0 0 0 2 2 2
-2088.0 10333.9 -644.7 336 0 15.4 23.6 7.5 2.5 2 1 3 5 5
-2267.9 10411.3 -628.5 42 0 10.0 9.8 7.5 2.5 2 0 3 5 5
-2577.0 10221.4 -520.6 350 0 6.7 9.3 7.5 2.5 2 1 3 4 4
-6897.7 2618.1 64.8 276 0 6.6 9.9 5.0 0.0 0 1 2 1 1
-6826.3 8036.1 101.9 61 0 15.5 18.8 12.5 2.5 2 1 5 2 2
-5652.0 3577.4 327.9 339 0 8.7 9.6 5.0 2.5 4 1 2 0 0
-5629.2 3706.3 325.7 34 0 8.3 9.2 7.5 2.5 2 1 3 4 4
-5632.2 3405.6 298.2 255 0 5.7 10.5 7.5 2.5 2 1 3 5 5
-5798.2 3484.9 307.5 30 0 5.9 10.5 5.0 2.5 2 1 2 1 1
-5774.3 3580.9 311.0 25 0 10.1 8.8 7.5 2.5 2 0 3 2 2
-5761.4 3628.0 314.2 359 0 5.2 7.9 7.5 2.5 2 1 3 2 2
-5763.6 3611.1 312.4 8 0 7.1 6.7 7.5 2.5 4 0 3 5 5
-5643.4 3610.4 331.9 23 0 4.3 6.1 5.0 2.5 2 1 2 5 5
-5803.7 3388.0 296.0 178 0 5.5 7.6 5.0 2.5 2 1 2 5 5
-5792.6 3300.6 269.1 224 0 6.0 10.6 7.5 2.5 4 1 3 3 3
-2598.9 8777.0 75.2 122 0 8.7 8.1 7.5 2.5 2 0 3 1 1
-2655.7 8315.7 92.8 305 0 6.7 9.3 5.0 2.5 2 1 2 4 4
-2536.1 8367.9 39.2 134 0 7.3 10.5 7.5 2.5 4 1 3 5 5
-2516.9 8186.5 78.1 333 0 6.7 8.7 5.0 2.5 2 1 2 0 0
-2529.4 8154.1 74.7 221 0 6.6 9.1 7.5 2.5 2 1 3 2 2
-2574.3 8139.4 83.3 211 0 9.4 6.5 5.0 2.5 4 0 2 4 4
-2551.7 8220.0 81.2 302 0 8.5 10.0 7.5 2.5 2 1 3 3 3
-2665.5 8114.5 101.8 317 0 10.7 5.9 7.5 2.5 2 0 3 5 5
-2701.8 8239.3 117.0 181 0 6.7 11.1 7.5 2.5 2 1 3 2 2
-2808.5 8146.2 158.8 111 0 10.8 6.2 7.5 2.5 2 0 3 1 1
-2799.1 8508.7 152.8 22 0 7.4 10.3 7.5 2.5 2 1 3 5 5
-2892.8 8400.4 169.3 218 0 5.3 8.5 7.5 2.5 2 1 3 5 5
-2718.1 8560.4 128.3 204 0 5.0 8.5 7.5 2.5 4 1 3 5 5
-2530.8 8654.9 97.2 282 0 7.8 9.3 7.5 2.5 2 1 3 5 5
-2563.6 8632.4 105.0 324 0 6.6 10.3 7.5 2.5 2 1 3 4 4
-2574.2 8760.7 70.1 125 0 7.6 9.6 7.5 2.5 2 1 3 0 0
-2644.1 8817.7 78.6 139 0 7.6 10.7 7.5 2.5 2 1 3 5 5
-2656.7 8840.0 76.0 148 0 7.0 10.9 7.5 2.5 4 1 3 5 5
-2676.1 8873.5 70.6 147 0 10.0 10.9 7.5 2.5 2 1 3 3 3
-2705.1 8810.1 86.8 142 0 7.5 11.6 7.5 2.5 2 1 3 4 4
-2671.0 8778.5 93.8 298 0 7.5 10.5 7.5 2.5 2 1 3 2 2
-2652.5 8706.2 108.3 276 0 8.3 10.3 7.5 2.5 2 1 3 0 0
-2744.9 8780.8 98.1 0 0 9.7 7.0 7.5 2.5 2 0 3 2 2
-2769.0 8852.7 83.9 76 0 7.7 9.0 5.0 2.5 2 1 2 2 2
-2807.9 8849.8 88.5 81 0 5.6 10.4 7.5 2.5 2 1 3 1 1
-2858.3 8867.9 90.1 132 0 6.3 9.1 5.0 0.0 0 1 2 1 1
-2899.7 8841.0 98.4 68 0 6.5 10.5 7.5 2.5 2 1 3 2 2
-2900.8 8817.1 106.2 197 0 10.2 6.2 5.0 2.5 2 0 2 3 3
-2896.5 8795.0 110.4 214 0 14.2 10.3 5.0 2.5 2 0 2 1 1
-2920.8 8772.9 118.9 285 0 11.2 5.5 7.5 2.5 2 0 3 1 1
-2947.0 8799.7 113.1 267 0 6.1 11.0 7.5 2.5 2 1 3 1 1
-2953.3 8813.1 106.5 63 0 6.6 8.4 7.5 2.5 4 1 3 1 1
-2990.2 8798.9 109.9 84 0 6.6 9.9 7.5 2.5 2 1 3 0 0
-2797.6 8671.2 125.1 143 0 7.3 10.9 7.5 2.5 2 1 3 2 2
-2819.9 8362.1 139.5 118 0 8.9 6.2 5.0 2.5 2 0 2 0 0
-2413.5 8848.7 10.2 297 0 6.5 4.4 5.0 2.5 2 0 2 4 4
-2107.4 8323.1 -35.4 146 0 6.3 11.6 7.5 2.5 2 1 3 4 4
-1944.0 8186.6 -1.9 259 0 5.9 10.0 5.0 2.5 2 1 2 5 5
-1998.6 8166.0 3.1 252 0 6.2 9.4 7.5 2.5 2 1 3 4 4
-2056.0 8185.1 6.2 92 0 4.3 6.6 5.0 2.5 4 1 2 0 0
-2079.8 8170.1 10.6 118 0 5.9 8.4 7.5 2.5 2 1 3 5 5
-2405.3 8155.6 48.0 255 0 6.4 7.5 7.5 2.5 2 1 3 2 2
-2439.1 8480.2 32.6 223 0 6.3 10.5 7.5 2.5 2 1 3 4 4
-2305.9 8218.6 31.0 154 0 8.5 6.3 5.0 2.5 2 0 2 1 1
-2242.2 8327.6 -19.1 304 0 5.8 10.2 7.5 2.5 2 1 3 4 4
-2271.2 8554.8 -9.0 30 0 7.0 11.7 7.5 2.5 2 1 3 3 3
-2318.7 8661.7 38.3 194 0 6.3 11.1 7.5 2.5 2 1 3 1 1
-2141.1 8614.9 -35.0 217 0 5.9 11.9 7.5 2.5 2 1 3 1 1
-2243.2 8771.4 23.1 313 0 10.7 6.4 5.0 2.5 2 0 2 1 1
-2635.2 9040.5 15.9 169 0 7.2 9.0 7.5 2.5 4 1 3 5 5
-2478.8 9560.8 -250.6 251 0 6.8 11.9 7.5 2.5 2 1 3 4 4
-2607.8 9742.1 -294.1 119 0 9.5 9.5 7.5 2.5 2 1 3 1 1
-2398.7 9687.5 -328.2 339 0 10.0 8.1 7.5 2.5 2 0 3 5 5
-2400.6 9700.5 -329.9 322 0 8.6 6.6 7.5 2.5 2 0 3 3 3
-2428.5 9791.5 -368.5 270 0 4.5 7.9 5.0 2.5 2 1 2 0 0
-2459.8 9834.8 -377.2 334 0 8.1 10.8 5.0 2.5 2 1 2 3 3
-2449.7 9780.4 -362.1 106 0 9.9 10.6 5.0 2.5 2 1 2 2 2
-2354.1 9779.6 -386.6 175 0 7.4 6.2 5.0 0.0 0 0 2 5 5
-2369.2 9793.2 -390.5 184 0 7.0 7.9 7.5 2.5 2 1 3 5 5
-2286.0 9672.3 -357.6 144 0 8.8 5.2 7.5 2.5 2 0 3 1 1
-2313.9 9649.4 -345.1 145 0 5.6 4.0 5.0 2.5 2 0 2 3 3
-2314.8 9692.2 -352.8 217 0 3.7 3.9 5.0 2.5 2 1 2 4 4
-2425.3 9937.6 -437.3 136 0 6.7 10.0 5.0 2.5 2 1 2 2 2
-2431.1 9944.7 -435.1 120 0 6.3 4.3 7.5 2.5 2 0 3 5 5
-2255.6 9874.9 -467.6 148 0 6.7 6.8 7.5 2.5 2 1 3 3 3
-2256.7 9884.0 -472.9 147 0 7.2 8.7 5.0 2.5 2 1 2 1 1
-2602.8 10117.7 -464.4 213 0 12.2 9.7 7.5 2.5 2 0 3 4 4
-2614.6 10118.3 -463.8 202 0 7.0 7.4 5.0 2.5 2 1 2 1 1
-2589.1 9913.1 -374.3 247 0 13.4 7.6 5.0 2.5 2 0 2 2 2
-2604.7 9906.6 -369.2 247 0 6.8 11.0 5.0 2.5 2 1 2 3 3
-2548.6 9998.3 -429.9 128 0 9.7 12.4 5.0 2.5 2 1 2 1 1
-2567.5 9968.4 -407.3 95 0 6.6 4.5 7.5 2.5 2 0 3 2 2
-2645.6 10016.3 -427.6 108 0 7.0 10.5 7.5 0.0 0 1 3 5 5
-2676.3 10001.8 -420.3 96 0 8.2 8.0 7.5 2.5 2 0 3 4 4
-2689.0 9971.4 -407.2 316 0 7.8 7.9 7.5 0.0 0 1 3 3 3
-2698.8 9960.7 -403.6 222 0 6.5 11.2 7.5 2.5 2 1 3 3 3
-2716.1 9881.1 -378.0 255 0 7.2 9.0 7.5 2.5 2 1 3 2 2
-2559.4 9960.1 -406.7 125 0 4.5 8.4 7.5 2.5 2 1 3 3 3
-2775.8 9882.7 -384.4 215 0 7.3 9.0 7.5 2.5 2 1 3 4 4
-2980.6 9852.0 -316.5 349 0 10.7 8.4 7.5 2.5 2 0 3 4 4
-3076.7 9754.9 -237.4 120 0 8.0 12.5 7.5 2.5 2 1 3 3 3
-3101.0 9845.8 -264.2 192 0 8.8 9.7 5.0 2.5 2 1 2 1 1
-3135.2 10099.6 -314.5 171 0 6.4 11.8 7.5 0.0 0 1 3 1 1
-3193.0 10202.2 -326.2 147 0 10.9 8.1 7.5 2.5 2 0 3 4 4
-2894.9 10304.2 -415.8 71 0 12.0 8.5 7.5 2.5 2 0 3 1 1
-2910.4 10315.9 -409.7 166 0 8.2 12.6 7.5 2.5 2 1 3 2 2
-2901.0 10342.6 -412.5 332 0 14.1 8.0 5.0 2.5 2 0 2 0 0
-2833.3 10362.4 -452.2 144 0 11.1 10.4 7.5 2.5 2 0 3 5 5
-2875.6 10414.6 -440.2 150 0 6.4 9.7 5.0 2.5 2 1 2 3 3
-2888.1 10490.8 -445.8 177 0 9.3 12.3 7.5 2.5 2 1 3 2 2
-2985.7 10497.4 -404.9 263 0 8.7 9.2 7.5 2.5 2 1 3 4 4
-2971.8 10510.0 -412.1 322 0 6.8 12.2 5.0 2.5 4 1 2 0 0
-2625.7 10321.3 -552.5 101 0 13.2 7.9 7.5 2.5 2 0 3 5 5
-2629.0 10346.9 -557.5 330 0 9.9 10.2 5.0 2.5 4 1 2 4 4
-2568.9 10294.3 -551.4 83 0 12.0 11.5 5.0 2.5 2 0 2 0 0
-2692.8 10243.2 -524.1 46 0 12.3 11.7 7.5 2.5 2 0 3 2 2
-2612.9 10273.8 -539.7 87 0 12.3 12.7 7.5 2.5 2 1 3 0 0
-2527.0 10265.7 -549.7 154 0 9.5 10.6 7.5 2.5 2 1 3 1 1
-2525.8 10311.5 -560.0 238 0 13.6 11.2 7.5 2.5 4 0 3 2 2
-2489.6 10302.6 -568.0 238 0 11.5 10.7 5.0 2.5 2 0 2 3 3
-2506.8 10341.4 -575.6 77 0 14.0 11.9 7.5 2.5 2 0 3 4 4
-2514.2 10387.5 -584.7 202 0 12.6 11.3 7.5 2.5 2 0 3 1 1
-2434.6 10400.4 -599.8 167 0 13.3 10.1 7.5 2.5 2 0 3 3 3
-2421.5 10321.3 -590.3 329 0 11.3 9.7 5.0 2.5 2 0 2 0 0
-2409.1 10306.3 -591.3 328 0 6.9 10.9 7.5 2.5 2 1 3 1 1
-2479.4 10293.8 -568.6 244 0 9.4 7.0 5.0 2.5 2 0 2 3 3
-2503.2 10463.0 -592.2 92 0 12.3 13.2 7.5 2.5 2 1 3 2 2
-2489.1 10489.7 -591.8 17 0 11.4 11.5 7.5 0.0 0 1 3 0 0
-2471.3 10481.1 -595.0 12 0 9.2 7.4 7.5 2.5 2 0 3 3 3
-2468.2 10500.1 -599.2 69 0 13.8 9.9 7.5 2.5 2 0 3 0 0
-2612.8 10382.3 -569.8 321 0 11.0 10.0 5.0 0.0 0 0 2 3 3
-2589.3 10356.6 -565.2 325 0 6.0 8.8 7.5 2.5 2 1 3 4 4
-2599.8 10346.4 -561.5 255 0 11.4 10.3 7.5 2.5 2 0 3 2 2
-2591.1 10388.7 -577.0 124 0 6.6 9.9 7.5 2.5 2 1 3 1 1
-2595.2 10401.3 -582.6 126 1 10.2 17.5 10.0 2.5 2 1 4 3 3
-2603.5 10422.1 -583.7 150 0 7.3 10.8 7.5 2.5 2 1 3 0 0
-2622.6 10434.9 -578.0 144 0 11.8 10.7 7.5 2.5 2 0 3 2 2
-2564.8 10363.1 -571.5 232 0 12.0 10.2 5.0 2.5 2 0 2 1 1
-2538.4 10370.7 -578.1 41 0 10.4 11.2 7.5 2.5 2 1 3 0 0
-2527.7 10380.6 -582.4 43 0 12.4 11.3 5.0 0.0 0 0 2 2 2
-2507.7 10422.9 -593.7 14 0 11.2 12.2 7.5 2.5 2 1 3 0 0
-2755.2 10392.5 -492.1 334 0 8.1 5.7 7.5 2.5 2 0 3 5 5
-2752.1 10367.2 -489.4 72 0 6.5 10.7 5.0 2.5 2 1 2 5 5
-2452.3 10426.3 -600.5 176 0 15.1 10.8 5.0 2.5 2 0 2 2 2
-2778.0 10123.3 -488.4 305 0 14.4 8.6 7.5 2.5 2 0 3 1 1
-2784.1 10082.1 -472.2 173 0 10.2 7.7 7.5 2.5 2 0 3 1 1
-2817.8 10105.2 -479.6 175 0 12.1 8.3 7.5 2.5 2 0 3 0 0
-2800.3 10082.8 -469.9 197 0 9.2 8.2 7.5 2.5 2 0 3 2 2
-2594.1 10283.3 -543.5 79 0 8.4 9.0 7.5 2.5 4 1 3 3 3
-2152.0 10537.4 -678.1 97 0 7.7 11.3 5.0 2.5 4 1 2 5 5
-2098.0 10481.7 -673.4 307 0 10.3 10.8 5.0 2.5 2 1 2 1 1
-2059.6 10348.4 -654.3 121 0 12.4 9.9 7.5 2.5 2 0 3 5 5
-2159.0 10363.9 -635.5 247 0 11.6 12.4 7.5 2.5 2 1 3 3 3
-2142.4 10184.1 -635.3 309 0 11.8 9.9 5.0 0.0 0 0 2 3 3
-2087.4 10168.1 -640.0 28 0 13.1 10.4 7.5 2.5 2 0 3 4 4
-2063.2 10154.4 -640.1 5 0 5.7 9.3 5.0 2.5 2 1 2 0 0
-2077.5 10162.6 -639.6 276 0 6.2 8.5 7.5 2.5 2 1 3 0 0
-1994.6 10091.6 -638.0 319 0 13.4 10.4 7.5 2.5 2 0 3 0 0
-2051.3 10023.3 -607.5 276 0 13.8 10.2 5.0 0.0 0 0 2 2 2
-1801.8 9919.4 -636.5 318 0 13.4 8.6 7.5 2.5 4 0 3 1 1
-2355.2 10354.7 -609.4 140 0 8.9 17.6 7.5 0.0 0 1 3 1 1
-2336.4 10342.2 -607.6 39 0 6.7 12.3 5.0 2.5 4 1 2 4 4
-2328.1 10254.5 -602.6 160 0 29.5 11.4 10.0 2.5 2 0 4 5 5
-2344.8 10273.1 -601.5 159 0 13.7 10.5 7.5 2.5 2 0 3 4 4
-2319.2 10215.7 -603.1 159 0 30.4 12.0 12.5 2.5 2 0 5 4 4
-1993.8 9932.7 -572.3 119 0 14.9 8.7 7.5 2.5 4 0 3 3 3
-2369.9 10402.7 -613.5 230 0 10.1 10.3 7.5 2.5 2 1 3 0 0
-2371.5 10405.5 -614.3 119 0 6.8 11.5 7.5 2.5 4 1 3 2 2
-2377.9 10461.2 -619.0 177 0 22.2 10.0 7.5 2.5 2 0 3 1 1
-2385.5 10568.8 -626.5 233 0 9.9 19.7 7.5 2.5 2 1 3 2 2
-2372.1 10535.5 -625.9 254 0 12.3 10.2 5.0 2.5 2 0 2 0 0
-1522.9 4682.4 654.8 203 0 7.0 10.9 5.0 2.5 2 1 2 0 0
-1546.1 4615.8 659.5 173 0 6.3 10.4 7.5 2.5 2 1 3 1 1
-1588.9 4707.9 667.1 2 0 4.8 11.4 7.5 2.5 2 1 3 3 3
-1557.6 4479.3 664.3 272 0 7.7 14.5 5.0 2.5 2 1 2 5 5
-1558.6 4457.4 665.0 274 0 7.4 13.6 5.0 2.5 2 1 2 4 4
-1379.1 4420.1 642.8 79 0 11.5 5.8 7.5 2.5 2 0 3 3 3
-1455.9 4464.5 651.5 183 0 5.9 10.1 7.5 2.5 2 1 3 0 0
-1230.0 4565.9 616.7 76 0 7.3 9.0 5.0 2.5 2 1 2 0 0
-1103.1 4502.1 633.2 127 0 5.8 9.8 7.5 2.5 2 1 3 3 3
-1472.2 5438.2 514.1 210 0 7.3 7.2 7.5 2.5 2 0 3 4 4
-1479.5 5497.3 508.5 231 0 8.7 5.7 5.0 2.5 2 0 2 4 4
-1522.2 5468.2 503.2 118 0 7.2 10.3 7.5 2.5 2 1 3 0 0
-1539.2 5483.6 497.5 12 0 3.4 4.6 5.0 2.5 2 1 2 5 5
-1530.6 5516.5 497.6 31 0 5.7 7.8 5.0 2.5 2 1 2 4 4
-1496.7 5552.0 499.8 254 0 7.4 8.7 5.0 2.5 4 1 2 4 4
-1439.9 5605.4 477.3 113 0 8.5 5.8 7.5 2.5 2 0 3 1 1
-1438.5 5600.3 478.2 178 0 4.6 8.3 7.5 2.5 2 1 3 5 5
-866.8 5181.0 368.0 211 0 4.8 4.3 7.5 2.5 4 0 3 1 1
-822.4 5104.9 379.8 235 0 5.0 5.4 5.0 2.5 4 1 2 2 2
-1622.6 5827.7 382.9 70 0 8.8 6.2 7.5 2.5 2 0 3 3 3
-1681.3 5890.2 370.3 87 0 8.2 6.5 7.5 2.5 2 0 3 0 0
-1723.4 5959.6 359.3 175 0 4.9 8.1 7.5 2.5 2 1 3 4 4
-1911.0 5812.1 298.2 86 0 7.8 5.8 5.0 2.5 2 0 2 2 2
-1982.6 5794.5 300.3 163 0 4.9 8.4 7.5 2.5 2 1 3 1 1
-2018.0 5759.4 317.3 212 0 5.9 9.1 7.5 2.5 2 1 3 4 4
-1825.8 6109.0 311.1 199 0 5.5 8.3 5.0 2.5 2 1 2 3 3
-2033.2 6218.8 257.4 10 0 7.8 5.9 7.5 2.5 4 0 3 1 1
-608.4 5573.1 338.5 150 0 6.7 10.7 7.5 2.5 2 1 3 5 5
-573.2 5574.3 332.6 71 0 11.0 5.9 5.0 2.5 2 0 2 5 5
-520.4 5625.8 320.3 358 0 5.2 10.1 5.0 2.5 2 1 2 0 0
-537.8 5647.1 324.4 266 0 7.7 5.1 5.0 2.5 2 0 2 4 4
-536.9 5612.5 323.9 51 0 7.1 5.7 7.5 2.5 2 0 3 2 2
-574.8 5610.0 333.0 236 0 10.0 5.5 5.0 2.5 4 0 2 0 0
-466.6 5635.5 302.8 201 0 4.8 9.7 5.0 2.5 2 1 2 4 4
-412.9 5636.0 285.8 36 0 4.6 9.1 7.5 2.5 4 1 3 4 4
-256.1 5691.3 226.9 101 0 9.2 6.7 7.5 2.5 2 0 3 4 4
-202.7 5935.1 146.1 85 0 8.3 7.4 7.5 2.5 4 0 3 4 4
-134.1 5754.3 199.7 55 0 4.1 7.3 7.5 2.5 2 1 3 4 4
-2636.5 10387.1 -558.1 347 0 9.6 9.8 7.5 2.5 2 1 3 0 0
-2560.4 10306.3 -555.4 80 0 6.6 8.7 7.5 2.5 2 1 3 3 3
-2572.4 10384.0 -576.3 223 0 9.2 14.6 7.5 2.5 2 1 3 3 3
-2577.0 10376.3 -572.9 226 0 5.7 6.4 7.5 2.5 2 1 3 0 0
-2702.6 10232.1 -520.6 51 0 5.7 10.2 7.5 2.5 2 1 3 5 5
-2679.3 10249.8 -524.6 50 0 9.3 6.3 7.5 0.0 0 0 3 3 3
-2820.3 10090.4 -471.9 171 0 6.9 7.3 5.0 2.5 2 1 2 2 2
-2830.1 10102.7 -475.2 223 0 9.2 6.2 7.5 2.5 2 0 3 2 2
-2788.3 10094.3 -477.1 148 0 5.5 7.9 5.0 2.5 2 1 2 5 5
-2770.4 10086.5 -472.2 148 0 7.0 5.3 7.5 2.5 2 0 3 0 0
-2592.3 10221.2 -518.6 170 0 8.2 3.1 5.0 2.5 2 0 2 2 2
-3373.8 9128.8 78.2 130 0 7.3 15.0 5.0 2.5 4 1 2 0 0
-3360.1 9157.0 69.4 296 0 5.2 10.4 7.5 2.5 2 1 3 2 2
-3355.3 9000.6 108.5 53 0 9.6 6.4 5.0 2.5 2 0 2 1 1
-3436.9 9067.6 132.8 39 0 9.5 6.9 7.5 2.5 2 0 3 5 5
-3498.2 9005.1 187.3 18 0 4.6 6.0 7.5 0.0 0 1 3 5 5
-2789.6 8848.0 86.4 80 0 11.6 11.2 7.5 2.5 2 0 3 5 5
-2637.1 8985.5 31.7 154 0 7.6 4.4 7.5 2.5 2 0 3 0 0
-3230.8 7367.7 -116.8 12 0 10.1 6.1 5.0 2.5 4 0 2 4 4
