-4707.1 -5675.3 -25.3 21 0 8.6 37.1 2.5 2.5 2 1 1 5 5
-4702.1 -5678.9 -25.2 199 0 13.8 6.5 5.0 2.5 2 0 2 4 4
-4826.8 -5872.4 -23.9 119 0 19.1 11.3 5.0 2.5 2 0 2 0 0
-4847.9 -5557.6 -25.9 276 0 10.5 17.4 7.5 0.0 0 1 3 2 2
-4780.5 -5871.5 -23.9 29 0 11.0 18.4 2.5 0.0 0 1 1 0 0
-4763.9 -5675.4 -25.1 198 0 31.4 14.9 10.0 2.5 2 0 4 3 3
-4597.1 -5710.9 -25.0 293 0 15.7 23.6 7.5 2.5 2 1 3 4 4
-5842.5 -5428.5 -25.0 21 0 22.3 31.7 7.5 0.0 0 1 3 1 1
-5870.2 -5388.8 -25.3 294 0 13.5 16.6 5.0 2.5 2 1 2 3 3
-4445.0 -5782.0 -24.7 125 0 32.3 14.4 7.5 2.5 2 0 3 2 2
-4609.6 -5784.4 -24.4 110 0 41.6 17.8 10.0 2.5 2 0 4 0 0
-4684.0 -5724.6 -24.6 203 0 16.3 14.4 5.0 0.0 0 0 2 2 2
-5761.7 -5417.5 -24.1 14 0 13.9 12.3 10.0 2.5 2 0 4 0 0
-4887.5 -6216.9 -14.6 175 0 7.0 8.6 2.5 2.5 2 1 1 4 4
-4938.6 -6196.3 -18.2 160 0 14.1 17.1 5.0 2.5 2 1 2 5 5
-4512.0 -5652.9 -26.1 58 0 30.5 14.0 15.0 0.0 0 0 6 1 1
-4548.9 -5678.2 -25.6 149 0 4.4 11.3 2.5 2.5 2 1 1 4 4
-4324.7 -5791.5 -23.7 91 0 5.1 11.2 5.0 0.0 0 1 2 4 4
-3689.5 -5959.0 -15.7 87 0 11.5 12.3 7.5 2.5 2 1 3 1 1
5802.5 -6229.8 -24.0 55 0 23.4 21.2 10.0 2.5 2 0 4 2 2
5710.5 -6183.5 -25.8 184 0 9.6 9.3 2.5 2.5 2 0 1 1 1
5731.4 -6174.0 -26.0 276 0 9.2 8.7 7.5 2.5 4 0 3 0 0
5676.8 -6211.5 -24.5 188 0 9.2 10.2 5.0 2.5 2 1 2 0 0
5697.7 -6211.8 -24.6 280 0 9.6 9.6 5.0 2.5 2 0 2 4 4
5644.5 -6223.3 -23.2 219 0 15.0 19.3 10.0 2.5 2 1 4 3 3
5723.4 -6192.5 -25.4 184 0 9.9 10.1 5.0 2.5 2 1 2 5 5
5703.5 -6203.0 -25.1 8 0 9.8 9.4 5.0 2.5 2 0 2 5 5
5463.1 -6043.9 -21.5 200 0 9.6 5.2 7.5 2.5 2 0 3 0 0
5446.8 -6067.1 -19.2 181 0 9.3 9.4 7.5 2.5 2 1 3 4 4
5441.2 -6046.6 -17.9 77 0 4.7 11.0 5.0 2.5 2 1 2 3 3
5442.6 -6067.7 -17.9 0 0 8.6 8.4 5.0 2.5 2 0 2 1 1
5529.6 -6072.4 -27.5 136 0 12.8 10.8 7.5 2.5 4 0 3 3 3
5505.5 -6251.5 -19.8 131 0 6.2 43.7 7.5 0.0 0 1 3 2 2
5494.1 -6181.1 -21.3 245 0 25.4 13.3 12.5 0.0 0 0 5 4 4
5464.4 -6080.7 -21.4 120 0 14.9 20.3 10.0 0.0 0 1 4 4 4
-5400.6 -5946.8 -17.7 27 0 28.0 16.2 7.5 0.0 0 0 3 4 4
-5325.3 -5960.1 -18.1 292 0 10.6 40.0 10.0 2.5 4 1 4 0 0
-4102.5 -5558.1 -26.7 53 0 18.1 20.0 15.0 0.0 0 1 6 5 5
-4309.1 -5552.8 -26.9 328 0 22.8 10.3 2.5 2.5 2 0 1 2 2
-4355.8 -5503.3 -27.5 2 0 9.3 5.2 7.5 2.5 2 0 3 3 3
2662.2 -5968.8 -21.1 21 0 12.1 18.1 2.5 0.0 0 1 1 1 1
2743.2 -5875.3 -20.6 17 0 13.7 25.0 10.0 2.5 2 1 4 5 5
2546.8 -6018.2 -20.5 193 0 10.4 30.7 7.5 2.5 2 1 3 3 3
2386.2 -6406.2 -13.9 37 0 121.1 17.1 12.5 0.0 0 0 5 2 2
2981.8 -5828.6 -25.7 69 0 17.6 17.7 10.0 2.5 2 1 4 3 3
2916.9 -5800.0 -24.9 69 0 12.1 17.6 7.5 0.0 0 1 3 2 2
2610.6 -6043.4 -19.7 102 0 21.3 9.2 5.0 2.5 2 0 2 0 0
1960.5 -6905.2 -7.6 330 0 23.0 27.5 17.5 0.0 0 1 7 2 2
4889.4 -6081.7 -20.6 173 0 16.1 14.9 7.5 2.5 2 0 3 2 2
4940.5 -6028.3 -18.4 350 0 29.7 12.5 12.5 2.5 4 0 5 2 2
4964.3 -5888.5 -19.2 311 0 17.5 17.6 15.0 0.0 0 1 6 2 2
4853.9 -5985.8 -25.2 359 0 8.1 7.8 5.0 2.5 2 0 2 3 3
4870.6 -6068.2 -23.4 174 0 8.3 33.7 7.5 2.5 4 1 3 4 4
4922.4 -6051.0 -17.7 83 0 8.4 8.8 5.0 2.5 2 1 2 0 0
2663.6 -5722.5 -23.4 28 0 12.5 14.8 10.0 2.5 2 0 4 1 1
501.6 -6368.4 19.6 295 0 8.5 13.9 7.5 2.5 2 1 3 5 5
518.9 -6412.1 18.4 267 0 14.2 11.1 7.5 2.5 4 0 3 3 3
573.5 -6221.8 9.6 160 0 11.5 9.2 5.0 2.5 2 0 2 5 5
690.1 -6523.5 9.3 104 0 40.0 10.9 10.0 2.5 2 0 4 3 3
-372.4 -4843.6 -21.0 92 0 50.4 11.5 12.5 2.5 2 0 5 3 3
-338.2 -4846.4 -20.2 92 0 14.9 10.6 5.0 2.5 2 0 2 2 2
-110.3 -4868.9 -19.2 91 0 107.9 14.7 10.0 2.5 2 0 4 1 1
17.0 -4872.9 -21.7 92 0 120.7 19.0 15.0 0.0 0 0 6 5 5
2961.4 -6122.3 -20.7 15 0 15.0 19.5 10.0 2.5 2 1 4 3 3
2899.9 -6028.2 -21.1 286 0 24.5 71.6 10.0 0.0 0 1 4 5 5
792.1 -6235.7 -1.0 7 0 8.9 6.4 5.0 2.5 2 0 2 3 3
632.4 -7015.0 17.2 270 0 14.2 13.8 7.5 2.5 2 0 3 1 1
812.7 -6179.6 -2.9 343 0 13.6 16.4 5.0 2.5 2 1 2 4 4
622.2 -7060.6 19.9 182 0 13.8 13.7 2.5 2.5 4 0 1 4 4
750.4 -6277.0 1.5 306 0 11.4 7.0 7.5 2.5 2 0 3 0 0
622.8 -7048.2 19.0 175 0 9.4 15.4 7.5 2.5 2 1 3 1 1
715.0 -6590.3 9.1 337 0 11.3 22.5 12.5 2.5 2 1 5 1 1
770.2 -6283.5 0.4 216 0 15.0 13.9 10.0 2.5 2 0 4 2 2
-1662.8 -4700.7 -20.1 175 0 23.2 16.5 5.0 2.5 2 0 2 3 3
-2197.5 -4762.8 -24.3 157 0 33.8 52.7 2.5 0.0 0 1 1 4 4
-2225.8 -4767.8 -25.3 341 0 25.6 12.6 7.5 2.5 2 0 3 2 2
-2269.9 -4746.3 -25.7 52 0 13.0 10.5 7.5 2.5 2 0 3 0 0
-2097.2 -4892.4 -22.2 70 0 27.1 20.7 2.5 2.5 2 0 1 4 4
-2215.1 -4906.4 -24.1 117 0 14.4 26.4 5.0 2.5 2 1 2 3 3
-3190.9 -5338.8 -24.3 272 0 17.6 26.8 12.5 2.5 2 1 5 0 0
-3340.7 -5334.0 -25.7 249 0 7.6 15.2 7.5 2.5 2 1 3 0 0
-3260.5 -5344.7 -24.8 194 0 9.0 16.3 5.0 2.5 2 1 2 3 3
-3160.5 -5410.9 -22.6 330 0 9.0 7.2 7.5 2.5 2 0 3 5 5
-3310.1 -5327.0 -25.7 158 0 14.9 22.5 7.5 2.5 2 1 3 2 2
-3311.7 -5350.2 -25.4 68 0 8.8 16.5 7.5 2.5 2 1 3 3 3
-3345.4 -5326.8 -26.1 67 0 20.7 11.0 7.5 2.5 2 0 3 1 1
-3152.9 -5243.2 -25.9 247 0 25.4 29.1 12.5 0.0 0 1 5 4 4
-3164.5 -5377.3 -23.6 148 0 28.2 16.0 7.5 2.5 2 0 3 3 3
-3222.7 -5350.0 -24.4 284 0 20.4 10.7 5.0 2.5 2 0 2 5 5
-3173.0 -5265.0 -25.7 208 0 14.0 20.1 10.0 2.5 2 1 4 4 4
1364.5 -6771.1 6.8 240 0 14.2 11.5 5.0 2.5 2 0 2 1 1
1498.1 -7333.2 15.0 242 0 11.9 8.3 7.5 2.5 2 0 3 1 1
-2304.2 -4925.3 -24.1 159 0 7.9 22.6 5.0 2.5 2 1 2 1 1
4256.4 -6582.2 -14.8 111 0 24.8 11.9 10.0 2.5 2 0 4 3 3
-4026.7 -5641.4 -24.8 325 0 13.5 17.7 2.5 0.0 0 1 1 2 2
-4067.4 -5541.3 -26.6 179 0 13.4 12.2 2.5 2.5 2 0 1 4 4
-4252.5 -5775.9 -23.8 242 0 57.1 12.1 2.5 2.5 2 0 1 3 3
-3933.9 -5517.8 -26.9 344 0 14.8 19.5 2.5 2.5 2 1 1 0 0
-3964.1 -5607.0 -25.3 256 0 15.6 44.9 2.5 2.5 2 1 1 2 2
-4080.2 -5744.7 -23.4 259 0 13.5 15.6 2.5 2.5 2 1 1 4 4
-4018.7 -5917.3 -21.8 159 0 14.0 16.3 2.5 2.5 2 1 1 2 2
-4061.7 -5795.2 -22.7 68 0 9.8 9.9 2.5 2.5 2 1 1 3 3
-4046.4 -5817.6 -22.3 339 0 17.1 13.2 2.5 2.5 2 0 1 4 4
-4025.1 -5862.5 -21.8 337 0 11.8 15.9 2.5 2.5 2 1 1 5 5
-4201.1 -5767.7 -23.7 270 0 14.6 14.9 2.5 0.0 0 1 1 3 3
-4204.8 -5803.3 -23.2 170 0 10.0 12.7 2.5 2.5 2 1 1 1 1
-4104.5 -5904.6 -22.2 45 0 13.5 24.9 2.5 2.5 2 1 1 0 0
2847.7 -6738.2 -15.0 115 0 13.4 18.0 5.0 2.5 2 0 2 0 0
1452.5 -5029.2 -23.6 17 0 17.1 11.9 7.5 2.5 2 0 3 1 1
1447.1 -4996.5 -24.4 196 0 13.7 13.2 10.0 0.0 0 0 4 2 2
1452.5 -4991.8 -24.9 105 0 17.0 10.5 10.0 2.5 4 0 4 2 2
1424.5 -4981.4 -24.8 194 0 12.0 17.2 7.5 0.0 0 1 3 5 5
1380.2 -5132.8 -19.3 99 0 17.1 12.1 7.5 2.5 2 0 3 5 5
1544.9 -5037.5 -22.8 20 0 27.9 24.4 7.5 0.0 0 0 3 3 3
1339.5 -5092.1 -20.3 247 0 11.3 15.4 2.5 2.5 2 1 1 0 0
1347.7 -5068.4 -21.1 246 0 11.0 17.3 7.5 2.5 4 1 3 5 5
1358.3 -5046.9 -21.9 247 0 10.5 16.2 5.0 2.5 2 1 2 5 5
1364.9 -5024.5 -22.6 246 0 11.0 18.7 5.0 2.5 2 1 2 2 2
1373.3 -5004.2 -23.4 245 0 10.6 16.4 5.0 2.5 4 1 2 3 3
1363.3 -4961.5 -24.5 286 0 24.4 10.3 10.0 2.5 2 0 4 1 1
1311.5 -4948.7 -24.4 286 0 30.5 11.9 15.0 0.0 0 0 6 3 3
1277.7 -4943.8 -24.3 284 0 25.6 9.6 7.5 2.5 4 0 3 5 5
1365.2 -4981.1 -24.0 337 0 10.3 17.6 5.0 2.5 4 1 2 5 5
1355.0 -5005.1 -23.2 337 0 12.2 16.7 5.0 2.5 2 1 2 1 1
1327.8 -5034.6 -22.3 159 0 11.9 17.7 2.5 2.5 2 1 1 0 0
1286.5 -5049.2 -21.7 86 0 11.4 16.5 7.5 2.5 2 1 3 0 0
1285.5 -5024.1 -22.5 108 0 10.4 19.8 5.0 2.5 2 1 2 2 2
1208.6 -5043.8 -20.7 149 0 12.6 9.6 2.5 2.5 2 0 1 3 3
1223.3 -4979.2 -22.4 270 0 10.4 15.8 7.5 2.5 2 1 3 0 0
1850.7 -6414.8 -3.8 293 0 31.1 30.0 12.5 0.0 0 0 5 4 4
2400.6 -6683.6 -12.8 113 0 21.9 25.4 10.0 2.5 2 1 4 5 5
2088.2 -6900.4 -9.0 205 0 13.8 24.0 10.0 2.5 2 1 4 2 2
-3623.2 -5668.8 -20.9 266 0 20.2 75.7 10.0 2.5 2 1 4 4 4
-3601.2 -5657.7 -21.0 266 0 14.7 60.5 15.0 0.0 0 1 6 3 3
-5082.8 -5567.3 -24.6 199 0 14.1 40.4 12.5 2.5 2 1 5 4 4
-5163.8 -5629.2 -22.6 4 0 24.1 13.9 2.5 2.5 2 0 1 3 3
-5180.4 -5673.0 -22.6 6 0 46.1 21.0 10.0 0.0 0 0 4 2 2
-5127.7 -5526.0 -24.3 281 0 12.4 32.1 5.0 2.5 2 1 2 5 5
-5199.5 -5577.0 -23.0 108 0 10.3 27.0 5.0 2.5 2 1 2 5 5
-5345.1 -5614.4 -20.9 6 0 14.4 15.1 5.0 2.5 2 1 2 3 3
-5343.3 -5523.9 -21.2 284 0 14.5 22.8 5.0 2.5 2 1 2 5 5
-5476.3 -5457.2 -20.5 101 0 22.4 10.3 2.5 2.5 2 0 1 0 0
-5320.9 -5381.7 -25.1 282 0 16.8 71.8 7.5 2.5 2 1 3 2 2
-5518.5 -5447.2 -24.2 103 0 12.8 101.7 2.5 2.5 2 1 1 4 4
-5368.8 -5591.2 -21.0 98 0 8.1 45.9 7.5 2.5 4 1 3 5 5
-5386.6 -5614.1 -20.9 100 0 8.4 61.0 7.5 2.5 4 1 3 4 4
-5285.8 -5542.1 -22.4 12 0 56.7 19.9 10.0 0.0 0 0 4 0 0
-5387.8 -5523.2 -21.0 281 0 40.0 14.6 7.5 2.5 4 0 3 2 2
-5468.1 -5612.7 -20.6 101 0 18.9 101.0 12.5 0.0 0 1 5 1 1
-5645.4 -5666.6 -21.2 177 0 18.3 7.6 2.5 2.5 2 0 1 4 4
-5672.6 -5682.8 -21.5 71 0 11.9 11.5 2.5 0.0 0 0 1 0 0
-5723.9 -5611.0 -22.2 343 0 16.5 16.2 5.0 2.5 2 0 2 1 1
-5732.6 -5488.7 -22.1 353 0 18.8 11.2 5.0 2.5 2 0 2 2 2
-5719.9 -5581.0 -22.0 347 0 11.3 19.1 7.5 2.5 4 1 3 3 3
-5715.1 -5491.3 -21.9 176 0 14.7 15.2 5.0 2.5 2 1 2 5 5
-5769.2 -5484.3 -22.3 260 0 22.0 15.4 2.5 2.5 2 0 1 1 1
-5610.3 -5286.1 -25.6 286 0 9.8 10.2 5.0 2.5 2 1 2 2 2
-5538.9 -5321.6 -24.7 290 0 8.1 27.0 2.5 2.5 2 1 1 1 1
-5609.9 -5317.6 -25.0 11 0 10.9 11.0 2.5 2.5 2 1 1 0 0
-5687.2 -5237.8 -27.5 327 0 8.5 7.8 2.5 2.5 4 0 1 2 2
-5718.9 -5286.8 -26.6 170 0 9.9 8.0 2.5 2.5 2 0 1 2 2
-5704.9 -5363.3 -24.5 237 0 7.4 7.4 2.5 2.5 2 0 1 3 3
-5726.3 -5311.2 -26.0 254 0 6.7 8.4 2.5 2.5 2 1 1 5 5
-5733.1 -5322.7 -25.8 249 0 6.1 7.7 2.5 2.5 2 1 1 2 2
-5725.7 -5362.1 -25.0 82 0 7.4 8.7 2.5 2.5 2 1 1 0 0
-5763.5 -5347.3 -25.7 109 0 8.4 8.9 2.5 2.5 2 1 1 2 2
-5775.0 -5334.2 -26.0 207 0 9.1 6.4 5.0 2.5 2 0 2 2 2
-5798.0 -5316.7 -26.6 136 0 7.0 8.5 2.5 2.5 2 1 1 4 4
-5790.2 -5284.3 -27.0 246 0 9.2 9.3 5.0 2.5 4 1 2 5 5
-5784.0 -5270.9 -27.2 253 0 8.7 8.1 5.0 2.5 2 0 2 0 0
-5764.9 -5249.7 -27.5 332 0 6.9 9.1 2.5 2.5 4 1 1 4 4
-5870.2 -5223.5 -25.1 118 0 9.0 9.4 2.5 2.5 2 1 1 1 1
-5846.1 -5231.8 -26.2 111 0 6.4 11.7 2.5 2.5 4 1 1 5 5
-5836.9 -5236.7 -26.4 114 0 7.7 12.5 2.5 2.5 2 1 1 1 1
-5812.3 -5246.2 -27.0 108 0 7.4 11.9 2.5 2.5 2 1 1 0 0
-5801.3 -5251.4 -27.3 108 0 7.7 13.0 2.5 2.5 2 1 1 4 4
-5762.7 -5222.7 -27.7 265 0 8.3 6.9 2.5 0.0 0 0 1 1 1
-6036.9 -5186.2 -18.5 353 0 10.4 18.3 2.5 0.0 0 1 1 4 4
-6064.3 -5243.9 -22.3 179 0 27.3 26.2 2.5 0.0 0 0 1 2 2
-6082.4 -5178.0 -16.8 220 0 10.3 20.1 2.5 2.5 2 1 1 2 2
-6176.8 -5154.3 -14.3 173 0 29.0 32.9 5.0 0.0 0 1 2 5 5
-5922.4 -5511.6 -22.3 268 0 36.2 27.6 2.5 0.0 0 0 1 2 2
-3518.4 -5548.5 -22.9 262 0 51.4 9.4 5.0 2.5 2 0 2 2 2
-3499.2 -5391.6 -25.9 337 0 20.3 20.7 2.5 0.0 0 1 1 5 5
-3527.4 -5418.3 -26.2 65 0 14.5 26.3 2.5 2.5 2 1 1 5 5
-3579.3 -5436.2 -26.3 82 0 15.4 26.0 2.5 2.5 2 1 1 5 5
-4051.1 -5730.0 -23.3 257 0 20.7 22.4 2.5 2.5 2 1 1 2 2
-3868.5 -5634.4 -24.5 338 0 51.8 25.2 12.5 2.5 2 0 5 0 0
-3897.3 -5674.3 -24.6 71 0 20.0 48.4 12.5 2.5 2 1 5 4 4
-4509.3 -5627.3 -26.3 16 0 10.1 29.8 2.5 2.5 4 1 1 4 4
-4369.8 -5847.5 -23.0 277 0 9.7 10.7 2.5 2.5 2 1 1 2 2
-4373.2 -5863.2 -22.9 279 0 10.0 20.5 2.5 2.5 2 1 1 1 1
-4338.6 -5840.3 -23.1 243 0 53.3 19.8 7.5 2.5 2 0 3 0 0
-4408.8 -5847.8 -23.5 293 0 13.4 37.8 5.0 2.5 2 1 2 1 1
-4426.2 -5836.1 -23.8 291 0 13.0 58.2 7.5 2.5 2 1 3 4 4
-4522.8 -5815.5 -24.4 194 0 15.8 33.2 7.5 2.5 2 1 3 2 2
-4471.0 -5814.1 -24.4 298 0 16.5 51.7 10.0 2.5 2 1 4 2 2
-3290.5 -5437.0 -23.0 11 0 7.1 14.7 2.5 2.5 2 1 1 3 3
-3293.0 -5386.7 -24.2 191 0 7.1 14.7 2.5 2.5 2 1 1 3 3
-3278.6 -5440.0 -22.9 101 0 14.7 7.1 2.5 2.5 2 0 1 2 2
-3247.8 -5428.6 -23.1 11 0 7.1 14.7 2.5 2.5 2 1 1 1 1
-3243.8 -5414.5 -23.4 11 0 7.1 14.7 2.5 2.5 2 1 1 0 0
-3219.7 -5402.5 -23.5 11 0 7.1 14.7 2.5 2.5 4 1 1 1 1
-3193.4 -5411.3 -23.0 11 0 7.1 14.7 2.5 2.5 2 1 1 1 1
-3346.0 -5382.1 -24.8 191 0 7.1 14.7 2.5 2.5 2 1 1 4 4
-3325.4 -5492.6 -21.4 11 0 7.1 14.7 2.5 2.5 2 1 1 1 1
-3358.1 -5482.7 -22.0 101 0 14.7 7.1 2.5 2.5 2 0 1 1 1
-3442.1 -5460.9 -23.6 101 0 14.7 7.1 2.5 2.5 2 0 1 4 4
-3374.6 -5419.5 -23.9 191 0 7.1 14.7 2.5 0.0 0 1 1 4 4
-3369.6 -5404.4 -24.4 191 0 7.1 14.7 2.5 2.5 2 1 1 5 5
-3368.9 -5389.1 -24.9 191 0 7.1 14.7 2.5 2.5 2 1 1 4 4
-3415.4 -5401.1 -24.8 191 0 7.1 14.7 2.5 0.0 0 1 1 4 4
-3435.6 -5412.1 -24.5 191 0 7.1 14.7 2.5 2.5 2 1 1 5 5
-3482.9 -5428.6 -24.7 191 0 7.1 14.7 2.5 2.5 2 1 1 4 4
-3469.1 -5450.2 -24.0 191 0 7.1 14.7 2.5 2.5 2 1 1 5 5
-3491.7 -5530.6 -22.8 101 0 14.7 7.1 2.5 2.5 2 0 1 0 0
-3522.8 -5496.7 -23.8 191 0 7.1 14.7 2.5 2.5 2 1 1 3 3
-3520.1 -5515.7 -23.4 191 0 7.1 14.7 2.5 2.5 2 1 1 3 3
-3533.7 -5492.4 -24.3 11 0 7.1 14.7 2.5 2.5 4 1 1 0 0
-3532.6 -5510.3 -23.9 11 0 7.1 14.7 2.5 2.5 2 1 1 0 0
-3531.6 -5526.6 -23.6 11 0 7.1 14.7 2.5 2.5 2 1 1 1 1
-3462.2 -5762.3 -19.2 186 0 11.8 21.8 7.5 2.5 2 1 3 0 0
-3837.0 -5729.3 -21.7 340 0 17.4 12.2 2.5 2.5 2 0 1 3 3
-2718.5 -5074.9 -25.6 352 0 58.8 54.7 5.0 0.0 0 0 2 2 2
-2522.0 -5259.5 -22.9 75 0 32.4 44.0 5.0 0.0 0 1 2 2 2
-2520.7 -5197.1 -23.1 344 0 21.1 28.0 7.5 2.5 2 1 3 5 5
-2870.8 -5508.5 -22.7 347 0 18.3 24.4 12.5 2.5 2 1 5 2 2
-2330.8 -4844.6 -25.0 160 0 20.9 6.7 2.5 0.0 0 0 1 1 1
-2317.3 -4921.3 -24.2 163 0 14.9 7.5 5.0 2.5 2 0 2 3 3
-2308.7 -5060.0 -23.0 161 0 34.4 29.5 2.5 0.0 0 0 1 4 4
-2271.3 -5127.3 -22.4 71 0 25.7 28.2 2.5 0.0 0 1 1 4 4
-2329.6 -5000.2 -23.7 160 0 40.4 30.7 2.5 0.0 0 0 1 2 2
-2294.0 -4961.5 -23.8 161 0 31.7 27.1 2.5 0.0 0 0 1 1 1
-2352.3 -4922.2 -24.4 159 0 19.1 9.3 2.5 2.5 2 0 1 5 5
-2271.5 -5019.0 -23.2 158 0 31.6 27.8 2.5 0.0 0 0 1 2 2
-2247.3 -5087.5 -22.5 160 0 32.9 22.3 2.5 0.0 0 0 1 0 0
-2476.3 -5317.0 -22.6 166 0 20.9 13.9 2.5 2.5 2 0 1 5 5
-2439.0 -4843.2 -25.5 157 0 10.6 19.0 2.5 0.0 0 1 1 0 0
-2635.7 -4971.1 -25.6 334 0 9.9 22.3 2.5 2.5 2 1 1 1 1
-2737.3 -4969.1 -26.2 65 0 25.4 12.7 5.0 2.5 4 0 2 1 1
-2771.4 -5235.8 -23.7 223 0 6.3 39.7 2.5 0.0 0 1 1 5 5
-3225.8 -5508.4 -20.9 337 0 17.0 22.8 5.0 2.5 2 1 2 1 1
-878.6 -4779.3 -25.2 360 0 20.6 15.7 7.5 2.5 2 0 3 5 5
-298.5 -4850.2 -20.0 98 0 50.1 10.4 5.0 2.5 2 0 2 1 1
-262.2 -4874.8 -17.0 276 0 32.8 32.1 2.5 0.0 0 0 1 2 2
-487.9 -4832.4 -22.4 96 0 47.9 9.2 7.5 2.5 2 0 3 1 1
-515.8 -4825.3 -22.3 8 0 9.6 51.9 7.5 2.5 2 1 3 1 1
-865.7 -4788.2 -25.2 178 0 46.9 19.0 10.0 2.5 2 0 4 1 1
-833.0 -4741.9 -25.6 269 0 16.5 24.8 5.0 2.5 2 1 2 0 0
-1029.0 -4823.2 -23.4 210 0 10.0 30.2 2.5 2.5 2 1 1 3 3
-990.6 -4851.3 -23.2 118 0 23.4 10.0 2.5 2.5 2 0 1 5 5
-963.0 -4865.3 -23.6 98 0 22.7 9.9 2.5 2.5 2 0 1 0 0
-941.8 -4854.9 -24.2 81 0 9.8 29.0 2.5 2.5 2 1 1 0 0
-957.7 -4808.2 -24.2 277 0 28.3 9.5 2.5 2.5 2 0 1 0 0
-992.4 -4803.1 -23.8 282 0 27.2 9.1 2.5 2.5 4 0 1 3 3
-877.0 -4808.8 -24.9 359 0 27.3 15.5 7.5 2.5 4 0 3 3 3
-621.5 -4858.1 -23.7 76 0 18.7 30.7 7.5 2.5 2 1 3 0 0
-660.5 -4857.2 -25.2 97 0 21.5 47.7 10.0 2.5 2 1 4 1 1
-708.3 -4854.5 -25.1 96 0 15.6 43.4 12.5 2.5 2 1 5 0 0
-852.0 -4890.3 -24.5 88 0 20.6 43.9 7.5 2.5 2 1 3 0 0
-939.2 -4787.6 -25.2 94 0 75.6 20.1 12.5 2.5 4 0 5 5 5
-1664.9 -4628.4 -22.4 183 0 17.8 40.9 2.5 2.5 2 1 1 4 4
-1737.4 -4800.1 -16.3 244 0 23.3 12.1 12.5 2.5 2 0 5 4 4
-1695.8 -4791.3 -17.3 267 0 27.0 12.7 10.0 2.5 2 0 4 0 0
-1601.2 -4897.9 -18.0 102 0 31.8 30.2 2.5 0.0 0 0 1 3 3
-1655.8 -4770.6 -18.3 314 0 9.8 29.8 7.5 2.5 2 1 3 0 0
-1656.5 -4748.2 -19.0 230 0 18.8 14.3 10.0 2.5 2 0 4 2 2
-1440.8 -4682.8 -23.7 206 0 31.3 12.9 2.5 0.0 0 0 1 0 0
-1429.5 -4604.9 -25.4 288 0 13.2 14.7 2.5 2.5 2 1 1 0 0
-1454.0 -4628.5 -24.9 107 0 32.4 10.8 2.5 0.0 0 0 1 2 2
-1517.5 -4614.3 -25.0 123 0 24.7 21.5 2.5 2.5 2 0 1 5 5
-1477.8 -4638.0 -24.2 273 0 17.0 11.0 2.5 0.0 0 0 1 0 0
-1649.2 -4919.5 -17.4 65 0 38.6 15.9 10.0 2.5 4 0 4 0 0
-1689.4 -4934.0 -17.8 78 0 32.2 15.2 10.0 0.0 0 0 4 0 0
-1749.2 -4939.4 -18.3 174 0 16.8 31.5 10.0 2.5 2 1 4 4 4
-1681.8 -4818.7 -17.0 262 0 20.0 11.7 10.0 0.0 0 0 4 1 1
-1997.7 -4704.7 -22.2 338 0 84.7 39.4 2.5 0.0 0 0 1 4 4
-1926.3 -4589.6 -24.7 255 0 17.4 15.5 2.5 2.5 2 0 1 1 1
2421.0 -5628.6 -21.1 27 0 18.4 42.1 2.5 2.5 2 1 1 1 1
2239.5 -5554.9 -18.4 113 0 16.5 9.7 2.5 2.5 4 0 1 5 5
2247.4 -5543.9 -19.1 113 0 16.5 9.7 2.5 2.5 2 0 1 2 2
2251.9 -5530.2 -19.7 113 0 16.5 9.7 2.5 2.5 2 0 1 0 0
2272.8 -5503.1 -21.7 113 0 16.5 9.7 2.5 2.5 2 0 1 0 0
2281.6 -5545.6 -20.8 138 0 15.8 8.6 5.0 2.5 2 0 2 1 1
2278.3 -5566.2 -19.9 138 0 15.7 8.6 5.0 2.5 2 0 2 5 5
2296.6 -5541.1 -21.5 138 0 15.7 8.6 5.0 2.5 2 0 2 2 2
2303.8 -5494.0 -22.8 318 0 15.7 8.6 5.0 0.0 0 0 2 4 4
2424.6 -5563.1 -23.7 43 0 14.1 36.0 2.5 0.0 0 1 1 2 2
2386.5 -5512.2 -24.0 33 0 18.4 19.3 2.5 2.5 2 1 1 2 2
2331.5 -5612.0 -20.3 111 0 12.1 23.1 5.0 2.5 4 1 2 1 1
2323.5 -5584.6 -20.8 115 0 14.9 16.3 5.0 2.5 2 1 2 4 4
2313.0 -5605.6 -20.0 115 0 14.9 16.3 5.0 0.0 0 1 2 5 5
2507.6 -5640.7 -23.1 20 0 14.5 21.0 2.5 2.5 2 1 1 4 4
3014.8 -5893.5 -25.1 343 0 26.0 27.3 2.5 0.0 0 1 1 1 1
2128.6 -6683.4 -7.8 124 0 11.5 11.0 2.5 2.5 2 0 1 4 4
2076.0 -6657.7 -6.7 243 0 13.6 11.0 2.5 2.5 2 0 1 4 4
2302.2 -6633.9 -11.4 292 0 17.1 13.4 5.0 2.5 4 0 2 0 0
2268.8 -6628.3 -10.8 208 0 17.5 13.6 5.0 2.5 4 0 2 0 0
2269.9 -6756.3 -10.5 270 0 9.1 12.1 5.0 2.5 2 1 2 4 4
2300.7 -6743.2 -10.8 105 0 14.0 16.3 5.0 2.5 2 1 2 0 0
2270.0 -6738.3 -10.8 94 0 12.5 13.7 5.0 2.5 2 1 2 4 4
2191.7 -6694.7 -9.7 50 0 16.8 7.6 5.0 2.5 2 0 2 1 1
2217.5 -6709.4 -10.7 200 0 14.8 14.2 5.0 2.5 2 0 2 5 5
2261.7 -6647.7 -11.0 231 0 13.9 19.4 5.0 2.5 2 1 2 1 1
2021.5 -6761.8 -6.8 138 0 28.6 11.6 2.5 2.5 2 0 1 2 2
2056.6 -6805.5 -8.8 209 0 12.5 21.3 2.5 2.5 4 1 1 1 1
1982.2 -6800.5 -6.8 212 0 30.9 31.7 10.0 0.0 0 1 4 4 4
2027.9 -6562.4 -6.0 290 0 15.3 22.1 5.0 2.5 2 1 2 0 0
2024.8 -6619.1 -6.2 150 0 21.5 13.6 7.5 2.5 2 0 3 5 5
2009.7 -6627.0 -6.2 332 0 37.9 21.9 5.0 0.0 0 0 2 0 0
2149.0 -6578.7 -6.8 42 0 15.1 11.9 2.5 2.5 2 0 1 1 1
2114.3 -6616.2 -6.8 120 0 9.4 31.0 7.5 2.5 2 1 3 4 4
2449.5 -6372.1 -14.2 222 0 19.8 12.1 5.0 2.5 2 0 2 5 5
2432.8 -6390.7 -13.9 219 0 18.5 14.7 5.0 2.5 2 0 2 3 3
2455.3 -6299.1 -14.9 25 0 22.8 15.3 5.0 2.5 2 0 2 2 2
2438.9 -6329.1 -14.6 28 0 32.7 14.0 5.0 2.5 2 0 2 5 5
2475.7 -6331.8 -15.1 207 0 34.1 13.8 5.0 2.5 2 0 2 4 4
2510.0 -6246.3 -15.7 281 0 13.7 25.9 5.0 2.5 2 1 2 1 1
2510.4 -6186.0 -16.2 189 0 17.6 11.0 5.0 2.5 2 0 2 3 3
2487.1 -6155.1 -17.3 11 0 15.3 14.4 5.0 2.5 2 0 2 5 5
2484.0 -6186.9 -16.7 11 0 34.0 15.3 7.5 0.0 0 0 3 0 0
2521.5 -6151.7 -17.0 194 0 12.0 9.8 5.0 2.5 2 0 2 1 1
2526.4 -6128.1 -17.7 192 0 22.8 9.9 5.0 2.5 2 0 2 2 2
2552.4 -6127.1 -17.6 192 0 22.8 9.9 5.0 2.5 2 0 2 3 3
2565.8 -6082.0 -18.5 282 0 9.9 22.8 5.0 0.0 0 1 2 3 3
2530.7 -6099.4 -18.5 192 0 22.8 9.9 5.0 2.5 2 0 2 1 1
2684.9 -6056.5 -18.8 205 0 22.2 55.4 10.0 2.5 2 1 4 4 4
3074.2 -6247.2 -21.1 322 0 8.1 13.7 5.0 2.5 2 1 2 1 1
3054.8 -6243.7 -20.9 333 0 7.6 15.5 5.0 2.5 4 1 2 3 3
3058.7 -6256.7 -20.7 333 0 7.6 15.5 5.0 2.5 2 1 2 0 0
3021.4 -6263.5 -20.2 181 0 10.2 16.1 5.0 2.5 2 1 2 2 2
3008.2 -6272.6 -19.5 212 0 17.7 8.9 5.0 2.5 2 0 2 0 0
2994.9 -6264.5 -19.4 212 0 17.7 8.9 5.0 2.5 2 0 2 3 3
2996.2 -6344.1 -18.0 31 0 25.5 9.0 7.5 2.5 2 0 3 0 0
2948.3 -6323.7 -18.0 202 0 25.0 10.5 7.5 2.5 2 0 3 4 4
2980.0 -6208.1 -20.0 173 0 13.5 8.7 5.0 2.5 4 0 2 1 1
2996.6 -6203.7 -20.4 218 0 13.4 7.4 5.0 2.5 2 0 2 3 3
2982.3 -6164.9 -21.1 183 0 15.5 33.0 5.0 2.5 2 1 2 2 2
2934.7 -6365.3 -17.5 170 0 28.0 10.4 7.5 2.5 2 0 3 5 5
3153.7 -6234.8 -19.3 317 0 46.9 34.0 10.0 2.5 2 0 4 2 2
3112.3 -6247.1 -21.0 311 0 8.6 22.8 5.0 2.5 2 1 2 4 4
3094.4 -6268.6 -21.1 312 0 9.1 24.8 5.0 2.5 2 1 2 5 5
2702.3 -6820.7 -16.2 295 0 22.2 11.6 5.0 2.5 2 0 2 0 0
2670.2 -6766.6 -16.8 22 0 33.8 15.3 10.0 2.5 4 0 4 0 0
2744.9 -6798.2 -17.2 206 0 32.4 19.8 7.5 0.0 0 0 3 2 2
2809.0 -6730.5 -17.7 113 0 24.6 13.9 10.0 2.5 2 0 4 3 3
2835.3 -6996.1 -15.8 205 0 52.8 36.5 2.5 0.0 0 0 1 0 0
1002.3 -7307.2 17.4 199 0 9.3 7.6 5.0 2.5 2 0 2 3 3
996.0 -7321.7 18.2 188 0 7.9 6.8 5.0 2.5 2 0 2 2 2
997.3 -7343.6 18.8 90 0 7.8 9.2 2.5 2.5 2 1 1 3 3
1042.0 -7304.2 17.6 0 0 9.2 7.8 2.5 2.5 2 0 1 4 4
1047.3 -7288.4 17.0 0 0 9.2 7.8 2.5 2.5 2 0 1 5 5
1051.0 -7274.3 16.7 0 0 9.2 7.8 2.5 2.5 2 0 1 2 2
1484.7 -7063.5 2.8 291 0 23.4 10.4 5.0 2.5 2 0 2 5 5
1471.9 -7099.7 3.5 110 0 24.1 10.5 5.0 2.5 2 0 2 3 3
1546.7 -6982.9 0.2 266 0 28.7 11.4 5.0 2.5 2 0 2 1 1
1548.7 -7027.2 0.3 17 0 27.1 9.4 5.0 2.5 2 0 2 4 4
1511.6 -7011.1 1.2 197 0 27.1 9.4 5.0 2.5 2 0 2 3 3
1255.8 -7058.7 11.7 17 0 27.1 9.4 5.0 2.5 2 0 2 2 2
1288.6 -7020.9 9.6 197 0 27.1 9.4 5.0 2.5 2 0 2 3 3
1282.4 -7062.2 10.9 287 0 9.4 27.1 5.0 2.5 4 1 2 1 1
1308.3 -7067.3 9.8 292 0 25.8 11.3 2.5 2.5 4 0 1 0 0
1326.5 -7101.3 9.7 295 0 19.6 10.8 5.0 2.5 2 0 2 3 3
1312.6 -7049.5 8.9 106 0 30.6 12.1 5.0 2.5 2 0 2 5 5
1329.1 -7009.5 8.0 285 0 26.4 12.1 5.0 2.5 2 0 2 2 2
1342.1 -7078.1 8.6 292 0 25.0 11.2 5.0 2.5 2 0 2 1 1
1391.3 -7042.0 6.3 19 0 13.9 29.4 5.0 0.0 0 1 2 0 0
1239.7 -5880.0 -9.1 83 0 22.4 39.3 5.0 0.0 0 1 2 5 5
1196.7 -5884.4 -9.0 81 0 23.1 39.1 5.0 0.0 0 1 2 3 3
1202.3 -5906.0 -7.4 264 0 31.4 20.6 2.5 0.0 0 0 1 5 5
1651.2 -5954.1 -9.0 292 0 19.7 39.4 2.5 2.5 2 1 1 0 0
1690.2 -5891.8 -10.4 25 0 33.3 19.4 2.5 0.0 0 0 1 3 3
2018.8 -5358.9 -15.5 212 0 12.0 19.9 2.5 2.5 2 1 1 3 3
2636.4 -6477.5 -15.4 353 0 13.9 12.4 2.5 2.5 2 0 1 4 4
2587.5 -6434.2 -15.4 267 0 29.5 15.8 5.0 0.0 0 0 2 5 5
2592.4 -6546.3 -15.0 18 0 13.9 76.6 7.5 2.5 2 1 3 5 5
3583.1 -6324.2 -15.0 114 0 45.7 10.5 2.5 2.5 2 0 1 0 0
3532.1 -6308.0 -15.9 112 0 48.4 12.1 2.5 2.5 2 0 1 0 0
3484.0 -6270.9 -17.2 291 0 50.2 12.3 2.5 2.5 2 0 1 1 1
3430.1 -6250.7 -17.3 293 0 37.1 13.6 2.5 2.5 2 0 1 3 3
3392.6 -6237.6 -17.0 291 0 31.8 12.0 2.5 2.5 2 0 1 3 3
1671.3 -7345.0 4.9 224 0 17.6 11.5 5.0 2.5 2 0 2 5 5
1656.6 -7278.8 3.0 247 0 11.3 25.9 5.0 2.5 2 1 2 4 4
1742.4 -7277.4 -1.3 104 0 8.1 16.9 5.0 2.5 2 1 2 0 0
1889.2 -7067.6 -7.4 23 0 11.0 16.1 5.0 2.5 2 1 2 5 5
1808.6 -7095.3 -6.8 217 0 8.6 23.0 5.0 2.5 4 1 2 1 1
1675.4 -7012.8 -3.3 82 0 12.3 11.4 5.0 2.5 2 0 2 0 0
1530.9 -6866.1 1.9 348 0 10.8 11.3 5.0 2.5 2 1 2 2 2
1556.6 -6876.0 0.7 167 0 7.4 14.1 2.5 2.5 2 1 1 1 1
1556.2 -6891.4 0.6 164 0 9.0 17.3 5.0 2.5 2 1 2 2 2
1553.2 -6940.9 0.6 281 0 10.3 14.9 5.0 2.5 2 1 2 1 1
1451.3 -6698.8 5.1 112 0 11.4 12.2 5.0 2.5 2 1 2 4 4
1540.5 -6722.3 2.7 22 0 12.2 11.4 5.0 2.5 2 0 2 3 3
1486.8 -6828.9 3.3 292 0 11.4 12.2 5.0 2.5 2 1 2 0 0
1726.3 -7158.0 -5.6 118 0 12.6 13.6 5.0 2.5 2 1 2 1 1
1791.6 -7069.6 -6.3 28 0 13.6 12.6 5.0 2.5 2 0 2 3 3
1809.5 -7056.7 -6.3 28 0 13.6 12.6 5.0 2.5 4 0 2 5 5
1899.5 -7254.1 -4.8 298 0 12.6 13.6 5.0 2.5 2 1 2 3 3
2170.4 -7294.7 -5.6 118 0 12.6 13.6 5.0 2.5 2 1 2 2 2
2195.5 -7260.4 -5.9 28 0 13.6 12.6 5.0 2.5 2 0 2 5 5
2132.6 -7223.7 -6.1 208 0 13.6 12.6 5.0 2.5 2 0 2 4 4
2113.7 -7236.9 -5.9 208 0 13.6 12.6 5.0 2.5 2 0 2 4 4
2385.7 -6959.3 -10.7 118 0 12.6 13.6 5.0 2.5 4 1 2 2 2
2404.2 -6989.7 -10.7 298 0 12.6 13.6 5.0 2.5 2 1 2 5 5
2420.4 -7021.9 -10.9 28 0 13.6 12.6 5.0 0.0 0 0 2 3 3
2499.1 -6787.9 -14.0 208 0 13.6 12.6 5.0 2.5 2 0 2 2 2
2526.9 -6881.4 -13.8 28 0 13.6 12.6 5.0 2.5 4 0 2 3 3
1976.4 -6587.5 -5.7 28 0 13.6 12.6 5.0 2.5 2 0 2 5 5
2087.2 -6779.7 -8.8 208 0 13.6 12.6 5.0 2.5 2 0 2 4 4
2127.5 -6785.1 -9.5 28 0 13.6 12.6 5.0 2.5 2 0 2 3 3
2157.4 -6791.2 -10.1 208 0 13.6 12.6 5.0 2.5 2 0 2 3 3
2102.5 -6879.9 -9.2 208 0 13.6 12.6 5.0 2.5 2 0 2 4 4
2186.6 -6855.5 -9.6 208 0 13.6 12.6 5.0 2.5 2 0 2 2 2
1833.9 -7060.0 -7.1 208 0 13.6 12.6 5.0 2.5 2 0 2 1 1
1809.1 -7196.8 -6.0 118 0 12.6 13.6 5.0 2.5 2 1 2 3 3
2019.0 -7221.9 -6.0 246 0 19.0 6.4 5.0 0.0 0 0 2 0 0
2040.4 -7191.7 -6.3 246 0 29.1 11.5 5.0 2.5 2 0 2 0 0
1960.5 -7115.7 -6.9 218 0 11.7 9.6 2.5 2.5 2 0 1 2 2
1971.9 -7098.5 -7.1 202 0 11.3 11.2 2.5 2.5 2 0 1 3 3
2021.3 -7118.9 -7.1 60 0 20.4 13.7 5.0 2.5 2 0 2 3 3
2013.2 -7072.9 -7.3 327 0 11.0 27.8 5.0 2.5 2 1 2 1 1
2036.9 -7056.7 -7.5 231 0 18.2 13.6 5.0 2.5 2 0 2 5 5
1985.9 -7033.4 -7.7 318 0 12.8 21.9 5.0 2.5 2 1 2 1 1
2458.5 -6768.9 -13.3 162 0 6.4 18.5 2.5 0.0 0 1 1 0 0
2535.7 -6710.7 -15.0 293 0 13.8 15.4 2.5 2.5 4 1 1 0 0
2489.5 -6841.4 -13.6 121 0 15.8 20.5 7.5 2.5 2 1 3 5 5
3733.8 -6268.6 -19.9 292 0 17.3 36.4 2.5 2.5 2 1 1 0 0
3675.2 -6262.9 -19.0 23 0 35.2 16.9 7.5 2.5 4 0 3 0 0
2722.2 -6613.7 -17.5 124 0 23.7 19.7 5.0 2.5 2 0 2 3 3
2852.8 -6219.2 -18.9 288 0 24.3 11.7 5.0 2.5 2 0 2 5 5
2820.3 -6204.6 -18.7 290 0 25.4 14.8 7.5 2.5 2 0 3 0 0
2940.4 -6161.7 -20.0 18 0 12.8 7.4 5.0 2.5 2 0 2 1 1
2904.6 -6184.2 -19.6 85 0 15.9 8.7 5.0 2.5 4 0 2 3 3
2914.9 -6166.1 -19.9 139 0 9.4 15.1 5.0 2.5 2 1 2 4 4
2898.1 -6171.2 -19.7 84 0 15.0 9.7 5.0 2.5 2 0 2 5 5
3510.5 -6047.0 -26.2 286 0 15.1 42.0 2.5 2.5 4 1 1 2 2
3656.3 -6310.0 -16.5 114 0 28.5 23.2 2.5 0.0 0 0 1 1 1
3912.1 -6292.9 -24.4 88 0 6.4 26.4 2.5 2.5 2 1 1 2 2
3870.9 -6182.7 -26.1 292 0 14.5 26.5 2.5 2.5 2 1 1 4 4
5722.0 -6431.6 -16.0 90 0 12.5 21.3 2.5 2.5 2 1 1 4 4
4112.5 -6411.7 -21.4 333 0 12.7 16.4 2.5 2.5 2 1 1 0 0
4068.2 -6493.8 -19.6 187 0 23.3 21.3 2.5 0.0 0 0 1 0 0
4095.9 -6509.0 -19.3 152 0 12.5 14.3 7.5 2.5 2 1 3 5 5
4047.0 -6351.1 -23.5 11 0 21.5 32.9 7.5 0.0 0 1 3 4 4
4009.9 -6367.0 -22.6 191 0 15.9 20.3 5.0 2.5 2 1 2 3 3
4124.9 -6308.6 -25.2 191 0 14.6 9.0 7.5 2.5 2 0 3 3 3
4109.6 -6307.5 -25.2 191 0 16.4 13.2 5.0 2.5 2 0 2 1 1
4097.8 -6305.8 -25.0 191 0 8.5 9.6 7.5 2.5 2 1 3 2 2
3746.6 -6327.5 -18.7 126 0 15.7 7.8 7.5 2.5 2 0 3 5 5
3801.0 -6305.9 -21.0 300 0 7.2 35.1 7.5 2.5 2 1 3 3 3
3796.5 -6284.9 -21.7 301 0 8.0 56.3 7.5 2.5 2 1 3 3 3
3869.2 -6247.5 -24.6 107 0 7.7 20.3 5.0 2.5 2 1 2 4 4
3979.6 -6262.7 -25.5 355 0 17.8 4.6 7.5 2.5 4 0 3 2 2
3961.4 -6353.2 -22.5 276 0 8.9 11.6 5.0 2.5 2 1 2 4 4
3967.4 -6336.5 -23.5 98 0 7.5 15.5 7.5 2.5 2 1 3 2 2
3843.0 -6309.6 -21.4 292 0 9.0 16.5 7.5 2.5 2 1 3 4 4
3860.3 -6370.1 -20.5 300 0 16.6 7.3 5.0 2.5 2 0 2 4 4
3882.0 -6375.5 -21.2 268 0 17.7 12.2 7.5 2.5 2 0 3 0 0
3905.5 -6338.1 -22.4 286 0 6.8 22.2 5.0 2.5 2 1 2 0 0
3901.2 -6365.0 -21.6 281 0 8.5 12.9 5.0 2.5 2 1 2 3 3
3918.3 -6336.4 -22.6 280 0 8.4 14.3 7.5 2.5 2 1 3 0 0
3918.3 -6356.3 -22.0 281 0 9.3 12.5 7.5 2.5 2 1 3 3 3
2382.3 -6184.4 -17.2 25 0 12.9 21.4 10.0 2.5 2 1 4 3 3
2308.7 -6271.0 -9.2 107 0 13.1 18.0 7.5 2.5 4 1 3 2 2
1872.2 -5992.2 -5.7 205 0 11.9 9.6 7.5 0.0 0 0 3 3 3
1919.0 -5926.3 -13.3 128 0 12.3 8.6 2.5 2.5 2 0 1 3 3
1949.0 -5979.1 -13.3 270 0 9.4 7.4 2.5 2.5 2 0 1 3 3
1976.2 -6002.3 -13.0 249 0 12.6 20.1 12.5 2.5 2 1 5 0 0
2018.6 -5995.7 -14.6 269 0 9.1 23.4 5.0 0.0 0 1 2 0 0
2138.6 -5882.1 -16.9 18 0 15.8 9.0 7.5 2.5 2 0 3 1 1
1873.1 -5901.4 -12.4 21 0 9.8 56.0 7.5 2.5 4 1 3 4 4
1392.3 -6117.7 -4.8 37 0 8.7 13.1 5.0 2.5 2 1 2 5 5
1504.4 -6130.9 -4.9 305 0 10.4 16.8 7.5 2.5 2 1 3 2 2
1426.4 -6092.7 -4.6 220 0 14.8 9.7 2.5 2.5 2 0 1 5 5
1474.0 -6041.6 -4.8 141 0 23.4 15.3 7.5 2.5 2 0 3 1 1
1422.0 -6077.3 -4.3 37 0 10.3 13.7 7.5 2.5 2 1 3 3 3
1361.6 -6150.7 -4.6 40 0 15.0 17.1 7.5 2.5 2 1 3 3 3
1321.1 -6115.3 -4.7 131 0 16.9 10.6 5.0 2.5 2 0 2 1 1
1302.6 -6054.6 -4.2 213 0 16.4 21.1 7.5 2.5 2 1 3 2 2
1391.3 -6292.8 -2.4 64 0 8.6 15.7 7.5 2.5 2 1 3 5 5
1392.4 -6260.0 -3.0 224 0 13.2 10.5 7.5 2.5 2 0 3 3 3
1444.3 -6253.8 -3.1 46 0 15.7 7.8 7.5 2.5 2 0 3 3 3
1462.4 -6334.5 -1.5 29 0 9.6 8.0 7.5 2.5 2 0 3 0 0
1463.0 -6320.7 -1.4 125 0 8.1 24.6 7.5 2.5 2 1 3 4 4
1413.3 -6381.7 -1.6 129 0 11.4 11.1 5.0 2.5 2 0 2 5 5
1349.3 -6348.0 -1.3 115 0 9.2 12.4 7.5 2.5 2 1 3 3 3
1344.6 -6375.6 -1.7 307 0 7.0 14.2 7.5 2.5 2 1 3 5 5
1309.0 -6430.5 -1.7 47 0 8.2 9.1 2.5 2.5 2 1 1 4 4
1192.6 -6515.8 -1.8 32 0 9.5 8.8 5.0 2.5 2 0 2 5 5
1213.9 -6500.4 -1.8 50 0 13.2 7.8 7.5 2.5 2 0 3 4 4
1200.8 -6550.9 -1.7 128 0 12.2 10.7 5.0 2.5 2 0 2 4 4
1226.0 -6544.5 -1.8 35 0 11.6 11.6 5.0 2.5 2 1 2 3 3
1218.6 -6550.6 -2.0 303 0 9.7 11.8 2.5 2.5 2 1 1 3 3
1246.9 -6557.9 -2.2 217 0 8.3 9.1 5.0 2.5 2 1 2 4 4
1220.9 -6514.4 -1.7 230 0 14.0 9.4 7.5 2.5 2 0 3 1 1
1232.9 -6484.5 -1.8 53 0 10.2 11.0 5.0 2.5 2 1 2 4 4
1240.0 -6494.2 -1.7 223 0 8.8 11.6 7.5 2.5 2 1 3 0 0
1323.1 -6486.6 -1.5 224 0 16.5 8.4 5.0 2.5 2 0 2 3 3
1292.7 -6491.2 -1.6 43 0 23.1 9.4 2.5 2.5 2 0 1 2 2
1353.6 -6446.6 -1.5 49 0 7.0 8.6 2.5 2.5 2 1 1 3 3
1351.7 -6424.1 -1.5 226 0 8.9 14.2 5.0 2.5 2 1 2 4 4
1376.0 -6428.6 -1.6 43 0 11.1 20.0 7.5 2.5 2 1 3 3 3
1399.3 -6407.5 -1.5 48 0 6.0 8.0 2.5 2.5 2 1 1 4 4
1432.6 -6689.9 5.1 128 0 7.7 16.2 2.5 2.5 4 1 1 5 5
1403.5 -6683.7 4.7 105 0 9.4 7.9 5.0 2.5 2 0 2 2 2
1425.8 -6644.0 3.3 300 0 11.0 9.7 5.0 2.5 2 0 2 2 2
1416.6 -6638.7 3.0 302 0 6.5 9.0 2.5 0.0 0 1 1 2 2
1392.0 -6627.1 1.8 98 0 11.7 8.6 2.5 2.5 2 0 1 0 0
1334.3 -6572.9 -1.1 312 0 10.9 16.0 7.5 2.5 2 1 3 0 0
1363.5 -6604.6 0.7 293 0 14.4 12.1 5.0 2.5 2 0 2 4 4
1371.1 -6563.0 -1.1 309 0 7.2 8.6 7.5 0.0 0 1 3 0 0
1366.9 -6543.1 -2.4 39 0 12.2 13.4 5.0 2.5 2 1 2 1 1
1398.8 -6505.8 -2.3 39 0 11.3 15.3 7.5 2.5 2 1 3 2 2
1377.9 -6528.8 -2.5 41 0 16.4 14.0 10.0 2.5 4 0 4 2 2
1413.8 -6479.8 -1.8 34 0 7.9 10.8 7.5 2.5 2 1 3 5 5
1406.3 -6492.1 -2.0 37 0 12.5 10.9 7.5 2.5 2 0 3 4 4
1447.4 -6489.9 -2.3 34 0 11.5 8.8 2.5 0.0 0 0 1 0 0
1455.6 -6477.8 -2.1 37 0 13.2 8.0 5.0 2.5 2 0 2 5 5
1441.4 -6511.9 -2.6 217 0 9.5 9.9 2.5 2.5 4 1 1 2 2
1511.8 -6486.3 -2.7 131 0 7.9 39.8 7.5 2.5 2 1 3 3 3
1493.6 -6470.4 -2.4 138 0 20.2 17.4 7.5 2.5 2 0 3 0 0
1475.2 -6406.8 -1.3 9 0 8.2 12.3 7.5 2.5 2 1 3 3 3
1456.8 -6367.1 -1.6 201 0 27.3 9.7 7.5 2.5 2 0 3 2 2
1441.1 -6428.8 -1.3 114 0 9.2 8.2 5.0 2.5 2 0 2 2 2
1476.3 -6383.6 -1.3 190 0 17.3 11.8 7.5 2.5 2 0 3 3 3
1549.1 -6418.1 -1.5 11 0 7.0 11.3 2.5 2.5 2 1 1 2 2
1531.3 -6390.5 -1.1 198 0 10.6 11.1 5.0 0.0 0 1 2 0 0
1550.2 -6359.6 -1.2 284 0 10.0 6.7 7.5 2.5 2 0 3 5 5
1563.6 -6374.2 -1.0 288 0 7.3 21.9 5.0 2.5 2 1 2 1 1
1534.6 -6373.5 -1.2 196 0 14.3 10.1 5.0 0.0 0 0 2 1 1
1556.5 -6322.8 -1.4 204 0 11.3 9.4 7.5 2.5 2 0 3 1 1
1579.2 -6355.0 -1.2 108 0 15.7 11.2 7.5 2.5 2 0 3 5 5
1618.2 -6367.6 -0.9 110 0 9.8 12.4 7.5 2.5 2 1 3 2 2
1600.4 -6362.2 -1.0 106 0 11.7 12.7 5.0 2.5 2 1 2 4 4
1608.0 -6378.6 -1.2 287 0 10.4 10.1 2.5 2.5 4 0 1 0 0
1650.2 -6361.9 -1.1 125 0 17.9 10.2 7.5 0.0 0 0 3 5 5
1567.6 -6229.5 -2.9 208 0 7.4 11.1 5.0 2.5 2 1 2 0 0
2074.4 -6742.0 -7.4 212 0 17.0 3.4 2.5 2.5 2 0 1 2 2
2017.7 -6676.1 -6.4 274 0 6.8 23.3 7.5 2.5 2 1 3 0 0
2011.7 -6720.6 -6.5 208 0 12.2 14.7 5.0 2.5 2 1 2 2 2
2050.7 -6747.7 -6.8 53 0 9.8 21.5 2.5 2.5 2 1 1 1 1
1993.0 -6541.9 -5.7 291 0 17.2 12.2 7.5 2.5 2 0 3 0 0
1977.2 -6529.9 -5.5 302 0 10.3 16.2 5.0 2.5 2 1 2 4 4
1922.9 -6609.4 -5.3 49 0 10.2 11.0 5.0 0.0 0 1 2 2 2
1877.2 -6501.5 -4.5 206 0 10.4 20.5 7.5 2.5 4 1 3 0 0
1747.9 -6481.5 -1.5 123 0 10.9 3.9 7.5 2.5 2 0 3 3 3
1802.9 -6562.6 -3.5 295 0 8.2 9.5 2.5 2.5 4 1 1 5 5
1731.8 -6543.2 -1.6 228 0 11.9 9.0 2.5 2.5 2 0 1 3 3
1760.6 -6820.4 -4.2 61 0 11.1 11.3 5.0 2.5 2 1 2 4 4
1671.1 -6898.2 -2.4 228 0 8.5 8.3 5.0 2.5 2 0 2 4 4
1645.2 -6899.8 -1.6 75 0 9.2 6.7 7.5 2.5 2 0 3 3 3
1620.4 -6884.8 -1.0 164 0 10.7 11.4 5.0 2.5 2 1 2 2 2
1680.5 -6876.3 -2.3 26 0 10.2 11.1 7.5 2.5 2 1 3 0 0
1693.1 -6863.4 -2.6 25 0 11.6 11.1 5.0 2.5 4 0 2 5 5
1661.4 -6759.4 -1.1 105 0 10.7 11.0 5.0 2.5 4 1 2 3 3
1687.7 -6788.3 -2.1 181 0 8.0 9.8 7.5 2.5 2 1 3 4 4
1704.0 -6795.9 -2.6 180 0 12.3 9.2 7.5 2.5 2 0 3 0 0
1690.5 -6704.5 -1.4 33 0 12.3 7.9 7.5 2.5 2 0 3 2 2
1665.9 -6698.5 -0.8 286 0 11.0 11.5 7.5 2.5 2 1 3 3 3
1629.4 -6733.6 -0.2 247 0 12.8 10.4 7.5 2.5 2 0 3 4 4
1612.7 -6734.5 0.3 245 0 10.9 13.5 7.5 2.5 2 1 3 3 3
1663.5 -6830.7 -1.6 340 0 11.2 10.6 7.5 0.0 0 0 3 2 2
1596.8 -6830.5 0.2 333 0 16.2 13.7 5.0 2.5 2 0 2 4 4
1547.0 -6830.2 1.4 162 0 11.8 12.8 7.5 2.5 4 1 3 0 0
1548.8 -6848.5 1.1 162 0 9.5 15.8 5.0 2.5 2 1 2 3 3
1715.5 -6645.2 -2.1 228 0 14.6 18.0 10.0 2.5 2 1 4 0 0
1701.8 -6704.3 -1.9 193 0 8.6 8.5 2.5 2.5 2 0 1 5 5
1632.3 -6652.5 0.3 217 0 13.5 9.7 7.5 2.5 2 0 3 5 5
1575.1 -6672.1 1.9 270 0 10.5 6.2 7.5 2.5 2 0 3 1 1
1504.3 -6718.3 3.5 114 0 7.2 19.4 2.5 2.5 4 1 1 2 2
1522.2 -6666.8 3.4 308 0 18.4 12.5 7.5 2.5 2 0 3 3 3
1599.2 -6390.6 -1.4 290 0 12.2 10.1 5.0 0.0 0 0 2 4 4
1572.6 -6473.5 -2.8 24 0 18.0 11.6 7.5 2.5 2 0 3 5 5
1632.4 -6390.0 -1.6 293 0 10.9 8.0 7.5 2.5 2 0 3 2 2
1707.0 -6443.1 -3.1 123 0 12.3 15.1 10.0 0.0 0 1 4 1 1
1738.9 -6489.8 -1.3 294 0 11.8 6.4 7.5 2.5 4 0 3 4 4
1693.7 -6506.6 -0.5 307 0 9.5 9.2 7.5 2.5 2 0 3 2 2
1547.2 -6664.9 2.9 93 0 4.3 7.1 5.0 2.5 2 1 2 2 2
1539.9 -6617.1 3.2 210 0 9.4 8.2 2.5 2.5 2 0 1 3 3
1523.7 -6638.9 3.2 225 0 10.7 18.8 5.0 2.5 2 1 2 1 1
1536.5 -6586.0 1.2 37 0 12.3 10.9 5.0 2.5 2 0 2 3 3
1549.9 -6557.6 0.4 296 0 12.5 8.8 7.5 2.5 2 0 3 5 5
1591.3 -6640.2 1.7 304 0 10.7 7.9 7.5 2.5 2 0 3 0 0
1647.4 -6681.2 -0.0 46 0 10.1 12.4 5.0 2.5 2 1 2 4 4
1658.5 -6666.3 -0.3 51 0 11.4 13.3 5.0 2.5 2 1 2 1 1
1674.8 -6648.2 -0.7 326 0 25.9 12.3 10.0 2.5 2 0 4 2 2
1639.0 -6624.2 0.2 220 0 14.8 16.3 7.5 2.5 4 1 3 2 2
1605.6 -6597.1 1.7 299 0 9.9 13.7 7.5 2.5 4 1 3 0 0
1704.5 -6533.9 -0.5 30 0 11.6 12.4 5.0 2.5 2 1 2 2 2
1686.4 -6553.0 -0.2 23 0 15.9 13.0 5.0 2.5 2 0 2 4 4
1707.5 -6560.9 -1.1 232 0 12.2 10.4 2.5 2.5 2 0 1 3 3
1685.2 -6622.8 -1.0 133 0 18.6 14.2 7.5 2.5 2 0 3 1 1
1781.8 -6611.2 -3.6 237 0 13.1 14.8 5.0 2.5 2 1 2 4 4
1742.5 -6631.0 -2.7 242 0 21.8 14.0 7.5 2.5 2 0 3 5 5
1779.9 -6683.4 -3.7 333 0 10.4 8.6 7.5 2.5 2 0 3 0 0
1767.5 -6756.1 -4.0 311 0 11.5 9.7 7.5 2.5 2 0 3 5 5
1757.1 -6739.2 -3.5 336 0 11.3 8.0 7.5 2.5 2 0 3 4 4
1756.6 -6701.1 -3.6 144 0 20.3 12.9 10.0 0.0 0 0 4 0 0
1832.6 -6661.6 -4.7 53 0 17.1 12.5 5.0 2.5 2 0 2 4 4
1800.1 -6675.1 -4.6 154 0 21.2 15.4 10.0 2.5 2 0 4 2 2
1874.9 -6707.7 -5.3 66 0 9.7 12.3 7.5 2.5 2 1 3 2 2
1861.4 -6712.3 -5.2 64 0 10.9 9.2 5.0 2.5 2 0 2 0 0
1825.1 -6754.3 -5.2 243 0 11.5 9.5 5.0 2.5 2 0 2 4 4
1816.7 -6700.8 -4.8 242 0 12.4 13.2 7.5 0.0 0 1 3 4 4
1821.6 -6722.5 -5.0 245 0 12.4 11.3 2.5 2.5 2 0 1 3 3
1788.4 -6849.7 -5.3 232 0 10.5 10.0 7.5 2.5 4 0 3 3 3
1805.8 -6786.5 -5.0 310 0 4.3 10.0 7.5 2.5 2 1 3 1 1
1820.3 -6798.0 -5.2 315 0 5.2 9.7 5.0 2.5 2 1 2 2 2
1812.8 -6792.5 -5.1 311 0 6.8 10.7 7.5 2.5 2 1 3 0 0
1841.2 -6783.5 -5.5 137 0 15.1 13.8 2.5 2.5 2 0 1 5 5
1881.6 -6772.3 -5.7 21 0 10.9 10.4 5.0 2.5 2 0 2 2 2
1856.5 -6797.9 -5.7 132 0 18.7 18.6 10.0 2.5 2 0 4 4 4
1861.4 -6959.4 -6.3 23 0 13.6 9.9 7.5 2.5 2 0 3 2 2
1734.1 -6973.6 -4.7 264 0 10.7 10.7 5.0 2.5 2 1 2 3 3
1735.3 -7004.9 -4.8 86 0 9.1 11.2 7.5 2.5 2 1 3 5 5
1752.8 -6970.5 -5.1 266 0 9.1 9.8 7.5 2.5 2 1 3 4 4
1754.2 -6998.4 -5.3 83 0 9.5 10.3 7.5 2.5 4 1 3 2 2
1927.1 -7076.6 -7.2 211 0 10.3 9.7 5.0 2.5 2 0 2 1 1
2150.6 -6824.7 -9.8 201 0 9.0 7.6 2.5 2.5 2 0 1 3 3
1947.1 -6972.4 -8.1 46 0 12.5 10.0 7.5 0.0 0 0 3 3 3
1977.2 -6970.1 -8.2 287 0 12.0 10.4 5.0 2.5 2 0 2 2 2
1987.7 -7011.1 -8.0 143 0 15.1 10.1 5.0 2.5 4 0 2 4 4
1994.7 -6973.7 -8.2 285 0 11.8 8.1 7.5 2.5 2 0 3 4 4
2017.0 -6982.7 -8.2 322 0 12.6 9.4 2.5 2.5 2 0 1 3 3
2069.8 -7090.2 -7.3 97 0 12.8 10.2 5.0 2.5 2 0 2 5 5
2179.5 -6871.4 -9.3 270 0 10.6 19.3 5.0 2.5 2 1 2 4 4
2132.3 -6828.9 -9.7 209 0 10.9 20.6 5.0 2.5 2 1 2 1 1
2139.1 -6868.3 -9.4 110 0 15.6 9.8 7.5 0.0 0 0 3 0 0
2327.7 -6722.9 -10.9 179 0 10.2 7.0 2.5 2.5 2 0 1 5 5
2332.7 -6797.0 -10.5 180 0 11.6 9.4 5.0 2.5 2 0 2 5 5
2307.9 -6864.9 -9.6 72 0 6.8 9.3 7.5 0.0 0 1 3 4 4
2272.2 -6827.3 -9.9 256 0 10.4 9.6 7.5 2.5 2 0 3 1 1
2257.3 -6875.9 -9.5 81 0 8.1 15.5 7.5 2.5 2 1 3 4 4
2213.1 -6841.4 -9.7 255 0 10.2 12.7 2.5 2.5 2 1 1 3 3
2226.8 -6801.9 -10.1 171 0 14.8 15.6 7.5 2.5 2 1 3 1 1
2491.5 -7483.8 -0.9 117 0 9.1 8.4 2.5 2.5 2 0 1 5 5
2430.1 -7430.8 -4.2 19 0 14.2 14.9 5.0 2.5 2 1 2 5 5
2400.2 -7400.3 -5.3 259 0 10.4 13.9 2.5 2.5 2 1 1 3 3
2407.4 -7373.6 -6.3 215 0 20.7 12.0 10.0 2.5 2 0 4 2 2
2458.2 -7392.7 -5.9 280 0 12.1 15.6 7.5 2.5 2 1 3 5 5
2466.8 -7423.2 -4.9 243 0 11.4 12.3 7.5 2.5 2 1 3 4 4
2452.2 -7439.2 -3.5 230 0 12.6 10.1 5.0 2.5 2 0 2 4 4
2492.6 -7500.8 0.7 313 0 21.2 14.7 12.5 0.0 0 0 5 3 3
2431.5 -7481.8 0.2 6 0 8.8 13.4 7.5 2.5 2 1 3 4 4
2395.5 -7542.8 5.3 192 0 16.4 12.4 5.0 2.5 2 0 2 5 5
2354.4 -7527.1 5.0 26 0 12.5 9.3 5.0 2.5 2 0 2 5 5
2349.8 -7416.4 -4.2 89 0 8.0 9.7 7.5 2.5 2 1 3 0 0
2321.9 -7436.7 -1.3 276 0 12.8 11.3 2.5 2.5 2 0 1 4 4
2272.6 -7427.6 -1.3 274 0 11.8 11.2 5.0 2.5 2 0 2 1 1
2273.2 -7488.5 3.4 98 0 9.4 15.1 5.0 2.5 2 1 2 2 2
2225.0 -7481.0 5.2 100 0 8.1 10.7 7.5 2.5 2 1 3 3 3
2170.9 -7401.8 0.4 222 0 7.3 10.5 7.5 2.5 2 1 3 1 1
2120.1 -7364.6 -4.5 98 0 14.0 18.2 12.5 2.5 2 1 5 1 1
2164.3 -7362.9 -4.7 12 0 18.2 9.9 2.5 2.5 2 0 1 1 1
2189.0 -7338.7 -5.1 190 0 13.7 13.7 5.0 2.5 2 0 2 5 5
2145.0 -7307.3 -5.3 281 0 11.4 8.1 5.0 2.5 2 0 2 5 5
2142.8 -7319.9 -5.2 279 0 10.1 8.1 2.5 2.5 4 0 1 2 2
2142.4 -7279.3 -5.7 122 0 8.7 18.9 5.0 2.5 2 1 2 3 3
2118.9 -7306.2 -5.2 271 0 10.0 9.7 7.5 2.5 2 0 3 3 3
2112.5 -7324.9 -5.1 185 0 8.0 9.0 7.5 2.5 2 1 3 2 2
2062.1 -7355.4 -3.7 10 0 8.6 12.0 2.5 2.5 2 1 1 0 0
2024.9 -7343.9 -3.9 95 0 12.3 13.8 7.5 2.5 2 1 3 5 5
2024.4 -7368.7 -3.2 88 0 11.0 13.9 10.0 2.5 2 1 4 1 1
1942.2 -7267.9 -5.0 359 0 9.7 9.9 5.0 2.5 2 1 2 3 3
1982.8 -7267.2 -5.6 65 0 11.1 10.3 7.5 2.5 2 0 3 2 2
1999.0 -7318.5 -4.2 181 0 9.5 9.4 7.5 2.5 2 0 3 2 2
1982.4 -7321.6 -3.9 179 0 7.9 8.5 2.5 2.5 2 1 1 5 5
1982.5 -7300.2 -4.7 181 0 11.5 20.4 7.5 2.5 2 1 3 1 1
2005.6 -7245.8 -5.8 61 0 9.0 10.3 5.0 2.5 2 1 2 2 2
2075.7 -7177.5 -6.4 255 0 12.6 16.2 5.0 2.5 2 1 2 5 5
2063.8 -7299.3 -5.3 5 0 14.0 21.3 10.0 2.5 2 1 4 4 4
2099.7 -7284.4 -5.5 299 0 14.0 12.4 7.5 2.5 2 0 3 1 1
2232.1 -7176.6 -6.6 359 0 8.0 13.6 2.5 2.5 4 1 1 3 3
2233.1 -7225.1 -6.2 89 0 11.6 10.5 5.0 2.5 2 0 2 1 1
2216.0 -7085.4 -7.4 280 0 7.6 13.0 7.5 2.5 4 1 3 0 0
2198.2 -7078.8 -7.4 269 0 12.2 8.2 5.0 2.5 2 0 2 1 1
2212.7 -7054.0 -7.8 104 0 9.1 13.8 5.0 2.5 2 1 2 1 1
2198.0 -7053.5 -7.8 105 0 7.6 17.2 5.0 2.5 2 1 2 0 0
2259.0 -7046.7 -7.9 20 0 11.4 9.2 7.5 2.5 4 0 3 1 1
2252.2 -7061.2 -7.7 15 0 8.9 15.7 5.0 2.5 2 1 2 2 2
2304.5 -7077.7 -8.2 32 0 14.1 9.1 2.5 2.5 2 0 1 3 3
2293.9 -7033.0 -8.4 204 0 6.5 13.7 5.0 2.5 4 1 2 3 3
2339.3 -6948.3 -9.6 0 0 8.0 9.4 2.5 2.5 2 1 1 4 4
2341.4 -6971.6 -9.7 89 0 18.9 9.0 7.5 2.5 4 0 3 3 3
2317.7 -6886.6 -9.6 274 0 9.7 8.4 7.5 2.5 2 0 3 3 3
2306.9 -6931.4 -9.2 182 0 6.7 7.3 5.0 2.5 2 1 2 5 5
2269.4 -6898.2 -9.2 275 0 7.6 12.5 2.5 2.5 2 1 1 0 0
2261.5 -6947.1 -8.8 180 0 16.3 8.6 7.5 0.0 0 0 3 1 1
2263.9 -7310.8 -6.0 259 0 11.9 9.9 2.5 2.5 2 0 1 1 1
2286.3 -7360.4 -5.7 29 0 14.7 25.5 7.5 2.5 2 1 3 2 2
2383.6 -7373.3 -6.1 37 0 12.0 9.2 7.5 2.5 2 0 3 1 1
2360.5 -7367.4 -6.2 119 0 7.6 11.3 5.0 2.5 4 1 2 0 0
2343.9 -7359.1 -6.3 121 0 11.4 13.6 5.0 2.5 2 1 2 2 2
2364.9 -7325.7 -6.7 305 0 14.1 11.4 5.0 2.5 2 0 2 2 2
2329.3 -7347.2 -6.3 98 0 6.5 11.9 7.5 2.5 2 1 3 5 5
2343.8 -7321.6 -6.6 273 0 10.9 7.9 2.5 2.5 4 0 1 4 4
2336.6 -7280.2 -7.1 356 0 13.2 15.5 2.5 2.5 2 1 1 1 1
2355.1 -7245.1 -7.8 175 0 10.5 13.7 7.5 2.5 2 1 3 5 5
2355.5 -7266.8 -7.5 180 0 12.3 10.0 10.0 2.5 2 0 4 0 0
2317.5 -7234.5 -7.6 100 0 9.7 13.1 5.0 2.5 2 1 2 5 5
2355.4 -7178.4 -8.6 175 0 11.7 8.9 7.5 2.5 2 0 3 3 3
2365.6 -7185.5 -8.7 179 0 8.3 17.0 7.5 2.5 2 1 3 0 0
2388.7 -7118.9 -9.5 216 0 9.8 8.8 7.5 2.5 2 0 3 0 0
2379.7 -7132.6 -9.3 212 0 8.5 9.7 2.5 2.5 2 1 1 0 0
2372.6 -7095.3 -9.5 32 0 13.9 7.6 7.5 2.5 2 0 3 2 2
2387.7 -7058.3 -10.0 310 0 9.9 11.5 7.5 2.5 2 1 3 4 4
2373.3 -7011.6 -10.1 165 0 16.1 13.7 2.5 2.5 2 0 1 2 2
2392.6 -6840.1 -11.4 234 0 10.6 7.7 5.0 2.5 2 0 2 0 0
2384.0 -6914.6 -10.8 240 0 12.1 13.6 7.5 2.5 2 1 3 3 3
2439.2 -6953.8 -11.6 307 0 8.4 8.6 7.5 2.5 4 1 3 2 2
2438.2 -6875.0 -12.2 222 0 13.3 16.4 7.5 0.0 0 1 3 5 5
2427.1 -6890.4 -11.8 235 0 13.4 14.1 5.0 2.5 2 1 2 5 5
2457.8 -6939.0 -12.3 141 0 8.8 13.4 5.0 2.5 2 1 2 0 0
2425.9 -6764.9 -12.3 332 0 16.0 9.8 5.0 2.5 2 0 2 3 3
2405.9 -6795.8 -12.1 155 0 17.4 16.3 7.5 2.5 2 0 3 5 5
-816.8 -4926.5 -23.7 341 0 18.0 23.6 10.0 2.5 2 1 4 1 1
-1033.4 -4965.9 -20.8 268 0 14.8 20.1 7.5 2.5 2 1 3 1 1
-1109.4 -4969.1 -20.9 265 0 17.9 13.7 7.5 2.5 2 0 3 0 0
-1133.7 -4973.5 -21.2 269 0 13.5 26.5 10.0 2.5 2 1 4 4 4
-1156.8 -5013.0 -21.4 90 0 12.4 34.8 5.0 2.5 2 1 2 5 5
-1367.1 -4982.4 -18.8 276 0 23.9 10.9 7.5 0.0 0 0 3 4 4
-1397.8 -4996.8 -18.1 93 0 15.4 9.8 5.0 2.5 4 0 2 0 0
-1415.2 -4997.1 -17.7 94 0 12.1 12.7 7.5 2.5 2 1 3 4 4
-1491.7 -5087.5 -16.4 7 0 8.0 8.8 7.5 2.5 2 1 3 5 5
-1485.0 -5068.1 -16.4 12 0 12.5 14.2 7.5 2.5 2 1 3 4 4
-1481.2 -5032.3 -16.3 4 0 11.5 14.4 10.0 2.5 2 1 4 4 4
-1479.3 -5020.9 -16.3 6 0 5.4 15.4 2.5 2.5 2 1 1 2 2
-1477.2 -5011.2 -16.2 6 0 8.6 14.9 5.0 2.5 2 1 2 3 3
-1467.0 -4993.6 -16.4 7 0 22.7 27.0 12.5 0.0 0 1 5 0 0
-1930.5 -5052.3 -18.0 337 0 11.7 7.1 7.5 2.5 2 0 3 1 1
-1945.5 -5049.9 -17.9 249 0 5.1 10.5 2.5 2.5 2 1 1 4 4
-1956.2 -5070.7 -18.4 67 0 8.9 15.6 7.5 2.5 2 1 3 0 0
-1998.7 -5079.8 -19.4 160 0 41.7 26.7 7.5 0.0 0 0 3 2 2
-1856.0 -5011.9 -18.5 70 0 11.6 11.4 2.5 2.5 4 0 1 2 2
-1875.8 -5018.0 -18.6 161 0 19.2 12.0 2.5 2.5 2 0 1 4 4
-1902.6 -4934.8 -17.0 180 0 9.1 35.3 7.5 2.5 2 1 3 5 5
-1838.4 -4860.3 -16.1 355 0 11.3 14.6 5.0 2.5 2 1 2 3 3
-1814.4 -4903.3 -17.3 359 0 15.6 13.9 5.0 2.5 2 0 2 5 5
-1856.4 -4926.9 -17.0 92 0 14.4 18.5 7.5 2.5 4 1 3 5 5
-1860.7 -4787.6 -14.7 179 0 12.0 17.4 5.0 2.5 2 1 2 1 1
-1863.8 -4811.6 -15.0 178 0 6.7 11.9 7.5 2.5 2 1 3 3 3
-1868.5 -4820.1 -15.1 182 0 6.5 14.8 7.5 2.5 2 1 3 1 1
-1869.3 -4829.3 -15.2 182 0 6.2 13.6 7.5 2.5 2 1 3 1 1
-1870.1 -4841.0 -15.4 175 0 9.5 12.7 7.5 2.5 2 1 3 0 0
-1985.4 -4692.1 -23.0 159 0 99.5 27.6 10.0 0.0 0 0 4 1 1
-1936.9 -4752.1 -17.3 166 0 31.6 31.6 10.0 0.0 0 0 4 1 1
-3756.8 -5651.1 -22.2 254 0 17.4 7.6 7.5 0.0 0 0 3 2 2
-3767.5 -5812.7 -19.0 163 0 13.0 11.8 7.5 2.5 2 0 3 3 3
-3757.2 -6062.1 -14.3 343 0 23.5 10.3 2.5 2.5 2 0 1 3 3
-3790.4 -6032.7 -14.5 270 0 7.6 14.4 2.5 0.0 0 1 1 2 2
-3805.5 -6063.4 -13.7 179 0 19.2 10.0 5.0 2.5 2 0 2 4 4
-3636.6 -6074.1 -13.2 321 0 14.0 18.0 7.5 2.5 2 1 3 0 0
-3681.6 -6062.2 -13.7 166 0 16.3 16.3 10.0 2.5 2 1 4 3 3
-3369.4 -6018.6 -4.3 226 0 11.0 13.0 2.5 2.5 2 1 1 4 4
-3503.1 -5620.3 -21.4 354 0 17.1 12.2 5.0 0.0 0 0 2 2 2
-3509.1 -5690.8 -20.5 180 0 7.0 23.9 7.5 2.5 4 1 3 5 5
-3449.1 -5894.8 -13.7 84 0 24.0 13.7 10.0 2.5 2 0 4 0 0
-3471.8 -5907.5 -14.4 77 0 11.0 19.7 5.0 2.5 2 1 2 2 2
-3063.4 -5596.9 -24.1 81 0 9.2 14.1 7.5 2.5 2 1 3 4 4
-3146.0 -5661.4 -15.1 259 0 15.1 20.0 10.0 2.5 2 1 4 3 3
-2585.5 -5101.3 -24.3 70 0 15.6 20.7 10.0 2.5 4 1 4 3 3
-2611.3 -5066.3 -24.7 1 0 22.5 17.9 7.5 2.5 2 0 3 5 5
-2621.8 -5025.6 -24.9 267 0 18.7 20.2 10.0 2.5 2 1 4 1 1
-2626.8 -5002.6 -25.2 270 0 17.2 11.8 5.0 2.5 4 0 2 2 2
-2596.2 -5180.0 -23.7 18 0 15.6 21.6 7.5 2.5 2 1 3 1 1
-2575.0 -5195.0 -23.2 183 0 16.6 16.5 7.5 2.5 2 0 3 2 2
-2568.8 -5169.4 -23.4 174 0 10.0 16.5 5.0 2.5 2 1 2 3 3
-2567.4 -5150.3 -23.7 170 0 12.1 24.2 10.0 2.5 2 1 4 5 5
-2653.2 -5147.4 -24.2 60 0 10.6 17.9 7.5 2.5 2 1 3 2 2
-2673.9 -5101.8 -24.6 158 0 17.5 12.1 7.5 2.5 2 0 3 2 2
-2685.6 -5083.3 -24.9 162 0 14.8 10.8 7.5 2.5 2 0 3 0 0
-2453.9 -5872.4 -0.6 66 0 9.9 10.2 2.5 2.5 2 1 1 5 5
-2570.3 -5699.2 -16.4 76 0 8.2 11.6 5.0 2.5 2 1 2 4 4
-2570.9 -5636.2 -17.1 357 0 9.6 10.5 5.0 2.5 2 1 2 0 0
-2584.7 -5706.3 -16.5 82 0 8.9 8.6 5.0 2.5 2 0 2 5 5
-2651.6 -5694.4 -17.9 176 0 15.1 12.4 7.5 2.5 2 0 3 5 5
-2895.7 -5460.0 -22.9 258 0 8.1 8.8 2.5 2.5 2 1 1 0 0
-2874.3 -5479.8 -22.8 344 0 35.4 6.9 7.5 2.5 4 0 3 5 5
-2568.1 -5320.0 -21.9 259 0 27.7 7.1 2.5 2.5 2 0 1 5 5
-2617.8 -5327.2 -22.0 258 0 11.6 9.1 5.0 2.5 2 0 2 1 1
-2633.3 -5329.0 -22.0 259 0 13.9 12.4 2.5 0.0 0 0 1 2 2
-2646.1 -5361.3 -22.0 76 0 9.8 26.6 7.5 2.5 2 1 3 4 4
-2666.4 -5342.1 -22.0 262 0 16.9 11.4 5.0 2.5 2 0 2 3 3
-2691.6 -5342.9 -22.0 258 0 18.8 19.1 7.5 2.5 2 1 3 2 2
-2724.7 -5352.9 -22.0 261 0 12.3 12.8 5.0 2.5 2 1 2 5 5
-2753.4 -5353.2 -22.1 257 0 14.5 16.6 2.5 2.5 2 1 1 5 5
-2779.5 -5362.2 -22.1 257 0 31.9 7.9 7.5 2.5 2 0 3 2 2
-2828.9 -5374.2 -22.1 255 0 36.6 8.4 7.5 2.5 2 0 3 5 5
-2871.0 -5387.6 -22.0 167 0 9.3 22.5 7.5 2.5 2 1 3 0 0
-2638.7 -5128.1 -24.3 69 0 15.3 13.3 5.0 2.5 2 0 2 4 4
-2683.5 -5011.5 -25.4 266 0 15.4 13.9 7.5 2.5 2 0 3 1 1
-2688.0 -5043.5 -25.2 181 0 24.0 13.1 7.5 2.5 2 0 3 3 3
-2627.0 -5188.2 -23.8 65 0 12.5 24.8 5.0 2.5 2 1 2 3 3
-2663.5 -4989.1 -25.6 66 0 13.1 18.1 2.5 2.5 2 1 1 0 0
-2696.6 -4978.9 -25.7 242 0 13.3 20.0 10.0 2.5 2 1 4 3 3
-2601.0 -5131.5 -24.1 67 0 21.7 22.6 10.0 2.5 2 1 4 2 2
-2580.4 -5005.2 -25.2 338 0 26.3 19.0 10.0 2.5 2 0 4 2 2
-2568.9 -5036.5 -24.9 339 0 26.7 19.1 7.5 0.0 0 0 3 0 0
-2559.1 -5067.2 -24.6 340 0 26.0 18.6 10.0 2.5 2 0 4 1 1
-4981.4 -5764.2 -23.6 24 0 17.9 25.1 12.5 2.5 2 1 5 2 2
-4516.0 -5878.8 -23.8 197 0 17.7 10.7 5.0 2.5 2 0 2 1 1
-4544.7 -5907.8 -23.3 194 0 12.8 12.3 7.5 2.5 2 0 3 1 1
-4482.6 -5922.7 -23.1 106 0 14.2 13.4 7.5 0.0 0 0 3 3 3
-4419.4 -5921.2 -23.1 110 0 14.2 29.2 5.0 2.5 2 1 2 5 5
-4387.3 -5873.9 -22.9 281 0 8.5 24.2 2.5 2.5 2 1 1 2 2
-4403.3 -5928.6 -22.8 110 0 14.8 17.2 7.5 2.5 2 1 3 5 5
-4346.5 -5958.5 -20.5 85 0 12.0 9.4 5.0 2.5 2 0 2 3 3
-4368.7 -5925.3 -22.5 105 0 10.7 38.2 7.5 2.5 2 1 3 0 0
-4371.8 -5938.3 -22.5 115 0 38.1 10.0 12.5 2.5 2 0 5 2 2
-4321.8 -5907.4 -22.3 20 0 10.3 31.7 10.0 0.0 0 1 4 0 0
-5110.3 -5545.9 -24.5 15 0 29.4 6.4 5.0 2.5 2 0 2 3 3
-5102.8 -5547.8 -24.8 196 0 42.9 7.3 5.0 0.0 0 0 2 3 3
-5077.0 -5529.2 -25.0 291 0 7.5 43.4 7.5 2.5 4 1 3 5 5
-5089.0 -5732.0 -23.2 207 0 14.3 26.6 7.5 0.0 0 1 3 3 3
-5029.5 -5657.2 -23.3 204 0 8.6 13.3 7.5 0.0 0 1 3 2 2
-5119.1 -5709.9 -22.9 20 0 7.2 8.5 7.5 2.5 2 1 3 5 5
-5124.0 -5723.0 -22.9 21 0 12.0 9.2 7.5 2.5 2 0 3 3 3
-5137.6 -5637.3 -22.8 201 0 11.0 6.8 7.5 0.0 0 0 3 0 0
-5137.0 -5655.5 -22.9 199 0 14.7 11.3 2.5 2.5 2 0 1 1 1
-5149.4 -5682.3 -22.8 202 0 14.9 11.9 5.0 2.5 2 0 2 5 5
-5112.2 -5644.4 -23.1 201 0 28.2 14.3 7.5 2.5 2 0 3 2 2
-5097.9 -5607.9 -23.5 198 0 9.8 7.8 2.5 2.5 2 0 1 4 4
-5077.0 -5592.4 -24.1 200 0 7.8 7.4 5.0 2.5 2 0 2 0 0
-5084.6 -5612.1 -23.7 197 0 11.1 8.6 7.5 2.5 2 0 3 2 2
-5046.5 -5601.9 -24.1 17 0 12.6 16.1 7.5 0.0 0 1 3 3 3
-5085.1 -5661.1 -23.1 19 0 10.8 10.5 5.0 2.5 2 0 2 4 4
-5052.0 -5645.2 -23.4 19 0 13.4 12.4 5.0 2.5 2 0 2 5 5
-4861.2 -5650.7 -24.6 201 0 12.4 11.4 7.5 2.5 4 0 3 4 4
-4861.0 -5707.0 -23.8 20 0 10.3 7.1 2.5 2.5 2 0 1 5 5
-4865.2 -5682.5 -24.0 292 0 8.6 12.1 7.5 2.5 2 1 3 2 2
-4939.5 -5698.0 -23.5 147 0 7.1 12.4 5.0 2.5 2 1 2 3 3
-4968.3 -5725.4 -23.6 21 0 16.1 27.0 7.5 2.5 2 1 3 5 5
-4963.2 -5703.3 -23.6 22 0 12.8 16.7 7.5 2.5 2 1 3 0 0
-4974.8 -5779.3 -23.7 199 0 9.9 23.5 7.5 2.5 2 1 3 0 0
-4960.8 -5899.6 -23.6 283 0 14.7 26.9 10.0 2.5 2 1 4 5 5
-4988.3 -5892.3 -23.5 200 0 8.5 14.6 7.5 2.5 2 1 3 5 5
-4954.0 -5939.6 -23.1 287 0 9.0 10.4 7.5 2.5 2 1 3 1 1
-4861.9 -5946.2 -22.4 204 0 5.9 8.2 5.0 2.5 2 1 2 5 5
-4872.5 -5936.0 -23.1 207 0 18.2 10.2 5.0 2.5 2 0 2 3 3
-4800.8 -5912.5 -23.8 27 0 12.1 17.5 7.5 2.5 2 1 3 5 5
-4700.3 -5860.7 -23.8 303 0 11.1 8.3 5.0 2.5 2 0 2 1 1
-4704.6 -5877.3 -23.8 33 0 8.6 7.2 7.5 2.5 2 0 3 0 0
-4741.9 -5879.9 -23.8 29 0 10.5 16.3 7.5 2.5 2 1 3 3 3
-4893.1 -6099.1 -20.3 212 0 7.9 7.2 2.5 2.5 2 0 1 1 1
-4928.0 -6046.0 -21.8 211 0 13.1 26.0 12.5 2.5 2 1 5 5 5
-4905.8 -6085.5 -21.1 29 0 8.8 12.5 5.0 2.5 2 1 2 2 2
-4933.4 -6086.2 -21.3 202 0 10.4 7.8 7.5 2.5 2 0 3 2 2
-4826.3 -5937.6 -23.0 27 0 12.0 11.9 2.5 2.5 2 0 1 4 4
-4854.6 -5997.9 -21.5 360 0 14.1 12.3 2.5 2.5 2 0 1 0 0
-4722.6 -6004.4 -20.6 82 0 11.3 11.0 7.5 2.5 2 0 3 0 0
-4749.7 -5961.9 -21.9 180 0 12.8 16.8 10.0 2.5 2 1 4 1 1
-4755.5 -5932.1 -22.9 209 0 10.0 11.5 2.5 2.5 2 1 1 1 1
-4609.1 -6017.0 -19.9 82 0 10.0 10.2 7.5 2.5 2 1 3 4 4
-4635.1 -6012.5 -19.8 262 0 12.8 11.6 10.0 0.0 0 0 4 5 5
-4669.6 -5956.5 -21.9 293 0 19.9 15.2 7.5 2.5 2 0 3 5 5
-4773.3 -5730.2 -24.1 13 0 7.5 45.4 7.5 2.5 2 1 3 1 1
-4647.5 -5616.6 -26.1 211 0 23.2 11.5 2.5 2.5 2 0 1 4 4
-5153.5 -5521.1 -24.0 287 0 7.2 32.6 5.0 2.5 2 1 2 5 5
-5209.8 -5516.7 -23.9 274 0 38.2 11.0 7.5 2.5 2 0 3 3 3
-5252.1 -5537.5 -22.7 198 0 17.2 12.4 5.0 2.5 2 0 2 2 2
-5242.8 -5511.7 -23.3 284 0 22.0 11.9 7.5 2.5 2 0 3 3 3
-5262.3 -5556.5 -22.2 200 0 23.9 15.3 10.0 2.5 2 0 4 3 3
-4791.3 -5451.6 -27.9 274 0 6.9 9.1 7.5 2.5 2 1 3 5 5
-4784.1 -5504.8 -27.1 250 0 11.0 15.6 7.5 2.5 2 1 3 1 1
-5044.3 -5550.4 -25.0 284 0 20.4 14.2 7.5 2.5 2 0 3 2 2
777.2 -6100.8 -1.6 334 0 15.5 13.6 10.0 2.5 4 0 4 1 1
773.7 -6412.8 1.7 9 0 29.4 12.2 7.5 2.5 2 0 3 5 5
2470.4 -6862.8 -13.1 125 0 19.6 17.0 10.0 2.5 2 0 4 4 4
1977.0 -6470.5 -5.2 294 0 20.2 25.2 10.0 2.5 2 1 4 2 2
1940.4 -6454.9 -4.8 293 0 19.5 22.1 7.5 2.5 2 1 3 2 2
2044.5 -6689.1 -6.6 240 0 26.7 10.1 10.0 2.5 2 0 4 1 1
2464.0 -6714.9 -13.9 112 0 17.2 27.5 10.0 2.5 2 1 4 0 0
2363.4 -6634.3 -12.0 295 0 17.0 7.8 5.0 2.5 2 0 2 3 3
2282.6 -6603.6 -10.4 23 0 4.8 29.6 7.5 2.5 2 1 3 2 2
2447.2 -5516.8 -24.9 210 0 13.0 19.4 7.5 2.5 4 1 3 1 1
2454.1 -5789.0 -21.3 284 0 8.6 22.3 7.5 2.5 2 1 3 3 3
2475.3 -5883.7 -21.7 39 0 15.7 26.9 7.5 0.0 0 1 3 3 3
