-6626.7 88.6 126.8 299 0 20.4 10.4 2.5 2.5 2 0 1 3 3
-3946.5 -590.8 136.0 156 0 9.3 10.6 7.5 2.5 2 1 3 4 4
-2157.2 -970.4 57.6 76 0 10.5 9.1 7.5 2.5 2 0 3 5 5
-4046.8 -485.4 132.2 97 0 7.3 12.1 5.0 2.5 2 1 2 2 2
-4026.7 -494.5 130.7 59 0 16.4 12.6 7.5 2.5 2 0 3 0 0
-4259.7 -299.3 123.6 129 0 13.8 21.2 10.0 0.0 0 1 4 4 4
-3617.5 -612.7 113.0 87 0 21.0 22.0 15.0 0.0 0 1 6 0 0
-4057.5 -478.4 132.3 92 0 7.9 14.6 7.5 2.5 2 1 3 0 0
-1777.7 -1371.7 -51.6 260 0 12.4 10.0 2.5 2.5 2 0 1 4 4
-4123.6 -479.5 146.9 292 0 14.1 12.8 7.5 2.5 2 0 3 4 4
-1866.1 -1405.8 -55.7 90 0 11.9 19.0 5.0 2.5 2 1 2 1 1
-3298.3 -1375.3 121.8 335 0 10.1 7.8 7.5 2.5 2 0 3 4 4
-1797.4 -1382.7 -52.5 183 0 10.1 6.4 7.5 0.0 0 0 3 4 4
-6769.8 213.1 99.0 278 0 10.3 11.9 5.0 2.5 2 1 2 1 1
-4097.1 -534.5 149.6 149 0 19.7 14.3 10.0 2.5 2 0 4 1 1
-3258.2 -1275.6 141.9 247 0 9.1 7.6 5.0 2.5 2 0 2 2 2
-2778.9 -647.2 81.2 48 0 11.8 10.5 10.0 2.5 2 0 4 4 4
-2775.0 -661.9 84.8 211 0 13.4 11.2 2.5 0.0 0 0 1 3 3
-1868.9 -1245.0 -31.4 2 0 11.2 8.7 5.0 0.0 0 0 2 0 0
-1763.8 -1394.8 -53.6 83 0 10.0 11.7 7.5 2.5 2 1 3 5 5
-3882.4 -592.2 125.2 84 0 10.8 18.3 10.0 2.5 2 1 4 1 1
-2968.4 -1363.1 70.8 73 0 13.2 7.8 7.5 2.5 2 0 3 5 5
-1891.9 -1228.3 -29.7 212 0 10.7 11.4 2.5 2.5 2 1 1 4 4
-3608.1 -1689.1 137.1 99 0 15.1 22.6 10.0 2.5 2 1 4 3 3
-4139.6 -399.2 134.3 109 0 14.2 14.5 7.5 2.5 2 1 3 0 0
-3626.6 -1355.3 180.4 45 0 5.7 5.8 7.5 0.0 0 1 3 4 4
-6379.5 -56.7 156.7 94 0 9.2 9.3 7.5 2.5 2 1 3 3 3
-3001.7 -1364.3 71.5 163 0 11.6 19.3 10.0 2.5 2 1 4 0 0
-4223.9 -236.8 113.3 214 0 12.7 10.3 7.5 2.5 2 0 3 3 3
-3899.6 -538.4 119.7 283 0 16.1 12.8 5.0 2.5 2 0 2 1 1
-3554.0 -586.2 105.0 56 0 15.5 17.8 10.0 2.5 2 1 4 4 4
-4513.1 -1605.1 254.7 221 0 10.0 9.9 2.5 2.5 2 0 1 3 3
-3931.5 -463.8 108.6 75 0 14.5 14.8 7.5 2.5 2 1 3 3 3
-6539.1 -24.8 140.3 90 0 8.9 11.3 7.5 2.5 2 1 3 4 4
-4456.2 -1613.4 236.1 325 0 10.5 8.8 7.5 2.5 2 0 3 0 0
-1640.0 -1390.3 -53.9 86 0 10.0 8.5 5.0 2.5 2 0 2 4 4
-2635.4 -670.4 103.8 76 0 6.1 7.3 5.0 2.5 2 1 2 3 3
-6529.6 118.7 114.8 82 0 15.0 17.5 12.5 2.5 2 1 5 5 5
-3832.2 -571.7 121.6 316 0 17.8 14.4 12.5 2.5 4 0 5 2 2
-6667.4 69.3 130.8 83 0 14.4 14.0 10.0 2.5 2 0 4 5 5
-2568.3 -616.6 90.8 92 0 10.1 10.8 5.0 2.5 2 1 2 0 0
-4069.6 -472.4 133.3 106 0 8.5 12.9 7.5 2.5 2 1 3 3 3
-3861.8 -556.2 117.9 306 0 16.5 12.1 2.5 2.5 2 0 1 2 2
-2337.8 -861.1 91.1 141 0 7.5 10.3 2.5 2.5 2 1 1 0 0
-4127.2 -416.4 134.6 148 0 10.5 11.7 5.0 2.5 2 1 2 5 5
-2054.5 -726.9 114.2 96 0 9.0 8.3 5.0 2.5 2 0 2 1 1
-6378.1 257.9 121.3 88 0 14.3 11.5 2.5 2.5 2 0 1 4 4
-1662.7 -1265.1 -23.0 87 0 10.9 8.0 7.5 2.5 4 0 3 0 0
-3972.0 -596.0 141.3 122 0 9.7 11.4 2.5 2.5 4 1 1 0 0
-6380.9 -149.8 175.7 79 0 13.0 18.9 7.5 2.5 2 1 3 3 3
-3818.6 -150.9 41.2 79 0 16.0 23.4 10.0 2.5 2 1 4 2 2
-1540.2 -1264.4 -26.1 326 0 7.9 11.5 7.5 2.5 2 1 3 5 5
3056.3 5195.8 -46.3 132 0 20.6 11.5 7.5 0.0 0 0 3 0 0
4397.8 5264.1 -155.3 92 0 12.6 15.9 7.5 0.0 0 1 3 4 4
3082.0 5225.8 -49.2 209 0 14.5 22.4 10.0 2.5 2 1 4 0 0
4389.9 5181.0 -152.9 176 0 11.9 11.4 2.5 2.5 2 0 1 0 0
3085.9 5265.8 -47.6 177 0 14.6 17.1 5.0 0.0 0 1 2 3 3
2897.5 5344.2 -28.8 136 0 26.2 13.5 10.0 2.5 2 0 4 0 0
3766.1 4989.1 -58.2 165 0 11.7 8.9 7.5 2.5 2 0 3 2 2
4410.6 5168.6 -153.0 237 0 6.8 11.9 2.5 2.5 2 1 1 3 3
3008.9 5324.4 -34.3 353 0 17.0 13.5 7.5 2.5 2 0 3 1 1
4392.4 5152.3 -152.4 153 0 10.2 14.2 5.0 2.5 2 1 2 1 1
4472.9 5267.1 -157.5 201 0 28.7 9.1 7.5 2.5 2 0 3 5 5
3013.2 5268.3 -38.1 118 0 13.8 19.6 10.0 2.5 2 1 4 5 5
4376.9 5134.8 -151.2 197 0 13.8 11.0 5.0 2.5 2 0 2 5 5
3088.5 5305.0 -46.5 188 0 15.6 14.3 5.0 2.5 2 0 2 3 3
5575.8 6041.9 -288.0 58 0 9.3 8.7 2.5 2.5 2 0 1 2 2
4397.9 5004.0 -153.1 166 0 18.4 15.5 17.5 0.0 0 0 7 3 3
3104.8 5436.3 -53.8 355 0 20.8 15.1 10.0 2.5 2 0 4 3 3
2844.6 5357.3 -31.5 138 0 9.2 11.3 5.0 2.5 2 1 2 3 3
2882.0 5355.3 -30.2 104 0 13.2 10.7 5.0 2.5 2 0 2 3 3
4178.6 5123.9 -122.2 175 0 7.4 9.2 7.5 2.5 2 1 3 0 0
2871.0 5386.9 -33.2 259 0 16.9 15.0 10.0 2.5 2 0 4 5 5
2916.0 5415.0 -35.1 238 0 23.3 49.8 12.5 2.5 4 1 5 5 5
4322.2 5133.4 -147.7 142 0 19.4 12.4 5.0 2.5 2 0 2 4 4
2954.6 5315.8 -28.6 88 0 11.0 14.4 5.0 2.5 2 1 2 1 1
4536.4 5367.5 -148.8 343 0 16.6 9.8 5.0 2.5 2 0 2 5 5
-6461.5 -3503.8 -34.7 219 0 13.2 12.2 10.0 2.5 2 0 4 2 2
-6922.6 -3629.5 -90.3 199 0 15.5 12.4 7.5 2.5 2 0 3 0 0
-6144.5 -3125.9 -173.8 26 0 13.0 15.8 2.5 2.5 2 1 1 1 1
-5771.2 -3171.8 -167.8 87 0 10.2 14.0 7.5 2.5 4 1 3 4 4
-6241.4 -3331.5 -108.8 45 0 11.2 12.7 5.0 2.5 2 1 2 3 3
-5970.1 -3859.5 -28.0 0 0 8.1 8.6 2.5 2.5 2 1 1 4 4
-6283.4 -3745.8 -0.6 59 0 13.9 13.9 2.5 2.5 2 1 1 1 1
-6499.4 -3118.6 -162.0 30 0 13.1 9.3 5.0 0.0 0 0 2 5 5
-5972.7 -3840.0 -26.9 274 0 7.6 8.7 7.5 2.5 2 1 3 1 1
-6930.8 -3832.7 -24.0 216 0 11.6 12.7 7.5 2.5 2 1 3 0 0
-6537.0 -3100.6 -163.3 90 0 8.7 15.1 5.0 2.5 2 1 2 0 0
-5901.9 -3820.8 -44.1 55 0 11.2 10.2 7.5 2.5 2 0 3 2 2
-6352.5 -3692.0 -4.3 210 0 6.0 8.2 5.0 2.5 2 0 2 3 3
-5844.0 -3549.5 -130.9 90 0 7.5 9.2 2.5 2.5 2 1 1 5 5
-6596.7 -3081.1 -162.0 43 0 10.2 9.6 7.5 2.5 2 0 3 5 5
-5998.6 -3863.6 -23.0 180 0 11.9 8.6 5.0 0.0 0 0 2 4 4
-5982.4 -3921.8 -29.9 0 0 8.1 8.6 7.5 2.5 2 1 3 3 3
-6928.8 -3710.1 -63.4 175 0 6.6 7.5 5.0 0.0 0 1 2 4 4
-1178.8 1057.2 102.8 268 0 7.8 7.8 2.5 0.0 0 1 1 3 3
5228.4 -1370.5 -213.1 125 0 9.2 7.0 7.5 2.5 2 0 3 1 1
-1388.5 7.5 225.2 80 0 9.6 5.7 7.5 2.5 2 0 3 1 1
-1038.9 911.5 128.7 211 0 15.7 14.7 5.0 0.0 0 0 2 3 3
1852.5 -4080.2 -449.4 89 0 13.1 9.2 7.5 2.5 2 0 3 2 2
-1832.2 906.5 94.2 356 0 7.6 14.2 5.0 2.5 2 1 2 1 1
-2155.7 1294.2 48.8 314 0 11.4 9.5 7.5 2.5 4 0 3 2 2
-1000.0 -168.8 192.1 320 0 11.4 16.8 5.0 2.5 2 1 2 1 1
1442.4 -322.4 138.5 347 0 7.1 14.2 7.5 2.5 2 1 3 5 5
-1014.1 -97.3 200.5 125 0 11.0 12.4 5.0 2.5 2 1 2 0 0
-1119.1 993.4 110.8 331 0 9.0 6.0 5.0 2.5 2 0 2 0 0
420.8 261.3 175.2 125 0 12.4 9.5 5.0 2.5 2 0 2 5 5
-1380.4 2280.0 -112.7 150 0 7.2 11.3 5.0 2.5 2 1 2 3 3
480.1 233.3 174.1 121 0 9.5 12.6 7.5 2.5 2 1 3 4 4
-1866.4 929.6 90.1 261 0 12.7 13.4 5.0 2.5 2 1 2 0 0
-2006.5 1745.2 -34.6 90 0 14.2 13.8 10.0 2.5 2 0 4 1 1
-1684.9 844.2 119.3 237 0 13.2 12.7 5.0 2.5 2 0 2 1 1
-2108.7 1287.5 45.6 180 0 6.9 7.8 7.5 2.5 4 1 3 0 0
5353.6 -1790.1 -214.2 97 0 11.2 11.3 5.0 2.5 2 1 2 0 0
3987.9 -557.4 -153.6 116 0 11.8 10.6 7.5 2.5 2 0 3 4 4
-1319.5 1963.1 -48.1 50 0 24.8 11.1 10.0 2.5 4 0 4 0 0
385.6 242.4 178.1 287 0 12.3 9.9 7.5 2.5 2 0 3 3 3
-1737.5 1051.9 85.3 70 0 16.6 16.5 10.0 2.5 2 0 4 4 4
-1949.2 1756.6 -34.8 274 0 25.4 15.4 10.0 2.5 2 0 4 5 5
-1686.1 817.3 120.0 57 0 13.2 12.7 5.0 0.0 0 0 2 5 5
4533.5 -481.6 -182.5 23 0 9.6 10.0 7.5 2.5 2 1 3 0 0
1709.2 -489.6 102.0 345 0 8.8 11.2 7.5 2.5 2 1 3 1 1
1725.8 -605.7 101.4 88 0 10.4 9.8 7.5 2.5 2 0 3 5 5
3488.1 -3411.9 -312.5 123 0 9.2 13.5 7.5 0.0 0 1 3 0 0
3847.2 -281.4 -195.8 73 0 11.7 13.3 5.0 2.5 2 1 2 3 3
-1808.2 1086.9 76.9 158 0 22.9 12.0 12.5 2.5 4 0 5 3 3
4483.6 -448.6 -183.8 321 0 9.5 10.5 7.5 2.5 4 1 3 1 1
5055.0 663.4 -268.5 134 0 12.8 11.9 5.0 2.5 2 0 2 4 4
3512.1 -3420.5 -316.8 54 0 5.3 10.6 7.5 2.5 2 1 3 1 1
3341.1 1970.9 -202.2 17 0 12.1 12.6 7.5 2.5 2 1 3 0 0
-1235.7 1994.4 -51.6 118 0 16.9 10.4 2.5 2.5 2 0 1 1 1
4832.8 -791.7 -149.5 40 0 14.6 12.8 2.5 2.5 2 0 1 4 4
1796.5 -4067.6 -448.0 223 0 8.1 8.1 7.5 0.0 0 1 3 2 2
3427.8 -3392.9 -305.7 172 0 5.3 12.8 2.5 2.5 2 1 1 1 1
-1206.6 1044.0 102.3 207 0 10.4 9.5 5.0 2.5 2 0 2 5 5
3274.6 2039.8 -208.4 264 0 8.1 8.0 7.5 0.0 0 0 3 4 4
-1018.8 879.4 138.4 117 0 11.4 10.1 2.5 2.5 2 0 1 2 2
-1805.2 911.6 96.2 354 0 7.1 8.5 5.0 2.5 2 1 2 4 4
-993.2 -221.8 189.3 123 0 12.0 15.1 2.5 2.5 2 1 1 4 4
-1163.1 1052.6 105.6 259 0 11.6 8.7 7.5 2.5 4 0 3 5 5
-951.5 845.4 148.4 311 0 10.9 6.6 2.5 2.5 4 0 1 2 2
678.3 2.7 174.8 55 0 11.5 9.6 5.0 2.5 2 0 2 1 1
-2115.3 1325.1 45.0 302 0 11.4 8.7 5.0 0.0 0 0 2 2 2
4782.4 -732.9 -158.8 236 0 8.9 16.2 7.5 2.5 4 1 3 1 1
-1424.6 753.3 133.1 149 0 11.4 10.7 10.0 0.0 0 0 4 5 5
-1506.9 2143.1 -109.9 42 0 8.5 23.6 2.5 2.5 2 1 1 4 4
-2106.5 1274.7 45.3 166 0 5.5 7.8 5.0 2.5 2 1 2 1 1
1707.0 -694.9 94.9 86 0 12.8 14.4 2.5 2.5 2 1 1 3 3
-929.1 -203.4 194.1 287 0 13.0 7.2 2.5 2.5 2 0 1 2 2
4048.7 -464.8 -169.7 125 0 11.5 10.8 5.0 2.5 2 0 2 2 2
-1695.1 803.2 120.6 57 0 13.2 12.7 5.0 2.5 4 0 2 0 0
-1379.7 1969.8 -55.0 149 0 8.4 19.5 5.0 2.5 2 1 2 4 4
468.8 217.9 175.6 285 0 14.2 9.9 7.5 2.5 4 0 3 4 4
-1977.3 1754.8 -34.4 265 0 10.7 6.5 7.5 2.5 2 0 3 5 5
1750.1 -613.6 100.4 36 0 8.5 12.2 5.0 2.5 2 1 2 1 1
4201.6 -267.8 -199.8 350 0 7.6 10.2 7.5 2.5 4 1 3 5 5
-1334.2 2019.3 -58.5 262 0 16.1 17.4 12.5 2.5 2 1 5 5 5
-1768.8 1051.5 84.3 159 0 14.8 11.4 5.0 2.5 2 0 2 3 3
-2127.3 1249.9 46.7 14 0 11.5 15.2 5.0 2.5 2 1 2 4 4
4514.0 -501.7 -176.7 4 0 7.2 7.4 7.5 2.5 2 1 3 3 3
1442.1 -203.3 169.2 92 0 11.1 8.2 2.5 2.5 2 0 1 0 0
5418.6 -1845.0 -214.5 35 0 9.2 9.6 2.5 2.5 2 1 1 2 2
4151.6 -273.3 -196.4 133 0 6.7 9.8 5.0 2.5 2 1 2 5 5
1398.8 -367.1 126.5 59 0 4.6 7.0 7.5 2.5 2 1 3 5 5
-1811.2 945.4 91.9 353 0 9.8 11.2 7.5 2.5 2 1 3 3 3
5090.3 629.8 -271.9 110 0 6.7 9.7 5.0 2.5 2 1 2 4 4
4546.2 -423.1 -192.5 230 0 10.2 10.1 5.0 2.5 2 0 2 2 2
1348.0 -345.0 128.9 90 0 8.8 6.6 7.5 0.0 0 0 3 5 5
5276.1 -1306.9 -234.7 43 0 8.3 12.0 5.0 0.0 0 1 2 3 3
5523.1 -1885.9 -242.5 79 0 8.6 8.2 5.0 0.0 0 0 2 3 3
4090.9 880.8 -271.9 66 0 4.5 8.7 2.5 2.5 2 1 1 1 1
2219.5 5039.0 -60.5 20 0 7.7 13.0 2.5 2.5 2 1 1 2 2
976.3 4922.4 34.2 106 0 21.8 13.1 12.5 0.0 0 0 5 3 3
522.0 5259.7 18.1 135 0 11.7 23.9 10.0 2.5 2 1 4 1 1
556.4 5258.3 18.5 43 0 14.6 10.7 5.0 2.5 2 0 2 4 4
1127.5 4763.5 12.8 67 0 9.6 11.7 7.5 2.5 2 1 3 3 3
611.3 5490.9 -38.3 270 0 8.1 9.6 2.5 2.5 2 1 1 1 1
1698.6 5268.3 -71.8 75 0 11.2 11.8 5.0 2.5 2 1 2 1 1
366.7 5632.9 -3.6 94 0 11.8 16.6 5.0 2.5 2 1 2 2 2
683.9 5196.7 13.8 113 0 8.4 15.8 5.0 2.5 2 1 2 5 5
2674.1 4853.5 -32.0 79 0 9.2 14.2 7.5 0.0 0 1 3 1 1
1272.5 4585.8 -5.1 115 0 13.0 9.2 5.0 2.5 2 0 2 3 3
2531.9 5083.0 -16.3 259 0 11.7 11.6 7.5 2.5 2 0 3 0 0
1693.0 5298.7 -75.6 270 0 9.7 10.9 5.0 2.5 2 1 2 4 4
1190.4 4917.3 21.7 119 0 10.5 12.0 7.5 2.5 2 1 3 3 3
597.6 5491.5 -37.1 277 0 8.5 8.6 2.5 2.5 2 1 1 3 3
1717.6 5272.3 -73.7 80 0 12.1 11.6 2.5 2.5 2 0 1 4 4
2197.9 5069.6 -60.9 189 0 7.8 9.5 5.0 2.5 2 1 2 4 4
-3793.6 5639.7 12.0 45 0 12.3 11.1 5.0 2.5 2 0 2 1 1
-4502.4 6110.3 15.5 295 0 5.9 10.9 7.5 2.5 2 1 3 3 3
-3842.1 5694.9 28.0 137 0 10.6 12.1 5.0 2.5 2 1 2 1 1
-3128.5 5090.5 -170.1 101 0 11.7 13.0 10.0 2.5 2 1 4 2 2
-3866.6 5743.4 42.3 235 0 12.1 12.0 2.5 2.5 2 0 1 1 1
-4332.5 6137.9 66.8 335 0 10.2 6.8 5.0 2.5 2 0 2 2 2
-4565.4 6028.0 23.4 256 0 8.4 10.0 5.0 2.5 4 1 2 5 5
-4551.9 6034.7 22.9 262 0 7.9 17.6 2.5 2.5 2 1 1 0 0
-3817.9 5667.8 19.4 133 0 9.6 12.1 2.5 2.5 2 1 1 3 3
-3850.5 5724.9 34.4 228 0 12.7 11.0 7.5 2.5 2 0 3 2 2
-3517.9 5074.2 -147.6 164 0 5.9 9.5 2.5 2.5 2 1 1 0 0
-3904.9 5712.0 43.7 237 0 12.7 10.6 5.0 2.5 2 0 2 4 4
-3170.0 6091.2 64.6 41 0 11.2 11.6 7.5 2.5 2 1 3 5 5
-3097.6 6247.5 79.9 90 0 11.3 13.7 5.0 2.5 2 1 2 1 1
-2233.7 5286.3 -24.9 110 0 9.2 16.0 7.5 2.5 2 1 3 0 0
-2410.8 5374.2 -25.3 108 0 9.4 6.2 5.0 2.5 2 0 2 2 2
-2312.1 5136.8 -70.1 178 0 9.9 8.9 5.0 2.5 2 0 2 3 3
-2606.1 5409.7 -38.2 105 0 13.1 10.7 2.5 0.0 0 0 1 5 5
-2312.1 5053.2 -92.7 178 0 9.2 8.6 5.0 2.5 2 0 2 4 4
-3149.7 9009.1 -170.3 126 0 9.5 10.1 5.0 2.5 2 1 2 4 4
-2562.1 5222.8 -81.3 274 0 8.0 12.4 2.5 0.0 0 1 1 0 0
-2255.6 5154.3 -66.1 3 0 9.6 10.2 7.5 2.5 2 1 3 0 0
-2263.5 5073.5 -88.4 356 0 7.6 9.3 7.5 0.0 0 1 3 1 1
-2284.6 5177.7 -60.7 285 0 10.5 8.5 5.0 2.5 2 0 2 4 4
-2291.6 5107.8 -78.1 23 0 8.1 8.0 7.5 2.5 2 0 3 5 5
-2294.3 5052.5 -93.4 182 0 7.8 9.2 2.5 2.5 2 1 1 5 5
-2779.1 5101.3 -132.4 175 0 7.7 13.0 7.5 2.5 2 1 3 4 4
-6497.9 9392.0 203.3 90 0 12.0 10.2 2.5 2.5 2 0 1 1 1
-6576.3 9659.0 208.5 159 0 9.8 9.8 7.5 2.5 2 1 3 3 3
-5739.1 9403.6 290.4 88 0 10.1 9.1 5.0 2.5 2 0 2 1 1
-6401.6 9483.2 224.1 80 0 10.7 11.5 7.5 2.5 2 1 3 2 2
-6501.8 9417.3 203.2 103 0 11.8 10.1 7.5 2.5 2 0 3 2 2
-6378.4 9539.4 230.1 267 0 9.4 13.0 7.5 2.5 4 1 3 0 0
2304.2 7011.7 -388.8 47 0 11.4 10.8 7.5 2.5 4 0 3 1 1
2116.1 7208.5 -414.7 5 0 11.0 13.2 2.5 2.5 2 1 1 1 1
2226.4 7122.0 -406.9 71 0 10.3 16.3 2.5 2.5 2 1 1 5 5
2126.9 7252.7 -416.8 249 0 9.7 12.6 5.0 2.5 2 1 2 0 0
3423.1 7383.5 -318.6 243 0 12.4 10.1 7.5 2.5 2 0 3 5 5
3316.7 7349.0 -328.7 155 0 9.5 8.8 2.5 2.5 4 0 1 3 3
5098.7 6872.8 -315.9 214 0 14.7 9.8 7.5 2.5 2 0 3 1 1
2882.7 4928.8 -62.9 80 0 15.3 7.6 7.5 2.5 2 0 3 5 5
2902.5 4918.4 -65.9 81 0 13.1 13.4 5.0 0.0 0 1 2 4 4
3050.2 4918.1 -66.4 36 0 6.3 7.2 7.5 2.5 2 1 3 5 5
3087.8 4918.9 -62.5 218 0 26.3 14.4 15.0 0.0 0 0 6 1 1
1160.3 7409.3 -459.3 332 0 12.1 10.0 7.5 2.5 2 0 3 3 3
2007.5 6516.4 -340.3 163 0 11.4 12.6 7.5 2.5 2 1 3 1 1
-6732.9 7010.5 -228.6 201 0 8.0 7.4 7.5 2.5 2 0 3 4 4
-6712.3 7020.0 -230.9 257 0 9.0 8.7 5.0 2.5 2 0 2 2 2
-6670.1 7066.5 -223.6 242 0 8.0 8.8 7.5 2.5 2 1 3 2 2
-4871.1 10290.8 512.1 213 0 14.9 10.9 7.5 2.5 2 0 3 3 3
-6574.3 9575.5 196.9 257 0 8.3 8.5 5.0 2.5 4 1 2 3 3
-6406.2 9442.0 221.2 17 0 10.0 12.9 5.0 2.5 2 1 2 4 4
-6339.0 9447.5 243.6 102 0 6.3 12.0 2.5 2.5 2 1 1 5 5
-6601.5 9544.7 190.1 163 0 5.3 9.1 5.0 2.5 2 1 2 2 2
-6508.5 9695.9 217.6 313 0 8.7 11.7 5.0 2.5 2 1 2 2 2
2207.8 7110.6 -403.5 62 0 8.4 6.0 5.0 2.5 2 0 2 2 2
3234.2 6752.2 -264.9 2 0 14.4 12.9 7.5 2.5 2 0 3 2 2
2536.4 7000.1 -379.8 130 0 10.4 9.3 7.5 2.5 2 0 3 4 4
5544.9 6024.4 -285.7 160 0 6.2 10.1 7.5 2.5 2 1 3 3 3
3245.2 6861.7 -281.8 360 0 13.3 12.2 7.5 2.5 2 0 3 3 3
1310.2 7776.5 -527.2 139 0 10.6 11.8 5.0 2.5 2 1 2 0 0
2565.2 7018.4 -382.6 284 0 9.1 10.2 5.0 2.5 2 1 2 5 5
2669.9 7347.7 -412.8 70 0 13.4 15.0 2.5 2.5 2 1 1 3 3
3247.2 6821.5 -273.2 354 0 11.1 13.9 5.0 2.5 2 1 2 2 2
2461.5 7176.7 -416.9 88 0 12.6 13.6 10.0 0.0 0 1 4 1 1
2131.2 6591.6 -346.0 339 0 9.5 11.1 2.5 2.5 2 1 1 2 2
-6296.9 9591.2 247.3 282 0 10.5 6.0 5.0 2.5 2 0 2 2 2
-6292.3 9608.2 248.5 276 0 8.1 9.9 2.5 0.0 0 1 1 3 3
-6306.4 9460.4 251.2 90 0 10.5 12.0 5.0 2.5 2 1 2 0 0
-6526.1 9737.6 216.1 313 0 9.5 11.5 2.5 2.5 4 1 1 4 4
-6394.1 9458.0 226.4 94 0 7.2 10.6 5.0 2.5 2 1 2 1 1
-6271.2 9570.0 255.0 12 0 19.1 8.7 5.0 2.5 2 0 2 5 5
1884.8 4406.7 -91.3 94 0 9.3 17.3 2.5 0.0 0 1 1 1 1
2134.0 7628.9 -512.6 63 0 10.1 30.0 10.0 2.5 4 1 4 0 0
