6357.8 -126.9 366.8 138 0 10.1 7.2 7.5 2.5 2 0 3 1 1
6392.5 -133.4 369.6 96 0 7.2 8.8 7.5 2.5 2 1 3 3 3
6068.3 -391.2 386.7 198 0 9.6 7.9 5.0 2.5 2 0 2 4 4
6276.7 116.2 319.3 353 0 11.3 12.2 2.5 0.0 0 1 1 2 2
5043.9 -338.8 262.3 129 0 11.4 10.2 5.0 2.5 2 0 2 4 4
6137.6 -487.0 410.4 15 0 7.3 7.4 7.5 2.5 2 1 3 2 2
6335.4 -78.7 353.7 190 0 4.4 11.7 2.5 2.5 2 1 1 5 5
6327.1 -112.1 361.0 111 0 11.9 6.4 7.5 2.5 2 0 3 5 5
6106.4 -555.7 413.3 287 0 10.8 10.5 5.0 2.5 2 0 2 5 5
5639.1 -501.1 372.2 16 0 10.2 9.9 5.0 2.5 2 0 2 5 5
6273.1 -777.1 467.6 73 0 8.3 8.6 7.5 0.0 0 1 3 5 5
6412.8 1259.6 127.9 3 0 11.1 11.1 5.0 2.5 2 0 2 2 2
6096.6 556.0 159.3 68 0 12.8 9.8 5.0 2.5 2 0 2 4 4
6029.6 -480.2 396.1 266 0 10.3 10.0 7.5 2.5 2 0 3 3 3
6599.4 -295.6 407.6 60 0 8.7 11.5 2.5 0.0 0 1 1 1 1
6190.2 -501.6 416.5 282 0 7.7 8.5 5.0 0.0 0 1 2 1 1
6583.3 -121.9 372.5 117 0 8.9 13.5 7.5 2.5 2 1 3 2 2
6223.1 -341.8 391.8 99 0 7.2 10.1 7.5 2.5 2 1 3 4 4
6308.7 602.4 150.0 34 0 11.6 17.9 7.5 2.5 2 1 3 2 2
6611.9 -207.5 391.6 90 0 13.5 9.2 7.5 2.5 4 0 3 1 1
6053.1 -470.3 398.7 260 0 11.3 12.7 7.5 2.5 2 1 3 2 2
5808.7 -362.4 354.3 264 0 15.9 7.5 7.5 2.5 2 0 3 2 2
6133.2 -468.1 409.2 188 0 7.4 13.6 7.5 2.5 2 1 3 5 5
6421.3 -122.7 368.2 5 0 6.3 17.9 2.5 2.5 2 1 1 1 1
5090.0 -371.1 275.4 75 0 9.0 8.5 7.5 2.5 2 0 3 5 5
6282.2 -764.3 465.8 254 0 7.4 9.0 7.5 2.5 2 1 3 5 5
6113.9 607.4 151.5 357 0 7.1 7.9 5.0 2.5 2 1 2 3 3
5158.6 -380.6 298.9 59 0 9.3 9.7 5.0 2.5 2 1 2 2 2
5934.0 -499.9 388.2 180 0 7.6 11.1 7.5 2.5 4 1 3 3 3
6592.2 63.6 363.0 90 0 10.7 8.4 5.0 2.5 2 0 2 2 2
6194.0 -552.4 420.9 110 0 8.0 10.1 7.5 2.5 4 1 3 4 4
6276.5 -29.1 338.4 78 0 15.8 10.5 5.0 2.5 2 0 2 5 5
6499.4 1240.8 142.5 90 0 13.2 11.7 5.0 2.5 2 0 2 2 2
4719.2 -869.1 333.8 36 0 10.9 12.8 5.0 2.5 2 1 2 2 2
4727.1 -345.6 240.9 353 0 7.2 10.4 5.0 2.5 2 1 2 0 0
5007.8 -148.7 240.1 250 0 13.9 20.6 10.0 2.5 2 1 4 4 4
5026.8 -183.7 244.3 138 0 14.6 10.7 7.5 2.5 2 0 3 5 5
4525.4 -45.7 204.9 34 0 7.9 7.2 5.0 2.5 2 0 2 4 4
4545.0 -107.9 214.0 200 0 9.5 7.1 7.5 2.5 2 0 3 3 3
4576.1 -64.3 212.3 19 0 8.1 8.4 7.5 2.5 2 1 3 3 3
4665.4 -638.4 289.2 54 0 10.3 8.9 7.5 0.0 0 0 3 2 2
4557.2 -254.2 228.9 332 0 4.1 10.3 2.5 2.5 2 1 1 1 1
4683.4 -911.9 337.9 82 0 8.8 12.6 7.5 2.5 2 1 3 2 2
4619.1 -1070.0 362.4 266 0 6.0 11.1 5.0 0.0 0 1 2 0 0
4824.3 -385.2 243.0 203 0 6.5 14.2 5.0 0.0 0 1 2 2 2
4978.8 -157.0 240.4 247 0 9.1 11.8 7.5 2.5 4 1 3 5 5
4614.6 -850.8 315.6 357 0 9.5 6.7 7.5 2.5 4 0 3 0 0
4613.7 -306.7 238.8 333 0 10.5 7.1 5.0 2.5 4 0 2 2 2
6678.2 9570.4 -473.9 212 0 10.8 15.9 2.5 2.5 2 1 1 3 3
6676.9 9600.4 -475.6 204 0 9.8 8.0 7.5 2.5 2 0 3 5 5
-5448.9 3460.1 -393.6 178 0 33.6 99.6 12.5 0.0 0 1 5 2 2
-5458.1 3418.2 -393.1 178 0 33.6 99.6 12.5 0.0 0 1 5 5 5
6832.8 8655.3 -376.6 3 0 15.6 15.8 7.5 2.5 2 1 3 3 3
6771.2 8503.2 -359.8 266 0 10.2 9.6 7.5 2.5 2 0 3 1 1
6829.2 8507.4 -355.4 273 0 10.6 9.1 7.5 2.5 4 0 3 1 1
6797.1 8516.4 -359.1 86 0 10.3 9.8 7.5 2.5 2 0 3 4 4
6780.1 8543.7 -361.1 265 0 9.6 10.1 5.0 0.0 0 1 2 2 2
6810.2 8549.8 -361.1 84 0 10.9 10.3 2.5 2.5 2 0 1 4 4
6795.5 8550.2 -361.7 81 0 10.4 9.5 5.0 2.5 2 0 2 5 5
6775.3 8550.9 -362.4 89 0 9.7 10.1 5.0 0.0 0 1 2 2 2
6758.3 8550.1 -362.6 93 0 8.5 9.2 5.0 2.5 2 1 2 1 1
6751.2 8577.9 -364.5 258 0 9.9 10.2 7.5 2.5 4 1 3 0 0
6767.9 8576.3 -364.0 267 0 11.0 8.5 7.5 2.5 2 0 3 4 4
6785.0 8577.7 -364.0 268 0 11.0 10.0 5.0 2.5 2 0 2 5 5
6761.5 8583.9 -366.8 98 0 11.2 10.5 7.5 2.5 2 0 3 4 4
6792.5 8586.4 -366.5 97 0 9.3 8.3 7.5 2.5 2 0 3 1 1
6852.7 8578.0 -364.1 184 0 13.2 15.3 7.5 2.5 2 1 3 1 1
6851.0 8546.0 -359.0 174 0 9.2 11.8 5.0 2.5 2 1 2 0 0
6850.1 8496.5 -353.5 181 0 13.5 13.8 7.5 2.5 2 1 3 5 5
6767.1 8396.3 -351.6 180 0 10.6 6.2 7.5 2.5 4 0 3 4 4
6789.5 8289.9 -339.9 355 0 8.1 7.8 7.5 2.5 2 0 3 1 1
6795.4 8273.0 -338.3 354 0 7.5 8.2 5.0 2.5 4 1 2 5 5
6808.9 8270.9 -337.3 0 0 7.1 8.0 5.0 2.5 2 1 2 1 1
6817.2 8281.5 -337.7 11 0 9.5 7.9 5.0 0.0 0 0 2 0 0
6802.4 8303.2 -340.4 3 0 9.7 8.1 7.5 2.5 2 0 3 0 0
6815.5 8316.8 -340.8 1 0 7.8 8.0 7.5 0.0 0 1 3 3 3
6800.9 8320.2 -342.4 358 0 8.8 8.9 5.0 2.5 4 1 2 2 2
6836.7 8310.0 -338.1 158 0 8.0 8.5 5.0 2.5 2 1 2 5 5
6447.5 8508.6 -361.0 147 0 4.8 5.8 5.0 2.5 2 1 2 3 3
6555.5 8474.4 -363.1 301 0 10.4 13.2 5.0 2.5 2 1 2 0 0
6607.7 8597.3 -372.6 247 0 10.6 47.5 10.0 2.5 2 1 4 5 5
6558.2 8392.8 -356.8 357 0 13.7 16.1 5.0 2.5 2 0 2 1 1
6541.2 8405.5 -357.2 353 0 12.9 4.3 5.0 2.5 2 0 2 0 0
6597.0 8386.5 -358.2 149 0 11.1 12.1 7.5 2.5 2 1 3 4 4
6549.9 8237.7 -340.0 266 0 7.5 6.0 5.0 2.5 4 0 2 1 1
6596.7 8322.7 -350.8 345 0 14.0 11.5 7.5 2.5 2 0 3 3 3
6550.7 8366.0 -353.9 99 0 6.6 4.7 5.0 2.5 4 0 2 5 5
6491.3 8382.5 -353.5 91 0 5.3 8.9 7.5 0.0 0 1 3 3 3
6480.9 8462.2 -360.1 79 0 7.4 10.3 5.0 2.5 2 1 2 3 3
6613.2 8231.5 -341.5 342 0 10.8 6.5 5.0 2.5 2 0 2 5 5
6630.8 8207.2 -336.2 345 0 10.7 11.5 5.0 2.5 2 1 2 1 1
6648.9 8114.1 -332.4 99 0 11.1 12.9 7.5 2.5 2 1 3 2 2
6633.0 8094.7 -326.6 267 0 9.0 15.3 7.5 2.5 2 1 3 2 2
6521.9 8134.7 -315.1 127 0 6.3 5.9 7.5 0.0 0 0 3 2 2
6548.6 8115.4 -318.1 123 0 11.3 18.3 7.5 2.5 2 1 3 5 5
6509.9 8109.2 -310.6 169 0 14.7 10.5 7.5 2.5 2 0 3 0 0
6520.3 8057.8 -308.0 175 0 16.9 13.1 7.5 2.5 4 0 3 0 0
6622.6 8034.7 -319.2 357 0 9.4 6.3 7.5 2.5 2 0 3 5 5
6632.5 8000.9 -317.7 356 0 13.6 9.2 7.5 2.5 2 0 3 4 4
6659.3 8282.8 -347.5 251 0 8.1 22.5 5.0 2.5 2 0 2 1 1
6835.1 8230.6 -332.5 192 0 10.4 9.3 5.0 2.5 2 0 2 4 4
6858.9 8221.2 -332.7 9 0 8.3 9.0 7.5 0.0 0 1 3 5 5
6865.5 8074.6 -318.4 150 0 13.0 14.3 5.0 2.5 2 1 2 5 5
6903.1 8079.7 -321.9 2 0 9.7 7.0 5.0 2.5 2 0 2 0 0
6885.6 8062.2 -318.1 80 0 5.7 7.3 7.5 2.5 4 1 3 1 1
6846.8 8038.7 -310.4 254 0 11.3 10.3 7.5 2.5 2 0 3 3 3
6840.6 7893.6 -295.3 57 0 11.6 15.6 5.0 2.5 2 1 2 1 1
6828.5 7882.4 -294.1 36 0 8.7 9.0 7.5 2.5 2 1 3 0 0
6858.6 7888.7 -295.1 238 0 11.2 10.1 5.0 2.5 4 0 2 3 3
6890.6 7922.3 -303.1 221 0 7.2 11.5 5.0 2.5 2 1 2 3 3
6905.1 7932.7 -306.6 168 0 9.9 6.3 7.5 0.0 0 0 3 1 1
6932.8 7448.7 -232.7 17 0 8.8 6.5 7.5 2.5 4 0 3 5 5
6887.8 7456.2 -229.4 169 0 10.1 7.7 7.5 0.0 0 0 3 2 2
6900.4 7396.6 -221.6 321 0 13.1 7.4 7.5 2.5 2 0 3 0 0
6934.5 7381.8 -219.1 327 0 14.1 9.4 7.5 2.5 2 0 3 0 0
6539.2 8157.2 -323.2 122 0 10.8 10.6 7.5 2.5 2 0 3 2 2
6774.2 7940.9 -305.6 116 0 8.3 7.9 5.0 2.5 2 0 2 4 4
6768.6 7986.6 -310.5 217 0 8.4 10.9 5.0 2.5 2 1 2 4 4
6794.8 7978.3 -307.9 55 0 4.8 6.5 5.0 2.5 2 1 2 0 0
6807.9 8027.8 -311.6 255 0 9.3 13.2 5.0 2.5 2 1 2 2 2
6871.9 7782.3 -286.0 194 0 11.6 8.1 7.5 2.5 2 0 3 2 2
6895.6 7720.8 -280.4 100 0 3.3 8.2 5.0 2.5 2 1 2 3 3
6775.8 7791.0 -280.9 206 0 8.1 9.6 5.0 2.5 4 1 2 5 5
6794.5 7751.1 -279.1 41 0 13.2 10.3 7.5 2.5 2 0 3 4 4
6777.3 7744.8 -278.3 32 0 12.2 11.1 5.0 2.5 2 0 2 4 4
6758.6 7808.3 -282.1 49 0 10.3 6.8 5.0 0.0 0 0 2 3 3
6717.2 7809.6 -281.9 70 0 11.1 11.1 5.0 2.5 2 1 2 1 1
6708.9 7836.6 -284.8 266 0 11.4 11.3 7.5 2.5 2 0 3 4 4
6740.9 7831.2 -287.1 351 0 11.9 11.5 5.0 2.5 2 0 2 3 3
6653.8 7804.2 -280.1 190 0 10.5 9.7 5.0 2.5 2 0 2 2 2
6636.1 7764.8 -277.7 86 0 10.2 10.6 5.0 2.5 2 1 2 1 1
6667.3 7742.7 -276.0 268 0 8.0 7.9 5.0 2.5 2 0 2 0 0
6779.6 7611.7 -256.8 344 0 13.1 8.6 7.5 2.5 2 0 3 2 2
6813.4 7615.1 -253.6 198 0 8.5 11.4 7.5 2.5 2 1 3 1 1
6818.7 7629.7 -255.1 173 0 7.8 5.6 5.0 2.5 2 0 2 5 5
6835.6 7571.8 -246.8 191 0 8.8 9.1 7.5 2.5 2 1 3 3 3
6825.6 7553.4 -247.2 84 0 6.9 17.2 7.5 2.5 2 1 3 5 5
6813.7 7573.0 -248.5 177 0 7.9 5.0 7.5 2.5 2 0 3 2 2
6813.4 7583.1 -249.9 167 0 9.1 3.8 7.5 2.5 2 0 3 5 5
6858.7 7530.7 -241.5 167 0 26.6 21.8 10.0 2.5 2 0 4 1 1
6881.4 7617.9 -256.4 297 0 16.0 12.1 7.5 0.0 0 0 3 0 0
6806.3 7718.5 -271.9 190 0 11.5 13.7 5.0 2.5 2 0 2 5 5
6816.6 7730.5 -272.3 247 0 6.9 7.1 7.5 2.5 2 0 3 2 2
6865.3 7462.2 -231.8 308 0 11.2 7.3 7.5 2.5 2 0 3 2 2
6799.6 7458.9 -235.0 265 0 10.9 9.7 7.5 2.5 2 0 3 4 4
6787.6 7456.8 -233.4 265 0 9.4 8.3 5.0 2.5 2 0 2 5 5
6817.1 7534.2 -243.7 295 0 8.0 9.2 7.5 2.5 2 1 3 1 1
6780.9 7551.9 -249.5 18 0 8.4 10.9 5.0 2.5 2 1 2 1 1
6787.7 7575.9 -251.8 21 0 7.4 9.7 7.5 2.5 2 1 3 4 4
6734.2 7479.2 -237.0 107 0 9.2 7.3 7.5 2.5 2 0 3 5 5
6659.2 7482.5 -232.5 97 0 8.7 17.3 7.5 0.0 0 1 3 3 3
6673.1 7543.6 -251.2 129 0 11.1 10.5 2.5 2.5 2 0 1 3 3
6677.6 7426.1 -209.4 99 0 8.3 8.1 7.5 0.0 0 0 3 4 4
6635.0 7444.1 -207.0 274 0 10.6 8.2 7.5 2.5 2 0 3 2 2
6660.0 7447.2 -211.9 269 0 10.2 16.5 7.5 2.5 2 1 3 0 0
6577.6 7491.4 -222.0 123 0 10.2 9.4 7.5 2.5 2 0 3 3 3
6565.2 7502.3 -225.5 119 0 9.3 11.7 7.5 2.5 2 1 3 5 5
6660.8 7542.5 -247.7 284 0 8.1 5.8 7.5 2.5 2 0 3 0 0
6653.9 7552.2 -250.1 348 0 8.2 7.4 5.0 2.5 2 0 2 1 1
6598.7 7553.4 -245.9 272 0 10.6 9.6 7.5 2.5 2 0 3 1 1
6627.6 7573.1 -255.1 96 0 13.0 12.4 7.5 2.5 2 0 3 3 3
6602.4 7621.5 -259.8 297 0 8.5 11.4 7.5 0.0 0 1 3 2 2
6648.0 7607.6 -262.2 29 0 6.3 10.5 7.5 2.5 2 1 3 1 1
6537.2 7634.3 -255.5 131 0 8.2 7.0 5.0 2.5 2 0 2 0 0
6521.3 7630.7 -253.4 132 0 10.3 7.7 5.0 2.5 4 0 2 2 2
6517.4 7654.5 -256.6 149 0 8.8 8.7 7.5 0.0 0 0 3 3 3
6525.6 7644.1 -256.0 144 0 5.5 9.6 7.5 2.5 2 1 3 1 1
6507.8 7626.5 -245.9 312 0 9.7 6.7 7.5 2.5 2 0 3 3 3
6536.2 7599.1 -247.0 311 0 9.2 6.5 2.5 2.5 2 0 1 2 2
6504.3 7702.0 -262.1 156 0 8.1 11.0 7.5 2.5 2 1 3 2 2
6523.0 7728.9 -265.6 222 0 10.1 6.7 7.5 2.5 2 0 3 2 2
6481.3 7661.9 -247.2 318 0 9.9 12.5 7.5 2.5 2 1 3 4 4
6436.4 7657.9 -238.2 150 0 14.6 10.8 7.5 2.5 2 0 3 5 5
6431.7 7744.8 -252.7 319 0 8.3 10.7 7.5 2.5 4 1 3 4 4
6536.4 7966.8 -307.7 311 0 14.1 13.9 7.5 2.5 4 0 3 0 0
6533.9 7902.8 -292.5 108 0 12.3 11.9 7.5 2.5 4 0 3 2 2
6501.6 7917.1 -291.1 177 0 13.6 6.7 7.5 2.5 2 0 3 5 5
6488.7 8016.9 -305.8 77 0 9.3 10.5 5.0 2.5 2 1 2 2 2
6570.3 7545.1 -238.5 298 0 11.4 13.3 7.5 2.5 2 1 3 5 5
6553.3 7572.7 -245.2 306 0 9.7 13.9 5.0 2.5 4 1 2 1 1
6513.2 7554.8 -234.1 133 0 8.3 13.1 7.5 2.5 2 1 3 0 0
6476.9 7598.5 -234.5 147 0 8.7 11.1 7.5 2.5 2 1 3 5 5
6491.8 7679.3 -257.5 157 0 9.1 10.1 7.5 0.0 0 1 3 0 0
6830.4 8066.5 -315.2 63 0 11.9 9.0 7.5 2.5 2 0 3 3 3
6749.4 8222.1 -337.4 89 0 13.9 7.8 7.5 2.5 2 0 3 2 2
6701.3 8169.1 -336.0 69 1 13.3 14.8 10.0 2.5 2 1 4 1 1
6638.4 7490.8 -226.9 14 0 6.6 7.3 7.5 2.5 2 1 3 3 3
6710.2 7678.4 -272.6 140 0 8.8 9.0 5.0 2.5 2 1 2 5 5
6787.1 7706.2 -271.4 5 0 5.5 7.6 7.5 2.5 2 1 3 4 4
6770.5 7668.1 -265.9 15 0 7.8 6.0 7.5 2.5 2 0 3 5 5
6820.2 7362.8 -204.5 90 0 9.6 10.7 5.0 2.5 2 1 2 2 2
6791.4 7374.3 -204.2 90 0 7.6 10.3 5.0 2.5 4 1 2 5 5
6780.2 7382.7 -205.6 92 0 8.9 9.6 5.0 2.5 2 1 2 0 0
6752.2 7388.4 -204.4 102 0 9.0 11.1 2.5 2.5 2 1 1 5 5
6856.1 9314.4 -481.2 118 0 8.7 4.4 5.0 2.5 2 0 2 2 2
6677.1 9221.8 -448.5 234 0 26.0 14.4 12.5 2.5 2 0 5 2 2
6077.9 8843.6 -306.2 85 0 6.5 21.3 2.5 2.5 2 1 1 4 4
