3517.2 9258.8 -715.1 108 0 10.5 9.2 7.5 2.5 2 0 3 5 5
4557.7 8844.0 -711.7 57 0 34.6 51.4 7.5 0.0 0 1 3 4 4
4431.8 8867.8 -703.4 27 0 17.7 9.7 5.0 2.5 2 0 2 4 4
433.5 4937.1 -367.5 131 0 17.5 17.0 12.5 2.5 2 0 5 0 0
2840.5 8976.6 -715.0 63 0 21.1 20.9 12.5 2.5 2 0 5 5 5
-3056.8 4382.9 -271.4 262 0 10.9 7.5 2.5 0.0 0 0 1 2 2
-3607.6 4328.8 -251.6 121 0 12.0 12.9 5.0 2.5 2 1 2 4 4
-3058.0 4407.6 -280.2 87 0 13.4 13.7 7.5 2.5 2 1 3 0 0
-3556.0 4287.4 -241.8 312 0 8.8 6.4 2.5 2.5 2 0 1 1 1
2729.5 9387.0 -714.4 15 0 20.0 11.0 10.5 2.5 2 0 3 3 3
-1409.3 4741.7 -383.4 66 0 7.7 4.8 7.5 2.5 2 0 3 4 4
5175.0 8269.4 -693.3 148 0 7.0 45.5 7.5 0.0 0 0 3 5 5
5256.4 8297.7 -699.9 335 0 14.6 31.1 10.0 0.0 0 1 4 3 3
5249.5 8340.7 -702.9 332 0 15.3 11.0 10.0 0.0 0 0 4 2 2
5212.8 8447.5 -696.3 319 0 17.2 8.3 5.0 2.5 2 0 2 1 1
5219.1 8364.2 -705.5 328 0 10.1 21.2 5.0 2.5 2 1 2 4 4
5233.7 8320.0 -698.4 334 0 8.2 21.9 5.0 2.5 2 1 2 3 3
5229.0 8282.2 -697.0 332 0 8.1 18.5 7.5 2.5 2 1 3 5 5
5195.1 8263.6 -695.1 152 0 6.6 18.4 2.5 0.0 0 1 1 3 3
5191.8 8271.8 -693.1 152 0 8.7 13.1 5.0 2.5 2 1 2 0 0
5223.0 8299.9 -694.0 334 0 7.0 11.4 5.0 2.5 2 0 2 3 3
5222.3 8289.6 -695.0 331 0 7.2 5.9 7.5 2.5 2 0 3 2 2
4960.6 8574.1 -709.3 105 0 6.4 6.3 7.5 2.5 2 0 3 3 3
5205.1 8375.4 -705.6 325 0 19.6 13.2 12.5 2.5 2 0 5 2 2
5185.1 8398.8 -704.3 320 0 13.0 15.9 10.0 2.5 4 1 4 2 2
2913.1 9383.7 -713.1 281 0 15.0 9.2 2.5 2.5 2 0 1 5 5
3425.3 8927.0 -714.8 103 0 42.6 52.8 5.0 0.0 0 1 2 0 0
3698.1 9086.4 -713.4 7 0 12.1 17.9 7.5 0.0 0 1 3 1 1
6298.1 808.2 -143.8 110 0 14.8 13.8 10.0 2.5 2 0 4 2 2
6327.8 816.9 -144.1 23 0 11.4 10.3 7.5 2.5 2 0 3 3 3
6231.8 863.3 -144.2 122 0 26.8 15.6 10.0 2.5 2 0 4 5 5
-4089.4 4504.4 -273.7 274 0 11.4 8.4 5.0 2.5 2 0 2 3 3
-3019.6 4363.6 -269.7 356 0 8.7 9.0 2.5 2.5 2 1 1 2 2
-4318.2 4032.5 -190.2 28 0 5.6 7.0 7.5 2.5 2 1 3 5 5
-4290.2 4137.4 -209.2 5 0 7.0 9.1 7.5 2.5 2 1 3 3 3
-3012.0 4353.1 -268.1 355 0 10.2 6.0 5.0 2.5 2 0 2 4 4
-2039.8 4576.5 -349.4 81 0 8.3 9.4 7.5 2.5 4 1 3 0 0
-4088.4 4115.5 -226.5 163 0 12.9 12.8 5.0 2.5 2 0 2 3 3
-4290.9 4061.0 -195.9 13 0 6.0 8.9 7.5 2.5 4 1 3 0 0
-3886.0 4048.1 -211.4 64 0 18.0 11.0 5.0 2.5 2 0 2 2 2
4728.5 8555.8 -709.5 194 0 9.6 15.1 5.0 2.5 2 0 2 2 2
4749.8 8562.8 -709.5 259 0 12.6 17.6 2.5 2.5 2 0 1 2 2
-6104.7 8798.2 -499.7 103 0 13.5 11.7 5.0 2.5 2 0 2 0 0
-6738.6 7836.7 -246.4 359 0 20.1 15.0 10.0 2.5 2 0 4 3 3
-6893.1 7622.3 -213.8 319 0 12.6 19.8 7.5 2.5 2 1 3 4 4
1552.9 5830.8 -592.2 50 0 14.4 16.0 10.0 2.5 4 1 4 0 0
-6926.9 7608.7 -208.2 191 0 6.8 5.2 5.0 2.5 2 0 2 5 5
1651.0 5822.3 -592.7 105 0 14.0 17.9 12.5 2.5 4 1 5 4 4
-6757.1 7790.3 -252.4 146 0 20.0 14.4 12.5 2.5 2 0 5 3 3
1943.7 9220.8 -717.0 299 0 9.9 20.6 2.5 2.5 2 1 1 3 3
1904.8 9194.4 -717.1 113 0 27.8 10.6 7.5 2.5 2 0 3 0 0
1892.8 9225.4 -716.9 200 0 21.7 8.8 5.0 2.5 2 0 2 1 1
1944.8 9227.2 -716.8 121 0 9.3 25.8 2.5 2.5 2 1 1 4 4
1967.2 9246.1 -716.7 182 0 10.3 22.4 5.0 2.5 2 1 2 2 2
1892.1 9285.4 -716.5 25 0 11.3 28.5 10.0 2.5 2 1 4 4 4
1866.0 9221.7 -717.0 288 0 15.6 12.4 2.5 0.0 0 0 1 3 3
6765.5 -407.2 -249.2 252 0 30.9 30.5 15.0 0.0 0 0 6 5 5
3369.6 9132.5 -713.9 271 0 8.3 13.4 2.5 2.5 2 1 1 3 3
3387.0 9094.7 -714.1 186 0 17.9 15.1 10.0 2.5 2 0 4 0 0
3386.1 9153.6 -713.7 6 0 8.2 22.6 5.0 2.5 2 1 2 1 1
3319.0 9128.9 -713.6 0 0 6.9 6.5 5.0 2.5 2 0 2 2 2
3410.7 9133.0 -713.6 90 0 5.9 6.1 5.0 2.5 2 1 2 4 4
3403.2 9161.7 -713.5 6 0 7.7 7.3 5.0 2.5 2 0 2 1 1
3730.2 9198.7 -715.3 286 0 21.7 9.9 2.5 2.5 2 0 1 2 2
3370.8 9219.9 -713.2 352 0 28.2 10.5 10.0 2.5 2 0 4 3 3
3389.1 9033.8 -714.6 194 0 12.5 5.2 7.5 2.5 4 0 3 5 5
3355.7 8992.0 -713.3 67 0 6.7 11.4 7.5 2.5 2 1 3 3 3
3340.6 9019.7 -713.1 273 0 7.3 14.3 5.0 2.5 2 1 2 0 0
3325.3 9094.8 -713.4 356 0 6.0 6.8 5.0 2.5 2 1 2 0 0
3294.3 9081.9 -712.3 271 0 6.2 6.1 7.5 2.5 2 0 3 5 5
3305.3 9080.5 -712.6 273 0 6.0 6.6 7.5 2.5 2 1 3 4 4
3293.4 9063.3 -712.1 91 0 6.8 6.5 5.0 0.0 0 0 2 1 1
3319.5 9052.6 -712.8 261 0 7.5 6.0 7.5 2.5 2 0 3 5 5
3295.4 9053.0 -712.0 265 0 8.5 7.0 2.5 2.5 2 0 1 1 1
3305.3 9063.5 -712.5 85 0 8.0 6.3 2.5 2.5 2 0 1 2 2
3307.6 9053.9 -712.4 266 0 6.6 8.9 5.0 0.0 0 1 2 4 4
3323.2 9028.7 -712.6 9 0 13.9 8.8 7.5 2.5 2 0 3 0 0
3349.2 8988.9 -712.9 2 0 6.8 13.0 5.0 2.5 2 1 2 4 4
3281.8 9059.0 -711.5 355 0 7.6 7.7 5.0 2.5 2 1 2 3 3
3298.2 9090.1 -712.6 89 0 6.5 5.3 7.5 2.5 2 0 3 0 0
2433.0 9610.8 -716.4 200 0 11.7 15.2 5.0 2.5 2 1 2 1 1
-1929.5 5104.6 -458.8 332 0 12.7 12.4 5.0 2.5 2 0 2 0 0
1348.5 6198.3 -620.7 359 0 12.4 10.0 7.5 0.0 0 0 3 3 3
1328.3 6144.2 -610.4 26 0 11.2 8.9 7.5 2.5 2 0 3 0 0
1350.3 5701.9 -552.4 30 0 12.3 10.2 2.5 2.5 2 0 1 5 5
1664.4 5798.8 -584.6 269 0 12.2 6.9 5.0 2.5 4 0 2 1 1
1777.1 6037.5 -611.5 52 0 16.2 10.6 2.5 2.5 2 0 1 3 3
-5785.3 -883.4 708.4 151 0 9.4 14.6 5.0 0.0 0 1 2 5 5
6838.4 -7834.6 -686.4 199 0 15.4 17.8 17.5 3.5 2 1 5 2 2
6872.4 -7857.4 -686.6 110 0 15.2 22.0 31.5 0.0 0 1 9 4 4
6900.9 -7884.2 -686.8 19 0 15.1 19.2 31.5 0.0 0 1 9 5 5
6795.8 -7716.6 -685.3 100 0 9.3 27.8 10.5 3.5 2 1 3 2 2
6856.4 -7718.8 -685.9 11 0 17.8 18.1 31.5 0.0 0 1 9 3 3
6826.1 -7717.9 -685.7 18 0 12.0 15.4 17.5 3.5 2 1 5 3 3
6907.8 -7811.6 -686.7 280 0 26.2 24.4 31.5 0.0 0 0 9 3 3
6932.3 -7772.1 -686.9 11 0 28.3 17.1 17.5 3.5 2 0 5 1 1
6923.9 -7703.8 -686.7 281 0 12.9 22.5 17.5 3.5 2 1 5 3 3
6929.6 -7666.3 -686.7 10 0 28.7 9.7 10.5 3.5 2 0 3 4 4
6899.1 -7534.7 -686.2 283 0 16.3 21.4 31.5 0.0 0 1 9 1 1
6924.4 -7574.0 -686.5 27 0 14.5 14.1 31.5 0.0 0 0 9 3 3
6931.7 -7550.9 -686.5 32 0 15.5 14.8 31.5 0.0 0 0 9 1 1
6772.7 -7457.7 -684.1 286 0 17.9 16.2 17.5 3.5 2 0 5 4 4
6711.7 -7457.8 -683.3 185 0 14.7 20.0 17.5 3.5 2 1 5 4 4
6773.2 -7567.3 -684.7 199 0 11.7 20.8 10.5 3.5 2 1 3 5 5
6895.3 -7640.1 -686.3 27 0 25.0 14.9 10.5 3.5 2 0 3 1 1
6809.2 -7613.9 -685.2 193 0 21.2 17.3 17.5 3.5 2 0 5 0 0
6831.6 -7447.5 -684.9 102 0 9.7 14.5 10.5 3.5 2 1 3 2 2
5639.7 1218.9 -132.8 224 0 56.6 28.0 10.0 2.5 2 0 4 3 3
1547.5 9293.7 -714.1 320 0 22.5 10.4 5.0 2.5 2 0 2 2 2
2242.0 9022.6 -717.9 111 0 7.8 18.9 5.0 2.5 2 1 2 4 4
