-2933.2 -3700.8 520.1 167 0 32.3 49.7 7.5 0.0 0 1 3 2 2
-1308.1 -3507.5 1075.0 272 0 15.6 49.1 12.5 2.5 2 1 5 2 2
-2857.8 -3627.5 526.2 256 0 42.0 34.1 7.5 0.0 0 0 3 1 1
-1348.6 -3666.8 1049.4 137 0 12.4 27.2 10.0 2.5 2 0 4 1 1
5918.0 917.9 -117.0 90 0 9.9 8.8 7.5 2.5 2 0 3 5 5
6011.3 -86.3 131.4 31 0 25.2 14.3 10.0 2.5 2 0 4 3 3
6814.8 332.0 -9.8 284 0 13.6 10.6 7.5 2.5 2 0 3 5 5
5770.4 -360.8 183.8 235 0 9.7 7.6 7.5 2.5 2 0 3 3 3
6859.1 299.2 -14.0 83 0 8.5 11.1 2.5 2.5 2 1 1 5 5
6902.0 169.4 -4.8 30 0 8.3 13.1 7.5 2.5 2 1 3 2 2
5975.6 -181.0 150.5 126 0 13.6 9.3 5.0 2.5 2 0 2 1 1
5956.9 -167.3 146.1 123 0 12.2 9.3 5.0 2.5 2 0 2 5 5
6098.1 794.2 -78.9 321 0 13.9 14.5 7.5 2.5 2 1 3 4 4
6005.2 -192.8 155.2 31 0 7.8 11.0 7.5 0.0 0 1 3 5 5
5990.4 -211.5 160.1 120 0 13.0 8.0 5.0 2.5 2 0 2 4 4
6766.7 323.5 -1.5 205 0 9.1 11.1 5.0 2.5 2 1 2 2 2
5348.0 1234.9 -43.9 74 0 16.2 13.4 7.5 2.5 2 0 3 1 1
2314.3 -3623.3 344.7 87 0 7.1 10.5 7.5 2.5 2 1 3 5 5
3535.9 -4785.4 -31.0 4 0 13.9 10.8 2.5 0.0 0 0 1 4 4
3498.3 -4830.7 -25.8 73 0 10.7 9.9 5.0 0.0 0 0 2 1 1
3579.0 -4535.3 -19.6 283 0 11.0 11.2 7.5 0.0 0 1 3 3 3
3623.9 -4578.2 -34.9 92 0 12.2 11.0 2.5 2.5 2 0 1 2 2
3273.3 -4656.9 26.7 238 0 10.3 11.2 7.5 2.5 2 1 3 5 5
3214.7 -4579.5 50.1 234 0 10.5 8.4 2.5 2.5 2 0 1 5 5
6015.3 -3964.8 -106.6 90 0 15.4 14.0 7.5 2.5 2 0 3 2 2
6480.9 -3732.0 -131.4 75 0 9.4 9.6 7.5 2.5 2 1 3 1 1
6374.2 -3908.9 -139.0 17 0 8.8 11.6 7.5 2.5 2 1 3 1 1
6028.8 -3932.3 -114.1 356 0 14.8 15.4 2.5 2.5 2 1 1 5 5
6783.5 -3821.0 -148.3 90 0 10.6 11.1 2.5 2.5 2 1 1 0 0
6245.9 -3800.7 -160.2 236 0 11.1 10.8 10.0 2.5 2 0 4 5 5
5888.4 -4149.0 -42.7 236 0 12.1 11.6 7.5 2.5 2 0 3 4 4
6473.9 -3707.5 -137.1 250 0 11.3 9.8 5.0 2.5 2 0 2 3 3
5125.2 -4232.2 -104.9 321 0 9.9 11.3 5.0 2.5 2 1 2 4 4
5027.4 -4036.9 -138.4 221 0 10.9 9.4 7.5 2.5 4 0 3 0 0
5136.9 -4259.8 -98.3 322 0 8.7 9.7 5.0 2.5 2 1 2 1 1
4225.4 -5584.2 221.1 55 0 10.0 19.5 10.0 2.5 4 1 4 4 4
3749.7 -4547.3 -66.5 42 0 9.5 11.4 5.0 2.5 2 1 2 2 2
2506.4 -6031.4 230.5 99 0 9.5 8.3 5.0 2.5 2 0 2 4 4
4297.0 -5443.5 201.6 155 0 8.0 12.7 5.0 2.5 2 1 2 1 1
3722.2 -4773.0 -46.7 85 0 5.3 11.7 5.0 2.5 2 1 2 5 5
6242.8 -3876.3 -142.9 173 0 9.1 6.9 5.0 2.5 2 0 2 4 4
-941.0 -6967.9 391.9 90 0 8.7 8.0 2.5 2.5 2 0 1 0 0
5498.2 -5027.4 73.4 59 0 5.2 6.2 7.5 2.5 2 1 3 3 3
-1084.5 -6814.7 359.4 357 0 9.8 13.4 7.5 2.5 2 1 3 1 1
4540.7 -5758.3 258.2 100 0 8.1 9.3 5.0 2.5 2 1 2 2 2
-1076.0 -6838.6 362.8 347 0 6.3 11.1 5.0 0.0 0 1 2 5 5
5942.8 -4398.6 -2.6 130 0 11.6 9.8 5.0 0.0 0 0 2 0 0
3933.0 -1129.9 284.6 108 0 11.9 4.2 7.5 2.5 4 0 3 1 1
3943.1 -1102.2 281.3 232 0 10.0 9.9 7.5 2.5 4 0 3 2 2
3907.3 -1104.1 280.3 157 0 11.1 6.7 5.0 2.5 4 0 2 2 2
3978.3 -1408.1 348.8 14 0 5.9 7.2 2.5 2.5 2 1 1 1 1
4370.0 -874.9 243.6 299 0 4.5 11.3 7.5 2.5 2 1 3 5 5
4573.2 8491.3 -485.6 345 0 11.5 13.2 5.0 2.5 2 1 2 0 0
4617.0 8625.5 -479.3 0 0 9.2 7.9 5.0 2.5 4 0 2 5 5
4726.7 8483.5 -450.0 344 0 9.5 8.1 7.5 2.5 4 0 3 5 5
4750.7 8531.6 -435.6 12 0 11.2 14.7 5.0 2.5 2 1 2 5 5
4506.5 8567.9 -493.9 305 0 7.2 9.1 5.0 0.0 0 1 2 5 5
4579.6 8550.3 -476.5 256 0 9.2 8.7 7.5 2.5 2 0 3 2 2
4622.8 8586.6 -468.7 94 0 8.0 11.5 2.5 2.5 2 1 1 3 3
4514.1 8600.4 -497.7 20 0 12.8 9.7 2.5 2.5 2 0 1 0 0
4605.5 8546.2 -470.2 252 0 12.0 8.5 5.0 0.0 0 0 2 2 2
4624.6 8634.6 -478.8 90 0 6.0 12.2 7.5 2.5 2 1 3 1 1
4482.4 8544.8 -498.6 39 0 8.9 7.9 7.5 2.5 2 0 3 1 1
4258.2 8432.8 -529.5 226 0 10.8 11.1 5.0 2.5 2 1 2 5 5
4442.2 8451.4 -507.4 79 0 4.8 8.6 7.5 2.5 2 1 3 0 0
4421.9 8510.8 -510.6 62 0 8.2 12.2 7.5 2.5 2 1 3 2 2
-6602.3 10653.9 -1088.4 327 0 13.9 7.0 7.5 2.5 2 0 3 2 2
4780.8 8142.4 -446.1 179 0 11.6 14.9 5.0 2.5 4 1 2 0 0
4454.1 8422.3 -508.5 350 0 7.4 9.4 2.5 2.5 2 1 1 5 5
4920.3 8174.8 -415.5 214 0 14.8 12.3 5.0 0.0 0 0 2 0 0
4556.7 8571.7 -487.8 73 0 7.3 9.9 7.5 2.5 2 1 3 0 0
4860.6 8065.9 -431.0 128 0 15.8 30.0 15.0 0.0 0 1 6 3 3
4505.8 8715.0 -504.6 358 0 12.1 11.9 5.0 0.0 0 0 2 3 3
4802.1 8172.9 -440.5 190 0 11.2 8.2 2.5 2.5 4 0 1 5 5
4905.0 7860.9 -418.0 242 0 12.2 12.6 5.0 2.5 2 1 2 3 3
4547.5 8720.9 -500.1 13 0 11.4 12.4 5.0 2.5 2 1 2 1 1
4909.5 8047.5 -419.3 202 0 31.9 11.9 15.0 0.0 0 0 6 3 3
4760.6 7792.4 -443.3 22 0 10.0 13.1 5.0 2.5 2 1 2 3 3
5004.3 8084.3 -402.5 22 0 10.1 10.6 5.0 2.5 2 1 2 3 3
4484.9 8798.6 -510.5 225 0 9.0 15.0 5.0 2.5 2 1 2 2 2
4760.7 8330.7 -453.0 114 0 9.8 9.2 5.0 2.5 2 0 2 4 4
4566.7 8799.2 -500.1 193 0 10.3 9.2 5.0 2.5 2 0 2 3 3
4452.3 8765.4 -510.6 222 0 13.6 11.4 10.0 2.5 2 0 4 0 0
4995.8 7849.3 -401.9 107 0 13.4 11.1 5.0 2.5 2 0 2 3 3
4533.4 8286.2 -495.3 179 0 10.4 8.2 7.5 2.5 2 0 3 4 4
4899.8 8021.4 -419.6 201 0 11.1 8.2 5.0 2.5 2 0 2 5 5
5008.9 7924.7 -401.3 9 0 14.7 15.3 7.5 2.5 4 1 3 5 5
4545.7 8652.8 -496.8 208 0 15.2 11.0 5.0 2.5 4 0 2 1 1
4859.0 7953.4 -426.1 211 0 15.9 20.6 12.5 0.0 0 1 5 1 1
4564.5 8779.6 -501.4 147 0 10.1 10.9 2.5 2.5 4 1 1 3 3
4694.9 8360.2 -465.1 196 0 12.5 8.7 5.0 2.5 2 0 2 0 0
4639.5 8476.0 -471.4 178 0 12.9 10.5 5.0 2.5 2 0 2 0 0
4901.4 7877.3 -420.8 57 0 21.0 15.0 12.5 2.5 2 0 5 2 2
4306.9 8399.1 -527.1 83 0 15.2 14.3 7.5 2.5 2 0 3 0 0
4792.7 7894.8 -439.0 44 0 7.1 8.8 5.0 2.5 2 1 2 2 2
4814.1 7963.5 -436.3 41 0 10.0 16.8 5.0 2.5 2 1 2 2 2
4661.2 7821.2 -442.3 180 0 7.7 8.6 7.5 2.5 2 1 3 0 0
4921.8 7872.0 -415.0 243 0 12.0 17.7 5.0 2.5 2 1 2 0 0
4679.9 7820.0 -442.7 196 0 7.3 7.1 7.5 2.5 2 0 3 2 2
4581.2 8191.2 -492.0 31 0 9.3 9.1 7.5 2.5 2 0 3 1 1
4841.2 7968.2 -430.1 35 0 8.8 7.8 5.0 2.5 2 0 2 3 3
4755.6 8002.0 -448.9 32 0 10.5 14.0 5.0 2.5 4 1 2 1 1
4582.1 7982.9 -467.4 142 0 13.0 7.7 5.0 2.5 2 0 2 5 5
4592.0 7971.2 -464.8 142 0 12.9 9.5 7.5 2.5 4 0 3 0 0
4812.4 7870.3 -436.2 46 0 12.0 11.8 5.0 2.5 2 0 2 4 4
4756.2 7876.7 -445.6 40 0 9.2 6.5 7.5 2.5 2 0 3 0 0
4695.7 7739.6 -439.1 146 0 8.8 10.4 7.5 2.5 2 1 3 2 2
4822.3 7860.0 -433.2 236 0 13.0 12.8 2.5 2.5 2 0 1 4 4
4628.5 8560.1 -463.5 244 0 9.9 14.1 2.5 2.5 2 1 1 4 4
4266.4 8382.5 -532.5 59 0 11.0 13.4 10.0 0.0 0 1 4 3 3
4890.2 7807.2 -421.7 44 0 6.8 9.6 2.5 2.5 2 1 1 5 5
4683.6 7759.1 -439.8 147 0 8.7 10.3 5.0 2.5 2 1 2 0 0
4723.1 7915.0 -449.0 237 0 9.2 11.7 7.5 0.0 0 1 3 3 3
4770.9 7917.1 -441.9 226 0 9.0 7.3 7.5 2.5 2 0 3 5 5
4717.6 8323.5 -462.3 110 0 12.2 10.8 2.5 2.5 2 0 1 1 1
4699.9 8347.9 -464.3 199 0 9.8 12.3 7.5 2.5 2 1 3 4 4
4969.4 8342.7 -397.9 97 0 9.6 11.8 7.5 2.5 2 1 3 3 3
5114.0 8162.1 -382.0 177 0 16.8 11.6 7.5 2.5 2 0 3 1 1
-4774.5 8673.4 -537.6 355 0 8.0 7.4 7.5 0.0 0 0 3 0 0
-6854.5 9715.1 -978.7 8 0 20.7 10.7 7.5 2.5 2 0 3 0 0
-6789.2 9705.5 -986.8 281 0 10.9 18.4 2.5 2.5 2 1 1 2 2
-3255.8 -3588.9 503.6 57 0 16.4 16.5 10.0 2.5 2 1 4 1 1
-3326.4 3668.3 468.5 52 0 13.9 11.9 5.0 2.5 2 0 2 1 1
-6870.1 10376.1 -1035.2 57 0 10.9 12.5 7.5 2.5 2 1 3 3 3
-6635.1 10639.2 -1084.4 108 0 11.4 7.8 5.0 2.5 2 0 2 5 5
-6911.0 8036.8 -770.6 192 0 5.7 6.9 7.5 2.5 2 1 3 4 4
-6906.5 7835.3 -748.2 184 0 10.3 8.4 7.5 2.5 2 0 3 5 5
-6885.1 7800.7 -742.6 278 0 10.6 13.5 7.5 2.5 2 1 3 5 5
-6808.7 7804.0 -736.4 336 0 12.4 10.8 7.5 2.5 2 0 3 4 4
-6805.1 7724.6 -718.7 57 0 8.0 9.3 5.0 2.5 2 1 2 2 2
-6787.5 7678.9 -704.9 87 0 15.0 15.0 5.0 2.5 2 1 2 5 5
-6737.2 7589.0 -675.0 96 0 9.4 14.1 7.5 2.5 4 1 3 2 2
-6789.6 7509.4 -667.7 26 0 12.9 7.3 7.5 2.5 2 0 3 2 2
-6795.5 7488.1 -667.5 21 0 15.0 10.4 7.5 2.5 2 0 3 1 1
-6734.0 7453.7 -649.0 17 0 18.7 12.0 7.5 2.5 2 0 3 0 0
-6787.6 7458.4 -658.8 174 0 11.7 9.4 5.0 2.5 2 0 2 0 0
-6777.2 7448.0 -653.9 205 0 13.6 8.1 5.0 2.5 2 0 2 3 3
-6740.2 7436.5 -646.5 19 0 9.9 11.1 7.5 2.5 2 1 3 4 4
-6749.9 7401.7 -643.7 20 0 9.8 9.7 7.5 2.5 2 0 3 4 4
-6710.0 7412.6 -641.0 179 0 13.5 11.4 7.5 2.5 2 0 3 3 3
-6702.9 7429.5 -645.1 182 0 8.9 8.6 7.5 2.5 2 0 3 1 1
-6707.4 7459.0 -649.0 198 0 9.1 11.6 7.5 2.5 4 1 3 0 0
-6685.6 7371.8 -630.1 9 0 16.3 14.2 5.0 2.5 4 0 2 2 2
-6796.5 7342.6 -649.3 25 0 10.6 12.5 7.5 2.5 4 1 3 0 0
-6887.7 7506.3 -692.3 15 0 11.4 12.3 7.5 2.5 2 1 3 3 3
-6909.3 7311.2 -651.3 308 0 10.2 6.7 5.0 2.5 2 0 2 0 0
-6890.3 7301.8 -650.1 306 0 13.2 8.7 7.5 2.5 2 0 3 2 2
-6760.1 7240.0 -614.2 202 0 16.0 12.4 7.5 2.5 2 0 3 5 5
-6773.5 7190.4 -606.0 231 0 10.8 10.4 7.5 2.5 2 0 3 5 5
-6711.0 7201.0 -599.9 74 0 11.4 13.5 7.5 2.5 2 1 3 4 4
-6744.0 7173.4 -600.2 59 0 14.9 11.5 7.5 2.5 2 0 3 3 3
-6607.0 7316.7 -608.5 234 0 10.2 11.3 7.5 2.5 2 1 3 1 1
-6518.9 7256.4 -585.7 88 0 6.0 6.4 7.5 2.5 2 1 3 0 0
-6468.0 7355.0 -616.5 86 0 13.8 23.2 10.0 2.5 2 1 4 0 0
-6446.2 7374.0 -618.3 83 0 7.9 16.1 7.5 2.5 4 1 3 1 1
-6688.0 7282.2 -608.5 248 0 9.0 6.3 7.5 2.5 2 0 3 1 1
-6572.7 7207.1 -572.7 271 0 9.3 9.7 7.5 2.5 2 1 3 5 5
-6549.6 7208.3 -571.9 271 0 10.7 10.5 5.0 2.5 2 0 2 2 2
-6600.9 7175.7 -569.2 94 0 5.1 7.1 7.5 2.5 2 1 3 0 0
-6438.8 7046.1 -517.3 187 0 9.8 10.1 7.5 2.5 2 1 3 3 3
-6388.9 7010.8 -511.4 86 0 6.8 14.6 7.5 2.5 2 1 3 0 0
-6417.6 7063.4 -527.1 184 0 16.1 10.3 7.5 2.5 4 0 3 2 2
-6388.8 6985.2 -498.9 105 0 7.5 8.3 5.0 2.5 2 1 2 3 3
-6323.2 7067.7 -535.3 338 0 13.1 9.6 7.5 2.5 2 0 3 3 3
-6380.4 7125.5 -548.3 228 0 10.5 6.5 7.5 2.5 2 0 3 3 3
-6245.8 7170.5 -558.5 69 0 9.2 13.3 7.5 2.5 2 1 3 5 5
-6251.7 7210.4 -565.5 175 0 13.4 10.7 7.5 2.5 2 0 3 2 2
-6269.3 7221.5 -567.9 168 0 11.3 9.6 7.5 2.5 2 0 3 0 0
-6229.9 7232.8 -568.9 197 0 6.0 8.6 7.5 2.5 2 1 3 5 5
-6199.0 7234.9 -568.9 2 0 9.5 10.9 7.5 2.5 2 1 3 4 4
-6195.5 7290.3 -580.2 198 0 10.4 9.9 5.0 2.5 2 0 2 3 3
-6190.6 7196.2 -559.6 337 0 9.5 15.0 7.5 2.5 2 1 3 1 1
-6111.1 7316.3 -568.7 349 0 10.6 6.9 7.5 2.5 2 0 3 2 2
-6115.7 7353.3 -578.4 275 0 6.3 12.2 7.5 0.0 0 1 3 3 3
-6154.3 7379.5 -594.4 274 0 8.0 10.5 7.5 2.5 2 1 3 2 2
-6163.7 7398.1 -600.4 272 0 7.3 8.9 7.5 2.5 2 1 3 1 1
-6259.0 7328.1 -592.1 92 0 11.4 10.0 5.0 2.5 2 0 2 3 3
-6052.0 7238.7 -540.6 143 0 9.0 10.9 7.5 2.5 2 1 3 0 0
-6021.5 7217.7 -533.1 65 0 8.4 14.6 7.5 2.5 2 1 3 2 2
-6013.3 7265.9 -534.9 250 0 10.9 16.0 7.5 2.5 2 1 3 3 3
-6003.4 7229.8 -530.6 87 0 10.3 9.4 7.5 2.5 2 0 3 3 3
-5985.0 7211.4 -525.5 98 0 10.7 9.6 7.5 2.5 2 0 3 2 2
-6000.7 7287.6 -538.0 338 0 11.5 8.3 7.5 2.5 2 0 3 1 1
-5993.0 7335.7 -549.0 243 0 9.8 12.8 7.5 2.5 2 1 3 2 2
-5968.8 7345.2 -549.6 334 0 11.1 9.2 7.5 2.5 2 0 3 4 4
-5923.8 7262.0 -527.6 263 0 8.1 13.1 5.0 2.5 2 1 2 0 0
-5900.8 7306.7 -531.7 267 0 7.6 12.3 5.0 2.5 2 1 2 1 1
-5879.9 7288.4 -527.5 79 0 8.8 9.4 5.0 2.5 2 1 2 5 5
-5904.5 7230.9 -521.3 88 0 7.1 7.0 7.5 2.5 2 0 3 5 5
-5903.6 7215.7 -518.8 94 0 6.7 10.9 5.0 2.5 4 1 2 0 0
-5866.9 7238.0 -516.0 55 0 8.1 9.2 7.5 2.5 2 1 3 0 0
-5970.4 7201.4 -521.0 266 0 10.3 9.5 7.5 2.5 2 0 3 5 5
-5984.7 7201.4 -523.2 269 0 8.8 12.5 7.5 0.0 0 1 3 2 2
-6003.9 7205.6 -526.4 239 0 8.5 12.0 7.5 2.5 2 1 3 4 4
-6005.4 7085.5 -514.2 251 0 12.8 10.8 7.5 2.5 2 0 3 3 3
-6016.1 6967.2 -488.6 243 0 4.8 8.1 7.5 2.5 2 1 3 4 4
-6087.5 6975.2 -504.9 82 0 19.6 16.7 10.0 2.5 2 0 4 1 1
-6050.4 7083.0 -520.2 231 0 12.6 14.8 7.5 2.5 2 1 3 4 4
-6071.5 7096.7 -526.4 25 0 18.6 7.7 7.5 2.5 2 0 3 0 0
-6026.9 7092.5 -517.7 253 0 9.3 12.9 7.5 2.5 2 1 3 3 3
-5985.2 7540.8 -588.3 333 0 10.2 10.1 7.5 2.5 2 0 3 4 4
-5982.2 7521.4 -585.7 326 0 7.8 9.3 7.5 2.5 2 1 3 3 3
-5994.6 7492.8 -588.1 339 0 8.2 9.3 7.5 2.5 2 1 3 4 4
-5984.2 7479.0 -586.0 332 0 8.4 8.0 5.0 2.5 2 0 2 5 5
-5929.6 7448.7 -574.7 335 0 14.2 10.9 7.5 2.5 2 0 3 3 3
-6039.7 7535.2 -598.9 154 0 8.3 9.6 5.0 2.5 2 1 2 4 4
-6041.1 7579.7 -605.2 75 0 9.0 8.3 7.5 2.5 2 0 3 1 1
-6030.7 7568.6 -599.3 217 0 9.1 10.9 5.0 2.5 2 1 2 3 3
-5989.4 7602.8 -595.5 235 0 8.3 9.3 5.0 0.0 0 1 2 2 2
-6042.8 7683.4 -627.8 279 0 13.7 15.9 7.5 2.5 2 1 3 0 0
-6037.2 7608.1 -612.0 349 0 11.4 11.7 7.5 2.5 2 1 3 3 3
-6053.4 7639.4 -622.5 328 0 10.7 8.9 5.0 2.5 2 0 2 5 5
-6074.9 7606.1 -619.0 136 0 13.2 10.1 5.0 2.5 2 0 2 0 0
-6039.5 7618.4 -614.6 17 0 6.8 8.2 7.5 0.0 0 1 3 4 4
-5987.5 7732.1 -624.2 262 0 12.3 10.2 7.5 2.5 2 0 3 4 4
-6116.3 7695.2 -642.0 101 0 16.4 15.3 10.0 2.5 2 0 4 4 4
-6094.8 7697.8 -638.7 81 0 8.6 13.3 7.5 2.5 2 1 3 4 4
-5856.9 7435.3 -557.0 67 0 8.9 12.7 7.5 2.5 2 1 3 5 5
-5838.9 7462.2 -558.9 126 0 8.2 11.4 7.5 2.5 2 1 3 4 4
-5901.9 7477.5 -571.9 75 0 10.5 9.4 5.0 2.5 2 0 2 1 1
-5909.3 7762.4 -624.2 202 0 10.7 7.7 7.5 2.5 2 0 3 0 0
-5856.7 7805.9 -637.0 293 0 5.8 7.7 7.5 2.5 4 1 3 3 3
-5799.9 7807.9 -639.5 79 0 8.4 6.7 7.5 2.5 2 0 3 1 1
-5805.7 7873.5 -658.9 312 0 11.4 12.9 7.5 2.5 2 1 3 1 1
-5877.5 7837.6 -652.1 109 0 9.6 12.1 7.5 2.5 2 1 3 1 1
-5911.9 7831.7 -649.0 104 0 7.2 8.0 7.5 2.5 2 1 3 1 1
-5892.7 7893.7 -669.9 207 0 8.3 8.0 7.5 2.5 2 0 3 1 1
-5883.9 7822.2 -646.2 102 0 6.5 10.4 7.5 2.5 2 1 3 0 0
-5901.1 7826.5 -647.8 117 0 12.1 8.3 2.5 2.5 2 0 1 3 3
-5943.5 7890.9 -674.3 100 0 9.6 10.3 7.5 2.5 2 1 3 0 0
-5964.2 7841.4 -653.8 184 0 12.9 8.8 7.5 2.5 2 0 3 5 5
-6074.7 7876.4 -669.8 251 0 10.2 10.1 7.5 2.5 2 0 3 3 3
-6075.9 7807.0 -652.5 277 0 13.1 11.2 7.5 2.5 2 0 3 1 1
-6042.0 7765.0 -641.4 8 0 12.6 17.2 7.5 2.5 2 1 3 5 5
-6184.1 7798.5 -671.2 17 0 7.8 9.7 7.5 2.5 2 1 3 1 1
-6195.9 7851.7 -683.1 170 0 9.4 10.8 5.0 2.5 2 1 2 4 4
-6052.3 7965.9 -700.2 77 0 15.2 14.9 5.0 2.5 2 0 2 2 2
-5967.2 7941.0 -689.5 87 0 20.3 18.0 10.0 2.5 2 0 4 2 2
-6097.7 8118.8 -732.0 199 0 13.2 10.1 5.0 2.5 2 0 2 5 5
-6121.4 8092.2 -728.5 13 0 13.3 11.2 7.5 2.5 2 0 3 0 0
-6136.1 8068.4 -724.8 19 0 13.4 11.3 7.5 2.5 2 0 3 0 0
-6174.1 8066.1 -723.8 202 0 8.6 10.5 5.0 2.5 4 1 2 3 3
-6162.9 8036.5 -719.8 21 0 10.3 12.7 7.5 2.5 2 1 3 4 4
-6165.2 8018.2 -717.8 21 0 19.7 18.3 10.0 2.5 2 0 4 3 3
-6194.5 8026.3 -717.6 21 0 6.2 5.2 7.5 2.5 2 0 3 4 4
-5860.0 7946.5 -679.4 177 0 11.4 8.4 5.0 2.5 2 0 2 2 2
-5868.6 7926.9 -675.9 189 0 12.5 10.0 7.5 2.5 2 0 3 2 2
-5144.8 8536.6 -577.4 67 0 10.1 5.0 5.0 2.5 2 0 2 4 4
-5079.5 8560.6 -573.9 64 0 11.2 10.8 7.5 2.5 2 0 3 3 3
-5097.0 8698.3 -590.3 117 0 7.2 5.5 2.5 2.5 2 0 1 0 0
-5071.9 8830.2 -596.1 261 0 11.8 12.4 5.0 2.5 2 1 2 5 5
-5003.0 8667.4 -578.6 324 0 9.7 11.8 5.0 0.0 0 1 2 4 4
-4970.4 8680.6 -574.5 11 0 10.3 10.0 7.5 2.5 2 0 3 4 4
-4964.0 8698.3 -575.0 11 0 11.1 8.7 7.5 2.5 2 0 3 4 4
-4962.1 8758.6 -580.4 13 0 6.5 6.1 7.5 2.5 2 0 3 3 3
-5001.5 8652.4 -576.1 337 0 6.2 6.6 5.0 2.5 2 1 2 0 0
-5303.2 8830.9 -610.4 253 0 11.0 15.7 7.5 2.5 4 1 3 3 3
-5281.7 8768.5 -603.3 335 0 9.1 11.8 5.0 2.5 2 1 2 1 1
-6879.6 8068.8 -770.8 174 0 10.6 12.9 5.0 2.5 2 1 2 1 1
-6807.4 8041.3 -761.6 82 0 8.5 10.5 7.5 2.5 2 1 3 4 4
-6815.9 7989.6 -756.7 11 0 7.8 8.5 5.0 2.5 2 1 2 4 4
-6664.5 7942.5 -737.0 327 0 10.9 14.6 5.0 2.5 2 1 2 4 4
-6674.3 7972.8 -740.9 322 0 10.3 14.4 7.5 2.5 4 1 3 0 0
-6667.5 8001.2 -743.1 146 0 9.6 14.7 7.5 2.5 2 1 3 0 0
-6658.3 7969.5 -738.9 152 0 11.5 12.5 7.5 2.5 2 1 3 4 4
-6749.4 8022.9 -752.9 155 0 5.1 9.7 7.5 2.5 2 1 3 0 0
-6724.9 7964.9 -744.9 158 0 12.5 9.2 7.5 2.5 4 0 3 2 2
-6758.7 7902.1 -741.0 255 0 9.6 6.6 7.5 2.5 4 0 3 4 4
-6718.2 7899.4 -737.4 334 0 7.3 9.8 5.0 2.5 2 1 2 2 2
-6712.8 7887.5 -735.9 337 0 7.8 13.8 7.5 0.0 0 1 3 3 3
-6729.1 7910.8 -739.0 250 0 10.2 7.3 7.5 2.5 2 0 3 2 2
-6740.1 7859.9 -735.2 169 0 12.6 11.0 7.5 2.5 2 0 3 3 3
-6713.0 7859.0 -732.7 335 0 5.8 7.9 7.5 2.5 2 1 3 5 5
-6688.0 7850.1 -729.8 343 0 10.8 11.1 7.5 2.5 4 1 3 3 3
-6666.5 7858.7 -727.8 182 0 10.4 22.1 7.5 2.5 2 1 3 4 4
-6627.0 7846.5 -723.5 279 0 23.2 9.9 5.0 2.5 2 0 2 4 4
-6643.0 7770.3 -705.6 342 0 7.9 8.9 7.5 2.5 2 1 3 3 3
-6648.3 7719.4 -696.8 337 0 9.2 13.2 5.0 2.5 2 1 2 0 0
-6639.8 7669.8 -686.1 265 0 4.7 10.2 5.0 2.5 4 1 2 1 1
-6441.1 8075.4 -714.5 235 0 10.7 9.5 5.0 2.5 2 0 2 2 2
-6403.5 8046.6 -708.7 347 0 17.2 12.3 7.5 2.5 4 0 3 3 3
-6383.4 8120.1 -722.4 179 1 11.2 12.5 10.0 2.5 4 1 4 1 1
-6342.5 8162.4 -736.6 285 0 14.9 15.0 7.5 2.5 2 1 3 4 4
-6399.9 8132.4 -726.5 156 0 11.2 9.5 5.0 0.0 0 0 2 4 4
-6414.4 8129.8 -724.2 344 0 7.6 9.0 5.0 2.5 2 1 2 5 5
-6407.4 8085.2 -715.0 342 0 12.2 9.9 7.5 2.5 2 0 3 5 5
-6389.6 8092.1 -715.5 351 0 13.9 7.4 7.5 2.5 2 0 3 3 3
-6401.9 8110.8 -720.1 346 0 13.5 9.6 7.5 2.5 2 0 3 0 0
-6417.1 8019.3 -704.9 65 0 7.2 9.4 7.5 2.5 4 1 3 3 3
-6364.9 7990.4 -698.3 28 0 11.3 9.6 7.5 2.5 2 0 3 2 2
-6331.5 7575.4 -637.4 138 0 13.5 10.1 5.0 2.5 2 0 2 5 5
-6305.3 7574.1 -636.0 45 0 12.4 8.7 5.0 2.5 2 0 2 1 1
-6305.8 7589.9 -637.2 22 0 7.4 10.7 5.0 0.0 0 1 2 0 0
-6283.0 7640.2 -640.4 10 0 7.7 8.0 7.5 2.5 2 1 3 5 5
-6331.8 7498.1 -629.0 235 0 5.9 5.2 5.0 2.5 2 0 2 3 3
-6291.6 7541.1 -631.7 31 0 8.5 11.3 7.5 2.5 2 1 3 2 2
-6270.2 7550.3 -629.9 203 0 9.2 10.6 7.5 2.5 2 1 3 2 2
-6232.5 7427.6 -608.1 150 0 4.9 10.4 7.5 2.5 2 1 3 0 0
-6273.0 7713.3 -647.7 339 0 10.2 10.5 5.0 2.5 2 1 2 2 2
-6268.3 7744.8 -652.3 164 0 9.2 4.7 7.5 2.5 2 0 3 2 2
-6212.9 7708.4 -652.7 266 0 8.8 11.9 7.5 2.5 2 1 3 2 2
-6184.3 7710.0 -652.3 252 0 11.5 8.1 7.5 2.5 2 0 3 2 2
-6063.7 7473.2 -600.2 93 0 10.3 8.0 7.5 2.5 2 0 3 3 3
-6210.7 7135.4 -547.2 173 0 8.3 10.8 7.5 2.5 2 1 3 5 5
-6122.8 7162.2 -551.3 4 0 8.9 15.1 5.0 2.5 2 1 2 5 5
-6167.3 7091.3 -536.2 313 0 14.8 9.6 7.5 2.5 2 0 3 0 0
-6184.0 7061.2 -532.3 42 0 9.8 14.7 7.5 2.5 2 1 3 1 1
-6224.9 7069.3 -535.1 138 0 14.1 10.4 7.5 2.5 2 0 3 1 1
-6189.2 6987.7 -511.0 70 0 9.0 9.0 7.5 2.5 2 1 3 2 2
-6258.1 6952.4 -498.7 190 0 13.3 12.0 7.5 2.5 2 0 3 5 5
-5975.1 7836.8 -654.3 33 0 10.3 11.2 5.0 2.5 2 1 2 3 3
-6296.2 7911.8 -688.2 81 0 8.5 10.9 7.5 2.5 2 1 3 2 2
-6355.9 7926.3 -687.3 100 0 13.7 15.2 7.5 2.5 2 1 3 2 2
-6334.3 7851.4 -668.6 261 0 17.9 11.6 7.5 2.5 2 0 3 5 5
-6308.8 7821.9 -664.5 332 0 12.8 17.0 7.5 2.5 2 1 3 3 3
-6342.1 7796.4 -657.6 156 0 14.5 17.9 10.0 2.5 2 1 4 4 4
-6360.2 7816.8 -660.7 168 0 15.9 19.0 12.5 2.5 2 1 5 5 5
-6360.3 7783.1 -650.8 164 0 14.4 16.5 5.0 0.0 0 1 2 0 0
-6364.4 7761.1 -646.9 178 0 7.6 13.8 5.0 2.5 2 1 2 1 1
-6355.0 7744.6 -645.5 166 0 8.0 8.2 7.5 2.5 2 1 3 3 3
-6357.6 7722.6 -642.9 194 0 12.7 12.7 7.5 2.5 2 0 3 1 1
-6363.5 7558.7 -638.0 12 0 6.7 10.9 7.5 2.5 2 1 3 3 3
-6368.1 7575.9 -639.3 342 0 9.7 5.5 5.0 2.5 2 0 2 5 5
-6169.1 7551.2 -632.3 84 0 6.2 10.3 7.5 2.5 2 1 3 3 3
-6370.2 7705.1 -640.1 190 0 13.2 12.7 5.0 2.5 2 0 2 4 4
-6274.7 7880.9 -680.5 276 0 6.9 9.9 2.5 2.5 2 1 1 2 2
-6500.5 7902.9 -705.0 126 0 9.9 10.5 7.5 2.5 2 1 3 0 0
-6824.8 7621.7 -694.6 189 0 12.1 12.1 7.5 2.5 2 1 3 4 4
-6789.6 7588.1 -682.2 10 0 12.1 9.0 5.0 2.5 2 0 2 1 1
-6887.5 7708.1 -727.1 3 0 9.4 6.2 7.5 2.5 2 0 3 0 0
-6904.2 8515.3 -802.9 113 0 14.8 14.3 5.0 2.5 2 0 2 2 2
-6773.9 9790.0 -987.8 260 0 5.9 6.5 7.5 2.5 2 1 3 5 5
-6799.2 9832.5 -987.1 227 0 6.6 7.2 2.5 2.5 2 1 1 4 4
-6814.8 9160.3 -943.7 302 0 8.8 14.0 5.0 2.5 2 1 2 3 3
-6883.8 9315.8 -946.1 183 0 9.8 5.8 5.0 2.5 4 0 2 1 1
-6792.5 9562.2 -982.7 24 0 13.0 15.1 7.5 2.5 2 1 3 4 4
-6793.2 9650.2 -987.6 171 0 19.7 8.6 5.0 2.5 2 0 2 4 4
1732.9 11116.5 -633.1 110 0 13.7 13.7 7.5 2.5 2 0 3 0 0
-5928.9 2677.6 56.8 262 0 19.2 13.9 10.0 2.5 2 0 4 1 1
