2893.6 -9032.6 -4.9 140 0 18.4 71.8 14.0 3.5 2 1 4 4 4
2823.9 -8958.5 -3.9 139 0 16.8 63.1 10.5 3.5 2 1 3 2 2
2777.0 -8861.3 -3.3 231 0 26.5 52.9 10.5 3.5 2 1 3 2 2
-5629.4 9579.3 -7.6 259 0 11.4 12.4 10.0 2.5 2 1 4 3 3
-6077.8 -5820.0 22.5 336 0 14.6 26.1 7.5 0.0 0 1 3 5 5
2439.8 -7677.6 -3.5 95 0 8.1 14.8 10.5 3.5 4 1 3 2 2
2637.8 -7886.3 -1.7 249 0 37.4 42.5 10.5 0.0 0 1 3 0 0
2544.3 -7851.3 -2.3 139 0 16.1 15.7 10.5 3.5 2 0 3 0 0
3233.0 -7906.1 -1.9 176 0 51.7 15.1 10.5 3.5 2 0 3 4 4
2522.0 -7788.0 -2.5 318 0 23.4 13.2 10.5 3.5 2 0 3 5 5
2478.4 -7877.0 -2.6 171 0 13.2 22.5 14.0 3.5 2 1 4 0 0
5321.1 -8124.7 -5.4 276 0 29.6 38.5 14.0 0.0 0 1 4 0 0
2268.7 -7742.4 -2.0 105 0 12.6 60.9 14.0 3.5 2 1 4 1 1
2526.3 -7830.2 -2.4 138 0 15.8 15.7 10.5 3.5 2 0 3 1 1
2478.4 -7775.5 -2.7 138 0 18.6 13.6 10.5 3.5 2 0 3 0 0
2466.8 -7847.7 -2.7 351 0 12.5 23.2 14.0 3.5 2 1 4 1 1
4477.9 -8110.1 -2.5 34 0 32.3 18.1 7.5 2.5 2 0 3 0 0
4398.5 -7933.2 -3.2 97 0 31.6 19.0 7.5 2.5 2 0 3 3 3
4681.0 -7985.0 -3.4 36 0 31.2 18.5 10.0 2.5 2 0 4 1 1
4325.6 -7838.1 -3.4 277 0 31.0 17.9 14.0 3.5 2 0 4 0 0
4305.1 -7982.0 -2.8 192 0 17.8 31.0 10.0 2.5 2 1 4 0 0
4840.3 -8060.5 -3.5 53 0 30.6 18.8 12.5 2.5 2 0 5 4 4
4364.8 -8076.2 -2.5 157 0 18.0 31.5 7.5 2.5 4 1 3 5 5
4401.6 -7798.0 -3.7 186 0 19.5 31.6 10.0 0.0 0 1 4 3 3
4976.2 -8044.5 -5.1 328 0 30.5 18.1 10.5 3.5 2 0 3 5 5
4586.1 -7954.0 -3.4 106 0 30.7 18.8 7.5 0.0 0 0 3 3 3
5051.3 -7992.6 -3.9 5 0 31.4 18.8 14.0 3.5 4 0 4 4 4
4759.0 -7891.9 -3.9 261 0 19.0 32.4 10.5 0.0 0 1 3 4 4
4966.9 -7959.9 -4.2 55 0 18.1 31.2 10.5 3.5 2 1 3 5 5
4827.9 -6270.1 -3.7 95 0 56.5 23.5 14.0 3.5 2 0 4 4 4
6081.1 -6304.4 -7.6 275 0 17.6 18.0 10.5 0.0 0 1 3 2 2
3313.1 -6776.5 -3.1 95 0 27.8 12.4 10.5 3.5 2 0 3 0 0
3200.9 -6656.6 -3.3 6 0 22.9 43.1 14.0 0.0 0 1 4 2 2
4617.8 -7842.0 -3.8 97 0 7.5 12.5 10.5 3.5 2 1 3 1 1
4554.2 -7838.1 -3.7 97 0 10.1 19.4 14.0 3.5 4 1 4 4 4
3390.2 -6794.5 -3.3 97 0 14.4 24.6 10.5 3.5 2 1 3 5 5
4335.7 -6103.1 -3.6 96 0 12.2 17.5 10.5 3.5 2 1 3 0 0
5577.5 -8081.3 -5.0 116 0 12.2 7.2 10.5 3.5 2 0 3 0 0
3304.7 -6799.1 -3.0 275 0 14.2 21.1 14.0 3.5 4 1 4 1 1
3048.8 -5969.0 -0.8 276 0 18.1 18.1 7.5 2.5 2 1 3 5 5
4565.4 -8825.7 -5.8 185 0 9.0 14.8 10.5 3.5 2 1 3 3 3
5555.4 -8097.3 -5.0 28 0 42.2 15.0 14.0 3.5 2 0 4 0 0
5373.3 -8169.0 -5.2 235 0 19.8 21.3 14.0 3.5 2 1 4 3 3
3119.4 -6683.3 -3.4 96 0 31.5 71.4 14.0 0.0 0 1 4 5 5
3607.1 -6770.0 -3.6 6 0 20.1 51.2 10.5 3.5 2 1 3 0 0
2343.1 -6350.1 -1.5 12 0 5.1 10.3 10.5 3.5 2 1 3 2 2
2425.8 -6353.3 -1.7 7 0 9.5 11.6 5.0 2.5 2 1 2 4 4
775.1 -8315.7 4.1 245 0 29.7 20.8 10.5 0.0 0 0 3 5 5
-1211.9 -2396.8 -33.8 127 0 16.9 26.2 17.5 0.0 0 1 5 3 3
-50.4 -5886.2 2.5 332 0 12.1 16.1 10.0 2.5 2 1 4 2 2
-767.4 -5538.6 7.0 336 0 16.8 26.3 7.5 0.0 0 1 3 5 5
-2480.5 -3263.6 5.4 149 0 9.9 15.0 10.5 3.5 2 1 3 0 0
-2662.4 -1846.7 -28.1 279 0 19.0 22.0 14.0 3.5 2 1 4 4 4
-2596.2 -1858.3 -29.2 93 0 56.8 15.2 10.5 3.5 2 0 3 2 2
-2633.4 -1877.3 -28.0 105 0 12.3 6.2 10.5 3.5 2 0 3 4 4
-3169.6 -1769.9 -9.9 199 0 21.5 11.2 7.5 0.0 0 0 3 0 0
-554.3 2027.8 -35.8 76 0 12.6 10.1 7.5 2.5 2 0 3 5 5
1428.1 -4623.5 -14.6 331 0 14.7 16.4 5.0 2.5 2 1 2 0 0
-634.6 -4643.6 -3.0 334 0 12.3 17.1 5.0 2.5 2 1 2 2 2
4393.5 -5035.1 -3.7 60 0 21.1 13.7 10.0 2.5 4 0 4 0 0
3120.4 -6457.4 -2.8 184 0 13.5 19.0 5.0 2.5 2 1 2 1 1
2714.4 -6407.7 3.3 94 0 14.3 14.5 10.5 0.0 0 1 3 4 4
-6837.0 -10484.9 29.3 320 0 11.9 19.9 7.5 2.5 2 1 3 0 0
3890.6 -9911.5 -3.2 36 0 51.2 40.8 10.5 0.0 0 0 3 0 0
2506.8 -8492.3 -2.4 146 0 15.4 58.2 14.0 0.0 0 1 4 5 5
856.0 -6560.9 -1.3 145 0 19.3 29.1 14.0 0.0 0 0 4 1 1
933.8 -6510.5 -0.7 327 0 33.6 25.3 14.0 0.0 0 0 4 4 4
915.7 -6487.1 -0.4 327 0 14.5 23.8 14.0 3.5 2 0 4 3 3
6723.6 -3870.8 -10.1 179 0 11.1 19.3 5.0 0.0 0 1 2 1 1
6110.6 -986.7 -34.7 337 0 11.4 15.0 7.5 2.5 4 1 3 1 1
6251.9 -916.8 -41.7 140 0 8.5 10.5 5.0 2.5 2 1 2 4 4
3291.4 -6053.2 -1.0 276 0 39.7 53.3 14.0 0.0 0 1 4 5 5
3510.1 -6757.7 -3.6 282 0 24.6 14.8 10.5 3.5 4 0 3 1 1
3330.2 -6693.1 -3.0 279 0 24.1 15.2 10.5 3.5 2 0 3 4 4
3437.2 -6807.2 -3.4 97 0 8.9 12.4 10.5 3.5 2 1 3 5 5
3420.7 -6825.0 -3.4 7 0 22.0 27.7 14.0 0.0 0 1 4 1 1
3427.3 -6836.1 -3.4 187 0 12.7 10.9 10.5 3.5 2 0 3 4 4
2927.5 -6124.8 0.0 7 0 23.7 7.8 10.5 3.5 2 0 3 5 5
3418.4 -6210.9 -1.8 97 0 27.2 73.7 14.0 0.0 0 0 4 4 4
3372.2 -6698.0 -3.2 279 0 23.0 15.2 10.5 0.0 0 0 3 3 3
3073.0 -6093.3 -0.5 97 0 15.4 11.0 5.0 2.5 2 0 2 5 5
2265.5 -6227.0 -0.9 5 0 12.7 13.0 5.0 2.5 2 1 2 0 0
3115.6 -6097.6 -0.4 97 0 41.5 12.0 10.0 0.0 0 0 4 5 5
2731.8 -6089.6 0.5 276 0 16.6 15.0 5.0 2.5 2 0 2 4 4
3309.6 -6173.9 -1.0 5 0 7.9 30.5 10.5 3.5 2 1 3 2 2
3270.0 -6214.2 -0.6 96 0 90.9 27.0 14.0 0.0 0 0 4 5 5
3476.1 -6722.5 -3.5 9 0 15.2 16.4 10.5 3.5 2 1 3 3 3
3438.4 -6708.5 -3.4 279 0 17.3 15.2 10.5 3.5 2 0 3 5 5
3493.1 -6359.9 -2.0 189 0 38.7 17.1 14.0 3.5 2 0 4 5 5
3414.5 -6226.1 -1.6 97 0 40.9 15.6 14.0 3.5 2 0 4 3 3
2265.0 -6248.4 -0.9 7 0 9.6 15.9 10.5 3.5 2 1 3 0 0
3543.0 -6330.3 -1.9 188 0 22.9 25.6 14.0 3.5 2 1 4 1 1
3038.0 -6159.1 -0.3 277 0 18.8 45.5 14.0 3.5 2 0 4 1 1
3486.8 -6410.5 -2.5 188 0 19.5 20.7 14.0 3.5 2 1 4 4 4
3456.4 -6317.6 -2.0 7 0 18.7 42.5 14.0 3.5 2 1 4 3 3
3341.1 -6756.9 -3.1 95 0 13.5 10.3 10.5 3.5 4 0 3 4 4
3511.5 -6207.6 -2.2 271 0 15.9 10.9 10.5 3.5 2 0 3 2 2
4376.5 -8119.0 -3.0 173 0 13.5 13.3 5.0 2.5 4 0 2 5 5
3463.4 -6453.2 -2.8 188 0 12.7 10.4 14.0 3.5 2 0 4 1 1
3523.9 -6574.7 -3.2 277 0 22.1 26.5 14.0 3.5 2 1 4 4 4
3488.9 -6792.5 -3.6 6 0 7.3 11.6 10.5 3.5 4 1 3 4 4
3238.6 -7985.7 -1.4 176 0 52.6 15.1 10.5 3.5 4 0 3 3 3
3757.3 -8076.0 -3.2 78 0 12.3 7.6 5.0 2.5 2 0 2 2 2
3371.1 -6618.3 -3.1 280 0 5.8 8.5 10.5 3.5 2 1 3 2 2
3345.9 -6361.7 -2.4 186 0 35.6 20.2 14.0 0.0 0 0 4 4 4
3451.1 -7837.6 -3.3 266 0 29.6 9.8 10.5 3.5 2 0 3 2 2
5030.5 -8259.8 -2.9 187 0 7.5 7.4 7.5 2.5 2 0 3 2 2
4398.8 -8181.0 -2.5 353 0 13.5 13.3 2.5 2.5 2 0 1 3 3
5427.5 -8041.2 -5.4 95 0 16.3 18.5 14.0 3.5 2 1 4 5 5
3491.9 -7790.6 -3.0 186 0 10.0 26.2 14.0 3.5 2 1 4 3 3
4346.8 -8167.9 -3.1 85 0 13.3 13.5 7.5 2.5 2 1 3 5 5
3561.6 -6557.4 -3.1 97 0 25.1 16.4 14.0 0.0 0 0 4 2 2
3496.6 -6306.6 -1.7 278 0 20.6 9.8 10.5 3.5 2 0 3 4 4
3344.6 -6722.1 -3.1 275 0 10.1 20.8 10.5 3.5 2 1 3 1 1
3618.1 -6630.6 -3.3 7 0 14.3 54.3 14.0 3.5 2 1 4 4 4
3568.4 -6865.7 -3.9 276 0 11.0 9.5 7.5 2.5 2 0 3 4 4
3540.8 -6208.4 -2.5 271 0 22.7 9.9 10.5 3.5 2 0 3 1 1
3723.6 -8014.4 -2.7 349 0 14.0 8.5 5.0 0.0 0 0 2 3 3
4351.5 -8237.4 -2.5 173 0 13.5 13.3 5.0 2.5 2 0 2 4 4
3453.8 -6338.8 -2.1 7 0 19.4 42.5 14.0 3.5 2 1 4 5 5
3405.6 -6458.3 -2.8 7 0 12.4 30.3 14.0 3.5 2 0 4 2 2
3326.8 -7824.9 -3.8 180 0 10.1 20.7 14.0 3.5 2 1 4 2 2
3357.0 -6294.3 -1.5 276 0 29.6 18.8 14.0 3.5 2 0 4 3 3
3435.9 -6381.5 -2.2 7 0 13.5 22.9 14.0 3.5 2 0 4 3 3
3478.5 -6612.5 -3.2 10 0 23.5 30.7 14.0 0.0 0 1 4 3 3
3411.2 -6593.1 -3.2 279 0 11.5 4.5 10.5 3.5 2 0 3 0 0
3158.6 -8000.9 -1.3 180 0 19.1 60.3 14.0 0.0 0 1 4 5 5
3360.7 -6453.0 -2.7 187 0 12.4 14.9 14.0 3.5 2 0 4 0 0
1976.3 -6861.3 -7.9 94 0 17.3 17.3 10.0 2.5 2 1 4 2 2
3364.0 -7849.3 -3.8 270 0 67.9 16.1 14.0 3.5 2 0 4 4 4
3588.4 -6704.3 -3.5 97 0 40.4 62.6 14.0 0.0 0 1 4 0 0
3556.1 -6881.7 -3.9 186 0 8.7 16.2 7.5 2.5 2 1 3 4 4
4395.0 -8247.3 -2.2 83 0 6.8 18.1 5.0 0.0 0 1 2 1 1
3420.0 -6494.3 -2.9 8 0 20.6 28.1 14.0 3.5 2 0 4 2 2
3258.6 -8035.6 -1.4 358 0 26.3 15.1 10.5 3.5 2 0 3 0 0
3316.3 -6721.9 -3.0 185 0 13.8 11.4 10.5 3.5 2 0 3 2 2
3495.0 -7839.7 -3.1 8 0 14.6 9.4 10.5 3.5 2 0 3 1 1
3338.6 -6425.7 -2.7 186 0 20.4 26.0 14.0 3.5 2 0 4 1 1
3583.6 -6516.0 -3.1 3 0 21.6 40.4 14.0 0.0 0 0 4 2 2
3481.2 -6638.0 -3.3 10 0 20.9 24.8 14.0 3.5 4 0 4 0 0
3341.6 -6394.8 -2.6 186 0 17.4 26.5 14.0 3.5 2 0 4 5 5
5039.9 -8269.9 -3.0 97 0 6.3 12.6 7.5 2.5 2 0 3 2 2
3371.3 -6487.6 -2.9 188 0 20.6 21.1 14.0 3.5 2 0 4 4 4
3450.9 -6684.3 -3.4 100 0 30.7 40.3 14.0 0.0 0 0 4 4 4
4819.0 -6889.9 -3.9 7 0 23.5 27.0 14.0 0.0 0 0 4 4 4
3506.8 -6541.9 -3.1 187 0 12.7 35.1 14.0 3.5 2 1 4 4 4
3369.3 -6502.7 -2.9 188 0 9.9 29.4 10.5 0.0 0 0 3 4 4
3334.3 -6408.9 -2.7 186 0 12.1 25.8 14.0 3.5 4 0 4 1 1
4166.3 -6589.4 -3.9 276 0 31.4 61.8 14.0 0.0 0 0 4 0 0
3173.6 -3677.4 -14.6 261 0 49.6 18.2 12.5 2.5 2 0 5 0 0
5281.9 -3836.3 -9.8 181 0 12.2 19.3 7.5 2.5 2 1 3 3 3
3179.4 -5179.2 -1.3 84 0 20.3 15.5 10.0 2.5 2 0 4 2 2
5330.5 -4870.9 -3.3 16 0 6.8 17.1 5.0 2.5 2 1 2 1 1
5058.8 -4752.4 -3.4 166 0 16.5 11.6 7.5 2.5 2 0 3 1 1
5329.7 -6664.5 -3.8 242 0 17.9 13.0 14.0 3.5 2 0 4 2 2
4359.8 -3172.6 15.8 80 0 21.5 22.0 7.5 2.5 2 1 3 2 2
4321.5 -3154.8 16.1 260 0 21.4 22.0 7.5 2.5 2 1 3 4 4
4286.1 -3163.2 16.2 260 0 21.4 22.0 10.0 2.5 2 1 4 1 1
4249.7 -3168.6 16.4 260 0 21.4 22.0 12.5 2.5 2 1 5 1 1
4206.7 -3187.1 16.6 170 0 22.0 21.5 10.0 2.5 2 0 4 2 2
3466.8 -2573.4 -18.8 245 0 14.3 10.8 7.5 2.5 2 0 3 2 2
-3966.9 -4503.0 45.5 335 0 9.7 20.6 5.0 2.5 2 1 2 0 0
5750.7 -6392.2 -5.2 252 0 19.5 39.5 14.0 3.5 2 1 4 4 4
4242.4 2894.2 -47.6 164 0 82.9 85.5 7.5 0.0 0 1 3 3 3
-1477.4 -8487.1 12.6 159 0 54.6 36.1 14.0 0.0 0 0 4 4 4
4069.7 -9352.8 -4.3 75 0 24.1 48.6 10.5 3.5 2 1 3 1 1
3983.2 -9437.7 -4.0 75 0 14.5 46.0 14.0 3.5 2 1 4 5 5
4173.9 -9158.2 -4.7 348 0 65.5 74.8 10.5 0.0 0 1 3 0 0
3781.0 -9467.0 -3.7 80 0 25.8 20.5 14.0 3.5 2 0 4 5 5
3525.7 -9330.0 -3.5 181 0 23.1 59.7 14.0 3.5 2 1 4 2 2
6717.3 5403.0 -52.8 360 0 8.1 15.8 5.0 2.5 2 1 2 3 3
6040.7 8269.3 -55.6 278 0 60.7 66.7 10.0 0.0 0 1 4 1 1
6866.7 5621.2 -53.9 360 0 9.2 12.9 7.5 2.5 2 1 3 3 3
6569.7 8896.7 -55.6 155 0 43.4 45.9 10.0 0.0 0 1 4 5 5
6808.8 5695.5 -54.4 270 0 8.4 13.9 7.5 2.5 4 1 3 5 5
6808.8 5546.1 -53.6 90 0 12.0 17.9 5.0 2.5 2 1 2 4 4
6602.2 5593.7 -54.1 180 0 33.4 18.2 5.0 0.0 0 0 2 0 0
6765.2 5571.5 -53.9 270 0 15.5 24.7 7.5 2.5 2 1 3 4 4
6681.2 5534.6 -54.0 90 0 60.7 10.2 10.0 2.5 2 0 4 5 5
6676.3 5822.5 -53.9 180 0 7.1 15.9 2.5 2.5 2 1 1 2 2
6854.6 5578.4 -53.6 360 0 14.7 17.8 7.5 2.5 4 1 3 0 0
6804.8 5641.7 -54.1 180 0 13.9 8.4 5.0 2.5 2 0 2 5 5
6210.4 6985.8 -53.7 156 0 15.4 18.2 10.0 2.5 2 1 4 4 4
6054.2 5481.5 -52.5 182 0 31.3 78.3 12.5 0.0 0 1 5 3 3
5914.9 -2561.5 -31.1 314 0 16.3 20.2 10.0 2.5 2 1 4 0 0
5925.2 -2510.5 -30.9 323 0 23.8 13.9 10.0 2.5 2 0 4 0 0
5782.8 -2256.5 -22.8 341 0 12.2 16.6 5.0 0.0 0 1 2 2 2
5697.8 -2320.1 -22.7 179 0 11.5 16.6 5.0 0.0 0 1 2 2 2
6061.9 -2556.7 -33.8 164 0 22.0 13.9 10.0 2.5 2 0 4 3 3
5855.0 -2342.5 -26.4 182 0 22.0 13.9 7.5 2.5 2 0 3 3 3
6044.8 -2586.6 -33.7 348 0 23.8 13.9 7.5 2.5 2 0 3 0 0
5812.4 -2366.3 -26.1 182 0 22.0 13.9 7.5 2.5 2 0 3 1 1
5804.9 -2517.3 -28.7 147 0 11.5 16.6 5.0 0.0 0 1 2 5 5
5736.6 -2335.8 -23.8 181 0 11.5 16.6 5.0 0.0 0 1 2 5 5
5756.5 -2200.2 -21.4 329 0 12.2 16.6 2.5 0.0 0 1 1 4 4
5772.1 -2382.2 -25.4 181 0 11.5 16.6 5.0 0.0 0 1 2 0 0
5720.8 -2180.2 -21.4 138 0 11.5 16.6 2.5 0.0 0 1 1 5 5
5955.2 -2513.4 -31.3 149 0 11.5 16.5 7.5 0.0 0 1 3 5 5
5854.2 -2302.3 -25.5 177 0 11.5 16.6 5.0 0.0 0 1 2 3 3
5669.2 -2295.9 -22.8 347 0 23.8 13.9 7.5 2.5 2 0 3 0 0
5950.0 -2548.9 -31.7 333 0 23.8 13.9 10.0 2.5 2 0 4 2 2
5902.1 -2683.2 -32.6 213 0 22.0 13.9 10.0 2.5 4 0 4 4 4
5771.6 -2228.6 -22.0 335 0 12.2 16.6 5.0 0.0 0 1 2 0 0
5790.0 -2288.2 -23.5 350 0 12.2 16.6 5.0 0.0 0 1 2 2 2
5953.2 -2597.1 -32.5 169 0 22.0 13.9 10.0 2.5 2 0 4 4 4
5991.1 -2599.1 -33.1 174 0 11.5 16.6 5.0 0.0 0 1 2 4 4
5816.5 -2244.3 -23.3 306 0 10.8 18.0 5.0 0.0 0 1 2 1 1
5659.5 -2341.3 -23.1 185 0 22.0 13.9 12.5 0.0 0 0 5 2 2
5834.7 -2545.7 -29.4 50 0 8.5 16.2 5.0 0.0 0 1 2 4 4
5970.8 -2540.1 -31.9 155 0 11.5 16.6 7.5 0.0 0 1 3 5 5
5624.1 -2281.3 -23.2 329 0 12.3 16.6 5.0 0.0 0 1 2 1 1
5926.7 -2597.7 -31.9 346 0 23.8 13.9 7.5 2.5 2 0 3 1 1
5693.8 -2425.1 -24.9 177 0 22.0 13.9 7.5 0.0 0 0 3 0 0
5774.4 -2354.0 -24.9 183 0 11.5 16.6 5.0 0.0 0 1 2 5 5
5699.3 -2258.7 -22.3 333 0 12.2 16.6 5.0 0.0 0 1 2 5 5
5636.2 -2311.1 -23.2 347 0 12.2 16.6 2.5 0.0 0 1 1 3 3
5947.0 -2673.2 -33.3 194 0 11.5 16.6 2.5 0.0 0 1 1 3 3
5812.2 -2404.0 -26.7 179 0 11.5 16.6 5.0 0.0 0 1 2 4 4
5695.9 -2351.4 -23.3 181 0 11.5 16.6 5.0 0.0 0 1 2 4 4
5591.8 -2307.8 -23.7 311 0 10.8 18.0 5.0 0.0 0 1 2 4 4
5931.0 -2709.7 -33.4 214 0 22.0 13.9 7.5 2.5 2 0 3 0 0
5692.8 -2383.7 -23.9 181 0 11.5 16.6 7.5 0.0 0 1 3 1 1
6036.3 -2554.2 -33.0 344 0 17.0 14.0 7.5 2.5 2 0 3 3 3
5734.5 -2375.0 -24.7 184 0 22.0 13.9 10.0 2.5 2 0 4 2 2
5656.2 -2385.9 -23.4 181 0 22.0 13.9 5.0 2.5 2 0 2 3 3
6046.5 -2517.6 -32.9 155 0 11.5 16.6 7.5 0.0 0 1 3 1 1
5982.8 -2568.8 -32.5 165 0 11.5 16.6 5.0 0.0 0 1 2 1 1
5811.6 -2284.1 -24.4 174 0 22.0 13.9 10.0 2.5 2 0 4 2 2
5634.0 -2343.6 -23.5 3 0 23.8 13.9 7.5 2.5 2 0 3 0 0
5710.6 -2290.7 -22.4 347 0 12.2 16.6 5.0 0.0 0 1 2 3 3
5886.7 -2598.2 -31.3 343 0 23.8 13.9 7.5 2.5 2 0 3 4 4
1135.0 -7685.2 -4.9 46 0 50.4 25.1 14.0 3.5 2 0 4 5 5
1037.8 -7705.9 -4.6 135 0 50.6 64.3 14.0 0.0 0 1 4 0 0
-198.0 -8043.8 11.0 64 0 45.6 21.6 14.0 3.5 2 0 4 4 4
857.0 -7597.2 -4.0 223 0 36.0 30.6 14.0 0.0 0 0 4 3 3
-522.8 -8464.6 10.7 333 0 12.9 9.5 10.5 3.5 2 0 3 2 2
1058.6 -7566.9 -4.7 315 0 25.6 17.5 14.0 3.5 2 0 4 0 0
6672.6 -9350.9 -7.7 64 0 16.6 10.7 14.0 0.0 0 0 4 3 3
4264.3 -9616.4 -4.8 310 0 47.8 30.0 10.0 0.0 0 0 4 4 4
4325.8 -9688.6 -5.1 40 0 27.3 46.5 12.5 0.0 0 1 5 3 3
3266.3 -8636.3 -3.4 62 0 21.3 12.1 10.5 3.5 2 0 3 5 5
2624.1 -8394.1 -2.0 134 0 13.2 32.0 10.5 3.5 2 0 3 1 1
2547.9 -8321.1 -2.3 134 0 13.2 32.0 10.5 3.5 2 0 3 1 1
2662.1 -8430.5 -2.3 134 0 13.3 32.0 10.5 3.5 4 0 3 3 3
2586.0 -8357.6 -2.0 134 0 13.2 32.0 10.5 3.5 2 0 3 4 4
2366.4 -8199.4 -3.0 47 0 22.8 15.8 14.0 3.5 4 0 4 1 1
2595.5 -8366.7 -2.0 134 0 13.2 32.0 10.5 3.5 2 0 3 3 3
2633.6 -8403.2 -2.0 134 0 13.2 32.0 10.5 3.5 2 0 3 3 3
2557.5 -8330.2 -2.2 134 0 13.2 32.0 10.5 3.5 2 0 3 5 5
2605.0 -8375.8 -2.0 134 0 13.3 32.0 10.5 3.5 4 0 3 4 4
2327.8 -8188.2 -3.1 57 0 11.9 11.3 16.0 3.5 2 0 4 1 1
2643.1 -8412.3 -1.9 134 0 13.3 32.0 10.5 3.5 2 0 3 4 4
2567.0 -8339.4 -2.1 134 0 13.2 32.0 10.5 3.5 2 0 3 4 4
2614.5 -8385.0 -2.0 134 0 13.2 32.0 10.5 3.5 2 0 3 5 5
2270.4 -8174.6 -3.5 146 0 50.8 79.5 14.0 0.0 0 1 4 4 4
3302.5 -8888.3 -4.9 157 0 21.4 11.0 16.0 0.0 0 0 4 1 1
2652.6 -8421.4 -2.0 134 0 13.2 32.0 10.5 3.5 2 0 3 1 1
2671.6 -8439.6 -2.5 134 0 13.1 32.0 10.5 0.0 0 0 3 0 0
2576.5 -8348.5 -2.1 134 0 13.2 32.0 10.5 3.5 4 0 3 2 2
1732.6 -8684.3 -4.2 331 0 42.6 49.0 14.0 0.0 0 1 4 3 3
-2936.1 -5869.2 17.5 266 0 48.0 21.3 7.5 0.0 0 0 3 2 2
1032.2 -9984.6 -1.2 154 0 17.4 23.6 10.0 0.0 0 1 4 5 5
579.5 -9136.3 0.9 243 0 14.4 21.6 10.5 3.5 2 1 3 4 4
347.9 -8369.6 5.9 153 0 30.8 13.6 10.5 3.5 2 0 3 0 0
-25.4 -9674.5 3.3 241 0 9.3 17.3 12.0 3.5 2 0 3 0 0
-1616.8 -4348.8 7.9 81 0 60.0 80.9 7.5 0.0 0 1 3 5 5
-1232.9 -4143.8 3.8 342 0 86.8 86.7 14.0 0.0 0 0 4 3 3
-757.8 -5114.8 9.8 23 0 18.6 42.9 7.5 0.0 0 1 3 3 3
47.8 -5323.3 2.7 242 0 19.7 12.8 12.5 2.5 2 0 5 2 2
6494.2 -9915.3 -9.1 328 0 11.6 14.8 14.0 3.5 2 1 4 2 2
5900.9 -10564.9 -10.0 254 0 38.5 55.6 10.5 0.0 0 0 3 1 1
6236.4 -10364.1 -10.0 67 1 12.0 12.2 14.0 3.5 4 1 4 2 2
6477.9 -9903.7 -9.0 349 0 10.4 8.4 10.5 3.5 2 0 3 2 2
3611.1 -8446.5 -3.6 251 0 35.8 37.0 10.5 0.0 0 1 3 4 4
4468.0 -8610.3 -4.7 186 0 14.7 4.4 10.5 3.5 2 0 3 5 5
2969.6 -8424.5 -1.6 321 0 14.5 22.4 14.0 3.5 2 1 4 0 0
4480.1 -8518.1 -3.9 186 0 11.4 15.8 10.5 3.5 2 1 3 2 2
4477.6 -8541.8 -4.1 186 0 7.1 17.0 12.0 3.5 2 1 3 1 1
3918.4 -9028.8 -3.8 346 0 24.2 21.7 14.0 3.5 2 0 4 2 2
4471.9 -8916.7 -5.8 86 0 12.1 17.3 14.0 3.5 2 1 4 4 4
4529.5 -8435.2 -2.8 276 0 35.1 12.8 10.5 3.5 2 0 3 3 3
3538.4 -8471.5 -3.5 253 0 46.2 35.3 10.5 0.0 0 0 3 4 4
4481.4 -8505.2 -3.7 186 0 11.0 15.8 10.5 3.5 2 1 3 1 1
2940.6 -8438.2 -1.5 321 0 22.9 16.4 14.0 3.5 2 0 4 3 3
2457.2 -8232.9 -2.5 134 0 12.0 25.9 10.5 3.5 2 0 3 0 0
2887.8 -8323.5 -1.8 319 0 31.3 14.6 14.0 3.5 2 0 4 1 1
2478.4 -8248.4 -2.4 134 0 16.1 22.4 10.5 3.5 4 0 3 1 1
2471.4 -8244.1 -2.4 44 0 22.4 12.1 10.5 0.0 0 0 3 5 5
2873.1 -8328.5 -2.0 319 0 31.2 21.0 14.0 0.0 0 0 4 2 2
2556.0 -8259.6 -2.3 314 0 30.6 47.6 10.5 3.5 2 1 3 1 1
4031.8 -10135.3 -5.5 33 0 19.0 8.5 10.5 3.5 2 0 3 5 5
3859.7 -10359.8 -6.3 123 0 7.3 16.7 10.5 0.0 0 1 3 0 0
3675.7 -10848.1 -7.2 141 0 12.6 33.6 10.5 3.5 2 1 3 0 0
4299.2 -9949.8 -5.7 303 0 18.0 14.9 14.0 3.5 2 0 4 5 5
3874.9 -10733.1 -7.0 331 0 101.2 23.4 10.0 0.0 0 0 4 0 0
6072.0 -8515.7 -6.0 191 0 16.5 21.8 14.0 3.5 2 1 4 1 1
6078.8 -8481.1 -5.5 191 0 17.2 21.8 14.0 3.5 4 1 4 4 4
6685.5 -7887.5 -5.0 277 0 24.9 21.3 14.0 3.5 2 0 4 1 1
6580.6 -8426.3 -5.9 123 0 16.4 17.8 14.0 3.5 2 1 4 2 2
6675.9 -10989.7 -12.8 93 0 13.2 15.5 14.0 3.5 2 1 4 0 0
5534.1 -10163.5 -7.9 61 0 13.1 13.3 10.5 3.5 2 1 3 2 2
6813.3 -9786.5 -10.0 182 0 21.6 30.3 10.5 0.0 0 1 3 5 5
5988.4 -8758.6 -6.7 335 0 7.5 16.0 10.5 3.5 2 0 3 0 0
6551.8 -10209.0 -10.1 356 0 11.2 54.4 14.0 0.0 0 1 4 2 2
5798.3 -9976.7 -7.9 149 0 16.9 20.2 14.0 3.5 2 1 4 3 3
2237.7 -7724.3 -1.7 106 0 9.3 11.0 10.5 3.5 2 1 3 3 3
2778.8 -9373.9 -2.7 312 0 126.5 104.8 10.5 0.0 0 0 3 0 0
-5431.4 -10974.9 25.1 80 0 6.5 11.7 7.5 2.5 2 0 3 2 2
180.2 -7575.0 8.2 333 0 24.9 32.2 14.0 0.0 0 1 4 1 1
2600.2 -9829.7 -4.7 353 0 16.9 37.0 14.0 3.5 2 1 4 5 5
1296.6 -8886.5 1.6 243 0 85.8 69.7 14.0 0.0 0 0 4 4 4
-5856.2 -10129.2 27.6 241 0 15.4 10.1 5.0 2.5 2 0 2 1 1
-5722.3 -10797.6 25.6 167 0 18.5 61.2 7.5 2.5 4 1 3 1 1
-579.1 -9238.4 7.3 154 0 80.4 91.8 14.0 0.0 0 0 4 4 4
-5233.2 -10524.2 25.2 37 0 30.1 11.3 7.5 2.5 2 0 3 4 4
-5212.5 -10498.9 25.2 37 0 31.4 10.6 7.5 2.5 2 0 3 2 2
-2182.4 -9545.8 15.4 162 0 15.7 10.8 14.0 3.5 2 0 4 4 4
4406.5 -10152.4 -4.2 156 0 27.3 36.7 14.0 0.0 0 1 4 3 3
4430.1 -10182.1 -4.2 144 0 14.5 32.2 14.0 3.5 2 1 4 4 4
4449.5 -10203.7 -4.9 144 0 22.3 30.5 14.0 0.0 0 1 4 5 5
4469.0 -10223.7 -5.4 144 0 16.2 26.2 14.0 3.5 2 1 4 1 1
4539.0 -10306.6 -5.6 144 0 18.8 34.7 14.0 0.0 0 1 4 5 5
4525.2 -10287.1 -5.8 144 0 19.1 20.0 14.0 3.5 2 1 4 5 5
4507.7 -10266.6 -6.0 140 0 16.9 24.4 14.0 3.5 2 1 4 5 5
4607.1 -10395.8 -6.6 143 0 36.6 19.2 14.0 3.5 2 0 4 0 0
4756.8 -10556.0 -7.9 322 0 51.0 23.3 14.0 0.0 0 0 4 3 3
4785.1 -10595.5 -7.5 321 0 19.3 17.6 14.0 3.5 2 0 4 4 4
4806.1 -10618.5 -7.2 320 0 16.8 15.7 14.0 3.5 2 0 4 5 5
4821.1 -10643.7 -7.3 321 0 24.4 15.2 14.0 3.5 2 0 4 4 4
4854.7 -10725.8 -8.4 142 0 25.3 20.4 14.0 3.5 2 0 4 0 0
-3931.8 -6846.1 25.1 265 0 24.3 22.6 10.0 2.5 2 0 4 2 2
-3919.0 -6901.3 20.8 357 0 30.6 25.1 12.5 0.0 0 0 5 1 1
-6587.6 2202.4 -40.2 337 0 12.9 18.8 7.5 2.5 4 1 3 0 0
6536.5 3414.0 -51.0 66 0 28.4 24.7 7.5 0.0 0 0 3 2 2
-3691.2 -9065.7 19.7 214 0 9.6 18.5 12.0 3.5 2 1 3 1 1
740.7 -9050.7 1.0 153 0 31.2 35.7 10.5 0.0 0 1 3 5 5
-4516.0 -8192.3 22.7 333 0 14.1 23.9 7.5 2.5 2 1 3 4 4
-5007.3 6418.1 -37.8 340 0 10.3 8.4 2.5 2.5 2 0 1 2 2
-4740.7 3751.1 -43.4 350 0 14.6 93.0 7.5 2.5 2 1 3 0 0
-4858.2 3722.0 -43.6 80 0 52.6 14.6 7.5 2.5 2 0 3 3 3
-4126.5 2375.3 -41.3 177 0 12.1 11.1 5.0 2.5 2 0 2 5 5
-389.6 4758.0 -44.6 282 0 53.2 40.3 12.5 0.0 0 0 5 0 0
-132.5 4619.5 -44.9 96 0 21.0 60.5 7.5 2.5 2 1 3 0 0
-193.0 4621.2 -44.4 97 0 80.0 15.5 10.0 2.5 2 0 4 3 3
228.0 7208.8 -36.8 198 0 15.5 13.3 5.0 2.5 2 0 2 5 5
160.9 6912.2 -40.5 197 0 27.7 109.9 10.0 0.0 0 1 4 2 2
-1004.7 6373.5 -36.3 140 0 11.3 9.6 7.5 2.5 2 0 3 5 5
-2955.3 8122.6 -35.8 141 0 28.1 11.0 10.0 0.0 0 0 4 5 5
-6390.5 6253.6 -33.1 63 0 17.9 18.0 10.0 2.5 2 1 4 2 2
-2770.8 -2884.0 29.4 49 0 15.7 33.7 14.0 3.5 2 0 4 0 0
-2782.6 -2894.4 29.4 49 0 15.6 33.7 14.0 3.5 2 0 4 0 0
-2794.3 -2904.7 29.3 49 0 15.6 33.7 14.0 3.5 2 0 4 2 2
-2828.2 -2889.7 29.3 229 0 15.6 33.7 14.0 3.5 2 0 4 5 5
-2710.3 -2887.7 28.2 49 0 48.8 81.2 14.0 0.0 0 1 4 3 3
-2857.6 -2724.8 35.1 139 0 16.7 28.9 14.0 3.5 2 1 4 1 1
-2812.1 -2783.8 31.8 139 0 72.9 32.5 14.0 0.0 0 0 4 3 3
-2491.5 -2697.8 29.2 49 0 14.4 27.0 14.0 3.5 2 0 4 4 4
-2502.6 -2707.6 29.2 49 0 15.2 27.0 14.0 0.0 0 0 4 5 5
-2514.2 -2717.8 29.1 49 0 15.4 27.0 14.0 3.5 2 0 4 0 0
-2525.9 -2728.2 29.1 49 0 15.8 27.0 14.0 3.5 2 0 4 2 2
-2579.5 -2775.5 28.9 49 0 15.7 27.0 14.0 3.5 2 0 4 3 3
-2590.6 -2785.3 28.9 49 0 13.7 27.0 14.0 3.5 2 0 4 4 4
-2601.4 -2794.9 28.8 49 0 15.1 27.0 14.0 3.5 2 0 4 4 4
-2612.7 -2804.8 28.8 49 0 14.8 27.0 14.0 3.5 2 0 4 0 0
-2624.3 -2815.1 28.8 49 0 16.0 27.0 14.0 3.5 2 0 4 1 1
-2635.9 -2825.3 28.7 49 0 14.7 27.0 14.0 3.5 2 0 4 1 1
-2650.9 -2838.6 28.6 49 0 25.3 27.0 14.0 0.0 0 0 4 4 4
-2668.4 -2854.1 28.4 49 0 21.4 27.0 14.0 3.5 2 0 4 3 3
3114.8 -1302.6 -35.6 147 0 49.5 21.2 10.0 0.0 0 0 4 4 4
-2864.4 -7443.1 19.3 290 0 40.1 15.4 10.0 2.5 2 0 4 5 5
-2850.1 -7476.1 19.2 23 0 18.3 47.8 10.0 0.0 0 0 4 0 0
-4910.1 -5313.6 28.1 342 0 11.3 44.9 7.5 2.5 2 0 3 0 0
1335.6 -8037.2 -1.5 327 0 13.2 16.6 14.0 3.5 2 1 4 1 1
1893.2 6101.3 -42.7 258 0 15.3 12.4 2.5 2.5 2 0 1 4 4
2921.8 3295.8 -42.5 350 0 62.4 40.0 10.0 0.0 0 0 4 2 2
358.6 7499.0 -38.8 171 0 60.6 19.5 10.0 2.5 2 0 4 2 2
371.6 7542.3 -38.4 171 0 20.8 48.6 10.0 2.5 2 0 4 3 3
2985.0 7467.4 -45.0 243 0 20.7 14.0 5.0 2.5 2 0 2 3 3
5816.2 -3091.6 3.4 282 0 16.3 58.6 12.5 2.5 2 1 5 5 5
5703.3 -5433.4 -7.9 155 0 16.8 17.8 7.5 2.5 2 1 3 1 1
3447.4 1650.4 -46.3 264 0 26.0 70.5 5.0 0.0 0 1 2 0 0
3335.6 1549.8 -46.2 174 0 32.3 104.0 10.0 0.0 0 1 4 2 2
3427.6 1662.7 -46.2 354 0 28.7 100.3 10.0 0.0 0 1 4 5 5
5457.7 -967.4 -19.6 90 0 14.9 29.9 12.5 2.5 2 1 5 2 2
6453.1 10804.2 -53.4 356 0 13.3 36.5 10.0 2.5 2 1 4 2 2
3143.7 10728.3 -48.1 58 0 10.4 12.3 2.5 2.5 4 1 1 5 5
4563.1 9107.3 -51.8 63 0 21.1 15.3 15.0 0.0 0 0 6 2 2
-1582.9 7883.8 -39.8 350 0 12.8 20.4 7.5 2.5 4 1 3 1 1
60.4 9609.0 -36.7 51 0 18.2 9.1 5.0 2.5 2 0 2 4 4
146.6 8225.2 -33.6 269 0 54.6 28.7 10.0 0.0 0 0 4 2 2
-221.2 7961.4 -30.1 353 0 86.2 25.7 12.5 0.0 0 0 5 0 0
803.7 -6576.7 -1.6 152 0 10.4 13.9 14.0 3.5 2 1 4 5 5
2770.3 -3036.7 -19.4 341 0 9.4 13.7 2.5 2.5 2 1 1 2 2
3972.9 -9990.7 -3.1 254 0 11.7 14.1 14.0 3.5 2 1 4 3 3
-1346.5 -10274.2 9.3 248 0 18.2 10.5 14.0 3.5 2 0 4 0 0
791.3 -8613.1 4.8 61 0 16.5 34.2 10.5 3.5 2 1 3 4 4
829.3 -8574.5 5.2 331 0 34.3 16.5 10.5 3.5 2 0 3 2 2
1937.1 -9552.3 -2.1 0 0 15.6 20.0 10.5 3.5 2 1 3 1 1
687.2 -8629.7 4.0 241 0 16.5 34.2 10.5 3.5 2 1 3 1 1
882.8 -8565.2 6.0 152 0 19.7 21.9 14.0 3.5 2 1 4 2 2
-2343.4 -10812.7 18.3 163 0 22.5 18.2 10.5 3.5 2 0 3 3 3
867.5 -8535.6 5.7 152 0 19.7 21.9 14.0 3.5 2 1 4 5 5
929.4 -8551.0 6.3 62 0 21.9 19.7 14.0 3.5 2 0 4 1 1
726.2 -8609.6 4.4 241 0 16.5 34.2 10.5 3.5 2 1 3 0 0
904.6 -8505.3 6.0 242 0 21.9 19.7 14.0 3.5 4 0 4 5 5
-2317.0 -10799.1 18.5 163 0 22.5 18.2 10.5 3.5 2 0 3 3 3
961.5 -8534.7 6.7 62 0 21.9 19.7 14.0 3.5 2 0 4 4 4
936.5 -8485.2 6.3 242 0 21.9 19.7 14.0 3.5 2 0 4 5 5
967.8 -8470.4 6.4 242 0 21.9 19.7 14.0 3.5 2 0 4 4 4
999.0 -8504.6 7.0 332 0 19.7 21.9 14.0 0.0 0 1 4 5 5
850.1 -8501.6 5.2 152 0 19.7 21.9 14.0 3.5 2 1 4 5 5
841.4 -8458.4 4.9 242 0 21.9 19.7 14.0 3.5 2 0 4 1 1
897.2 -8485.5 5.5 62 0 21.9 19.7 14.0 3.5 2 0 4 3 3
871.0 -8441.0 5.2 242 0 21.9 19.7 14.0 3.5 2 0 4 1 1
904.6 -8424.4 5.1 242 0 21.9 19.7 14.0 3.5 2 0 4 4 4
952.0 -8410.9 5.1 332 0 19.7 21.9 14.0 0.0 0 1 4 1 1
965.0 -8440.2 5.7 332 0 19.7 21.9 14.0 3.5 2 1 4 3 3
927.5 -8471.8 5.8 62 0 21.9 19.7 14.0 3.5 2 0 4 2 2
861.5 -8414.7 4.3 152 0 19.7 21.9 14.0 3.5 2 1 4 4 4
903.5 -8405.4 4.3 62 0 21.9 19.7 14.0 3.5 2 0 4 2 2
933.5 -8378.4 4.4 332 0 19.7 21.9 14.0 3.5 2 1 4 3 3
903.2 -8345.1 3.9 242 0 21.9 19.7 14.0 3.5 4 0 4 4 4
877.7 -8358.9 3.9 242 0 21.9 19.7 14.0 3.5 2 0 4 1 1
-2273.7 -10929.5 16.2 163 0 22.5 18.2 10.5 3.5 4 0 3 1 1
-2237.5 -10895.0 16.5 343 0 22.5 18.2 10.5 3.5 2 0 3 5 5
-2240.2 -10858.6 17.0 342 0 17.6 22.5 10.5 3.5 2 1 3 1 1
-2206.0 -10876.0 16.4 342 0 17.6 22.5 10.5 3.5 2 1 3 4 4
-2202.0 -10901.3 16.1 342 0 17.6 22.5 10.5 3.5 2 1 3 4 4
-2266.2 -10786.6 17.9 342 0 17.6 22.5 10.5 3.5 2 1 3 5 5
-2279.1 -10742.2 17.4 342 0 17.6 22.5 10.5 3.5 4 1 3 1 1
3792.6 -8922.8 -4.4 162 0 9.8 14.4 10.5 3.5 4 1 3 1 1
846.9 -8386.5 3.8 152 0 19.7 21.9 14.0 3.5 2 1 4 2 2
1232.7 -8638.6 5.7 151 0 22.7 12.1 10.5 3.5 2 0 3 5 5
-2356.0 -10769.4 16.8 163 0 22.5 18.2 10.5 3.5 2 0 3 5 5
1248.4 -8629.8 5.4 151 0 22.7 12.1 10.5 3.5 2 0 3 4 4
-2329.6 -10755.3 17.8 163 0 22.5 18.2 10.5 3.5 2 0 3 1 1
-2251.8 -10731.8 16.1 343 0 22.5 18.2 10.5 3.5 2 0 3 3 3
-2242.0 -10771.2 16.8 343 0 22.5 18.2 10.5 3.5 2 0 3 1 1
-2315.8 -10882.5 17.3 163 0 22.5 18.2 10.5 3.5 2 0 3 5 5
-2287.7 -10870.3 17.2 163 0 22.5 18.2 10.5 3.5 2 0 3 4 4
-2213.0 -10847.6 16.5 343 0 22.5 18.2 10.5 3.5 2 0 3 1 1
-2304.9 -10927.4 16.6 163 0 22.5 18.2 10.5 3.5 2 0 3 2 2
5791.4 -3506.4 -4.4 239 0 18.8 21.6 7.5 0.0 0 1 3 0 0
-113.5 11001.9 -16.3 341 0 9.3 14.0 7.5 2.5 2 1 3 4 4
-1518.0 7483.9 -40.2 80 0 12.9 9.3 7.5 2.5 2 0 3 4 4
-5840.5 5724.6 -36.6 343 0 12.5 18.3 10.0 2.5 2 1 4 5 5
6126.2 -2018.7 -24.9 94 0 14.1 22.4 7.5 2.5 2 1 3 0 0
6172.3 -2009.3 -26.4 4 0 22.4 14.1 10.0 2.5 4 0 4 1 1
6174.2 -1935.4 -28.1 4 0 22.4 14.1 10.0 2.5 2 0 4 2 2
6129.1 -1923.5 -26.2 274 0 14.1 22.4 12.5 2.5 2 1 5 1 1
6120.9 -1970.0 -25.6 182 0 38.8 13.8 12.5 0.0 0 0 5 5 5
6173.0 -1970.9 -27.5 2 0 38.8 13.9 12.5 2.5 2 0 5 0 0
5228.0 -5130.1 -6.3 246 0 34.1 17.1 10.0 2.5 2 0 4 2 2
5244.3 -5171.9 -6.5 332 0 24.3 15.9 12.5 0.0 0 0 5 3 3
5268.9 -5210.8 -6.6 56 0 35.4 17.1 7.5 2.5 2 0 3 3 3
-2479.1 -1891.9 -29.2 171 0 10.4 12.4 10.5 3.5 2 1 3 2 2
-3007.6 2398.7 -39.8 82 0 14.5 14.7 5.0 2.5 2 1 2 3 3
-3047.8 -1745.0 -22.0 185 0 34.6 11.5 10.5 3.5 2 0 3 5 5
-3268.4 -2354.2 -27.8 261 0 18.3 33.6 7.5 0.0 0 1 3 5 5
4804.6 -1004.4 -13.8 90 0 7.5 10.4 5.0 2.5 2 1 2 5 5
1476.1 601.8 -41.7 60 0 11.3 25.3 7.5 0.0 0 1 3 2 2
4588.8 -922.0 -15.8 158 0 7.9 21.0 5.0 2.5 2 1 2 1 1
1671.2 820.7 -42.4 60 0 8.3 16.6 5.0 2.5 2 1 2 1 1
5046.5 -145.0 -46.6 104 0 10.3 14.9 7.5 2.5 2 1 3 0 0
1685.0 824.1 -42.5 60 0 18.7 24.0 10.0 2.5 4 1 4 1 1
1690.4 854.8 -42.5 240 0 20.9 21.2 10.0 2.5 2 1 4 1 1
1720.3 833.1 -42.5 233 0 4.7 29.6 2.5 2.5 2 1 1 0 0
6651.3 -2058.8 -48.9 270 0 7.4 5.4 5.0 2.5 2 0 2 4 4
1652.7 795.1 -42.4 239 0 31.7 30.0 7.5 0.0 0 0 3 4 4
6528.2 -2087.5 -42.9 181 0 31.4 13.5 7.5 2.5 2 0 3 2 2
5214.1 2902.0 -48.9 57 0 8.5 6.1 5.0 2.5 2 0 2 4 4
3852.5 1844.5 -46.9 345 0 21.9 88.4 7.5 0.0 0 1 3 4 4
3732.2 1775.0 -46.8 75 0 86.3 21.9 7.5 0.0 0 0 3 4 4
3648.1 1736.9 -46.6 75 0 89.4 20.9 7.5 0.0 0 0 3 1 1
3561.0 1776.8 -46.5 255 0 46.7 21.8 7.5 2.5 2 0 3 4 4
3557.0 1728.2 -46.5 75 0 85.3 22.0 7.5 0.0 0 0 3 1 1
3418.9 1726.7 -46.3 164 0 21.1 89.7 10.0 0.0 0 1 4 1 1
3482.6 1695.2 -46.3 75 0 67.6 21.8 10.0 2.5 2 0 4 5 5
5271.2 2759.1 -49.1 63 0 10.4 24.5 7.5 2.5 4 1 3 0 0
-877.8 1058.9 -40.4 262 0 7.7 12.3 5.0 2.5 2 1 2 2 2
-920.9 909.6 -41.0 23 0 14.2 15.1 7.5 2.5 2 1 3 0 0
-920.8 1189.0 -40.4 9 0 6.0 5.7 7.5 2.5 2 0 3 5 5
-922.6 1174.1 -40.7 7 0 13.3 21.0 12.5 0.0 0 0 5 3 3
-899.1 901.8 -40.7 201 0 11.3 8.1 5.0 2.5 2 0 2 1 1
-992.4 1710.7 -39.4 86 0 17.5 15.9 7.5 2.5 2 0 3 4 4
3304.4 -1517.1 -2.1 154 0 10.0 10.4 7.5 2.5 2 1 3 4 4
-987.6 1399.9 -40.0 8 0 12.4 30.3 10.0 2.5 2 1 4 3 3
-818.6 1462.6 -38.1 277 0 15.1 25.3 15.0 0.0 0 1 6 5 5
-1006.5 1523.3 -39.9 9 0 51.0 15.8 7.5 2.5 4 0 3 5 5
-817.2 1416.8 -39.0 5 0 25.0 15.6 7.5 2.5 2 0 3 2 2
-928.0 886.2 -41.3 31 0 16.9 15.6 12.5 2.5 2 0 5 1 1
-876.3 984.0 -40.0 84 0 7.4 11.5 5.0 2.5 2 1 2 3 3
-922.6 827.9 -41.5 173 0 10.6 10.7 5.0 2.5 2 1 2 3 3
-903.1 1031.5 -40.0 356 0 18.2 15.3 7.5 2.5 2 0 3 3 3
-892.4 922.3 -40.7 194 0 9.3 7.1 5.0 2.5 2 0 2 1 1
-885.7 947.0 -40.7 192 0 10.0 7.7 5.0 2.5 2 0 2 1 1
3295.9 -1511.4 -2.9 65 0 10.3 7.7 7.5 0.0 0 0 3 1 1
-900.5 1003.3 -40.4 359 0 19.5 12.9 7.5 0.0 0 0 3 1 1
-877.7 1019.9 -39.8 176 0 11.3 7.6 2.5 2.5 2 0 1 0 0
2968.4 -2665.4 -21.0 163 0 15.1 13.1 10.0 2.5 2 0 4 3 3
-905.6 1064.0 -40.2 345 0 22.3 11.8 10.0 2.5 2 0 4 0 0
3291.1 -1523.7 -0.4 330 0 7.7 10.3 2.5 2.5 2 1 1 2 2
-970.0 1397.0 -39.6 190 0 11.6 33.1 10.0 2.5 2 1 4 3 3
3813.3 -2001.1 -30.0 121 0 60.5 81.8 10.0 0.0 0 1 4 1 1
6836.3 3952.3 -51.4 263 0 35.2 59.8 15.0 0.0 0 1 6 5 5
-822.1 1385.0 -39.4 7 0 25.4 15.7 7.5 2.5 2 0 3 5 5
5520.6 -643.1 -42.6 17 0 10.2 12.8 5.0 2.5 2 1 2 1 1
6920.5 3935.7 -51.6 355 0 62.6 17.3 10.0 2.5 2 0 4 1 1
6586.5 -485.3 -51.7 333 0 23.5 66.5 10.0 0.0 0 1 4 0 0
4910.0 -844.9 -21.3 160 0 17.8 9.9 5.0 2.5 2 0 2 1 1
3245.5 -2154.0 -11.7 41 0 8.3 7.5 2.5 2.5 2 0 1 3 3
5474.2 -2812.1 -15.1 107 0 6.4 22.4 5.0 2.5 2 1 2 4 4
3163.5 -2186.9 -10.8 121 0 10.2 11.0 7.5 2.5 2 1 3 3 3
3298.8 -2316.7 -23.6 116 0 10.6 12.3 5.0 2.5 2 1 2 5 5
4767.4 -894.1 -14.5 160 0 12.3 10.7 2.5 2.5 2 0 1 2 2
-1568.5 -2252.1 -26.3 135 0 20.0 11.4 14.0 3.5 2 0 4 3 3
-1570.7 -2294.7 -25.2 0 0 19.9 25.3 14.0 3.5 4 1 4 1 1
-1529.8 -2301.9 -26.5 126 0 9.2 24.0 10.5 3.5 2 1 3 3 3
952.7 -8025.8 2.0 245 0 14.4 11.9 14.0 3.5 2 0 4 3 3
-1656.3 -2298.1 -13.5 90 0 13.6 20.4 14.0 3.5 4 1 4 0 0
-1656.9 -2248.6 -15.3 270 0 13.8 20.7 14.0 3.5 2 1 4 4 4
-1531.1 -2261.3 -26.7 313 0 23.4 12.3 14.0 3.5 2 0 4 5 5
948.7 -8050.8 2.0 152 0 12.8 20.9 14.0 3.5 2 1 4 3 3
995.6 -8180.9 1.5 243 0 21.9 32.6 14.0 0.0 0 1 4 5 5
1072.2 -8170.8 2.0 157 0 15.7 19.2 10.5 0.0 0 1 3 2 2
1079.4 -8186.7 2.0 155 0 16.3 19.8 10.5 0.0 0 1 3 3 3
1048.1 -8160.0 1.8 336 0 16.9 29.3 14.0 3.5 2 1 4 4 4
1013.9 -8219.7 1.6 334 0 16.1 31.4 14.0 3.5 2 1 4 5 5
-1335.3 258.5 -41.1 184 0 4.9 11.1 5.0 0.0 0 0 2 4 4
689.1 -8122.6 4.0 333 0 13.2 14.3 14.0 3.5 2 1 4 4 4
-1281.2 245.8 -41.2 5 0 12.0 8.1 2.5 2.5 2 0 1 4 4
-1031.6 602.3 -41.3 136 0 30.7 14.6 10.0 2.5 2 0 4 4 4
771.6 -8138.9 3.8 151 0 11.7 15.9 14.0 3.5 2 1 4 5 5
-5041.8 -10055.7 23.9 330 0 9.5 15.5 7.5 2.5 2 1 3 5 5
-25.5 -5337.2 4.1 141 0 19.5 18.3 12.5 2.5 2 0 5 0 0
-1280.4 254.3 -41.3 7 0 5.5 16.4 7.5 2.5 2 0 3 4 4
-1238.4 1463.5 -40.9 124 0 10.4 32.8 7.5 2.5 2 0 3 0 0
-133.2 -5346.5 5.5 338 0 10.7 12.5 5.0 2.5 2 1 2 3 3
-14.4 -5350.9 5.1 140 0 10.3 18.1 7.5 2.5 2 1 3 3 3
4502.6 -10238.6 -5.7 156 0 8.0 8.7 10.5 3.5 2 1 3 0 0
315.0 -8870.2 4.0 343 0 11.5 19.9 14.0 3.5 2 1 4 1 1
559.1 -11080.2 -1.7 181 0 9.5 6.4 10.5 0.0 0 0 3 4 4
6063.2 -4810.1 -17.7 12 0 21.4 16.5 5.0 0.0 0 0 2 4 4
6070.0 -4773.2 -17.9 12 0 21.4 16.5 10.0 0.0 0 0 4 3 3
6058.6 -4847.8 -17.5 12 0 21.4 16.5 7.5 0.0 0 0 3 5 5
6049.6 -4726.6 -17.9 253 0 11.8 23.6 10.0 0.0 0 1 4 0 0
3931.5 -10229.7 -6.5 297 0 64.6 84.2 14.0 0.0 0 1 4 4 4
4002.3 -9949.2 -3.7 47 0 34.3 15.9 14.0 3.5 2 0 4 3 3
3867.0 -9822.4 -2.4 299 0 29.1 14.7 10.5 3.5 2 0 3 4 4
4647.7 -10297.2 -5.2 231 0 20.6 28.7 14.0 3.5 2 1 4 5 5
108.1 -5354.1 3.0 60 0 9.7 17.1 7.5 0.0 0 1 3 0 0
2546.3 -330.8 -33.9 157 0 102.6 46.0 5.0 0.0 0 0 2 1 1
-37.5 -5365.0 5.3 317 0 16.5 19.8 7.5 2.5 2 1 3 2 2
-36.8 -5338.5 5.4 327 0 19.4 12.7 7.5 0.0 0 0 3 3 3
2920.6 -11097.3 -6.5 76 0 18.4 31.9 10.5 3.5 2 1 3 3 3
2905.1 -11013.3 -5.3 348 0 29.9 14.8 10.5 3.5 2 0 3 2 2
-58.6 -5311.4 3.9 332 0 18.7 11.3 7.5 2.5 2 0 3 2 2
2838.5 -11010.4 -6.2 341 0 11.1 24.3 10.5 3.5 4 1 3 3 3
1478.6 -9096.7 -0.8 61 0 12.7 29.1 14.0 3.5 4 1 4 1 1
-66.8 -5323.4 5.2 327 0 9.4 13.0 5.0 2.5 4 1 2 3 3
1449.4 -9054.5 -0.2 153 0 27.2 12.9 14.0 3.5 2 0 4 2 2
1475.4 -9117.0 -1.4 243 0 10.2 22.1 10.5 3.5 4 1 3 4 4
2785.5 -11024.2 -7.0 251 0 21.1 8.8 10.5 3.5 2 0 3 0 0
-82.3 -5303.3 4.1 246 0 8.4 18.7 5.0 2.5 2 1 2 5 5
1461.7 -9123.1 -1.4 244 0 10.4 25.4 10.5 3.5 2 1 3 4 4
1389.8 -9140.3 -1.2 63 0 13.5 22.2 10.5 0.0 0 1 3 1 1
1365.9 -9093.1 -0.9 242 0 13.6 22.0 10.5 3.5 4 1 3 3 3
-94.4 -5342.4 5.6 153 0 10.2 13.7 5.0 2.5 2 1 2 5 5
1375.4 -9147.5 -1.2 64 0 9.2 23.3 10.5 3.5 2 1 3 3 3
1351.1 -9099.4 -0.9 243 0 9.2 22.7 10.5 3.5 4 1 3 0 0
1178.1 -8810.4 4.2 154 0 12.9 23.5 14.0 3.5 2 1 4 5 5
1169.2 -8792.5 4.5 154 0 12.9 23.5 14.0 3.5 2 1 4 4 4
1223.8 -8901.2 2.7 153 0 9.6 24.7 10.5 3.5 2 1 3 0 0
1387.2 -9157.1 -1.5 243 0 11.9 19.5 10.5 3.5 2 1 3 1 1
1448.8 -9129.1 -1.4 244 0 9.9 24.2 10.5 3.5 2 1 3 4 4
1487.8 -9111.1 -1.4 243 0 9.3 23.4 10.5 3.5 2 1 3 5 5
1187.4 -8870.6 3.0 333 0 20.9 17.1 10.5 3.5 2 0 3 4 4
1199.5 -8890.1 2.7 332 0 14.3 24.1 10.5 3.5 2 1 3 1 1
1210.1 -8912.8 2.3 334 0 14.6 23.3 10.5 3.5 4 1 3 3 3
1241.6 -8936.0 1.9 152 0 28.6 20.2 14.0 3.5 2 0 4 3 3
1345.5 -8853.7 3.3 152 0 19.6 14.4 14.0 3.5 2 0 4 2 2
1364.2 -8832.2 3.3 242 0 14.1 20.0 14.0 3.5 2 1 4 3 3
1417.8 -8847.3 1.9 333 0 10.8 25.4 14.0 3.5 2 1 4 0 0
1417.4 -8893.3 2.3 62 0 11.0 24.5 14.0 3.5 2 1 4 1 1
1339.8 -8823.7 3.7 241 0 18.4 10.2 14.0 3.5 2 0 4 3 3
1320.6 -8781.0 4.1 62 0 23.3 18.4 10.5 3.5 2 0 3 4 4
1293.5 -8754.0 4.3 151 0 18.5 22.3 10.5 0.0 0 1 3 5 5
1359.5 -8760.1 2.8 63 0 25.5 12.6 10.5 0.0 0 0 3 1 1
1358.7 -8732.0 3.1 332 0 12.6 23.7 10.5 3.5 2 1 3 3 3
1336.8 -8715.4 3.5 332 0 24.7 14.0 10.5 3.5 2 0 3 0 0
1336.2 -8686.7 3.7 333 0 12.8 24.5 10.5 3.5 2 1 3 2 2
1280.4 -8729.5 4.3 152 0 19.1 24.8 10.5 3.5 2 1 3 2 2
1245.0 -8662.8 5.2 154 0 13.1 24.6 10.5 3.5 2 1 3 5 5
1255.6 -8683.2 4.9 153 0 13.1 25.5 10.5 3.5 2 1 3 5 5
1266.2 -8704.3 4.6 153 0 19.6 24.3 10.5 3.5 2 1 3 5 5
1327.8 -8668.9 3.9 334 0 14.4 25.1 10.5 3.5 2 1 3 1 1
1316.1 -8646.8 4.2 329 0 18.5 22.7 10.5 3.5 2 1 3 5 5
1271.2 -8578.6 5.2 241 0 16.5 15.5 10.5 0.0 0 0 3 5 5
1252.7 -8588.4 5.5 241 0 13.7 15.2 10.5 0.0 0 1 3 0 0
1027.1 -9004.8 0.9 332 0 19.4 18.9 14.0 3.5 2 0 4 0 0
956.9 -8986.3 1.4 243 0 16.0 9.7 10.5 3.5 4 0 3 0 0
977.0 -8976.4 1.5 243 0 16.0 9.7 10.5 3.5 4 0 3 5 5
996.5 -8966.1 1.7 243 0 16.0 9.7 10.5 3.5 2 0 3 3 3
895.4 -8882.6 3.2 155 0 19.2 14.2 14.0 3.5 4 0 4 5 5
925.7 -8878.7 3.3 64 0 14.4 20.0 14.0 3.5 2 1 4 2 2
1501.8 -9320.8 -1.8 183 0 16.5 13.7 14.0 0.0 0 0 4 0 0
1605.2 -9229.7 -1.9 334 0 12.4 24.2 14.0 3.5 2 1 4 4 4
1621.5 -9261.1 -2.0 335 0 10.8 24.7 14.0 3.5 2 1 4 5 5
1233.5 -8830.8 3.7 153 0 15.5 27.9 14.0 0.0 0 1 4 3 3
1213.4 -8796.3 4.3 153 0 15.5 27.9 14.0 0.0 0 1 4 5 5
1220.3 -8616.8 5.9 150 0 14.4 24.6 10.5 3.5 2 1 3 4 4
1202.5 -8583.8 6.4 152 0 13.4 20.2 14.0 3.5 2 1 4 4 4
1194.1 -8567.2 6.7 152 0 13.3 21.0 14.0 3.5 4 1 4 1 1
1237.8 -8571.0 6.1 61 0 15.9 25.2 14.0 3.5 2 1 4 3 3
1258.9 -8558.3 5.6 59 0 18.1 9.9 10.5 3.5 2 0 3 4 4
1248.9 -8516.9 6.0 332 0 9.9 24.4 10.5 3.5 2 1 3 3 3
1241.6 -8504.0 6.1 332 0 10.2 23.8 14.0 3.5 2 1 4 0 0
1232.9 -8489.0 6.3 332 0 13.5 18.0 14.0 3.5 2 1 4 1 1
1214.6 -8462.3 6.4 241 0 9.0 18.3 10.5 0.0 0 1 3 2 2
1198.9 -8533.6 6.7 151 0 19.9 13.0 14.0 3.5 2 0 4 4 4
1182.3 -8542.4 7.1 151 0 19.9 13.0 14.0 3.5 2 0 4 5 5
1195.6 -8496.2 6.8 241 0 18.8 15.7 14.0 3.5 2 0 4 1 1
1168.8 -8519.6 7.2 151 0 15.7 18.8 14.0 3.5 2 1 4 1 1
1125.1 -8774.7 4.9 63 0 26.1 12.9 10.5 3.5 2 0 3 1 1
1087.9 -8694.3 6.0 238 0 13.9 21.9 10.5 3.5 2 1 3 1 1
1070.3 -8704.0 5.9 239 0 12.4 18.7 10.5 0.0 0 1 3 5 5
1145.8 -8749.9 5.2 154 0 12.7 23.5 14.0 3.5 2 1 4 0 0
1145.1 -8721.8 5.5 244 0 23.5 12.7 14.0 3.5 2 0 4 3 3
1410.0 -8832.3 2.0 333 0 10.1 22.7 14.0 3.5 2 1 4 2 2
1495.9 -9091.5 -0.7 62 0 11.1 22.1 14.0 0.0 0 1 4 2 2
1147.4 -8942.1 1.9 333 0 20.5 14.5 14.0 3.5 2 0 4 5 5
1126.6 -8952.9 1.7 333 0 20.5 14.5 14.0 3.5 2 0 4 3 3
980.1 -9051.1 0.6 154 0 11.7 18.7 14.0 3.5 2 1 4 2 2
1012.7 -9041.9 0.7 64 0 18.7 11.7 14.0 3.5 2 0 4 5 5
1038.7 -9022.0 0.7 334 0 11.7 18.7 14.0 3.5 2 1 4 1 1
970.9 -9032.2 0.8 153 0 19.4 18.9 14.0 3.5 2 0 4 0 0
964.9 -8674.3 6.4 244 0 13.8 23.2 10.5 3.5 2 1 3 1 1
944.3 -8684.9 6.4 242 0 16.8 13.3 10.5 3.5 4 0 3 1 1
953.0 -8702.1 6.1 243 0 16.9 13.0 10.5 3.5 2 0 3 0 0
969.0 -8734.6 5.7 62 0 16.4 16.8 10.5 3.5 2 1 3 4 4
989.5 -8721.7 5.9 62 0 14.1 22.7 10.5 3.5 4 1 3 2 2
1017.6 -8696.2 6.1 333 0 14.5 23.1 10.5 3.5 2 1 3 0 0
991.5 -8660.0 6.6 243 0 14.7 23.4 10.5 3.5 2 1 3 3 3
1019.6 -8667.0 6.7 152 0 14.4 24.8 14.0 3.5 2 1 4 3 3
1009.0 -8646.5 7.1 152 0 14.5 24.3 14.0 3.5 2 1 4 3 3
1077.7 -8658.3 6.7 332 0 13.3 21.1 14.0 3.5 2 1 4 4 4
1066.6 -8638.5 7.0 332 0 12.3 19.8 14.0 3.5 2 1 4 0 0
999.8 -8628.5 7.4 152 0 11.9 22.3 14.0 3.5 4 1 4 4 4
990.5 -8611.2 7.7 153 0 12.9 22.7 14.0 3.5 2 1 4 3 3
982.3 -8597.1 7.6 156 0 7.3 24.1 10.5 0.0 0 1 3 1 1
1092.0 -8644.1 7.0 152 0 20.9 13.4 14.0 3.5 2 0 4 1 1
982.2 -8432.2 5.8 151 0 22.5 13.1 10.5 3.5 2 0 3 4 4
968.2 -8406.0 5.3 152 0 20.1 16.7 10.5 0.0 0 0 3 5 5
1014.4 -8494.3 7.0 152 0 23.6 13.5 14.0 3.5 2 0 4 3 3
1001.3 -8467.8 6.5 151 0 21.6 12.9 14.0 0.0 0 0 4 3 3
1021.1 -8443.9 6.5 241 0 13.9 20.4 14.0 3.5 2 1 4 3 3
763.2 -7906.7 2.2 152 0 20.1 13.3 10.5 3.5 2 0 3 3 3
909.8 -7899.4 0.6 332 0 19.8 14.2 14.0 3.5 2 0 4 0 0
936.5 -7903.9 0.1 153 0 16.8 10.7 10.5 3.5 2 0 3 4 4
943.9 -8869.1 3.5 65 0 13.5 19.7 14.0 3.5 4 1 4 4 4
967.1 -8846.6 3.8 154 0 19.1 13.9 14.0 0.0 0 0 4 0 0
935.9 -8833.5 3.9 334 0 13.9 21.5 14.0 3.5 2 1 4 1 1
884.3 -8859.2 3.7 154 0 13.9 21.5 14.0 3.5 2 1 4 4 4
875.5 -8826.9 4.0 244 0 14.7 19.5 14.0 3.5 2 1 4 2 2
895.4 -8816.8 4.2 241 0 15.2 17.3 14.0 3.5 2 1 4 4 4
913.0 -8806.5 4.3 242 0 12.8 18.6 14.0 3.5 2 1 4 5 5
879.7 -8789.4 4.9 63 0 14.7 19.2 10.5 3.5 2 1 3 4 4
851.5 -8795.0 4.7 153 0 19.4 14.0 10.5 3.5 4 0 3 1 1
898.2 -8778.7 5.0 63 0 15.8 19.3 10.5 3.5 2 1 3 0 0
820.3 -8733.4 5.8 153 0 23.0 14.3 10.5 3.5 2 0 3 1 1
837.7 -8724.0 5.9 153 0 20.9 14.3 10.5 3.5 2 0 3 1 1
869.5 -8709.5 6.1 334 0 22.4 13.8 10.5 3.5 2 0 3 0 0
953.1 -8819.3 4.2 152 0 27.9 15.6 14.0 3.5 2 0 4 5 5
946.4 -8784.8 4.7 242 0 19.8 13.9 14.0 0.0 0 0 4 2 2
997.5 -8831.0 3.9 332 0 19.2 13.8 14.0 0.0 0 0 4 0 0
1013.1 -8821.9 4.0 333 0 20.0 11.2 14.0 3.5 2 0 4 1 1
1001.4 -8800.3 4.4 330 0 12.9 23.7 14.0 3.5 2 1 4 0 0
971.0 -8768.7 4.9 241 0 21.7 11.9 14.0 3.5 2 0 4 5 5
931.3 -8758.3 5.3 62 0 16.9 9.1 10.5 3.5 4 0 3 4 4
950.5 -8746.3 5.5 61 0 17.9 8.9 10.5 3.5 2 0 3 4 4
944.2 -8733.4 5.7 61 0 17.9 8.9 10.5 3.5 2 0 3 2 2
932.9 -8712.2 6.0 241 0 17.9 8.9 10.5 3.5 2 0 3 2 2
907.6 -8731.0 5.8 151 0 8.9 17.9 10.5 3.5 2 1 3 0 0
915.2 -8745.8 5.5 151 0 8.9 17.9 10.5 3.5 2 1 3 0 0
924.5 -8694.3 6.2 244 0 16.1 12.6 10.5 3.5 2 0 3 0 0
1042.3 -8432.8 6.3 242 0 14.6 23.5 14.0 3.5 2 1 4 3 3
972.5 -8577.7 7.2 154 0 26.2 13.9 14.0 3.5 2 0 4 1 1
1056.5 -8619.1 7.3 333 0 20.5 16.0 14.0 3.5 2 0 4 1 1
1044.4 -8594.8 7.8 333 0 20.5 16.0 14.0 3.5 4 0 4 5 5
1034.2 -8574.2 7.9 332 0 11.2 19.9 14.0 3.5 2 1 4 2 2
1081.2 -8624.0 7.4 151 0 12.8 20.8 14.0 3.5 2 1 4 4 4
1072.8 -8606.8 7.7 151 0 12.4 25.4 14.0 3.5 2 1 4 5 5
1064.2 -8590.5 8.0 151 0 12.6 25.1 14.0 3.5 2 1 4 5 5
1142.2 -8696.5 6.2 64 0 12.0 32.1 10.5 3.5 2 1 3 5 5
786.9 -8665.9 5.4 154 0 20.2 12.9 10.5 3.5 2 0 3 4 4
806.4 -8644.6 5.6 243 0 13.4 19.6 10.5 3.5 2 1 3 4 4
824.2 -8635.9 5.8 242 0 13.4 20.5 10.5 3.5 2 1 3 4 4
880.7 -8665.1 6.4 63 0 13.3 23.4 14.0 3.5 2 1 4 1 1
855.6 -8631.6 6.1 153 0 22.9 13.5 14.0 3.5 4 0 4 3 3
900.5 -8655.6 6.6 61 0 10.9 23.9 14.0 3.5 2 1 4 5 5
875.0 -8607.4 6.3 242 0 11.4 24.6 14.0 3.5 2 1 4 4 4
919.8 -8644.6 6.8 63 0 20.7 13.7 14.0 0.0 0 0 4 2 2
912.1 -8627.0 6.6 62 0 23.2 13.9 14.0 3.5 2 0 4 0 0
896.4 -8596.4 6.4 242 0 23.2 13.9 14.0 3.5 4 0 4 0 0
946.2 -8630.3 7.0 63 0 14.4 22.5 14.0 3.5 2 1 4 2 2
926.5 -7883.8 -0.1 152 0 17.2 11.6 10.5 3.5 2 0 3 2 2
1026.0 -8085.1 1.9 154 0 24.4 14.4 10.5 3.5 2 0 3 2 2
1011.9 -8057.9 1.6 152 0 25.8 15.0 10.5 3.5 2 0 3 3 3
1058.4 -8151.1 2.0 152 0 25.5 15.9 10.5 0.0 0 0 3 0 0
1061.5 -8197.9 1.6 336 0 13.9 14.4 14.0 3.5 2 1 4 3 3
972.4 -8193.4 1.9 243 0 13.6 19.4 14.0 3.5 2 1 4 4 4
-1863.7 -8611.5 13.6 334 0 9.6 15.5 10.5 3.5 2 1 3 0 0
-2878.1 -7579.8 21.5 245 0 17.6 17.0 10.0 2.5 2 0 4 2 2
744.7 -8305.9 4.1 152 0 12.0 15.4 14.0 3.5 2 1 4 3 3
904.2 -8105.7 1.9 332 0 17.7 12.1 14.0 3.5 2 0 4 1 1
709.0 -8156.9 3.8 333 0 15.4 16.7 14.0 3.5 2 1 4 0 0
502.5 -8185.2 4.4 153 0 11.0 19.8 10.5 3.5 2 1 3 5 5
491.2 -8160.5 4.5 152 0 14.7 12.0 10.5 3.5 2 0 3 2 2
526.9 -8093.9 4.5 244 0 15.4 15.0 14.0 3.5 2 0 4 2 2
905.3 -7843.4 -0.5 155 0 11.2 11.5 10.5 3.5 2 1 3 4 4
922.1 -8582.6 6.7 242 0 14.1 23.4 14.0 3.5 2 1 4 3 3
1056.7 -8573.4 8.3 149 0 12.2 20.5 14.0 3.5 2 1 4 4 4
665.6 -8496.4 4.1 64 0 11.2 23.0 10.0 2.5 2 1 4 1 1
958.8 -8216.0 2.4 335 0 11.8 13.6 10.5 3.5 2 1 3 5 5
894.2 -8268.5 3.0 154 0 9.8 16.8 10.5 3.5 4 1 3 1 1
885.4 -8252.1 3.1 151 0 9.7 17.2 10.5 3.5 2 1 3 4 4
853.0 -8305.3 3.7 154 0 11.0 16.7 14.0 3.5 4 1 4 0 0
846.4 -8287.1 3.5 154 0 14.3 13.4 14.0 3.5 4 0 4 0 0
840.9 -8261.0 3.3 243 0 15.9 13.6 14.0 3.5 4 0 4 4 4
884.0 -8287.6 3.4 332 0 11.3 14.3 14.0 3.5 2 1 4 5 5
826.0 -8248.8 3.3 157 0 9.2 14.6 10.5 3.5 2 1 3 5 5
938.6 -8194.6 2.3 63 0 19.2 11.4 14.0 3.5 2 0 4 4 4
947.7 -8161.4 1.7 154 0 9.6 15.5 10.5 3.5 2 1 3 0 0
968.7 -8091.3 2.1 152 0 13.9 18.0 14.0 3.5 2 1 4 3 3
841.6 -7948.2 2.0 155 0 15.0 16.1 14.0 3.5 2 1 4 5 5
801.5 -7903.3 2.1 333 0 16.5 16.7 10.5 3.5 4 1 3 5 5
642.1 -8106.0 4.2 154 0 23.4 11.9 14.0 3.5 4 0 4 4 4
359.7 -8314.3 5.8 246 0 10.6 25.6 10.5 0.0 0 1 3 5 5
-103.5 -5309.1 4.8 245 0 13.2 12.6 7.5 2.5 2 0 3 2 2
-119.3 -5345.7 5.6 156 0 10.0 13.0 7.5 0.0 0 1 3 3 3
-107.2 -5363.0 5.3 150 0 10.4 12.3 7.5 2.5 2 1 3 4 4
-100.5 -5375.5 5.3 144 0 9.4 12.7 5.0 2.5 2 1 2 2 2
-92.5 -5384.8 5.3 139 0 8.8 15.6 7.5 2.5 2 1 3 2 2
-73.0 -5397.1 5.4 137 0 9.2 17.7 7.5 2.5 2 1 3 4 4
-86.7 -5394.4 5.5 138 0 9.8 10.5 2.5 2.5 4 1 1 4 4
-54.7 -5438.8 5.4 142 0 17.2 11.7 5.0 2.5 4 0 2 4 4
-23.3 -5438.8 5.5 54 0 8.2 20.0 5.0 2.5 2 1 2 2 2
-4.9 -5423.0 5.6 58 0 16.6 22.5 7.5 0.0 0 0 3 1 1
8.6 -5403.1 5.6 326 0 18.6 13.9 10.0 2.5 2 0 4 4 4
4550.7 -10184.5 -4.7 144 0 11.5 18.5 14.0 3.5 2 1 4 4 4
4561.6 -10198.8 -5.5 145 0 11.7 17.3 14.0 3.5 2 1 4 3 3
4581.6 -10212.7 -5.6 55 0 16.6 11.4 14.0 3.5 2 0 4 4 4
4540.4 -10171.5 -4.0 143 0 12.8 17.4 14.0 3.5 2 1 4 5 5
-5498.1 -5396.4 27.0 359 0 11.2 8.9 7.5 2.5 2 0 3 5 5
-5504.9 -5371.0 27.4 355 0 21.1 12.4 7.5 2.5 2 0 3 3 3
1789.0 -7803.8 -4.2 235 0 72.7 18.1 14.0 3.5 2 0 4 3 3
1764.5 -8170.9 -4.9 146 0 30.4 6.3 10.5 3.5 2 0 3 1 1
5592.1 11086.9 -53.5 359 0 20.6 35.6 7.5 0.0 0 1 3 4 4
5531.8 11093.9 -53.5 270 0 32.7 27.5 7.5 0.0 0 0 3 1 1
5477.3 11050.1 -52.9 179 0 31.5 32.0 10.0 0.0 0 1 4 5 5
1821.1 -3813.3 -20.1 274 0 5.8 10.1 2.5 2.5 2 1 1 2 2
1847.6 -3810.9 -20.1 102 0 8.2 9.1 2.5 2.5 2 1 1 1 1
1879.9 -3819.5 -20.7 101 0 13.4 13.0 7.5 2.5 2 0 3 0 0
1035.6 -3882.9 -11.3 66 0 11.5 22.9 10.0 2.5 2 1 4 0 0
1040.8 -3911.3 -12.2 344 0 14.3 32.9 7.5 2.5 2 1 3 0 0
639.9 -4643.6 -5.1 48 0 6.7 7.6 5.0 2.5 2 1 2 3 3
652.4 -4640.7 -5.4 234 0 15.5 8.2 7.5 0.0 0 0 3 5 5
781.0 -4644.2 -10.0 75 0 10.5 16.3 2.5 2.5 4 1 1 0 0
-419.5 -3947.9 -2.1 22 0 7.2 10.9 10.5 3.5 2 1 3 5 5
-1365.2 -1178.1 -25.9 256 0 8.9 10.9 10.5 3.5 4 1 3 1 1
-1382.6 -1187.8 -24.1 276 0 8.7 6.1 10.5 3.5 2 0 3 4 4
146.9 -3169.0 7.2 187 0 10.4 11.8 10.5 3.5 2 1 3 3 3
-5125.3 2336.6 -40.4 89 0 8.2 8.4 7.5 2.5 2 1 3 3 3
91.9 -3242.8 6.4 248 0 5.5 12.3 10.5 3.5 2 1 3 0 0
143.0 -3214.3 6.5 199 0 11.3 11.8 10.5 3.5 2 1 3 2 2
-5442.4 2511.2 -40.3 96 0 10.9 9.2 2.5 2.5 2 0 1 2 2
-5210.7 6209.7 -38.8 179 0 16.4 11.4 10.0 2.5 4 0 4 4 4
-5402.3 2489.1 -40.6 270 0 5.6 13.5 5.0 2.5 2 1 2 5 5
-5350.7 6146.7 -37.2 301 0 12.0 12.1 2.5 2.5 2 1 1 1 1
-3678.7 5383.2 -39.0 264 0 11.6 12.8 5.0 2.5 4 1 2 0 0
-3811.1 5312.5 -37.9 180 0 6.1 3.8 2.5 2.5 4 0 1 5 5
-3807.4 5296.4 -37.7 168 0 5.4 8.3 7.5 0.0 0 1 3 1 1
-3802.6 5243.8 -37.0 185 0 22.7 8.3 7.5 2.5 2 0 3 5 5
-3865.8 5656.8 -43.0 183 0 25.6 7.4 5.0 2.5 2 0 2 2 2
-5389.2 6235.0 -37.4 304 0 7.4 11.2 2.5 2.5 2 1 1 2 2
-5401.4 6234.6 -37.3 300 0 7.5 9.4 5.0 2.5 2 1 2 0 0
-3809.3 5474.4 -40.1 264 0 6.5 14.6 5.0 2.5 2 1 2 2 2
-5393.2 6250.1 -37.5 320 0 11.6 12.7 5.0 2.5 2 1 2 2 2
-5215.2 6184.4 -38.7 183 0 17.6 5.0 2.5 2.5 2 0 1 4 4
-5431.4 6124.7 -36.3 117 0 5.6 16.8 2.5 2.5 2 1 1 4 4
-5903.0 7069.0 -25.6 155 0 6.9 11.0 5.0 2.5 2 1 2 2 2
-5212.0 6155.0 -38.8 157 0 10.7 11.2 7.5 2.5 4 1 3 0 0
-5956.2 7041.2 -23.7 52 0 11.3 9.1 5.0 2.5 2 0 2 0 0
-5924.7 6934.6 -25.0 16 0 11.3 13.9 2.5 2.5 2 1 1 5 5
-5928.6 6896.7 -24.8 341 0 6.2 10.0 5.0 2.5 2 1 2 2 2
-6161.8 6878.3 -19.2 352 0 14.7 35.8 10.0 0.0 0 1 4 2 2
-5971.5 6854.4 -24.2 98 0 7.2 11.6 5.0 2.5 2 1 2 3 3
-5980.6 6836.1 -24.0 255 0 8.1 5.0 5.0 2.5 2 0 2 5 5
-5991.4 6800.8 -23.7 352 0 14.0 108.0 10.0 2.5 2 1 4 4 4
-6208.6 6771.4 -22.0 173 0 14.5 106.6 12.5 2.5 4 1 5 4 4
-5335.7 6136.2 -37.3 261 0 10.4 11.5 5.0 0.0 0 1 2 0 0
-5224.0 6041.3 -37.8 347 0 9.1 7.6 2.5 2.5 4 0 1 1 1
-5232.4 6039.7 -37.7 342 0 11.4 15.0 2.5 2.5 2 1 1 1 1
-6264.8 6839.1 -17.5 172 0 7.0 16.5 2.5 2.5 2 1 1 2 2
-6295.0 6872.1 -18.3 355 0 8.1 9.9 7.5 2.5 2 1 3 2 2
-6305.3 6883.5 -18.4 357 0 5.2 6.0 2.5 0.0 0 1 1 5 5
-6306.7 6870.8 -18.4 358 0 5.4 3.7 5.0 0.0 0 0 2 3 3
-6286.7 6840.6 -18.3 359 0 11.4 13.1 5.0 2.5 2 1 2 3 3
-5771.2 7296.6 -22.2 341 0 11.5 11.6 5.0 2.5 2 1 2 0 0
-5663.1 7185.5 -26.4 178 0 9.2 16.5 7.5 2.5 2 1 3 5 5
-5712.4 7265.0 -24.0 335 0 9.7 9.2 5.0 2.5 2 0 2 1 1
-5670.0 7479.7 -11.9 347 0 13.5 14.7 7.5 2.5 2 1 3 3 3
-5677.0 7448.1 -14.1 359 0 21.0 19.2 10.0 2.5 2 0 4 1 1
-6311.3 6659.4 -21.5 56 0 11.6 10.1 5.0 2.5 2 0 2 5 5
-6381.1 6928.6 -20.0 287 0 10.9 8.5 5.0 2.5 2 0 2 3 3
-6393.3 6976.6 -19.9 79 0 11.2 13.0 2.5 2.5 2 1 1 4 4
-6279.7 6928.2 -17.3 165 0 8.5 4.8 2.5 2.5 2 0 1 2 2
-6280.2 6974.5 -17.1 174 0 12.2 5.3 5.0 2.5 2 0 2 3 3
-6274.4 6934.5 -17.2 177 0 11.1 11.2 2.5 2.5 4 1 1 3 3
-5935.6 7062.7 -24.1 327 0 9.9 15.2 2.5 2.5 4 1 1 5 5
-5923.1 7130.4 -23.0 150 0 8.4 9.9 7.5 2.5 4 1 3 0 0
-5911.6 7142.1 -23.2 145 0 6.0 14.8 5.0 0.0 0 1 2 4 4
-5864.1 7119.9 -25.6 60 0 9.3 10.8 5.0 2.5 2 1 2 2 2
-5962.9 7164.4 -19.9 329 0 5.5 5.6 2.5 2.5 2 1 1 4 4
-5967.5 7171.6 -19.6 332 0 10.3 10.5 5.0 2.5 2 1 2 5 5
-5230.5 6137.2 -38.5 0 0 10.1 12.8 7.5 2.5 2 1 3 5 5
-5284.8 6129.8 -37.8 256 0 10.4 10.8 5.0 2.5 2 1 2 2 2
-5282.8 6097.8 -37.6 344 0 6.9 3.7 2.5 2.5 2 0 1 4 4
-5290.8 6097.9 -37.5 342 0 14.0 11.3 5.0 2.5 2 0 2 4 4
-5363.5 6168.4 -37.2 345 0 9.6 9.3 7.5 2.5 2 0 3 0 0
-5359.2 6156.4 -37.2 341 0 15.7 8.0 5.0 2.5 2 0 2 1 1
-718.3 10779.7 -14.5 35 0 12.1 16.4 5.0 2.5 4 1 2 4 4
-134.2 10923.8 -17.6 235 0 12.2 12.1 5.0 2.5 2 0 2 5 5
-188.0 10873.4 -18.8 217 0 11.2 12.8 7.5 2.5 2 1 3 2 2
-138.2 11107.5 -19.4 241 0 6.3 14.2 7.5 2.5 2 1 3 2 2
-147.9 11071.5 -16.3 251 0 12.0 11.5 10.0 2.5 2 0 4 0 0
-638.5 10776.1 -17.2 350 0 12.7 13.6 10.0 2.5 2 1 4 1 1
-674.8 10877.9 -15.2 50 0 15.8 13.8 10.0 2.5 4 0 4 2 2
-700.4 10830.8 -14.5 36 0 11.3 11.7 5.0 2.5 2 1 2 0 0
-251.1 10899.7 -19.0 65 0 14.9 15.0 5.0 2.5 2 1 2 2 2
-359.1 10885.6 -17.6 71 0 7.8 12.4 7.5 2.5 4 1 3 3 3
-363.1 10924.8 -18.0 343 0 6.7 8.0 5.0 2.5 2 1 2 5 5
-352.5 10949.1 -18.7 308 0 7.4 5.6 5.0 2.5 2 0 2 4 4
-338.1 10927.3 -18.8 335 0 11.6 18.5 10.0 0.0 0 1 4 1 1
-146.5 10912.0 -17.9 224 0 9.3 13.3 2.5 2.5 2 1 1 4 4
-356.6 10916.7 -18.0 338 0 12.6 12.2 5.0 0.0 0 0 2 4 4
-588.5 10845.7 -48.7 157 0 13.7 13.8 7.5 2.5 2 1 3 3 3
-588.4 10818.0 -48.9 165 0 7.4 13.2 7.5 2.5 2 1 3 1 1
-345.4 11071.6 -19.9 246 0 6.4 14.5 2.5 2.5 2 1 1 4 4
-327.9 11042.7 -19.2 354 0 12.6 12.3 7.5 2.5 4 0 3 0 0
-535.0 11006.3 -57.7 253 0 12.9 10.3 7.5 2.5 2 0 3 2 2
-552.0 11017.5 -52.4 252 0 9.8 13.6 7.5 2.5 2 1 3 5 5
-522.5 10697.5 -49.5 93 0 6.0 12.8 7.5 0.0 0 1 3 2 2
-550.1 10741.0 -56.3 157 0 12.9 12.8 10.0 2.5 2 0 4 5 5
-181.5 10829.6 -19.5 244 0 10.9 12.1 2.5 2.5 2 1 1 0 0
-582.8 10776.8 -50.8 156 0 12.6 12.8 2.5 2.5 2 1 1 2 2
-577.1 10761.2 -53.9 158 0 12.4 13.8 7.5 2.5 2 1 3 3 3
-66.4 10979.7 -16.7 242 0 12.3 11.5 7.5 2.5 2 0 3 0 0
5.6 10647.7 -22.0 359 0 10.0 10.7 5.0 0.0 0 1 2 3 3
-258.2 10773.1 -19.1 197 0 9.3 11.4 7.5 2.5 2 1 3 1 1
-101.5 10885.5 -17.9 239 0 13.8 10.6 7.5 2.5 2 0 3 2 2
-96.3 10998.1 -16.1 158 0 8.7 11.4 5.0 2.5 2 1 2 3 3
-467.3 11087.6 -50.0 71 0 13.3 15.9 5.0 2.5 2 1 2 2 2
-462.2 11068.4 -56.7 153 0 13.3 16.1 7.5 0.0 0 1 3 1 1
-373.2 11120.0 -29.3 341 0 11.7 13.1 10.0 2.5 2 1 4 4 4
-423.7 11116.0 -42.4 246 0 7.3 15.9 5.0 2.5 2 1 2 2 2
124.9 10785.7 -22.0 357 0 8.2 12.1 7.5 2.5 2 1 3 1 1
128.0 10829.7 -21.4 352 0 12.9 12.5 7.5 2.5 2 0 3 0 0
128.2 10812.6 -21.6 352 0 13.8 12.1 10.0 0.0 0 0 4 2 2
140.4 10912.8 -20.1 355 0 14.2 12.0 2.5 2.5 2 0 1 0 0
-217.0 10862.0 -19.2 52 0 9.0 7.5 5.0 2.5 2 0 2 1 1
-261.8 10876.8 -19.4 49 0 5.8 16.2 5.0 0.0 0 1 2 0 0
-1125.0 -807.4 -40.4 198 0 15.0 25.8 5.0 0.0 0 1 2 3 3
-1041.8 -777.2 -41.0 342 0 14.7 25.0 10.0 0.0 0 1 4 4 4
-1067.3 -829.9 -41.2 67 0 10.4 17.9 7.5 0.0 0 1 3 0 0
-306.6 10948.0 -18.9 252 0 7.6 10.2 5.0 2.5 2 1 2 3 3
-414.2 -4699.8 0.9 244 0 16.1 18.8 12.5 2.5 2 1 5 4 4
1300.4 10893.4 -36.1 181 0 17.9 11.0 3.5 2.5 2 0 1 1 1
-317.4 10918.8 -19.3 324 0 9.5 13.6 7.5 0.0 0 1 3 1 1
-310.4 10914.1 -19.4 234 0 3.8 5.8 5.0 0.0 0 1 2 2 2
-298.1 10902.8 -19.4 49 0 9.4 6.3 5.0 2.5 4 0 2 3 3
2884.7 -10921.5 -5.7 44 0 30.9 36.7 10.5 3.5 2 1 3 5 5
-287.7 10891.3 -19.5 54 0 12.9 14.2 2.5 2.5 2 1 1 4 4
-3023.8 -4194.1 28.6 341 0 18.2 9.5 5.0 2.5 2 0 2 2 2
-286.1 10930.9 -19.1 238 0 10.7 15.7 5.0 2.5 4 1 2 2 2
-374.7 10805.3 -15.7 344 0 4.4 10.0 2.5 2.5 2 1 1 1 1
-389.4 10787.5 -15.3 75 0 10.7 14.4 5.0 2.5 4 1 2 0 0
-1827.5 -8140.0 12.1 342 0 11.2 16.7 14.0 3.5 2 1 4 4 4
-3341.8 -10450.5 18.4 332 0 16.8 19.4 10.5 3.5 2 1 3 5 5
-2161.9 -9291.5 15.0 64 0 18.2 15.7 10.5 0.0 0 0 3 1 1
-787.8 -9794.5 8.3 247 0 18.3 9.9 10.5 3.5 2 0 3 1 1
-997.9 -2569.7 -7.6 192 0 29.0 61.6 17.5 0.0 0 1 5 5 5
-928.8 -2661.3 -0.6 102 0 28.7 61.9 17.5 0.0 0 1 5 0 0
3697.5 -1133.0 -32.7 258 0 17.4 11.2 2.5 2.5 2 0 1 3 3
-2213.2 -1988.7 -29.1 90 0 5.8 38.1 10.5 3.5 2 1 3 3 3
-689.3 -9008.7 8.1 152 0 21.0 12.3 14.0 3.5 2 0 4 5 5
-875.9 -2648.3 -0.1 19 0 44.4 18.8 17.5 3.5 2 0 5 4 4
-2674.4 -1843.8 -27.9 288 0 7.9 20.8 10.5 3.5 2 1 3 0 0
4605.8 -11061.4 -8.9 351 0 62.4 30.7 10.0 0.0 0 0 4 0 0
1208.3 -9664.8 -1.0 86 0 10.0 21.3 10.5 0.0 0 1 3 2 2
470.7 -10140.9 0.1 265 0 9.9 14.9 10.5 3.5 2 1 3 0 0
-386.0 10783.2 -15.4 65 0 8.0 3.9 7.5 2.5 2 0 3 5 5
-2607.1 -1885.0 -28.0 107 0 30.1 5.1 10.5 3.5 2 0 3 4 4
-3136.2 -2093.7 -19.1 250 0 7.0 11.5 5.0 0.0 0 1 2 0 0
-2634.4 -1979.7 -25.4 227 0 14.1 13.3 10.5 3.5 2 0 3 2 2
-2653.0 -1803.4 -29.2 90 0 7.4 12.4 10.5 0.0 0 1 3 3 3
-3025.8 -1731.6 -22.6 272 0 9.1 29.9 10.5 3.5 2 1 3 0 0
-2718.1 -1865.5 -27.3 192 0 10.4 37.1 14.0 0.0 0 1 4 0 0
-2258.8 -1992.8 -28.2 0 0 8.9 19.5 10.5 3.5 2 1 3 4 4
-2258.4 -1974.3 -28.8 0 0 16.1 20.1 10.5 3.5 2 1 3 5 5
-2291.8 -1997.5 -28.3 359 0 13.2 33.7 10.5 3.5 2 1 3 5 5
-2235.2 -2041.2 -27.2 9 0 6.3 58.4 10.5 3.5 2 1 3 2 2
-2196.1 -2058.7 -26.7 6 0 9.4 50.9 10.5 3.5 2 1 3 0 0
-2256.4 -2057.4 -26.8 96 0 9.3 9.4 10.5 3.5 2 1 3 4 4
-2280.4 -2053.9 -26.9 96 0 29.4 9.3 10.5 0.0 0 0 3 2 2
-2198.8 -2079.0 -26.5 6 0 19.5 102.0 10.5 0.0 0 1 3 5 5
-2200.1 -2100.5 -24.8 6 0 8.5 102.8 10.5 3.5 2 1 3 1 1
-2654.0 -1808.8 -28.9 91 0 3.7 3.3 10.5 3.5 2 0 3 2 2
-2822.3 -1865.1 -25.6 355 0 24.5 14.3 14.0 3.5 2 0 4 1 1
-3189.4 -2280.9 -24.7 345 0 7.2 5.9 7.5 2.5 2 0 3 1 1
-3093.3 -1869.0 -9.7 209 0 11.1 10.8 7.5 2.5 2 0 3 2 2
-3288.6 -2156.3 -20.0 334 0 6.7 6.8 5.0 0.0 0 1 2 2 2
-3315.6 -2155.7 -19.7 245 0 7.0 13.1 5.0 2.5 4 1 2 4 4
-3308.0 -2145.5 -19.4 244 0 7.4 14.2 7.5 2.5 2 1 3 2 2
-3294.8 -2171.3 -21.0 337 0 15.1 10.9 7.5 2.5 2 0 3 3 3
-3305.7 -2193.3 -21.9 154 0 10.3 12.0 10.0 2.5 2 1 4 5 5
-3252.3 -2200.4 -23.0 335 0 9.2 11.1 7.5 2.5 2 1 3 0 0
-3304.0 -2215.7 -22.7 154 0 7.4 13.2 5.0 2.5 2 1 2 2 2
-3176.6 -2115.1 -19.0 63 0 11.1 21.2 7.5 2.5 2 1 3 1 1
-2362.6 -1931.4 -29.2 238 0 6.2 12.3 10.5 3.5 2 1 3 1 1
-1343.6 -1915.3 -35.3 5 0 12.4 36.5 14.0 3.5 2 1 4 2 2
-1364.2 -1943.4 -36.2 95 0 36.5 12.4 14.0 3.5 2 0 4 0 0
-1426.9 -1906.3 -35.3 185 0 12.4 36.5 14.0 3.5 2 1 4 0 0
-1421.1 -1935.6 -35.6 95 0 36.5 12.4 14.0 3.5 2 0 4 4 4
-4458.1 -4388.7 36.6 189 0 29.5 24.8 10.0 0.0 0 0 4 4 4
-3178.3 -2320.6 -25.3 70 0 5.5 31.1 7.5 2.5 2 1 3 4 4
-5715.0 -8672.3 23.8 47 0 17.8 88.0 15.0 0.0 0 1 6 0 0
-5723.9 -8957.4 25.0 258 0 18.7 20.6 7.5 0.0 0 1 3 1 1
-5704.4 -8889.4 23.8 259 0 63.6 19.6 10.0 2.5 2 0 4 4 4
4330.6 7077.7 -51.3 98 0 10.5 16.5 7.5 2.5 2 1 3 2 2
4348.7 7070.6 -51.3 96 0 11.3 15.4 5.0 2.5 4 1 2 4 4
4598.2 6997.4 -51.1 88 0 15.5 14.6 5.0 2.5 2 0 2 2 2
-2690.3 -1795.1 -30.3 183 0 77.6 77.0 14.0 0.0 0 0 4 2 2
-2636.7 -1885.7 -27.6 284 0 30.6 26.8 14.0 0.0 0 0 4 1 1
