6634.1 -7880.3 -739.0 352 0 22.8 18.3 5.0 2.5 2 0 2 1 1
-6327.4 7859.7 -692.8 68 0 13.7 7.9 7.5 2.5 2 0 3 3 3
6154.2 -10925.8 -730.2 249 0 17.1 15.0 10.0 2.5 2 0 4 0 0
2334.0 2146.9 -709.6 49 0 14.5 14.3 14.0 3.5 2 0 4 1 1
1044.9 2152.0 -729.6 52 0 142.5 63.9 14.0 0.0 0 0 4 4 4
1913.9 1571.5 -696.5 161 0 9.3 14.5 10.5 0.0 0 1 3 3 3
1967.5 1488.2 -693.1 178 0 16.1 38.5 14.0 3.5 2 1 4 5 5
1951.8 1580.0 -699.1 70 0 11.1 14.9 14.0 3.5 2 1 4 3 3
2785.2 -3264.6 92.1 22 0 10.2 10.6 7.5 2.5 2 1 3 3 3
1579.8 1804.9 -726.3 338 0 16.4 13.8 14.0 3.5 2 0 4 3 3
1701.0 1850.5 -728.4 264 0 18.2 21.2 14.0 3.5 2 1 4 3 3
942.9 1829.3 -729.6 65 0 24.7 18.7 14.0 3.5 2 0 4 3 3
1638.8 1717.8 -724.3 341 0 18.0 23.1 17.5 3.5 2 1 5 0 0
-3422.4 5312.8 -721.7 167 0 13.6 22.9 10.0 2.5 2 1 4 0 0
-4221.6 225.4 -713.2 188 0 59.8 28.1 12.5 0.0 0 0 5 4 4
-3530.9 185.1 -710.3 22 0 16.5 102.4 15.0 0.0 0 1 6 1 1
-4245.3 893.8 -713.0 358 0 48.4 28.2 10.0 0.0 0 0 4 5 5
-3580.6 233.3 -710.9 292 0 81.0 16.5 10.0 2.5 2 0 4 2 2
-3668.7 269.5 -712.6 291 0 98.3 53.3 12.5 0.0 0 0 5 0 0
-4650.4 370.6 -711.5 100 0 65.0 71.6 7.5 0.0 0 1 3 2 2
-4279.9 965.5 -712.8 254 0 21.2 23.3 7.5 2.5 2 1 3 4 4
451.6 2062.4 -729.1 150 0 15.6 25.9 17.5 3.5 2 1 5 1 1
706.6 1564.9 -730.6 156 0 18.7 18.5 17.5 0.0 0 0 5 0 0
745.5 1574.0 -730.6 66 0 18.5 18.7 17.5 3.5 4 1 5 5 5
770.4 1585.3 -730.5 66 0 18.5 18.7 17.5 3.5 2 1 5 0 0
793.4 1594.7 -730.5 66 0 18.5 18.7 17.5 3.5 2 1 5 5 5
815.8 1605.9 -730.4 66 0 18.5 18.7 17.5 3.5 2 1 5 5 5
982.6 1606.3 -730.3 63 0 34.4 56.7 10.5 0.0 0 1 3 1 1
860.8 1593.7 -730.6 154 0 93.7 70.4 7.0 0.0 0 0 2 1 1
-274.4 4604.0 -730.9 6 0 13.0 11.4 2.5 2.5 2 0 1 5 5
-276.9 4528.7 -731.6 349 0 12.5 17.5 12.5 2.5 2 1 5 2 2
-274.8 4508.5 -731.8 349 0 12.5 17.5 12.5 2.5 2 1 5 2 2
-138.0 4535.3 -731.2 82 0 24.8 34.9 7.5 0.0 0 1 3 1 1
-252.3 4558.5 -731.3 177 0 23.8 14.1 30.0 0.0 0 0 12 0 0
-187.1 4562.9 -730.9 87 0 14.1 23.8 30.0 0.0 0 1 12 3 3
-227.3 4588.3 -730.4 177 0 23.8 14.0 30.0 0.0 0 0 12 4 4
-204.5 4620.0 -730.1 182 0 22.5 13.2 30.0 0.0 0 0 12 4 4
-149.7 4628.9 -729.7 359 0 18.6 22.2 22.5 0.0 0 1 9 2 2
-155.6 4659.4 -729.7 3 0 8.4 22.1 7.5 0.0 0 1 3 1 1
-191.4 4667.7 -730.0 3 0 13.3 22.6 5.0 2.5 2 1 2 0 0
-248.5 4667.1 -730.4 178 0 11.6 30.2 5.0 2.5 2 1 2 0 0
-191.5 4692.3 -730.2 8 0 12.9 20.0 5.0 2.5 2 1 2 2 2
-248.2 4697.6 -730.8 184 0 34.0 12.5 5.0 2.5 2 0 2 2 2
-227.7 4732.8 -730.5 277 0 32.5 13.8 7.5 2.5 2 0 3 3 3
-191.6 4753.4 -729.3 73 0 11.0 18.3 10.0 2.5 2 1 4 5 5
-217.4 4753.0 -729.1 95 0 19.0 11.4 12.5 2.5 2 0 5 4 4
-244.9 4764.2 -728.6 181 0 20.0 12.1 12.5 0.0 0 0 5 4 4
-263.2 4810.2 -728.3 1 0 20.2 16.9 25.0 0.0 0 0 10 4 4
-270.2 4746.8 -728.5 60 0 13.5 20.2 25.0 0.0 0 1 10 2 2
956.1 2339.6 -728.3 329 0 18.4 18.0 7.0 0.0 0 0 2 3 3
193.2 2940.0 -729.9 332 0 16.9 13.8 5.0 0.0 0 0 2 5 5
-197.1 4308.9 -732.9 265 0 33.8 15.5 20.0 0.0 0 0 8 1 1
-306.0 4493.3 -731.9 79 0 17.5 12.5 12.5 2.5 2 0 5 2 2
-312.6 4528.6 -731.7 259 0 17.5 12.5 12.5 2.5 2 0 5 3 3
-367.9 4730.6 -727.8 88 0 14.5 22.5 25.0 0.0 0 1 10 2 2
-288.4 4784.5 -726.7 1 0 20.2 16.9 25.0 0.0 0 0 10 1 1
-315.2 4738.1 -728.2 60 0 13.5 20.2 25.0 0.0 0 1 10 1 1
-59.2 3957.5 -730.7 256 0 9.2 18.2 5.0 2.5 2 1 2 3 3
47.6 3943.0 -729.1 162 0 20.9 17.3 20.0 0.0 0 0 8 0 0
19.3 3978.1 -729.0 88 0 10.1 15.2 20.0 0.0 0 1 8 1 1
45.2 4008.7 -729.2 0 0 13.1 18.0 22.5 0.0 0 1 9 1 1
22.0 4040.0 -729.7 272 0 14.5 11.2 7.5 2.5 2 0 3 5 5
5.5 4054.8 -730.0 276 0 16.0 7.3 7.5 2.5 2 0 3 1 1
-200.3 4276.6 -733.1 270 0 17.0 35.3 22.5 2.5 2 1 9 1 1
-194.1 4210.9 -733.2 360 0 35.3 17.0 22.5 2.5 2 0 9 5 5
-200.3 4173.9 -733.3 257 0 35.4 16.0 25.0 0.0 0 0 10 0 0
-152.8 4184.5 -733.1 257 0 35.4 16.0 25.0 0.0 0 0 10 4 4
-89.5 4220.9 -732.9 3 0 23.0 25.1 22.5 0.0 0 1 9 4 4
-145.0 4214.0 -733.0 186 0 34.7 15.5 25.0 0.0 0 0 10 1 1
-140.3 4257.3 -732.9 186 0 35.3 14.7 25.0 0.0 0 0 10 0 0
-146.0 4299.9 -732.9 295 0 33.9 14.2 25.0 0.0 0 0 10 2 2
-155.1 3301.9 -731.9 1 0 10.1 12.8 5.0 2.5 4 1 2 5 5
-228.4 3395.9 -732.1 271 0 12.8 10.1 5.0 2.5 4 0 2 5 5
-187.6 3395.2 -731.9 271 0 12.8 10.1 5.0 2.5 2 0 2 0 0
-369.7 3537.2 -731.0 181 0 10.1 12.8 5.0 2.5 2 1 2 3 3
-362.2 3477.4 -730.4 181 0 10.1 12.8 5.0 2.5 2 1 2 5 5
-257.3 3516.6 -730.7 91 0 12.8 10.1 5.0 2.5 2 0 2 2 2
-250.6 3540.1 -730.6 1 0 10.1 12.8 5.0 2.5 2 1 2 4 4
-260.8 3579.7 -731.0 268 0 18.8 9.5 5.0 2.5 2 0 2 4 4
-321.5 3668.7 -732.2 1 0 14.8 14.9 22.5 0.0 0 1 9 0 0
-364.1 3705.4 -732.6 271 0 14.9 14.8 22.5 0.0 0 0 9 4 4
-372.2 3668.5 -732.5 181 0 14.8 14.9 22.5 0.0 0 1 9 0 0
-301.5 3718.6 -732.2 178 0 14.7 15.6 12.5 2.5 4 1 5 5 5
-274.0 3720.6 -732.0 178 0 14.7 15.6 12.5 2.5 2 1 5 0 0
-227.6 3714.0 -731.8 358 0 19.8 18.6 12.5 0.0 0 0 5 5 5
-214.7 3687.0 -731.7 358 0 11.8 28.6 30.0 0.0 0 1 12 0 0
-253.8 3657.9 -731.8 178 0 11.8 28.6 30.0 0.0 0 1 12 0 0
-266.2 3629.9 -731.8 178 0 11.8 28.6 30.0 0.0 0 1 12 5 5
-202.8 3618.4 -731.5 358 0 11.8 28.6 30.0 0.0 0 1 12 0 0
-169.1 3745.5 -731.5 70 0 13.4 8.7 5.0 2.5 2 0 2 3 3
-175.1 3686.4 -731.4 166 0 18.1 18.9 7.5 0.0 0 1 3 3 3
-90.6 3823.4 -730.8 270 0 9.6 14.1 7.5 2.5 2 1 3 3 3
-76.6 3775.8 -731.0 347 0 14.2 9.8 7.5 0.0 0 0 3 0 0
-48.1 3744.8 -730.8 345 0 22.1 12.8 7.5 2.5 2 0 3 4 4
-95.7 3694.4 -731.3 257 0 13.0 9.0 2.5 2.5 2 0 1 2 2
5.0 3578.6 -730.9 91 0 11.9 10.6 2.5 2.5 2 0 1 3 3
22.9 3568.3 -730.9 271 0 11.9 10.6 2.5 2.5 2 0 1 5 5
3.7 3560.8 -731.0 271 0 11.9 10.6 2.5 2.5 2 0 1 1 1
-15.4 3554.8 -731.0 271 0 11.9 10.6 2.5 2.5 2 0 1 1 1
-343.5 3922.6 -733.9 91 0 11.9 10.6 2.5 2.5 4 0 1 5 5
-167.8 3917.9 -731.9 179 0 12.7 16.6 12.5 2.5 2 1 5 5 5
-125.1 3949.5 -731.6 269 0 12.2 17.5 12.5 2.5 2 1 5 5 5
-142.3 3983.5 -731.4 87 0 16.8 10.2 15.0 0.0 0 0 6 0 0
67.3 3249.1 -731.5 330 0 12.8 16.2 7.5 2.5 2 1 3 2 2
88.0 3316.4 -731.1 254 0 20.8 16.7 10.0 2.5 2 0 4 3 3
93.7 3172.4 -731.7 349 0 10.3 12.0 12.5 2.5 2 1 5 5 5
85.4 3103.2 -731.7 354 0 8.3 14.5 7.5 2.5 2 1 3 0 0
107.5 3099.4 -730.6 182 0 12.1 12.7 7.5 0.0 0 1 3 5 5
62.5 3118.0 -732.0 168 0 15.4 24.4 12.5 2.5 2 1 5 4 4
274.6 2920.6 -730.2 172 0 8.6 12.4 7.0 3.5 2 1 2 2 2
272.2 2906.6 -730.2 180 0 12.2 13.4 7.0 3.5 2 1 2 4 4
272.7 2949.8 -730.2 180 0 11.9 18.3 7.0 3.5 2 1 2 4 4
278.3 2999.7 -729.8 182 0 8.8 13.1 10.5 3.5 4 1 3 5 5
366.8 2968.9 -730.4 3 0 12.2 9.7 10.5 3.5 2 0 3 1 1
364.4 2950.8 -730.5 357 0 11.6 10.2 17.5 3.5 2 0 5 3 3
470.7 2973.8 -731.0 157 0 13.6 15.1 10.5 3.5 2 1 3 0 0
454.4 2965.0 -730.9 339 0 10.8 14.3 10.5 3.5 2 1 3 4 4
391.6 2951.1 -730.8 182 0 13.5 16.2 7.0 3.5 2 1 2 5 5
400.4 2883.7 -730.8 156 0 12.7 24.3 17.5 3.5 2 1 5 4 4
428.7 2849.5 -730.9 237 0 27.1 11.4 17.5 3.5 2 0 5 0 0
504.7 2927.0 -731.0 61 0 21.0 11.0 10.5 3.5 2 0 3 2 2
460.8 2943.7 -730.9 348 0 9.5 12.7 10.5 3.5 2 1 3 0 0
462.9 3095.5 -730.3 146 0 10.8 35.8 10.0 0.0 0 1 4 0 0
470.3 3080.8 -730.5 146 0 10.8 35.8 10.0 0.0 0 1 4 3 3
479.7 3066.6 -730.7 146 0 10.8 35.8 10.0 0.0 0 1 4 1 1
451.8 3150.4 -729.1 174 0 17.7 11.7 10.0 2.5 2 0 4 4 4
406.7 3231.1 -728.7 244 0 29.3 11.5 12.5 2.5 2 0 5 1 1
419.1 3206.6 -728.7 64 0 29.3 11.5 12.5 2.5 2 0 5 2 2
398.1 3249.9 -728.8 246 0 14.4 14.8 12.5 2.5 2 1 5 4 4
335.6 3166.9 -729.5 70 0 15.1 22.9 12.5 2.5 2 1 5 1 1
355.9 3172.2 -729.3 69 0 15.4 22.9 12.5 0.0 0 1 5 2 2
355.0 3255.4 -729.2 67 0 13.0 15.0 5.0 2.5 2 1 2 5 5
379.7 3266.2 -729.1 66 0 31.4 17.2 12.5 2.5 2 0 5 3 3
346.9 3336.5 -729.5 334 0 18.5 18.0 12.5 2.5 2 0 5 2 2
340.0 3355.3 -729.5 334 0 11.1 18.6 10.0 2.5 2 1 4 1 1
314.6 3380.0 -729.8 240 0 16.0 19.3 10.0 2.5 2 1 4 0 0
218.2 3463.1 -729.9 256 0 10.2 13.5 5.0 2.5 2 1 2 4 4
237.0 3467.0 -729.9 246 0 13.8 13.5 5.0 2.5 2 0 2 3 3
264.3 3463.6 -729.8 246 0 12.3 12.0 10.0 2.5 2 0 4 1 1
256.3 3477.0 -729.7 251 0 14.2 11.3 10.0 2.5 2 0 4 5 5
232.3 3489.2 -729.8 73 0 11.4 8.8 5.0 2.5 2 0 2 3 3
357.3 3660.9 -732.7 333 0 15.6 10.4 2.5 2.5 2 0 1 2 2
116.6 3530.5 -730.4 246 0 13.6 5.7 2.5 2.5 2 0 1 1 1
101.6 3522.3 -730.5 246 0 12.5 5.8 2.5 2.5 2 0 1 0 0
147.6 3548.8 -730.4 150 0 8.6 45.6 2.5 0.0 0 1 1 0 0
200.8 3580.9 -730.4 331 0 8.2 12.0 2.5 2.5 2 1 1 5 5
185.1 3472.3 -730.1 75 0 16.8 20.2 12.5 2.5 4 1 5 0 0
201.4 3478.4 -730.0 80 0 10.7 16.8 12.5 2.5 2 1 5 0 0
225.3 3539.3 -730.2 333 0 16.3 16.5 12.5 2.5 2 1 5 4 4
206.1 3608.7 -730.6 328 0 17.1 15.6 12.5 2.5 2 0 5 5 5
100.6 3776.2 -730.1 253 0 14.8 11.0 7.5 2.5 2 0 3 3 3
149.7 3690.6 -730.7 74 0 13.7 16.8 15.0 0.0 0 1 6 1 1
84.6 3737.0 -730.5 73 0 19.3 14.1 20.0 0.0 0 0 8 0 0
139.8 3760.1 -730.3 342 0 19.7 13.5 12.5 2.5 2 0 5 4 4
113.1 3799.4 -729.9 260 0 27.6 13.3 12.5 2.5 2 0 5 0 0
63.1 3900.5 -729.4 159 0 8.5 14.3 7.5 2.5 2 1 3 5 5
69.9 3866.6 -729.5 164 0 12.2 17.8 7.5 0.0 0 1 3 5 5
67.5 3883.3 -729.4 166 0 14.0 21.4 15.0 0.0 0 1 6 0 0
-26.6 4007.8 -729.9 265 0 19.5 9.4 7.5 2.5 2 0 3 2 2
-58.0 3984.3 -730.2 72 0 15.0 14.8 10.0 0.0 0 0 4 5 5
104.2 2485.7 -730.2 65 0 11.3 23.8 10.5 3.5 2 1 3 1 1
72.5 2449.4 -730.2 241 0 29.5 11.8 10.5 3.5 2 0 3 3 3
75.7 2469.1 -730.1 57 0 9.9 20.7 10.5 3.5 4 1 3 2 2
-76.8 2392.3 -729.9 139 0 37.6 15.0 10.5 3.5 2 0 3 2 2
-4.1 2308.2 -730.2 145 0 8.8 9.2 7.0 3.5 2 1 2 3 3
-14.2 2240.9 -730.4 101 0 18.0 12.7 14.0 3.5 2 0 4 0 0
63.5 2252.2 -730.6 268 0 10.2 9.3 3.5 3.5 2 0 1 0 0
78.1 2256.4 -730.6 262 0 13.7 22.2 7.0 3.5 2 1 2 1 1
97.7 2333.9 -730.5 331 0 21.2 12.3 14.0 0.0 0 0 4 0 0
45.2 2385.4 -730.2 332 0 11.3 12.1 3.5 3.5 2 1 1 2 2
150.3 2386.3 -730.5 60 0 12.9 9.2 7.0 3.5 2 0 2 2 2
171.5 2364.4 -730.3 59 0 31.6 13.0 10.5 0.0 0 0 3 5 5
203.6 2366.6 -729.7 56 0 15.4 12.3 10.5 3.5 2 0 3 2 2
217.9 2316.4 -729.4 257 0 46.1 13.4 10.5 3.5 2 0 3 3 3
233.0 2359.2 -729.4 58 0 12.8 32.8 10.5 3.5 4 1 3 5 5
243.7 2328.7 -728.8 148 0 32.8 12.8 10.5 3.5 2 0 3 0 0
291.6 2345.2 -729.1 85 0 22.7 15.0 31.5 0.0 0 0 9 0 0
310.6 2372.5 -730.0 82 0 12.9 18.4 31.5 0.0 0 1 9 0 0
262.3 2377.1 -728.8 172 0 18.4 12.9 31.5 0.0 0 0 9 0 0
-62.8 2800.4 -730.3 291 0 14.8 14.3 10.5 3.5 2 0 3 1 1
-78.1 2757.6 -730.2 111 0 14.8 14.4 10.5 3.5 2 0 3 5 5
-50.9 2752.5 -730.3 105 0 24.5 14.2 10.5 0.0 0 0 3 5 5
-40.5 2781.9 -730.3 18 0 21.1 15.0 10.5 3.5 2 0 3 1 1
-14.9 2781.6 -730.3 336 0 18.8 13.4 10.5 3.5 2 0 3 2 2
-6.0 2744.3 -730.3 11 0 12.6 16.9 10.5 3.5 2 1 3 2 2
17.1 2872.2 -729.5 70 0 11.9 11.1 2.5 2.5 2 0 1 3 3
-61.1 2851.5 -730.8 88 0 39.0 13.0 14.0 3.5 2 0 4 4 4
-109.5 2849.7 -730.6 88 0 39.0 13.0 14.0 3.5 2 0 4 2 2
-52.2 2821.3 -730.3 279 0 35.9 15.7 14.0 3.5 2 0 4 5 5
-104.1 2825.9 -730.3 279 0 35.9 15.7 14.0 3.5 2 0 4 0 0
-64.5 2934.3 -728.3 340 0 10.3 21.0 12.5 2.5 2 1 5 2 2
-56.6 2883.4 -729.5 76 0 17.5 18.1 12.5 2.5 2 1 5 2 2
-80.8 2886.3 -729.9 62 0 7.5 18.3 7.5 2.5 2 1 3 1 1
-98.1 2881.5 -730.7 62 0 7.5 18.3 7.5 2.5 4 1 3 0 0
-93.4 2934.0 -729.2 313 0 10.3 20.6 15.0 0.0 0 1 6 3 3
-66.6 2949.4 -728.2 3 0 12.2 47.2 12.5 0.0 0 1 5 3 3
-153.4 2923.9 -730.6 97 0 10.9 21.1 12.5 2.5 2 1 5 3 3
-156.9 2890.4 -731.0 97 0 10.9 21.1 12.5 2.5 2 1 5 2 2
-249.1 2824.2 -730.1 23 0 10.1 10.2 2.5 2.5 2 1 1 3 3
-317.1 3026.2 -731.2 272 0 11.5 29.5 2.5 2.5 4 1 1 5 5
-296.1 3022.4 -730.8 185 0 11.2 42.0 5.0 2.5 2 1 2 3 3
-288.7 2983.9 -731.1 275 0 18.5 15.7 10.0 2.5 2 0 4 3 3
-310.1 2986.0 -730.6 275 0 18.4 15.7 10.0 2.5 2 0 4 5 5
-347.0 2981.1 -730.1 185 0 15.7 18.4 10.0 2.5 2 1 4 1 1
-254.8 3000.4 -731.1 5 0 15.7 18.4 10.0 2.5 2 1 4 0 0
-257.6 2972.4 -731.2 5 0 15.7 18.4 10.0 2.5 2 1 4 1 1
-344.3 2958.6 -730.1 209 0 19.6 12.2 12.5 0.0 0 0 5 5 5
-303.2 2959.5 -730.1 328 0 11.9 18.5 12.5 2.5 2 1 5 5 5
-313.3 2917.0 -730.1 97 0 18.9 13.7 12.5 2.5 2 0 5 0 0
-345.3 2922.4 -730.1 97 0 18.9 13.7 12.5 2.5 2 0 5 1 1
-361.0 2908.4 -730.0 291 0 11.0 17.6 12.5 0.0 0 1 5 0 0
-417.3 2913.4 -729.9 4 0 16.8 15.4 2.5 2.5 2 0 1 3 3
-466.4 2796.2 -729.8 107 0 14.9 25.0 10.0 0.0 0 1 4 4 4
-525.7 2887.1 -729.1 289 0 13.6 16.2 7.5 2.5 2 1 3 3 3
-634.9 3042.6 -728.1 187 0 18.2 13.5 22.5 0.0 0 0 9 4 4
-614.7 3007.6 -728.3 97 0 21.0 13.8 22.5 0.0 0 0 9 5 5
-592.0 3046.0 -728.7 274 0 14.4 16.6 22.5 0.0 0 1 9 3 3
-676.2 3093.5 -728.1 269 0 15.1 13.4 5.0 2.5 4 0 2 1 1
-506.5 3127.7 -730.1 96 0 14.8 13.7 2.5 2.5 2 0 1 4 4
-743.1 3186.2 -729.0 274 0 11.6 15.1 12.5 0.0 0 1 5 3 3
-765.9 3180.2 -729.2 184 0 15.1 11.6 12.5 2.5 4 0 5 2 2
-768.8 3155.9 -728.8 184 0 15.1 11.6 12.5 2.5 2 0 5 4 4
-781.8 3189.9 -729.7 1 0 15.1 13.6 10.0 2.5 2 0 4 0 0
-781.1 3162.3 -729.3 4 0 21.3 16.9 10.0 2.5 2 0 4 5 5
909.3 1876.9 -729.5 151 0 17.6 14.7 7.0 3.5 2 0 2 5 5
1456.2 1622.9 -713.8 163 0 14.2 13.9 3.5 3.5 2 0 1 1 1
1183.3 1560.5 -708.2 244 0 22.5 13.0 10.5 3.5 2 0 3 3 3
1320.9 1587.3 -727.9 159 0 21.1 33.2 3.5 0.0 0 1 1 3 3
1304.6 1586.9 -726.2 339 0 10.6 32.0 7.0 3.5 2 1 2 0 0
1256.7 1555.8 -720.0 69 0 15.4 21.9 7.0 3.5 2 1 2 3 3
1198.8 1704.1 -729.2 145 0 29.7 10.5 10.5 3.5 2 0 3 3 3
1185.7 1788.4 -729.0 286 0 11.3 12.8 10.5 3.5 2 1 3 0 0
1203.2 1758.4 -729.1 18 0 11.3 12.9 10.5 0.0 0 1 3 0 0
1088.6 1845.6 -729.2 237 0 13.2 17.3 10.5 3.5 2 1 3 2 2
1063.2 1829.4 -729.3 233 0 11.7 15.2 14.0 3.5 2 1 4 5 5
1094.7 1795.8 -729.4 57 0 32.1 13.9 17.5 0.0 0 0 5 2 2
1118.1 1825.3 -729.2 328 0 16.6 13.8 17.5 3.5 2 0 5 0 0
1327.4 1823.0 -728.6 296 0 13.7 9.6 10.5 0.0 0 0 3 5 5
1252.6 1823.6 -728.7 29 0 39.8 17.6 17.5 3.5 2 0 5 5 5
1326.5 1908.2 -728.1 203 0 9.8 10.3 10.5 3.5 2 1 3 4 4
1345.5 1892.4 -728.2 122 0 13.9 15.6 10.5 3.5 2 1 3 5 5
1365.5 1885.4 -728.3 91 0 10.6 14.3 17.5 3.5 2 1 5 4 4
1347.8 1936.8 -728.0 298 0 14.5 19.2 10.5 3.5 2 1 3 5 5
1366.9 1928.1 -728.2 295 0 17.9 14.9 7.0 3.5 2 0 2 4 4
1390.8 1915.5 -728.3 292 0 24.8 14.4 17.5 3.5 2 0 5 1 1
1421.3 1901.1 -727.9 288 0 16.4 11.9 17.5 3.5 2 0 5 5 5
1446.2 1882.4 -727.1 31 0 11.6 13.0 10.5 3.5 2 1 3 2 2
1487.0 1887.0 -727.0 48 0 19.7 10.4 7.0 3.5 2 0 2 4 4
1556.5 1896.5 -728.4 340 0 14.6 19.4 10.5 3.5 2 1 3 4 4
1556.3 1866.9 -727.9 70 0 19.2 12.6 10.5 3.5 2 0 3 5 5
1477.8 1929.0 -728.0 21 0 11.2 23.0 17.5 3.5 2 1 5 5 5
1468.7 1728.3 -725.1 242 0 11.1 19.8 7.0 3.5 2 1 2 4 4
1659.3 1853.2 -729.5 261 0 14.0 19.7 10.5 3.5 4 1 3 0 0
1615.9 1837.9 -728.3 254 0 10.6 46.7 7.0 3.5 2 1 2 3 3
1612.2 1738.2 -724.6 339 0 14.4 10.8 7.0 3.5 2 0 2 5 5
1745.2 1813.7 -725.6 251 0 14.2 22.1 14.0 3.5 2 1 4 5 5
1695.7 1785.9 -726.7 338 0 20.7 14.3 14.0 3.5 2 0 4 1 1
1879.9 1728.4 -715.3 72 0 26.0 13.7 14.0 3.5 2 0 4 3 3
1908.5 1716.2 -712.4 247 0 11.6 20.5 10.5 3.5 4 1 3 2 2
1884.3 1702.5 -710.6 340 0 11.8 35.9 10.5 0.0 0 1 3 5 5
1938.9 1669.9 -708.7 250 0 22.4 16.6 7.0 3.5 4 0 2 5 5
1839.7 1651.4 -706.1 154 0 25.9 13.4 14.0 3.5 2 0 4 5 5
1918.5 1605.1 -701.2 342 0 21.7 10.2 14.0 3.5 2 0 4 3 3
2172.0 2100.2 -724.6 226 0 15.0 18.2 3.5 3.5 2 1 1 1 1
2210.3 2141.5 -725.6 224 0 14.8 19.7 3.5 3.5 2 1 1 4 4
2294.4 2104.7 -704.5 40 0 8.6 14.5 10.5 3.5 2 1 3 4 4
2306.2 2067.3 -688.4 233 0 9.4 13.1 10.5 3.5 2 1 3 0 0
2294.1 2059.5 -689.1 233 0 9.4 13.1 10.5 3.5 4 1 3 0 0
2127.6 1963.2 -703.9 81 0 15.7 10.0 14.0 3.5 2 0 4 5 5
2063.0 2052.4 -728.3 266 0 7.0 18.4 3.5 3.5 2 1 1 1 1
2027.9 2026.3 -726.3 181 0 6.3 34.5 3.5 3.5 2 1 1 4 4
2093.1 2038.9 -725.2 266 0 37.8 9.3 3.5 3.5 2 0 1 3 3
1964.0 1976.3 -724.0 98 0 23.0 22.8 14.0 3.5 2 0 4 3 3
1433.6 2064.4 -730.4 225 0 12.0 13.9 7.0 3.5 2 1 2 1 1
1459.7 2048.5 -730.0 314 0 11.5 18.6 7.0 3.5 2 1 2 0 0
1471.9 2036.6 -729.7 314 0 11.4 18.6 7.0 3.5 2 1 2 3 3
1484.6 2025.3 -729.4 314 0 11.5 18.6 7.0 0.0 0 1 2 2 2
1483.6 1998.2 -729.3 134 0 11.5 18.6 7.0 3.5 2 1 2 1 1
1516.8 1982.5 -729.4 130 0 29.0 17.9 14.0 0.0 0 0 4 2 2
1026.3 2007.8 -728.7 151 0 10.7 15.8 17.5 3.5 2 1 5 2 2
1033.4 1992.2 -728.7 155 0 8.5 23.9 10.5 3.5 2 1 3 0 0
1075.6 2001.5 -728.6 65 0 20.0 13.8 17.5 3.5 2 0 5 4 4
1134.0 2015.0 -728.5 240 0 11.2 13.4 14.0 3.5 2 1 4 1 1
1118.6 2002.5 -728.5 232 0 12.4 16.3 14.0 3.5 2 1 4 4 4
1150.3 1993.0 -728.5 320 0 13.4 9.6 10.5 3.5 4 0 3 5 5
1167.1 1982.9 -728.5 316 0 12.3 13.6 14.0 3.5 2 1 4 3 3
1149.0 1962.8 -728.6 133 0 11.9 8.9 10.5 3.5 2 0 3 3 3
1146.6 1928.9 -728.8 316 0 24.4 11.8 10.5 3.5 4 0 3 1 1
1295.6 1721.6 -729.0 314 0 12.0 11.4 14.0 3.5 2 0 4 0 0
1281.6 1734.5 -728.9 314 0 12.0 11.4 14.0 3.5 2 0 4 3 3
1268.0 1753.6 -728.9 315 0 19.6 10.9 14.0 3.5 2 0 4 3 3
1240.0 1709.7 -729.2 320 0 7.9 17.9 10.5 3.5 4 1 3 4 4
1270.1 1706.9 -729.0 138 0 10.2 14.0 21.0 0.0 0 1 6 3 3
1280.4 1693.2 -729.1 136 0 11.2 11.6 21.0 0.0 0 1 6 0 0
1264.4 1689.8 -729.1 320 0 12.1 10.9 21.0 0.0 0 0 6 3 3
1216.7 1680.8 -729.3 146 0 9.6 14.5 10.5 0.0 0 1 3 3 3
1252.0 1671.6 -729.2 55 0 9.8 11.3 10.5 3.5 2 1 3 2 2
1205.1 1672.4 -729.4 328 0 12.7 10.3 14.0 3.5 2 0 4 0 0
1185.9 1628.9 -729.6 58 0 10.3 12.7 14.0 3.5 2 1 4 3 3
1171.1 1617.5 -729.7 58 0 10.3 12.7 14.0 3.5 2 1 4 5 5
1041.6 1591.0 -730.2 246 0 14.9 13.5 14.0 3.5 2 0 4 5 5
1111.6 1616.5 -729.8 240 0 11.2 24.1 10.5 3.5 2 1 3 0 0
766.4 1563.4 -730.6 243 0 17.8 26.1 21.0 0.0 0 1 6 0 0
853.1 1556.5 -730.6 332 0 15.5 26.9 24.5 0.0 0 1 7 3 3
769.9 1485.7 -730.0 153 0 18.3 25.2 24.5 0.0 0 1 7 3 3
784.0 1463.5 -730.4 157 0 12.7 23.9 24.5 0.0 0 1 7 0 0
719.9 1514.0 -730.1 329 0 16.7 12.6 14.0 3.5 2 0 4 4 4
691.6 1506.7 -729.9 252 0 19.8 19.1 14.0 3.5 2 0 4 4 4
708.4 1451.5 -729.5 72 0 19.8 19.1 14.0 3.5 2 0 4 0 0
662.1 1493.5 -729.7 252 0 19.8 19.1 14.0 3.5 2 0 4 0 0
634.6 1485.0 -729.6 252 0 19.8 19.1 14.0 0.0 0 0 4 4 4
677.0 1443.3 -729.4 72 0 19.8 19.1 14.0 3.5 2 0 4 4 4
636.0 1444.5 -729.4 161 0 18.9 19.6 14.0 3.5 2 1 4 5 5
675.5 1417.3 -728.8 253 0 16.5 16.5 17.5 3.5 2 1 5 2 2
699.2 1428.3 -729.4 253 0 17.4 27.0 17.5 3.5 2 1 5 4 4
652.6 1401.9 -728.6 253 0 17.4 27.0 17.5 3.5 2 1 5 4 4
572.5 1483.5 -730.1 75 0 8.5 16.6 10.5 0.0 0 1 3 1 1
565.8 1463.8 -729.7 250 0 16.6 13.2 17.5 3.5 2 0 5 5 5
608.0 1448.3 -729.5 340 0 13.2 16.6 17.5 3.5 2 1 5 5 5
593.4 1473.2 -729.7 250 0 16.6 13.2 17.5 3.5 2 0 5 3 3
597.7 1502.5 -729.9 340 0 13.2 16.6 17.5 3.5 2 1 5 2 2
607.5 1418.1 -729.3 70 0 16.6 13.2 17.5 3.5 2 0 5 2 2
470.4 1347.0 -723.7 248 0 15.0 14.2 10.5 3.5 2 0 3 0 0
514.7 1369.9 -726.2 248 0 12.6 16.0 21.0 0.0 0 1 6 1 1
530.9 1338.8 -726.5 338 0 16.1 12.6 21.0 0.0 0 0 6 3 3
515.2 1396.6 -725.8 340 0 12.3 23.5 10.5 3.5 2 1 3 2 2
616.4 1233.5 -727.4 56 0 11.4 12.3 10.5 3.5 2 1 3 4 4
441.7 1701.2 -730.3 203 0 12.8 27.6 10.5 3.5 2 1 3 4 4
499.6 1647.1 -730.3 22 0 17.3 22.4 10.5 3.5 2 1 3 4 4
516.5 1534.3 -730.9 74 0 12.2 23.8 10.5 3.5 2 1 3 3 3
553.9 1642.7 -730.3 346 0 18.3 13.1 10.5 3.5 2 0 3 5 5
560.5 1590.9 -730.6 256 0 13.1 18.2 10.5 3.5 2 1 3 5 5
545.2 1605.2 -730.4 76 0 19.7 16.8 10.5 3.5 2 0 3 2 2
526.8 1582.4 -730.9 256 0 19.7 16.8 10.5 3.5 2 0 3 5 5
550.7 1546.3 -730.7 76 0 19.7 16.8 10.5 3.5 2 0 3 3 3
429.6 1916.3 -730.2 185 0 11.9 18.4 7.0 3.5 2 1 2 0 0
394.9 1874.6 -730.1 199 0 17.1 27.4 14.0 3.5 2 1 4 0 0
390.8 1848.0 -730.2 197 0 17.6 24.0 14.0 3.5 2 1 4 5 5
380.7 1817.6 -730.3 197 0 17.6 24.0 14.0 3.5 2 1 4 1 1
382.5 1777.2 -730.4 107 0 24.0 17.6 14.0 3.5 2 0 4 0 0
482.9 1867.9 -730.1 18 0 18.1 23.7 14.0 3.5 2 1 4 2 2
475.7 1844.0 -730.1 18 0 18.1 23.7 14.0 3.5 2 1 4 2 2
465.6 1818.8 -730.0 18 0 18.1 23.7 14.0 3.5 2 1 4 5 5
377.1 1757.5 -730.5 293 0 23.6 19.5 14.0 3.5 2 0 4 2 2
350.4 1714.4 -730.6 203 0 19.5 23.6 14.0 0.0 0 1 4 4 4
341.1 1685.5 -730.7 203 0 19.5 23.6 14.0 0.0 0 1 4 4 4
327.9 1647.0 -730.9 203 0 19.5 23.6 14.0 3.5 4 1 4 2 2
436.2 1728.2 -730.3 23 0 19.5 23.6 14.0 3.5 2 1 4 5 5
420.3 1692.3 -730.5 23 0 19.5 23.6 14.0 3.5 4 1 4 0 0
408.6 1660.7 -730.6 23 0 19.5 23.6 14.0 3.5 2 1 4 0 0
392.6 1622.8 -730.7 23 0 19.5 23.6 14.0 3.5 2 1 4 1 1
630.4 1838.5 -730.1 200 0 11.5 16.0 10.5 3.5 2 1 3 3 3
653.3 1875.0 -730.1 294 0 15.6 26.8 10.5 3.5 2 1 3 1 1
679.6 1855.4 -730.2 24 0 26.8 15.6 10.5 3.5 4 0 3 5 5
661.2 1807.9 -730.1 24 0 26.8 15.6 10.5 3.5 2 0 3 5 5
622.1 1797.9 -730.1 114 0 15.6 26.8 10.5 3.5 2 1 3 5 5
655.3 1759.5 -730.1 359 0 25.1 13.9 10.5 3.5 4 0 3 3 3
623.1 1778.6 -730.0 270 0 26.0 14.6 10.5 3.5 2 0 3 0 0
611.1 1739.3 -729.9 83 0 18.9 14.4 10.5 3.5 4 0 3 2 2
717.5 1724.3 -730.2 340 0 13.5 10.9 7.0 3.5 2 0 2 4 4
723.6 1689.6 -730.2 73 0 10.5 19.7 10.5 3.5 2 1 3 1 1
733.5 1658.4 -730.2 348 0 25.5 18.8 10.5 3.5 2 0 3 1 1
696.6 1666.2 -730.2 258 0 18.8 25.5 10.5 3.5 4 1 3 0 0
669.7 1661.0 -730.3 258 0 18.8 25.5 10.5 3.5 2 1 3 3 3
744.5 1633.6 -730.4 337 0 20.2 25.9 14.0 0.0 0 1 4 1 1
697.3 1603.3 -730.4 67 0 25.9 20.2 14.0 3.5 2 0 4 3 3
696.8 1546.0 -730.4 345 0 13.5 15.7 10.5 3.5 2 1 3 1 1
690.7 1560.0 -730.6 345 0 13.5 15.7 10.5 3.5 2 1 3 5 5
655.5 1507.4 -730.1 74 0 26.8 15.3 10.5 3.5 2 0 3 2 2
678.4 1514.9 -730.1 74 0 13.5 14.6 10.5 3.5 2 1 3 0 0
600.1 1721.0 -729.9 259 0 18.5 16.0 10.5 3.5 2 0 3 3 3
626.1 1684.6 -730.1 346 0 25.5 13.3 14.0 3.5 2 0 4 0 0
597.5 1664.5 -730.1 76 0 13.3 25.5 14.0 3.5 2 1 4 5 5
1379.4 2043.6 -729.7 125 0 12.3 32.3 14.0 0.0 0 1 4 5 5
1361.6 2060.7 -729.5 126 0 12.6 24.5 14.0 3.5 2 1 4 4 4
1409.4 2102.6 -731.1 311 0 15.2 19.0 17.5 3.5 2 1 5 0 0
1423.9 2090.2 -731.0 315 0 11.8 18.7 17.5 3.5 2 1 5 3 3
1392.3 2115.9 -731.1 311 0 15.2 19.0 17.5 3.5 2 1 5 3 3
1375.0 2133.3 -731.3 313 0 17.7 18.9 10.5 3.5 2 1 3 5 5
1339.8 2072.6 -729.4 126 0 12.6 24.5 14.0 3.5 2 1 4 4 4
1314.9 2091.3 -729.2 129 0 25.7 20.0 10.5 3.5 2 0 3 4 4
1306.7 2121.0 -729.5 33 0 7.6 9.5 3.5 3.5 2 1 1 1 1
1281.2 2175.7 -731.1 288 0 23.7 10.3 7.0 3.5 2 0 2 3 3
1233.2 2170.6 -730.8 146 0 10.1 28.1 10.5 3.5 2 1 3 0 0
1059.9 2031.7 -728.6 247 0 20.5 12.5 7.0 3.5 2 0 2 4 4
1164.3 1949.3 -728.6 131 0 12.8 10.0 21.0 0.0 0 0 6 5 5
1218.5 1933.1 -728.4 38 0 12.2 21.8 10.5 3.5 2 1 3 0 0
1193.2 1919.5 -728.5 128 0 21.8 12.2 10.5 3.5 2 0 3 4 4
467.1 1726.1 -730.2 288 0 24.5 13.8 10.5 0.0 0 0 3 3 3
711.8 1800.6 -730.3 359 0 24.3 11.2 24.5 0.0 0 0 7 4 4
669.0 1791.1 -730.2 193 0 7.8 17.5 10.5 0.0 0 1 3 3 3
693.3 1748.0 -730.2 81 0 7.8 16.4 10.5 0.0 0 1 3 4 4
712.4 1755.9 -730.2 359 0 15.2 8.5 10.5 0.0 0 0 3 1 1
742.4 1866.6 -730.0 269 0 29.2 17.5 10.5 3.5 4 0 3 5 5
770.6 1835.6 -730.0 359 0 17.5 29.2 10.5 3.5 2 1 3 4 4
730.3 1812.4 -730.2 179 0 17.5 29.2 10.5 3.5 2 1 3 1 1
769.7 1792.5 -730.2 359 0 17.5 29.2 10.5 3.5 2 1 3 5 5
746.6 1757.2 -730.3 89 0 29.2 17.5 10.5 3.5 4 0 3 1 1
681.8 1889.9 -730.0 114 0 16.2 30.8 17.5 0.0 0 1 5 0 0
669.7 1922.0 -730.0 294 0 16.2 30.8 17.5 3.5 2 1 5 3 3
968.8 2245.8 -728.6 152 0 26.4 21.0 3.5 3.5 2 0 1 5 5
823.7 2236.1 -727.6 332 0 13.8 11.6 10.5 3.5 2 0 3 4 4
801.9 2245.5 -727.5 152 0 13.8 11.6 10.5 0.0 0 0 3 4 4
766.7 2304.3 -727.0 152 0 13.8 11.6 10.5 3.5 4 0 3 2 2
644.6 2311.6 -728.1 280 0 12.9 11.5 7.0 3.5 2 0 2 4 4
619.9 2289.7 -728.0 189 0 11.5 12.9 7.0 3.5 2 1 2 3 3
614.4 2309.4 -728.3 189 0 11.5 12.9 7.0 3.5 2 1 2 3 3
515.6 2287.5 -729.3 89 0 14.5 17.6 10.5 3.5 2 1 3 4 4
534.7 2287.1 -729.1 89 0 14.5 17.6 10.5 3.5 2 1 3 5 5
553.5 2285.4 -728.8 107 0 13.9 18.3 10.5 3.5 2 1 3 1 1
569.7 2274.1 -728.4 125 0 13.4 19.2 10.5 3.5 2 1 3 2 2
583.8 2260.8 -728.0 159 0 18.0 15.5 10.5 3.5 2 0 3 3 3
593.4 2237.1 -727.6 159 0 18.0 15.4 10.5 3.5 4 0 3 2 2
568.1 2243.1 -728.0 159 0 18.0 15.4 10.5 3.5 2 0 3 2 2
590.5 2225.0 -727.5 339 0 18.0 15.4 10.5 0.0 0 0 3 3 3
621.2 2206.8 -727.0 339 0 18.0 15.4 10.5 3.5 2 0 3 1 1
586.0 2197.0 -727.1 159 0 18.0 15.5 10.5 3.5 2 0 3 1 1
595.1 2174.8 -726.6 159 0 18.0 15.4 10.5 3.5 2 0 3 3 3
630.3 2184.0 -726.5 339 0 18.0 15.4 10.5 3.5 2 0 3 4 4
624.7 2156.5 -726.8 159 0 18.0 15.4 10.5 3.5 2 0 3 5 5
633.5 2133.5 -727.2 159 0 18.0 15.4 10.5 3.5 2 0 3 5 5
604.6 2154.9 -726.9 159 0 18.0 15.4 10.5 3.5 2 0 3 4 4
614.8 2126.0 -727.2 159 0 18.0 15.4 10.5 3.5 4 0 3 2 2
604.1 2112.2 -727.4 69 0 15.4 18.0 10.5 3.5 2 1 3 5 5
671.2 2144.1 -727.3 160 0 16.7 19.8 7.0 3.5 2 1 2 4 4
720.3 2137.0 -727.6 108 0 24.9 17.2 7.0 3.5 2 0 2 2 2
553.6 2258.7 -728.4 339 0 13.4 19.2 10.5 0.0 0 1 3 5 5
560.2 2243.1 -728.1 339 0 13.4 19.2 10.5 3.5 2 1 3 5 5
566.6 2227.1 -727.7 339 0 13.4 19.2 10.5 3.5 2 1 3 4 4
566.0 2199.6 -727.4 69 0 19.2 13.3 10.5 3.5 2 0 3 5 5
582.6 2186.5 -726.8 339 0 13.4 19.2 10.5 3.5 2 1 3 1 1
570.4 2163.1 -726.9 159 0 13.3 19.2 10.5 3.5 2 1 3 1 1
577.5 2146.8 -727.1 159 0 13.3 19.2 10.5 3.5 2 1 3 1 1
570.0 2138.4 -727.5 339 0 13.4 19.2 10.5 3.5 4 1 3 4 4
562.4 2157.0 -727.3 339 0 13.4 19.2 10.5 3.5 4 1 3 5 5
549.6 2188.7 -727.0 339 0 13.4 19.2 10.5 3.5 2 1 3 2 2
543.4 2207.0 -726.9 339 0 13.4 19.2 10.5 3.5 2 1 3 5 5
537.4 2222.9 -727.5 339 0 13.4 19.2 10.5 3.5 2 1 3 2 2
477.5 2241.9 -728.0 92 0 9.8 12.9 7.0 3.5 4 1 2 5 5
425.6 2351.4 -730.8 161 0 8.3 19.4 7.0 3.5 2 1 2 1 1
473.5 2338.6 -730.4 68 0 14.2 14.1 7.0 3.5 2 0 2 5 5
477.9 2433.0 -731.0 274 0 23.8 26.5 10.5 0.0 0 1 3 5 5
501.9 2343.1 -730.3 68 0 24.6 24.9 10.5 0.0 0 1 3 1 1
530.8 2419.2 -730.6 338 0 24.9 24.6 10.5 0.0 0 0 3 4 4
548.8 2389.5 -730.3 338 0 24.9 24.6 10.5 0.0 0 0 3 4 4
561.8 2357.9 -729.8 338 0 24.9 24.6 10.5 0.0 0 0 3 5 5
255.8 2290.4 -728.4 255 0 13.7 10.1 7.0 3.5 2 0 2 5 5
285.0 2280.2 -728.3 279 0 12.6 14.9 7.0 3.5 4 1 2 2 2
318.6 2183.2 -728.6 187 0 14.5 14.7 5.0 2.5 2 1 2 5 5
460.5 2279.6 -729.4 1 0 14.2 26.9 7.0 3.5 2 1 2 0 0
404.5 2273.9 -728.6 91 0 26.9 14.2 7.0 3.5 2 0 2 2 2
344.9 2348.6 -730.8 92 0 9.8 27.1 7.0 3.5 4 1 2 4 4
366.6 2467.0 -730.9 158 0 15.5 20.0 10.5 3.5 2 1 3 3 3
358.6 2483.5 -730.8 158 0 15.5 20.0 10.5 3.5 2 1 3 4 4
424.8 2490.3 -730.7 119 0 14.5 18.2 7.0 3.5 2 1 2 4 4
325.6 2551.2 -730.5 164 0 17.6 16.5 7.0 0.0 0 0 2 5 5
458.2 2778.2 -730.9 241 0 13.9 11.1 7.0 3.5 2 0 2 5 5
565.1 2753.3 -729.8 348 0 14.1 9.6 10.5 3.5 2 0 3 3 3
560.1 2711.5 -729.6 46 0 10.5 18.2 10.5 0.0 0 1 3 5 5
722.7 2735.2 -729.3 84 0 13.0 23.9 3.5 3.5 2 1 1 5 5
771.2 2657.0 -729.5 328 0 24.2 12.5 3.5 3.5 2 0 1 4 4
750.0 2411.6 -728.6 62 0 20.1 17.8 7.0 3.5 2 0 2 2 2
785.1 2433.2 -728.5 60 0 25.5 16.6 10.5 3.5 2 0 3 3 3
860.0 2530.3 -729.2 57 0 18.5 32.6 3.5 0.0 0 1 1 0 0
757.7 2549.5 -730.4 138 0 58.6 15.9 3.5 3.5 2 0 1 4 4
1221.3 1954.0 -728.3 124 0 13.9 21.4 7.0 3.5 4 1 2 0 0
1248.1 1997.9 -728.2 302 0 13.0 23.1 10.5 3.5 2 1 3 0 0
1228.0 2010.7 -728.3 307 0 16.2 16.0 7.0 0.0 0 0 2 3 3
1243.7 2023.7 -728.1 135 0 18.5 17.3 3.5 3.5 2 0 1 1 1
1220.2 2045.7 -728.1 150 0 22.4 13.5 10.5 3.5 2 0 3 0 0
1236.3 2073.6 -728.2 131 0 24.7 15.1 7.0 3.5 2 0 2 5 5
1279.6 1904.1 -728.4 297 0 8.4 29.9 10.5 3.5 2 1 3 0 0
1288.4 1915.0 -728.2 116 0 11.5 15.5 10.5 3.5 2 1 3 1 1
1270.3 1925.5 -728.2 119 0 14.0 17.1 10.5 3.5 2 1 3 2 2
1302.6 1959.7 -728.1 301 0 18.1 20.3 10.5 3.5 4 1 3 1 1
1249.5 1933.2 -728.2 124 0 11.8 13.0 7.0 3.5 4 1 2 2 2
1258.7 1956.6 -728.1 214 0 13.0 11.8 7.0 3.5 2 0 2 5 5
1324.0 1967.4 -727.9 122 0 10.2 10.4 7.0 3.5 2 1 2 2 2
1309.4 1974.6 -727.9 115 0 11.6 14.3 10.5 3.5 2 1 3 1 1
1331.3 1996.8 -727.8 123 0 21.9 15.2 7.0 3.5 2 0 2 0 0
1361.0 1996.2 -727.8 299 0 14.7 17.2 10.5 3.5 2 1 3 5 5
1434.1 2011.3 -729.1 111 0 10.7 14.5 10.5 3.5 2 1 3 2 2
1375.5 1826.6 -728.3 116 0 12.0 10.7 14.0 3.5 2 0 4 1 1
1401.8 1866.8 -727.9 154 0 8.4 9.4 3.5 3.5 2 1 1 4 4
1398.4 1967.1 -728.1 203 0 15.8 10.0 10.5 3.5 2 0 3 0 0
1391.5 1931.0 -728.2 113 0 12.4 19.6 7.0 3.5 2 1 2 2 2
1408.9 1926.6 -728.3 111 0 10.1 16.0 7.0 3.5 2 1 2 3 3
1449.3 1956.1 -727.9 292 0 10.8 12.9 10.5 3.5 2 1 3 0 0
1583.7 1882.1 -729.5 160 0 10.4 33.3 10.5 3.5 2 1 3 4 4
1516.8 1910.8 -728.1 151 0 21.7 6.3 3.5 3.5 2 0 1 5 5
735.2 1721.7 -730.3 171 0 17.6 10.9 10.5 3.5 2 0 3 5 5
782.9 1714.8 -730.4 344 0 9.3 17.3 10.5 3.5 2 1 3 4 4
742.2 1702.8 -730.3 164 0 9.3 17.3 10.5 3.5 2 1 3 1 1
777.3 1690.1 -730.4 342 0 18.3 13.1 7.0 3.5 2 0 2 5 5
797.1 1735.0 -730.3 161 0 12.9 13.8 14.0 3.5 2 1 4 5 5
838.2 1735.5 -730.2 343 0 10.6 15.3 10.5 3.5 2 1 3 4 4
804.6 1712.1 -730.4 160 0 21.7 14.6 14.0 3.5 2 0 4 3 3
842.6 1721.1 -730.3 338 0 9.1 14.5 10.5 3.5 2 1 3 1 1
847.6 1701.4 -730.3 340 0 15.9 12.6 7.0 3.5 2 0 2 4 4
813.5 1688.3 -730.4 160 0 15.9 12.6 7.0 3.5 2 0 2 5 5
818.7 1662.1 -730.5 160 0 15.9 12.6 7.0 3.5 2 0 2 2 2
852.3 1667.1 -730.4 70 0 12.6 15.9 7.0 0.0 0 1 2 5 5
853.9 1730.1 -730.2 160 0 15.9 12.6 7.0 3.5 2 0 2 5 5
845.7 1752.4 -730.1 160 0 15.9 12.6 7.0 3.5 2 0 2 0 0
872.8 1684.1 -730.3 162 0 9.4 14.6 10.5 0.0 0 1 3 3 3
944.8 1742.6 -730.0 337 0 21.5 12.1 10.5 3.5 4 0 3 3 3
901.9 1753.8 -730.0 157 0 21.5 12.1 10.5 3.5 2 0 3 3 3
909.9 1734.1 -730.0 158 0 11.3 12.6 10.5 3.5 2 1 3 5 5
902.7 1689.9 -730.2 68 0 12.6 11.3 10.5 3.5 2 0 3 2 2
913.8 1719.4 -730.1 158 0 11.3 12.6 10.5 3.5 2 1 3 4 4
955.9 1722.9 -730.0 338 0 11.3 12.6 10.5 3.5 2 1 3 0 0
935.7 1763.3 -729.9 338 0 11.3 12.6 10.5 3.5 4 1 3 0 0
929.2 1777.3 -729.8 338 0 11.3 12.6 10.5 0.0 0 1 3 5 5
922.6 1791.9 -729.8 338 0 11.3 12.6 10.5 3.5 2 1 3 2 2
1024.3 1585.5 -730.2 334 0 12.8 11.4 3.5 3.5 2 0 1 1 1
963.5 1735.9 -729.9 156 0 26.0 11.9 17.5 3.5 2 0 5 4 4
995.8 1764.4 -729.7 336 0 7.9 13.4 10.5 3.5 2 1 3 3 3
945.8 1772.6 -729.8 155 0 9.9 18.8 10.5 3.5 2 1 3 1 1
970.0 1816.3 -729.6 335 0 9.9 18.8 10.5 3.5 2 1 3 5 5
994.6 1809.0 -729.5 152 0 8.9 13.2 10.5 3.5 2 1 3 5 5
1007.6 1783.7 -729.6 155 0 29.0 13.4 10.5 3.5 2 0 3 5 5
1019.5 1755.7 -729.7 152 0 12.8 16.7 10.5 3.5 2 1 3 5 5
1042.8 1797.1 -729.5 332 0 19.6 15.0 10.5 3.5 2 0 3 2 2
1029.4 1819.5 -729.5 332 0 19.6 15.0 10.5 3.5 4 0 3 4 4
980.3 1847.2 -729.4 64 0 16.5 13.9 10.5 3.5 4 0 3 4 4
958.3 1870.2 -729.4 152 0 21.6 13.0 14.0 3.5 2 0 4 5 5
962.2 1927.9 -729.2 243 0 12.0 13.1 7.0 3.5 2 1 2 4 4
1012.9 1891.2 -729.2 152 0 7.8 11.3 3.5 3.5 2 1 1 1 1
998.8 1908.4 -729.2 156 0 25.1 12.8 7.0 3.5 2 0 2 5 5
985.6 1930.1 -729.1 153 0 13.6 14.9 7.0 3.5 4 1 2 1 1
1050.3 1881.6 -729.1 57 0 14.0 21.6 7.0 3.5 2 1 2 2 2
1008.0 1947.3 -729.0 241 0 12.4 19.5 7.0 3.5 2 1 2 3 3
1061.1 1906.6 -729.0 150 0 24.5 10.5 10.5 3.5 2 0 3 1 1
1071.2 1944.0 -728.9 328 0 21.6 11.4 10.5 3.5 2 0 3 5 5
1034.2 1952.4 -728.9 152 0 11.5 24.6 10.5 3.5 2 1 3 0 0
1010.4 1971.5 -728.9 65 0 21.6 10.7 14.0 3.5 2 0 4 1 1
964.4 1986.8 -729.0 245 0 21.6 10.7 14.0 3.5 2 0 4 1 1
1008.4 1998.9 -728.9 335 0 10.7 21.6 14.0 0.0 0 1 4 5 5
982.7 1957.8 -729.0 65 0 21.6 10.7 14.0 3.5 2 0 4 4 4
955.2 1945.8 -729.1 65 0 21.6 10.7 14.0 0.0 0 0 4 0 0
937.9 1972.6 -729.1 245 0 21.6 10.7 14.0 3.5 2 0 4 3 3
929.7 1933.7 -729.2 70 0 23.8 12.8 10.5 3.5 2 0 3 0 0
898.8 1950.4 -729.2 160 0 12.8 23.8 10.5 3.5 2 1 3 3 3
814.6 1869.5 -729.7 97 0 20.8 12.1 14.0 3.5 4 0 4 2 2
812.0 1899.4 -729.7 277 0 22.1 9.7 10.5 3.5 2 0 3 4 4
835.2 1898.9 -729.6 272 0 9.5 10.5 10.5 0.0 0 1 3 2 2
835.0 1864.3 -729.7 88 0 10.9 13.4 10.5 3.5 2 1 3 1 1
868.9 1865.8 -729.6 88 0 11.0 13.4 10.5 3.5 2 1 3 1 1
886.4 1893.4 -729.5 7 0 13.0 10.1 10.5 3.5 2 0 3 4 4
789.8 1871.5 -729.8 97 0 10.1 13.0 10.5 3.5 4 1 3 2 2
877.0 1919.9 -729.4 93 0 9.3 13.8 7.0 3.5 2 1 2 0 0
848.9 1919.7 -729.5 93 0 9.3 13.8 7.0 0.0 0 1 2 2 2
881.3 1948.6 -729.4 358 0 11.3 27.4 10.5 3.5 2 1 3 3 3
840.3 1952.4 -729.4 275 0 12.0 12.9 7.0 3.5 2 1 2 5 5
822.8 1952.6 -729.4 275 0 9.8 11.0 10.5 3.5 4 1 3 1 1
764.8 1928.5 -729.6 94 0 10.7 13.2 7.0 3.5 2 1 2 0 0
797.1 1924.4 -729.6 97 0 15.8 11.6 10.5 3.5 2 0 3 1 1
743.5 1932.8 -729.7 97 0 15.8 11.6 10.5 3.5 2 0 3 2 2
752.4 1964.4 -729.6 275 0 9.2 13.2 7.0 3.5 2 1 2 4 4
714.7 1885.0 -729.9 98 0 23.8 11.5 10.5 3.5 2 0 3 0 0
750.8 1880.0 -729.8 98 0 23.8 11.5 10.5 3.5 2 0 3 5 5
762.6 1902.7 -729.8 8 0 11.5 23.8 10.5 3.5 2 1 3 4 4
719.4 1913.9 -729.8 278 0 23.8 11.5 10.5 3.5 2 0 3 5 5
203.5 2777.3 -730.3 337 0 12.6 10.1 3.5 3.5 2 0 1 2 2
910.9 2160.5 -728.8 239 0 12.6 27.7 3.5 3.5 2 1 1 3 3
876.4 2064.2 -729.6 75 0 21.2 12.3 10.5 0.0 0 0 3 4 4
838.2 2051.0 -729.6 75 0 21.2 12.3 10.5 3.5 2 0 3 4 4
239.9 1532.5 -731.3 270 0 44.4 89.5 3.5 0.0 0 1 1 2 2
95.9 1301.6 -722.3 35 0 12.5 15.8 7.0 3.5 4 1 2 0 0
8.4 1304.9 -724.0 342 0 29.9 41.8 3.5 0.0 0 1 1 5 5
1317.1 1760.9 -728.9 312 0 9.5 10.4 7.0 0.0 0 1 2 2 2
1280.0 1754.2 -728.8 135 0 21.6 12.2 7.0 3.5 2 0 2 4 4
1302.6 1733.5 -728.9 135 0 21.6 12.2 7.0 3.5 2 0 2 1 1
1322.3 1713.8 -728.7 135 0 21.6 12.2 7.0 3.5 4 0 2 1 1
1358.1 1722.4 -728.1 318 0 35.2 12.7 7.0 3.5 2 0 2 4 4
1332.1 1746.3 -728.9 313 0 21.0 10.1 7.0 3.5 2 0 2 0 0
1353.7 1746.9 -728.1 137 0 15.0 10.9 3.5 3.5 2 0 1 4 4
1376.6 1720.5 -727.5 136 0 29.7 14.7 7.0 3.5 2 0 2 1 1
1438.6 1769.6 -725.9 48 0 8.6 7.7 3.5 3.5 2 0 1 3 3
1411.8 1745.1 -726.6 40 0 17.2 11.6 7.0 3.5 4 0 2 4 4
1352.5 1516.7 -718.6 265 0 27.5 10.9 3.5 0.0 0 0 1 4 4
1318.9 1533.9 -722.1 304 0 20.8 15.0 3.5 0.0 0 0 1 3 3
1286.1 1532.2 -722.7 124 0 20.8 15.0 3.5 3.5 2 0 1 0 0
1166.9 1816.3 -728.9 77 0 12.1 11.6 3.5 0.0 0 0 1 2 2
1320.5 1848.8 -728.4 117 0 10.1 10.2 7.0 0.0 0 1 2 1 1
1359.0 1865.5 -728.5 294 0 7.5 10.8 7.0 0.0 0 1 2 1 1
1347.2 1869.7 -728.4 294 0 7.5 10.8 7.0 3.5 2 1 2 5 5
1371.3 1855.8 -728.5 294 0 11.5 11.4 14.0 3.5 2 0 4 2 2
1826.4 1815.8 -723.8 245 0 9.9 20.6 3.5 3.5 4 1 1 2 2
1833.7 1839.5 -724.3 249 0 7.0 9.0 3.5 3.5 2 1 1 2 2
1782.0 1825.0 -725.1 258 0 10.9 16.7 7.0 3.5 4 1 2 2 2
1787.9 1835.5 -726.0 83 0 15.1 22.1 7.0 3.5 2 1 2 1 1
1808.2 1840.5 -725.6 75 0 17.5 18.9 3.5 3.5 2 1 1 4 4
1748.9 1853.9 -726.7 264 0 11.8 13.9 3.5 3.5 2 1 1 4 4
1718.2 1851.6 -727.6 260 0 10.9 10.9 3.5 3.5 4 1 1 3 3
1682.2 1815.5 -727.9 174 0 19.8 11.1 7.0 3.5 4 0 2 4 4
1869.4 1772.7 -721.3 240 0 16.5 12.6 3.5 3.5 2 0 1 5 5
1888.0 1790.4 -722.2 55 0 8.9 13.7 3.5 3.5 2 1 1 0 0
1892.6 1784.0 -721.5 247 0 11.3 25.2 7.0 3.5 2 1 2 0 0
1950.3 1790.6 -720.9 334 0 23.3 10.9 7.0 0.0 0 0 2 5 5
1937.2 1738.8 -716.6 159 0 12.4 27.3 7.0 3.5 4 1 2 2 2
1908.3 1673.0 -708.6 157 0 6.4 9.6 3.5 3.5 2 1 1 3 3
1941.9 1697.7 -711.3 341 0 7.9 7.6 3.5 3.5 2 0 1 1 1
1929.7 1719.9 -713.2 248 0 10.5 7.7 3.5 3.5 2 0 1 5 5
1912.7 1552.0 -692.7 309 0 7.5 12.6 3.5 0.0 0 1 1 4 4
1975.7 1507.1 -693.5 179 0 14.2 19.7 3.5 3.5 2 1 1 4 4
1970.4 1592.3 -700.7 70 0 9.8 10.9 3.5 0.0 0 1 1 1 1
1997.3 1601.4 -702.5 70 0 9.8 10.9 3.5 3.5 2 1 1 0 0
2009.5 1603.6 -703.0 70 0 9.8 10.9 3.5 3.5 2 1 1 5 5
1981.9 1676.2 -711.1 99 0 14.7 14.3 7.0 3.5 4 0 2 2 2
2051.6 1664.3 -706.9 152 0 10.9 9.6 3.5 3.5 2 0 1 3 3
2021.9 1657.0 -709.0 162 0 9.5 10.3 7.0 3.5 2 1 2 0 0
2018.0 1567.9 -701.1 145 0 36.7 8.2 3.5 3.5 2 0 1 3 3
2055.0 1586.7 -701.4 255 0 36.2 18.0 10.5 3.5 2 0 3 2 2
1973.4 1837.7 -716.6 131 0 8.2 7.5 3.5 3.5 2 0 1 4 4
1928.8 1824.7 -722.5 323 0 17.7 12.7 3.5 3.5 2 0 1 5 5
1883.6 1848.0 -724.2 234 0 9.6 16.0 3.5 3.5 2 1 1 2 2
1878.0 1829.5 -724.0 145 0 22.5 7.7 7.0 3.5 2 0 2 0 0
1844.4 1850.2 -725.2 86 0 11.1 10.8 3.5 3.5 2 0 1 4 4
1824.7 1852.1 -725.3 168 0 12.5 9.9 10.5 3.5 2 0 3 2 2
1904.2 1852.0 -724.3 322 0 19.6 12.0 7.0 0.0 0 0 2 4 4
1919.0 1850.3 -723.8 145 0 22.5 22.7 10.5 3.5 2 1 3 4 4
1935.5 1884.5 -723.3 120 0 21.8 7.1 3.5 3.5 4 0 1 3 3
1966.5 1935.8 -718.9 290 0 9.7 21.1 7.0 0.0 0 1 2 3 3
1942.7 1934.9 -721.9 204 0 11.7 8.4 3.5 3.5 2 0 1 0 0
2018.0 1979.1 -718.7 88 0 9.7 12.3 3.5 3.5 2 1 1 2 2
1981.8 1956.6 -718.0 182 0 9.2 12.1 3.5 3.5 2 1 1 5 5
2199.6 1949.8 -684.7 157 0 8.5 8.9 3.5 3.5 2 1 1 1 1
2145.7 1918.6 -685.7 67 0 8.9 8.5 3.5 3.5 2 0 1 2 2
2115.5 1981.8 -712.5 73 0 21.3 10.8 7.0 3.5 2 0 2 4 4
2222.2 2022.9 -703.8 39 0 12.3 16.9 7.0 3.5 2 1 2 0 0
2182.7 1987.4 -702.4 40 0 12.3 12.0 3.5 3.5 2 0 1 0 0
2209.0 2013.8 -703.1 40 0 12.3 12.0 3.5 3.5 2 0 1 1 1
2167.6 2004.4 -710.9 40 0 12.3 12.0 3.5 3.5 2 0 1 4 4
2180.1 2016.5 -710.8 40 0 12.3 12.0 3.5 3.5 2 0 1 4 4
2204.4 2037.7 -708.7 41 0 12.3 12.0 3.5 3.5 2 0 1 0 0
2246.7 2064.2 -703.7 308 0 14.5 11.2 7.0 3.5 2 0 2 5 5
2246.8 2099.6 -712.1 133 0 14.6 12.1 7.0 3.5 2 0 2 0 0
2366.1 2150.4 -711.3 237 0 9.0 10.8 3.5 3.5 2 1 1 1 1
2332.3 2180.5 -714.6 243 0 9.6 19.3 7.0 3.5 2 1 2 5 5
2356.7 2172.8 -713.5 79 0 16.7 13.7 7.0 3.5 2 0 2 5 5
2313.8 2175.2 -715.7 238 0 13.3 15.4 3.5 3.5 2 1 1 1 1
2290.3 2155.3 -714.7 220 0 11.7 16.2 3.5 3.5 2 1 1 5 5
2314.1 2130.8 -707.9 43 0 11.5 13.5 3.5 3.5 2 1 1 3 3
2194.0 2171.1 -726.0 56 0 30.4 9.4 2.5 2.5 2 0 1 0 0
2111.4 2060.1 -727.1 266 0 7.0 18.4 3.5 3.5 2 1 1 1 1
474.6 1582.1 -730.7 23 0 12.8 27.6 10.5 3.5 2 1 3 4 4
305.1 1600.3 -731.0 203 0 19.5 23.6 14.0 0.0 0 1 4 5 5
350.9 1575.1 -730.9 113 0 23.6 19.5 14.0 3.5 2 0 4 5 5
583.6 2591.9 -730.0 0 0 7.8 10.1 3.5 3.5 2 1 1 3 3
578.1 2613.4 -730.0 333 0 17.7 12.5 7.0 3.5 2 0 2 5 5
523.6 2613.3 -730.0 204 0 15.1 9.8 7.0 3.5 2 0 2 0 0
572.8 2547.5 -730.2 112 0 8.4 9.9 10.5 3.5 2 1 3 5 5
668.0 2520.2 -730.6 92 0 7.9 13.0 3.5 3.5 2 1 1 5 5
526.0 2245.0 -728.4 1 0 16.7 15.6 10.5 3.5 2 0 3 1 1
433.2 2249.8 -727.6 97 0 15.1 13.4 28.0 0.0 0 0 8 0 0
-589.8 1635.2 -731.6 90 0 10.2 19.9 7.5 2.5 2 1 3 3 3
-623.4 1657.5 -731.6 178 0 19.9 17.1 10.0 2.5 2 0 4 5 5
-599.1 1704.3 -731.3 268 0 30.8 12.6 10.0 2.5 2 0 4 2 2
2470.9 1400.0 -576.0 217 0 9.6 13.3 2.5 2.5 2 1 1 0 0
1115.8 1652.8 -729.9 57 0 96.7 14.7 17.5 3.5 2 0 5 0 0
987.1 1567.4 -730.3 244 0 42.5 43.4 14.0 0.0 0 1 4 0 0
2913.5 1854.7 -585.5 192 0 4.3 8.4 7.5 2.5 2 1 3 0 0
-553.4 1776.3 -730.8 179 0 11.4 8.0 7.5 2.5 2 0 3 1 1
885.1 211.2 -240.1 328 0 7.2 30.9 7.5 0.0 0 1 3 2 2
912.7 163.4 -229.9 55 0 7.1 20.6 7.5 2.5 2 1 3 4 4
-1162.6 -5574.8 730.1 146 0 8.1 14.9 7.5 2.5 2 1 3 0 0
-1051.1 -5567.7 723.3 128 0 10.1 15.7 5.0 2.5 2 1 2 4 4
1456.1 1777.9 -725.7 42 0 36.6 6.0 10.5 3.5 2 0 3 1 1
-683.6 9609.8 -736.0 154 0 15.0 21.6 10.0 2.5 2 1 4 2 2
