-6811.4 -10679.9 -15.1 241 0 15.2 15.5 2.5 2.5 2 1 1 4 4
-5302.5 -11070.7 -20.3 65 0 20.6 11.4 7.5 2.5 2 0 3 0 0
-5948.4 -10834.3 -18.2 141 0 15.8 18.2 5.0 2.5 2 1 2 2 2
-5261.8 -10436.1 -20.6 356 0 18.5 264.5 2.5 0.0 0 1 1 4 4
-5541.2 -10467.3 -20.7 87 0 20.2 20.0 2.5 2.5 2 0 1 3 3
-5797.3 -10461.0 -20.2 22 0 16.8 42.5 2.5 2.5 2 1 1 5 5
-5864.4 -10425.3 -19.9 150 0 41.8 15.9 2.5 2.5 2 0 1 2 2
-5884.8 -10388.8 -20.0 150 0 28.3 15.5 2.5 2.5 2 0 1 0 0
-5917.1 -10308.3 -20.3 244 0 17.5 68.8 2.5 2.5 2 1 1 4 4
-5756.2 -10384.5 -20.3 272 0 21.9 61.0 2.5 2.5 2 1 1 5 5
-5835.0 -10286.4 -20.1 286 0 211.7 17.6 2.5 0.0 0 0 1 2 2
-5998.0 -10845.5 -17.9 233 0 10.1 14.6 2.5 2.5 2 1 1 0 0
-5919.9 -10812.9 -18.2 342 0 8.8 9.5 2.5 2.5 2 1 1 3 3
-5952.1 -10814.0 -18.1 162 0 8.8 9.5 2.5 0.0 0 1 1 3 3
-6021.4 -10801.2 -17.9 162 0 8.8 9.5 2.5 2.5 2 1 1 0 0
-6005.2 -10672.6 -18.2 342 0 8.8 9.5 2.5 2.5 2 1 1 3 3
-6075.4 -10696.5 -17.8 162 0 8.8 9.5 2.5 2.5 2 1 1 2 2
-6055.9 -10701.8 -17.8 342 0 8.8 9.5 2.5 2.5 2 1 1 5 5
-6051.5 -10717.2 -17.8 342 0 8.8 9.5 2.5 2.5 4 1 1 3 3
-6047.9 -10729.0 -17.8 342 0 8.8 9.5 2.5 2.5 2 1 1 5 5
-6039.7 -10751.8 -17.8 342 0 8.8 9.5 2.5 2.5 2 1 1 1 1
-6026.2 -10773.5 -17.9 326 0 7.9 7.7 2.5 0.0 0 0 1 3 3
-5972.9 -10732.1 -18.1 329 0 35.4 30.3 2.5 2.5 2 0 1 1 1
-5829.2 -10870.4 -18.5 338 0 17.6 9.3 5.0 2.5 2 0 2 5 5
-5877.1 -10870.5 -18.3 335 0 12.7 12.1 5.0 2.5 2 0 2 4 4
-5866.4 -10866.5 -18.4 243 0 8.6 18.5 2.5 2.5 2 1 1 5 5
-5923.4 -10855.6 -18.2 151 0 10.7 6.3 2.5 2.5 4 0 1 2 2
-5944.5 -10853.1 -18.1 318 0 16.1 17.7 5.0 2.5 4 1 2 4 4
-5967.0 -10802.1 -18.2 155 0 8.6 24.4 5.0 2.5 2 1 2 4 4
-5678.4 -9402.2 -20.0 150 0 6.0 16.4 2.5 2.5 2 1 1 3 3
-5771.3 -9461.8 -20.3 59 0 19.4 21.5 5.0 2.5 4 1 2 3 3
-5948.9 -9432.1 -21.5 243 0 9.5 40.0 2.5 2.5 4 1 1 3 3
-6492.9 -9666.0 -14.8 151 0 11.1 8.7 2.5 2.5 4 0 1 5 5
-6551.7 -9618.7 -12.7 326 0 10.9 11.8 2.5 2.5 2 1 1 4 4
-6669.3 -9658.6 -12.7 340 0 11.6 12.7 5.0 2.5 2 1 2 2 2
-6602.0 -9734.3 -14.7 138 0 9.6 7.8 2.5 2.5 4 0 1 2 2
-6508.9 -9703.3 -15.5 338 0 20.3 39.0 2.5 0.0 0 1 1 1 1
-6429.0 -9687.9 -16.1 72 0 13.3 20.0 2.5 0.0 0 1 1 0 0
-6464.1 -9659.4 -15.2 254 0 11.1 10.7 2.5 0.0 0 0 1 2 2
-6442.6 -9699.7 -16.2 74 0 11.1 10.7 2.5 2.5 2 0 1 3 3
-6476.6 -9703.4 -15.8 74 0 11.1 10.7 2.5 2.5 2 0 1 1 1
-6464.8 -9741.4 -17.1 254 0 11.1 10.7 2.5 2.5 2 0 1 3 3
-6663.2 -9822.0 -15.6 136 0 14.1 12.0 2.5 2.5 4 0 1 4 4
-6653.6 -9896.9 -17.7 130 0 13.6 50.4 2.5 0.0 0 1 1 4 4
-6598.4 -9840.0 -18.7 231 0 30.2 13.0 2.5 2.5 2 0 1 5 5
-6572.9 -9820.4 -18.9 230 0 29.6 16.2 2.5 0.0 0 0 1 3 3
-6550.8 -9816.9 -18.7 149 0 18.4 61.4 2.5 2.5 2 1 1 2 2
-6471.3 -9785.8 -18.5 70 0 39.4 17.9 2.5 2.5 2 0 1 0 0
-6435.5 -9775.1 -18.8 80 0 28.6 17.5 2.5 2.5 2 0 1 3 3
-6372.5 -9753.4 -18.5 350 0 12.5 48.6 2.5 2.5 2 1 1 2 2
-6354.1 -9756.9 -17.4 80 0 28.4 13.6 2.5 2.5 2 0 1 1 1
-6324.3 -9750.2 -15.9 84 0 24.2 10.9 2.5 2.5 2 0 1 3 3
-6332.5 -9777.6 -17.9 273 0 18.1 13.6 2.5 2.5 2 0 1 1 1
-6294.4 -9780.0 -17.2 274 0 45.0 13.5 2.5 2.5 2 0 1 2 2
-6252.0 -9787.3 -15.9 288 0 25.0 13.8 2.5 2.5 2 0 1 2 2
-6221.7 -9801.0 -15.7 299 0 26.6 12.8 2.5 2.5 2 0 1 2 2
-6388.5 -9350.4 -6.7 80 0 11.5 21.1 10.0 2.5 2 1 4 2 2
-6373.8 -9281.0 -9.2 259 0 10.9 11.7 5.0 2.5 2 1 2 4 4
-6361.6 -9279.6 -10.4 259 0 10.9 11.7 5.0 2.5 2 1 2 5 5
-6344.3 -9276.2 -12.1 259 0 10.9 11.7 5.0 2.5 4 1 2 2 2
-6284.2 -9314.8 -14.2 169 0 11.7 10.9 5.0 2.5 2 0 2 4 4
-6361.7 -9406.3 1.4 118 0 13.8 6.7 7.5 2.5 2 0 3 0 0
-6324.2 -9441.1 1.7 131 0 11.1 8.4 5.0 2.5 2 0 2 4 4
-6337.5 -9428.3 1.5 131 0 11.1 8.4 5.0 2.5 2 0 2 1 1
-6300.9 -9416.2 -1.6 319 0 11.3 12.4 5.0 2.5 2 1 2 0 0
-6287.9 -9432.5 -1.1 319 0 11.3 12.4 5.0 2.5 2 1 2 1 1
-6296.1 -9527.5 1.3 122 0 11.3 14.6 5.0 2.5 2 1 2 5 5
-6182.8 -9525.2 -6.9 24 0 11.4 9.2 2.5 2.5 2 0 1 3 3
-6231.9 -9552.0 -2.4 21 0 12.6 12.4 5.0 2.5 2 0 2 3 3
-6234.0 -9589.8 -2.3 170 0 11.5 13.4 2.5 2.5 4 1 1 4 4
-6263.4 -9585.2 0.2 326 0 10.2 11.3 2.5 2.5 2 1 1 1 1
-6257.0 -9597.5 -0.5 326 0 10.2 11.3 2.5 2.5 2 1 1 5 5
-6280.1 -9573.5 -0.0 326 0 13.2 16.8 5.0 2.5 2 1 2 3 3
-5889.5 -9940.1 -12.8 111 0 14.2 13.6 2.5 2.5 4 0 1 5 5
-5886.8 -9727.1 -8.1 117 0 7.5 9.1 2.5 2.5 2 1 1 5 5
-5899.7 -9694.0 -9.3 297 0 7.5 9.1 2.5 2.5 2 1 1 3 3
-5959.9 -9699.0 -7.8 297 0 7.5 9.1 2.5 2.5 2 1 1 3 3
-5936.0 -9732.3 -7.0 117 0 7.5 9.1 2.5 2.5 2 1 1 0 0
-5919.8 -9734.0 -7.2 117 0 7.5 9.1 2.5 2.5 2 1 1 0 0
-5907.1 -9733.3 -7.4 117 0 7.5 9.1 2.5 2.5 2 1 1 2 2
-6027.7 -9701.8 -6.2 117 0 6.3 9.1 2.5 2.5 2 1 1 1 1
-6036.4 -9694.9 -6.4 117 0 6.3 9.1 2.5 2.5 2 1 1 3 3
-6041.3 -9617.4 -10.8 237 0 12.4 12.9 2.5 2.5 4 1 1 5 5
-6126.3 -9567.3 -10.9 237 0 12.4 12.9 2.5 2.5 2 1 1 1 1
-6042.2 -9593.0 -12.7 57 0 12.4 12.9 2.5 2.5 2 1 1 2 2
-6054.0 -9606.5 -11.5 57 0 12.4 12.9 2.5 2.5 2 1 1 5 5
-6021.1 -9559.4 -14.8 327 0 12.9 12.4 2.5 0.0 0 0 1 4 4
-6134.9 -9385.2 -18.0 327 0 12.9 12.4 2.5 2.5 2 0 1 2 2
-6215.8 -9411.0 -10.6 147 0 12.9 12.4 2.5 2.5 2 0 1 3 3
-6054.5 -9278.3 -19.4 147 0 12.9 12.4 2.5 2.5 2 0 1 4 4
-5938.6 -9345.1 -20.8 237 0 12.4 12.9 2.5 2.5 2 1 1 4 4
-6078.4 -9412.0 -21.0 148 0 23.7 14.1 5.0 2.5 2 0 2 2 2
-6059.5 -9450.0 -21.4 148 0 37.2 37.1 5.0 0.0 0 0 2 3 3
-5990.0 -9547.8 -18.0 132 0 43.8 18.8 5.0 2.5 2 0 2 5 5
-5531.9 -10105.5 -20.1 242 0 14.6 14.8 2.5 2.5 2 1 1 4 4
-5503.7 -10087.0 -19.9 242 0 14.6 14.8 2.5 2.5 2 1 1 2 2
-5469.8 -10078.3 -19.8 242 0 14.6 14.8 2.5 2.5 2 1 1 2 2
-5277.6 -9981.3 -20.9 332 0 14.8 14.6 2.5 2.5 2 0 1 5 5
-5319.1 -9937.5 -20.8 332 0 14.8 14.6 2.5 2.5 2 0 1 3 3
-5651.5 -9640.6 -17.6 340 0 27.0 11.8 2.5 2.5 2 0 1 2 2
-5666.0 -9594.3 -19.3 339 0 17.1 22.9 5.0 2.5 2 1 2 2 2
-5585.0 -9688.5 -19.3 66 0 11.6 9.6 2.5 2.5 2 0 1 2 2
-5475.3 -9789.8 -20.9 64 0 14.6 17.7 5.0 2.5 4 1 2 1 1
-5676.8 -9724.6 -18.9 241 0 14.0 22.2 2.5 2.5 2 1 1 0 0
-5725.5 -9943.3 -14.3 90 0 12.5 10.3 2.5 2.5 2 0 1 5 5
-5765.1 -9939.5 -11.2 90 0 12.5 10.3 2.5 2.5 2 0 1 1 1
-5783.4 -9911.7 -10.8 182 0 10.7 22.6 7.5 2.5 2 1 3 2 2
-5744.9 -9962.7 -13.1 94 0 11.3 18.3 10.0 2.5 2 1 4 0 0
-5769.0 -9960.4 -12.0 95 0 17.9 16.8 7.5 2.5 2 0 3 5 5
-5753.9 -9980.9 -15.4 268 0 11.7 11.4 7.5 2.5 2 0 3 4 4
-5916.1 -9837.9 -5.1 249 0 12.3 19.4 7.5 2.5 2 1 3 5 5
-5898.1 -9880.4 -7.0 68 0 12.4 25.1 5.0 0.0 0 1 2 1 1
-6016.6 -9811.5 -6.8 141 0 20.7 10.8 5.0 2.5 2 0 2 1 1
-6097.3 -9757.3 -6.5 146 0 15.9 18.9 2.5 2.5 2 1 1 1 1
-6053.6 -9764.5 -4.9 54 0 14.1 42.4 2.5 2.5 2 1 1 5 5
-6107.9 -9722.3 -5.1 237 0 21.3 19.3 5.0 0.0 0 0 2 3 3
-5638.3 -10138.7 -20.6 317 0 8.4 6.6 2.5 2.5 2 0 1 2 2
-5621.1 -10361.1 -21.6 97 0 111.6 25.3 2.5 0.0 0 0 1 5 5
-5661.1 -10430.8 -20.2 272 0 15.8 9.6 2.5 2.5 2 0 1 4 4
