4260.0 3340.0 -442.5 89 0 10.7 12.1 5.0 2.5 2 1 2 3 3
4085.7 3226.0 -463.0 346 0 12.4 23.4 10.0 0.0 0 1 4 0 0
3711.2 3147.6 -463.8 174 0 11.3 13.6 2.5 0.0 0 1 1 1 1
3720.4 3219.5 -458.1 224 0 14.8 11.4 5.0 2.5 2 0 2 1 1
-944.5 -3398.7 -461.9 64 0 21.2 16.4 10.0 2.5 2 0 4 5 5
-3331.6 -4444.4 -462.9 50 0 12.6 17.2 7.5 2.5 2 1 3 1 1
1586.3 -2484.7 -471.8 339 0 15.1 22.1 7.5 2.5 2 1 3 1 1
12.9 -1750.9 -461.3 103 0 11.0 20.7 7.0 2.5 2 1 2 5 5
22.3 -1712.4 -460.2 201 0 31.0 15.5 10.0 2.5 2 0 4 0 0
2499.3 -2876.5 -471.6 312 0 13.0 26.8 10.0 2.5 2 1 4 4 4
3231.8 6976.9 -351.8 119 0 10.3 24.7 12.5 2.5 2 1 5 4 4
-2815.8 8097.8 -353.1 91 0 7.3 4.9 7.5 2.5 2 0 3 1 1
4185.3 5455.9 473.3 72 0 16.8 14.2 5.0 2.5 2 0 2 0 0
-2863.1 8120.1 -356.7 158 0 4.7 8.8 2.5 2.5 2 1 1 2 2
5138.4 5611.0 459.3 92 0 28.3 16.3 10.0 2.5 2 0 4 5 5
-1234.2 -8122.1 -478.6 154 0 13.9 16.1 2.5 2.5 2 1 1 5 5
1985.4 8047.7 -463.7 109 0 13.7 17.0 5.0 2.5 2 1 2 0 0
2193.5 7939.3 -461.9 35 0 13.2 15.0 2.5 2.5 2 1 1 3 3
4066.9 3255.2 -460.5 255 0 11.2 23.0 12.5 2.5 2 1 5 5 5
-4955.7 -8330.8 -462.5 148 0 17.4 25.3 14.0 3.5 2 1 4 2 2
-6751.6 -8155.2 -451.8 242 0 20.7 20.4 17.5 3.5 2 0 5 4 4
-3627.6 -8257.6 -473.2 321 0 14.3 22.9 10.0 2.5 2 1 4 4 4
-6106.4 -8049.4 -451.4 164 0 15.8 23.7 17.5 3.5 2 1 5 0 0
-6111.4 -9096.4 -459.5 88 0 18.3 14.1 10.5 3.5 2 0 3 4 4
-959.6 -1839.8 -450.2 239 0 16.1 11.5 2.5 2.5 2 0 1 0 0
-6882.8 1697.6 14.7 153 0 11.6 15.9 7.5 0.0 0 1 3 5 5
95.6 8002.8 -473.4 141 0 11.1 22.2 10.0 2.5 2 1 4 0 0
96.4 8063.8 -473.4 194 0 25.7 8.6 7.5 2.5 2 0 3 5 5
1138.0 -4525.8 -471.7 272 0 21.2 15.3 2.5 0.0 0 0 1 0 0
1209.9 -4738.1 -477.4 39 0 41.9 30.2 2.5 0.0 0 0 1 0 0
1331.1 -4529.6 -474.0 271 0 18.7 19.0 2.5 0.0 0 1 1 5 5
1085.7 -4559.6 -470.4 181 0 15.7 29.1 2.5 0.0 0 1 1 0 0
581.7 -5155.7 -476.9 223 0 15.9 20.7 2.5 2.5 2 1 1 3 3
664.9 -5484.9 -477.2 113 0 10.9 30.0 2.5 2.5 2 1 1 3 3
-541.6 -9280.1 -482.6 284 0 6.9 5.1 2.5 2.5 2 0 1 3 3
-541.2 -9231.6 -482.5 44 0 7.1 23.2 2.5 0.0 0 1 1 0 0
-489.0 -9328.5 -483.9 9 0 30.9 15.1 2.5 2.5 2 0 1 4 4
-2789.2 -9171.2 -477.6 4 0 48.9 18.1 2.5 2.5 2 0 1 2 2
-6237.9 -7575.5 -450.3 102 0 11.9 23.6 31.5 0.0 0 1 9 3 3
-6197.4 -7573.0 -450.4 85 0 11.7 22.3 31.5 0.0 0 1 9 5 5
-6221.8 -7544.8 -450.8 122 0 17.4 13.4 31.5 0.0 0 0 9 1 1
-6139.2 -7501.8 -451.9 119 0 19.3 13.4 21.0 0.0 0 0 6 1 1
-6128.0 -7470.0 -452.6 289 0 24.1 14.6 17.5 3.5 2 0 5 5 5
-6078.3 -7509.7 -452.3 107 0 14.0 21.2 21.0 0.0 0 1 6 5 5
-6098.0 -7567.2 -450.4 97 0 16.4 22.4 17.5 3.5 2 1 5 5 5
-6056.5 -7373.6 -455.3 284 0 14.8 17.2 42.0 0.0 0 1 12 0 0
-6023.7 -7376.1 -455.8 284 0 20.1 17.4 31.5 0.0 0 0 9 2 2
-5972.4 -7427.6 -456.1 15 0 22.5 13.9 31.5 0.0 0 0 9 3 3
-5951.0 -7459.9 -455.6 15 0 25.9 18.2 31.5 0.0 0 0 9 5 5
-5942.0 -7487.9 -454.6 197 0 24.4 15.0 24.5 0.0 0 0 7 0 0
-5943.8 -7430.9 -456.4 14 0 19.5 13.9 31.5 0.0 0 0 9 5 5
-5932.9 -7460.7 -456.0 194 0 17.5 18.0 31.5 0.0 0 1 9 4 4
-5927.9 -7436.8 -456.7 194 0 18.3 18.6 28.0 0.0 0 1 8 2 2
-5919.2 -7407.0 -457.4 197 0 14.3 23.7 31.5 0.0 0 1 9 4 4
-5935.7 -7377.4 -457.1 106 0 18.3 17.0 31.5 0.0 0 0 9 4 4
-5934.1 -7305.6 -457.9 196 0 10.8 26.8 7.0 3.5 2 1 2 5 5
-5889.4 -7337.6 -457.8 284 0 17.8 12.3 31.5 0.0 0 0 9 1 1
-5876.8 -7323.7 -458.2 15 0 18.3 18.4 31.5 0.0 0 1 9 3 3
-5937.4 -7330.4 -457.6 193 0 16.3 22.5 31.5 0.0 0 1 9 0 0
-5869.8 -7300.1 -458.5 13 0 11.0 18.8 31.5 0.0 0 1 9 4 4
-5924.7 -7288.8 -458.0 193 0 18.2 21.6 31.5 0.0 0 1 9 5 5
-5930.0 -7245.3 -456.7 193 0 20.4 13.7 31.5 0.0 0 0 9 4 4
-5869.6 -7272.3 -458.6 102 0 15.5 23.8 31.5 0.0 0 1 9 0 0
-5903.4 -7207.9 -456.6 270 0 19.2 18.3 31.5 0.0 0 0 9 2 2
-5854.4 -7211.6 -457.7 284 0 18.0 24.7 31.5 0.0 0 1 9 0 0
-5764.3 -6894.0 -457.7 287 0 15.1 21.0 3.5 3.5 4 1 1 0 0
-5799.7 -6884.0 -457.7 283 0 13.2 42.3 3.5 3.5 2 1 1 3 3
-5677.0 -6855.2 -457.8 286 0 23.0 22.3 31.5 0.0 0 0 9 1 1
-5642.2 -6915.7 -455.9 14 0 18.5 23.3 31.5 0.0 0 1 9 4 4
-5704.1 -6918.0 -456.2 192 0 22.0 22.0 31.5 0.0 0 0 9 1 1
-5623.3 -7048.6 -451.6 269 0 13.9 19.7 31.5 0.0 0 1 9 2 2
-5335.7 -6691.0 -456.5 295 0 12.3 14.5 10.5 0.0 0 1 3 4 4
-5461.6 -6576.0 -452.4 268 0 17.8 18.4 31.5 0.0 0 1 9 1 1
-5509.1 -6605.6 -455.9 118 0 12.7 26.7 31.5 0.0 0 1 9 2 2
-5514.0 -6539.1 -449.3 332 0 15.8 26.6 31.5 0.0 0 1 9 5 5
-5561.2 -6575.8 -456.5 200 0 28.4 14.3 24.5 0.0 0 0 7 3 3
-5575.7 -6609.0 -457.8 203 0 26.3 13.9 14.0 0.0 0 0 4 2 2
-5985.3 -6177.7 -441.2 194 0 28.3 24.4 7.0 0.0 0 0 2 1 1
-5720.2 -6306.4 -442.1 74 0 10.3 35.4 3.5 0.0 0 1 1 0 0
-5836.6 -6671.9 -457.1 59 0 15.6 16.7 31.5 0.0 0 1 9 4 4
-5792.3 -6600.3 -457.9 15 0 20.4 13.2 31.5 0.0 0 0 9 3 3
-5786.1 -6574.2 -458.2 12 0 10.6 16.1 31.5 0.0 0 1 9 1 1
-5701.7 -6512.5 -453.5 195 0 20.3 16.9 22.5 0.0 0 0 9 5 5
-5868.2 -7551.9 -454.8 281 0 25.3 24.7 31.5 0.0 0 0 9 3 3
-5834.9 -7612.7 -456.3 109 0 16.7 29.3 31.5 0.0 0 1 9 2 2
-5818.1 -7554.5 -456.5 276 0 26.2 15.7 31.5 0.0 0 0 9 1 1
-5741.3 -7421.8 -459.4 347 0 24.4 15.8 17.5 3.5 2 0 5 0 0
-5857.4 -7513.5 -457.1 97 0 18.4 18.9 31.5 0.0 0 1 9 0 0
-5758.9 -7520.1 -460.3 93 0 14.3 20.0 31.5 0.0 0 1 9 5 5
-5800.4 -7506.1 -458.6 346 0 22.7 23.1 7.0 3.5 2 1 2 0 0
-5828.9 -7515.4 -458.2 98 0 15.1 22.2 31.5 0.0 0 1 9 0 0
-5845.4 -7473.5 -458.3 8 0 21.4 15.8 31.5 0.0 0 0 9 4 4
-5807.6 -7463.3 -459.5 346 0 20.4 14.8 31.5 0.0 0 0 9 5 5
-5835.2 -7407.4 -459.5 104 0 18.1 18.6 31.5 0.0 0 1 9 3 3
-5829.4 -7381.7 -458.9 107 0 18.4 20.4 31.5 0.0 0 1 9 1 1
-5791.4 -7403.7 -459.0 81 0 16.8 22.0 31.5 0.0 0 1 9 0 0
-5754.6 -7394.7 -458.2 73 0 15.5 26.8 31.5 0.0 0 1 9 4 4
-5760.8 -7344.8 -458.0 341 0 15.4 22.3 31.5 0.0 0 1 9 0 0
-5779.2 -7294.1 -458.4 258 0 9.5 35.0 10.5 3.5 2 1 3 5 5
-5805.5 -7299.1 -458.6 256 0 24.3 14.8 31.5 0.0 0 0 9 5 5
-5648.8 -7781.2 -458.2 81 0 24.1 29.4 31.5 0.0 0 1 9 0 0
-5625.1 -7722.3 -457.5 236 0 14.0 11.9 31.5 0.0 0 0 9 2 2
-5599.8 -7772.4 -458.3 90 0 15.7 16.5 31.5 0.0 0 1 9 5 5
-5588.6 -7711.6 -457.3 327 0 27.5 16.4 31.5 0.0 0 0 9 1 1
-5698.4 -7769.5 -457.5 264 0 24.1 22.1 28.0 0.0 0 0 8 3 3
-5688.6 -7745.9 -457.6 90 0 12.2 29.7 42.0 0.0 0 1 12 2 2
-5616.9 -7690.6 -456.8 53 0 13.8 19.3 31.5 0.0 0 1 9 2 2
-5638.1 -7646.7 -457.6 329 0 28.7 16.8 31.5 0.0 0 0 9 3 3
-5774.8 -7729.1 -456.4 15 0 18.3 18.9 31.5 0.0 0 1 9 0 0
-5759.4 -7707.1 -456.6 12 0 16.7 18.3 31.5 0.0 0 1 9 0 0
-5798.3 -7658.5 -456.2 191 0 24.2 13.0 31.5 0.0 0 0 9 1 1
-5726.4 -7680.5 -456.9 235 0 13.4 20.4 31.5 0.0 0 1 9 0 0
-5748.3 -7672.8 -456.6 15 0 22.7 15.5 31.5 0.0 0 0 9 2 2
-5775.0 -7627.8 -457.5 110 0 23.9 15.6 31.5 0.0 0 0 9 2 2
-5782.5 -7589.2 -458.0 194 0 16.8 21.7 31.5 0.0 0 1 9 5 5
-5711.3 -7620.3 -458.5 47 0 27.8 13.9 31.5 0.0 0 0 9 2 2
-5699.3 -7655.2 -457.3 146 0 25.3 15.2 31.5 0.0 0 0 9 3 3
-5659.8 -7618.3 -458.5 324 0 26.8 14.7 31.5 0.0 0 0 9 5 5
-5873.6 -7730.4 -455.1 104 0 13.3 20.2 31.5 0.0 0 1 9 0 0
-5008.8 -8170.1 -461.0 280 0 15.4 16.4 35.0 0.0 0 1 10 0 0
-5035.6 -8164.8 -461.0 282 0 16.3 17.9 35.0 0.0 0 1 10 0 0
-5062.0 -8160.9 -461.0 279 0 17.6 16.5 35.0 0.0 0 0 10 0 0
-5090.1 -8153.9 -461.5 281 0 15.4 16.9 35.0 0.0 0 1 10 1 1
-5848.8 -8279.1 -459.3 283 0 12.1 15.2 31.5 0.0 0 1 9 5 5
-5871.9 -8318.1 -459.2 191 0 10.1 20.0 17.5 3.5 2 1 5 5 5
-5878.5 -8276.3 -458.6 290 0 7.8 25.3 10.5 0.0 0 1 3 1 1
-5852.7 -8254.2 -459.2 103 0 19.1 17.1 31.5 0.0 0 0 9 2 2
-5843.8 -8212.2 -458.7 283 0 18.6 18.8 31.5 0.0 0 1 9 2 2
-5943.9 -8236.5 -457.2 98 0 10.9 19.8 28.0 0.0 0 1 8 3 3
-5919.4 -8241.5 -457.9 105 0 19.1 20.2 31.5 0.0 0 1 9 4 4
-5913.1 -8347.5 -459.1 195 0 17.2 16.9 31.5 0.0 0 0 9 2 2
-6021.7 -8369.6 -458.0 355 0 20.4 13.7 31.5 0.0 0 0 9 5 5
-5929.7 -8261.4 -457.8 282 0 14.6 30.6 17.5 3.5 2 1 5 0 0
-6031.9 -8324.3 -457.7 268 0 16.4 23.6 21.0 0.0 0 1 6 2 2
-5963.6 -8256.8 -457.3 281 0 22.0 19.2 31.5 0.0 0 0 9 2 2
-5974.3 -8218.7 -456.5 192 0 16.9 16.2 17.5 3.5 2 0 5 1 1
-6001.0 -8255.1 -456.8 10 0 12.6 13.2 31.5 0.0 0 1 9 0 0
-6022.8 -8244.8 -456.8 285 0 11.4 12.4 31.5 0.0 0 1 9 3 3
-6057.0 -8229.4 -456.6 284 0 19.1 14.1 17.5 3.5 4 0 5 3 3
-6051.9 -8156.2 -454.4 195 0 17.2 14.0 17.5 3.5 2 0 5 3 3
-6082.6 -8180.4 -454.9 11 0 15.4 19.9 31.5 0.0 0 1 9 2 2
-6078.7 -8159.7 -454.4 13 0 19.4 18.4 17.5 3.5 2 0 5 3 3
-6075.0 -8140.2 -453.7 12 0 9.3 15.2 10.5 0.0 0 1 3 5 5
-6071.0 -8123.9 -453.3 14 0 17.7 16.2 17.5 3.5 2 0 5 3 3
-6123.8 -8105.8 -452.9 196 0 9.7 24.3 10.5 3.5 2 1 3 3 3
-6047.5 -8126.6 -453.8 194 0 28.6 16.8 17.5 3.5 2 0 5 5 5
-5999.4 -8043.2 -451.5 191 0 25.8 63.5 17.5 0.0 0 1 5 1 1
-6008.1 -8044.0 -451.3 14 0 31.2 14.9 31.5 0.0 0 0 9 0 0
-6053.0 -8033.2 -451.1 12 0 42.7 18.4 21.0 3.5 2 0 6 1 1
-6073.8 -7984.9 -449.3 104 0 13.3 21.4 17.5 3.5 2 1 5 5 5
-6050.9 -7984.2 -449.1 99 0 19.8 25.7 24.5 0.0 0 1 7 5 5
-6059.8 -7934.1 -448.7 283 0 8.1 15.8 10.5 0.0 0 1 3 0 0
-6049.8 -7936.8 -448.5 285 0 8.5 14.8 10.5 3.5 2 1 3 1 1
-6036.8 -7940.0 -448.5 284 0 10.2 15.3 21.0 0.0 0 1 6 0 0
-5935.7 -7909.3 -452.0 103 0 14.6 16.6 21.0 0.0 0 1 6 3 3
-5961.1 -7895.0 -451.8 194 0 19.4 14.5 31.5 0.0 0 0 9 4 4
-5956.8 -7860.0 -452.2 13 0 16.7 18.2 31.5 0.0 0 1 9 3 3
-5956.4 -7838.8 -452.7 16 0 18.7 24.0 17.5 3.5 2 1 5 4 4
-5948.5 -7816.3 -453.4 13 0 18.9 28.2 17.5 0.0 0 1 5 5 5
-5043.8 -8259.1 -460.6 100 0 27.1 22.0 28.0 0.0 0 0 8 3 3
-5068.3 -8254.0 -460.7 100 0 10.9 22.3 17.5 3.5 2 1 5 1 1
-5086.5 -8252.0 -461.1 101 0 14.6 24.0 17.5 3.5 2 1 5 4 4
-5182.4 -8242.4 -461.6 96 0 14.3 29.4 17.5 3.5 2 1 5 3 3
-6007.3 -7519.3 -452.0 196 0 26.2 17.4 24.5 0.0 0 0 7 2 2
-5968.5 -7527.9 -451.9 14 0 19.9 15.1 17.5 3.5 2 0 5 4 4
-5950.9 -7559.2 -450.9 193 0 15.8 15.9 31.5 0.0 0 1 9 0 0
-5958.9 -7533.2 -452.0 193 0 22.2 10.7 31.5 0.0 0 0 9 5 5
-5936.2 -7527.1 -452.2 283 0 15.8 22.5 31.5 0.0 0 1 9 5 5
-5983.7 -7485.6 -453.9 104 0 34.4 14.3 31.5 0.0 0 0 9 1 1
-6179.6 -7992.0 -448.9 13 0 23.0 11.0 7.0 3.5 2 0 2 3 3
-6226.3 -7942.0 -448.5 191 0 24.5 25.5 21.0 0.0 0 1 6 3 3
-6259.0 -7945.5 -448.5 101 0 21.8 25.0 24.5 0.0 0 1 7 0 0
-6247.3 -7966.3 -448.4 284 0 23.7 22.8 24.5 0.0 0 0 7 3 3
-6171.2 -7950.9 -448.5 9 0 19.1 25.2 28.0 0.0 0 1 8 3 3
-6175.5 -7902.1 -449.5 283 0 24.6 9.5 10.5 3.5 2 0 3 0 0
-6155.1 -7883.2 -450.2 15 0 23.0 19.6 17.5 3.5 2 0 5 0 0
-6149.0 -7899.7 -450.1 108 0 7.0 16.1 10.5 3.5 4 1 3 2 2
-6137.5 -7902.6 -450.1 105 0 12.9 14.8 21.0 0.0 0 1 6 5 5
-6119.2 -7905.9 -450.0 106 0 14.2 11.5 21.0 0.0 0 0 6 2 2
-6135.9 -7853.0 -450.9 202 0 15.1 22.7 14.0 3.5 2 1 4 0 0
-6308.8 -7865.6 -448.4 4 0 3.5 11.7 10.5 3.5 2 1 3 5 5
-6286.8 -7871.8 -448.9 90 0 13.8 16.3 17.5 3.5 2 1 5 5 5
-6264.9 -7845.1 -449.2 276 0 14.4 10.8 17.5 3.5 2 0 5 4 4
-6244.1 -7877.9 -449.5 98 0 23.8 22.3 17.5 3.5 2 0 5 5 5
-6299.1 -7816.5 -449.1 10 0 14.8 14.0 17.5 0.0 0 0 5 4 4
-6290.3 -7736.9 -450.1 100 0 13.8 17.4 28.0 0.0 0 1 8 5 5
-6210.0 -7792.0 -450.7 115 0 15.2 17.6 21.0 0.0 0 1 6 4 4
-6202.2 -7740.4 -451.0 267 0 13.2 26.3 31.5 0.0 0 1 9 1 1
-6162.5 -7759.7 -451.4 280 0 19.2 16.5 31.5 0.0 0 0 9 5 5
-6158.3 -7740.0 -451.6 280 0 18.9 15.8 31.5 0.0 0 0 9 2 2
-6196.1 -7690.4 -451.3 26 0 7.1 17.1 10.5 3.5 2 1 3 4 4
-6163.1 -7666.5 -451.2 290 0 21.0 17.8 17.5 3.5 2 0 5 4 4
-6189.3 -7674.0 -451.1 18 0 17.2 14.0 17.5 0.0 0 0 5 5 5
-5933.5 -7711.0 -452.8 105 0 16.9 17.5 28.0 0.0 0 1 8 5 5
-5906.6 -7708.2 -454.4 17 0 16.2 11.2 28.0 0.0 0 0 8 4 4
-5901.3 -7688.9 -452.9 16 0 16.0 12.0 31.5 0.0 0 0 9 0 0
-5917.8 -7684.2 -451.3 15 0 17.4 19.1 21.0 0.0 0 1 6 3 3
-5887.3 -7648.2 -451.0 18 0 25.6 13.2 31.5 0.0 0 0 9 5 5
-5915.1 -7642.0 -449.7 286 0 18.7 15.8 28.0 0.0 0 0 8 5 5
-5909.5 -7622.8 -449.3 286 0 19.4 17.0 31.5 0.0 0 0 9 1 1
-6202.6 -8094.1 -451.9 12 0 24.6 11.2 17.5 0.0 0 0 5 3 3
-5984.7 -7691.2 -451.4 197 0 21.4 15.7 31.5 0.0 0 0 9 2 2
-6152.9 -8098.3 -453.1 284 0 14.6 22.4 7.0 3.5 2 1 2 5 5
-6119.6 -8046.4 -451.3 18 0 11.1 9.7 10.5 0.0 0 0 3 5 5
-6115.3 -8030.8 -450.9 14 0 10.6 10.1 17.5 3.5 2 0 5 5 5
-6111.9 -8017.5 -450.6 13 0 8.1 11.3 10.5 3.5 2 1 3 3 3
-6172.0 -8022.4 -450.2 193 0 17.2 13.0 17.5 3.5 2 0 5 1 1
-6158.2 -8060.8 -451.3 104 0 11.2 29.2 17.5 3.5 2 1 5 4 4
-6177.9 -8044.0 -450.8 194 0 19.8 14.2 17.5 3.5 2 0 5 4 4
-6183.1 -8063.8 -451.6 195 0 11.7 28.3 14.0 3.5 2 1 4 0 0
-6157.3 -7984.4 -449.2 278 0 7.9 17.5 10.5 0.0 0 1 3 0 0
-6144.5 -7988.0 -449.8 281 0 13.5 24.9 31.5 0.0 0 1 9 5 5
-6127.9 -7990.7 -449.9 282 0 12.1 14.1 31.5 0.0 0 1 9 1 1
-6108.0 -8003.6 -450.3 12 0 17.7 12.2 17.5 3.5 2 0 5 4 4
-6103.1 -7977.1 -449.4 105 0 37.7 17.5 31.5 0.0 0 0 9 3 3
-6101.1 -7922.6 -449.7 287 0 14.7 18.1 17.5 3.5 2 1 5 3 3
-6079.9 -7929.1 -449.5 281 0 19.7 24.9 17.5 3.5 2 1 5 1 1
-6049.6 -7853.2 -452.0 100 0 18.5 21.6 21.0 0.0 0 1 6 0 0
-6021.0 -7857.9 -452.2 108 0 19.7 19.1 28.0 0.0 0 0 8 3 3
-6018.8 -7830.4 -452.6 107 0 28.5 12.0 31.5 0.0 0 0 9 2 2
-6007.2 -7808.0 -452.8 284 0 16.6 7.7 10.5 0.0 0 0 3 1 1
-6005.1 -7799.1 -452.9 287 0 15.3 7.5 10.5 0.0 0 0 3 2 2
-6002.8 -7785.5 -453.2 283 0 14.3 12.4 31.5 0.0 0 0 9 2 2
-5997.4 -7775.1 -453.2 104 0 12.0 13.8 31.5 0.0 0 1 9 0 0
-5991.5 -7715.9 -452.2 196 0 19.9 14.8 31.5 0.0 0 0 9 4 4
-5977.9 -7667.3 -450.0 196 0 20.8 15.8 31.5 0.0 0 0 9 1 1
-5972.6 -7647.7 -448.5 196 0 9.4 15.7 10.5 0.0 0 1 3 4 4
-5969.5 -7635.7 -448.6 199 0 9.7 16.3 10.5 0.0 0 1 3 5 5
-5946.6 -7614.5 -449.1 14 0 14.5 16.6 31.5 0.0 0 1 9 3 3
-6020.3 -7667.4 -450.2 194 0 17.0 14.9 31.5 0.0 0 0 9 3 3
-5998.5 -7648.0 -448.8 14 0 16.9 16.5 31.5 0.0 0 0 9 1 1
-5993.1 -7626.6 -449.0 15 0 15.5 15.8 31.5 0.0 0 1 9 0 0
-5987.8 -7604.3 -449.3 14 0 13.2 16.5 31.5 0.0 0 1 9 3 3
-5954.4 -7583.6 -449.9 193 0 22.7 12.3 31.5 0.0 0 0 9 3 3
-5979.1 -7569.7 -449.9 15 0 8.5 16.1 10.5 0.0 0 1 3 4 4
-6021.1 -7567.0 -450.1 193 0 27.4 12.9 17.5 3.5 4 0 5 3 3
-6574.4 -7878.6 -449.3 100 0 30.3 20.9 31.5 0.0 0 0 9 0 0
-6536.9 -7797.0 -449.5 281 0 14.5 22.0 21.0 0.0 0 1 6 3 3
-6556.5 -7792.7 -449.6 280 0 13.3 20.5 14.0 3.5 2 1 4 3 3
-6664.5 -7979.9 -450.2 282 0 15.2 23.4 17.5 3.5 4 1 5 2 2
-6679.8 -8042.5 -450.6 102 0 19.7 21.0 17.5 3.5 2 1 5 0 0
-6734.6 -7964.8 -450.2 283 0 20.4 21.1 17.5 3.5 2 1 5 3 3
-6754.6 -8017.4 -450.2 194 0 18.4 19.9 17.5 3.5 2 1 5 5 5
-6798.5 -8007.8 -450.7 105 0 13.2 21.7 14.0 3.5 2 1 4 5 5
-6782.3 -8053.5 -450.4 15 0 19.6 19.8 17.5 0.0 0 1 5 0 0
-6784.5 -8078.1 -450.7 17 0 16.6 17.8 14.0 3.5 2 1 4 0 0
-6808.2 -8035.0 -450.3 293 0 10.0 22.2 10.5 3.5 2 1 3 3 3
-6881.9 -8087.8 -451.1 305 0 10.4 30.4 7.0 0.0 0 1 2 3 3
-6853.6 -8076.7 -450.5 117 0 20.3 18.8 31.5 0.0 0 0 9 0 0
-6843.7 -8023.3 -450.6 289 0 19.0 20.5 31.5 0.0 0 1 9 4 4
-6817.1 -7944.0 -451.0 289 0 16.9 20.6 17.5 3.5 2 1 5 4 4
-6823.3 -8005.4 -450.9 100 0 7.8 22.1 10.5 0.0 0 1 3 0 0
-6840.9 -8000.0 -450.8 107 0 16.7 24.1 17.5 3.5 2 1 5 0 0
-6930.1 -7871.8 -450.8 198 0 18.9 17.9 17.5 3.5 2 0 5 4 4
-6849.9 -7850.6 -451.1 285 0 17.5 47.6 7.0 3.5 2 1 2 4 4
-6784.1 -7863.0 -452.3 283 0 11.2 24.0 31.5 0.0 0 1 9 5 5
-6840.7 -7911.9 -451.1 110 0 14.2 23.2 17.5 3.5 2 1 5 2 2
-6773.6 -7831.7 -453.1 100 0 12.4 16.2 17.5 3.5 2 1 5 4 4
-6791.7 -7748.6 -450.5 280 0 12.6 18.3 17.5 3.5 2 1 5 4 4
-6810.8 -7744.8 -450.7 281 0 12.8 32.2 31.5 0.0 0 1 9 1 1
-6855.7 -7814.8 -451.8 101 0 26.1 16.6 31.5 0.0 0 0 9 5 5
-6848.1 -7767.2 -451.0 282 0 16.5 22.8 31.5 0.0 0 1 9 5 5
-6842.5 -7737.3 -450.5 283 0 16.2 23.1 31.5 0.0 0 1 9 3 3
-6873.9 -7731.5 -450.5 281 0 11.4 26.3 24.5 0.0 0 1 7 2 2
-6894.8 -7807.8 -451.5 101 0 21.2 27.7 31.5 0.0 0 1 9 2 2
-6934.4 -7787.2 -450.7 191 0 26.7 25.5 17.5 0.0 0 0 5 0 0
-6901.6 -7704.8 -450.5 100 0 17.1 13.2 17.5 3.5 2 0 5 1 1
-6925.2 -7601.7 -450.4 203 0 19.0 17.1 14.0 3.5 2 0 4 3 3
-6902.3 -7576.9 -450.3 297 0 13.5 16.3 14.0 3.5 2 1 4 2 2
-6842.1 -7613.3 -450.3 278 0 11.2 25.9 17.5 3.5 2 1 5 4 4
-6773.9 -7618.7 -450.3 102 0 10.4 23.0 21.0 0.0 0 1 6 4 4
-6839.4 -7518.2 -450.2 279 0 9.1 19.3 10.5 3.5 2 1 3 4 4
-6844.7 -7562.9 -450.2 9 0 24.3 12.3 31.5 0.0 0 0 9 3 3
-6876.9 -7561.7 -450.3 117 0 14.7 22.1 31.5 0.0 0 1 9 5 5
-6869.1 -7512.0 -450.2 282 0 16.7 18.7 17.5 3.5 2 1 5 5 5
-6898.7 -7539.3 -450.2 201 0 18.5 16.4 31.5 0.0 0 0 9 2 2
-6924.9 -7468.6 -450.1 194 0 23.7 12.8 14.0 3.5 2 0 4 5 5
-6648.0 -8113.0 -451.5 286 0 10.9 13.7 17.5 3.5 2 1 5 3 3
-6660.6 -8107.9 -451.3 285 0 9.0 14.4 10.5 3.5 2 1 3 0 0
-6681.7 -8157.4 -452.0 282 0 10.7 11.4 17.5 3.5 4 1 5 0 0
-6585.0 -8130.6 -452.5 285 0 15.4 15.6 17.5 3.5 2 1 5 5 5
-6556.7 -8139.5 -453.0 285 0 16.7 25.4 17.5 3.5 2 1 5 1 1
-6531.8 -8144.5 -453.1 282 0 16.3 27.2 17.5 3.5 2 1 5 0 0
-6573.3 -8182.8 -453.7 283 0 11.6 22.9 17.5 3.5 2 1 5 2 2
-6556.6 -8186.7 -453.8 284 0 16.2 22.4 17.5 3.5 2 1 5 2 2
-6634.8 -8295.4 -454.3 106 0 12.5 23.7 21.0 0.0 0 1 6 5 5
-6690.6 -8275.3 -453.4 108 0 14.8 21.3 17.5 3.5 2 1 5 2 2
-6725.5 -8235.2 -452.7 108 0 19.2 17.5 10.5 3.5 2 0 3 4 4
-6775.3 -8143.6 -451.5 291 0 7.7 12.7 3.5 0.0 0 1 1 4 4
-6768.2 -8079.6 -450.8 191 0 13.1 11.9 14.0 3.5 2 0 4 2 2
-6749.0 -8051.1 -450.6 281 0 24.3 15.7 17.5 3.5 2 0 5 5 5
-6649.1 -8042.0 -450.6 103 0 24.5 24.7 7.0 0.0 0 1 2 0 0
-6617.8 -7988.4 -450.0 280 0 11.1 26.6 17.5 0.0 0 1 5 0 0
-6607.2 -8057.7 -450.7 100 0 12.6 13.7 17.5 3.5 2 1 5 1 1
-6568.6 -8065.4 -451.2 102 0 13.6 13.9 17.5 3.5 2 1 5 3 3
-6537.2 -8068.4 -451.5 103 0 38.5 50.2 7.0 0.0 0 1 2 1 1
-6321.9 -8375.8 -457.4 359 0 10.5 11.4 31.5 0.0 0 1 9 5 5
-6459.6 -8344.4 -456.1 104 0 7.8 18.7 10.5 0.0 0 1 3 5 5
-6471.6 -8306.8 -455.8 101 0 13.7 24.8 14.0 3.5 2 1 4 5 5
-6436.9 -8128.1 -453.9 282 0 18.1 51.9 21.0 3.5 2 1 6 3 3
-6478.2 -8180.4 -453.8 103 0 9.4 16.4 10.5 3.5 2 1 3 0 0
-6352.7 -8242.1 -457.0 285 0 11.4 11.8 17.5 0.0 0 1 5 2 2
-6382.1 -8271.7 -456.8 193 0 19.7 11.2 17.5 3.5 2 0 5 4 4
-6368.2 -8237.1 -456.7 285 0 10.2 18.2 17.5 0.0 0 1 5 1 1
-6367.5 -8200.7 -455.8 195 0 17.7 14.4 17.5 3.5 2 0 5 1 1
-6342.2 -8270.4 -457.2 281 0 12.2 18.8 17.5 3.5 2 1 5 0 0
-6261.0 -8235.6 -457.7 26 0 22.4 17.2 17.5 3.5 2 0 5 3 3
-6275.0 -8168.4 -455.5 285 0 12.0 11.3 17.5 3.5 2 0 5 1 1
-6249.3 -8210.3 -456.5 23 0 13.2 16.8 21.0 0.0 0 1 6 3 3
-6241.0 -8190.9 -455.8 24 0 15.9 16.1 31.5 0.0 0 1 9 1 1
-6216.5 -8150.9 -454.1 14 0 16.8 12.9 17.5 0.0 0 0 5 5 5
-6214.5 -8142.3 -453.5 15 0 8.4 12.0 10.5 0.0 0 1 3 2 2
-6184.2 -8198.4 -455.6 286 0 19.2 20.3 21.0 0.0 0 1 6 0 0
-6150.6 -8178.1 -454.7 17 0 15.3 10.6 10.5 3.5 2 0 3 3 3
-6133.9 -8141.7 -453.9 195 0 14.8 24.4 14.0 3.5 2 1 4 0 0
-6144.5 -8148.3 -454.1 14 0 25.1 11.6 14.0 3.5 2 0 4 5 5
-6439.2 -7760.9 -448.9 11 0 20.1 13.6 17.5 3.5 2 0 5 5 5
-6443.9 -7789.2 -449.0 12 0 16.6 24.7 17.5 3.5 2 1 5 4 4
-6435.6 -7860.0 -448.4 194 0 18.3 20.5 17.5 3.5 2 1 5 0 0
-6417.6 -7815.6 -448.5 280 0 22.6 33.4 17.5 0.0 0 1 5 3 3
-6452.4 -7840.0 -448.9 12 0 52.6 17.4 17.5 3.5 2 0 5 3 3
-6465.3 -7894.6 -448.7 15 0 12.0 11.2 31.5 0.0 0 0 9 5 5
-6511.7 -7914.8 -449.2 284 0 15.7 30.8 17.5 0.0 0 1 5 4 4
-6594.2 -7551.4 -449.8 101 0 13.9 24.9 28.0 0.0 0 1 8 4 4
-6569.3 -7538.3 -449.7 101 0 14.5 24.5 28.0 0.0 0 1 8 1 1
-6616.8 -7547.1 -449.9 105 0 7.4 14.5 10.5 3.5 2 1 3 3 3
-6633.2 -7542.0 -450.0 106 0 10.3 13.4 17.5 3.5 2 1 5 0 0
-6651.7 -7537.6 -450.0 101 0 12.6 21.0 17.5 3.5 4 1 5 4 4
-6588.2 -7516.4 -449.7 100 0 13.2 14.6 21.0 0.0 0 1 6 5 5
-6634.9 -7500.9 -449.9 191 0 19.1 13.1 17.5 3.5 2 0 5 0 0
-6653.5 -7497.2 -449.9 190 0 20.0 13.6 17.5 3.5 2 0 5 4 4
-6651.3 -7467.0 -449.9 186 0 13.8 18.0 17.5 3.5 2 1 5 3 3
-6750.8 -7508.8 -450.1 13 0 17.9 10.8 17.5 3.5 2 0 5 4 4
-6777.2 -7511.6 -450.1 100 0 12.8 15.3 17.5 3.5 2 1 5 3 3
-6657.4 -7755.5 -451.5 99 0 14.1 21.7 31.5 0.0 0 1 9 4 4
-6675.2 -7751.8 -451.7 99 0 9.5 15.8 10.5 3.5 2 1 3 1 1
-6693.1 -7717.2 -450.4 192 0 14.5 17.4 17.5 3.5 2 1 5 5 5
-6689.0 -7698.7 -450.4 193 0 9.8 19.2 10.5 3.5 2 1 3 4 4
-6524.4 -7583.3 -449.6 278 0 13.7 21.3 10.5 3.5 2 1 3 1 1
-6534.6 -7621.5 -449.8 280 0 12.1 19.7 17.5 3.5 2 1 5 5 5
-6574.9 -7573.4 -449.8 282 0 10.6 16.2 10.5 3.5 2 1 3 1 1
-6665.6 -7592.8 -450.2 193 0 18.8 19.0 17.5 0.0 0 1 5 0 0
-6640.0 -7676.4 -450.3 283 0 11.2 22.9 31.5 0.0 0 1 9 3 3
-6667.4 -7670.1 -450.3 284 0 12.2 18.9 17.5 3.5 2 1 5 5 5
-6357.1 -8172.3 -454.6 196 0 11.5 11.0 24.5 0.0 0 0 7 4 4
-6343.7 -8140.0 -453.9 287 0 12.3 13.5 14.0 3.5 2 1 4 4 4
-6382.2 -8105.8 -451.8 104 0 9.4 10.9 10.5 3.5 2 1 3 2 2
-6358.6 -8106.2 -452.3 12 0 15.4 13.7 17.5 3.5 2 0 5 4 4
-6354.3 -8085.7 -451.7 11 0 19.5 21.0 17.5 3.5 2 1 5 3 3
-6372.3 -8039.4 -450.6 280 0 14.7 23.3 17.5 3.5 2 1 5 3 3
-6352.6 -8044.5 -451.0 283 0 14.1 26.0 17.5 3.5 2 1 5 4 4
-6298.2 -7955.3 -448.4 281 0 20.3 21.6 17.5 3.5 2 1 5 5 5
-6333.4 -7948.0 -447.9 280 0 21.6 12.0 17.5 3.5 2 0 5 1 1
-6326.9 -7971.8 -448.4 10 0 15.9 16.4 17.5 3.5 2 1 5 2 2
-6373.2 -8012.0 -449.6 193 0 13.1 24.4 17.5 3.5 2 1 5 3 3
-6354.5 -7989.2 -449.1 287 0 23.9 12.9 17.5 0.0 0 0 5 2 2
-6360.8 -7972.9 -448.4 103 0 12.7 11.3 17.5 3.5 2 0 5 2 2
-6355.0 -7944.0 -448.0 281 0 13.6 15.9 17.5 3.5 2 1 5 3 3
-6393.4 -7952.0 -448.7 283 0 11.5 12.3 31.5 0.0 0 1 9 1 1
-6372.4 -7939.2 -448.3 284 0 10.7 19.6 31.5 0.0 0 1 9 1 1
-6390.1 -7935.4 -448.4 283 0 10.4 14.2 31.5 0.0 0 1 9 3 3
-6422.4 -7911.9 -448.2 102 0 11.0 18.1 28.0 0.0 0 1 8 4 4
-6445.2 -7897.6 -448.4 194 0 18.6 15.4 31.5 0.0 0 0 9 5 5
-6407.8 -8031.2 -450.9 281 0 9.9 21.9 7.0 3.5 2 1 2 5 5
-6439.3 -8025.0 -450.8 280 0 14.1 19.2 31.5 0.0 0 1 9 4 4
-6467.2 -8017.1 -450.5 284 0 14.5 16.3 28.0 0.0 0 1 8 2 2
-6492.1 -8119.9 -452.4 193 0 9.5 12.7 10.5 3.5 2 1 3 5 5
-6488.4 -8075.2 -451.5 192 0 15.2 16.2 28.0 0.0 0 1 8 4 4
-6458.5 -8087.5 -451.8 102 0 15.3 29.0 24.5 0.0 0 1 7 2 2
-6436.9 -8090.6 -452.0 101 0 13.2 23.5 31.5 0.0 0 1 9 5 5
-6463.5 -8107.2 -452.6 282 0 13.4 18.9 14.0 3.5 2 1 4 5 5
-6629.5 -7887.6 -450.2 281 0 8.0 17.7 10.5 3.5 2 1 3 4 4
-6597.1 -7894.3 -449.4 286 0 18.3 26.6 31.5 0.0 0 1 9 5 5
-6583.4 -7897.1 -449.2 285 0 6.0 26.9 10.5 0.0 0 1 3 1 1
-6572.9 -7899.0 -449.2 282 0 9.2 25.3 10.5 0.0 0 1 3 1 1
-6559.9 -7901.4 -449.0 285 0 12.2 26.7 31.5 0.0 0 1 9 1 1
-6540.3 -7905.4 -448.9 285 0 14.8 26.3 31.5 0.0 0 1 9 4 4
-6488.8 -7983.8 -450.1 11 0 12.6 21.2 7.0 3.5 2 1 2 5 5
-6701.4 -8036.7 -450.5 106 0 11.4 21.7 7.0 3.5 4 1 2 2 2
-6682.7 -7976.3 -450.0 284 0 11.7 20.9 17.5 3.5 2 1 5 5 5
-6640.2 -7925.8 -449.6 282 0 11.2 16.7 10.5 0.0 0 1 3 2 2
-6671.9 -7960.6 -449.7 100 0 12.2 14.3 14.0 3.5 2 1 4 5 5
-6706.7 -7953.0 -450.1 104 0 22.8 14.0 17.5 3.5 2 0 5 1 1
-6739.4 -7940.0 -450.5 189 0 15.6 15.0 17.5 3.5 4 0 5 5 5
-6725.4 -7910.1 -451.1 279 0 14.0 19.3 17.5 3.5 2 1 5 5 5
-6698.6 -7914.9 -450.5 281 0 21.1 16.1 10.5 3.5 2 0 3 1 1
-6664.5 -7882.2 -451.2 281 0 23.6 23.8 31.5 0.0 0 1 9 4 4
-6691.8 -7876.0 -451.7 280 0 18.3 26.2 31.5 0.0 0 1 9 4 4
-6729.9 -7882.8 -452.3 192 0 27.9 16.7 31.5 0.0 0 0 9 5 5
-6684.8 -7851.8 -452.1 102 0 15.6 22.7 31.5 0.0 0 1 9 5 5
-6667.8 -7798.9 -451.9 284 0 19.1 21.8 31.5 0.0 0 1 9 2 2
-6514.5 -7800.4 -449.3 278 0 13.5 18.9 28.0 0.0 0 1 8 5 5
-6510.5 -7891.0 -448.9 101 0 10.5 13.1 14.0 3.5 2 1 4 0 0
-6495.3 -7895.2 -448.9 101 0 13.9 21.5 24.5 0.0 0 1 7 2 2
-6533.1 -7885.8 -448.9 100 0 9.6 16.5 10.5 0.0 0 1 3 4 4
-6549.0 -7885.9 -449.0 102 0 13.8 23.3 17.5 3.5 2 1 5 3 3
-6478.6 -7806.3 -449.0 282 0 16.0 21.9 17.5 3.5 4 1 5 4 4
-6425.0 -7784.1 -448.5 190 0 10.1 18.5 17.5 0.0 0 1 5 4 4
-6421.1 -7758.5 -448.6 191 0 29.9 22.8 17.5 0.0 0 0 5 5 5
-6435.2 -7739.9 -449.0 17 0 15.0 17.5 17.5 3.5 2 1 5 5 5
-6111.7 -8670.4 -460.2 6 0 13.0 23.5 10.5 3.5 2 1 3 3 3
-6030.3 -8157.5 -454.6 192 0 16.5 25.9 10.5 3.5 2 1 3 5 5
-6010.6 -8121.0 -453.9 281 0 22.6 25.9 17.5 3.5 2 1 5 5 5
-6015.0 -8093.7 -452.9 193 0 18.7 25.6 28.0 0.0 0 1 8 4 4
-5979.8 -8114.5 -453.0 103 0 18.7 18.0 21.0 0.0 0 0 6 2 2
-5958.4 -8117.9 -453.0 101 0 13.2 18.2 28.0 0.0 0 1 8 3 3
-5978.1 -8141.2 -454.1 13 0 26.0 17.0 14.0 3.5 2 0 4 0 0
-5903.3 -8207.5 -457.2 11 0 18.6 17.4 17.5 3.5 2 0 5 4 4
-5922.2 -8141.7 -454.6 279 0 10.5 11.8 17.5 3.5 2 1 5 0 0
-5899.3 -8143.6 -455.4 279 0 16.5 17.0 10.5 3.5 2 1 3 0 0
-5957.2 -8157.8 -455.3 194 0 17.8 36.6 3.5 3.5 2 1 1 3 3
-5918.6 -8120.1 -453.7 102 0 18.9 23.1 28.0 0.0 0 1 8 1 1
-5901.6 -8084.4 -452.8 11 0 20.4 20.4 28.0 0.0 0 0 8 0 0
-5879.3 -8113.3 -453.9 10 0 17.1 16.5 17.5 3.5 2 0 5 5 5
-5875.6 -8089.4 -453.1 10 0 23.4 16.1 17.5 3.5 2 0 5 0 0
-5872.6 -8063.8 -451.9 13 0 19.4 53.5 17.5 3.5 2 1 5 1 1
-5852.3 -8020.3 -451.3 186 0 14.3 22.4 21.0 0.0 0 1 6 2 2
-5874.6 -8008.9 -450.9 280 0 23.2 14.6 17.5 3.5 4 0 5 1 1
-5899.8 -8001.7 -450.4 282 0 9.0 17.4 10.5 0.0 0 1 3 2 2
-5885.6 -7972.2 -451.3 281 0 13.9 20.1 10.5 3.5 2 1 3 5 5
-5869.4 -8002.5 -451.6 100 0 16.3 27.6 17.5 3.5 2 1 5 2 2
-5860.3 -7890.9 -453.3 105 0 8.2 9.5 10.5 3.5 2 1 3 1 1
-5871.9 -7867.4 -453.5 186 0 8.5 12.7 10.5 3.5 2 1 3 0 0
-5839.5 -7886.3 -453.7 15 0 22.9 9.0 10.5 0.0 0 0 3 5 5
-5834.9 -7853.4 -454.3 8 0 19.8 9.9 10.5 0.0 0 0 3 2 2
-5850.9 -7836.1 -454.2 286 0 9.8 22.0 10.5 0.0 0 1 3 1 1
-5900.9 -7882.4 -452.8 103 0 8.8 10.9 7.0 3.5 2 1 2 4 4
-5880.9 -7874.6 -453.3 16 0 26.7 11.4 10.5 3.5 2 0 3 0 0
-5915.9 -7863.1 -452.9 99 0 9.1 8.9 7.0 3.5 2 0 2 2 2
-5943.8 -7840.3 -453.0 189 0 10.6 22.1 17.5 3.5 2 1 5 3 3
-5938.6 -7815.2 -453.6 193 0 13.6 20.8 17.5 0.0 0 1 5 0 0
-5905.0 -7817.0 -453.7 282 0 12.8 21.7 17.5 3.5 2 1 5 4 4
-5873.4 -7839.0 -454.0 17 0 23.1 11.7 17.5 3.5 4 0 5 5 5
-5888.6 -7821.8 -453.8 288 0 10.6 22.7 14.0 3.5 2 1 4 5 5
-5947.6 -7864.1 -452.5 193 0 10.3 19.5 10.5 0.0 0 1 3 4 4
-5917.9 -7910.1 -452.2 105 0 11.7 13.9 7.0 3.5 2 1 2 1 1
-5902.0 -7915.6 -452.4 105 0 15.6 14.8 10.5 0.0 0 0 3 5 5
-5882.9 -7918.9 -452.6 102 0 16.3 13.7 7.0 3.5 2 0 2 5 5
-5865.6 -7934.3 -452.4 185 0 28.6 16.1 17.5 3.5 2 0 5 4 4
-5876.2 -7935.2 -452.1 275 0 11.3 23.5 14.0 0.0 0 1 4 3 3
-5893.4 -7930.9 -451.9 283 0 18.6 23.5 14.0 3.5 2 1 4 1 1
-5845.4 -7921.8 -453.0 10 0 17.6 18.1 14.0 3.5 2 1 4 4 4
-5918.0 -7941.5 -451.5 16 0 20.5 13.6 17.5 3.5 2 0 5 5 5
-5946.3 -7944.7 -451.4 104 0 14.3 19.7 17.5 3.5 2 1 5 2 2
-5966.5 -7918.7 -451.4 190 0 14.7 16.0 17.5 3.5 2 1 5 5 5
-5947.4 -7958.5 -450.2 285 0 8.5 9.0 10.5 3.5 4 1 3 5 5
-5961.8 -7977.1 -449.1 13 0 11.2 12.6 24.5 0.0 0 1 7 0 0
-5963.3 -7954.6 -449.7 284 0 14.2 12.7 24.5 0.0 0 0 7 3 3
-5949.8 -7990.0 -449.4 281 0 18.8 17.3 28.0 0.0 0 0 8 3 3
-5963.8 -7996.6 -449.3 11 0 19.3 20.2 17.5 3.5 2 1 5 3 3
-6545.7 -7675.5 -449.9 101 0 13.0 23.6 10.5 3.5 2 1 3 5 5
-6493.5 -7683.1 -449.6 103 0 27.8 24.8 17.5 0.0 0 0 5 2 2
-6477.7 -7633.5 -449.5 278 0 16.0 20.1 17.5 3.5 2 1 5 4 4
-6555.6 -7774.0 -449.8 100 0 9.2 14.9 10.5 0.0 0 1 3 0 0
-6537.0 -7774.9 -449.6 99 0 11.9 13.5 28.0 0.0 0 1 8 0 0
-6524.3 -7780.3 -449.5 99 0 13.5 13.7 28.0 0.0 0 1 8 5 5
-6506.0 -7783.9 -449.4 99 0 11.9 19.1 17.5 3.5 2 1 5 2 2
-6385.9 -7868.4 -448.1 11 0 17.9 19.0 17.5 3.5 2 1 5 1 1
-6383.8 -7848.4 -448.2 9 0 10.4 21.4 17.5 3.5 2 1 5 4 4
-6374.5 -7808.6 -448.4 104 0 12.2 20.9 17.5 0.0 0 1 5 3 3
-6350.1 -7736.6 -449.1 280 0 11.6 21.3 17.5 3.5 2 1 5 1 1
-6365.2 -7733.8 -448.9 280 0 10.9 22.3 17.5 3.5 2 1 5 5 5
-6415.3 -7736.0 -448.6 182 0 12.1 8.4 10.5 3.5 2 0 3 5 5
-6395.6 -7726.0 -448.6 281 0 6.6 12.0 10.5 3.5 2 1 3 5 5
-6371.2 -7683.0 -449.3 8 0 11.7 13.8 21.0 0.0 0 1 6 5 5
-6388.2 -7711.5 -449.1 103 0 12.8 19.9 17.5 3.5 2 1 5 2 2
-6428.1 -7688.1 -449.2 11 0 15.3 33.8 17.5 3.5 2 1 5 4 4
-6423.3 -7667.5 -449.0 13 0 21.9 13.7 17.5 3.5 2 0 5 4 4
-6418.2 -7641.5 -449.2 12 0 20.4 12.4 17.5 3.5 2 0 5 5 5
-6488.9 -7590.6 -449.5 280 0 12.5 20.4 10.5 3.5 2 1 3 4 4
-6469.5 -7594.9 -449.4 277 0 13.3 19.2 17.5 3.5 4 1 5 1 1
-6518.2 -7562.9 -449.5 98 0 11.6 15.0 10.5 3.5 2 1 3 5 5
-6496.3 -7568.2 -449.4 97 0 20.0 14.4 17.5 3.5 2 0 5 1 1
-6466.0 -7574.7 -449.3 102 0 13.6 24.4 28.0 0.0 0 1 8 2 2
-6419.4 -7605.3 -449.4 281 0 15.1 10.8 17.5 3.5 2 0 5 3 3
-6436.3 -7582.3 -449.6 101 0 11.7 26.4 17.5 3.5 2 1 5 1 1
-6401.5 -7541.3 -450.1 11 0 15.3 19.2 28.0 0.0 0 1 8 5 5
-6396.6 -7516.2 -450.4 11 0 16.1 19.4 21.0 0.0 0 1 6 0 0
-6257.4 -7775.3 -449.9 305 0 7.0 10.3 10.5 3.5 2 1 3 1 1
-6323.9 -8126.3 -453.3 111 0 8.7 11.7 10.5 3.5 2 1 3 1 1
-6340.9 -8088.5 -452.2 190 0 7.0 16.4 10.5 3.5 2 1 3 5 5
-6267.8 -8065.7 -451.9 282 0 23.9 14.5 17.5 3.5 2 0 5 4 4
-6323.6 -8050.3 -451.4 283 0 15.6 18.2 17.5 3.5 2 1 5 0 0
-6294.0 -7789.5 -449.3 7 0 6.5 16.1 10.5 3.5 2 1 3 3 3
-6305.3 -7798.4 -449.1 10 0 8.4 7.4 3.5 3.5 2 0 1 0 0
-6242.2 -7787.1 -450.0 308 0 7.7 10.9 10.5 3.5 4 1 3 3 3
-6233.5 -7793.9 -450.0 315 0 12.0 10.2 10.5 3.5 2 0 3 2 2
-6171.2 -7716.0 -451.7 106 0 9.7 9.9 3.5 3.5 2 1 1 4 4
-6150.3 -7642.3 -449.6 204 0 7.3 7.3 3.5 3.5 2 0 1 2 2
-6155.1 -7620.7 -448.9 200 0 8.4 7.7 3.5 3.5 2 0 1 1 1
-6241.8 -8073.5 -451.9 276 0 24.3 14.2 10.5 3.5 4 0 3 1 1
-6274.9 -8130.3 -453.8 128 0 12.6 22.7 14.0 3.5 2 1 4 4 4
-6285.2 -8145.1 -454.4 108 0 16.6 11.9 10.5 3.5 2 0 3 2 2
-6237.9 -8058.2 -450.9 98 0 23.2 13.6 17.5 3.5 2 0 5 0 0
-6191.0 -8046.5 -450.3 13 0 11.4 21.6 17.5 3.5 4 1 5 2 2
-6186.5 -8027.8 -449.9 10 0 18.7 22.3 17.5 3.5 2 1 5 3 3
-6210.0 -7973.7 -448.3 281 0 10.2 18.3 14.0 3.5 2 1 4 5 5
-6375.7 -7922.7 -447.8 107 0 8.0 17.8 10.5 3.5 2 1 3 1 1
-6350.0 -7929.9 -447.8 101 0 13.4 20.5 14.0 3.5 2 1 4 0 0
-6343.8 -7892.0 -447.8 279 0 13.7 14.6 14.0 0.0 0 1 4 1 1
-6340.0 -7872.8 -448.0 281 0 14.6 17.3 14.0 3.5 2 1 4 2 2
-6315.4 -7876.5 -448.3 284 0 13.4 7.4 10.5 3.5 2 0 3 4 4
-6289.8 -7883.2 -448.6 280 0 12.7 17.9 10.5 3.5 2 1 3 0 0
-6317.5 -7922.5 -447.9 9 0 22.4 18.7 17.5 3.5 2 0 5 5 5
-6282.0 -7943.4 -448.4 102 0 12.3 24.7 14.0 0.0 0 1 4 4 4
-6305.0 -7924.7 -448.2 192 0 24.2 13.6 14.0 3.5 2 0 4 5 5
-6272.5 -7886.4 -448.8 278 0 18.8 20.8 14.0 3.5 2 1 4 2 2
-6249.0 -7890.6 -449.1 281 0 20.9 20.7 14.0 3.5 2 0 4 3 3
-6147.0 -7856.8 -450.8 19 0 25.6 15.1 14.0 3.5 2 0 4 4 4
-6152.8 -7729.5 -451.8 104 0 11.6 15.2 10.5 3.5 2 1 3 4 4
-6132.7 -7734.6 -451.9 108 0 11.7 22.3 14.0 3.5 2 1 4 2 2
-6117.5 -7736.8 -452.1 105 0 11.5 20.9 14.0 3.5 4 1 4 0 0
-6091.0 -7748.5 -452.4 107 0 15.5 18.4 17.5 3.5 4 1 5 5 5
-6087.6 -7696.1 -451.9 290 0 11.6 23.3 17.5 0.0 0 1 5 2 2
-6133.0 -7826.4 -451.2 24 0 19.8 19.8 17.5 3.5 2 1 5 4 4
-6164.9 -7819.8 -451.1 110 0 15.5 21.1 14.0 3.5 2 1 4 1 1
-6182.8 -7738.9 -451.3 267 0 17.3 15.6 7.0 3.5 2 0 2 1 1
-6118.7 -7788.6 -451.6 16 0 9.1 13.8 10.5 3.5 2 1 3 4 4
-6117.5 -7750.8 -452.0 288 0 18.8 16.3 17.5 3.5 2 0 5 0 0
-6189.9 -7853.4 -450.4 196 0 10.8 22.0 10.5 3.5 2 1 3 4 4
-6116.8 -7840.9 -451.5 108 0 23.7 20.6 17.5 3.5 2 0 5 1 1
-6116.8 -7803.0 -451.8 197 0 19.8 22.4 17.5 3.5 2 1 5 3 3
-6062.3 -7770.1 -452.5 286 0 10.2 10.3 14.0 3.5 2 1 4 4 4
-6050.6 -7760.0 -452.8 106 0 8.2 14.7 10.5 3.5 2 1 3 4 4
-6062.5 -7716.1 -452.0 15 0 7.7 18.8 10.5 3.5 2 1 3 3 3
-6032.8 -7779.3 -452.8 287 0 8.5 9.7 10.5 3.5 2 1 3 0 0
-6020.5 -7781.8 -453.0 282 0 10.5 15.5 17.5 3.5 2 1 5 2 2
-6026.8 -7766.5 -453.0 109 0 9.9 21.5 10.5 3.5 2 1 3 1 1
-6054.7 -7718.2 -452.3 224 0 8.3 20.7 10.5 3.5 2 1 3 1 1
-5863.0 -7759.0 -455.1 288 0 13.1 20.4 3.5 3.5 2 1 1 5 5
-5804.2 -7778.5 -455.9 281 0 17.1 10.8 28.0 0.0 0 0 8 2 2
-6042.4 -8789.0 -460.5 11 0 16.0 14.2 3.5 3.5 2 0 1 2 2
-6093.6 -8826.2 -460.3 184 0 14.2 12.1 3.5 3.5 2 0 1 2 2
-6082.7 -8858.4 -460.3 88 0 14.2 14.1 7.0 3.5 2 0 2 2 2
-6098.2 -8567.8 -459.9 9 0 9.1 8.1 3.5 3.5 2 0 1 1 1
-6100.8 -8609.9 -460.2 7 0 15.6 11.9 7.0 0.0 0 0 2 4 4
-6110.1 -8458.4 -458.8 178 0 10.6 12.1 7.0 3.5 4 1 2 4 4
-6127.0 -8405.5 -458.2 93 0 30.9 12.5 3.5 3.5 2 0 1 3 3
-6132.9 -8302.2 -457.2 274 0 12.4 12.0 21.0 0.0 0 0 6 4 4
-6120.2 -8307.8 -457.4 274 0 15.1 26.4 24.5 0.0 0 1 7 5 5
-6109.6 -8349.0 -457.7 359 0 21.3 18.2 21.0 0.0 0 0 6 0 0
-6200.9 -8386.9 -458.9 194 0 12.2 12.2 7.0 3.5 2 0 2 0 0
-6171.6 -8405.9 -458.7 99 0 28.3 17.0 10.5 3.5 2 0 3 5 5
-6192.2 -8343.7 -458.5 281 0 18.7 34.0 14.0 3.5 4 1 4 2 2
-6159.3 -8266.0 -456.8 196 0 15.0 14.2 17.5 3.5 2 0 5 3 3
-6093.4 -8237.0 -456.6 12 0 26.8 12.6 21.0 0.0 0 0 6 1 1
-6112.9 -8290.6 -457.0 103 0 16.2 15.5 17.5 3.5 2 0 5 5 5
-6084.9 -8293.5 -457.1 176 0 7.8 20.0 10.5 0.0 0 1 3 4 4
-6035.5 -8301.1 -457.2 101 0 15.9 15.0 17.5 3.5 4 0 5 4 4
-6078.3 -8273.5 -457.0 192 0 21.7 17.0 17.5 3.5 2 0 5 1 1
-6069.7 -8317.8 -457.5 271 0 17.3 13.8 24.5 0.0 0 0 7 0 0
-6078.9 -8344.5 -457.7 176 0 11.7 19.2 24.5 0.0 0 1 7 5 5
-6074.9 -8369.1 -457.9 178 0 14.4 16.2 17.5 0.0 0 1 5 2 2
-6073.1 -8388.2 -458.1 180 0 11.9 15.3 17.5 3.5 2 1 5 3 3
-6059.5 -8630.1 -460.5 104 0 9.4 10.9 3.5 3.5 4 1 1 0 0
-6066.3 -8642.6 -460.5 279 0 27.5 15.8 3.5 3.5 2 0 1 3 3
-6049.3 -8537.5 -460.0 0 0 12.6 24.1 10.5 3.5 2 1 3 2 2
-6049.9 -8495.4 -459.4 355 0 9.6 26.4 10.5 3.5 2 1 3 4 4
-6078.1 -8481.8 -459.2 178 0 9.1 26.5 10.5 3.5 2 1 3 5 5
-6073.6 -8450.6 -458.8 184 0 13.8 20.7 17.5 3.5 2 1 5 2 2
-6038.9 -8419.3 -458.7 252 0 10.4 20.8 17.5 3.5 2 1 5 0 0
-6020.9 -8412.6 -458.8 252 0 12.9 19.4 17.5 3.5 2 1 5 4 4
-5985.6 -8427.1 -459.1 83 0 12.8 25.2 17.5 3.5 4 1 5 2 2
-5948.0 -8415.6 -459.3 70 0 10.4 26.4 17.5 3.5 2 1 5 4 4
-5934.6 -8408.6 -459.4 75 0 9.6 24.7 10.5 3.5 2 1 3 4 4
-5822.8 -8313.5 -459.9 281 0 17.6 19.8 14.0 3.5 2 1 4 3 3
-5836.4 -8369.4 -460.0 103 0 17.4 13.7 14.0 3.5 2 0 4 3 3
-5863.6 -8419.6 -460.7 274 0 21.9 30.7 12.5 0.0 0 1 5 0 0
-5787.2 -8362.4 -460.6 13 0 27.4 10.8 31.5 0.0 0 0 9 2 2
-5778.1 -8296.5 -460.5 281 0 11.9 27.4 31.5 0.0 0 1 9 5 5
-5813.2 -8287.0 -460.0 281 0 27.7 13.1 17.5 3.5 2 0 5 1 1
-6156.3 -8794.2 -460.0 185 0 52.8 20.0 17.5 3.5 2 0 5 2 2
-6654.0 -8398.9 -454.4 119 0 16.7 13.5 7.0 3.5 2 0 2 4 4
-6527.1 -8304.8 -455.3 184 0 9.2 11.4 10.5 3.5 2 1 3 0 0
-6534.0 -8364.8 -455.6 182 0 13.3 14.2 14.0 3.5 2 1 4 0 0
-6397.8 -7820.2 -448.3 283 0 9.6 12.5 10.5 3.5 2 1 3 1 1
-6376.1 -7857.3 -448.1 99 0 7.7 15.6 3.5 3.5 2 1 1 4 4
-6371.9 -7825.3 -448.2 280 0 10.0 11.7 3.5 3.5 2 1 1 4 4
-6324.1 -7782.0 -449.0 8 0 7.1 8.7 3.5 3.5 2 1 1 0 0
-6314.6 -7784.3 -449.1 10 0 8.0 8.0 3.5 3.5 2 0 1 5 5
-6336.6 -7762.8 -449.0 282 0 7.0 10.4 10.5 3.5 2 1 3 0 0
-6310.1 -7745.2 -449.5 284 0 7.4 19.2 10.5 0.0 0 1 3 1 1
-6313.7 -7734.9 -449.9 98 0 16.6 19.1 24.5 0.0 0 1 7 5 5
-6346.6 -7716.1 -449.5 188 0 14.9 13.9 17.5 3.5 2 0 5 5 5
-6357.2 -7619.1 -449.9 281 0 10.7 10.2 10.5 3.5 2 0 3 1 1
-6352.9 -7602.8 -449.5 102 0 10.0 14.9 10.5 0.0 0 1 3 5 5
-6386.9 -7612.6 -449.6 278 0 11.1 11.4 17.5 3.5 2 1 5 3 3
-5327.2 -8080.8 -459.8 331 0 24.7 14.9 17.5 0.0 0 0 5 0 0
-5357.9 -8050.8 -460.2 236 0 15.4 22.5 28.0 0.0 0 1 8 1 1
-5056.8 -8353.4 -463.5 17 0 12.3 17.1 7.0 3.5 2 1 2 4 4
-5187.6 -8303.4 -462.6 99 0 15.5 32.8 3.5 3.5 2 1 1 5 5
-5166.7 -8277.2 -462.4 276 0 10.9 19.9 10.5 3.5 2 1 3 5 5
-5149.2 -8303.0 -462.6 96 0 17.4 23.2 14.0 3.5 2 1 4 3 3
-5114.9 -8283.7 -462.3 280 0 12.3 24.1 14.0 3.5 2 1 4 5 5
-5096.1 -8286.5 -462.1 278 0 12.0 23.5 14.0 3.5 2 1 4 0 0
-5073.9 -8290.7 -462.2 276 0 11.9 22.8 17.5 0.0 0 1 5 5 5
-5258.5 -8239.5 -461.0 101 0 14.0 14.4 28.0 0.0 0 1 8 5 5
-5265.7 -8202.3 -459.0 189 0 17.9 18.3 24.5 0.0 0 1 7 1 1
-5233.4 -8230.0 -461.4 99 0 17.2 26.7 24.5 0.0 0 1 7 0 0
-5207.7 -8244.9 -461.6 100 0 18.4 39.7 14.0 3.5 2 1 4 3 3
-4598.6 -8352.1 -467.3 104 0 17.9 26.2 17.5 3.5 2 1 5 5 5
-4622.2 -8348.2 -467.0 101 0 12.2 27.2 14.0 3.5 2 1 4 2 2
-4614.4 -8491.5 -468.3 107 0 48.2 29.0 5.0 0.0 0 0 2 0 0
-4671.6 -8363.3 -466.9 282 0 16.3 23.9 17.5 0.0 0 1 5 0 0
-4710.7 -8365.6 -466.7 190 0 21.4 16.0 14.0 0.0 0 0 4 0 0
-4770.8 -8342.8 -465.2 282 0 19.1 15.8 14.0 3.5 2 0 4 0 0
-4739.9 -8321.4 -465.4 101 0 17.2 23.7 17.5 3.5 4 1 5 1 1
-4769.5 -8316.4 -464.5 103 0 18.0 25.9 17.5 3.5 2 1 5 2 2
-4797.1 -8309.2 -463.9 107 0 17.1 22.8 17.5 3.5 2 1 5 4 4
-4874.2 -8295.9 -462.1 101 0 21.9 25.0 24.5 0.0 0 1 7 0 0
-4843.6 -8299.8 -462.9 100 0 15.4 23.4 28.0 0.0 0 1 8 4 4
-4852.8 -8349.7 -464.3 100 0 14.2 22.7 28.0 0.0 0 1 8 1 1
-4891.2 -8340.4 -463.4 102 0 12.8 20.7 14.0 3.5 2 1 4 2 2
-4897.0 -8278.9 -461.2 98 0 17.0 18.1 17.5 3.5 2 1 5 3 3
-4913.0 -8338.4 -463.0 102 0 17.1 21.9 10.5 0.0 0 1 3 3 3
-4941.4 -8280.4 -460.9 98 0 11.3 23.9 21.0 0.0 0 1 6 3 3
-4972.9 -8277.1 -460.7 103 0 21.7 26.0 17.5 0.0 0 1 5 5 5
-5053.0 -8332.4 -463.0 3 0 17.9 19.8 10.5 3.5 2 1 3 3 3
-5008.6 -8266.0 -460.6 98 0 24.7 23.1 17.5 3.5 2 0 5 3 3
-5460.1 -8000.5 -460.1 325 0 19.5 14.4 28.0 0.0 0 0 8 2 2
-5503.5 -8035.2 -459.3 121 0 17.6 16.6 28.0 0.0 0 0 8 0 0
-5530.3 -8010.3 -458.2 208 0 24.7 13.6 28.0 0.0 0 0 8 3 3
-5466.9 -8050.9 -459.4 22 0 9.8 21.2 10.5 0.0 0 1 3 5 5
-5608.6 -8119.9 -455.9 13 0 18.7 11.3 17.5 3.5 2 0 5 0 0
-5579.3 -8127.4 -456.1 8 0 12.2 25.5 17.5 3.5 2 1 5 4 4
-5694.4 -8055.7 -453.0 188 0 15.2 27.7 17.5 3.5 2 1 5 0 0
-5661.1 -8027.8 -453.6 5 0 13.2 20.4 14.0 0.0 0 1 4 5 5
-5658.6 -8010.0 -454.0 5 0 17.2 20.3 14.0 3.5 4 1 4 5 5
-5622.0 -8012.4 -455.0 300 0 15.6 21.3 24.5 0.0 0 1 7 4 4
-5341.0 -8108.9 -457.0 277 0 12.6 27.3 17.5 3.5 2 1 5 0 0
-5366.6 -8115.4 -456.7 188 0 21.1 11.7 21.0 0.0 0 0 6 5 5
-5388.6 -8111.0 -456.7 189 0 22.7 15.7 17.5 3.5 2 0 5 4 4
-5430.2 -8101.5 -456.2 295 0 24.4 19.6 17.5 3.5 2 0 5 0 0
-5407.3 -8163.4 -454.2 4 0 26.3 8.3 10.5 3.5 2 0 3 5 5
-5418.7 -8161.3 -454.2 7 0 27.9 8.6 10.5 3.5 2 0 3 0 0
-5430.1 -8159.7 -454.4 11 0 28.3 9.8 10.5 3.5 2 0 3 2 2
-5446.1 -8155.5 -454.9 8 0 25.0 11.8 17.5 3.5 4 0 5 4 4
-5475.7 -8152.0 -455.6 191 0 29.2 13.6 17.5 0.0 0 0 5 0 0
-5492.4 -8147.0 -456.1 187 0 26.7 11.9 17.5 3.5 2 0 5 2 2
-5506.9 -8145.8 -456.8 189 0 28.2 10.3 17.5 3.5 2 0 5 5 5
-5466.1 -8091.1 -456.4 282 0 14.7 17.2 17.5 3.5 2 1 5 2 2
-5509.9 -8103.5 -458.0 102 0 12.9 24.2 10.5 3.5 2 1 3 4 4
-5485.7 -8083.2 -457.3 282 0 16.1 22.3 17.5 3.5 2 1 5 0 0
-5522.6 -8075.4 -458.2 279 0 15.3 23.9 17.5 3.5 2 1 5 2 2
-5540.6 -8071.9 -457.9 279 0 12.8 23.0 17.5 3.5 2 1 5 3 3
-5566.9 -8185.6 -458.2 98 0 11.6 17.6 17.5 3.5 4 1 5 3 3
-5552.7 -8191.5 -458.4 104 0 10.4 16.7 17.5 3.5 2 1 5 3 3
-5522.4 -8185.5 -458.6 13 0 21.8 14.8 14.0 3.5 4 0 4 5 5
-5502.1 -8200.3 -458.2 101 0 13.6 17.5 17.5 3.5 2 1 5 0 0
-5511.9 -8231.8 -460.1 189 0 18.4 14.5 14.0 3.5 2 0 4 3 3
-5482.4 -8203.4 -457.5 102 0 13.6 18.8 17.5 3.5 2 1 5 1 1
-5463.5 -8208.0 -457.2 103 0 13.5 20.6 14.0 3.5 2 1 4 4 4
-5462.3 -8230.9 -459.7 280 0 14.0 16.7 10.5 3.5 2 1 3 1 1
-5422.4 -8241.3 -459.3 279 0 12.5 15.3 10.5 3.5 2 1 3 1 1
-5393.5 -8173.6 -454.8 187 0 20.3 20.1 21.0 0.0 0 0 6 5 5
-5364.0 -8178.1 -455.5 197 0 17.4 22.3 24.5 0.0 0 1 7 3 3
-5327.5 -8194.9 -456.1 102 0 18.2 16.9 28.0 0.0 0 0 8 4 4
-5279.3 -8198.4 -457.5 13 0 19.3 32.6 17.5 0.0 0 1 5 2 2
-5749.8 -7780.1 -456.7 275 0 16.8 16.4 10.5 3.5 4 0 3 5 5
-5774.8 -7778.1 -456.4 276 0 21.3 19.8 17.5 3.5 4 0 5 1 1
-5778.1 -7900.9 -454.3 5 0 19.7 21.7 17.5 3.5 4 1 5 2 2
-5778.4 -7861.6 -455.0 3 0 19.8 18.8 21.0 0.0 0 0 6 5 5
-5719.8 -7856.8 -456.0 275 0 21.1 32.3 17.5 0.0 0 1 5 5 5
-5725.0 -7918.1 -455.3 96 0 24.2 20.8 17.5 0.0 0 0 5 5 5
-5657.8 -7924.4 -455.7 173 0 25.3 12.7 17.5 3.5 2 0 5 2 2
-5667.9 -8106.9 -454.2 9 0 18.9 13.1 17.5 3.5 2 0 5 0 0
-5646.5 -8112.5 -455.3 194 0 21.7 10.1 17.5 3.5 4 0 5 4 4
-5657.2 -8110.6 -455.0 194 0 23.3 9.7 10.5 3.5 2 0 3 4 4
-5702.9 -8158.0 -456.0 104 0 13.3 13.2 7.0 0.0 0 0 2 1 1
-5721.4 -8158.2 -455.7 104 0 19.0 19.9 17.5 3.5 2 1 5 0 0
-5714.4 -8180.0 -458.0 281 0 17.6 18.0 17.5 3.5 2 1 5 0 0
-5818.0 -8136.2 -454.1 102 0 17.5 20.0 17.5 3.5 2 1 5 0 0
-5787.7 -8131.7 -453.8 14 0 20.0 10.1 17.5 3.5 2 0 5 4 4
-5757.0 -8149.0 -454.9 104 0 19.2 18.7 17.5 3.5 2 0 5 4 4
-5778.2 -8175.9 -456.8 190 0 17.5 17.1 17.5 3.5 2 0 5 3 3
-5795.9 -8175.0 -456.4 12 0 23.0 17.1 17.5 3.5 2 0 5 4 4
-5824.9 -8157.4 -456.0 282 0 15.9 25.6 17.5 3.5 2 1 5 4 4
-5848.3 -8152.3 -456.2 280 0 13.1 30.3 17.5 3.5 2 1 5 0 0
-5439.0 -8408.3 -462.3 277 0 11.4 7.2 2.5 0.0 0 0 1 2 2
-5531.5 -8386.9 -462.0 283 0 12.7 12.3 2.5 2.5 2 0 1 1 1
-5434.3 -8365.0 -462.2 285 0 33.2 20.9 3.5 0.0 0 0 1 5 5
-5511.2 -8348.0 -461.8 280 0 19.5 20.3 28.0 0.0 0 1 8 5 5
-5546.7 -8340.5 -461.9 283 0 16.1 19.6 28.0 0.0 0 1 8 5 5
-5634.8 -8322.8 -461.9 281 0 21.6 19.1 17.5 3.5 2 0 5 2 2
-5672.5 -8340.2 -461.9 103 0 14.7 25.3 17.5 3.5 2 1 5 1 1
-5582.0 -8333.9 -461.9 278 0 12.8 13.6 28.0 0.0 0 1 8 3 3
-5601.8 -8298.3 -461.2 13 0 15.4 16.7 10.5 3.5 2 1 3 5 5
-5544.1 -8256.2 -460.3 96 0 14.8 32.3 21.0 0.0 0 1 6 4 4
-5578.3 -8232.6 -460.2 187 0 32.0 16.1 17.5 3.5 2 0 5 1 1
-5601.0 -8272.8 -460.7 11 0 15.9 18.4 21.0 0.0 0 1 6 1 1
-5657.7 -8293.1 -461.2 101 0 16.2 26.0 21.0 0.0 0 1 6 1 1
-5787.7 -8239.3 -459.9 190 0 41.9 18.7 10.5 3.5 2 0 3 1 1
-5688.1 -8185.8 -459.0 280 0 11.9 20.3 17.5 3.5 2 1 5 4 4
-5605.0 -8180.6 -458.2 101 0 22.3 15.2 21.0 0.0 0 0 6 2 2
-5593.9 -8214.9 -459.9 9 0 15.9 18.5 28.0 0.0 0 1 8 1 1
-5645.2 -8170.3 -458.0 101 0 22.8 19.8 17.5 3.5 4 0 5 0 0
-5683.6 -8162.5 -456.7 102 0 11.6 16.3 7.0 3.5 2 1 2 1 1
-5659.5 -8204.6 -460.0 189 0 22.6 18.2 17.5 3.5 2 0 5 5 5
-5516.2 -8288.9 -461.4 190 0 17.2 19.6 17.5 3.5 2 1 5 4 4
-5491.3 -8328.5 -461.7 98 0 16.5 16.7 14.0 3.5 2 1 4 0 0
-5472.3 -8333.5 -461.6 102 0 15.2 18.2 14.0 3.5 2 1 4 4 4
-5450.8 -8337.4 -461.7 102 0 15.0 16.7 10.5 3.5 2 1 3 3 3
-5417.6 -8336.2 -461.9 15 0 18.5 16.5 14.0 3.5 2 0 4 5 5
-5426.8 -8281.9 -461.0 102 0 19.5 16.8 21.0 0.0 0 0 6 4 4
-5425.8 -8298.1 -461.7 280 0 17.1 16.4 17.5 3.5 2 0 5 0 0
-5215.2 -8265.0 -462.1 275 0 14.6 12.3 3.5 3.5 2 0 1 2 2
-5261.6 -8263.7 -462.2 281 0 21.9 15.4 14.0 3.5 2 0 4 5 5
-5235.7 -8266.0 -462.3 278 0 15.9 16.8 10.5 3.5 2 1 3 0 0
-5304.9 -8289.1 -462.5 99 0 28.9 36.6 3.5 0.0 0 1 1 2 2
-5833.7 -7891.5 -454.0 193 0 17.0 30.0 14.0 3.5 2 1 4 0 0
-5830.7 -7874.6 -454.2 188 0 9.6 24.5 10.5 3.5 2 1 3 1 1
-5827.4 -7854.2 -454.7 193 0 20.2 25.3 17.5 3.5 4 1 5 5 5
-5842.0 -7941.1 -452.8 189 0 13.2 16.7 17.5 0.0 0 1 5 4 4
-5836.6 -7922.7 -453.2 192 0 15.8 14.0 14.0 3.5 2 0 4 3 3
-5812.5 -7919.1 -453.4 274 0 12.2 17.6 14.0 3.5 2 1 4 2 2
-5788.6 -7923.3 -453.7 282 0 27.0 18.9 10.5 3.5 2 0 3 2 2
-5762.9 -8013.3 -452.3 100 0 7.0 16.9 7.0 3.5 2 1 2 1 1
-5798.9 -7974.7 -453.1 100 0 14.5 22.3 17.5 0.0 0 1 5 5 5
-5815.4 -7970.0 -452.8 98 0 10.3 20.9 17.5 3.5 2 1 5 5 5
-5844.1 -7958.2 -452.5 190 0 14.2 19.2 17.5 3.5 2 1 5 1 1
-5820.2 -7983.6 -452.1 281 0 7.5 11.1 10.5 3.5 2 1 3 0 0
-5836.0 -7981.8 -451.9 282 0 16.0 24.4 17.5 3.5 4 1 5 2 2
-5750.2 -8115.3 -453.3 192 0 12.2 12.2 10.5 3.5 2 0 3 4 4
-5772.6 -8110.4 -452.7 192 0 11.3 10.4 14.0 3.5 2 0 4 0 0
-5779.5 -8108.7 -452.5 15 1 11.5 11.3 17.5 3.5 2 0 5 1 1
-5869.3 -8107.5 -453.6 190 0 12.2 13.2 14.0 3.5 2 1 4 2 2
-5865.7 -8091.6 -453.0 188 0 12.5 12.6 17.5 3.5 2 1 5 3 3
-5861.5 -8069.0 -452.3 190 0 20.7 41.5 17.5 3.5 2 1 5 3 3
-5805.3 -8078.0 -452.2 7 0 18.2 10.3 21.0 0.0 0 0 6 2 2
-5836.7 -8132.1 -454.2 104 0 10.9 18.6 14.0 3.5 2 1 4 4 4
-5787.0 -8034.7 -451.2 5 0 14.1 12.6 28.0 0.0 0 0 8 5 5
-5769.6 -8032.6 -451.3 282 0 9.4 14.1 10.5 0.0 0 1 3 2 2
-5795.3 -7987.0 -452.3 283 0 23.6 17.4 7.0 0.0 0 0 2 5 5
-5704.5 -7981.2 -453.7 97 0 9.2 13.0 10.5 3.5 2 1 3 4 4
-5742.6 -7981.0 -453.4 98 0 23.9 18.6 14.0 3.5 2 0 4 1 1
-5773.9 -7977.8 -453.4 100 0 30.3 21.8 14.0 0.0 0 0 4 4 4
-5775.4 -7991.4 -452.3 276 0 9.7 10.9 3.5 3.5 2 1 1 4 4
-5735.3 -7997.7 -452.6 280 0 11.6 20.9 10.5 3.5 2 1 3 2 2
-5719.5 -7998.1 -452.8 279 0 12.5 23.7 10.5 3.5 2 1 3 2 2
-5700.9 -8053.1 -452.3 12 0 18.2 55.5 17.5 3.5 2 1 5 3 3
-5705.4 -7937.7 -454.3 273 0 12.2 19.0 14.0 3.5 2 1 4 1 1
-5687.0 -7937.9 -454.5 277 0 14.5 20.8 14.0 3.5 2 1 4 0 0
-5698.6 -8012.7 -453.0 8 0 25.9 12.7 14.0 3.5 2 0 4 2 2
-5619.6 -7987.8 -455.5 130 0 8.2 6.4 3.5 3.5 2 0 1 1 1
-5636.3 -7973.3 -455.4 129 0 16.4 11.2 17.5 3.5 2 0 5 1 1
-5610.6 -7903.8 -456.8 354 0 19.9 14.9 17.5 3.5 2 0 5 5 5
-5603.1 -7940.5 -456.5 348 0 25.1 12.5 31.5 0.0 0 0 9 5 5
-5578.4 -7977.7 -456.8 293 0 12.8 23.8 17.5 3.5 2 1 5 5 5
-5558.8 -8001.9 -457.4 29 0 23.8 13.5 17.5 3.5 2 0 5 3 3
-5524.9 -7955.0 -458.9 51 0 11.7 20.7 17.5 3.5 2 1 5 2 2
-5547.5 -7905.2 -458.9 252 0 14.6 21.4 28.0 0.0 0 1 8 2 2
-5585.7 -7920.6 -457.9 167 0 36.6 14.1 28.0 0.0 0 0 8 1 1
-5500.9 -7958.1 -459.5 237 0 13.2 19.1 28.0 0.0 0 1 8 5 5
-5402.5 -7987.0 -461.1 323 0 40.7 14.1 24.5 0.0 0 0 7 5 5
-5376.2 -8043.0 -460.6 68 0 13.7 21.7 28.0 0.0 0 1 8 2 2
-6105.5 -9189.2 -459.3 165 0 12.1 14.5 7.0 3.5 2 1 2 3 3
-6064.4 -9242.5 -460.0 74 0 12.4 11.0 7.0 3.5 2 0 2 3 3
-5982.8 -9182.6 -461.3 27 0 14.5 15.7 10.5 3.5 2 1 3 3 3
-6055.7 -9201.8 -460.3 122 0 12.5 13.4 7.0 3.5 2 1 2 2 2
-5879.0 -9263.1 -462.6 292 0 11.9 14.4 3.5 3.5 2 1 1 2 2
-6129.3 -9194.1 -459.0 165 0 4.7 7.9 3.5 3.5 2 1 1 3 3
-6169.8 -9130.5 -459.1 91 0 14.0 15.0 14.0 3.5 4 1 4 4 4
-6152.9 -9112.5 -459.2 252 0 11.4 8.2 3.5 3.5 4 0 1 0 0
-6134.2 -9181.6 -459.1 79 0 14.5 21.0 3.5 3.5 2 1 1 1 1
-6135.7 -9060.5 -459.5 182 0 15.8 14.7 7.0 3.5 2 0 2 5 5
-1145.9 -9829.4 -482.3 330 0 10.5 15.4 5.0 2.5 4 1 2 4 4
2121.5 1062.2 -202.7 146 0 11.5 14.7 7.5 0.0 0 1 3 0 0
