2406.6 10041.1 -649.3 354 0 40.7 16.6 7.5 2.5 2 0 3 0 0
-5475.3 6226.0 -673.5 59 0 18.0 27.0 10.0 0.0 0 1 4 2 2
-5381.7 6350.0 -689.1 277 0 14.4 22.9 12.5 2.5 2 1 5 5 5
-6107.3 6194.2 -664.7 13 0 8.1 9.7 5.0 2.5 2 1 2 3 3
-4862.3 6416.0 -710.0 197 0 30.1 10.2 12.5 2.5 2 0 5 5 5
-5599.9 6457.0 -684.6 31 0 8.2 10.0 2.5 0.0 0 1 1 3 3
-5790.1 6291.8 -678.2 145 0 18.9 10.7 5.0 2.5 2 0 2 3 3
-5527.1 6299.1 -680.3 331 0 12.1 8.3 7.5 2.5 2 0 3 5 5
-6086.0 6192.5 -665.8 15 0 12.2 14.5 2.5 2.5 2 1 1 5 5
-5990.9 6200.1 -667.0 301 0 15.6 13.6 7.5 2.5 2 0 3 1 1
-5029.0 6756.9 -693.7 73 0 22.5 19.0 12.5 2.5 2 0 5 3 3
-5296.3 6376.8 -690.9 307 0 12.2 12.5 5.0 2.5 2 1 2 0 0
-5654.4 6200.7 -665.8 199 0 9.5 11.3 5.0 2.5 2 1 2 1 1
-6074.9 6213.9 -666.8 15 0 10.3 12.6 10.0 0.0 0 1 4 4 4
-4591.0 6403.2 -718.2 199 0 15.6 11.9 5.0 2.5 2 0 2 4 4
-5829.9 6463.4 -667.3 135 0 9.9 11.4 5.0 2.5 2 1 2 2 2
-4871.6 5234.7 -497.3 14 0 26.9 33.8 12.5 0.0 0 1 5 0 0
-5731.4 6709.6 -690.1 171 0 18.3 11.1 10.0 2.5 2 0 4 3 3
-5615.7 6205.5 -667.0 27 0 15.1 9.3 5.0 0.0 0 0 2 0 0
-5696.1 6617.8 -684.6 86 0 8.2 12.1 7.5 2.5 2 1 3 4 4
-6257.2 6100.6 -657.1 137 0 19.4 11.6 10.0 2.5 2 0 4 3 3
-5693.7 6683.3 -687.6 287 0 8.3 12.5 7.5 2.5 4 1 3 0 0
-5584.3 6040.5 -647.3 186 0 12.0 12.5 7.5 2.5 2 1 3 5 5
-6265.0 6152.6 -658.2 150 0 11.1 10.2 2.5 2.5 2 0 1 1 1
-5835.2 6140.3 -668.4 96 0 8.9 12.1 7.5 2.5 2 1 3 3 3
-5582.3 6437.4 -685.1 134 0 11.8 9.3 7.5 2.5 2 0 3 5 5
-6272.4 6207.5 -657.6 223 0 8.4 11.4 7.5 2.5 2 1 3 1 1
-5545.6 6596.9 -687.6 132 0 7.7 9.5 7.5 2.5 2 1 3 0 0
-5075.3 6354.1 -692.1 183 0 8.3 15.8 2.5 2.5 2 1 1 3 3
-5813.0 6373.2 -676.5 117 0 16.1 13.2 7.5 2.5 4 0 3 2 2
-5336.0 6161.2 -664.5 59 0 15.6 10.9 10.0 2.5 2 0 4 2 2
-6061.6 6161.7 -664.9 266 0 13.1 14.1 7.5 2.5 2 1 3 4 4
-5012.1 6413.5 -689.4 331 0 14.1 12.5 5.0 2.5 2 0 2 5 5
-5923.2 6240.2 -671.5 97 0 9.8 10.0 5.0 2.5 2 1 2 3 3
-4952.8 5196.9 -489.1 43 0 11.0 7.8 7.5 2.5 4 0 3 5 5
-5659.6 6327.5 -683.1 68 0 8.9 13.6 5.0 2.5 2 1 2 0 0
-6153.1 6185.6 -663.0 209 0 19.4 11.4 10.0 2.5 2 0 4 2 2
-4990.1 6365.4 -693.7 242 0 13.1 13.0 5.0 2.5 2 0 2 5 5
-5330.0 6250.3 -678.0 73 0 13.7 9.8 7.5 2.5 2 0 3 4 4
-4997.2 5179.6 -488.3 92 0 10.2 26.4 10.0 2.5 2 1 4 3 3
-5569.5 5962.3 -640.1 151 0 10.6 10.8 5.0 2.5 2 1 2 2 2
-4543.7 6203.3 -706.0 88 0 15.8 16.5 10.0 2.5 2 1 4 5 5
-6132.4 6127.0 -662.3 79 0 12.4 10.8 2.5 2.5 4 0 1 5 5
-5757.0 6136.6 -666.5 165 0 11.7 10.7 7.5 2.5 4 0 3 3 3
-6305.4 6005.2 -635.0 107 0 11.4 11.0 10.0 2.5 2 0 4 4 4
-5691.9 6724.7 -689.4 62 0 12.4 12.7 5.0 2.5 2 1 2 0 0
-5740.4 6140.0 -665.5 182 0 10.1 7.9 2.5 2.5 2 0 1 4 4
-6087.6 5994.5 -642.8 97 0 12.3 17.0 2.5 0.0 0 1 1 0 0
-5258.0 6259.9 -681.0 97 0 10.7 12.1 7.5 2.5 2 1 3 1 1
-6561.9 4579.3 -311.5 83 0 9.6 12.7 5.0 2.5 2 1 2 5 5
-5508.8 6392.4 -686.4 317 0 6.5 9.5 5.0 0.0 0 1 2 5 5
-5488.1 6341.5 -687.0 198 0 10.5 9.9 5.0 2.5 2 0 2 2 2
-5759.0 6222.9 -673.5 208 0 8.4 11.0 7.5 2.5 2 1 3 1 1
-6595.8 4575.4 -310.9 87 0 46.0 14.9 12.5 2.5 2 0 5 5 5
-5498.2 6183.1 -666.9 28 0 49.7 17.1 10.0 2.5 4 0 4 0 0
-5424.0 6458.9 -688.8 149 0 9.8 11.3 5.0 2.5 2 1 2 3 3
-6173.0 6071.8 -651.2 266 0 9.1 11.0 2.5 2.5 2 1 1 0 0
-5030.3 6327.6 -690.9 216 0 10.9 19.4 7.5 2.5 2 1 3 5 5
-5629.3 6471.0 -684.0 34 0 12.1 12.7 2.5 2.5 4 1 1 5 5
-1244.7 4047.1 -397.6 173 0 12.8 9.8 5.0 2.5 2 0 2 0 0
-5961.4 6001.0 -648.0 274 0 6.5 5.8 5.0 2.5 4 0 2 3 3
-1261.4 4119.8 -410.4 252 0 9.4 15.6 7.5 2.5 4 1 3 1 1
-1625.8 4377.4 -459.5 72 0 8.9 8.0 5.0 2.5 2 0 2 5 5
-5888.8 6013.0 -655.1 26 0 10.6 9.2 5.0 0.0 0 0 2 2 2
-1571.0 4258.7 -435.3 30 0 9.1 10.4 7.5 2.5 2 1 3 0 0
-5516.8 6482.0 -686.5 60 0 11.6 7.6 2.5 2.5 2 0 1 0 0
-1240.4 4180.4 -426.4 118 0 7.8 9.5 2.5 2.5 2 1 1 2 2
-5722.8 6187.0 -669.0 7 0 7.6 11.0 5.0 0.0 0 1 2 0 0
-1735.8 4458.7 -480.4 261 0 10.2 13.3 7.5 2.5 2 1 3 2 2
-5034.5 8204.7 -934.8 134 0 7.2 11.9 7.5 2.5 2 1 3 2 2
-5087.0 8278.5 -920.6 100 0 8.7 7.2 5.0 2.5 2 0 2 2 2
-5076.2 8320.1 -923.6 178 0 11.4 8.5 7.5 2.5 2 0 3 3 3
-4881.0 8266.3 -965.0 77 0 14.9 14.6 7.5 2.5 2 0 3 1 1
-3259.3 7295.1 -783.2 90 0 6.7 9.2 2.5 2.5 2 1 1 1 1
-2843.0 6956.3 -786.0 90 0 13.5 16.9 7.5 2.5 2 1 3 4 4
-3162.2 7267.3 -784.9 67 0 8.9 10.5 5.0 0.0 0 1 2 3 3
-2964.4 7133.2 -788.8 47 0 12.0 16.4 7.5 2.5 2 1 3 4 4
1574.3 3040.3 231.2 41 0 11.4 15.9 5.0 2.5 2 1 2 5 5
-5720.9 6523.8 -682.1 6 0 34.7 11.9 5.0 2.5 2 0 2 1 1
2415.9 10003.3 -643.0 262 0 10.0 32.9 7.5 2.5 2 1 3 1 1
-1523.4 4370.3 -465.9 106 0 9.5 6.2 5.0 2.5 2 0 2 1 1
-1498.8 4349.2 -462.4 286 0 10.2 15.8 5.0 2.5 2 1 2 0 0
-5393.4 5600.7 -602.7 98 0 10.4 8.9 2.5 2.5 2 0 1 4 4
-542.2 3568.2 -204.7 48 0 10.8 12.1 5.0 0.0 0 1 2 3 3
-5462.0 5678.7 -621.2 78 0 8.8 6.4 7.5 2.5 2 0 3 4 4
-4907.4 5011.0 -460.1 143 0 14.2 12.8 5.0 0.0 0 0 2 5 5
-454.8 3654.7 -194.1 80 0 10.5 11.1 2.5 2.5 4 1 1 1 1
-1441.4 4332.1 -466.9 126 0 12.2 11.0 7.5 2.5 2 0 3 3 3
-1024.3 4114.3 -410.5 195 0 7.9 10.4 5.0 2.5 2 1 2 4 4
978.5 3763.4 41.6 172 0 6.5 5.2 7.5 2.5 2 0 3 1 1
-6064.5 -5494.0 -931.4 196 0 10.0 29.3 7.5 2.5 2 0 3 1 1
-6062.0 -5485.5 -928.1 197 0 13.9 29.3 10.0 2.5 2 0 4 3 3
-5724.0 6492.8 -682.0 12 0 12.2 9.9 5.0 2.5 2 0 2 5 5
-5714.4 6463.4 -682.4 197 0 9.0 12.1 5.0 2.5 2 1 2 2 2
-5761.0 6325.5 -680.4 204 0 11.9 7.0 5.0 2.5 2 0 2 3 3
6000.8 4167.8 -420.0 108 0 13.2 11.5 10.0 2.5 2 0 4 2 2
6099.1 4102.7 -425.1 53 0 9.6 11.8 5.0 2.5 2 1 2 5 5
6116.0 4005.3 -411.7 120 0 10.0 7.9 7.5 2.5 2 0 3 0 0
6109.3 4090.4 -423.8 137 0 12.7 9.4 5.0 2.5 2 0 2 3 3
6313.5 4161.7 -469.8 150 0 12.4 11.7 7.5 2.5 4 0 3 2 2
5661.1 4538.6 -449.3 189 0 18.6 12.0 10.0 2.5 2 0 4 5 5
5689.0 4538.0 -456.0 196 0 17.8 11.1 7.5 2.5 2 0 3 4 4
-5601.9 5969.9 -643.4 25 0 13.0 7.9 7.5 2.5 2 0 3 1 1
6518.7 4432.8 -518.0 245 0 15.7 13.7 5.0 2.5 2 0 2 0 0
-5551.4 6003.2 -643.0 41 0 5.6 7.6 5.0 2.5 2 1 2 3 3
2563.2 10841.3 -849.8 87 0 5.1 8.1 7.5 2.5 2 1 3 2 2
2867.1 6031.0 954.3 179 0 60.4 15.2 12.5 2.5 2 0 5 4 4
