-5817.8 -8949.7 -15.7 328 0 23.0 22.3 7.5 2.5 2 0 3 4 4
-5864.6 -8881.3 -17.4 210 0 4.5 12.1 7.5 2.5 2 1 3 0 0
-5682.3 -9027.0 -9.6 222 0 8.9 15.8 5.0 0.0 0 1 2 2 2
-5868.6 -9010.7 -12.9 333 0 15.6 20.5 12.5 0.0 0 1 5 1 1
-5845.1 -8923.2 -15.9 322 0 9.1 11.8 5.0 2.5 2 1 2 1 1
-6548.6 -8500.5 -13.7 304 0 18.5 119.4 12.5 0.0 0 1 5 4 4
-6706.5 -8795.2 -12.8 231 0 10.7 20.4 7.5 2.5 2 1 3 2 2
-6830.2 -8704.5 -12.7 231 0 30.8 12.1 10.0 2.5 4 0 4 1 1
-5855.9 -9145.6 -11.6 137 0 16.0 34.9 12.5 0.0 0 1 5 0 0
-6754.7 -8841.4 -12.4 231 0 10.4 10.8 10.0 2.5 2 1 4 5 5
-6888.9 -8758.3 -11.9 141 0 12.5 43.7 10.0 2.5 2 1 4 0 0
-6761.9 -8791.4 -11.9 51 0 19.8 11.4 2.5 2.5 2 0 1 1 1
-5889.8 -9172.0 -6.4 192 0 13.2 14.9 5.0 2.5 2 1 2 0 0
-6795.5 -8771.1 -11.7 231 0 14.4 11.4 5.0 2.5 2 0 2 2 2
-6833.6 -8776.4 -11.5 51 0 12.3 17.3 10.0 2.5 2 1 4 1 1
-6756.2 -8806.8 -12.2 231 0 11.2 19.0 2.5 0.0 0 1 1 4 4
-5868.3 -8986.8 -14.1 63 0 13.0 22.8 12.5 0.0 0 1 5 2 2
-6768.9 -8730.5 -12.3 51 0 18.1 11.9 5.0 0.0 0 0 2 0 0
-5844.6 -9068.1 -12.7 242 0 27.2 17.8 12.5 0.0 0 0 5 1 1
-6817.0 -8786.4 -11.7 231 0 11.9 15.2 10.0 2.5 2 1 4 2 2
-6789.8 -8744.0 -12.2 51 0 10.5 15.2 7.5 0.0 0 1 3 0 0
-6808.7 -8684.4 -12.8 231 0 23.2 13.3 12.5 2.5 2 0 5 1 1
-6719.9 -8779.0 -12.4 231 0 9.9 14.2 7.5 2.5 2 1 3 5 5
-6739.8 -8829.0 -12.4 231 0 9.6 16.1 7.5 2.5 2 1 3 3 3
-5893.3 -8948.4 -13.6 242 0 25.9 20.7 10.0 0.0 0 0 4 4 4
-5889.3 -9147.1 -8.9 192 0 10.0 38.4 10.0 0.0 0 1 4 0 0
-6849.6 -8720.5 -12.2 231 0 13.2 11.5 7.5 2.5 2 0 3 5 5
-5930.1 -8984.2 -11.8 242 0 19.1 15.2 10.0 0.0 0 0 4 0 0
-6272.0 -8796.1 -17.7 71 0 10.0 16.6 7.5 2.5 2 1 3 3 3
-6313.6 -8763.9 -17.7 210 0 14.9 13.5 5.0 2.5 2 0 2 3 3
-6330.5 -8752.2 -17.5 211 0 15.6 13.4 2.5 2.5 2 0 1 2 2
-6699.7 -8652.7 -12.0 302 0 29.1 31.6 5.0 0.0 0 1 2 4 4
-6192.6 -8785.4 -19.7 309 0 18.8 17.7 10.0 0.0 0 0 4 4 4
-6221.8 -8779.8 -18.9 46 0 9.7 32.4 7.5 2.5 2 1 3 0 0
-6259.8 -8720.0 -19.1 215 0 30.8 9.2 7.5 0.0 0 0 3 3 3
-6236.4 -8696.9 -19.3 308 0 8.7 14.6 7.5 2.5 2 1 3 4 4
-6227.0 -8683.6 -19.4 311 0 9.7 14.7 2.5 0.0 0 1 1 1 1
-6218.0 -8692.1 -19.5 306 0 7.0 21.2 5.0 2.5 2 1 2 4 4
-6168.0 -8722.6 -19.9 20 0 7.3 12.0 2.5 2.5 2 1 1 0 0
-6275.5 -8697.1 -19.0 222 0 13.9 19.9 12.5 2.5 4 1 5 5 5
-6416.2 -8603.6 -14.0 213 0 24.9 15.3 12.5 2.5 2 0 5 5 5
-6314.5 -8679.5 -17.1 36 0 18.3 14.3 5.0 2.5 2 0 2 4 4
-6786.0 -8834.7 -12.4 235 0 7.9 34.9 7.5 2.5 2 1 3 2 2
-6803.6 -8866.8 -12.0 237 0 11.5 17.5 5.0 2.5 2 1 2 3 3
-6572.9 -8859.0 -13.2 323 0 8.6 5.7 5.0 0.0 0 0 2 5 5
-6532.7 -8946.0 -13.2 78 0 12.3 20.8 7.5 0.0 0 1 3 0 0
-6474.3 -8645.5 -12.4 33 0 12.3 19.8 7.5 2.5 2 1 3 0 0
-6447.9 -8626.2 -12.4 34 0 18.1 11.4 10.0 2.5 2 0 4 3 3
-6491.7 -8598.3 -12.2 304 0 15.7 17.2 10.0 0.0 0 1 4 3 3
-6507.3 -8589.4 -12.2 304 0 14.9 16.0 7.5 2.5 2 1 3 3 3
-6500.4 -8633.0 -12.3 34 0 19.8 18.6 10.0 2.5 2 0 4 5 5
-6532.1 -8640.7 -12.3 37 0 19.1 13.1 5.0 2.5 2 0 2 0 0
-6543.6 -8659.4 -12.4 35 0 18.8 14.4 7.5 2.5 2 0 3 3 3
-6874.9 -8301.3 -17.8 298 0 12.4 32.0 12.5 2.5 2 1 5 5 5
-6892.5 -9037.4 -9.6 145 0 10.5 7.2 7.5 2.5 2 0 3 3 3
-6883.2 -9024.7 -9.8 144 0 12.3 13.7 10.0 2.5 2 1 4 0 0
-6861.2 -8977.0 -9.9 269 0 12.0 12.5 2.5 2.5 2 1 1 0 0
-6848.4 -9097.1 -9.3 295 0 11.0 9.9 5.0 2.5 2 0 2 2 2
-6840.3 -9131.2 -9.4 115 0 10.6 11.1 2.5 2.5 2 1 1 4 4
-6776.0 -9143.7 -9.5 27 0 10.3 11.6 7.5 2.5 2 1 3 1 1
-6747.1 -9002.9 -11.0 297 0 11.6 12.2 7.5 2.5 2 1 3 0 0
-6766.5 -8925.9 -12.2 240 0 18.5 15.9 7.5 2.5 2 0 3 1 1
-6706.6 -8946.8 -12.4 40 0 8.7 10.0 7.5 2.5 4 1 3 2 2
-6715.2 -8897.6 -12.8 240 0 13.8 12.4 5.0 2.5 2 0 2 4 4
-6678.5 -8918.1 -12.8 49 0 5.9 6.8 2.5 2.5 2 1 1 5 5
-6931.3 -9056.6 -9.2 163 0 10.8 17.9 2.5 0.0 0 1 1 4 4
-6929.0 -9122.5 -9.2 141 0 11.9 11.1 5.0 0.0 0 0 2 4 4
-6922.7 -9095.6 -9.2 171 0 8.7 18.2 7.5 2.5 2 1 3 5 5
-6880.7 -8961.0 -9.9 63 0 18.6 12.1 7.5 2.5 2 0 3 2 2
-6864.0 -8952.3 -9.9 66 0 10.4 16.1 5.0 2.5 2 1 2 3 3
-6923.4 -8972.0 -9.6 188 0 6.3 9.3 7.5 2.5 2 1 3 4 4
-6686.9 -8840.1 -12.9 45 0 12.8 12.0 2.5 2.5 2 0 1 4 4
-6716.7 -8864.6 -12.6 42 0 12.4 13.5 5.0 0.0 0 1 2 2 2
-6656.0 -8806.6 -13.2 50 0 15.1 10.2 7.5 0.0 0 0 3 3 3
-6688.8 -8766.4 -12.6 234 0 7.9 16.1 7.5 2.5 2 1 3 4 4
-6676.0 -8744.6 -12.3 323 0 9.8 22.9 5.0 0.0 0 1 2 4 4
-6670.4 -8861.3 -13.2 228 0 12.3 16.4 7.5 2.5 2 1 3 3 3
-6639.4 -8826.6 -13.4 230 0 13.2 30.3 10.0 0.0 0 1 4 0 0
-6597.5 -8640.2 -12.2 126 0 12.3 18.8 7.5 2.5 2 1 3 5 5
-6558.9 -8625.0 -12.2 36 0 20.8 14.8 10.0 2.5 2 0 4 0 0
-6573.9 -8603.6 -12.1 304 0 13.9 18.6 7.5 2.5 2 1 3 5 5
-6548.0 -8595.9 -12.1 303 0 16.5 17.8 12.5 2.5 2 1 5 5 5
-6554.7 -8712.9 -12.5 33 0 11.3 15.9 2.5 2.5 2 1 1 4 4
-6607.1 -8685.7 -12.3 125 0 13.8 16.6 5.0 2.5 2 1 2 5 5
-6652.5 -8653.4 -11.6 122 0 13.2 16.5 10.0 2.5 2 1 4 1 1
-6797.9 -8521.4 -13.5 35 0 21.3 25.5 7.5 2.5 2 1 3 3 3
-5401.1 -9326.7 -0.1 202 0 42.2 16.5 10.0 2.5 2 0 4 3 3
-5351.7 -9298.4 -3.0 10 0 18.5 20.5 12.5 2.5 2 1 5 1 1
-5344.0 -9251.0 -7.5 292 0 81.9 37.7 10.0 0.0 0 0 4 3 3
-5304.3 -9498.3 -0.0 26 0 29.6 14.5 10.0 2.5 2 0 4 2 2
-5300.8 -9501.5 -0.1 206 0 22.8 15.9 10.0 2.5 2 0 4 3 3
-5289.3 -9461.5 -2.7 187 0 27.6 16.3 10.0 2.5 2 0 4 3 3
-5287.7 -9443.1 -5.2 117 0 9.5 60.8 7.5 2.5 2 1 3 3 3
-5259.2 -9338.3 -8.0 204 0 37.0 14.5 12.5 2.5 2 0 5 5 5
-5263.9 -9314.6 -7.3 296 0 14.9 68.0 12.5 2.5 2 1 5 0 0
-5134.1 -9496.9 -7.8 26 0 10.6 15.1 5.0 2.5 2 0 2 2 2
-5158.6 -9459.2 -9.6 25 0 61.4 16.0 12.5 2.5 2 0 5 3 3
-5229.8 -9292.5 -12.1 112 0 18.6 23.0 12.5 2.5 2 1 5 2 2
-4993.7 -9338.7 -10.2 85 0 7.0 13.7 7.5 2.5 2 1 3 5 5
-5017.2 -9341.6 -10.7 97 0 7.3 14.1 5.0 2.5 2 1 2 2 2
-5064.5 -9326.7 -13.1 123 0 7.8 19.6 2.5 2.5 4 1 1 2 2
-5077.2 -9316.2 -14.0 134 0 8.3 19.3 5.0 2.5 2 1 2 1 1
-5094.8 -9288.8 -16.1 155 0 9.0 17.9 2.5 2.5 2 1 1 5 5
-5084.6 -9268.6 -17.3 344 0 8.0 15.5 5.0 2.5 2 1 2 3 3
-5172.6 -9314.9 -14.3 112 0 75.7 19.9 12.5 2.5 2 0 5 0 0
-5080.5 -9331.8 -12.1 293 0 14.7 17.3 10.0 2.5 2 1 4 0 0
-5073.1 -9379.4 -12.7 205 0 15.5 19.0 10.0 2.5 2 1 4 0 0
-5063.7 -9356.2 -11.7 203 0 16.2 19.5 10.0 2.5 2 1 4 0 0
-5042.0 -9407.3 -8.6 204 0 16.7 21.1 12.5 2.5 2 1 5 3 3
-5042.4 -9382.0 -11.2 207 0 14.7 21.3 12.5 2.5 4 1 5 0 0
-5034.0 -9361.4 -10.9 205 0 15.2 20.6 10.0 2.5 2 1 4 5 5
-5693.3 -9025.2 -9.4 286 0 9.5 12.5 7.5 2.5 2 1 3 5 5
-5817.6 -8909.8 -17.7 134 0 13.0 10.6 10.0 0.0 0 0 4 2 2
-6705.1 -8962.9 -12.5 27 0 12.8 28.4 15.0 0.0 0 1 6 1 1
-6798.5 -8963.5 -11.3 69 0 8.2 17.3 5.0 2.5 4 1 2 4 4
-6841.3 -9070.0 -9.8 111 0 12.7 11.5 5.0 2.5 2 0 2 0 0
-5901.5 -9174.0 -4.1 359 0 23.7 15.4 12.5 0.0 0 0 5 4 4
-5893.3 -9208.6 -3.8 341 0 13.6 18.7 10.0 0.0 0 1 4 4 4
-5878.3 -9218.0 -5.1 275 0 17.4 23.8 10.0 0.0 0 1 4 4 4
-5905.3 -9250.0 -2.3 70 0 10.1 19.6 5.0 2.5 2 1 2 2 2
-5920.3 -9251.4 -0.8 51 0 10.7 17.5 5.0 0.0 0 1 2 5 5
-5938.5 -9267.7 1.4 72 0 11.8 20.9 10.0 2.5 2 1 4 0 0
