-1513.2 4028.1 -295.5 159 0 27.1 20.4 7.5 2.5 2 0 3 5 5
-1604.3 3105.2 -310.0 142 0 17.2 26.0 12.5 2.5 2 1 5 4 4
-201.0 -2117.5 -282.3 59 0 29.1 27.8 10.0 0.0 0 0 4 0 0
-550.0 -809.5 -301.5 61 0 19.1 18.5 14.0 0.0 0 0 4 0 0
-1065.2 -7738.2 -309.3 91 0 11.1 75.2 5.0 2.5 2 1 2 2 2
-1024.7 -7742.2 -309.3 91 0 13.1 78.4 10.0 2.5 2 1 4 1 1
-938.6 -7654.0 -309.5 269 0 11.6 77.7 12.5 2.5 2 1 5 1 1
-1105.2 -7735.9 -309.5 91 0 13.1 76.3 7.5 2.5 2 1 3 4 4
-1423.1 -7970.6 -312.9 95 0 25.4 16.8 7.5 2.5 4 0 3 1 1
-1536.3 -8044.0 -313.0 87 0 8.2 9.0 7.5 2.5 2 1 3 0 0
-935.8 -7531.2 -312.6 285 0 44.4 13.6 10.0 2.5 4 0 4 4 4
-1077.3 -7456.8 -313.2 182 0 9.7 37.6 7.5 2.5 2 1 3 1 1
-1018.7 -7590.0 -311.5 99 0 12.6 20.0 10.0 2.5 2 1 4 4 4
-1207.2 -7583.4 -311.9 91 0 12.6 38.6 7.5 2.5 2 1 3 1 1
-993.9 -7832.3 -310.7 180 0 54.3 14.9 10.0 2.5 2 0 4 1 1
-929.3 -7395.4 -312.3 301 0 7.5 9.0 2.5 2.5 2 1 1 2 2
-1108.0 -7547.0 -312.3 1 0 28.0 10.7 10.0 2.5 2 0 4 1 1
-971.0 -7769.9 -308.8 179 0 39.7 14.3 7.5 2.5 2 0 3 4 4
-1146.0 -7733.1 -310.0 91 0 12.3 79.4 10.0 2.5 2 1 4 0 0
-988.0 -7575.3 -311.8 9 0 37.1 11.5 5.0 2.5 2 0 2 2 2
-907.4 -7604.0 -309.8 199 0 11.0 11.8 5.0 2.5 2 1 2 1 1
-1182.6 -7732.8 -310.5 91 0 12.5 31.5 7.5 2.5 2 1 3 1 1
-1029.6 -7631.0 -310.0 277 0 73.1 11.9 10.0 2.5 2 0 4 4 4
-1059.5 -7378.7 -313.9 338 0 87.1 13.8 5.0 0.0 0 0 2 2 2
-937.3 -7571.6 -311.9 106 0 62.5 11.6 12.5 2.5 2 0 5 1 1
-1572.4 -7924.4 -313.1 273 0 9.2 8.3 5.0 0.0 0 0 2 0 0
-336.7 -7264.3 -297.6 153 0 10.5 16.7 5.0 2.5 2 1 2 5 5
942.9 -7949.7 -263.0 154 0 13.1 18.2 7.5 2.5 2 1 3 0 0
49.8 -7553.9 -270.8 242 0 5.4 8.0 2.5 2.5 2 1 1 1 1
287.5 -7721.9 -256.1 350 0 10.0 24.4 5.0 2.5 2 1 2 0 0
141.0 -7768.5 -264.2 79 0 45.3 13.5 12.5 2.5 2 0 5 2 2
227.5 -7497.6 -273.5 118 0 9.7 9.9 5.0 2.5 4 1 2 1 1
207.7 -7760.3 -260.2 80 0 36.7 15.1 10.0 2.5 2 0 4 4 4
851.5 -7996.2 -253.3 148 0 11.6 22.7 10.0 0.0 0 1 4 2 2
856.6 -8022.0 -251.3 149 0 11.0 25.2 12.5 2.5 2 1 5 0 0
-326.7 -7653.1 -284.6 234 0 10.7 9.8 7.5 2.5 4 0 3 1 1
694.7 -7830.8 -261.7 153 0 12.5 46.4 17.5 0.0 0 1 7 2 2
-283.8 -7612.0 -283.9 153 0 8.6 9.9 5.0 2.5 2 1 2 0 0
817.3 -6882.5 -270.5 239 0 17.7 13.6 2.5 0.0 0 0 1 1 1
2302.4 6036.9 309.5 279 0 29.5 14.5 7.5 2.5 2 0 3 5 5
-3974.0 -10186.0 -320.4 139 0 17.4 21.4 5.0 0.0 0 1 2 3 3
-2919.0 -9571.5 -320.5 11 0 6.3 73.6 7.5 2.5 2 1 3 4 4
-951.2 -9655.5 -304.2 152 0 17.8 21.6 17.5 3.5 2 1 5 0 0
-4283.9 -9931.4 -315.4 307 0 61.8 34.3 12.5 0.0 0 0 5 5 5
-3574.5 -10291.0 -321.6 77 0 16.0 13.3 5.0 0.0 0 0 2 0 0
-4436.8 -9863.7 -316.2 122 0 63.1 35.8 12.5 0.0 0 0 5 3 3
-4344.3 -9869.5 -314.8 67 0 32.9 62.6 12.5 0.0 0 1 5 3 3
-4228.2 -9972.2 -315.1 307 0 61.3 34.6 12.5 0.0 0 0 5 2 2
-4302.2 -9804.2 -313.6 337 0 61.2 34.5 7.5 0.0 0 0 3 4 4
-4185.1 -10026.8 -314.9 37 0 36.0 30.2 10.0 0.0 0 0 4 4 4
-4513.9 -9793.3 -316.9 212 0 33.8 61.1 12.5 0.0 0 1 5 0 0
-498.1 -9699.0 -298.1 73 0 68.7 59.7 14.0 0.0 0 0 4 3 3
-5787.8 -9240.8 -322.1 91 0 15.2 18.2 5.0 2.5 2 1 2 4 4
-5680.2 -9234.1 -322.0 292 0 8.2 10.5 7.5 2.5 4 1 3 1 1
-4792.2 -9700.8 -319.9 28 0 13.8 10.3 7.5 2.5 2 0 3 4 4
-5738.7 -9257.8 -322.1 272 0 6.3 7.2 2.5 2.5 2 1 1 0 0
-5767.3 -9256.1 -322.1 272 0 29.1 7.4 5.0 2.5 4 0 2 5 5
-5956.9 -9338.8 -322.4 92 0 8.4 8.2 2.5 2.5 2 0 1 5 5
1797.6 -9822.7 -283.6 333 0 16.2 22.0 12.5 2.5 2 1 5 4 4
793.3 -5505.6 -260.1 79 0 15.8 13.0 2.5 2.5 4 0 1 2 2
-105.9 92.7 -258.5 274 0 49.3 30.4 12.5 0.0 0 0 5 3 3
353.9 -3013.6 -233.7 82 0 43.6 19.5 12.5 2.5 2 0 5 5 5
118.7 -3683.6 -287.9 71 0 16.8 47.1 12.5 2.5 2 1 5 0 0
-622.4 123.6 -298.6 89 0 58.3 42.1 12.5 0.0 0 0 5 0 0
-7.1 -2593.2 -278.4 23 0 29.0 64.3 10.0 0.0 0 1 4 3 3
56.9 -1709.8 -250.3 276 0 17.5 39.3 12.5 2.5 2 1 5 3 3
-1599.0 3022.8 -313.2 332 0 58.8 21.3 15.0 0.0 0 0 6 3 3
4824.7 -6411.9 -96.2 163 0 12.0 16.2 5.0 2.5 2 1 2 5 5
-433.3 -1262.2 -299.2 344 0 20.5 21.9 14.0 3.5 2 1 4 0 0
-773.9 -45.5 -302.7 335 0 19.5 19.9 14.0 3.5 2 1 4 3 3
-970.2 2153.5 -299.8 162 0 12.5 15.9 5.0 2.5 2 1 2 5 5
5200.9 -10551.5 -264.1 66 0 6.6 6.1 5.0 2.5 4 0 2 3 3
5188.6 -10556.5 -264.4 66 0 6.6 6.1 5.0 2.5 2 0 2 0 0
5176.9 -10559.8 -264.8 67 0 6.6 6.1 5.0 2.5 2 0 2 0 0
5166.0 -10563.5 -265.1 67 0 6.6 6.1 5.0 2.5 2 0 2 2 2
5212.1 -10551.3 -263.5 96 0 6.6 6.1 5.0 0.0 0 0 2 4 4
5232.3 -10532.8 -263.9 355 0 7.9 6.7 7.5 2.5 2 0 3 1 1
5227.9 -10517.8 -263.8 265 0 6.7 7.9 5.0 0.0 0 1 2 0 0
-1270.5 4299.4 -258.7 0 0 13.2 9.0 5.0 2.5 2 0 2 1 1
-1270.6 4309.3 -260.2 359 0 6.5 8.9 5.0 2.5 2 0 2 2 2
-1277.9 4506.9 -241.4 154 0 10.6 16.0 7.5 0.0 0 1 3 4 4
-1182.6 4407.4 -254.7 328 0 8.8 11.5 2.5 2.5 2 1 1 5 5
-1174.3 4411.8 -252.3 148 0 9.3 7.7 2.5 2.5 4 0 1 4 4
-3035.9 10333.4 -299.8 157 0 14.1 21.3 12.5 2.5 2 1 5 4 4
-658.8 82.7 -293.7 257 0 10.8 15.8 14.0 3.5 2 1 4 5 5
6701.5 -3496.4 -96.8 256 0 13.4 13.1 10.0 2.5 2 0 4 2 2
-166.1 -163.9 -260.6 260 0 25.5 20.2 10.5 3.5 2 0 3 3 3
-199.8 -169.4 -264.1 260 0 25.5 20.2 10.5 3.5 2 0 3 4 4
-185.9 -221.8 -264.2 73 0 25.6 20.2 10.5 3.5 2 0 3 4 4
-157.0 -212.9 -258.8 73 0 25.6 20.2 10.5 3.5 4 0 3 2 2
-252.9 -172.6 -272.4 56 0 21.9 23.7 10.5 3.5 2 1 3 3 3
-237.3 -182.3 -270.5 235 0 26.2 20.7 10.5 3.5 4 0 3 4 4
10.3 -2986.2 -269.3 10 0 17.5 16.5 17.5 0.0 0 0 7 4 4
14.0 -2965.8 -268.1 10 0 17.5 16.5 10.0 2.5 2 0 4 3 3
17.9 -2945.1 -267.0 10 0 17.5 16.5 17.5 0.0 0 0 7 0 0
27.2 -2989.5 -262.8 189 0 16.2 16.0 10.0 2.5 2 0 4 5 5
34.1 -2948.2 -260.6 189 0 16.2 16.0 12.5 2.5 2 0 5 0 0
38.0 -2924.2 -259.3 189 0 16.2 16.0 12.5 2.5 2 0 5 5 5
75.8 -2997.5 -256.2 11 0 17.9 14.8 10.0 2.5 2 0 4 5 5
75.8 -2974.4 -256.4 11 0 17.9 14.8 12.5 2.5 2 0 5 4 4
75.8 -2936.5 -257.3 10 0 20.8 18.6 12.5 2.5 4 0 5 5 5
-682.0 239.4 -301.0 11 0 16.9 27.0 10.0 2.5 2 1 4 1 1
-679.7 265.9 -300.4 10 0 17.2 27.1 10.0 2.5 2 1 4 3 3
-675.4 283.5 -299.8 16 0 12.8 30.9 10.0 2.5 2 1 4 3 3
-695.5 137.6 -301.6 2 0 16.0 34.7 12.5 2.5 2 1 5 1 1
-172.6 -1265.2 -268.3 151 0 15.9 18.3 14.0 3.5 2 1 4 3 3
-136.0 -1411.6 -279.1 1 0 14.8 33.8 14.0 3.5 2 1 4 2 2
-318.1 -1372.1 -292.7 271 0 22.8 19.9 14.0 0.0 0 0 4 3 3
-330.8 -1407.3 -293.4 180 0 20.8 23.6 14.0 0.0 0 1 4 3 3
-345.9 -2110.4 -291.9 182 0 32.5 15.2 7.5 2.5 2 0 3 3 3
-304.1 -2111.7 -289.3 2 0 32.5 15.2 10.0 2.5 2 0 4 5 5
-267.6 -2109.9 -286.6 3 0 28.6 18.5 12.5 2.5 2 0 5 0 0
-309.5 -1999.1 -288.8 271 0 17.0 24.4 10.0 2.5 2 1 4 2 2
-283.4 -1939.0 -288.3 180 0 18.1 18.6 12.5 2.5 2 1 5 3 3
-282.9 -1914.2 -288.9 180 0 18.1 18.6 12.5 2.5 2 1 5 2 2
-282.3 -1887.0 -290.0 180 0 18.1 18.6 12.5 2.5 2 1 5 5 5
-281.7 -1861.3 -290.9 180 0 18.1 18.6 10.0 2.5 2 1 4 2 2
-218.9 -1901.1 -287.2 95 0 14.7 16.8 10.0 2.5 2 1 4 2 2
-209.4 -1837.9 -289.3 98 0 19.6 24.7 12.5 2.5 2 1 5 1 1
-214.2 -1796.5 -290.1 187 0 19.1 19.8 10.0 2.5 2 1 4 5 5
-317.8 -1244.0 -286.6 92 0 16.1 25.4 14.0 3.5 2 1 4 3 3
-187.4 -919.1 -269.8 175 0 26.7 22.1 14.0 3.5 2 0 4 0 0
-718.9 -181.4 -298.1 2 0 22.0 20.0 10.5 3.5 2 0 3 0 0
-780.4 -148.8 -302.1 93 0 17.9 24.1 10.5 0.0 0 1 3 0 0
-778.0 -95.9 -302.1 274 0 16.4 24.4 10.5 3.5 2 1 3 0 0
-807.8 -107.6 -303.7 184 0 24.4 16.4 10.5 0.0 0 0 3 3 3
-810.4 -135.4 -303.8 184 0 22.8 17.5 10.5 3.5 2 0 3 0 0
-815.5 -174.7 -304.0 185 0 25.9 15.5 10.5 3.5 2 0 3 5 5
-754.5 -231.8 -299.9 281 0 21.1 19.5 14.0 3.5 2 0 4 5 5
-911.3 -332.8 -310.4 182 0 20.8 24.4 10.5 0.0 0 1 3 2 2
-870.8 -283.6 -308.6 83 0 18.7 22.3 14.0 3.5 4 1 4 1 1
-849.8 -279.7 -306.8 83 0 13.6 22.5 14.0 0.0 0 1 4 4 4
-695.1 55.5 -297.4 350 0 21.7 22.5 15.0 0.0 0 1 6 0 0
-689.5 30.4 -296.0 350 0 17.8 23.1 15.0 0.0 0 1 6 4 4
-683.7 5.0 -294.5 347 0 17.8 23.7 10.0 2.5 2 1 4 4 4
-829.0 51.7 -306.3 175 0 13.3 28.5 12.5 2.5 2 1 5 4 4
-829.0 29.6 -305.9 175 0 14.0 30.4 10.0 2.5 2 1 4 2 2
-839.4 -109.5 -306.2 187 0 30.0 12.4 14.0 3.5 2 0 4 5 5
-849.4 -28.2 -307.9 276 0 22.5 18.6 7.5 2.5 2 0 3 0 0
-885.6 -32.2 -310.0 189 0 19.1 18.6 10.0 2.5 2 0 4 3 3
-888.5 -58.0 -310.0 185 0 19.1 19.7 10.0 2.5 2 1 4 2 2
-817.5 -42.0 -305.6 6 0 18.9 16.3 15.0 0.0 0 0 6 5 5
-829.5 -75.7 -306.1 96 0 16.4 18.9 10.0 2.5 2 1 4 3 3
-782.4 47.2 -302.6 170 0 27.3 16.6 15.0 0.0 0 0 6 5 5
-775.0 17.9 -301.4 168 0 19.3 16.2 12.5 2.5 2 0 5 0 0
-1362.7 -8753.3 -310.0 67 0 15.1 11.0 14.0 3.5 2 0 4 2 2
-1383.4 -9521.9 -310.0 334 0 8.4 15.8 10.5 3.5 2 1 3 4 4
-2068.1 -9469.4 -315.4 156 0 13.5 27.3 10.0 0.0 0 1 4 2 2
-537.3 -6685.8 -313.8 242 0 22.6 20.6 10.0 0.0 0 0 4 2 2
-866.6 -6997.1 -315.2 42 0 10.3 13.2 2.5 2.5 2 1 1 0 0
-877.5 -7009.0 -315.1 42 0 10.3 13.2 10.0 2.5 2 1 4 4 4
-855.9 -6985.3 -315.2 42 0 10.3 13.2 5.0 2.5 4 1 2 4 4
-896.3 -7020.4 -315.1 147 0 13.3 10.3 7.5 0.0 0 0 3 1 1
-911.9 -7011.6 -315.2 124 0 10.3 13.3 7.5 2.5 2 1 3 1 1
-924.7 -7002.7 -315.2 124 0 10.3 13.3 5.0 2.5 2 1 2 5 5
-938.2 -6993.4 -315.3 124 0 10.3 13.3 5.0 2.5 2 1 2 3 3
-863.0 -6950.2 -315.3 304 0 10.3 13.3 7.5 2.5 2 1 3 1 1
-875.6 -6940.6 -315.4 304 0 10.3 13.3 7.5 2.5 4 1 3 0 0
-845.8 -6968.0 -315.3 23 0 10.3 13.2 2.5 2.5 2 1 1 2 2
-887.0 -6931.4 -315.4 306 0 10.3 13.3 7.5 2.5 2 1 3 4 4
-908.1 -6923.7 -315.5 216 0 13.3 10.3 7.5 2.5 2 0 3 2 2
-923.6 -6933.8 -315.5 222 0 10.3 13.2 7.5 2.5 2 1 3 0 0
-933.8 -6945.8 -315.4 222 0 10.3 13.2 5.0 2.5 2 1 2 2 2
-944.1 -6957.7 -315.4 222 0 10.3 13.2 5.0 2.5 2 1 2 4 4
-953.6 -6983.1 -315.3 135 0 10.3 13.3 2.5 2.5 2 1 1 1 1
383.6 -5280.5 -306.0 352 0 17.3 15.9 10.0 2.5 2 0 4 3 3
380.0 -5257.2 -305.6 352 0 17.3 15.9 12.5 2.5 2 0 5 4 4
377.3 -5235.2 -304.6 352 0 17.3 15.9 12.5 0.0 0 0 5 4 4
373.9 -5212.3 -304.1 352 0 17.3 15.9 12.5 2.5 2 0 5 4 4
371.0 -5188.5 -303.7 352 0 17.3 15.9 10.0 2.5 2 0 4 5 5
297.7 -5173.3 -307.0 349 0 12.8 17.4 5.0 2.5 2 1 2 5 5
240.7 -5188.8 -309.4 169 0 12.8 17.4 5.0 2.5 2 1 2 4 4
254.5 -5210.8 -309.8 79 0 17.4 12.8 5.0 2.5 2 0 2 0 0
302.9 -5197.2 -307.5 349 0 12.8 17.4 5.0 2.5 2 1 2 4 4
314.8 -5166.0 -305.1 169 0 12.8 17.4 7.5 2.5 2 1 3 5 5
318.1 -5184.0 -305.4 169 0 12.8 17.4 5.0 2.5 2 1 2 5 5
-158.2 -3995.1 -312.7 184 0 14.5 25.6 10.0 0.0 0 1 4 2 2
-167.2 -4106.3 -313.2 184 0 15.0 16.6 7.5 2.5 2 1 3 0 0
-131.8 -4124.0 -311.3 4 0 15.0 16.6 2.5 0.0 0 1 1 1 1
-169.1 -4138.5 -313.3 184 0 15.0 16.6 7.5 2.5 2 1 3 2 2
-164.2 -4057.0 -313.0 181 0 13.7 15.3 5.0 2.5 2 1 2 5 5
-134.4 -4032.0 -311.9 2 0 11.0 15.1 2.5 2.5 2 1 1 2 2
-168.1 -3829.4 -313.6 183 0 14.7 21.6 10.0 2.5 2 1 4 2 2
-145.4 -3813.5 -313.4 3 0 11.8 20.9 2.5 2.5 2 1 1 2 2
-167.0 -3796.5 -313.5 183 0 11.1 21.8 2.5 2.5 4 1 1 0 0
-143.3 -3767.0 -313.4 3 0 10.3 22.1 5.0 2.5 2 1 2 1 1
-102.8 -3821.0 -309.8 5 0 18.6 17.2 12.5 2.5 2 0 5 1 1
-101.3 -3797.6 -309.5 3 0 10.4 17.0 5.0 2.5 2 1 2 4 4
-100.4 -3783.2 -309.4 4 0 9.9 16.3 2.5 2.5 2 1 1 5 5
-143.7 -3751.7 -313.3 2 0 10.1 20.3 5.0 2.5 2 1 2 3 3
-143.5 -3736.8 -313.4 5 0 10.4 20.4 5.0 2.5 2 1 2 0 0
-141.9 -3722.4 -312.9 4 0 10.4 15.8 7.5 2.5 2 1 3 1 1
-138.2 -3691.8 -312.7 3 0 11.0 17.4 5.0 0.0 0 1 2 5 5
-140.8 -3707.1 -312.8 6 0 12.0 16.1 5.0 0.0 0 1 2 5 5
-96.3 -3724.3 -309.5 2 0 10.2 22.5 5.0 2.5 2 1 2 0 0
-99.7 -3684.1 -307.9 271 0 15.8 14.8 7.5 2.5 4 0 3 0 0
-96.9 -3738.6 -309.7 2 0 10.0 22.5 5.0 2.5 2 1 2 5 5
-29.4 -3055.6 -273.0 101 0 13.3 9.6 5.0 2.5 4 0 2 4 4
-3.4 -3055.0 -270.1 11 0 9.5 13.3 5.0 2.5 2 1 2 1 1
-0.5 -3039.2 -270.3 11 0 9.6 13.3 5.0 2.5 2 1 2 3 3
2.3 -3022.8 -270.4 11 0 9.6 13.3 7.5 2.5 2 1 3 3 3
5.2 -3007.0 -269.8 11 0 9.5 13.3 7.5 0.0 0 1 3 3 3
-13.8 -3003.5 -273.6 11 0 9.5 13.3 7.5 2.5 4 1 3 2 2
-16.4 -3020.1 -273.5 11 0 9.6 13.3 7.5 0.0 0 1 3 1 1
-18.9 -3036.8 -273.2 11 0 9.6 13.3 7.5 2.5 2 1 3 2 2
-72.1 -3031.0 -279.4 193 0 11.7 13.2 7.5 2.5 2 1 3 2 2
-57.5 -3034.8 -277.0 193 0 11.7 13.2 5.0 2.5 2 1 2 5 5
-53.0 -3018.0 -277.0 193 0 11.7 13.2 5.0 2.5 2 1 2 2 2
-68.7 -3013.7 -279.6 193 0 11.7 13.2 10.0 2.5 2 1 4 4 4
-65.6 -2998.5 -279.7 193 0 11.7 13.2 2.5 0.0 0 1 1 4 4
-49.0 -3001.5 -277.1 192 0 11.7 13.2 7.5 2.5 2 1 3 0 0
-45.5 -2985.1 -277.0 193 0 11.7 13.2 5.0 2.5 2 1 2 0 0
-60.8 -2982.1 -279.6 193 0 11.7 13.2 5.0 2.5 2 1 2 1 1
-56.3 -2966.5 -278.8 192 0 11.7 13.2 7.5 2.5 2 1 3 1 1
-40.6 -2969.5 -275.7 193 0 11.7 13.2 10.0 2.5 2 1 4 4 4
-28.0 -2949.2 -274.4 282 0 13.2 11.7 2.5 2.5 2 0 1 0 0
