6583.8 -9364.2 260.3 79 0 18.8 15.3 12.5 2.5 2 0 5 0 0
5782.6 -6560.3 103.8 354 0 14.8 13.0 2.5 2.5 2 0 1 5 5
5724.4 -6678.8 112.6 177 0 8.9 16.8 5.0 0.0 0 1 2 2 2
5708.1 -4031.4 31.4 360 0 12.9 20.1 10.0 2.5 2 1 4 5 5
5579.6 -3909.8 27.8 117 0 18.0 12.4 5.0 2.5 2 0 2 4 4
6109.0 -4259.7 41.3 105 0 17.2 47.8 10.0 2.5 2 1 4 4 4
5419.8 -3922.7 21.5 116 0 32.6 15.9 10.0 2.5 2 0 4 1 1
3557.2 -1338.3 41.0 336 0 9.8 14.3 5.0 2.5 4 1 2 1 1
2579.6 -2522.4 44.7 333 0 10.3 36.2 7.5 2.5 2 1 3 2 2
-4939.1 10364.7 -444.7 32 0 12.2 9.1 7.5 2.5 2 0 3 1 1
-4796.6 10389.6 -449.8 153 0 10.2 7.7 5.0 2.5 2 0 2 4 4
-1346.8 1189.1 439.3 358 0 9.4 10.2 7.5 2.5 4 1 3 4 4
-5949.5 -4244.8 251.8 354 0 10.3 12.7 2.5 2.5 2 1 1 0 0
-2528.2 -3993.0 130.9 81 0 9.4 9.6 7.5 2.5 4 1 3 4 4
6700.3 2352.4 42.5 123 0 15.6 17.9 10.0 2.5 2 1 4 2 2
6714.4 2389.7 41.6 213 0 17.9 15.6 5.0 2.5 2 0 2 3 3
6729.0 2414.7 40.6 213 0 17.9 15.6 7.5 2.5 2 0 3 0 0
6770.5 2400.6 40.5 33 0 17.9 15.6 7.5 2.5 2 0 3 0 0
6755.9 2374.6 41.5 33 0 17.9 15.6 7.5 2.5 2 0 3 2 2
6727.6 2345.3 42.5 123 0 15.6 17.9 10.0 2.5 2 1 4 2 2
-3967.5 10667.3 -437.1 146 0 10.3 25.8 17.5 0.0 0 1 7 1 1
