-4451.8 4169.3 -85.0 212 0 22.0 21.1 7.5 2.5 2 0 3 5 5
-4743.4 4313.9 -71.3 255 0 14.0 41.9 14.0 0.0 0 1 4 3 3
-4845.3 4093.8 -78.4 331 0 16.2 20.7 14.0 3.5 2 1 4 0 0
-5211.0 4329.8 -72.2 335 0 18.4 26.3 14.0 3.5 2 1 4 3 3
-4578.5 4020.3 -87.6 285 0 9.3 21.0 10.5 3.5 2 1 3 2 2
-4573.0 4124.8 -85.5 196 0 28.5 3.8 10.5 0.0 0 0 3 3 3
-4598.9 4094.6 -84.8 8 0 16.9 14.0 14.0 3.5 2 0 4 2 2
-4725.5 4854.4 -124.5 237 0 15.3 34.0 12.5 2.5 2 1 5 2 2
-4663.8 4253.1 -73.8 302 0 16.6 22.3 14.0 3.5 2 1 4 5 5
-5599.9 4441.0 -52.3 106 0 14.1 17.4 14.0 3.5 2 1 4 0 0
-5572.6 4441.8 -54.1 106 0 15.4 16.9 14.0 3.5 2 1 4 1 1
-5501.7 4122.8 -32.7 94 0 24.4 24.3 12.5 2.5 2 0 5 2 2
-5570.8 4487.5 -49.0 106 0 14.8 17.5 14.0 3.5 2 1 4 3 3
-5560.7 4189.1 -29.9 206 0 21.2 42.1 10.0 0.0 0 1 4 5 5
-6309.9 4356.6 -52.7 111 0 7.4 11.5 2.5 2.5 2 1 1 3 3
-5624.9 4486.9 -49.0 104 0 14.3 17.0 14.0 3.5 2 1 4 2 2
-5597.4 4486.9 -47.8 106 0 14.9 17.4 14.0 3.5 2 1 4 5 5
-5628.9 4439.6 -50.2 105 0 13.2 17.3 14.0 3.5 2 1 4 3 3
-6354.0 4372.3 -54.8 103 0 9.2 15.8 5.0 2.5 4 1 2 4 4
-6331.0 4386.5 -54.5 286 0 10.1 20.6 5.0 2.5 2 1 2 0 0
-5089.8 10161.2 -166.2 154 0 18.6 27.2 10.0 2.5 2 1 4 3 3
-5330.0 9888.2 -184.8 320 0 19.4 46.5 12.5 2.5 2 1 5 0 0
-5364.5 9899.9 -185.7 230 0 28.7 18.8 7.5 2.5 2 0 3 2 2
-1538.8 8361.9 -61.9 331 0 16.5 16.8 10.0 2.5 2 1 4 2 2
-5214.3 6865.2 -161.1 339 0 14.1 25.0 10.0 2.5 2 1 4 2 2
-5309.5 3809.5 -64.3 346 0 13.4 18.5 10.5 3.5 2 1 3 0 0
-6263.1 8696.7 -177.5 291 0 16.0 25.2 10.0 2.5 2 1 4 3 3
-5098.3 5436.9 -96.1 76 0 11.2 10.0 7.5 2.5 2 0 3 4 4
-6755.5 5486.3 -148.1 115 0 8.4 16.7 5.0 2.5 2 1 2 0 0
-6752.0 5531.8 -146.6 189 0 15.5 14.5 5.0 2.5 2 0 2 5 5
-6675.0 5526.0 -156.4 195 0 8.6 10.2 5.0 2.5 2 1 2 4 4
-5184.2 3920.5 -76.9 96 0 29.2 16.6 14.0 3.5 2 0 4 3 3
-2895.8 7755.7 -15.6 339 0 10.5 12.4 7.5 2.5 2 1 3 3 3
-2863.4 7736.7 -22.7 296 0 7.8 8.6 7.5 2.5 4 1 3 0 0
-5272.7 3737.4 -63.2 227 0 12.1 14.0 14.0 3.5 2 1 4 1 1
-5203.6 4141.6 -73.5 356 0 25.7 17.3 14.0 3.5 4 0 4 4 4
-1067.0 8701.0 -50.4 37 0 16.4 15.1 7.5 0.0 0 0 3 2 2
-5814.3 4152.3 -36.6 87 0 115.5 58.0 12.5 0.0 0 0 5 4 4
-4977.7 4419.1 -103.3 270 0 14.2 18.4 14.0 3.5 2 1 4 3 3
-4097.8 4148.0 -33.0 172 0 20.2 17.1 12.5 2.5 2 0 5 5 5
-3552.5 6930.0 -125.3 138 0 6.5 11.5 10.5 2.5 4 1 3 3 3
-1690.8 7933.8 -27.4 195 1 16.6 14.1 10.0 2.5 2 0 4 0 0
-1330.0 8131.2 -25.6 40 0 7.9 15.1 7.5 2.5 2 1 3 1 1
-1543.9 7948.9 -11.4 56 0 15.9 14.0 7.5 2.5 2 0 3 2 2
-1566.8 8384.4 -63.4 266 0 7.7 12.2 2.5 2.5 2 1 1 4 4
-6682.4 3096.7 -63.1 106 0 8.6 12.5 2.5 0.0 0 1 1 1 1
-2106.1 7624.8 -15.6 39 0 13.3 10.7 5.0 2.5 2 0 2 2 2
-1876.9 7791.4 -9.8 72 0 11.6 11.3 7.5 2.5 2 0 3 3 3
-4154.8 6799.4 -170.3 135 0 21.9 62.3 12.5 2.5 2 1 5 5 5
-5615.7 -3865.5 -148.0 150 0 15.4 14.9 5.0 0.0 0 0 2 3 3
-6182.2 2129.5 -90.0 325 0 13.2 16.9 7.5 2.5 2 1 3 0 0
-5596.8 152.5 125.2 67 0 10.0 7.2 5.0 2.5 2 0 2 0 0
-6583.8 5631.8 -164.4 107 0 8.6 10.6 5.0 2.5 2 1 2 5 5
-6540.6 5926.5 -170.9 318 0 7.6 8.8 5.0 2.5 2 1 2 4 4
-6885.2 6327.3 -176.3 26 0 13.0 14.0 5.0 2.5 2 1 2 1 1
-6897.4 6260.2 -174.9 9 0 7.8 10.9 5.0 2.5 4 1 2 5 5
-6900.5 6228.6 -172.9 13 0 12.3 9.0 5.0 2.5 2 0 2 1 1
-6789.9 6286.4 -175.6 322 0 14.5 11.4 2.5 2.5 2 0 1 2 2
-5830.4 4359.2 -48.3 355 0 18.0 14.3 12.5 2.5 4 0 5 4 4
-5829.1 4303.5 -43.9 74 0 9.4 9.4 7.5 2.5 2 1 3 0 0
-5284.0 3806.1 -67.8 130 0 13.3 13.4 10.5 3.5 2 1 3 4 4
-1964.3 7731.5 -12.5 52 0 7.7 12.7 7.5 2.5 2 1 3 3 3
-1311.4 8633.8 -63.5 182 0 10.4 10.5 7.5 0.0 0 1 3 0 0
-1336.7 8706.0 -53.1 287 0 7.4 4.0 5.0 2.5 2 0 2 1 1
-1448.7 8346.1 -61.2 68 0 12.8 13.3 7.5 2.5 2 1 3 0 0
-1515.1 8353.8 -63.5 153 0 11.6 15.0 7.5 2.5 2 1 3 3 3
-1500.3 8402.4 -68.9 85 0 11.6 16.1 7.5 2.5 2 1 3 0 0
-1517.7 8402.2 -67.2 88 0 11.7 12.6 7.5 2.5 2 1 3 5 5
-1532.9 8394.7 -65.1 78 0 8.7 14.3 7.5 2.5 4 0 3 1 1
-1542.4 8393.0 -63.5 81 0 10.5 5.4 5.0 2.5 2 0 2 3 3
-1572.5 8396.1 -64.5 171 0 12.8 10.5 5.0 2.5 2 0 2 5 5
-1484.8 8280.3 -56.9 7 0 12.1 9.9 7.5 2.5 2 0 3 2 2
-1592.7 8464.3 -68.8 358 0 12.4 13.0 5.0 2.5 2 1 2 4 4
-1543.1 8329.2 -59.9 236 0 11.9 15.2 7.5 2.5 2 0 3 5 5
-1407.2 8428.8 -66.1 228 0 16.5 11.2 7.5 2.5 2 0 3 2 2
-1419.5 8433.9 -68.5 43 0 13.9 13.2 7.5 2.5 2 0 3 3 3
-1325.6 8233.9 -37.7 319 0 11.8 13.4 7.5 2.5 2 1 3 3 3
-1353.5 8385.1 -58.7 258 0 8.4 18.0 7.5 2.5 2 1 3 3 3
-1436.7 8281.1 -52.7 290 0 17.6 13.6 7.5 2.5 2 0 3 1 1
-1564.9 8219.8 -57.9 95 0 11.2 13.2 7.5 2.5 2 1 3 3 3
-1554.2 8253.2 -58.4 2 0 6.0 12.2 5.0 2.5 2 1 2 4 4
-1590.9 8203.0 -55.2 262 0 12.9 10.7 7.5 2.5 2 0 3 1 1
-1607.3 8225.8 -59.9 171 0 17.6 10.4 5.0 0.0 0 0 2 3 3
-1561.5 8177.6 -50.5 102 0 12.0 9.8 7.5 2.5 2 0 3 1 1
-958.5 8807.1 -33.3 31 0 6.0 4.5 2.5 2.5 2 0 1 4 4
-948.9 8778.0 -40.9 7 0 9.3 3.2 5.0 2.5 2 0 2 4 4
-1632.1 8400.1 -66.4 344 0 12.1 13.7 5.0 2.5 2 1 2 5 5
-1687.4 8388.2 -67.7 164 0 13.8 11.0 5.0 2.5 4 0 2 1 1
-1668.5 8310.1 -65.6 323 0 20.3 17.4 15.0 0.0 0 0 6 0 0
-1671.2 8344.7 -65.9 164 0 15.0 20.5 12.5 2.5 2 1 5 2 2
-1478.6 8242.8 -51.9 197 0 9.7 13.8 7.5 2.5 2 1 3 3 3
-1556.6 8322.3 -60.0 226 0 8.7 7.9 5.0 2.5 2 0 2 2 2
-1614.1 8249.7 -60.7 173 0 12.4 14.3 7.5 2.5 2 1 3 4 4
-1600.4 8352.7 -63.1 326 0 10.4 10.7 5.0 0.0 0 1 2 2 2
-1641.5 8284.2 -62.9 165 0 9.6 13.7 7.5 2.5 2 1 3 0 0
-1558.3 8306.3 -59.5 224 0 10.9 18.8 10.0 2.5 2 1 4 2 2
-1591.9 8346.2 -62.4 319 0 9.3 9.6 5.0 2.5 2 1 2 5 5
-1597.0 8318.8 -61.5 212 0 15.7 8.4 7.5 2.5 2 0 3 2 2
-1627.2 8242.4 -61.7 340 0 8.4 11.6 5.0 2.5 2 1 2 4 4
-1595.3 8410.5 -65.6 260 0 13.0 7.7 7.5 2.5 2 0 3 4 4
-1693.4 8346.4 -67.0 235 0 15.8 11.8 5.0 2.5 2 0 2 5 5
-1697.9 8390.2 -68.7 350 0 15.7 10.5 5.0 2.5 2 0 2 3 3
-1691.7 8439.9 -70.2 64 0 9.2 10.9 5.0 2.5 2 1 2 1 1
-1713.1 8284.4 -66.4 209 0 15.7 11.3 5.0 2.5 2 0 2 3 3
-1757.1 8326.9 -70.6 348 0 18.8 18.3 12.5 2.5 2 0 5 4 4
-1730.0 8369.4 -70.2 342 0 7.3 23.6 7.5 2.5 4 1 3 3 3
-1759.5 8293.0 -69.6 358 0 9.8 12.5 5.0 2.5 2 1 2 2 2
-1765.8 8251.0 -68.8 13 0 15.7 9.2 5.0 2.5 2 0 2 2 2
-1713.4 8440.4 -70.6 59 0 6.5 7.5 5.0 2.5 4 1 2 4 4
-1828.0 8405.9 -74.9 124 0 13.4 13.4 5.0 2.5 2 0 2 4 4
-1847.3 8353.6 -73.9 127 0 11.9 10.7 5.0 2.5 2 0 2 3 3
-1850.3 8314.9 -73.1 141 0 19.9 15.9 7.5 2.5 2 0 3 3 3
-1892.7 8431.5 -77.0 287 0 12.7 11.8 5.0 2.5 2 0 2 2 2
-1877.2 8411.6 -76.1 105 0 4.5 8.6 2.5 2.5 2 1 1 1 1
-1908.3 8315.5 -70.7 89 0 16.3 17.2 10.0 2.5 2 1 4 5 5
-1902.2 8285.6 -66.2 297 0 12.9 16.1 5.0 0.0 0 1 2 1 1
-1972.2 8528.5 -77.3 135 0 17.2 11.8 7.5 2.5 2 0 3 4 4
-1982.2 8400.6 -65.6 127 0 11.0 7.2 7.5 2.5 2 0 3 3 3
-1919.6 8432.8 -77.7 303 0 11.6 11.3 5.0 2.5 2 0 2 1 1
-1984.2 8301.0 -53.2 292 0 12.8 14.9 5.0 2.5 2 1 2 3 3
-2008.7 8262.1 -47.9 280 0 10.4 9.7 5.0 2.5 2 0 2 0 0
-4727.8 8369.9 -135.6 286 0 13.4 12.6 5.0 2.5 2 0 2 2 2
-1533.8 8335.6 -60.0 236 0 10.7 15.2 5.0 2.5 2 0 2 5 5
5037.7 -18.3 157.9 63 0 14.4 11.5 7.5 2.5 2 0 3 3 3
-2092.6 8184.2 -37.6 96 0 14.2 14.3 5.0 2.5 2 1 2 5 5
-2214.7 7449.2 -25.0 89 0 7.8 10.8 5.0 2.5 2 1 2 3 3
-6204.5 5519.4 -150.1 297 0 32.2 14.5 10.0 2.5 2 0 4 3 3
-5137.5 3884.4 -79.5 324 0 10.5 9.8 10.5 3.5 2 0 3 5 5
-5134.9 3872.0 -80.0 327 0 7.6 6.6 10.5 3.5 2 0 3 5 5
-5130.9 3857.6 -80.5 55 0 8.6 8.2 10.5 3.5 2 0 3 1 1
-5140.5 3849.9 -80.6 31 1 14.7 11.8 14.0 0.0 0 0 4 3 3
-4829.7 4120.8 -76.6 193 0 16.9 14.7 14.0 3.5 4 0 4 0 0
-4762.6 6306.2 -141.1 318 0 12.2 11.3 7.5 2.5 2 0 3 1 1
5701.8 423.0 182.0 199 0 7.3 12.8 7.5 2.5 2 1 3 4 4
-1546.0 8377.6 -63.2 308 0 9.8 11.9 5.0 2.5 2 1 2 4 4
-6611.7 7830.0 -189.5 272 0 9.9 24.3 7.5 2.5 2 1 3 2 2
-6626.4 7830.4 -187.9 272 0 9.9 24.3 7.5 2.5 2 1 3 0 0
-6640.1 7830.4 -186.4 272 0 9.9 24.3 2.5 2.5 2 1 1 3 3
-6655.2 7831.7 -184.9 272 0 9.9 24.3 2.5 2.5 2 1 1 0 0
-6669.7 7832.5 -183.4 272 0 9.9 24.3 5.0 2.5 2 1 2 4 4
-6683.2 7834.1 -182.0 272 0 9.9 24.3 7.5 2.5 2 1 3 3 3
-6711.7 7835.5 -178.0 272 0 10.4 17.7 5.0 2.5 2 1 2 0 0
-6726.0 7835.2 -175.8 272 0 10.4 17.7 10.0 0.0 0 1 4 5 5
-6740.0 7836.3 -173.7 272 0 10.4 17.7 7.5 2.5 2 1 3 1 1
-6754.3 7837.8 -171.6 272 0 10.4 17.7 2.5 2.5 2 1 1 3 3
-6769.3 7837.8 -169.4 272 0 10.4 17.7 7.5 2.5 2 1 3 5 5
-6322.1 7901.1 -192.6 199 0 13.2 16.9 7.5 2.5 2 1 3 1 1
-4855.4 6513.2 -159.0 333 0 24.2 18.3 12.5 2.5 2 0 5 0 0
-4837.6 6524.9 -160.9 336 0 24.2 18.3 10.0 2.5 4 0 4 3 3
-4766.0 4896.6 -134.1 306 0 11.7 19.2 7.5 2.5 2 1 3 2 2
-5097.2 5466.8 -95.5 172 0 6.2 13.5 2.5 2.5 4 1 1 2 2
-6115.9 5461.9 -141.3 88 0 9.4 9.4 5.0 2.5 2 1 2 4 4
