-4734.7 -116.3 -78.1 209 0 57.9 12.8 12.5 2.5 2 0 5 1 1
-6539.7 481.8 -67.3 150 0 9.3 14.2 10.5 3.5 2 1 3 5 5
-5265.7 -1017.6 -93.8 106 0 5.7 11.1 2.5 2.5 2 1 1 0 0
-5257.0 -1005.7 -91.9 102 0 6.7 43.6 7.5 2.5 2 1 3 5 5
-5337.0 -1050.3 -82.5 195 0 10.2 9.3 5.0 2.5 2 0 2 1 1
-6841.5 10489.9 -96.5 201 0 18.5 19.0 17.5 3.5 2 1 5 3 3
-6195.7 -3721.2 -83.6 87 0 22.9 31.4 10.0 0.0 0 1 4 5 5
-6440.5 -2617.3 -46.7 341 0 40.6 15.0 12.5 2.5 2 0 5 1 1
-6416.3 -2742.1 -54.0 165 0 106.6 20.3 15.0 0.0 0 0 6 0 0
-6433.4 -2737.8 -48.8 348 0 17.1 26.8 12.5 2.5 2 1 5 1 1
-6463.7 -2786.9 -54.9 104 0 31.6 15.4 12.5 2.5 2 0 5 4 4
-6670.6 -3246.1 -88.5 90 0 13.7 56.3 10.0 2.5 2 1 4 3 3
-6672.8 -3858.6 -9.4 116 0 4.1 19.5 5.0 2.5 2 1 2 2 2
-6659.9 -3865.7 -10.6 213 0 9.4 18.6 2.5 2.5 2 1 1 4 4
-6614.6 -3906.2 -20.5 13 0 4.9 13.3 7.5 2.5 2 1 3 4 4
-6643.2 -3840.1 -13.3 28 0 7.4 17.0 5.0 2.5 2 1 2 5 5
-4981.5 -402.7 -33.5 138 0 15.6 18.2 10.0 2.5 2 1 4 5 5
-6566.3 1028.3 -93.0 183 0 8.1 16.4 10.5 3.5 2 1 3 5 5
-5700.1 -713.0 -81.2 61 0 9.1 10.1 2.5 2.5 2 1 1 0 0
-6866.0 506.8 -93.6 16 0 9.5 12.1 10.5 3.5 2 1 3 1 1
-6409.8 508.7 -55.2 282 0 4.3 13.0 10.5 3.5 2 1 3 3 3
-6425.7 475.4 -56.3 102 0 7.6 16.3 10.5 3.5 2 1 3 5 5
-6365.5 507.3 -48.4 110 0 7.4 14.2 10.5 3.5 2 1 3 0 0
-6384.6 516.8 -51.4 206 0 11.3 6.9 10.5 0.0 0 0 3 0 0
-6438.4 519.7 -60.2 289 0 10.6 9.3 10.5 3.5 2 0 3 1 1
-6453.1 525.8 -62.7 287 0 12.6 13.7 14.0 3.5 2 1 4 3 3
-6463.2 485.4 -62.3 103 0 11.3 13.5 14.0 3.5 2 1 4 4 4
-6459.5 507.6 -61.8 197 0 10.9 12.2 14.0 3.5 2 1 4 3 3
-6366.7 574.8 -55.3 34 0 20.5 18.2 14.0 3.5 2 0 4 0 0
-6424.8 532.5 -58.8 115 0 7.5 17.7 10.5 3.5 2 1 3 0 0
-6448.7 538.2 -62.4 125 0 8.7 16.8 10.5 3.5 2 1 3 2 2
-6384.4 527.7 -53.7 55 0 6.4 13.0 10.5 3.5 4 1 3 1 1
-6369.0 488.8 -47.9 44 0 12.4 4.0 10.5 3.5 2 0 3 2 2
-6420.6 463.6 -54.9 286 0 17.2 16.6 14.0 3.5 2 0 4 0 0
-6453.1 473.3 -59.8 284 0 14.6 10.6 14.0 3.5 4 0 4 4 4
-6465.3 417.0 -59.8 92 0 16.7 14.8 14.0 3.5 2 0 4 0 0
-6421.7 376.2 -60.4 20 0 15.0 19.4 10.5 3.5 2 1 3 5 5
-6421.7 343.0 -63.0 354 0 11.6 26.0 10.5 3.5 2 1 3 3 3
-6419.3 327.2 -62.9 358 0 10.0 14.2 10.5 3.5 2 1 3 3 3
-6430.7 311.0 -63.8 92 0 17.7 8.5 10.5 3.5 2 0 3 4 4
-6377.5 354.1 -56.9 303 0 13.3 13.8 14.0 3.5 2 1 4 5 5
-6370.9 447.4 -45.4 271 0 8.2 22.6 10.5 3.5 2 1 3 4 4
-6347.1 479.9 -43.0 271 0 9.3 13.6 10.5 0.0 0 1 3 2 2
-6332.5 490.3 -41.7 280 0 9.5 10.4 10.5 3.5 2 1 3 5 5
-6302.1 480.9 -38.7 14 0 17.1 17.1 14.0 3.5 2 1 4 4 4
-6331.2 630.5 -51.4 106 0 13.2 14.8 14.0 3.5 2 1 4 0 0
-6364.1 639.7 -57.0 305 0 12.1 14.8 14.0 3.5 2 1 4 1 1
-6385.5 618.6 -59.3 343 0 12.7 13.0 14.0 3.5 2 1 4 5 5
-6405.4 534.6 -56.3 123 0 10.5 12.1 14.0 3.5 2 1 4 3 3
-6402.3 668.3 -63.7 313 0 12.6 13.5 14.0 3.5 2 1 4 3 3
-6445.0 670.1 -70.3 22 0 9.1 14.3 10.5 3.5 2 1 3 0 0
-6480.9 714.1 -75.8 287 0 13.4 11.5 14.0 3.5 2 0 4 1 1
-6515.0 597.5 -71.9 320 0 10.6 12.4 14.0 0.0 0 1 4 5 5
-6493.1 559.6 -68.9 330 0 16.6 14.1 10.5 3.5 2 0 3 4 4
-6554.7 500.8 -70.2 25 0 18.9 13.5 14.0 3.5 2 0 4 2 2
-6601.8 468.0 -71.3 266 0 15.2 16.4 14.0 3.5 4 1 4 1 1
-6602.6 416.6 -70.8 79 0 15.3 18.2 14.0 3.5 2 1 4 0 0
-6571.5 484.4 -69.8 283 0 15.3 10.8 14.0 3.5 2 0 4 4 4
-6591.7 503.0 -72.6 115 0 17.2 17.7 14.0 3.5 2 1 4 4 4
-6550.1 425.1 -65.8 178 0 15.9 8.6 10.5 3.5 2 0 3 4 4
-6601.9 370.9 -71.9 260 0 15.3 29.0 14.0 0.0 0 1 4 5 5
-6621.1 295.2 -75.7 76 0 14.6 24.6 14.0 3.5 2 1 4 1 1
-6583.5 395.3 -69.6 259 0 21.5 24.5 14.0 0.0 0 1 4 4 4
-6579.0 538.3 -72.7 205 0 15.7 15.3 14.0 3.5 2 0 4 1 1
-6637.7 502.4 -74.9 278 0 12.0 20.6 14.0 3.5 2 1 4 5 5
-6530.1 554.7 -71.1 51 0 11.4 10.5 14.0 0.0 0 0 4 0 0
-6595.5 567.2 -76.2 32 0 15.9 12.4 10.5 3.5 2 0 3 2 2
-6536.9 657.5 -76.3 187 0 15.2 18.7 14.0 3.5 2 1 4 1 1
-6542.2 682.5 -78.3 178 0 25.6 18.3 14.0 3.5 2 0 4 5 5
-6454.3 639.9 -68.0 212 0 9.0 16.3 10.5 3.5 2 1 3 0 0
-6545.5 299.8 -71.0 261 0 14.0 12.6 14.0 3.5 4 0 4 1 1
-6618.6 497.3 -73.4 282 0 12.8 13.5 14.0 3.5 2 1 4 0 0
-6672.9 390.1 -75.8 75 0 13.7 21.5 14.0 0.0 0 1 4 2 2
-6739.2 498.2 -83.9 8 0 15.5 17.7 10.5 3.5 2 1 3 3 3
-6708.7 340.1 -78.8 125 0 9.2 18.7 10.5 3.5 2 1 3 2 2
-6641.8 315.5 -76.0 71 0 12.1 18.1 14.0 3.5 2 1 4 5 5
-6567.6 459.2 -69.4 354 0 18.5 18.4 14.0 3.5 4 0 4 3 3
-6627.9 463.6 -73.0 269 0 8.0 11.3 10.5 3.5 2 1 3 3 3
-6656.6 471.4 -75.7 275 0 13.1 11.2 14.0 3.5 2 0 4 4 4
-6613.8 537.8 -75.8 39 0 18.4 12.3 10.5 3.5 2 0 3 1 1
-6571.6 563.2 -73.4 224 0 10.0 15.5 10.5 3.5 2 1 3 4 4
-6471.8 608.9 -68.9 217 0 6.8 13.4 10.5 3.5 2 1 3 0 0
-6511.0 720.0 -78.0 281 0 12.3 20.5 14.0 0.0 0 1 4 5 5
-6514.5 776.0 -82.4 67 0 17.1 19.1 14.0 3.5 2 1 4 5 5
-6504.8 752.7 -79.6 115 0 11.9 10.9 10.5 3.5 2 0 3 0 0
-6546.4 721.5 -80.1 193 0 9.7 15.7 10.5 3.5 2 1 3 0 0
-6442.3 775.1 -73.9 230 0 16.6 14.9 10.5 0.0 0 0 3 4 4
-4496.4 1647.4 -87.7 29 1 11.1 16.0 14.0 3.5 2 1 4 2 2
-4502.9 1672.2 -89.1 204 1 11.2 15.7 14.0 3.5 2 1 4 5 5
-4497.2 1691.3 -90.6 216 0 12.1 21.7 14.0 3.5 2 1 4 4 4
-4485.0 1710.5 -91.2 218 0 11.5 22.1 14.0 3.5 4 1 4 4 4
-4472.6 1724.8 -89.4 221 1 12.5 18.4 14.0 3.5 2 1 4 2 2
-4444.2 1724.6 -84.3 45 1 10.7 16.1 14.0 0.0 0 1 4 2 2
-4447.9 1753.2 -81.1 226 0 9.5 19.3 10.5 3.5 2 1 3 2 2
-4415.4 1751.8 -80.9 53 1 11.6 18.8 14.0 3.5 2 1 4 1 1
-4366.8 1781.2 -87.5 68 1 11.8 20.5 14.0 3.5 2 1 4 4 4
-4348.0 1788.5 -87.9 67 0 9.5 18.1 10.5 3.5 2 1 3 1 1
-4327.6 1794.3 -88.4 77 1 11.6 20.8 14.0 3.5 2 1 4 3 3
-4480.9 1636.4 -81.2 203 1 11.6 15.9 14.0 0.0 0 1 4 3 3
-4472.6 1659.6 -83.1 204 1 10.9 20.3 14.0 3.5 2 1 4 4 4
-4462.6 1678.2 -83.9 209 0 9.5 18.8 10.5 3.5 2 1 3 0 0
-4450.1 1696.1 -83.9 217 0 8.7 21.7 10.5 3.5 2 1 3 2 2
-4436.8 1710.7 -81.5 221 1 10.3 19.8 14.0 3.5 4 1 4 1 1
-4423.4 1727.5 -77.3 231 1 12.0 15.6 14.0 3.5 2 1 4 3 3
-4385.3 1771.9 -86.0 66 1 11.0 21.7 14.0 3.5 2 1 4 4 4
-4399.1 1744.9 -74.4 226 1 10.9 16.8 14.0 3.5 2 1 4 0 0
-4382.4 1754.4 -76.0 244 1 11.6 16.9 14.0 3.5 2 1 4 4 4
-4365.2 1763.3 -77.7 248 0 13.3 20.7 14.0 3.5 2 1 4 0 0
-4326.8 1776.3 -79.6 256 0 9.9 17.1 10.5 3.5 2 1 3 4 4
-4309.0 1780.9 -79.8 256 1 11.5 17.3 14.0 3.5 2 1 4 2 2
-4288.0 1784.8 -79.3 257 1 11.2 20.5 14.0 3.5 2 1 4 2 2
-4266.1 1745.0 -72.4 74 1 11.6 12.2 14.0 3.5 2 1 4 0 0
-4248.8 1791.4 -78.3 243 0 9.4 19.5 10.5 3.5 2 1 3 4 4
-4229.2 1794.6 -77.6 256 0 9.5 16.0 10.5 3.5 4 1 3 2 2
-4242.4 1743.0 -70.9 87 0 9.9 14.5 10.5 3.5 2 1 3 4 4
-4308.2 1731.3 -73.1 61 1 11.6 21.4 14.0 3.5 2 1 4 4 4
-4330.9 1726.6 -71.4 72 1 12.1 17.5 14.0 3.5 2 1 4 2 2
-4427.0 1642.4 -78.5 26 1 11.7 22.8 14.0 3.5 2 1 4 5 5
-4434.9 1623.0 -77.0 16 0 14.4 22.9 14.0 3.5 2 1 4 3 3
-4167.1 1828.4 -80.3 230 0 11.0 21.1 14.0 0.0 0 1 4 3 3
-4147.6 1838.8 -81.0 220 0 9.7 17.5 10.5 3.5 2 1 3 4 4
-4134.2 1854.3 -83.1 221 1 10.6 15.6 14.0 3.5 2 1 4 3 3
-4129.6 1792.3 -73.7 52 1 11.8 17.9 14.0 0.0 0 1 4 1 1
-4100.5 1820.0 -77.4 49 0 9.3 18.7 10.5 3.5 2 1 3 2 2
-4082.2 1833.4 -79.1 55 0 9.9 22.3 10.5 3.5 2 1 3 3 3
-4066.4 1843.0 -78.9 61 0 7.7 18.1 10.5 3.5 2 1 3 5 5
-4050.2 1910.8 -86.5 259 1 12.1 17.3 14.0 3.5 2 1 4 3 3
-4046.3 1855.3 -78.7 73 1 12.1 14.6 14.0 3.5 2 1 4 4 4
-4028.7 1861.3 -78.8 79 1 12.2 16.6 14.0 0.0 0 1 4 0 0
-4029.1 1919.7 -87.0 264 0 14.3 21.1 14.0 3.5 2 1 4 3 3
-4007.8 1919.1 -86.6 276 1 13.1 18.7 14.0 3.5 2 1 4 0 0
-3988.3 1864.8 -77.5 80 1 11.9 17.0 14.0 3.5 2 1 4 2 2
-3961.2 1877.7 -78.6 2 0 22.0 12.6 14.0 3.5 2 0 4 0 0
-3967.8 1914.8 -84.5 272 0 12.9 19.7 14.0 3.5 2 1 4 3 3
-3938.2 1912.8 -84.9 277 1 10.8 18.9 14.0 3.5 2 1 4 5 5
-3917.7 1908.5 -86.7 284 1 11.3 18.7 14.0 3.5 2 1 4 1 1
-3920.2 1857.2 -81.7 104 0 9.7 20.0 10.5 0.0 0 1 3 5 5
-6267.0 527.2 -35.9 67 0 10.9 17.6 14.0 0.0 0 1 4 5 5
-6333.2 574.3 -48.5 290 0 16.0 16.5 14.0 3.5 2 1 4 1 1
-6355.2 546.5 -48.8 209 0 12.9 14.1 14.0 3.5 2 1 4 2 2
-6313.2 614.1 -48.3 104 0 14.9 13.2 14.0 3.5 2 0 4 3 3
-6312.3 510.3 -41.0 52 0 5.6 12.2 10.5 0.0 0 1 3 2 2
-6294.1 451.4 -32.0 194 0 12.8 10.1 10.5 3.5 4 0 3 4 4
-6292.0 426.9 -32.4 281 0 14.5 18.4 14.0 0.0 0 1 4 4 4
-6349.4 442.4 -41.5 282 0 14.7 17.5 14.0 0.0 0 1 4 0 0
-6365.8 365.5 -50.9 109 0 20.1 15.6 14.0 3.5 2 0 4 5 5
-6363.0 387.4 -46.8 104 0 13.0 14.3 14.0 3.5 2 1 4 2 2
-6361.7 343.4 -57.6 296 0 12.2 21.6 14.0 3.5 2 1 4 1 1
-6314.0 761.7 -56.1 137 0 19.3 14.1 14.0 3.5 2 0 4 2 2
-6251.9 605.9 -37.1 270 0 12.5 10.9 14.0 3.5 2 0 4 0 0
-6293.3 574.6 -41.6 110 0 10.4 20.8 14.0 3.5 4 1 4 3 3
-6268.9 712.9 -46.7 131 0 10.8 15.1 14.0 3.5 4 1 4 5 5
-6299.5 718.7 -52.1 314 0 14.9 12.6 14.0 3.5 2 0 4 5 5
-6316.7 744.1 -55.2 249 0 8.2 10.7 10.5 3.5 2 1 3 2 2
-6117.7 421.4 -11.5 97 0 12.6 9.4 10.5 3.5 2 0 3 0 0
-6123.4 414.4 -9.6 101 0 7.5 6.3 10.5 3.5 2 0 3 4 4
-6280.1 237.9 -62.3 2 0 18.9 47.7 14.0 3.5 2 1 4 1 1
-6265.2 278.7 -49.3 24 0 9.5 20.4 10.5 3.5 2 1 3 3 3
-6326.2 328.2 -52.6 285 0 13.6 14.6 14.0 3.5 2 1 4 2 2
-6309.3 323.1 -50.4 280 0 12.5 13.9 14.0 3.5 2 1 4 2 2
-6288.7 324.5 -47.9 275 0 11.5 20.0 14.0 0.0 0 1 4 1 1
-6272.4 317.0 -44.7 254 0 9.0 16.2 10.5 3.5 2 1 3 4 4
-6441.9 252.6 -68.4 11 0 21.6 18.5 14.0 3.5 2 0 4 2 2
-6424.5 256.4 -66.9 360 0 11.7 12.6 14.0 3.5 2 1 4 1 1
-6465.0 306.7 -65.6 91 0 9.4 17.1 10.5 3.5 2 1 3 5 5
-6403.5 334.7 -60.8 177 0 5.8 11.0 10.5 3.5 2 1 3 5 5
-6326.1 387.7 -42.2 17 0 9.7 12.6 10.5 3.5 2 1 3 1 1
-6322.2 407.4 -38.7 13 0 12.4 11.8 14.0 3.5 4 0 4 3 3
-6309.3 376.1 -40.4 191 0 17.0 13.0 14.0 3.5 2 0 4 5 5
-6312.4 352.6 -44.4 195 0 15.2 12.4 14.0 3.5 2 0 4 1 1
-6332.3 354.8 -48.3 18 0 9.0 16.0 10.5 3.5 2 1 3 1 1
-6392.0 559.5 -57.2 40 0 18.4 12.0 14.0 3.5 2 0 4 5 5
-6554.3 461.6 -67.1 179 0 6.0 9.3 10.5 3.5 2 1 3 1 1
-6637.9 388.9 -73.0 258 0 17.4 17.6 14.0 3.5 2 1 4 2 2
-6639.7 393.9 -72.6 85 0 14.1 8.5 10.5 3.5 2 0 3 1 1
-6555.0 375.5 -67.7 343 0 11.2 8.5 10.5 3.5 2 0 3 1 1
-6533.8 510.3 -68.3 194 0 10.2 14.7 10.5 3.5 2 1 3 1 1
-6511.1 449.8 -64.5 3 0 9.6 12.3 10.5 3.5 2 1 3 1 1
-6558.0 668.6 -79.1 4 0 8.6 13.9 10.5 3.5 2 1 3 4 4
-6559.8 643.5 -78.0 93 0 10.6 17.6 14.0 3.5 2 1 4 2 2
-6602.1 614.1 -78.8 92 0 6.2 11.5 10.5 3.5 2 1 3 1 1
-6623.3 636.9 -80.9 275 0 10.3 9.9 10.5 3.5 2 0 3 0 0
-6653.3 685.8 -85.3 196 0 10.3 14.3 14.0 3.5 2 1 4 0 0
-6470.4 526.2 -66.0 16 0 8.7 14.4 10.5 3.5 2 1 3 0 0
-6449.4 481.2 -59.7 107 0 8.9 15.6 10.5 3.5 2 0 3 5 5
-6440.7 480.2 -58.4 107 0 7.9 16.0 10.5 3.5 2 0 3 5 5
-6531.6 377.8 -65.7 178 0 13.1 13.3 14.0 3.5 2 1 4 3 3
-6532.7 417.5 -64.9 90 0 11.8 15.8 10.5 3.5 2 1 3 4 4
-6396.1 203.7 -66.9 269 0 13.0 19.5 10.5 3.5 2 1 3 0 0
-6380.2 202.1 -66.0 270 0 12.2 16.7 10.5 3.5 2 1 3 4 4
-6396.5 168.8 -65.6 179 0 21.8 13.1 10.5 3.5 2 0 3 0 0
-6390.6 115.0 -62.2 174 0 18.3 16.8 10.5 3.5 2 0 3 3 3
-6370.0 119.0 -61.5 174 0 18.9 16.0 10.5 3.5 2 0 3 2 2
-6343.1 114.8 -60.9 85 0 15.7 19.0 10.5 3.5 2 1 3 4 4
-6379.1 67.0 -59.8 88 0 14.0 17.8 10.5 3.5 2 1 3 2 2
-6356.8 74.5 -58.7 90 0 10.6 14.0 10.5 3.5 2 1 3 3 3
-6310.4 154.1 -60.5 274 0 16.1 16.3 10.5 3.5 2 1 3 4 4
-6323.9 46.6 -48.7 268 0 13.9 20.2 14.0 3.5 2 1 4 2 2
-6312.2 -1.2 -43.4 92 0 22.8 18.4 14.0 3.5 2 0 4 3 3
-6387.0 9.6 -52.5 100 0 13.3 14.6 14.0 3.5 2 1 4 1 1
-6386.0 48.4 -56.2 263 0 15.3 14.5 14.0 3.5 2 0 4 4 4
-6409.0 39.1 -58.8 355 0 14.9 11.7 10.5 3.5 2 0 3 2 2
-6419.9 -6.5 -54.0 71 0 14.1 14.0 14.0 3.5 2 0 4 3 3
-6396.5 -6.4 -49.5 280 0 16.8 14.1 14.0 3.5 2 0 4 1 1
-6411.3 -29.0 -47.6 186 0 13.1 13.8 14.0 3.5 2 1 4 4 4
-6410.8 -48.1 -47.5 184 0 11.9 19.0 14.0 3.5 2 1 4 1 1
-6378.6 -9.2 -46.5 277 0 9.1 19.0 10.5 3.5 2 1 3 0 0
-6359.4 -17.2 -43.0 279 0 9.1 18.9 10.5 3.5 2 1 3 4 4
-6383.8 -80.0 -43.0 168 0 9.7 20.5 10.5 3.5 2 1 3 3 3
-6363.5 -44.5 -40.3 271 0 14.2 9.6 10.5 3.5 2 0 3 3 3
-6762.7 278.6 -83.6 281 0 18.4 6.5 10.5 3.5 2 0 3 4 4
-6620.4 232.6 -78.4 297 0 28.0 12.4 14.0 3.5 4 0 4 0 0
-6655.5 208.4 -78.9 117 0 13.8 21.0 14.0 3.5 2 1 4 4 4
-6686.1 212.2 -80.0 115 0 10.2 15.1 10.5 0.0 0 1 3 2 2
-6681.3 248.2 -80.3 293 0 9.7 14.9 10.5 3.5 2 1 3 3 3
-6690.7 251.0 -80.6 291 0 7.0 9.3 10.5 0.0 0 1 3 5 5
-6699.6 252.8 -80.9 291 0 6.9 12.3 10.5 3.5 2 1 3 1 1
-6690.2 261.1 -80.9 117 0 17.8 13.1 14.0 3.5 2 0 4 3 3
-6714.5 262.5 -81.6 288 0 8.9 11.8 10.5 3.5 2 1 3 0 0
-6662.5 269.8 -80.2 306 0 17.8 19.3 14.0 3.5 4 1 4 5 5
-6690.1 194.7 -80.3 26 0 8.8 16.9 10.5 3.5 2 1 3 4 4
-6680.8 186.3 -79.3 209 0 16.1 12.7 14.0 0.0 0 0 4 3 3
-6220.4 453.5 -19.6 205 0 14.1 10.8 10.5 3.5 2 0 3 2 2
-6060.9 365.0 -3.0 152 0 11.3 6.6 10.5 3.5 2 0 3 5 5
-6066.9 383.5 -3.6 241 0 6.1 12.9 10.5 3.5 2 1 3 0 0
-6044.9 411.9 -6.3 68 0 5.8 13.0 10.5 0.0 0 0 3 0 0
-6039.4 414.2 -5.7 67 0 6.2 9.4 10.5 3.5 2 0 3 5 5
-6031.4 417.8 -5.6 77 0 9.2 7.7 10.5 3.5 2 0 3 1 1
-6042.7 424.5 -9.4 68 0 5.7 15.8 10.5 3.5 2 1 3 3 3
-6142.1 543.8 -25.8 166 0 14.1 14.8 14.0 3.5 2 1 4 4 4
-6157.2 487.5 -22.5 81 0 18.0 12.8 10.5 3.5 2 0 3 0 0
-6170.1 485.4 -21.8 83 0 4.7 17.7 10.5 0.0 0 1 3 2 2
-6146.3 512.8 -23.6 349 0 6.2 13.1 10.5 3.5 2 1 3 2 2
-6149.0 523.0 -23.8 351 0 9.3 11.1 10.5 3.5 4 1 3 4 4
-6150.9 533.6 -23.9 353 0 5.7 13.4 10.5 3.5 2 1 3 2 2
-6161.1 551.9 -24.2 263 0 12.5 13.0 10.5 3.5 2 1 3 1 1
-6210.1 522.9 -26.2 11 0 11.5 16.9 14.0 3.5 2 1 4 4 4
-6268.5 514.6 -33.1 268 0 10.5 8.4 10.5 3.5 2 0 3 2 2
-6255.8 535.1 -33.9 66 0 11.2 11.9 14.0 3.5 2 1 4 1 1
-6240.9 540.4 -32.4 70 0 12.3 16.1 14.0 0.0 0 1 4 2 2
-6225.3 563.9 -31.0 337 0 13.6 11.7 14.0 3.5 2 0 4 3 3
-6289.0 518.8 -37.7 66 0 10.4 9.2 10.5 3.5 2 0 3 4 4
-6288.4 550.8 -38.8 250 0 11.4 12.1 14.0 3.5 2 1 4 2 2
-6315.1 567.7 -44.3 291 0 7.1 17.1 10.5 3.5 2 1 3 2 2
-6306.7 564.9 -42.8 290 0 8.4 17.4 10.5 3.5 2 1 3 1 1
-6296.7 562.7 -40.9 284 0 7.0 11.1 10.5 3.5 2 1 3 3 3
-6328.5 586.3 -48.7 110 0 17.0 8.1 10.5 3.5 2 0 3 3 3
-6320.4 610.5 -48.9 295 0 14.5 11.0 14.0 3.5 2 0 4 1 1
-6329.2 665.0 -51.9 197 0 13.9 15.0 14.0 0.0 0 1 4 3 3
-6341.1 676.1 -56.6 4 0 13.1 16.8 14.0 3.5 2 1 4 5 5
-6382.4 673.8 -61.0 130 0 18.4 9.9 10.5 3.5 2 0 3 2 2
-6373.5 686.8 -60.1 99 0 8.8 12.2 10.5 3.5 2 1 3 2 2
-6420.3 681.4 -66.7 300 0 12.7 16.8 14.0 0.0 0 1 4 3 3
-6443.4 652.1 -67.2 209 0 15.3 11.7 14.0 3.5 2 0 4 2 2
-6366.5 608.3 -56.2 347 0 12.6 13.0 14.0 3.5 2 1 4 3 3
-6380.1 651.3 -59.7 304 0 13.3 15.3 14.0 3.5 2 1 4 1 1
-6412.9 575.2 -60.6 38 0 6.8 11.9 10.5 0.0 0 0 3 4 4
-6458.2 541.3 -63.7 128 0 5.0 12.8 10.5 3.5 2 1 3 1 1
-6435.8 556.4 -61.6 123 0 8.3 11.6 10.5 0.0 0 1 3 4 4
-6483.2 450.8 -63.4 1 0 18.2 22.6 10.5 3.5 2 1 3 5 5
-6497.6 414.1 -61.7 88 0 4.7 14.5 10.5 3.5 2 1 3 1 1
-6491.3 417.0 -61.2 2 0 4.1 3.4 10.5 3.5 2 0 3 0 0
-6537.7 310.9 -69.4 94 0 12.9 9.5 10.5 3.5 2 0 3 5 5
-6552.2 306.3 -70.4 82 0 6.9 15.3 10.5 3.5 2 1 3 2 2
-6560.8 305.5 -71.0 75 0 6.3 8.2 10.5 3.5 2 0 3 1 1
-6580.9 302.6 -72.4 87 0 6.5 8.5 10.5 3.5 2 1 3 4 4
-6651.1 289.2 -78.4 308 0 17.7 11.0 14.0 3.5 2 0 4 3 3
-6675.1 52.7 -78.0 249 0 14.2 22.7 14.0 3.5 2 1 4 3 3
-6690.4 -67.6 -90.3 155 0 16.7 16.8 14.0 3.5 2 1 4 1 1
-6614.0 90.1 -70.9 66 0 9.8 18.7 10.5 3.5 2 1 3 1 1
-6612.0 186.0 -77.1 115 0 7.6 13.6 10.5 3.5 4 1 3 5 5
-6572.7 181.3 -75.0 79 0 8.4 14.5 10.5 3.5 2 1 3 1 1
-6570.8 131.0 -71.7 114 0 12.8 13.7 14.0 3.5 2 1 4 3 3
-6550.2 174.0 -73.0 268 0 13.2 14.4 14.0 3.5 4 1 4 0 0
-6614.8 336.3 -73.1 82 0 8.3 14.9 10.5 3.5 4 1 3 1 1
-6589.2 295.7 -74.1 264 0 7.3 18.8 10.5 3.5 4 1 3 3 3
-6605.4 291.5 -75.1 259 0 6.1 16.2 10.5 3.5 4 1 3 3 3
-6603.3 234.7 -77.0 122 0 7.6 19.1 10.5 3.5 2 1 3 1 1
-6640.9 268.4 -78.1 205 0 10.4 12.3 14.0 3.5 2 1 4 5 5
-6684.3 381.4 -75.8 248 0 8.3 15.1 10.5 3.5 2 1 3 4 4
-6704.1 390.4 -77.6 88 0 7.5 15.6 10.5 3.5 4 1 3 4 4
-6687.8 411.6 -77.1 74 0 7.7 16.7 10.5 3.5 2 1 3 5 5
-6718.3 461.0 -79.8 184 0 13.8 24.7 14.0 3.5 2 1 4 2 2
-6650.5 504.7 -75.6 262 0 5.7 13.6 10.5 0.0 0 1 3 3 3
-6660.6 515.0 -77.5 109 0 14.4 9.3 10.5 3.5 2 0 3 2 2
-6650.0 526.1 -77.7 19 0 9.5 12.5 10.5 3.5 2 0 3 2 2
-6659.3 600.2 -81.3 267 0 10.1 10.9 10.5 0.0 0 1 3 4 4
-6658.3 570.2 -80.5 0 0 11.3 13.4 10.5 3.5 4 1 3 4 4
-6670.6 599.8 -82.0 282 0 7.4 14.3 10.5 3.5 2 1 3 0 0
-6694.5 584.0 -82.7 198 0 13.5 18.0 10.5 3.5 2 1 3 3 3
-6683.3 602.4 -83.1 287 0 11.3 14.0 10.5 3.5 2 1 3 0 0
-6578.6 581.6 -75.5 39 0 10.8 8.6 10.5 0.0 0 0 3 5 5
-6589.6 609.3 -77.0 236 0 8.1 11.3 10.5 3.5 2 1 3 1 1
-6597.1 604.6 -77.3 234 0 8.4 12.8 10.5 3.5 2 1 3 0 0
-6549.5 631.8 -75.8 263 0 10.1 13.6 10.5 3.5 2 1 3 1 1
-6641.4 538.6 -76.8 186 0 9.5 14.0 10.5 3.5 2 1 3 2 2
-6519.9 524.0 -68.0 204 0 12.3 12.0 10.5 3.5 4 0 3 3 3
-6475.3 491.8 -64.4 13 0 9.3 14.6 10.5 3.5 2 1 3 5 5
-6396.6 515.4 -53.7 118 0 6.0 9.1 10.5 3.5 2 1 3 0 0
-6324.1 435.4 -36.7 280 0 12.8 14.6 14.0 0.0 0 1 4 3 3
-6304.6 397.2 -36.2 191 0 15.8 13.0 14.0 3.5 2 0 4 5 5
-6277.5 364.1 -37.5 22 0 11.2 10.5 14.0 3.5 2 0 4 2 2
-6263.9 386.5 -32.6 19 0 17.6 11.2 14.0 3.5 4 0 4 2 2
-6230.6 408.9 -23.8 296 0 14.5 12.4 14.0 3.5 2 0 4 2 2
-6210.4 388.6 -22.8 20 0 11.2 12.9 14.0 3.5 2 1 4 2 2
-6217.5 371.8 -26.6 23 0 11.9 13.4 14.0 3.5 4 1 4 4 4
-6229.2 343.0 -33.3 21 0 13.5 13.5 14.0 0.0 0 0 4 4 4
-6222.5 358.3 -29.4 24 0 11.5 13.0 14.0 3.5 2 1 4 2 2
-6255.9 367.7 -33.0 203 0 17.8 14.7 14.0 3.5 2 0 4 2 2
-6262.3 347.3 -36.9 192 0 15.5 10.4 14.0 3.5 2 0 4 0 0
-6280.3 344.7 -42.3 14 0 16.8 15.0 14.0 3.5 2 0 4 3 3
-6206.2 421.6 -16.4 114 0 18.9 12.0 10.5 0.0 0 0 3 0 0
-6187.1 441.2 -16.5 23 0 12.1 18.8 10.5 3.5 2 1 3 2 2
-6241.4 430.8 -23.5 19 0 11.3 12.2 10.5 3.5 2 1 3 5 5
-6500.4 -350.7 -75.9 75 0 14.4 19.0 14.0 3.5 4 1 4 4 4
-6477.3 -319.5 -69.2 257 0 13.6 9.1 10.5 3.5 2 0 3 1 1
-6476.0 -362.3 -69.9 166 0 19.9 15.0 14.0 3.5 2 0 4 4 4
-6505.7 -404.3 -79.9 75 0 12.6 18.0 14.0 3.5 2 1 4 4 4
-6482.0 -382.3 -72.3 162 0 10.6 8.9 10.5 3.5 2 0 3 5 5
-6435.7 -311.5 -60.0 255 0 14.0 19.0 14.0 3.5 2 1 4 5 5
-6402.9 -348.6 -58.2 346 0 30.5 20.6 14.0 0.0 0 0 4 4 4
-6385.1 -367.6 -53.9 346 0 10.6 13.7 14.0 3.5 2 1 4 1 1
-6358.2 -327.1 -44.9 257 0 16.5 17.1 14.0 3.5 2 1 4 2 2
-6332.2 -300.5 -39.4 347 0 17.7 15.5 14.0 3.5 2 0 4 2 2
-6360.1 -274.1 -45.2 346 0 17.5 19.0 14.0 3.5 2 1 4 2 2
-6330.4 -373.4 -42.1 346 0 12.8 11.4 14.0 3.5 2 0 4 5 5
-6369.1 -369.2 -47.6 167 0 12.9 14.5 14.0 3.5 2 1 4 4 4
-6358.6 -406.9 -47.4 165 0 14.0 17.1 14.0 3.5 2 1 4 3 3
-6329.9 -318.8 -38.1 257 0 13.2 16.8 14.0 3.5 2 1 4 5 5
-6259.0 -381.8 -20.4 171 0 21.4 15.8 14.0 3.5 4 0 4 3 3
-6238.2 -416.1 -19.0 48 0 13.2 21.8 14.0 0.0 0 1 4 0 0
-6243.8 -444.7 -20.4 81 0 16.7 21.1 14.0 3.5 2 1 4 3 3
-6298.2 -404.2 -31.7 167 0 10.3 9.9 10.5 0.0 0 0 3 4 4
-6305.7 -381.6 -34.9 254 0 14.8 11.3 14.0 3.5 4 0 4 2 2
-6315.3 -407.9 -40.2 344 0 17.7 13.0 14.0 3.5 2 0 4 3 3
-6354.6 -428.7 -47.6 172 0 9.2 15.5 10.5 3.5 2 1 3 5 5
-6325.0 -444.0 -43.3 346 0 16.4 11.4 14.0 3.5 4 0 4 1 1
-6345.5 -480.3 -46.7 172 0 13.7 15.4 14.0 3.5 2 1 4 1 1
-6498.2 -296.7 -72.8 79 0 14.2 13.9 14.0 3.5 2 0 4 5 5
-6461.8 -289.0 -64.7 79 0 13.4 13.8 14.0 3.5 2 1 4 2 2
-6424.2 -255.5 -59.6 343 0 15.7 24.1 14.0 3.5 2 1 4 3 3
-6481.5 -277.8 -68.8 78 0 14.3 10.9 14.0 3.5 2 0 4 5 5
-6497.4 -194.1 -68.6 259 0 11.7 16.1 14.0 0.0 0 1 4 4 4
-6541.8 -213.4 -76.7 165 0 10.7 12.6 14.0 0.0 0 1 4 4 4
-6579.1 -214.7 -87.9 346 0 20.4 17.7 14.0 3.5 4 0 4 3 3
-6595.0 -133.1 -84.4 337 0 14.9 14.2 14.0 3.5 2 0 4 0 0
-6601.3 -169.8 -89.2 346 0 22.6 17.4 14.0 0.0 0 0 4 0 0
-6556.4 -206.1 -83.2 343 0 10.3 18.5 14.0 3.5 4 1 4 1 1
-6538.1 -292.4 -81.2 77 0 12.9 14.3 14.0 3.5 2 1 4 2 2
-6553.4 -312.7 -85.2 75 0 14.7 14.7 14.0 3.5 2 1 4 1 1
-6571.5 -298.5 -88.2 77 0 11.4 12.9 14.0 3.5 2 1 4 2 2
-6547.9 -222.0 -82.7 350 0 9.7 23.9 10.5 3.5 2 1 3 2 2
-6553.1 -360.1 -86.1 162 0 13.7 13.2 14.0 3.5 2 0 4 5 5
-6359.7 -118.1 -40.5 72 0 7.7 19.5 10.5 0.0 0 1 3 2 2
-6335.6 -120.2 -34.8 255 0 14.1 13.6 14.0 0.0 0 0 4 5 5
-6319.1 -84.7 -32.8 75 0 10.0 13.2 10.5 3.5 2 1 3 2 2
-6318.3 -30.6 -36.4 283 0 11.3 21.3 14.0 3.5 2 1 4 4 4
-6298.8 -17.3 -36.2 284 0 11.6 18.2 14.0 3.5 2 1 4 5 5
-6350.1 -103.5 -39.1 72 0 8.9 26.0 10.5 3.5 2 1 3 3 3
-6319.8 -267.1 -32.5 165 0 20.5 19.1 14.0 3.5 2 0 4 2 2
-6313.0 -300.4 -32.0 164 0 15.6 11.5 14.0 3.5 2 0 4 3 3
-6269.9 -361.9 -25.5 74 0 15.6 14.8 14.0 3.5 2 0 4 2 2
-6300.7 -370.0 -31.5 160 0 8.7 10.2 10.5 3.5 4 1 3 5 5
-6224.1 -301.7 -10.1 344 0 10.7 8.2 10.5 3.5 2 0 3 4 4
-6212.3 -277.3 -7.0 346 0 18.5 12.6 14.0 3.5 4 0 4 4 4
-6205.8 -296.2 -5.4 343 0 13.5 10.6 14.0 3.5 2 0 4 3 3
-6227.9 -340.0 -11.2 79 0 6.4 11.6 10.5 3.5 2 1 3 3 3
-6245.3 -352.6 -15.6 166 0 12.8 7.7 10.5 3.5 2 0 3 1 1
-6236.4 -341.4 -13.9 78 0 7.3 11.2 10.5 3.5 4 1 3 1 1
-6236.4 -317.0 -14.1 344 0 13.5 7.6 10.5 3.5 2 0 3 0 0
-6251.2 -350.3 -18.4 79 0 6.3 19.5 10.5 0.0 0 1 3 1 1
-6250.7 -309.1 -17.5 348 0 13.1 6.4 10.5 3.5 2 0 3 5 5
-6260.1 -271.1 -17.9 253 0 8.6 22.3 10.5 3.5 2 1 3 1 1
-6245.8 -333.8 -16.8 72 0 7.4 15.6 10.5 3.5 2 1 3 5 5
-6284.0 -535.4 -38.3 167 0 22.6 13.0 14.0 3.5 2 0 4 2 2
-6313.1 -546.1 -47.5 259 0 12.3 19.2 14.0 3.5 4 1 4 5 5
-6301.8 -596.1 -46.8 157 0 15.3 8.7 10.5 0.0 0 0 3 5 5
-6380.3 -605.0 -68.3 59 0 22.7 15.6 14.0 3.5 2 0 4 5 5
-6368.8 -614.6 -64.8 241 0 14.3 14.4 10.5 3.5 2 1 3 0 0
-6382.2 -578.1 -67.3 333 0 17.9 15.3 14.0 3.5 2 0 4 1 1
-6402.7 -550.5 -67.9 254 0 14.1 20.7 14.0 3.5 2 1 4 1 1
-6408.2 -622.0 -74.8 63 0 14.2 14.3 14.0 0.0 0 1 4 3 3
-6426.8 -598.1 -75.2 153 0 13.2 14.4 14.0 3.5 2 1 4 0 0
-6289.2 -421.2 -29.8 168 0 14.6 13.7 14.0 3.5 2 0 4 0 0
-6188.1 -436.7 -5.9 259 0 12.6 12.2 7.5 2.5 2 0 3 0 0
-6173.4 -476.8 -5.7 348 0 11.6 11.8 10.0 2.5 2 1 4 3 3
-6201.4 -504.0 -12.0 157 0 13.0 11.6 7.5 2.5 2 0 3 4 4
-6189.8 -523.6 -11.0 160 0 12.3 11.1 7.5 2.5 4 0 3 0 0
-6166.9 -504.4 -6.1 342 0 12.5 12.3 7.5 2.5 2 0 3 0 0
-6233.5 -502.5 -21.3 164 0 12.3 10.7 2.5 2.5 2 0 1 3 3
-6227.2 -468.5 -18.6 346 0 25.6 11.3 10.0 2.5 2 0 4 4 4
-6256.2 -503.4 -30.1 341 0 12.2 10.8 14.0 3.5 4 0 4 0 0
-6245.6 -526.4 -30.8 343 0 16.6 10.6 14.0 3.5 2 0 4 0 0
-6296.8 -506.5 -40.8 348 0 17.1 9.8 10.5 3.5 2 0 3 2 2
-6291.2 -505.4 -36.5 167 0 16.2 11.2 14.0 3.5 2 0 4 4 4
-6270.7 -435.4 -26.4 86 0 9.0 10.2 10.5 3.5 2 1 3 1 1
-6280.5 -480.2 -29.9 169 0 6.5 10.2 10.5 3.5 2 1 3 0 0
-6339.5 -548.9 -54.5 259 0 18.1 26.5 14.0 3.5 2 1 4 5 5
-6318.7 -589.8 -54.3 334 0 25.7 16.6 14.0 3.5 2 0 4 3 3
-6337.0 -626.2 -56.9 152 0 19.3 13.4 14.0 0.0 0 0 4 2 2
-6334.8 -655.3 -63.5 329 0 24.0 16.6 10.5 3.5 2 0 3 1 1
-6336.0 -683.1 -66.2 233 0 15.7 13.2 14.0 3.5 2 0 4 1 1
-6352.6 -771.4 -80.3 50 0 14.6 16.6 14.0 3.5 2 1 4 5 5
-6406.7 -766.7 -85.6 234 0 12.4 12.0 14.0 3.5 2 0 4 2 2
-6400.0 -758.2 -84.0 228 0 7.8 16.5 10.5 3.5 2 1 3 3 3
-6369.5 -780.8 -86.6 317 0 12.7 16.2 14.0 0.0 0 1 4 5 5
-6421.7 -652.3 -82.4 325 0 16.9 17.1 14.0 3.5 2 1 4 1 1
-6406.4 -668.6 -80.0 329 0 9.6 18.0 10.5 3.5 2 1 3 1 1
-6396.6 -631.8 -73.0 239 0 10.7 15.9 10.5 3.5 2 1 3 4 4
-6358.7 -702.3 -74.7 234 0 9.3 12.0 10.5 0.0 0 1 3 1 1
-6343.8 -746.2 -76.2 137 0 9.8 14.5 10.5 0.0 0 1 3 0 0
-6304.2 -712.2 -67.9 318 0 20.7 19.0 14.0 0.0 0 0 4 0 0
-6288.0 -660.2 -54.9 329 0 12.3 14.0 14.0 3.5 2 1 4 5 5
-6290.4 -642.0 -54.2 329 0 12.2 22.1 14.0 3.5 2 1 4 2 2
-6302.9 -609.3 -50.9 332 0 12.6 11.8 14.0 3.5 2 0 4 2 2
-6267.8 -631.4 -44.8 329 0 8.0 8.4 10.5 3.5 2 1 3 3 3
-6254.6 -652.9 -46.5 323 0 15.3 9.8 10.5 3.5 2 0 3 3 3
-6247.7 -598.1 -36.3 240 0 13.2 15.7 7.5 2.5 2 1 3 4 4
-6230.9 -590.4 -30.8 239 0 13.1 13.1 2.5 2.5 2 0 1 2 2
-6190.0 -574.1 -23.0 327 0 13.4 12.6 10.0 2.5 2 0 4 4 4
-5471.4 477.5 -71.4 121 0 14.3 19.7 14.0 3.5 2 1 4 3 3
-5308.9 465.2 -86.3 322 0 16.3 23.7 14.0 3.5 2 1 4 1 1
-5379.5 418.9 -71.7 129 0 15.0 14.5 14.0 0.0 0 0 4 5 5
-5409.1 432.9 -70.8 146 0 15.5 15.1 14.0 3.5 2 0 4 4 4
-5429.7 444.2 -71.2 123 0 16.4 21.5 14.0 3.5 2 1 4 1 1
-5303.9 419.9 -82.1 332 0 14.4 18.6 14.0 3.5 2 1 4 4 4
-5322.6 382.6 -77.7 143 0 17.1 14.1 14.0 3.5 2 0 4 4 4
-5500.4 438.1 -58.8 212 0 19.5 18.7 10.5 3.5 2 0 3 3 3
-5515.8 523.3 -75.6 134 0 13.4 19.3 14.0 3.5 2 1 4 5 5
-5534.8 541.7 -76.0 123 0 18.7 18.1 14.0 0.0 0 0 4 5 5
-5557.3 533.3 -69.0 122 0 9.8 10.4 10.5 0.0 0 1 3 5 5
-5533.0 438.1 -53.6 29 0 11.9 12.8 10.5 0.0 0 1 3 4 4
-5530.5 478.4 -60.7 301 0 11.7 15.7 10.5 3.5 4 1 3 3 3
-5510.7 461.7 -61.4 32 0 15.1 11.5 10.5 3.5 2 0 3 4 4
-5486.7 490.2 -72.3 124 0 17.7 19.0 14.0 3.5 2 1 4 5 5
-5435.1 468.5 -72.9 122 0 10.3 13.3 14.0 3.5 2 1 4 5 5
-5458.0 436.7 -61.6 309 0 15.7 16.8 10.5 0.0 0 1 3 4 4
-5332.5 345.4 -73.1 145 0 17.0 12.8 14.0 3.5 2 0 4 2 2
-5278.1 280.7 -72.7 129 0 14.7 16.4 14.0 3.5 2 1 4 2 2
-5240.9 310.8 -81.5 310 0 20.5 14.1 14.0 3.5 2 0 4 3 3
-5257.7 269.1 -74.5 121 0 14.2 14.0 14.0 3.5 2 0 4 4 4
-5231.7 258.7 -78.0 120 0 13.3 16.0 14.0 3.5 2 1 4 1 1
-5195.1 231.6 -80.5 132 0 20.2 13.3 14.0 3.5 2 0 4 0 0
-5153.7 200.3 -83.7 118 0 25.5 13.7 14.0 3.5 2 0 4 3 3
-5135.1 187.2 -83.1 120 0 9.0 11.5 10.5 3.5 2 1 3 2 2
-5263.3 357.4 -85.2 320 0 28.0 15.8 14.0 3.5 2 0 4 2 2
-5398.6 502.7 -80.8 297 0 13.0 31.1 14.0 3.5 2 1 4 3 3
-5574.5 624.2 -85.6 246 0 12.0 18.5 14.0 0.0 0 1 4 2 2
-5619.7 662.4 -88.3 297 0 13.3 10.9 14.0 3.5 2 0 4 1 1
-5736.7 601.9 -71.1 107 0 18.1 15.6 14.0 3.5 2 0 4 2 2
-5594.7 543.3 -66.7 119 0 17.1 15.3 14.0 3.5 2 0 4 0 0
-5611.9 566.7 -70.3 123 0 19.6 10.1 14.0 3.5 4 0 4 0 0
-5637.5 567.8 -69.8 120 0 12.2 15.8 14.0 3.5 2 1 4 4 4
-5662.4 559.4 -65.9 114 0 12.6 17.0 14.0 0.0 0 1 4 1 1
-5650.0 584.1 -71.4 107 0 11.8 10.6 14.0 3.5 2 0 4 2 2
-5673.4 580.7 -70.7 111 0 10.9 17.7 14.0 3.5 2 1 4 2 2
-5692.2 582.0 -69.2 106 0 14.1 16.7 14.0 3.5 2 1 4 3 3
-5725.5 520.8 -50.3 113 0 11.3 15.6 10.5 3.5 2 1 3 4 4
-5684.6 477.5 -39.0 207 0 9.8 13.2 10.5 3.5 2 1 3 0 0
-5685.7 548.5 -56.6 292 0 21.7 21.5 10.5 3.5 4 0 3 5 5
-5640.5 491.8 -45.4 298 0 12.2 10.9 10.5 3.5 2 0 3 3 3
-5652.1 532.5 -55.1 299 0 13.7 14.0 10.5 3.5 2 1 3 3 3
-5636.2 520.3 -52.9 293 0 13.4 17.4 10.5 3.5 4 1 3 2 2
-5288.4 405.7 -83.5 326 0 10.8 18.6 14.0 3.5 4 1 4 0 0
-5746.7 571.8 -57.8 293 0 11.1 14.6 10.5 3.5 2 1 3 3 3
-5758.7 572.7 -57.1 292 0 7.5 11.8 10.5 3.5 2 1 3 2 2
-5765.5 575.9 -57.5 298 0 7.5 12.1 10.5 3.5 2 1 3 4 4
-5773.1 578.6 -57.5 295 0 6.8 11.7 10.5 3.5 2 1 3 1 1
-5778.9 582.4 -58.1 293 0 7.3 12.7 10.5 3.5 2 0 3 0 0
-5786.0 585.5 -58.3 294 0 7.9 12.5 10.5 3.5 2 0 3 4 4
-5763.7 609.3 -71.3 108 0 18.3 18.4 14.0 3.5 2 1 4 2 2
-5749.3 649.7 -78.9 108 0 17.5 18.4 14.0 3.5 2 1 4 1 1
-5716.4 647.9 -80.3 111 0 14.4 11.0 14.0 0.0 0 0 4 3 3
-5788.3 665.9 -76.7 115 0 14.5 15.1 14.0 3.5 2 1 4 4 4
-5790.6 698.7 -78.0 299 0 12.2 19.6 14.0 3.5 2 1 4 3 3
-5830.2 623.6 -69.2 118 0 13.9 20.7 14.0 3.5 2 1 4 3 3
-5848.0 635.2 -68.3 129 0 10.3 19.2 14.0 3.5 2 1 4 1 1
-5833.8 603.0 -59.0 297 0 9.0 14.3 10.5 3.5 2 1 3 1 1
-5816.0 592.1 -57.6 285 0 12.8 14.1 10.5 3.5 2 1 3 5 5
-5853.6 573.8 -52.0 105 0 19.1 9.7 10.5 3.5 4 0 3 5 5
-5865.0 612.4 -58.9 291 0 7.1 18.7 10.5 3.5 2 0 3 5 5
-5875.0 610.7 -57.8 273 0 7.4 11.4 10.5 3.5 2 0 3 3 3
-5924.1 577.5 -46.5 191 0 10.7 15.0 10.5 3.5 2 1 3 3 3
-5931.9 551.2 -38.4 192 0 9.2 17.1 10.5 3.5 4 1 3 1 1
-5937.5 539.1 -34.0 194 0 6.3 19.3 10.5 3.5 2 1 3 2 2
-5939.7 519.8 -29.3 188 0 9.0 15.1 10.5 3.5 4 1 3 0 0
-6156.9 674.7 -32.2 111 0 10.9 14.5 10.5 3.5 2 1 3 3 3
-6147.7 700.5 -33.2 199 0 19.3 12.1 10.5 3.5 2 0 3 5 5
-6138.2 668.9 -30.5 181 0 12.4 15.4 10.5 3.5 2 1 3 1 1
-6099.6 625.0 -30.0 4 0 14.4 13.9 10.5 3.5 2 0 3 4 4
-6073.5 703.2 -37.7 265 0 12.5 19.1 14.0 3.5 2 1 4 4 4
-6077.5 666.7 -35.1 188 0 12.1 11.3 14.0 3.5 2 0 4 5 5
-6078.9 648.7 -33.2 180 0 12.8 10.1 14.0 3.5 2 0 4 5 5
-6080.0 610.0 -31.4 183 0 11.4 10.2 14.0 3.5 2 0 4 2 2
-6081.6 587.1 -30.9 187 0 15.9 13.4 14.0 3.5 4 0 4 2 2
-6064.5 573.9 -31.6 132 0 14.3 13.0 14.0 3.5 2 0 4 5 5
-6043.6 570.1 -32.9 140 0 14.8 13.9 14.0 0.0 0 0 4 5 5
-6033.2 606.5 -35.0 349 0 19.9 13.0 14.0 3.5 2 0 4 4 4
-6047.9 966.0 -89.4 300 0 14.5 16.5 14.0 3.5 2 1 4 2 2
-6053.4 919.1 -82.6 119 0 14.1 12.5 14.0 3.5 2 0 4 3 3
-6004.3 886.4 -80.7 133 0 8.7 15.2 10.5 0.0 0 1 3 1 1
-5934.0 840.0 -79.6 139 0 12.3 19.3 14.0 3.5 2 1 4 0 0
-5935.9 884.8 -83.6 313 0 15.4 24.4 14.0 3.5 2 1 4 1 1
-5919.5 808.4 -75.0 141 0 8.0 13.3 10.5 3.5 2 1 3 1 1
-5862.0 773.2 -78.7 123 0 14.8 16.1 14.0 3.5 2 1 4 2 2
-5894.0 770.3 -71.1 304 0 13.9 19.5 14.0 3.5 2 1 4 0 0
-5898.9 867.0 -84.4 320 0 11.1 11.6 14.0 3.5 2 1 4 5 5
-5958.7 837.8 -74.3 137 0 10.1 10.9 14.0 3.5 2 1 4 3 3
-5993.2 870.6 -80.2 132 0 18.5 22.0 14.0 3.5 2 1 4 4 4
-6003.2 848.5 -69.8 299 0 12.1 9.6 10.5 3.5 2 0 3 3 3
-5976.4 794.7 -62.9 315 0 12.0 12.7 10.5 3.5 2 1 3 2 2
-5969.0 818.0 -67.6 313 0 13.4 15.2 10.5 3.5 2 1 3 5 5
-6008.7 639.8 -43.5 126 0 12.6 13.3 10.5 3.5 2 1 3 4 4
-5996.0 655.8 -46.9 131 0 14.7 13.5 10.5 3.5 2 0 3 3 3
-6013.2 672.7 -46.2 149 0 15.9 17.6 10.5 3.5 4 1 3 1 1
-6024.2 694.9 -46.6 129 0 14.2 16.0 10.5 3.5 2 1 3 2 2
-5992.7 712.6 -53.3 168 0 16.3 16.7 10.5 3.5 2 1 3 0 0
-5944.9 713.0 -58.0 358 0 18.8 12.2 10.5 3.5 2 0 3 1 1
-6003.4 701.0 -49.1 207 0 9.0 12.2 10.5 3.5 2 1 3 0 0
-6017.1 733.9 -51.3 127 0 15.5 14.8 10.5 3.5 2 0 3 4 4
-6051.1 776.1 -54.3 128 0 15.2 13.4 10.5 3.5 2 0 3 0 0
-6083.7 748.2 -45.2 129 0 14.9 9.7 10.5 3.5 2 0 3 1 1
-6091.6 771.8 -49.5 122 0 18.0 9.7 10.5 0.0 0 0 3 0 0
-6071.9 784.7 -52.8 128 0 12.2 5.8 10.5 3.5 2 0 3 2 2
-6037.7 810.3 -59.5 305 0 19.4 12.7 10.5 0.0 0 0 3 2 2
-6033.1 630.0 -37.0 354 0 15.7 14.9 14.0 3.5 2 0 4 1 1
-6079.4 631.6 -32.0 180 0 11.2 9.7 10.5 0.0 0 0 3 5 5
-6100.9 695.3 -32.2 342 0 20.3 8.4 10.5 3.5 2 0 3 3 3
-6176.3 729.4 -36.4 49 0 11.2 8.8 10.5 3.5 2 0 3 5 5
-6182.5 685.7 -34.0 17 0 14.2 15.7 14.0 3.5 2 1 4 0 0
-6190.0 666.5 -31.8 262 0 14.3 17.3 14.0 3.5 2 1 4 1 1
-6165.2 638.7 -29.7 352 0 14.1 18.8 14.0 3.5 2 1 4 0 0
-6160.1 618.5 -28.1 351 0 14.3 18.1 14.0 0.0 0 1 4 1 1
-6218.2 671.4 -36.7 101 0 12.6 11.6 14.0 3.5 2 0 4 0 0
-6214.0 652.2 -33.5 180 0 10.6 13.4 14.0 3.5 2 1 4 3 3
-6229.4 625.7 -34.4 170 0 13.3 14.7 14.0 3.5 2 1 4 1 1
-6244.7 667.0 -39.6 235 0 8.3 12.3 10.5 3.5 2 1 3 2 2
-6220.7 717.9 -39.6 137 0 8.3 14.7 10.5 3.5 2 1 3 3 3
-6242.8 752.6 -45.0 148 0 9.4 12.3 10.5 3.5 2 1 3 2 2
-6227.7 710.0 -41.1 315 0 7.5 15.1 10.5 3.5 4 1 3 3 3
-6247.5 739.0 -45.7 312 0 10.6 11.1 14.0 3.5 2 1 4 2 2
-6231.1 732.8 -42.9 142 0 18.8 14.4 10.5 3.5 2 0 3 3 3
-6260.2 806.5 -54.1 145 0 18.2 12.5 10.5 3.5 2 0 3 5 5
-6249.9 831.6 -55.5 235 0 10.6 14.7 10.5 3.5 2 1 3 0 0
-6271.3 770.1 -51.3 319 0 12.8 17.2 14.0 3.5 2 1 4 2 2
-6297.6 743.9 -52.6 135 0 15.2 14.2 14.0 3.5 2 0 4 0 0
-6291.2 730.5 -50.7 137 0 10.7 18.3 14.0 3.5 2 1 4 1 1
-6261.9 758.4 -49.2 317 0 8.8 19.7 10.5 3.5 2 1 3 0 0
-6282.3 783.3 -53.5 325 0 14.0 14.0 14.0 3.5 2 0 4 2 2
-6334.3 781.5 -59.6 134 0 14.1 14.2 14.0 3.5 2 1 4 3 3
-6343.3 761.1 -60.2 314 0 11.6 10.7 14.0 3.5 2 0 4 0 0
-6363.5 794.6 -64.9 318 0 10.2 12.0 10.5 0.0 0 1 3 4 4
-6368.5 745.7 -62.0 228 0 15.1 13.9 14.0 3.5 2 0 4 3 3
-6348.5 778.5 -62.2 314 0 11.8 15.7 14.0 3.5 2 1 4 1 1
-6385.9 747.0 -64.5 229 0 14.8 11.3 14.0 3.5 2 0 4 1 1
-6406.0 806.9 -70.3 228 0 10.5 16.9 10.5 3.5 2 1 3 2 2
-6384.0 733.4 -63.3 228 0 6.5 15.5 10.5 3.5 2 1 3 3 3
-6338.7 705.5 -58.4 49 0 7.2 22.0 10.5 3.5 2 1 3 0 0
-6345.2 702.3 -59.3 50 0 6.3 23.9 10.5 3.5 2 1 3 0 0
-6351.1 702.5 -60.4 48 0 7.5 23.4 10.5 3.5 2 1 3 5 5
-6324.1 678.9 -52.9 104 0 11.7 13.6 14.0 3.5 2 1 4 1 1
-6294.2 683.5 -49.6 340 0 12.7 8.9 10.5 3.5 2 0 3 3 3
-6277.6 702.3 -48.2 318 0 11.6 12.8 14.0 3.5 2 1 4 3 3
-6291.7 800.8 -55.8 319 0 14.1 16.6 14.0 3.5 4 1 4 1 1
-6303.8 784.8 -55.7 313 0 10.9 6.8 10.5 0.0 0 0 3 5 5
-6306.4 810.2 -58.8 318 0 12.4 12.4 14.0 0.0 0 1 4 0 0
-6281.2 802.1 -55.1 146 0 15.2 12.2 10.5 3.5 2 0 3 1 1
-6295.4 822.2 -60.1 137 0 10.4 12.0 10.5 3.5 2 1 3 3 3
-6305.2 845.5 -64.8 55 0 10.8 4.1 10.5 3.5 2 0 3 5 5
-6294.5 865.4 -67.6 50 0 13.6 5.0 10.5 3.5 2 0 3 0 0
-6325.4 864.4 -71.5 140 0 17.4 10.6 10.5 3.5 2 0 3 4 4
-6338.4 858.5 -71.5 323 0 17.3 12.6 14.0 3.5 2 0 4 5 5
-6358.1 892.4 -80.3 145 0 20.8 8.3 10.5 3.5 2 0 3 1 1
-6365.2 879.6 -79.3 340 0 16.1 20.9 14.0 3.5 2 1 4 3 3
-6387.5 851.3 -76.4 53 0 11.7 12.8 14.0 3.5 2 1 4 3 3
-6375.3 821.7 -69.5 133 0 16.3 14.1 14.0 3.5 2 0 4 5 5
-6428.3 733.0 -71.7 53 0 10.0 16.9 10.5 3.5 4 1 3 2 2
-6476.4 772.2 -78.1 230 0 12.2 15.8 10.5 3.5 2 1 3 2 2
-6467.1 731.5 -75.1 120 0 8.4 11.9 10.5 3.5 2 1 3 1 1
-6454.4 797.8 -79.3 56 0 10.2 22.6 14.0 3.5 2 1 4 5 5
-6418.5 855.3 -78.7 318 0 10.5 20.2 14.0 3.5 2 1 4 5 5
-6452.6 859.1 -82.1 231 0 10.3 14.1 14.0 3.5 2 1 4 0 0
-6429.4 806.2 -76.1 54 0 17.9 17.7 14.0 3.5 2 0 4 5 5
-6414.6 886.5 -83.0 234 0 11.7 12.2 14.0 3.5 4 1 4 4 4
-6461.3 870.6 -83.8 60 0 10.6 14.8 14.0 3.5 2 1 4 4 4
-6485.0 841.4 -82.3 237 0 13.5 15.2 14.0 3.5 2 1 4 0 0
-6467.2 853.6 -82.4 230 0 12.6 5.4 10.5 0.0 0 0 3 2 2
-6509.6 814.1 -82.6 249 0 11.4 22.7 14.0 3.5 2 1 4 3 3
-6530.2 748.1 -80.9 298 0 15.3 13.9 14.0 3.5 2 0 4 5 5
-6490.9 769.5 -78.9 230 0 6.1 16.3 10.5 3.5 2 1 3 2 2
-6528.1 824.8 -84.1 55 0 7.6 11.3 10.5 3.5 2 1 3 1 1
-6508.8 869.0 -84.5 322 0 12.5 13.9 10.5 0.0 0 1 3 2 2
-6566.9 856.4 -85.8 238 0 10.3 16.3 10.5 3.5 2 1 3 0 0
-6575.2 780.3 -85.8 53 0 12.0 13.4 10.5 3.5 2 1 3 5 5
-6622.8 764.0 -87.2 216 0 7.4 11.9 10.5 3.5 2 1 3 1 1
-6611.9 776.2 -87.0 292 0 11.0 10.2 10.5 3.5 2 0 3 0 0
-6663.9 689.1 -87.4 30 0 12.2 15.9 14.0 3.5 2 1 4 1 1
-6676.5 671.4 -87.1 37 0 11.4 14.5 14.0 3.5 4 1 4 5 5
-6334.3 902.2 -80.4 46 0 15.0 15.7 14.0 3.5 2 1 4 3 3
-6313.1 929.2 -81.0 332 0 10.5 13.1 14.0 0.0 0 1 4 2 2
-6375.8 927.3 -85.9 143 0 14.6 13.2 14.0 3.5 2 0 4 0 0
-6394.4 942.4 -86.5 150 0 13.3 11.8 14.0 3.5 2 0 4 1 1
-6384.6 968.4 -87.8 161 0 18.8 23.0 14.0 0.0 0 1 4 2 2
-6405.8 1022.2 -89.9 59 0 8.0 11.5 10.5 3.5 2 1 3 4 4
-6392.6 903.2 -83.8 230 0 12.3 12.7 14.0 3.5 2 1 4 0 0
-6392.8 913.1 -85.2 56 0 11.6 8.6 10.5 3.5 2 0 3 3 3
-6271.5 788.0 -51.2 148 0 9.1 15.1 10.5 3.5 2 1 3 1 1
-6101.0 497.9 -25.8 80 0 10.0 16.3 14.0 3.5 2 1 4 0 0
-6086.5 502.0 -26.9 81 0 8.6 18.6 10.5 3.5 2 1 3 0 0
-6073.9 510.9 -28.0 80 0 10.9 16.0 14.0 3.5 2 1 4 4 4
-6057.0 517.7 -29.4 84 0 11.0 16.2 14.0 3.5 2 1 4 5 5
-6003.5 540.6 -29.0 286 0 15.7 10.0 10.5 3.5 2 0 3 3 3
-5950.0 562.8 -42.3 33 0 14.9 21.1 10.5 3.5 2 1 3 5 5
-5980.7 582.2 -42.5 145 0 12.9 12.4 10.5 0.0 0 0 3 4 4
-5957.8 595.5 -46.1 52 0 14.4 15.1 10.5 0.0 0 1 3 1 1
-5928.0 614.7 -52.0 29 0 14.9 8.4 10.5 3.5 2 0 3 2 2
-5931.5 687.0 -58.6 1 0 34.9 13.0 10.5 3.5 2 0 3 0 0
-5956.3 778.9 -63.3 329 0 13.6 11.8 10.5 3.5 4 0 3 1 1
-5982.2 836.6 -69.6 307 0 12.0 13.1 10.5 3.5 2 1 3 1 1
-5885.0 840.0 -81.8 318 0 11.7 18.4 14.0 3.5 2 1 4 3 3
-5923.1 796.5 -69.9 294 0 11.6 18.3 14.0 3.5 4 1 4 0 0
-6159.0 576.0 -25.1 351 0 14.0 22.4 14.0 3.5 2 1 4 5 5
-6203.1 567.6 -26.0 166 0 11.5 9.7 10.5 3.5 4 0 3 4 4
-6224.4 473.1 -23.5 25 0 13.8 8.0 10.5 3.5 2 0 3 2 2
-6490.0 309.6 -66.7 96 0 9.1 9.8 10.5 3.5 2 1 3 5 5
-6500.9 259.1 -70.0 183 0 7.8 8.7 10.5 3.5 2 1 3 0 0
-6500.9 248.3 -70.6 179 0 10.0 8.4 10.5 3.5 4 0 3 0 0
-6483.4 246.3 -69.9 181 0 14.3 11.3 14.0 3.5 2 0 4 2 2
-6486.2 263.0 -69.2 191 0 14.6 14.5 14.0 3.5 2 0 4 5 5
-6523.8 297.9 -69.9 352 0 13.1 13.3 14.0 3.5 2 1 4 1 1
-6094.9 82.9 -26.1 271 0 18.7 17.1 14.0 3.5 2 0 4 5 5
-6064.2 42.5 -16.4 89 0 8.3 16.5 10.5 3.5 2 1 3 4 4
-6119.8 82.0 -28.5 269 0 10.5 17.2 14.0 0.0 0 1 4 0 0
-6114.9 32.0 -21.6 82 0 17.7 16.7 14.0 3.5 4 0 4 1 1
-6091.6 36.2 -19.4 82 0 20.1 16.4 14.0 3.5 2 0 4 3 3
-6152.6 25.6 -23.3 85 0 11.6 12.6 14.0 3.5 2 1 4 1 1
-6151.8 70.8 -32.8 352 0 13.3 27.7 14.0 3.5 2 1 4 2 2
-6202.6 73.1 -35.6 257 0 14.0 18.1 14.0 3.5 2 1 4 4 4
-6208.2 34.3 -30.9 75 0 12.3 11.6 14.0 0.0 0 0 4 5 5
-6213.2 17.0 -28.1 77 0 13.2 10.1 14.0 3.5 2 0 4 2 2
-6208.2 -32.3 -19.7 78 0 7.7 12.5 10.5 3.5 2 1 3 3 3
-6205.4 2.8 -22.3 261 0 8.6 11.8 10.5 3.5 2 1 3 5 5
-6174.9 4.3 -19.8 167 0 13.4 13.9 14.0 0.0 0 1 4 1 1
-6175.8 -27.5 -15.1 81 0 10.4 12.7 10.5 3.5 2 1 3 0 0
-6144.4 -58.0 -5.6 87 0 12.2 12.5 14.0 3.5 2 1 4 5 5
-6150.1 -31.9 -8.7 259 0 15.4 10.7 14.0 3.5 2 0 4 3 3
-6195.0 -43.1 -13.3 251 0 8.2 12.1 10.5 3.5 2 1 3 2 2
-6179.4 3.7 -20.5 341 0 11.6 14.0 10.5 3.5 2 1 3 5 5
-6118.7 9.1 -15.1 341 0 13.2 12.9 14.0 3.5 4 0 4 1 1
-6131.6 -27.9 -7.6 263 0 12.6 11.1 14.0 3.5 2 0 4 2 2
-6114.0 -15.8 -9.3 78 0 7.9 8.1 10.5 3.5 4 1 3 0 0
-6168.5 -12.5 -15.2 166 0 9.0 10.2 10.5 3.5 2 1 3 3 3
-6192.5 15.0 -25.4 85 0 12.0 11.8 14.0 0.0 0 0 4 5 5
-6233.9 88.3 -46.7 74 0 14.4 20.9 10.5 3.5 4 1 3 3 3
-6270.3 64.6 -43.5 257 0 8.0 18.9 10.5 3.5 2 1 3 4 4
-6273.2 0.0 -37.6 79 0 17.2 14.5 14.0 3.5 2 0 4 2 2
-6251.0 94.4 -47.6 77 0 10.8 11.3 10.5 3.5 2 1 3 4 4
-6277.4 81.3 -50.5 81 0 9.3 17.1 10.5 3.5 2 1 3 5 5
-6269.3 126.9 -56.3 95 0 14.3 11.2 10.5 0.0 0 0 3 3 3
-6292.9 80.6 -52.2 86 0 10.4 13.5 10.5 3.5 2 1 3 1 1
-6302.6 38.2 -44.5 264 0 6.0 16.1 10.5 3.5 2 1 3 4 4
-6338.8 58.9 -52.1 267 0 9.9 10.7 10.5 3.5 2 1 3 1 1
-6310.2 78.3 -54.6 88 0 16.5 16.3 10.5 3.5 2 0 3 4 4
-6335.8 76.2 -57.8 96 0 12.3 19.2 10.5 3.5 2 1 3 2 2
-6292.8 103.0 -55.9 79 0 7.7 15.9 10.5 3.5 2 1 3 2 2
-6279.9 187.8 -59.8 270 0 11.0 15.0 10.5 3.5 2 1 3 5 5
-6262.2 227.7 -54.6 202 0 10.4 20.0 14.0 3.5 2 1 4 3 3
-6250.8 239.0 -51.0 201 0 12.7 18.9 14.0 3.5 2 1 4 2 2
-6242.2 285.7 -42.4 202 0 11.3 13.8 14.0 3.5 2 1 4 4 4
-6235.5 299.2 -39.4 204 0 13.3 11.2 14.0 3.5 2 0 4 4 4
-6165.7 288.7 -30.0 330 0 14.8 12.7 14.0 3.5 2 0 4 1 1
-6141.6 252.6 -30.4 323 0 18.0 10.8 14.0 3.5 2 0 4 0 0
-6123.5 216.8 -32.0 305 0 9.2 8.5 10.5 3.5 2 0 3 4 4
-6140.5 178.8 -38.9 128 0 9.0 10.6 10.5 3.5 2 1 3 1 1
-6156.2 246.8 -34.7 311 0 7.5 14.1 10.5 3.5 4 1 3 3 3
-6153.7 147.6 -44.5 283 0 13.1 12.0 14.0 3.5 2 0 4 2 2
-6175.1 146.6 -48.0 359 0 19.3 14.4 10.5 3.5 2 0 3 2 2
-6199.5 101.1 -45.9 82 0 12.0 23.2 10.5 3.5 2 1 3 4 4
-6216.9 95.9 -44.4 78 0 13.7 12.1 10.5 3.5 2 0 3 2 2
-6195.7 166.1 -49.7 279 0 10.4 18.4 10.5 3.5 2 1 3 3 3
-6131.8 233.3 -32.7 312 0 15.3 15.2 14.0 0.0 0 0 4 0 0
-6162.1 202.3 -39.1 133 0 6.5 9.0 10.5 3.5 2 1 3 5 5
-6180.5 94.3 -42.5 83 0 15.0 22.9 10.5 3.5 2 1 3 4 4
-6161.5 105.8 -39.8 353 0 16.2 9.6 10.5 3.5 2 0 3 3 3
-6136.0 96.6 -36.2 90 0 13.4 13.9 14.0 3.5 2 1 4 5 5
-6094.5 130.9 -35.8 277 0 13.7 9.9 10.5 3.5 2 0 3 1 1
-6079.7 146.6 -34.1 95 0 16.2 9.0 10.5 3.5 2 0 3 0 0
-6035.5 158.8 -27.4 24 0 17.4 24.4 14.0 3.5 2 1 4 4 4
-6013.1 158.5 -24.4 201 0 21.6 17.1 14.0 3.5 2 0 4 2 2
-5987.7 236.8 -4.3 300 0 9.9 12.6 10.5 0.0 0 1 3 4 4
-5961.7 237.4 -2.0 297 0 15.4 18.8 14.0 3.5 2 1 4 1 1
-5943.0 228.0 -1.0 298 0 14.1 18.2 14.0 0.0 0 1 4 2 2
-5951.2 160.1 -15.6 30 0 20.0 18.1 14.0 3.5 2 0 4 5 5
-5924.1 113.2 -13.5 111 0 12.4 21.1 14.0 3.5 4 1 4 0 0
-5922.1 72.2 -7.4 107 0 15.8 15.4 14.0 3.5 2 0 4 5 5
-5874.7 78.2 -4.8 282 0 15.3 16.3 14.0 3.5 2 1 4 4 4
-5896.0 83.3 -6.1 283 0 13.9 13.6 14.0 3.5 4 0 4 3 3
-5946.1 33.2 -4.5 96 0 8.0 12.8 10.5 3.5 2 1 3 1 1
-5958.5 41.1 -7.6 101 0 12.1 14.8 14.0 0.0 0 1 4 4 4
-5971.4 74.0 -12.0 271 0 11.0 10.8 14.0 3.5 2 0 4 5 5
-5951.2 81.4 -12.4 98 0 12.4 14.8 14.0 3.5 2 1 4 3 3
-5989.8 41.7 -11.3 95 0 10.0 15.7 10.5 3.5 2 1 3 4 4
-5998.7 39.0 -10.8 95 0 5.7 15.3 10.5 3.5 2 1 3 1 1
-5930.4 28.9 -2.3 97 0 13.2 13.5 14.0 3.5 2 1 4 4 4
-5912.1 19.4 1.2 103 0 9.9 9.5 10.5 3.5 2 0 3 2 2
-5875.5 48.8 -0.6 286 0 6.5 12.2 10.5 3.5 2 1 3 2 2
-6024.1 98.8 -25.2 87 0 18.8 16.1 14.0 3.5 2 0 4 3 3
-6066.2 98.9 -30.6 89 0 12.3 18.4 14.0 3.5 2 1 4 5 5
-5959.8 120.2 -17.9 108 0 10.3 8.8 10.5 3.5 2 0 3 2 2
-6045.3 99.4 -27.4 86 0 14.3 13.5 14.0 3.5 2 0 4 0 0
-6084.2 97.4 -30.3 85 0 15.4 14.4 14.0 3.5 2 0 4 0 0
-6114.4 98.4 -34.0 93 0 7.4 15.1 10.5 3.5 2 1 3 4 4
-6178.7 171.9 -46.8 132 0 10.4 9.1 10.5 3.5 2 0 3 5 5
-6212.7 223.1 -46.3 105 0 16.3 20.0 14.0 3.5 2 1 4 0 0
-6243.0 250.3 -47.3 197 0 11.0 18.2 14.0 3.5 2 1 4 0 0
-6249.8 187.0 -56.4 275 0 9.7 20.8 10.5 3.5 2 1 3 1 1
-6180.1 214.1 -40.7 127 0 6.9 10.9 10.5 3.5 2 1 3 1 1
-6199.8 211.4 -44.7 132 0 10.0 12.7 10.5 3.5 2 1 3 0 0
-6157.0 267.0 -31.1 334 0 14.3 10.4 14.0 3.5 2 0 4 1 1
-6178.6 311.3 -27.9 323 0 13.1 8.5 10.5 0.0 0 0 3 0 0
-6189.9 336.5 -25.0 112 0 15.0 12.5 14.0 3.5 2 0 4 3 3
-6172.5 332.1 -21.6 141 0 10.0 14.4 14.0 3.5 2 1 4 1 1
-6208.0 352.2 -27.3 201 0 20.7 11.5 14.0 3.5 2 0 4 0 0
-6194.1 324.0 -28.8 282 0 8.6 7.6 10.5 3.5 2 0 3 0 0
-6051.1 497.1 -21.8 244 0 9.4 9.5 10.5 3.5 2 1 3 4 4
-6032.5 503.5 -22.4 241 0 15.7 12.8 14.0 3.5 4 0 4 5 5
-6071.8 486.1 -20.4 249 0 8.9 8.4 10.5 3.5 4 0 3 3 3
-6093.2 474.9 -19.2 251 0 8.8 12.1 10.5 3.5 2 1 3 5 5
-6131.5 498.5 -23.9 169 0 9.9 9.8 10.5 3.5 2 0 3 3 3
-6106.8 474.7 -19.9 248 0 7.9 8.8 10.5 3.5 2 1 3 4 4
-6060.0 491.6 -20.9 250 0 8.3 16.7 10.5 3.5 2 1 3 4 4
-6053.0 473.9 -16.9 249 0 10.2 10.9 14.0 3.5 2 1 4 5 5
-6012.9 494.7 -20.2 303 0 14.7 15.9 14.0 0.0 0 1 4 4 4
-5946.6 419.1 -3.2 93 0 13.4 13.3 14.0 3.5 2 0 4 2 2
-5942.5 579.2 -45.4 32 0 12.8 16.7 10.5 3.5 2 1 3 0 0
-5930.6 732.6 -62.3 354 0 23.7 11.2 10.5 3.5 2 0 3 2 2
-5942.5 760.4 -62.3 332 0 16.6 15.8 10.5 3.5 4 0 3 1 1
-6544.2 366.8 -68.1 342 0 14.3 15.0 14.0 3.5 4 1 4 4 4
-6013.2 414.7 -2.4 259 0 19.4 14.4 14.0 3.5 4 0 4 5 5
-5919.4 406.8 0.8 7 0 10.2 11.7 14.0 3.5 2 1 4 0 0
-5969.3 476.4 -14.0 286 0 19.1 11.4 14.0 3.5 4 0 4 0 0
-6335.9 822.7 -64.6 324 0 15.5 7.7 10.5 3.5 2 0 3 1 1
-6440.7 909.8 -85.1 149 0 11.9 10.4 10.5 3.5 2 0 3 5 5
-6433.2 890.6 -84.3 147 0 9.0 12.4 10.5 3.5 2 1 3 3 3
-6398.7 932.3 -85.7 328 0 8.3 10.2 10.5 3.5 2 1 3 0 0
-6403.5 941.9 -86.1 324 0 9.1 14.9 10.5 3.5 2 1 3 3 3
-6410.7 945.9 -86.3 325 0 7.0 16.1 10.5 3.5 4 1 3 5 5
-6421.1 954.7 -86.8 326 0 13.6 7.9 10.5 3.5 2 0 3 0 0
-6431.7 951.9 -86.6 320 0 8.7 11.8 10.5 3.5 2 1 3 2 2
-6451.4 922.4 -85.6 144 0 11.2 9.9 10.5 3.5 2 0 3 4 4
-6475.2 944.1 -86.7 138 0 10.6 12.1 10.5 3.5 2 1 3 5 5
-6466.6 959.3 -86.9 228 0 6.9 11.3 10.5 3.5 2 1 3 3 3
-6439.7 981.1 -87.8 230 0 9.3 9.1 10.5 3.5 2 0 3 2 2
-6458.1 967.7 -87.2 228 0 4.7 15.5 10.5 3.5 2 1 3 5 5
-6465.2 973.3 -87.8 46 0 8.1 10.3 10.5 3.5 2 1 3 0 0
-6438.8 993.7 -88.7 52 0 8.7 11.7 10.5 3.5 2 1 3 4 4
-6451.4 988.9 -88.7 49 0 9.4 16.4 10.5 3.5 2 1 3 2 2
-6457.9 980.1 -88.5 50 0 8.8 20.3 10.5 3.5 2 1 3 4 4
-6480.6 958.5 -87.7 48 0 11.0 14.7 14.0 3.5 2 1 4 0 0
-6516.3 971.0 -88.8 215 0 21.5 17.1 14.0 3.5 4 0 4 5 5
-6542.6 942.6 -88.6 208 0 18.5 13.0 14.0 3.5 2 0 4 0 0
-6554.2 944.2 -89.6 36 0 19.2 11.2 14.0 0.0 0 0 4 2 2
-6573.6 925.1 -89.0 305 0 11.3 20.4 14.0 3.5 2 1 4 0 0
-6585.7 933.6 -89.8 303 0 9.9 26.1 10.5 3.5 2 1 3 1 1
-6600.7 940.6 -90.6 301 0 12.3 21.7 14.0 3.5 2 1 4 4 4
-6635.0 923.2 -91.0 207 0 10.1 19.6 14.0 3.5 2 1 4 0 0
-6615.4 949.5 -91.5 297 0 12.3 22.2 14.0 3.5 2 1 4 0 0
-6642.5 910.2 -90.8 209 0 11.7 16.4 14.0 3.5 2 1 4 5 5
-6648.9 896.9 -90.5 212 0 11.7 16.4 14.0 0.0 0 1 4 1 1
-6655.2 884.1 -90.3 207 0 7.8 9.2 10.5 0.0 0 1 3 4 4
-6661.4 875.5 -90.2 214 0 11.2 9.4 10.5 3.5 2 0 3 3 3
-6672.9 894.3 -92.1 30 0 12.6 13.6 14.0 3.5 2 1 4 1 1
-6658.1 910.2 -92.4 30 0 14.6 20.1 14.0 3.5 2 1 4 1 1
-6654.5 925.6 -92.9 34 0 12.4 20.4 14.0 3.5 2 1 4 4 4
-6642.0 964.9 -93.1 301 0 10.5 8.4 10.5 3.5 4 0 3 5 5
-6656.2 981.7 -94.6 116 0 13.8 6.7 10.5 3.5 2 0 3 1 1
-6668.9 989.6 -95.6 122 0 14.1 18.1 14.0 3.5 2 1 4 4 4
-6658.0 1018.2 -95.8 209 0 10.3 19.6 14.0 3.5 4 1 4 5 5
-6650.8 1032.5 -96.2 214 0 13.0 16.7 14.0 3.5 2 1 4 1 1
-6632.6 1050.8 -96.2 212 0 10.5 10.4 14.0 3.5 2 0 4 4 4
-6609.9 1021.6 -94.9 39 0 11.7 12.9 14.0 3.5 2 1 4 5 5
-6605.8 1062.2 -96.0 305 0 16.0 13.6 14.0 3.5 2 0 4 4 4
-6592.7 1085.3 -95.9 232 0 16.0 7.9 10.5 3.5 4 0 3 3 3
-6587.9 1067.8 -95.6 130 0 7.8 16.4 10.5 3.5 4 1 3 5 5
-6575.0 1058.3 -95.1 128 0 18.3 14.9 14.0 3.5 4 0 4 0 0
-6609.4 988.2 -93.2 29 0 8.2 8.2 10.5 3.5 2 1 3 5 5
-6604.6 999.9 -94.0 28 0 13.7 15.8 14.0 3.5 4 1 4 4 4
-6601.9 959.1 -91.6 125 0 10.9 11.5 14.0 3.5 2 1 4 2 2
-6611.9 973.9 -92.3 217 0 11.7 10.0 10.5 0.0 0 0 3 5 5
-6621.7 968.5 -92.9 34 0 14.6 10.0 10.5 3.5 2 0 3 3 3
-6636.8 977.9 -93.8 119 0 9.3 17.7 10.5 3.5 2 1 3 5 5
-6592.9 1008.2 -93.6 41 0 13.9 11.3 14.0 3.5 2 0 4 5 5
-6614.6 979.5 -93.1 34 0 7.5 9.7 10.5 3.5 2 1 3 3 3
-6593.8 1028.8 -94.7 32 0 9.5 14.6 10.5 3.5 2 1 3 0 0
-6571.0 1020.4 -92.8 205 0 10.7 19.1 14.0 3.5 2 1 4 1 1
-6582.4 1014.0 -92.9 218 0 9.0 8.9 10.5 3.5 4 0 3 1 1
-6533.0 1047.4 -92.5 233 0 11.8 16.0 14.0 3.5 2 1 4 4 4
-6521.0 1071.4 -93.2 226 0 26.4 13.9 14.0 3.5 2 0 4 3 3
-6534.0 1087.8 -94.8 40 0 33.0 9.8 10.5 3.5 2 0 3 4 4
-6719.6 912.0 -93.8 218 0 14.7 17.1 14.0 3.5 2 1 4 2 2
-6706.4 831.8 -91.0 302 0 11.9 13.0 14.0 3.5 2 1 4 5 5
-6710.9 843.9 -91.4 117 0 14.1 16.5 14.0 3.5 2 1 4 1 1
-6722.3 850.7 -91.9 118 0 6.8 13.4 10.5 3.5 2 1 3 4 4
-6734.4 857.2 -92.6 121 0 8.5 14.6 10.5 3.5 2 1 3 4 4
-6712.8 792.2 -91.3 23 0 10.7 16.0 14.0 3.5 2 1 4 3 3
-6738.2 731.8 -91.7 14 0 29.6 12.0 14.0 3.5 2 0 4 2 2
-6770.4 747.7 -92.6 203 0 8.4 15.5 10.5 3.5 2 1 3 2 2
-6723.5 751.1 -91.2 25 0 11.7 9.6 10.5 0.0 0 0 3 4 4
-6738.6 763.4 -91.7 287 0 11.9 10.8 14.0 3.5 2 0 4 2 2
-6752.0 777.1 -92.4 120 0 17.5 12.9 14.0 3.5 2 0 4 2 2
-6753.9 771.2 -92.3 291 0 7.1 13.6 10.5 3.5 2 1 3 3 3
-6765.1 767.9 -92.6 205 0 13.9 5.6 10.5 3.5 2 0 3 5 5
-6781.6 757.5 -93.7 38 0 11.7 14.1 10.5 3.5 2 1 3 3 3
-6782.4 780.5 -93.6 309 0 12.9 9.9 10.5 3.5 2 0 3 5 5
-6759.7 719.3 -92.1 106 0 7.5 15.3 10.5 0.0 0 1 3 2 2
-6776.7 834.2 -93.6 131 0 13.8 13.5 14.0 3.5 2 0 4 4 4
-6801.5 829.8 -94.5 125 0 12.1 12.3 14.0 3.5 2 1 4 1 1
-6822.8 837.1 -95.4 113 0 13.1 5.7 10.5 3.5 2 0 3 4 4
-6842.1 857.7 -97.1 26 0 7.4 14.1 10.5 3.5 2 1 3 4 4
-6842.4 845.7 -96.7 27 0 7.6 15.1 10.5 0.0 0 1 3 1 1
-6843.4 821.1 -96.6 24 0 8.9 19.5 10.5 3.5 2 1 3 3 3
-6845.0 811.0 -96.5 25 0 8.2 17.3 10.5 3.5 2 1 3 4 4
-6622.3 649.4 -82.7 91 0 15.2 20.7 14.0 3.5 2 1 4 5 5
-6603.2 676.7 -82.3 357 0 15.1 8.6 10.5 3.5 2 0 3 2 2
-6597.6 688.0 -82.0 181 0 15.5 11.9 14.0 3.5 2 0 4 2 2
-6587.8 647.3 -80.0 95 0 13.2 15.1 14.0 3.5 2 1 4 3 3
-6571.1 626.8 -77.7 51 0 12.2 12.3 14.0 3.5 4 1 4 3 3
-6576.7 732.6 -82.7 241 0 13.4 12.1 14.0 3.5 2 0 4 3 3
-6593.7 702.8 -82.4 178 0 10.1 12.5 14.0 3.5 2 1 4 0 0
-6612.4 723.7 -85.6 61 0 12.1 13.7 10.5 3.5 2 1 3 5 5
-6602.9 702.7 -83.7 0 0 19.9 7.4 10.5 3.5 2 0 3 0 0
-3985.6 1845.2 -69.1 268 0 9.3 21.1 10.5 3.5 2 1 3 2 2
-3961.0 1830.7 -69.6 359 1 10.8 12.4 14.0 3.5 2 1 4 4 4
-3863.4 1841.1 -85.8 0 0 12.7 5.6 10.5 3.5 2 0 3 0 0
-3847.0 1808.3 -89.1 14 1 10.5 17.7 14.0 0.0 0 1 4 4 4
-3963.7 1728.8 -75.3 42 0 13.0 4.8 10.5 3.5 2 0 3 1 1
-3961.3 1719.7 -76.0 34 0 7.6 6.5 10.5 3.5 4 0 3 2 2
-3993.2 1786.3 -65.2 71 0 6.0 18.3 10.5 0.0 0 1 3 0 0
-4023.5 1838.0 -70.5 245 0 9.0 21.6 10.5 3.5 2 1 3 2 2
-4031.6 1768.1 -61.0 55 1 13.6 17.2 14.0 3.5 2 1 4 1 1
-4056.2 1818.1 -69.1 250 0 7.9 20.6 10.5 3.5 2 1 3 1 1
-4073.3 1804.2 -67.9 226 0 6.9 19.3 10.5 3.5 2 1 3 2 2
-4093.4 1799.3 -68.7 228 0 12.1 23.0 14.0 3.5 2 1 4 0 0
-4064.5 1741.8 -58.7 51 1 10.1 20.1 14.0 3.5 2 1 4 5 5
-4081.6 1728.1 -57.2 50 0 9.0 19.2 10.5 3.5 2 1 3 2 2
-4098.6 1714.5 -56.9 56 0 11.5 22.5 14.0 3.5 2 1 4 4 4
-4140.0 1755.9 -63.5 231 0 13.0 20.5 14.0 0.0 0 1 4 4 4
-4149.3 1714.1 -57.2 155 1 15.7 12.3 14.0 0.0 0 0 4 4 4
-4163.9 1745.4 -63.0 238 0 10.7 20.8 14.0 0.0 0 1 4 4 4
-4201.9 1682.5 -56.0 76 0 10.9 19.0 10.5 3.5 2 1 3 4 4
-4208.9 1727.6 -62.4 259 0 11.6 18.3 10.5 3.5 2 1 3 1 1
-4226.0 1682.1 -56.8 90 0 11.3 17.8 10.5 3.5 2 1 3 0 0
-4227.3 1728.7 -64.0 269 0 10.1 20.2 10.5 3.5 4 1 3 0 0
-4245.8 1679.6 -56.8 83 0 10.0 14.9 10.5 3.5 2 1 3 3 3
-4248.0 1725.7 -63.7 264 0 11.4 18.5 10.5 3.5 2 1 3 2 2
-4266.9 1723.2 -63.7 263 0 11.6 17.7 10.5 3.5 2 1 3 1 1
-4287.3 1720.2 -63.9 250 0 11.9 18.6 10.5 3.5 2 1 3 1 1
-4286.2 1671.5 -58.2 73 0 10.9 19.3 10.5 3.5 2 1 3 2 2
-4306.8 1715.6 -63.7 250 0 10.0 18.3 10.5 3.5 2 1 3 2 2
-4331.4 1706.0 -63.4 242 0 10.2 18.0 10.5 3.5 2 1 3 4 4
-4350.9 1691.2 -61.9 228 0 9.5 15.6 10.5 3.5 2 1 3 1 1
-4344.3 1640.7 -63.9 50 0 10.1 18.2 10.5 3.5 2 1 3 1 1
-4368.8 1682.8 -67.1 235 0 12.5 21.0 10.5 3.5 2 1 3 2 2
-4397.0 1652.8 -70.3 224 0 10.0 18.1 10.5 3.5 2 1 3 2 2
-4408.7 1633.9 -70.1 206 0 11.8 20.9 10.5 0.0 0 1 3 0 0
-4370.8 1604.4 -63.9 29 0 11.3 17.6 10.5 3.5 2 1 3 4 4
-4417.3 1615.2 -69.3 183 0 5.6 12.6 10.5 3.5 2 1 3 3 3
-4435.3 1520.1 -67.7 135 0 7.8 16.0 10.5 3.5 2 1 3 4 4
-4402.5 1489.1 -70.8 122 0 11.1 14.7 10.5 3.5 2 1 3 1 1
-4386.5 1473.1 -73.9 115 0 9.9 15.3 10.5 3.5 2 1 3 5 5
-4468.1 1504.6 -76.5 315 0 12.3 5.5 10.5 3.5 2 0 3 0 0
-4467.6 1480.1 -80.5 45 0 7.6 9.9 10.5 3.5 2 1 3 5 5
-4479.6 1479.9 -81.5 137 0 8.3 5.5 10.5 3.5 2 0 3 2 2
-4484.0 1478.3 -82.4 137 0 9.4 4.3 10.5 3.5 2 0 3 3 3
-4488.6 1476.9 -83.3 134 0 10.3 6.2 10.5 3.5 4 0 3 1 1
-4375.3 1418.6 -88.5 115 0 11.0 7.4 10.5 3.5 2 0 3 3 3
-4108.4 1470.3 -94.2 264 0 5.3 8.4 5.0 2.5 2 1 2 5 5
-4138.0 1666.8 -58.5 238 0 5.7 6.4 10.5 3.5 2 1 3 5 5
-4135.3 1658.4 -60.6 244 0 5.9 7.3 10.5 3.5 2 1 3 4 4
-4045.9 1619.0 -73.0 46 0 12.0 7.6 10.5 3.5 2 0 3 0 0
-4333.6 -571.1 91.9 74 0 7.1 8.5 5.0 2.5 2 1 2 4 4
-3639.4 26.1 -89.2 48 0 8.8 28.2 7.5 2.5 2 1 3 5 5
-4703.7 -118.2 -73.2 197 0 12.2 15.9 5.0 2.5 2 1 2 2 2
-4674.3 -46.6 -83.1 234 0 7.8 12.0 2.5 2.5 2 1 1 0 0
-4730.7 -20.8 -93.2 65 0 28.3 7.8 2.5 2.5 2 0 1 5 5
-5167.8 -672.1 -64.2 193 0 10.5 6.1 7.5 2.5 2 0 3 4 4
-5112.3 -609.2 -54.0 12 0 7.6 10.7 5.0 2.5 2 1 2 3 3
-5208.5 -502.4 -36.6 233 0 12.3 13.2 7.5 2.5 2 1 3 0 0
-5219.0 -837.6 -77.1 270 0 9.4 16.4 5.0 2.5 2 1 2 0 0
-5210.7 -736.6 -70.7 190 0 12.8 12.8 7.5 2.5 2 1 3 2 2
-6792.8 8822.5 -85.0 154 0 21.4 33.5 17.5 0.0 0 1 5 2 2
-6886.5 8599.7 -90.1 96 0 18.2 24.5 14.0 3.5 2 1 4 3 3
-6910.6 8602.9 -89.6 96 0 19.4 23.9 14.0 3.5 4 1 4 3 3
-6936.9 8577.6 -92.8 187 0 21.2 19.7 14.0 3.5 2 0 4 0 0
-6919.7 8529.3 -95.9 95 0 18.2 23.9 17.5 3.5 2 1 5 1 1
-6864.3 8596.9 -90.5 95 0 14.7 21.3 14.0 3.5 2 1 4 5 5
-6699.7 8897.5 -89.7 225 0 16.8 29.8 17.5 3.5 2 1 5 5 5
-6605.1 8867.4 -90.0 320 0 18.0 30.0 17.5 3.5 2 1 5 4 4
-6651.3 8854.5 -86.9 246 0 14.2 15.6 17.5 3.5 4 1 5 0 0
-6669.1 8846.6 -85.3 246 0 12.7 19.4 17.5 3.5 4 1 5 5 5
-6623.0 8809.5 -85.2 62 0 9.7 24.2 10.5 0.0 0 1 3 5 5
-6610.4 8817.3 -87.1 62 0 10.9 24.9 17.5 3.5 2 1 5 3 3
-6643.1 8798.7 -84.0 64 0 23.1 30.1 17.5 0.0 0 1 5 0 0
-6619.9 8785.7 -88.4 248 0 30.8 24.3 14.0 0.0 0 0 4 2 2
-6744.4 8700.5 -85.6 69 0 39.3 20.9 14.0 0.0 0 0 4 4 4
-6844.7 8595.4 -90.9 96 0 15.2 26.5 14.0 3.5 2 1 4 0 0
-6934.8 8638.3 -86.9 158 0 16.5 19.5 14.0 3.5 2 1 4 2 2
-6907.3 8660.4 -86.7 249 0 19.8 23.5 14.0 3.5 2 1 4 4 4
-6885.4 8670.9 -86.1 248 0 19.0 23.6 14.0 3.5 4 1 4 4 4
-6871.2 8676.2 -86.2 248 0 7.9 30.0 10.5 3.5 2 1 3 1 1
-6855.6 8684.0 -86.3 246 0 15.3 35.1 14.0 3.5 2 1 4 2 2
-6826.6 8678.8 -85.3 336 0 34.4 12.3 14.0 3.5 2 0 4 4 4
-6835.3 8729.6 -78.5 336 0 20.8 20.7 17.5 3.5 2 0 5 5 5
-6864.2 8704.7 -80.2 66 0 18.8 17.8 17.5 0.0 0 0 5 1 1
-6884.6 8695.6 -81.9 66 0 24.0 17.2 17.5 0.0 0 0 5 1 1
-6934.9 8679.2 -83.5 153 0 20.3 16.2 17.5 0.0 0 0 5 0 0
-6906.3 10466.1 -93.9 206 0 24.4 11.5 14.0 3.5 4 0 4 5 5
-6894.5 10490.7 -93.0 210 0 17.1 9.5 10.5 3.5 2 0 3 5 5
-6813.1 8684.5 -84.3 157 0 17.7 23.2 14.0 3.5 2 1 4 3 3
-6422.6 -2417.6 -72.5 178 0 10.9 12.2 2.5 2.5 4 1 1 3 3
-6422.3 -2387.4 -74.3 179 0 10.9 12.2 7.5 0.0 0 1 3 4 4
-6399.0 -2401.9 -76.6 0 0 14.6 12.2 7.5 2.5 2 0 3 4 4
-6388.4 -2418.0 -78.4 0 0 14.6 12.2 5.0 2.5 2 0 2 4 4
-6387.5 -2386.7 -80.6 0 0 14.6 12.2 2.5 2.5 2 0 1 0 0
-6461.0 -2416.9 -60.2 173 0 22.1 6.3 5.0 2.5 2 0 2 1 1
-6451.0 -2346.5 -67.1 342 0 27.8 17.4 10.0 2.5 2 0 4 3 3
-6433.5 -2340.8 -75.8 152 0 35.7 13.1 12.5 2.5 2 0 5 2 2
-6520.3 -2320.4 -54.3 147 0 10.9 12.3 10.0 2.5 2 1 4 3 3
-6495.2 -2308.0 -59.2 4 0 10.2 15.2 5.0 2.5 2 1 2 1 1
-6517.7 -2258.3 -68.6 52 0 10.4 16.4 5.0 2.5 2 1 2 1 1
-6528.3 -2226.7 -73.1 232 0 9.5 16.4 7.5 2.5 2 1 3 2 2
-6532.1 -2257.5 -62.5 358 0 10.2 15.2 5.0 2.5 2 1 2 0 0
-6550.5 -2274.1 -56.8 142 0 10.9 12.3 7.5 0.0 0 1 3 3 3
-6916.5 -2117.2 -81.5 112 0 11.4 33.1 10.5 3.5 4 1 3 4 4
-6887.0 -2119.7 -80.3 112 0 11.4 33.1 10.5 3.5 2 1 3 5 5
-6827.1 10045.1 -103.6 204 0 27.7 10.2 17.5 3.5 2 0 5 0 0
-5892.1 -555.8 -43.1 278 0 10.5 15.8 2.5 2.5 2 1 1 4 4
-5866.8 -546.9 -43.4 284 0 10.5 15.8 10.0 2.5 4 1 4 3 3
-5410.2 -587.2 -36.5 52 0 13.5 13.5 7.5 2.5 2 0 3 2 2
-6916.1 8736.5 -80.1 246 0 26.6 20.3 17.5 3.5 2 0 5 0 0
-6888.5 8748.9 -80.4 246 0 26.6 20.3 17.5 3.5 2 0 5 3 3
-6860.9 8760.8 -80.6 245 0 20.5 22.0 17.5 0.0 0 1 5 4 4
-6926.0 8820.8 -86.0 185 0 11.9 20.9 17.5 3.5 4 1 5 3 3
-6773.7 8689.7 -84.9 67 0 9.9 22.2 10.5 3.5 2 1 3 5 5
-6718.3 8711.6 -85.6 70 0 14.2 23.3 14.0 3.5 2 0 4 1 1
-6704.6 8719.4 -85.5 70 0 16.7 23.6 14.0 3.5 2 0 4 1 1
-6690.8 8749.5 -85.7 253 0 19.1 22.8 14.0 3.5 2 0 4 3 3
-6672.7 8755.8 -86.0 253 0 14.4 23.3 14.0 3.5 2 0 4 4 4
-6579.4 8858.6 -93.3 154 0 7.8 11.2 10.5 3.5 2 1 3 1 1
-6587.9 8873.9 -93.9 153 0 14.3 18.9 14.0 3.5 2 1 4 3 3
-6584.7 8835.3 -90.3 336 0 13.3 18.2 17.5 0.0 0 1 5 3 3
-6636.4 8717.5 -93.1 160 0 25.8 17.1 12.5 2.5 2 0 5 5 5
-6632.8 8759.1 -87.6 340 0 25.8 17.1 10.0 2.5 2 0 4 4 4
-6763.2 8761.0 -79.7 154 0 14.2 24.5 14.0 3.5 2 1 4 1 1
-6771.6 8779.7 -81.1 155 0 12.1 29.9 14.0 3.5 2 1 4 4 4
-6779.4 8792.2 -82.1 155 0 9.3 28.8 10.5 3.5 2 1 3 4 4
-6781.0 8740.2 -79.4 65 0 10.3 25.4 17.5 3.5 2 1 5 5 5
-6793.1 8785.3 -81.4 335 0 10.9 24.6 17.5 3.5 2 1 5 4 4
-6870.7 8846.3 -87.6 161 0 13.5 19.2 17.5 3.5 4 1 5 1 1
-6864.3 8828.1 -86.3 159 0 15.6 18.7 17.5 3.5 2 1 5 1 1
-6856.3 8810.6 -84.8 160 0 15.2 17.5 17.5 3.5 2 1 5 0 0
-6840.8 8863.0 -87.7 249 0 19.5 12.2 17.5 3.5 2 0 5 2 2
-6795.3 8851.8 -86.0 248 0 16.6 12.1 17.5 3.5 2 0 5 3 3
-6750.0 8829.1 -85.2 65 0 9.3 22.8 10.5 3.5 2 1 3 2 2
-6730.9 8838.0 -84.8 66 0 26.3 11.7 17.5 0.0 0 0 5 5 5
-6703.7 8851.2 -85.6 67 0 24.0 9.9 10.5 3.5 2 0 3 4 4
-6670.1 8865.3 -88.7 67 0 31.0 10.9 17.5 0.0 0 0 5 0 0
-6634.5 8882.3 -91.6 68 0 26.8 8.5 10.5 3.5 2 0 3 0 0
-6677.7 8917.8 -93.8 221 0 36.2 12.8 17.5 3.5 2 0 5 5 5
-6720.7 8884.3 -87.5 246 0 21.0 20.0 17.5 3.5 2 0 5 3 3
-6751.2 8870.7 -86.6 245 0 12.7 22.7 17.5 3.5 2 1 5 3 3
-6771.5 8863.1 -86.5 247 0 25.0 12.7 17.5 3.5 2 0 5 2 2
-6776.9 8876.9 -88.6 66 0 27.2 13.9 17.5 3.5 2 0 5 2 2
-6756.5 9054.3 -100.3 268 0 12.9 14.7 17.5 0.0 0 1 5 1 1
-6920.6 8969.1 -93.6 201 0 4.1 7.7 10.5 3.5 2 1 3 2 2
-6864.8 9004.8 -97.8 180 0 16.0 28.5 17.5 0.0 0 1 5 2 2
-6820.7 8986.4 -96.7 81 0 17.6 13.6 17.5 3.5 2 0 5 4 4
-6788.5 8991.8 -97.2 82 0 26.5 14.7 17.5 3.5 2 0 5 5 5
-6937.7 9704.1 -103.8 208 0 10.1 19.1 17.5 3.5 2 1 5 0 0
-6941.0 9649.7 -103.9 207 0 32.0 11.0 17.5 3.5 2 0 5 2 2
-6914.4 9679.3 -104.0 28 0 32.7 10.0 17.5 3.5 4 0 5 1 1
-3748.8 100.9 -85.8 105 0 10.9 11.0 7.5 2.5 2 1 3 2 2
-3746.7 89.7 -81.9 291 0 37.8 12.8 12.5 2.5 2 0 5 4 4
-3708.4 72.5 -85.4 298 0 37.8 12.7 10.0 2.5 2 0 4 3 3
-3673.1 47.4 -85.8 313 0 37.9 12.7 10.0 2.5 2 0 4 4 4
-3645.2 16.3 -83.8 322 0 37.9 12.7 12.5 2.5 2 0 5 1 1
-3620.9 -15.3 -81.8 322 0 37.9 12.7 12.5 2.5 2 0 5 3 3
-3580.8 -85.9 -77.5 141 0 37.9 12.7 10.0 0.0 0 0 4 0 0
-3596.0 -46.9 -81.5 321 0 37.9 12.7 10.0 0.0 0 0 4 1 1
-3540.7 -102.9 -80.0 132 0 37.9 12.7 10.0 2.5 2 0 4 1 1
-3552.2 -115.7 -73.8 132 0 37.9 12.7 12.5 2.5 2 0 5 5 5
-3482.6 -127.3 -76.7 23 0 12.8 37.8 12.5 2.5 2 1 5 2 2
-3515.2 -137.8 -72.7 113 0 37.8 12.7 12.5 2.5 2 0 5 1 1
-3469.3 -107.7 -79.7 61 0 37.8 12.7 12.5 2.5 2 0 5 5 5
-3456.9 -117.7 -77.9 61 0 37.8 12.7 12.5 2.5 4 0 5 0 0
-3425.7 -90.6 -83.6 63 0 37.8 12.7 10.0 0.0 0 0 4 0 0
-5389.5 -40.8 17.9 222 0 19.0 21.3 10.0 0.0 0 1 4 5 5
-6733.3 142.7 -80.5 153 0 11.8 19.5 10.5 3.5 2 1 3 0 0
-6216.5 610.4 -31.3 167 0 13.0 14.0 14.0 3.5 2 1 4 1 1
-6612.8 867.0 -88.8 35 0 15.8 16.4 14.0 3.5 2 1 4 4 4
-6596.8 893.1 -89.2 30 0 14.4 15.1 14.0 3.5 2 1 4 1 1
-6630.1 854.6 -89.3 30 0 12.3 21.3 14.0 3.5 2 1 4 2 2
-6684.9 876.5 -92.2 24 0 16.6 21.9 14.0 3.5 2 1 4 0 0
-6808.6 780.5 -94.7 296 0 14.3 13.8 10.5 0.0 0 0 3 2 2
-6534.8 27.0 -65.6 329 0 12.5 20.4 10.5 3.5 2 1 3 5 5
-6279.6 -107.9 -22.1 255 0 12.0 20.3 14.0 3.5 2 1 4 0 0
-6282.3 -216.4 -24.9 345 0 14.6 14.1 14.0 3.5 4 0 4 2 2
-6163.5 -661.9 -39.3 204 0 11.6 27.2 10.0 2.5 2 1 4 3 3
-6110.1 -684.4 -50.5 288 0 13.4 20.7 10.0 2.5 2 1 4 3 3
-6102.8 -721.9 -55.2 108 0 13.9 20.0 7.5 2.5 2 1 3 0 0
-6097.7 -778.9 -74.3 100 0 12.7 14.3 5.0 2.5 2 1 2 2 2
-5949.3 -718.0 -63.8 216 0 8.4 18.1 7.5 0.0 0 1 3 1 1
-5924.2 -757.7 -74.0 227 0 13.6 13.9 14.0 3.5 2 1 4 5 5
-4018.1 -507.0 91.0 3 0 16.3 12.6 10.0 2.5 2 0 4 4 4
-6524.9 10426.6 -105.0 285 0 21.6 34.6 15.0 0.0 0 1 6 1 1
