5560.0 9148.7 -82.6 71 0 29.9 33.2 17.5 0.0 0 1 5 3 3
-3383.0 -2163.1 29.9 101 0 19.9 114.7 10.0 0.0 0 1 4 1 1
-3042.5 -273.5 75.1 347 0 28.1 13.2 7.5 2.5 2 0 3 1 1
-3190.1 -2220.9 32.0 110 0 154.7 42.6 12.5 0.0 0 0 5 5 5
-680.5 8298.0 -10.7 270 0 138.9 112.0 10.0 0.0 0 0 4 5 5
-345.6 8246.2 -6.6 179 0 126.9 104.6 10.0 0.0 0 0 4 0 0
135.8 8181.9 14.4 88 0 162.0 89.4 12.5 0.0 0 0 5 0 0
420.1 8453.4 13.2 270 0 63.6 118.7 10.0 0.0 0 1 4 3 3
786.7 8787.7 10.3 237 0 121.4 55.1 12.5 0.0 0 0 5 1 1
405.4 8466.8 6.3 89 0 111.2 95.8 7.5 0.0 0 0 3 1 1
-390.3 8231.2 -10.6 359 0 111.0 159.4 12.5 0.0 0 1 5 5 5
-347.0 8445.3 -14.0 180 0 191.5 105.4 12.5 0.0 0 0 5 4 4
6029.6 9121.0 -67.8 59 0 16.9 12.1 14.0 3.5 2 0 4 3 3
5680.8 8720.3 -47.0 60 0 14.3 17.7 10.5 3.5 2 1 3 0 0
4635.2 8517.8 -11.6 61 0 16.4 20.1 17.5 0.0 0 1 5 4 4
5633.9 -10293.2 143.2 250 0 15.1 33.4 10.0 2.5 2 1 4 1 1
4126.1 8281.6 -7.7 227 0 41.8 17.9 10.5 3.5 2 0 3 0 0
-1233.5 -4969.2 65.0 171 0 12.9 20.9 7.5 2.5 2 1 3 3 3
5159.7 8889.7 -51.8 335 0 16.7 17.4 17.5 3.5 2 1 5 1 1
4952.9 8474.8 -10.2 168 0 13.5 17.5 17.5 3.5 2 1 5 3 3
4723.5 9205.2 -51.9 332 0 13.0 17.2 17.5 3.5 2 1 5 5 5
-2478.9 8211.0 -137.6 127 0 21.6 35.6 10.0 0.0 0 1 4 4 4
-724.3 8025.9 -13.1 174 0 11.6 20.7 5.0 2.5 2 1 2 4 4
-2525.8 8222.0 -139.6 125 0 14.7 33.6 15.0 0.0 0 1 6 4 4
-177.4 8213.0 1.6 360 0 58.0 23.7 12.5 2.5 2 0 5 2 2
-5486.7 3475.3 -13.4 345 0 14.1 21.1 12.5 0.0 0 1 5 3 3
5988.9 9771.8 8.7 221 0 16.5 16.7 10.0 2.5 2 1 4 4 4
6824.6 8766.5 -107.6 333 0 14.2 18.4 12.5 2.5 2 1 5 5 5
3427.3 8884.9 -42.9 77 0 44.1 32.7 12.5 0.0 0 0 5 4 4
3450.9 8563.7 -34.0 66 0 26.3 17.9 10.5 3.5 2 0 3 3 3
1102.8 7391.9 40.7 242 0 23.1 21.8 10.0 2.5 2 0 4 4 4
4917.3 9590.8 -148.7 158 0 16.2 17.1 14.0 3.5 4 1 4 3 3
4865.7 9644.3 -153.2 63 0 13.8 17.7 14.0 3.5 2 1 4 1 1
3688.4 9482.6 -24.3 331 0 12.6 18.1 5.0 2.5 2 1 2 5 5
5747.3 8895.7 -55.7 206 0 21.9 31.6 14.0 0.0 0 1 4 3 3
5731.2 8865.0 -53.9 206 0 21.9 31.6 14.0 0.0 0 1 4 3 3
5716.1 8837.3 -52.2 206 0 21.9 31.6 14.0 0.0 0 1 4 2 2
5689.4 8783.3 -51.0 206 0 21.9 31.6 14.0 0.0 0 1 4 1 1
5695.9 8847.6 -54.9 13 0 21.9 31.6 14.0 0.0 0 1 4 5 5
5670.3 8888.4 -56.0 189 0 21.9 31.6 14.0 0.0 0 1 4 2 2
5686.2 8941.9 -58.7 276 0 21.8 31.7 14.0 0.0 0 1 4 4 4
5721.7 8940.4 -58.4 276 0 21.8 31.7 14.0 0.0 0 1 4 3 3
5174.2 7919.5 18.9 345 0 13.5 24.2 17.5 0.0 0 1 5 5 5
-1529.4 7886.7 -67.1 254 0 14.1 10.4 10.0 2.5 2 0 4 1 1
-1401.6 8040.0 -85.1 169 0 14.5 16.6 7.5 2.5 2 1 3 2 2
-1310.4 8009.6 -73.9 283 0 10.3 14.9 7.5 0.0 0 1 3 3 3
-1440.6 7950.7 -73.1 60 0 14.4 8.7 7.5 2.5 2 0 3 0 0
-1281.4 7827.6 -60.2 83 0 15.3 16.2 5.0 2.5 2 1 2 5 5
-880.3 7868.8 -27.0 186 0 14.5 12.1 7.5 2.5 2 0 3 2 2
3916.5 9720.2 -39.8 89 0 23.8 24.4 12.5 2.5 2 1 5 1 1
3932.1 9777.6 -35.5 358 0 25.9 22.4 10.0 2.5 2 0 4 2 2
4832.9 9554.3 -137.5 180 0 7.0 22.5 10.5 3.5 2 1 3 2 2
4835.9 9532.9 -131.8 291 0 23.3 8.5 10.5 0.0 0 0 3 2 2
3210.4 9816.2 -87.1 2 0 20.6 7.7 7.5 2.5 4 0 3 4 4
5095.3 9882.1 -163.7 3 0 11.1 19.1 10.5 3.5 2 1 3 0 0
5669.4 7675.7 35.5 69 0 21.5 15.4 14.0 3.5 2 0 4 1 1
5650.4 7719.3 34.1 247 0 18.1 19.9 14.0 3.5 2 1 4 1 1
5642.7 7746.4 31.5 250 0 21.2 16.3 14.0 3.5 2 0 4 1 1
5695.1 7685.2 30.6 68 0 23.1 16.7 14.0 3.5 2 0 4 3 3
5671.0 7755.5 26.5 250 0 20.6 14.6 14.0 3.5 2 0 4 5 5
5720.6 7692.8 26.1 70 0 21.1 18.0 14.0 3.5 2 0 4 1 1
5695.7 7766.7 21.7 250 0 19.9 15.2 14.0 3.5 2 0 4 5 5
5744.2 7701.9 24.2 66 0 19.0 17.9 14.0 3.5 2 0 4 1 1
5722.7 7776.7 19.0 247 0 21.4 15.1 14.0 3.5 2 0 4 0 0
5759.7 7782.6 16.9 345 0 15.2 19.5 14.0 0.0 0 1 4 3 3
5767.5 7733.2 21.2 357 0 19.7 15.7 14.0 3.5 2 0 4 3 3
1203.7 8785.4 22.5 181 0 8.8 11.8 7.5 0.0 0 1 3 2 2
-1739.0 -2991.7 109.7 264 0 18.4 12.0 5.0 2.5 4 0 2 4 4
-4524.5 -1718.8 -31.2 338 0 12.0 21.3 10.0 0.0 0 1 4 3 3
6232.6 4309.4 110.6 345 0 19.7 11.6 5.0 2.5 4 0 2 3 3
5645.8 7199.9 96.4 312 0 9.1 9.5 5.0 2.5 2 1 2 0 0
5597.4 7439.6 67.6 359 0 16.4 36.1 14.0 0.0 0 1 4 1 1
5561.1 7387.9 74.6 90 0 20.7 10.8 14.0 3.5 2 0 4 3 3
5491.6 7421.5 72.2 180 0 18.0 37.2 14.0 3.5 2 1 4 3 3
5534.1 7578.2 59.7 343 0 16.3 36.0 14.0 3.5 2 1 4 4 4
5554.4 7494.3 66.2 18 0 15.2 12.0 14.0 3.5 4 0 4 5 5
5542.5 7496.6 66.2 20 0 13.2 8.1 10.5 3.5 2 0 3 0 0
5526.6 7693.0 49.3 59 0 15.8 22.7 14.0 3.5 2 0 4 4 4
5934.4 7719.9 23.1 137 0 20.7 16.0 10.5 3.5 2 0 3 3 3
5968.3 7742.3 19.0 227 0 16.0 20.7 10.5 0.0 0 1 3 3 3
5995.0 7728.8 16.6 227 0 16.0 20.7 10.5 0.0 0 1 3 0 0
6003.0 7686.1 18.2 135 0 16.0 20.7 10.5 3.5 2 1 3 2 2
5981.2 7664.6 23.8 135 0 16.0 20.7 10.5 3.5 2 1 3 2 2
6130.8 7243.2 75.9 142 0 19.4 16.7 7.5 2.5 2 0 3 3 3
6110.8 7267.4 71.6 142 0 19.4 16.7 12.5 2.5 4 0 5 3 3
6090.0 7290.7 67.5 142 0 19.4 16.7 10.0 2.5 2 0 4 4 4
6185.7 7394.8 47.6 291 0 25.2 19.1 15.0 0.0 0 0 6 5 5
6217.4 7382.2 47.2 292 0 25.2 19.1 10.0 2.5 2 0 4 5 5
6150.0 7407.5 49.3 274 0 25.2 19.1 12.5 2.5 2 0 5 4 4
