3004.1 2846.7 -262.1 225 0 36.6 17.8 10.0 2.5 2 0 4 4 4
2831.7 2949.0 -261.2 26 0 35.2 17.4 7.5 2.5 2 0 3 3 3
3079.9 3163.7 -256.8 159 0 13.6 19.6 7.5 0.0 0 1 3 3 3
4223.3 8055.3 94.9 65 0 19.9 12.6 5.0 2.5 2 0 2 4 4
6403.3 -424.8 -129.0 149 0 15.2 15.6 2.5 2.5 2 1 1 3 3
-557.5 -10064.1 -302.7 320 0 141.2 92.9 14.0 0.0 0 0 4 1 1
-1338.1 -8976.0 -304.9 154 0 19.7 26.3 17.5 3.5 2 1 5 4 4
-1962.1 -10430.4 -306.8 182 0 19.2 23.7 17.5 3.5 2 1 5 1 1
3349.7 -7508.2 -240.2 271 0 27.3 72.1 12.5 0.0 0 1 5 4 4
3410.7 -7579.2 -237.4 91 0 34.1 72.1 10.0 0.0 0 1 4 1 1
-6521.5 9477.0 161.3 352 0 108.4 40.5 10.0 0.0 0 0 4 3 3
-613.9 -8456.5 -303.0 196 0 64.1 101.6 14.0 0.0 0 1 4 3 3
-1491.3 -4628.5 -307.7 90 0 38.5 18.5 7.5 2.5 2 0 3 0 0
-705.2 -8528.3 -303.2 195 0 77.1 25.7 14.0 0.0 0 0 4 2 2
2130.1 2596.2 -261.6 245 0 89.3 112.2 12.5 0.0 0 1 5 1 1
-539.3 -8596.3 -303.1 200 0 119.4 52.8 14.0 0.0 0 0 4 5 5
-2619.2 -7096.1 -313.8 13 0 40.8 96.9 7.5 0.0 0 1 3 4 4
-574.4 -8633.2 -302.8 19 0 20.7 78.8 14.0 0.0 0 1 4 3 3
-940.2 -8376.6 -301.6 91 0 119.5 38.9 17.5 0.0 0 0 5 3 3
-849.6 -8349.5 -302.2 191 0 28.0 89.9 14.0 0.0 0 1 4 4 4
-1184.8 -8329.7 -304.2 182 0 19.2 141.7 17.5 0.0 0 1 5 2 2
-963.1 -9285.7 -302.1 69 0 16.7 24.7 17.5 0.0 0 1 5 4 4
-1201.6 -10066.8 -304.6 159 0 17.8 23.3 17.5 3.5 2 1 5 5 5
-1218.3 -10561.2 -301.4 153 0 15.9 22.6 14.0 3.5 2 1 4 1 1
-2468.6 -9464.9 -311.3 334 0 16.4 20.2 14.0 3.5 2 1 4 1 1
-2015.6 -9879.4 -304.2 149 0 28.5 29.4 17.5 0.0 0 1 5 5 5
-364.0 -9906.0 -297.4 61 0 25.7 20.5 17.5 3.5 2 0 5 5 5
3654.7 615.0 -275.4 333 0 15.0 25.0 12.5 2.5 2 1 5 0 0
1670.2 -2988.4 -287.3 257 0 15.0 15.7 5.0 2.5 2 1 2 5 5
1428.3 -2968.3 -287.9 167 0 24.2 12.3 10.0 2.5 4 0 4 5 5
-620.6 -5969.6 -302.9 198 0 18.1 30.8 10.0 2.5 2 1 4 4 4
-1349.1 -8106.7 -305.2 154 0 14.0 19.4 14.0 3.5 2 1 4 3 3
-1302.0 -7662.3 -308.5 112 0 23.6 16.8 10.5 3.5 2 0 3 0 0
-5949.4 -9804.5 -296.7 55 0 17.2 15.4 14.0 3.5 2 0 4 4 4
-6055.8 -9738.6 -280.8 248 0 15.7 31.1 14.0 0.0 0 1 4 4 4
-5934.9 -9828.3 -301.1 55 0 17.2 15.4 14.0 3.5 2 0 4 3 3
-5999.0 -9767.2 -288.8 235 0 17.2 15.4 14.0 3.5 4 0 4 2 2
-5988.3 -9745.2 -287.5 235 0 17.2 15.4 14.0 3.5 2 0 4 4 4
-5945.5 -9850.5 -302.2 55 0 17.2 15.4 14.0 3.5 2 0 4 0 0
-6013.3 -9740.2 -283.9 241 0 17.2 15.4 14.0 3.5 2 0 4 3 3
-5975.3 -9803.4 -293.5 55 0 17.2 15.4 14.0 3.5 2 0 4 1 1
-5959.7 -9826.7 -298.1 55 0 17.2 15.4 14.0 3.5 4 0 4 2 2
-6024.0 -9864.4 -300.0 155 0 33.3 44.4 14.0 0.0 0 1 4 3 3
-1689.2 -10461.7 -304.6 255 0 26.4 16.1 17.5 3.5 2 0 5 0 0
-1945.5 -9414.6 -305.8 336 0 16.1 25.0 14.0 3.5 2 1 4 4 4
540.9 -2383.1 -293.6 243 0 27.1 19.4 5.0 2.5 2 0 2 0 0
1565.5 1880.8 -267.2 154 0 15.0 18.3 7.5 0.0 0 1 3 5 5
1861.0 -4436.6 -287.4 157 0 19.5 27.0 7.5 0.0 0 1 3 4 4
-2919.9 -9606.9 -315.5 194 0 94.3 74.9 17.5 0.0 0 0 5 3 3
-4750.1 -8359.2 -278.3 150 0 18.8 25.5 10.5 3.5 2 1 3 2 2
6211.8 9561.1 306.4 88 0 14.4 9.3 2.5 2.5 2 0 1 3 3
-545.0 -9633.5 -298.7 187 0 49.0 23.1 14.0 3.5 2 0 4 5 5
-574.0 -9649.5 -298.9 95 0 19.0 38.5 14.0 3.5 2 1 4 5 5
-515.5 -9679.8 -299.0 274 0 11.2 24.0 17.5 3.5 2 1 5 0 0
-2124.6 -8190.6 -311.0 334 0 19.4 29.9 17.5 3.5 2 1 5 0 0
-2275.3 -8568.1 -311.1 68 0 26.2 23.8 17.5 0.0 0 0 5 1 1
-687.1 -10358.8 -302.4 331 0 23.6 41.4 14.0 0.0 0 1 4 1 1
-1335.7 -10264.2 -302.7 91 0 15.2 29.7 10.5 3.5 4 1 3 4 4
-44.4 -9649.6 -295.8 332 0 20.2 28.6 14.0 3.5 2 1 4 5 5
-1992.7 -10385.7 -306.9 90 0 18.3 11.2 14.0 3.5 2 0 4 0 0
-1986.2 -10363.9 -306.7 0 0 21.1 7.5 10.5 3.5 2 0 3 1 1
-2078.1 -10476.4 -308.3 86 0 18.7 37.0 17.5 0.0 0 1 5 5 5
143.2 -3804.2 -293.5 114 0 11.5 18.8 10.0 2.5 2 0 4 1 1
159.1 -3809.2 -293.3 114 0 21.9 17.5 7.5 2.5 2 0 3 3 3
133.0 -4136.9 -295.6 201 0 16.9 15.0 2.5 2.5 2 0 1 4 4
125.8 -4135.6 -295.7 292 0 14.6 15.0 7.5 2.5 2 0 3 2 2
-566.5 -9876.9 -299.6 96 0 20.5 33.2 17.5 0.0 0 1 5 3 3
-601.2 -9856.7 -299.8 187 0 33.8 21.9 17.5 0.0 0 0 5 4 4
-736.0 -9532.7 -299.6 352 0 16.1 20.3 17.5 3.5 2 1 5 4 4
-1744.5 -10136.8 -303.0 256 0 19.8 11.4 17.5 0.0 0 0 5 3 3
-1996.0 -10039.0 -304.8 354 0 15.5 21.9 14.0 3.5 2 1 4 1 1
-1754.9 -9631.3 -305.0 339 0 32.2 29.2 14.0 0.0 0 0 4 1 1
-1940.8 -9601.9 -304.5 68 0 15.1 14.2 14.0 3.5 2 0 4 5 5
-963.4 -7828.3 -307.0 152 0 18.0 31.6 10.5 3.5 2 1 3 2 2
-1234.6 -9508.8 -303.4 330 0 16.4 17.7 17.5 0.0 0 1 5 2 2
-2244.7 -7717.5 -311.6 63 0 25.3 13.6 10.5 3.5 2 0 3 4 4
-2041.9 -7532.5 -311.5 116 0 18.0 23.3 14.0 3.5 2 1 4 5 5
-1180.3 -10301.1 -304.6 89 0 28.9 42.8 14.0 0.0 0 1 4 2 2
-287.8 -10640.7 -298.1 78 0 15.7 33.6 14.0 3.5 2 1 4 3 3
-320.8 -10648.8 -299.2 77 0 44.5 16.6 14.0 3.5 4 0 4 5 5
-329.7 -10608.8 -298.7 257 0 44.5 16.6 14.0 3.5 2 0 4 2 2
-353.0 -10656.2 -299.4 76 0 11.8 23.6 14.0 3.5 2 1 4 0 0
-364.9 -10603.9 -299.0 256 0 11.8 23.6 14.0 3.5 2 1 4 4 4
-386.2 -10607.9 -299.3 258 0 23.3 24.4 14.0 3.5 2 1 4 0 0
-375.9 -10661.3 -299.7 78 0 23.3 24.4 14.0 3.5 2 1 4 4 4
-650.6 -10478.0 -301.8 185 0 29.4 18.5 14.0 3.5 2 0 4 4 4
-765.7 -10394.6 -302.7 92 0 18.5 36.3 14.0 0.0 0 1 4 3 3
-1991.2 -10489.5 -307.5 89 0 18.8 10.4 17.5 3.5 2 0 5 1 1
-1981.8 -10469.2 -307.4 0 0 20.1 13.9 17.5 3.5 2 0 5 2 2
-1981.7 -10454.1 -307.3 0 0 10.0 13.9 17.5 0.0 0 0 5 0 0
-3246.9 -9180.6 -316.1 92 0 39.1 18.1 17.5 0.0 0 0 5 2 2
-3254.0 -9112.6 -315.9 272 0 17.9 39.7 17.5 3.5 2 1 5 4 4
-3237.9 -9086.6 -315.8 296 0 39.6 18.4 17.5 3.5 2 0 5 0 0
-3313.2 -8925.8 -315.4 156 0 18.2 24.6 17.5 3.5 2 1 5 0 0
-3900.0 -8559.8 -319.8 52 0 26.5 23.0 10.5 0.0 0 0 3 5 5
-3869.5 -8535.9 -320.4 52 0 26.5 23.0 10.5 0.0 0 0 3 4 4
-3837.4 -8511.4 -321.0 52 0 26.5 23.0 10.5 0.0 0 0 3 2 2
-3806.7 -8487.0 -321.1 52 0 26.5 23.0 10.5 0.0 0 0 3 0 0
-3827.0 -8432.7 -321.3 322 0 23.0 26.5 10.5 0.0 0 1 3 2 2
-3856.3 -8456.1 -320.9 322 0 23.0 26.5 10.5 0.0 0 1 3 0 0
-3886.0 -8500.6 -320.4 52 0 26.5 23.0 10.5 0.0 0 0 3 1 1
-3933.6 -8523.5 -319.9 142 0 23.0 26.5 10.5 0.0 0 1 3 3 3
-3849.4 -8424.3 -321.4 51 0 27.6 19.2 10.5 3.5 2 0 3 5 5
-3877.7 -8390.0 -321.4 231 0 27.6 19.2 10.5 3.5 2 0 3 4 4
-3899.4 -8441.0 -320.7 231 0 27.6 19.2 10.5 3.5 2 0 3 3 3
-3915.4 -8421.3 -320.7 231 0 27.6 19.2 10.5 3.5 4 0 3 5 5
-4342.3 -8677.0 -313.2 152 0 13.0 17.9 10.5 3.5 2 1 3 2 2
-4123.7 -9291.6 -319.9 64 0 19.8 13.9 10.5 3.5 4 0 3 5 5
-5035.8 -9367.3 -295.1 332 0 22.8 20.5 14.0 3.5 2 0 4 3 3
-5936.4 -9444.3 -271.7 330 0 16.4 31.5 14.0 3.5 2 1 4 3 3
-223.8 -9035.7 -300.1 333 0 19.2 15.4 14.0 3.5 2 0 4 3 3
-298.7 -9039.2 -300.2 175 0 13.5 29.6 17.5 3.5 2 1 5 3 3
178.2 -8716.2 -297.5 333 0 16.0 24.6 14.0 0.0 0 1 4 4 4
-2502.3 -10355.0 -311.6 331 0 12.7 19.2 14.0 3.5 2 1 4 1 1
-5392.4 -9694.8 -308.8 63 0 24.4 19.3 14.0 3.5 2 0 4 5 5
-4699.7 -8524.2 -287.8 104 0 28.3 22.1 14.0 0.0 0 0 4 1 1
-4652.8 -8538.6 -291.0 104 0 28.3 22.1 14.0 0.0 0 0 4 3 3
-4625.6 -8495.4 -289.9 14 0 22.1 28.3 14.0 0.0 0 1 4 1 1
-4699.1 -8476.5 -287.0 194 0 22.1 28.3 14.0 0.0 0 1 4 1 1
-3831.0 -8653.3 -320.1 53 0 42.3 15.2 14.0 3.5 2 0 4 4 4
-3875.6 -8626.6 -320.1 143 0 15.2 42.3 14.0 3.5 2 1 4 3 3
-3807.1 -8625.7 -320.4 53 0 15.5 42.6 14.0 3.5 2 1 4 2 2
-3880.1 -8655.6 -318.2 143 0 42.6 15.5 14.0 3.5 2 0 4 3 3
-3783.0 -8522.1 -320.9 145 0 26.6 20.2 14.0 3.5 2 0 4 1 1
-3759.8 -8552.5 -320.7 145 0 26.6 20.2 14.0 3.5 2 0 4 2 2
-3812.6 -8574.0 -320.8 235 0 20.2 26.6 14.0 3.5 2 1 4 5 5
-3817.8 -8547.5 -320.8 325 0 26.6 20.2 14.0 3.5 2 0 4 1 1
-3782.7 -8561.2 -320.7 234 0 27.2 19.4 14.0 3.5 2 0 4 1 1
-3550.6 -8629.9 -319.4 57 0 34.2 15.6 14.0 0.0 0 0 4 0 0
-3596.8 -8639.1 -319.6 145 0 34.3 15.6 14.0 0.0 0 0 4 0 0
-3575.1 -8577.4 -319.5 235 0 15.3 34.3 14.0 3.5 2 1 4 5 5
-3594.9 -8563.1 -319.7 237 0 34.2 15.6 14.0 0.0 0 0 4 0 0
-3614.9 -8589.9 -319.7 235 0 8.5 28.4 10.5 3.5 2 1 3 1 1
-1615.1 -9510.6 -304.8 241 0 18.6 15.7 17.5 3.5 2 0 5 5 5
-703.8 -9453.7 -299.2 156 0 17.8 19.4 17.5 3.5 2 1 5 3 3
-671.7 -9645.6 -299.0 360 0 21.2 20.1 14.0 3.5 2 0 4 5 5
-1606.8 -9267.2 -306.5 353 0 11.0 17.3 17.5 3.5 2 1 5 3 3
-1641.8 -9733.6 -304.7 169 0 39.9 9.9 10.5 0.0 0 0 3 1 1
-1716.2 -9744.0 -304.2 305 0 12.4 21.3 14.0 3.5 2 1 4 0 0
-1701.5 -9883.9 -302.6 96 0 19.8 18.1 17.5 3.5 2 0 5 1 1
-1839.8 -10286.1 -304.8 186 0 27.2 16.0 17.5 3.5 2 0 5 5 5
-2067.1 -8525.6 -308.6 270 0 25.0 18.0 17.5 3.5 2 0 5 3 3
-2037.2 -8526.0 -308.6 270 0 24.9 18.0 17.5 3.5 2 0 5 3 3
-2066.8 -8568.2 -308.6 90 0 24.9 18.0 17.5 3.5 2 0 5 5 5
-2037.2 -8567.8 -308.6 90 0 24.9 18.0 17.5 3.5 2 0 5 4 4
-2092.1 -8524.9 -308.7 268 0 11.7 19.2 17.5 3.5 2 1 5 3 3
-2091.7 -8568.2 -308.6 88 0 12.2 19.2 17.5 3.5 2 1 5 4 4
-2266.0 -8652.5 -311.4 1 0 46.7 19.0 17.5 3.5 2 0 5 1 1
-1988.0 -8139.9 -309.9 89 0 38.7 18.3 17.5 3.5 2 0 5 3 3
-1749.5 -9720.6 -304.7 92 0 12.5 47.7 14.0 3.5 2 0 4 4 4
-1829.9 -9669.0 -304.4 66 0 11.7 16.6 14.0 3.5 2 1 4 3 3
-1896.6 -9804.2 -303.0 297 0 12.4 20.7 14.0 3.5 4 1 4 4 4
-1881.5 -9552.4 -305.1 342 0 20.5 24.9 21.0 0.0 0 1 6 3 3
-1895.7 -8841.6 -309.6 12 0 13.8 31.4 14.0 0.0 0 1 4 3 3
-5334.9 -8964.7 -269.7 330 0 15.0 18.8 14.0 3.5 2 1 4 2 2
-5311.3 -9068.0 -273.6 110 0 118.4 46.3 14.0 0.0 0 0 4 1 1
-4882.2 -8707.2 -286.2 31 0 25.3 22.3 14.0 3.5 2 0 4 1 1
-4926.9 -8695.5 -283.6 121 0 22.3 25.3 14.0 3.5 2 1 4 3 3
-4957.5 -8662.8 -281.2 211 0 25.3 22.3 14.0 3.5 2 0 4 4 4
-4934.4 -8638.4 -281.2 211 0 25.3 22.3 14.0 3.5 2 0 4 0 0
-4866.3 -8678.6 -286.1 31 0 25.3 22.4 14.0 0.0 0 0 4 4 4
-4868.9 -8728.4 -287.5 210 0 23.7 12.6 14.0 3.5 2 0 4 3 3
-4846.3 -8740.4 -289.2 120 0 12.6 23.7 14.0 3.5 2 1 4 5 5
-4825.6 -8744.3 -290.6 120 0 12.6 23.7 14.0 3.5 2 1 4 1 1
-4791.0 -8739.8 -292.3 30 0 23.7 12.6 14.0 3.5 2 0 4 5 5
-4669.5 -8165.5 -287.1 89 0 20.2 16.7 14.0 3.5 2 0 4 4 4
-4660.1 -8133.7 -287.8 359 0 16.7 20.2 14.0 3.5 2 1 4 2 2
-4659.6 -8112.7 -288.5 359 0 16.7 20.2 14.0 3.5 2 1 4 3 3
-4659.8 -8091.4 -289.0 359 0 16.7 20.2 14.0 3.5 2 1 4 4 4
-4681.0 -8068.0 -289.5 179 0 16.7 20.2 14.0 3.5 4 1 4 4 4
-3690.9 -8347.4 -320.6 227 0 14.5 21.5 17.5 3.5 2 1 5 2 2
-3698.7 -8339.9 -320.8 47 0 14.5 21.5 17.5 3.5 2 1 5 0 0
-3662.3 -8306.5 -320.6 47 0 14.5 21.5 17.5 3.5 2 1 5 0 0
-3655.3 -8315.5 -320.5 227 0 14.5 21.5 17.5 3.5 2 1 5 4 4
-3684.9 -8320.4 -320.7 47 0 21.5 14.6 17.5 3.5 2 0 5 3 3
-3668.9 -8337.9 -320.5 227 0 21.5 14.5 17.5 3.5 2 0 5 5 5
-3775.8 -8239.9 -321.3 138 0 14.5 20.8 17.5 3.5 2 1 5 2 2
-4678.8 -8183.0 -284.8 1 0 18.6 15.5 14.0 3.5 2 0 4 0 0
-4657.8 -8194.2 -287.1 91 0 15.5 18.7 14.0 3.5 2 1 4 4 4
-4625.3 -8196.0 -289.8 91 0 15.5 18.6 14.0 3.5 2 1 4 3 3
-4592.8 -8181.5 -292.3 271 0 15.5 18.7 14.0 3.5 2 1 4 5 5
-4705.6 -9325.5 -310.7 305 0 10.8 29.0 14.0 3.5 2 1 4 0 0
-4672.8 -9323.4 -312.1 305 0 10.8 29.0 14.0 3.5 2 1 4 1 1
-4641.1 -9318.5 -313.1 305 0 10.8 29.0 14.0 3.5 2 1 4 5 5
-4611.7 -9315.6 -314.0 305 0 10.8 29.0 14.0 3.5 2 1 4 5 5
-4604.1 -9290.4 -311.6 358 0 12.9 26.4 14.0 3.5 2 1 4 4 4
-4656.2 -9299.4 -310.4 88 0 26.4 12.9 14.0 3.5 2 0 4 2 2
-4692.8 -9304.6 -309.4 88 0 26.4 12.9 14.0 3.5 2 0 4 3 3
-4675.9 -9244.4 -305.7 79 0 18.4 14.9 14.0 3.5 2 0 4 4 4
-4645.1 -9238.3 -306.2 79 0 18.4 14.9 14.0 3.5 2 0 4 0 0
-4706.1 -9250.2 -305.0 79 0 18.4 14.9 14.0 3.5 2 0 4 4 4
-4607.1 -9222.6 -307.0 350 0 14.9 18.4 14.0 3.5 2 1 4 4 4
-4604.0 -9266.7 -309.8 356 0 14.9 18.4 14.0 3.5 2 1 4 0 0
-4644.0 -9263.1 -309.2 266 0 18.4 14.9 14.0 3.5 2 0 4 1 1
-4701.8 -9267.9 -307.4 266 0 18.4 14.9 14.0 3.5 2 0 4 3 3
-4908.7 -9440.3 -304.0 41 0 18.4 10.0 14.0 3.5 2 0 4 5 5
-4915.3 -9416.3 -302.8 311 0 10.0 18.4 14.0 3.5 2 1 4 5 5
-4925.1 -9403.7 -301.5 311 0 10.0 18.4 14.0 3.5 2 1 4 5 5
-4934.4 -9389.3 -299.8 311 0 10.0 18.4 14.0 3.5 4 1 4 5 5
-4943.8 -9375.1 -298.4 311 0 10.0 18.4 14.0 3.5 2 1 4 0 0
-4948.4 -9452.4 -302.8 131 0 10.0 18.4 14.0 3.5 2 1 4 5 5
-4963.4 -9445.5 -301.6 131 0 10.0 18.4 14.0 3.5 2 1 4 5 5
-4972.1 -9430.9 -300.0 131 0 10.0 18.4 14.0 3.5 2 1 4 4 4
-4979.6 -9416.2 -298.4 131 0 10.0 18.4 14.0 3.5 2 1 4 4 4
-4988.3 -9401.3 -296.8 131 0 10.0 18.4 14.0 3.5 2 1 4 2 2
-4996.9 -9386.2 -295.6 131 0 10.0 18.4 14.0 3.5 2 1 4 4 4
-5006.5 -9370.7 -294.7 131 0 10.0 18.4 14.0 3.5 2 1 4 0 0
-5014.2 -9355.3 -294.0 131 0 10.0 18.4 14.0 3.5 2 1 4 2 2
-5023.3 -9340.9 -293.2 131 0 10.0 18.4 14.0 3.5 2 1 4 4 4
-4999.7 -9318.7 -294.4 250 0 10.0 18.5 14.0 3.5 2 1 4 0 0
-4985.6 -9310.4 -295.3 250 0 10.0 18.5 14.0 3.5 2 1 4 3 3
-4972.6 -9302.4 -296.0 250 0 10.0 18.5 14.0 3.5 2 1 4 3 3
-4958.0 -9293.3 -296.9 250 0 10.0 18.5 14.0 3.5 2 1 4 4 4
-4943.6 -9284.8 -297.8 250 0 10.0 18.5 14.0 3.5 2 1 4 3 3
-4967.7 -9350.9 -296.4 70 0 10.0 18.5 14.0 3.5 4 1 4 4 4
-4953.1 -9343.6 -297.3 70 0 10.0 18.5 14.0 3.5 2 1 4 5 5
-4938.5 -9334.7 -298.2 70 0 10.0 18.5 14.0 0.0 0 1 4 2 2
-4929.8 -9307.7 -299.0 250 0 10.0 18.5 14.0 3.5 2 1 4 3 3
-4951.7 -9357.2 -297.6 340 0 18.5 10.0 14.0 0.0 0 0 4 2 2
-4905.0 -9332.2 -300.4 70 0 10.0 18.5 14.0 3.5 2 1 4 2 2
-4287.2 -9325.8 -320.1 185 0 34.0 18.6 14.0 0.0 0 0 4 2 2
-5010.3 -9511.0 -305.8 168 0 9.0 13.5 10.5 3.5 4 1 3 1 1
-5024.4 -9208.8 -290.7 57 0 16.5 18.2 14.0 3.5 2 1 4 0 0
-4912.3 -9509.6 -307.2 353 0 9.3 28.8 10.5 0.0 0 1 3 5 5
-5039.3 -9230.9 -290.0 60 0 16.7 20.3 14.0 3.5 2 1 4 4 4
-5014.6 -9239.8 -292.6 243 0 20.8 11.4 14.0 3.5 2 0 4 5 5
-5099.9 -9265.5 -291.0 61 0 11.8 27.5 14.0 3.5 2 0 4 2 2
-5078.7 -9252.7 -290.4 61 0 16.0 19.8 14.0 0.0 0 1 4 5 5
-5108.6 -9270.4 -291.2 61 0 8.1 28.1 10.5 3.5 2 0 3 4 4
-5067.0 -9231.9 -289.5 58 0 16.8 14.4 14.0 3.5 2 0 4 2 2
-5060.5 -9242.4 -289.8 58 0 16.9 12.3 14.0 3.5 2 0 4 0 0
-5176.7 -9068.5 -279.4 291 0 43.1 25.2 14.0 0.0 0 0 4 5 5
-5145.0 -9119.6 -282.9 200 0 23.7 14.6 14.0 3.5 4 0 4 3 3
-4813.5 -9366.2 -307.7 251 0 22.4 12.9 14.0 0.0 0 0 4 4 4
-4784.3 -9355.3 -308.6 251 0 22.5 12.9 14.0 3.5 2 0 4 1 1
-4763.0 -9354.8 -309.7 161 0 12.9 22.4 14.0 3.5 2 1 4 4 4
-4792.2 -9313.5 -305.6 251 0 22.5 12.9 14.0 3.5 2 0 4 0 0
-4756.7 -9311.4 -307.5 180 0 22.5 12.9 14.0 3.5 2 0 4 5 5
-4833.5 -9338.1 -306.2 251 0 12.9 22.5 14.0 0.0 0 1 4 2 2
-4579.1 -9119.8 -305.3 240 0 24.4 14.9 14.0 3.5 2 0 4 5 5
-4543.1 -9130.5 -307.0 332 0 15.2 24.6 14.0 0.0 0 1 4 4 4
-4598.1 -9121.8 -303.3 62 0 24.6 14.9 14.0 3.5 4 0 4 0 0
-4598.9 -9139.6 -304.1 332 0 15.2 24.6 14.0 0.0 0 1 4 2 2
-4587.0 -9162.8 -305.8 332 0 15.2 24.6 14.0 3.5 2 1 4 3 3
-4586.0 -9185.2 -307.7 240 0 24.4 14.9 14.0 3.5 2 0 4 0 0
-4553.9 -9183.6 -309.6 240 0 24.4 14.9 14.0 3.5 2 0 4 1 1
-4517.2 -9139.9 -309.0 332 0 15.2 24.6 14.0 3.5 2 1 4 4 4
-4517.7 -9162.8 -310.8 152 0 14.8 24.6 14.0 3.5 2 1 4 0 0
-4521.4 -9182.6 -311.5 240 0 24.4 14.9 14.0 3.5 2 0 4 2 2
-4470.7 -9160.4 -312.7 332 0 15.2 24.6 14.0 3.5 2 1 4 2 2
-4484.5 -9197.3 -313.4 62 0 24.6 14.9 14.0 0.0 0 0 4 1 1
-5002.4 -8646.8 -278.2 116 0 20.1 15.3 14.0 3.5 2 0 4 4 4
-5026.0 -8737.7 -278.1 21 0 36.8 54.2 14.0 0.0 0 1 4 2 2
-5020.8 -8659.6 -278.3 296 0 20.1 15.3 14.0 3.5 2 0 4 2 2
-5046.1 -8648.5 -278.6 296 0 20.1 15.3 14.0 3.5 2 0 4 2 2
-5070.0 -8637.5 -278.9 296 0 20.1 15.3 14.0 3.5 2 0 4 0 0
-5049.5 -8623.7 -279.9 116 0 20.1 15.3 14.0 3.5 2 0 4 5 5
-5024.4 -8635.0 -279.0 116 0 20.1 15.3 14.0 3.5 2 0 4 0 0
-5067.3 -8622.2 -280.5 30 0 20.2 15.3 14.0 0.0 0 0 4 4 4
-5112.0 -8622.1 -279.6 210 0 17.3 16.2 14.0 3.5 2 0 4 1 1
-5089.0 -8508.7 -280.6 209 0 25.1 19.3 14.0 0.0 0 0 4 4 4
-5105.9 -8536.7 -282.0 209 0 25.1 19.3 14.0 0.0 0 0 4 5 5
-5124.4 -8567.6 -282.6 209 0 25.1 19.3 14.0 0.0 0 0 4 1 1
-5122.2 -8604.4 -280.9 35 0 23.4 18.8 14.0 0.0 0 0 4 5 5
-5058.0 -8468.1 -280.7 295 0 15.5 29.6 14.0 0.0 0 1 4 3 3
-5090.5 -8448.8 -281.4 304 0 23.4 18.8 14.0 0.0 0 0 4 2 2
-5120.8 -8431.6 -282.0 304 0 23.4 18.8 14.0 0.0 0 0 4 1 1
-5141.4 -8468.8 -283.4 23 0 25.1 19.3 14.0 0.0 0 0 4 2 2
-5152.9 -8500.0 -284.9 23 0 25.1 19.3 14.0 0.0 0 0 4 5 5
-5167.4 -8531.3 -284.5 23 0 25.1 19.3 14.0 0.0 0 0 4 1 1
-5180.8 -8561.5 -282.7 23 0 25.1 19.3 14.0 0.0 0 0 4 3 3
-5175.3 -8576.2 -281.2 220 0 12.6 29.6 14.0 0.0 0 1 4 1 1
-5030.9 -8565.9 -279.3 254 0 14.4 22.4 14.0 3.5 2 1 4 4 4
-5250.3 -9120.8 -276.3 203 0 12.4 28.9 14.0 3.5 2 1 4 0 0
-5359.9 -9056.5 -263.0 290 0 25.5 35.2 14.0 3.5 2 1 4 2 2
-5188.4 -9197.9 -283.8 304 0 22.8 11.5 14.0 3.5 2 0 4 0 0
-5230.9 -9186.7 -280.0 294 0 22.8 11.5 14.0 3.5 2 0 4 1 1
-5273.2 -9193.9 -277.3 200 0 22.9 11.5 14.0 3.5 4 0 4 4 4
-5225.1 -9222.7 -281.6 20 0 22.9 11.5 14.0 3.5 2 0 4 1 1
-5195.3 -9232.6 -285.3 290 0 11.5 22.9 14.0 3.5 2 1 4 3 3
-5177.5 -9245.3 -287.5 290 0 11.5 22.9 14.0 0.0 0 1 4 3 3
-5167.2 -9280.0 -289.7 110 0 11.5 22.9 14.0 3.5 4 1 4 3 3
-5810.2 -9189.4 -244.9 238 0 20.3 12.1 14.0 0.0 0 0 4 1 1
-5839.1 -9205.9 -245.6 238 0 20.3 12.1 14.0 3.5 2 0 4 5 5
-5857.7 -9234.2 -245.9 58 0 20.3 12.1 14.0 3.5 2 0 4 3 3
-5892.7 -9241.6 -248.2 238 0 20.3 12.1 14.0 3.5 2 0 4 5 5
-5911.2 -9267.7 -250.3 58 0 20.3 12.1 14.0 3.5 2 0 4 5 5
-5915.7 -9210.9 -249.6 58 0 20.3 12.1 14.0 0.0 0 0 4 1 1
-5894.7 -9188.4 -249.7 58 0 20.3 12.1 14.0 3.5 2 0 4 1 1
-5867.7 -9172.3 -249.6 67 0 20.3 12.1 14.0 3.5 2 0 4 4 4
-5836.4 -9161.8 -249.0 82 0 20.3 12.1 14.0 3.5 2 0 4 5 5
-5806.3 -9159.5 -247.4 89 0 20.3 12.1 14.0 3.5 2 0 4 2 2
-5484.3 -9240.1 -266.9 336 0 27.3 22.5 10.5 0.0 0 0 3 0 0
-5533.3 -9246.3 -266.9 246 0 22.5 27.3 10.5 0.0 0 1 3 5 5
-5518.5 -9305.7 -271.4 156 0 27.3 22.5 10.5 0.0 0 0 3 2 2
-5450.9 -8780.0 -263.2 147 0 16.7 17.2 14.0 3.5 4 1 4 0 0
-5477.9 -8768.9 -263.4 147 0 16.7 17.2 14.0 0.0 0 1 4 0 0
-5507.5 -8757.0 -263.8 137 0 16.7 17.2 14.0 3.5 2 1 4 1 1
-5428.7 -8733.7 -266.8 147 0 16.7 17.2 14.0 3.5 2 1 4 3 3
-5447.6 -8729.6 -266.7 57 0 17.2 16.7 14.0 3.5 4 0 4 3 3
-5491.2 -8718.5 -266.7 147 0 16.7 17.2 14.0 3.5 2 1 4 3 3
-5523.9 -8710.3 -266.7 147 0 16.7 17.2 14.0 3.5 2 1 4 2 2
-5436.0 -8882.4 -263.5 1 0 14.6 24.2 14.0 3.5 4 1 4 3 3
-5415.6 -8880.7 -265.2 137 0 12.8 25.3 14.0 0.0 0 1 4 5 5
-5366.7 -8818.7 -265.0 1 0 14.6 24.2 14.0 3.5 4 1 4 4 4
-5408.0 -8784.3 -263.4 181 0 11.4 24.2 14.0 3.5 2 1 4 1 1
-5432.8 -8829.0 -263.4 186 0 11.3 24.2 14.0 3.5 2 1 4 3 3
-5373.3 -8761.5 -265.7 110 0 21.7 14.6 14.0 3.5 2 0 4 5 5
-5329.7 -8762.7 -265.8 290 0 24.2 14.6 14.0 3.5 2 0 4 5 5
-5353.3 -8808.3 -266.3 156 0 12.8 25.3 14.0 0.0 0 1 4 3 3
-5476.9 -8939.0 -260.1 117 0 21.7 14.6 14.0 3.5 2 0 4 3 3
-5440.2 -8957.4 -262.4 117 0 21.7 14.6 14.0 3.5 2 0 4 2 2
-5356.6 -8876.1 -267.0 108 0 11.0 19.7 14.0 3.5 4 1 4 1 1
-5335.7 -8841.2 -266.9 19 0 19.7 11.1 14.0 3.5 2 0 4 4 4
-5358.1 -8886.0 -267.4 288 0 10.8 19.7 14.0 3.5 2 1 4 3 3
-5378.2 -8920.3 -267.5 200 0 19.8 11.1 14.0 3.5 2 0 4 0 0
-5387.7 -8947.3 -267.6 200 0 19.8 11.1 14.0 3.5 2 0 4 2 2
-5393.9 -8908.1 -266.0 18 0 11.0 19.9 14.0 3.5 2 1 4 3 3
-5402.5 -8931.3 -266.1 18 0 11.1 19.9 14.0 3.5 2 1 4 3 3
-2190.7 -8020.5 -310.8 263 0 28.6 19.2 17.5 3.5 2 0 5 5 5
-1746.6 -4547.7 -307.6 350 0 14.3 23.4 10.0 2.5 2 1 4 2 2
-4882.8 -8810.8 -284.3 290 0 11.4 20.2 14.0 3.5 2 0 4 4 4
-4892.7 -8839.4 -283.9 201 0 20.2 11.4 14.0 3.5 2 0 4 5 5
-4906.9 -8855.6 -282.7 200 0 20.0 11.4 14.0 3.5 2 0 4 0 0
-4524.5 -8130.6 -298.9 2 0 18.1 11.7 14.0 3.5 2 0 4 0 0
-4339.0 -8433.8 -308.8 199 0 44.1 19.6 10.5 3.5 2 0 3 4 4
-4433.3 -9440.2 -320.0 85 0 19.9 28.4 10.5 0.0 0 1 3 5 5
-4044.4 -8818.3 -318.7 105 0 28.5 21.5 14.0 0.0 0 0 4 2 2
-4121.9 -8791.1 -319.4 191 0 21.4 28.5 14.0 0.0 0 1 4 3 3
-4075.4 -8810.9 -319.1 101 0 28.5 21.5 14.0 0.0 0 0 4 4 4
-3960.2 -8843.8 -318.6 106 0 21.4 25.8 14.0 0.0 0 1 4 5 5
-3997.0 -8818.9 -318.6 196 0 25.8 21.4 14.0 3.5 2 0 4 2 2
-3980.4 -8794.3 -318.9 196 0 20.5 26.3 14.0 3.5 4 1 4 2 2
-3928.0 -8849.9 -319.0 106 0 14.8 47.7 14.0 3.5 2 1 4 2 2
-4018.9 -8785.0 -318.8 17 0 10.8 30.6 14.0 3.5 2 1 4 2 2
-4139.8 -8778.8 -319.7 18 0 33.4 22.0 14.0 0.0 0 0 4 0 0
-4912.7 -9041.7 -285.3 125 0 20.0 20.3 14.0 3.5 2 1 4 2 2
-4996.0 -8938.4 -282.5 20 0 15.9 16.6 14.0 3.5 2 1 4 5 5
-4880.0 -8516.8 -277.7 27 0 24.4 14.8 14.0 0.0 0 0 4 4 4
-4862.6 -8488.4 -277.7 27 0 24.3 14.8 14.0 3.5 2 0 4 3 3
-4914.6 -8482.3 -278.3 211 0 24.3 14.9 14.0 3.5 2 0 4 3 3
-4748.8 -8138.3 -282.0 262 0 15.5 22.8 14.0 3.5 4 1 4 5 5
-4720.3 -8073.0 -285.9 169 0 16.6 18.9 14.0 3.5 2 1 4 5 5
-4716.1 -8095.0 -285.9 169 0 16.6 18.9 14.0 0.0 0 1 4 1 1
-4712.4 -8133.3 -285.0 173 0 16.6 18.9 14.0 3.5 4 1 4 5 5
-4708.5 -8154.9 -284.7 174 0 16.6 18.9 14.0 0.0 0 1 4 5 5
-4728.5 -8030.3 -285.2 172 0 37.8 15.6 14.0 3.5 2 0 4 4 4
-4707.4 -7983.5 -284.4 248 0 18.9 15.3 14.0 3.5 2 0 4 1 1
-4701.6 -8045.7 -287.7 173 0 15.3 18.9 14.0 3.5 2 1 4 4 4
-4839.6 -7973.1 -274.3 326 0 22.2 13.4 14.0 3.5 2 0 4 2 2
-4834.8 -8016.1 -275.3 67 0 13.4 22.2 14.0 3.5 2 1 4 5 5
-4851.7 -8023.5 -274.5 66 0 13.4 22.2 14.0 0.0 0 1 4 5 5
-4868.5 -8031.3 -273.7 66 0 13.4 22.2 14.0 0.0 0 1 4 1 1
-4893.9 -7994.8 -271.7 127 0 22.1 13.4 14.0 3.5 2 0 4 2 2
-4871.6 -7966.3 -272.7 307 0 22.1 13.4 14.0 3.5 2 0 4 4 4
-4859.7 -7950.1 -273.9 307 0 22.1 13.4 14.0 3.5 2 0 4 0 0
-4964.1 -7866.6 -273.4 302 0 14.4 18.3 10.5 3.5 2 1 3 5 5
-4991.8 -7907.4 -271.3 122 0 14.4 18.3 10.5 3.5 2 1 3 0 0
-5011.8 -7884.5 -271.2 212 0 18.3 14.4 10.5 3.5 2 0 3 0 0
-5279.1 -8444.9 -288.2 31 0 9.1 20.4 10.5 3.5 2 1 3 0 0
-5314.4 -8429.4 -288.6 118 0 20.3 17.5 14.0 3.5 4 0 4 3 3
-5340.3 -8416.1 -288.9 118 0 20.3 17.5 14.0 3.5 2 0 4 0 0
-5324.5 -8448.2 -287.5 313 0 18.1 17.5 14.0 3.5 2 0 4 4 4
-5302.6 -8469.0 -286.2 313 0 18.1 17.5 14.0 3.5 2 0 4 0 0
-5348.8 -8429.2 -288.7 313 0 18.0 12.8 14.0 3.5 2 0 4 5 5
-4624.0 -7949.6 -292.1 246 0 24.7 19.5 14.0 3.5 2 0 4 3 3
-4602.3 -7997.5 -294.0 352 0 19.5 24.5 14.0 3.5 2 1 4 2 2
-4596.2 -8038.1 -295.0 359 0 19.5 24.5 14.0 3.5 2 1 4 1 1
-3802.6 -8237.9 -321.5 138 0 21.1 14.6 17.5 3.5 2 0 5 5 5
-3821.5 -8203.4 -321.6 228 0 14.6 21.2 17.5 3.5 2 1 5 2 2
-3801.3 -8187.1 -321.6 230 0 21.2 14.6 17.5 3.5 2 0 5 2 2
-3782.1 -8173.3 -321.5 230 0 12.8 21.2 17.5 3.5 2 1 5 1 1
-3756.3 -8222.7 -321.2 139 0 14.6 21.1 17.5 3.5 2 1 5 0 0
-3763.4 -8192.4 -321.3 227 0 11.0 12.9 17.5 3.5 2 1 5 0 0
-4981.8 -8521.0 -278.9 227 0 13.4 13.8 14.0 3.5 2 1 4 4 4
-4994.3 -8537.6 -278.9 227 0 13.4 13.7 14.0 3.5 2 1 4 0 0
-5008.2 -8553.2 -279.0 227 0 13.4 13.8 14.0 3.5 2 1 4 0 0
-5007.3 -8530.6 -279.4 30 0 13.2 13.7 14.0 3.5 2 1 4 4 4
-5022.5 -8545.1 -279.5 28 0 13.2 13.7 14.0 0.0 0 1 4 5 5
-4990.4 -8515.3 -279.3 30 0 13.2 13.7 14.0 3.5 2 1 4 1 1
-5020.9 -8498.2 -279.9 30 0 13.2 13.7 14.0 3.5 2 1 4 4 4
-5032.8 -8517.9 -279.9 30 0 13.2 13.7 14.0 3.5 2 1 4 5 5
-5056.6 -8529.5 -279.9 214 0 13.4 13.7 14.0 3.5 2 1 4 0 0
-4741.9 -8597.2 -288.1 13 0 13.7 24.2 10.5 3.5 2 1 3 5 5
-4761.7 -8639.8 -289.7 112 0 13.9 24.3 10.5 3.5 4 1 3 0 0
-4782.2 -8636.9 -288.2 112 0 13.9 24.3 10.5 3.5 2 1 3 0 0
-4793.9 -8589.7 -285.9 196 0 24.3 13.6 10.5 0.0 0 0 3 4 4
-4804.1 -8632.8 -286.6 112 0 13.8 24.3 10.5 3.5 2 1 3 1 1
-5002.6 -8590.5 -278.6 228 0 25.8 16.4 10.5 0.0 0 0 3 3 3
-4958.0 -8468.5 -279.3 118 0 18.9 16.1 14.0 0.0 0 0 4 5 5
-4999.7 -8436.5 -280.0 208 0 16.1 18.9 14.0 3.5 2 1 4 5 5
-4794.4 -8308.4 -278.0 292 0 22.9 12.3 14.0 3.5 2 0 4 4 4
-4819.1 -8297.8 -278.2 292 0 22.9 12.3 14.0 3.5 2 0 4 1 1
-4594.8 -8246.7 -290.0 278 0 13.6 18.6 14.0 3.5 2 1 4 0 0
-4590.8 -8214.5 -291.4 278 0 13.6 18.6 14.0 3.5 2 1 4 5 5
-4628.4 -8227.8 -288.7 98 0 13.9 18.6 14.0 3.5 2 1 4 1 1
-4628.1 -8240.4 -287.5 278 0 13.6 18.6 14.0 3.5 2 1 4 2 2
-4673.7 -8232.4 -283.9 278 0 13.6 18.6 14.0 3.5 2 1 4 2 2
-4663.5 -8203.3 -285.7 278 0 13.6 18.6 14.0 3.5 2 1 4 3 3
-4701.6 -8216.4 -282.9 98 0 13.8 18.6 14.0 3.5 2 1 4 5 5
-4706.1 -8225.1 -281.4 278 0 13.6 18.6 14.0 3.5 2 1 4 0 0
-4604.7 -8291.4 -288.9 99 0 19.4 19.0 14.0 3.5 2 0 4 5 5
-4630.7 -8286.1 -286.9 99 0 19.4 19.0 14.0 3.5 2 0 4 3 3
-4631.8 -8298.5 -286.1 279 0 19.4 19.0 14.0 0.0 0 0 4 2 2
-4602.7 -8303.2 -289.0 279 0 19.4 19.0 14.0 3.5 2 0 4 3 3
-4876.5 -7931.0 -273.8 304 0 12.8 22.9 14.0 3.5 2 1 4 5 5
-4906.7 -7973.5 -272.1 124 0 12.8 22.9 14.0 3.5 2 1 4 5 5
-4949.9 -7974.3 -269.1 35 0 12.8 19.1 10.5 3.5 2 1 3 2 2
-4972.2 -7946.6 -268.6 305 0 16.3 16.3 10.5 3.5 2 1 3 2 2
-4993.6 -7931.9 -268.6 304 0 16.2 16.3 10.5 3.5 2 1 3 1 1
-5029.7 -7979.7 -267.7 125 0 16.8 16.3 10.5 3.5 2 0 3 0 0
-5006.8 -7993.8 -268.3 125 0 16.8 16.3 10.5 3.5 2 0 3 2 2
-4974.4 -7994.8 -268.9 304 0 19.1 16.3 10.5 0.0 0 0 3 0 0
-5033.1 -7916.4 -270.3 212 0 14.2 19.0 10.5 3.5 2 1 3 3 3
-5054.4 -7963.2 -269.3 122 0 19.0 14.2 10.5 3.5 2 0 3 3 3
-5038.7 -7939.1 -269.6 215 0 19.0 14.2 10.5 3.5 2 0 3 2 2
-4944.4 -8311.5 -280.0 30 0 18.3 21.6 10.5 3.5 2 1 3 0 0
-4991.7 -8284.5 -280.1 210 0 18.3 21.6 10.5 0.0 0 1 3 2 2
-5005.4 -8306.7 -280.6 207 0 13.4 19.4 10.5 3.5 2 1 3 2 2
-3728.7 -8986.5 -317.5 0 0 19.1 14.9 14.0 3.5 2 0 4 1 1
-4138.8 -8152.1 -319.6 29 0 16.8 15.5 14.0 3.5 2 0 4 3 3
-4250.3 -8057.0 -318.5 253 0 14.1 19.4 14.0 3.5 2 1 4 0 0
-4272.0 -8074.0 -318.2 163 0 19.4 14.0 14.0 3.5 2 0 4 3 3
-4284.1 -8052.7 -317.5 74 0 18.3 30.0 10.5 3.5 2 1 3 1 1
-5285.1 -8319.8 -287.1 159 0 17.4 29.5 14.0 0.0 0 1 4 4 4
-5227.9 -8298.6 -286.0 303 0 18.6 27.0 14.0 0.0 0 1 4 3 3
-4450.0 -8247.1 -302.9 93 0 13.1 18.2 14.0 3.5 4 1 4 1 1
-4354.7 -8780.5 -315.7 191 0 15.1 20.3 14.0 3.5 2 1 4 5 5
-3158.6 -9145.5 -315.7 179 0 21.7 24.2 17.5 0.0 0 1 5 3 3
-3158.0 -9212.2 -315.9 181 0 13.5 32.4 17.5 0.0 0 1 5 0 0
-3157.8 -9180.3 -315.8 179 0 24.8 20.5 17.5 3.5 2 0 5 1 1
-3036.6 -9198.3 -315.5 360 0 40.3 14.4 17.5 3.5 2 0 5 4 4
-3071.7 -9162.2 -315.5 294 0 38.8 14.8 17.5 3.5 2 0 5 3 3
-3058.7 -9209.3 -315.7 359 0 13.9 38.6 17.5 3.5 2 1 5 1 1
-3106.8 -9163.2 -315.7 271 0 13.6 40.9 17.5 3.5 2 1 5 4 4
-2483.5 -9576.2 -310.9 280 0 18.7 19.0 14.0 3.5 2 1 4 5 5
-2306.5 -9761.8 -309.0 8 0 16.9 35.1 17.5 3.5 2 1 5 0 0
-2298.0 -9792.1 -308.8 90 0 39.8 15.5 17.5 3.5 4 0 5 3 3
-2271.9 -9799.8 -308.5 270 0 14.6 15.7 14.0 3.5 2 1 4 5 5
-2366.8 -9761.8 -309.3 190 0 20.8 17.7 17.5 3.5 2 0 5 2 2
-2359.7 -9846.0 -309.6 281 0 30.3 15.5 14.0 3.5 2 0 4 0 0
-2378.5 -9875.6 -309.6 191 0 15.3 23.6 14.0 3.5 2 1 4 0 0
-2411.1 -9989.7 -309.4 283 0 33.8 17.6 17.5 3.5 2 0 5 0 0
-2763.7 -10012.8 -313.5 135 0 20.4 19.1 17.5 3.5 2 0 5 0 0
-4613.8 -8118.2 -292.9 88 0 15.4 16.8 14.0 3.5 2 1 4 4 4
-4579.5 -8107.8 -294.9 0 0 17.1 15.7 14.0 0.0 0 0 4 5 5
-4608.5 -8162.2 -291.2 0 0 17.1 15.7 14.0 3.5 2 0 4 2 2
-4640.7 -8152.3 -289.3 268 0 16.1 16.8 14.0 3.5 2 1 4 3 3
-4639.3 -8118.5 -290.9 88 0 15.4 16.8 14.0 3.5 2 1 4 0 0
-4633.8 -8135.0 -289.9 360 0 15.4 16.7 14.0 3.5 2 1 4 3 3
-4578.6 -8132.3 -294.6 359 0 15.4 16.7 14.0 3.5 2 1 4 1 1
-4596.7 -8158.4 -293.7 180 0 16.2 16.7 14.0 3.5 2 1 4 5 5
-4784.7 -8156.6 -280.6 172 0 13.5 16.9 14.0 3.5 2 1 4 5 5
-4938.0 -8596.7 -277.8 27 0 9.1 16.8 10.5 3.5 2 1 3 0 0
-4980.0 -8573.3 -278.4 207 0 8.2 17.9 10.5 3.5 2 1 3 0 0
-4942.5 -8887.9 -282.2 111 0 21.2 23.8 14.0 3.5 2 1 4 5 5
-4837.5 -8627.8 -284.3 29 0 19.4 14.7 14.0 3.5 2 0 4 3 3
-4888.4 -8597.7 -281.2 212 0 17.0 14.8 14.0 3.5 2 0 4 2 2
-4606.8 -8893.7 -302.2 1 0 12.8 23.3 10.5 3.5 2 1 3 1 1
-4670.8 -8692.4 -298.8 18 0 19.6 20.2 14.0 0.0 0 1 4 5 5
-4600.6 -8912.0 -303.2 183 0 13.7 18.0 10.5 3.5 2 1 3 2 2
-4618.3 -9056.8 -299.3 293 0 8.7 7.8 10.5 3.5 2 0 3 3 3
-4528.4 -9064.5 -305.2 115 0 15.1 12.1 14.0 3.5 2 0 4 4 4
-3145.5 -9446.5 -316.5 97 0 37.7 30.0 17.5 0.0 0 0 5 0 0
-3812.3 -9771.2 -319.4 68 0 18.5 14.8 10.5 3.5 2 0 3 4 4
-4564.8 -8844.1 -306.4 268 0 17.9 13.4 14.0 3.5 2 0 4 5 5
-4878.4 -8357.3 -279.3 23 0 15.8 15.5 14.0 3.5 2 0 4 3 3
-4901.4 -8386.7 -279.2 113 0 11.2 19.3 14.0 3.5 2 1 4 3 3
-4874.7 -8640.6 -282.9 33 0 24.9 16.8 14.0 3.5 2 0 4 3 3
-4850.3 -8654.7 -285.4 33 0 24.8 16.8 14.0 0.0 0 0 4 3 3
-4907.8 -8610.1 -280.9 213 0 15.3 16.9 14.0 3.5 2 1 4 5 5
-2155.9 -9491.2 -307.6 243 0 16.7 12.9 17.5 3.5 2 0 5 0 0
-2334.7 -10100.2 -308.2 199 0 25.4 20.4 17.5 3.5 2 0 5 4 4
-3351.4 -8884.2 -316.0 186 0 39.3 9.9 10.5 3.5 2 0 3 1 1
-3319.7 -8875.4 -315.9 6 0 15.0 14.7 17.5 3.5 2 0 5 0 0
-4011.2 -8636.8 -316.2 17 0 14.2 13.6 14.0 3.5 4 0 4 3 3
-3687.5 -8494.6 -320.3 142 0 14.0 22.1 14.0 0.0 0 1 4 5 5
-3666.4 -8478.2 -320.2 142 0 14.0 22.1 14.0 3.5 2 1 4 3 3
-3743.8 -8460.8 -320.7 183 0 13.8 23.7 14.0 3.5 2 1 4 0 0
-3717.1 -8438.9 -320.6 230 0 17.6 15.7 14.0 3.5 2 0 4 4 4
-3696.4 -8422.4 -320.5 230 0 17.6 15.7 14.0 3.5 2 0 4 4 4
-3679.3 -8402.9 -320.4 231 0 13.9 20.2 14.0 0.0 0 1 4 2 2
-3724.5 -8486.9 -320.6 143 0 22.5 13.4 14.0 3.5 2 0 4 2 2
-3661.9 -8425.3 -320.3 237 0 13.9 21.9 14.0 3.5 2 1 4 5 5
-3682.5 -8441.0 -320.4 232 0 21.9 15.8 14.0 0.0 0 0 4 2 2
-3706.0 -8458.6 -320.5 232 0 21.9 15.8 14.0 3.5 2 0 4 3 3
-4047.4 -8655.4 -316.3 106 0 18.8 16.4 14.0 3.5 2 0 4 0 0
-4031.6 -8598.1 -315.4 286 0 18.8 16.4 14.0 3.5 2 0 4 5 5
-4070.2 -8627.8 -315.7 196 0 18.7 15.9 14.0 3.5 2 0 4 5 5
-4063.0 -8603.8 -315.2 196 0 18.7 15.9 14.0 3.5 2 0 4 0 0
-4016.4 -8658.9 -316.7 16 0 18.7 15.9 14.0 3.5 2 0 4 2 2
-4006.0 -8618.0 -315.8 16 0 18.7 16.0 14.0 3.5 2 0 4 4 4
-2263.8 -9680.0 -308.6 174 0 19.3 19.9 17.5 3.5 4 1 5 2 2
-2012.7 -9903.9 -304.1 294 0 36.8 19.8 14.0 0.0 0 0 4 0 0
-2025.8 -9971.0 -304.6 30 0 19.1 22.2 17.5 3.5 2 1 5 3 3
-2071.0 -10030.7 -305.3 103 0 12.2 23.8 17.5 3.5 2 1 5 2 2
-2270.0 -9855.7 -308.7 13 0 13.9 27.6 17.5 3.5 2 1 5 5 5
-2381.6 -9945.2 -309.7 185 0 13.9 27.8 17.5 0.0 0 1 5 1 1
-2215.3 -10222.9 -307.9 69 0 19.3 13.3 14.0 3.5 2 0 4 1 1
-2446.9 -10592.7 -311.1 90 0 16.7 29.3 17.5 3.5 2 1 5 4 4
-2402.7 -10555.4 -310.7 0 0 29.3 16.7 17.5 3.5 2 0 5 0 0
-2404.6 -10584.6 -310.8 0 0 16.8 29.2 17.5 3.5 2 1 5 3 3
-2438.5 -10541.3 -311.0 269 0 24.7 17.1 17.5 3.5 2 0 5 5 5
-2369.3 -10663.2 -309.8 277 0 28.2 22.6 14.0 0.0 0 0 4 1 1
-2416.3 -10668.5 -310.1 187 0 22.6 28.2 14.0 0.0 0 1 4 2 2
-2063.3 -9875.9 -305.5 113 0 10.9 18.7 17.5 0.0 0 1 5 5 5
-2348.0 -9998.3 -308.4 104 0 16.2 20.9 17.5 3.5 2 1 5 3 3
-2397.7 -9845.8 -309.9 6 0 55.6 14.4 17.5 3.5 2 0 5 0 0
-2324.7 -9890.0 -309.1 14 0 15.0 19.0 14.0 0.0 0 1 4 5 5
-2536.5 -10104.1 -310.3 7 0 28.0 17.3 14.0 3.5 2 0 4 5 5
-2514.8 -10147.7 -310.3 273 0 16.4 24.8 14.0 3.5 2 1 4 2 2
-2543.9 -10165.4 -310.8 4 0 12.5 16.3 14.0 3.5 2 1 4 3 3
-2567.3 -10079.9 -310.6 281 0 21.9 14.7 14.0 3.5 2 0 4 0 0
-2572.4 -10115.9 -310.5 100 0 21.9 14.7 14.0 3.5 2 0 4 5 5
-2598.6 -10112.9 -310.7 100 0 21.9 14.7 14.0 3.5 2 0 4 3 3
-2593.5 -10075.1 -311.0 280 0 21.9 14.7 14.0 3.5 2 0 4 5 5
-2668.8 -10111.7 -312.5 90 0 26.3 20.6 14.0 3.5 2 0 4 1 1
-2601.1 -9920.3 -311.9 100 0 19.5 22.3 17.5 3.5 2 1 5 1 1
-2573.2 -9922.4 -311.6 103 0 24.1 22.4 17.5 3.5 2 0 5 0 0
-2518.0 -9908.2 -311.1 278 0 13.6 13.3 17.5 3.5 2 0 5 1 1
-2220.0 -9672.7 -308.3 354 0 21.7 16.2 17.5 3.5 2 0 5 0 0
-1584.9 -9612.0 -304.7 335 0 30.1 17.1 17.5 3.5 2 0 5 5 5
-253.8 -10082.9 -298.0 282 0 27.2 43.2 14.0 0.0 0 1 4 4 4
-240.2 -10070.6 -297.9 93 0 46.9 19.4 17.5 3.5 2 0 5 1 1
-331.7 -9964.4 -298.1 52 0 15.1 44.7 17.5 3.5 2 1 5 3 3
-288.5 -9933.7 -298.1 281 0 23.4 24.3 17.5 0.0 0 1 5 3 3
-130.4 -9199.4 -298.3 31 0 19.7 25.8 14.0 3.5 2 1 4 0 0
-276.1 -10025.3 -298.1 93 0 10.8 50.1 14.0 3.5 2 1 4 4 4
-285.7 -9973.9 -298.0 285 0 13.4 43.9 14.0 3.5 4 1 4 5 5
-417.9 -8949.0 -300.6 335 0 19.0 27.7 17.5 3.5 2 1 5 2 2
-414.2 -9670.9 -298.4 276 0 42.3 16.9 17.5 3.5 2 0 5 3 3
-446.4 -9015.2 -299.6 243 0 17.7 39.6 14.0 0.0 0 1 4 4 4
-333.4 -8971.9 -300.9 159 0 13.9 34.6 14.0 3.5 2 1 4 3 3
-326.1 -8990.7 -300.8 159 0 13.9 34.6 14.0 3.5 2 1 4 0 0
-319.4 -9008.8 -300.7 159 0 13.9 34.6 14.0 3.5 2 1 4 0 0
-487.5 -8874.0 -301.6 33 0 14.5 21.6 14.0 3.5 2 1 4 2 2
-559.7 -8829.7 -302.3 208 0 20.7 22.9 14.0 3.5 2 1 4 0 0
-513.5 -8968.7 -300.6 332 0 38.8 15.3 14.0 3.5 2 0 4 2 2
-546.8 -8987.9 -300.9 150 0 34.8 15.9 14.0 3.5 2 0 4 5 5
-531.6 -9016.0 -300.1 154 0 18.0 14.9 14.0 3.5 2 0 4 0 0
-237.4 -8932.7 -300.5 146 0 27.9 10.4 14.0 3.5 2 0 4 3 3
-261.5 -8887.6 -300.7 236 0 10.4 27.9 14.0 3.5 4 1 4 0 0
-142.3 -8717.6 -299.5 267 0 13.1 25.9 14.0 3.5 2 1 4 1 1
-203.5 -8751.8 -299.8 100 0 7.3 28.2 10.5 3.5 2 1 3 5 5
-255.3 -8695.4 -300.2 97 0 7.3 28.2 10.5 3.5 2 1 3 5 5
-171.0 -8695.2 -299.7 101 0 23.2 13.8 14.0 3.5 2 0 4 4 4
-168.2 -8760.1 -299.6 106 0 28.1 13.8 14.0 3.5 4 0 4 3 3
-227.6 -8731.2 -300.0 106 0 28.1 13.8 14.0 3.5 2 0 4 5 5
-256.1 -8726.6 -300.2 93 0 14.2 17.0 14.0 3.5 2 1 4 4 4
-445.0 -8803.8 -301.2 202 0 15.4 25.4 10.5 0.0 0 1 3 1 1
-401.1 -8838.0 -300.8 43 0 18.8 23.7 10.5 3.5 2 1 3 5 5
-475.7 -8937.8 -300.4 244 0 29.3 11.1 17.5 3.5 2 0 5 4 4
-22.0 -8590.8 -298.8 16 0 14.9 13.9 10.5 3.5 2 0 3 1 1
-30.6 -8607.3 -298.8 16 0 14.9 13.9 10.5 3.5 2 0 3 0 0
-42.1 -8628.0 -298.9 26 0 14.9 13.9 10.5 3.5 2 0 3 0 0
-51.1 -8644.7 -298.9 26 0 14.9 13.9 10.5 0.0 0 0 3 5 5
-61.1 -8663.4 -299.0 23 0 14.9 13.9 10.5 3.5 2 0 3 1 1
-71.3 -8681.2 -299.0 18 0 14.9 13.9 10.5 0.0 0 0 3 3 3
-55.3 -8685.7 -298.9 198 0 14.9 13.9 10.5 3.5 2 0 3 5 5
-42.2 -8666.1 -298.8 208 0 14.9 13.9 10.5 3.5 2 0 3 0 0
-13.2 -8615.7 -298.6 201 0 14.9 13.9 10.5 3.5 4 0 3 3 3
-4.9 -8594.7 -298.6 201 0 14.9 13.9 10.5 3.5 2 0 3 4 4
20.2 -8627.9 -298.5 30 0 14.9 13.9 10.5 3.5 4 0 3 0 0
24.4 -8613.5 -298.4 111 0 13.9 14.9 10.5 3.5 2 1 3 1 1
45.3 -8613.3 -298.2 201 0 14.9 13.9 10.5 3.5 2 0 3 5 5
39.2 -8644.8 -298.3 111 0 13.9 14.9 10.5 3.5 2 1 3 5 5
84.6 -8627.8 -298.1 21 0 14.9 13.9 10.5 3.5 2 0 3 1 1
71.0 -8646.6 -298.2 32 0 14.9 13.9 10.5 3.5 2 0 3 0 0
97.3 -8630.4 -297.9 201 0 14.9 13.9 10.5 3.5 4 0 3 1 1
87.1 -8650.6 -298.0 201 0 14.9 13.9 10.5 3.5 2 0 3 5 5
121.8 -8663.5 -297.8 33 0 14.9 13.9 10.5 3.5 2 0 3 0 0
137.2 -8666.2 -297.6 213 0 14.9 13.9 10.5 3.5 2 0 3 2 2
124.2 -8697.7 -297.7 123 0 13.9 14.9 10.5 3.5 2 1 3 0 0
147.8 -8649.7 -297.6 198 0 14.9 13.9 10.5 3.5 2 0 3 3 3
127.0 -8650.7 -297.7 106 0 13.9 14.9 10.5 3.5 2 1 3 4 4
86.3 -8714.0 -298.0 33 0 14.9 13.9 10.5 3.5 2 0 3 1 1
104.4 -8712.9 -297.8 213 0 14.9 13.9 10.5 3.5 2 0 3 4 4
101.0 -8740.6 -297.9 20 0 14.9 13.9 10.5 3.5 2 0 3 0 0
77.0 -8732.1 -298.1 17 0 14.9 13.9 10.5 3.5 2 0 3 0 0
48.4 -8715.3 -298.2 287 0 13.9 14.9 10.5 3.5 2 1 3 0 0
53.6 -8702.3 -298.1 197 0 14.9 13.9 10.5 3.5 2 0 3 3 3
39.3 -8695.4 -298.3 17 0 14.9 13.9 10.5 3.5 2 0 3 4 4
28.2 -8715.5 -298.4 17 0 14.9 13.9 10.5 3.5 2 0 3 4 4
-1275.2 -7690.4 -307.3 164 0 5.4 6.9 10.5 0.0 0 1 3 1 1
-495.3 -9047.4 -299.4 245 0 18.0 14.1 17.5 3.5 2 0 5 0 0
-790.3 -9557.4 -299.8 191 0 23.3 22.4 17.5 3.5 2 0 5 1 1
-764.4 -9574.8 -299.5 106 0 14.0 18.1 17.5 3.5 2 0 5 3 3
-610.9 -9672.4 -299.6 275 0 14.3 19.7 17.5 3.5 2 1 5 2 2
-290.3 -9585.1 -296.5 103 0 31.8 13.0 17.5 3.5 2 0 5 5 5
-4114.6 -9118.8 -319.0 280 0 17.0 23.8 14.0 3.5 4 1 4 5 5
-197.2 -9607.7 -296.1 101 0 17.9 16.3 17.5 3.5 2 0 5 3 3
-173.7 -9541.4 -295.7 12 0 17.6 17.3 17.5 3.5 2 0 5 2 2
-245.3 -9674.4 -296.8 193 0 22.2 18.0 14.0 3.5 2 0 4 0 0
-251.4 -9698.1 -297.1 191 0 15.0 17.9 14.0 3.5 2 1 4 5 5
-209.9 -9707.4 -297.0 11 0 15.0 17.9 14.0 3.5 2 1 4 4 4
-209.8 -9670.4 -296.8 283 0 18.0 22.2 14.0 3.5 2 1 4 4 4
-199.9 -9523.0 -295.8 284 0 14.5 18.1 17.5 3.5 2 1 5 1 1
-221.2 -9519.0 -295.9 284 0 14.5 18.2 17.5 3.5 2 1 5 2 2
-253.3 -9519.8 -296.1 192 0 16.3 17.9 17.5 3.5 2 1 5 1 1
-256.7 -9540.7 -296.1 191 0 16.3 17.9 17.5 0.0 0 1 5 0 0
-260.2 -9561.3 -296.1 192 0 16.3 17.9 17.5 3.5 2 1 5 4 4
-256.7 -9591.7 -296.4 101 0 17.9 16.3 17.5 3.5 2 0 5 1 1
-219.3 -9602.0 -296.3 101 0 17.9 16.3 17.5 3.5 2 0 5 2 2
-214.9 -9582.3 -296.0 102 0 17.9 16.3 17.5 3.5 2 0 5 0 0
-199.3 -9555.0 -295.8 11 0 16.3 17.9 17.5 3.5 2 1 5 0 0
-177.0 -9559.8 -295.7 11 0 16.3 17.9 17.5 0.0 0 1 5 2 2
-182.4 -9580.0 -295.9 11 0 16.3 17.9 17.5 3.5 2 1 5 1 1
-239.1 -9598.0 -296.3 102 0 9.6 18.6 10.5 3.5 2 1 3 3 3
-300.9 -9394.8 -297.2 87 0 26.0 16.6 17.5 3.5 2 0 5 1 1
-67.1 -10239.6 -298.3 270 0 18.5 16.8 14.0 3.5 4 0 4 5 5
-89.4 -10239.3 -298.6 270 0 18.4 16.8 14.0 3.5 2 0 4 2 2
52.1 -10373.8 -297.3 301 0 17.6 17.8 10.5 3.5 2 1 3 4 4
25.1 -10359.0 -297.6 301 0 17.6 17.8 10.5 3.5 2 1 3 1 1
-1.6 -10343.5 -297.7 301 0 17.7 17.8 10.5 3.5 4 1 3 3 3
114.8 -10341.2 -296.2 304 0 15.6 22.2 10.5 3.5 2 1 3 1 1
162.9 -10377.5 -295.6 304 0 15.6 22.2 10.5 3.5 2 1 3 4 4
137.2 -10401.6 -295.9 34 0 17.3 21.5 10.5 3.5 2 1 3 0 0
94.3 -10373.1 -296.2 214 0 17.3 21.5 10.5 3.5 4 1 3 1 1
-121.0 -8600.9 -299.3 192 0 20.5 11.8 14.0 3.5 2 0 4 0 0
-109.5 -8566.9 -299.3 282 0 11.8 20.5 14.0 3.5 4 1 4 5 5
-126.2 -8626.2 -299.3 192 0 20.5 11.8 14.0 0.0 0 0 4 4 4
-79.3 -8612.7 -299.1 28 0 20.5 11.8 14.0 3.5 2 0 4 3 3
-66.6 -8589.1 -299.0 28 0 20.5 11.8 14.0 3.5 2 0 4 1 1
-91.0 -8634.1 -299.2 28 0 20.5 11.8 14.0 3.5 2 0 4 0 0
-395.0 -8620.3 -301.6 198 0 10.4 14.6 14.0 3.5 2 1 4 3 3
-400.7 -8634.0 -301.7 197 0 10.4 14.6 14.0 3.5 2 1 4 0 0
-405.9 -8648.6 -301.8 198 0 10.4 14.6 14.0 3.5 2 1 4 0 0
-389.9 -8606.6 -301.5 197 0 10.4 14.6 14.0 3.5 2 1 4 0 0
-384.3 -8591.7 -301.4 197 0 10.4 14.6 14.0 3.5 2 1 4 1 1
-379.2 -8576.8 -301.3 198 0 10.4 14.6 14.0 3.5 2 1 4 0 0
-372.6 -8560.8 -301.2 197 0 10.4 14.5 14.0 3.5 2 1 4 5 5
-367.2 -8545.6 -301.1 197 0 10.4 14.6 14.0 3.5 2 1 4 5 5
-361.4 -8529.4 -300.9 198 0 10.4 14.6 14.0 3.5 2 1 4 4 4
-344.4 -8565.0 -300.8 198 0 10.4 14.6 10.5 3.5 2 1 3 2 2
-350.3 -8582.3 -300.8 198 0 10.4 14.6 10.5 3.5 2 1 3 3 3
-355.8 -8597.6 -300.8 197 0 10.4 14.6 10.5 3.5 2 1 3 5 5
-361.2 -8613.7 -300.9 198 0 10.4 14.6 10.5 3.5 2 1 3 3 3
-366.2 -8627.8 -301.1 198 0 10.4 14.6 10.5 3.5 2 1 3 5 5
-370.7 -8642.0 -301.2 198 0 10.4 14.6 10.5 3.5 2 1 3 1 1
-375.7 -8656.0 -301.3 198 0 10.4 14.6 10.5 3.5 2 1 3 1 1
-380.2 -8670.8 -301.4 197 0 10.4 14.6 10.5 3.5 2 1 3 1 1
-385.2 -8684.5 -301.5 197 0 10.4 14.6 10.5 3.5 4 1 3 5 5
-339.3 -8547.1 -300.7 197 0 10.4 14.6 10.5 3.5 2 1 3 2 2
-333.0 -8530.1 -300.7 197 0 10.4 14.6 10.5 3.5 2 1 3 4 4
-428.2 -8676.9 -302.4 291 0 10.4 14.6 10.5 3.5 2 1 3 3 3
-414.6 -8682.2 -302.2 291 0 10.4 14.6 10.5 3.5 2 1 3 3 3
-400.3 -8687.1 -302.0 291 0 10.4 14.6 10.5 3.5 2 1 3 1 1
-386.1 -8692.3 -301.7 291 0 10.4 14.6 10.5 3.5 2 1 3 1 1
-372.7 -8710.1 -301.5 42 0 11.1 11.8 10.5 3.5 2 1 3 4 4
-610.8 -8990.8 -300.6 47 0 23.5 17.6 17.5 3.5 2 0 5 5 5
-591.7 -8973.9 -300.6 46 0 13.8 19.9 17.5 3.5 2 1 5 0 0
-375.3 -9212.9 -298.2 95 0 17.9 25.1 14.0 3.5 4 1 4 4 4
-1876.2 -8938.6 -308.6 285 0 17.3 22.4 14.0 3.5 2 1 4 1 1
-1715.0 -7902.9 -309.2 128 0 19.0 23.6 14.0 3.5 2 1 4 5 5
-1883.6 -8385.0 -308.3 179 0 26.9 23.5 17.5 0.0 0 0 5 3 3
-1884.2 -8353.2 -308.9 179 0 26.8 21.6 17.5 3.5 2 0 5 4 4
-1885.9 -8321.0 -308.8 175 0 27.6 21.5 17.5 3.5 2 0 5 0 0
-1833.5 -8323.2 -309.0 355 0 27.6 22.6 17.5 0.0 0 0 5 5 5
-1832.2 -8354.0 -309.1 356 0 21.9 22.7 17.5 3.5 2 1 5 2 2
-1836.9 -8291.5 -308.9 357 0 27.7 20.6 17.5 3.5 2 0 5 2 2
-1889.6 -8293.7 -308.9 178 0 19.0 24.0 17.5 3.5 2 1 5 3 3
-1890.8 -8268.0 -309.0 177 0 21.2 25.9 17.5 3.5 2 1 5 0 0
-1902.7 -8349.0 -308.5 2 0 19.0 10.6 14.0 0.0 0 0 4 4 4
-1873.9 -8188.7 -309.3 90 0 20.2 17.4 14.0 3.5 2 0 4 1 1
-1748.6 -8229.0 -308.2 175 0 22.0 26.3 17.5 3.5 2 1 5 1 1
-1706.7 -8154.5 -309.0 111 0 19.1 22.8 14.0 3.5 2 1 4 0 0
-1229.2 -8950.2 -304.2 17 0 149.2 18.1 17.5 0.0 0 0 5 4 4
31.6 -9890.1 -296.2 359 0 22.4 13.6 10.5 3.5 2 0 3 0 0
21.0 -9853.7 -296.4 319 0 22.0 14.5 10.5 3.5 2 0 3 4 4
-32.8 -9886.4 -296.7 186 0 22.4 13.6 10.5 3.5 2 0 3 2 2
-27.0 -9866.6 -296.8 131 0 14.2 23.6 10.5 3.5 2 1 3 4 4
-706.3 -9431.0 -299.1 162 0 16.1 15.3 17.5 0.0 0 0 5 4 4
-710.9 -9371.9 -299.6 336 0 23.3 20.4 17.5 3.5 2 0 5 1 1
-585.4 -9452.3 -298.6 354 0 16.4 29.1 17.5 3.5 2 1 5 3 3
-46.4 -10014.7 -296.6 1 0 16.8 27.0 10.5 3.5 2 1 3 5 5
-2487.6 -9374.2 -312.2 91 0 18.8 30.8 17.5 3.5 2 1 5 5 5
-2553.8 -9504.8 -311.8 158 0 18.7 23.8 17.5 3.5 2 1 5 1 1
-2011.0 -9675.3 -304.7 45 0 36.4 17.3 17.5 3.5 4 0 5 2 2
-393.9 -9789.4 -297.8 10 0 9.2 32.6 10.5 3.5 2 1 3 0 0
-2322.2 -10537.2 -310.1 269 0 16.4 30.5 14.0 0.0 0 1 4 1 1
-2483.2 -10553.9 -311.4 46 0 51.5 13.0 17.5 3.5 2 0 5 0 0
-2501.1 -10530.9 -311.5 225 0 51.2 10.8 17.5 3.5 2 0 5 1 1
-2656.0 -10075.1 -313.1 2 0 18.2 13.9 14.0 3.5 4 0 4 5 5
-2704.0 -10059.3 -313.6 273 0 16.9 24.1 14.0 3.5 4 1 4 3 3
-41.5 -9697.9 -296.1 15 0 9.2 42.8 10.5 3.5 2 1 3 3 3
-99.0 -9637.4 -295.7 193 0 13.4 18.3 14.0 3.5 2 1 4 1 1
-124.6 -9767.4 -297.1 192 0 16.5 12.0 14.0 3.5 2 0 4 1 1
-130.1 -9793.1 -297.3 193 0 16.5 12.0 14.0 3.5 2 0 4 5 5
-135.7 -9820.2 -297.6 192 0 16.5 12.0 14.0 3.5 4 0 4 0 0
-141.0 -9845.7 -297.7 192 0 16.5 12.0 14.0 3.5 2 0 4 0 0
-142.5 -9881.1 -297.7 103 0 12.0 16.5 14.0 3.5 2 1 4 5 5
-156.1 -9814.8 -297.7 12 0 16.5 12.0 17.5 3.5 2 0 5 2 2
-161.5 -9841.3 -297.8 12 0 16.5 12.0 17.5 3.5 2 0 5 2 2
-166.8 -9867.0 -297.7 12 0 16.5 12.0 17.5 3.5 2 0 5 1 1
-206.8 -9774.9 -297.6 193 0 26.0 22.3 17.5 3.5 2 0 5 3 3
-173.2 -9635.7 -296.1 192 0 16.5 12.0 14.0 3.5 2 0 4 2 2
-178.5 -9659.8 -296.4 192 0 16.5 12.0 14.0 3.5 2 0 4 2 2
-162.1 -10142.4 -298.0 3 0 13.7 28.7 14.0 3.5 2 1 4 4 4
-297.5 -9837.2 -297.0 192 0 19.3 26.9 14.0 3.5 4 1 4 3 3
-460.2 -9540.8 -297.7 335 0 21.0 19.4 17.5 3.5 2 0 5 0 0
-250.9 -9446.2 -296.5 205 0 12.1 20.7 17.5 3.5 2 1 5 0 0
-239.4 -9427.4 -296.6 203 0 11.0 16.5 17.5 3.5 2 1 5 5 5
-184.3 -9280.4 -297.7 356 0 9.6 22.5 10.5 3.5 2 1 3 0 0
-336.9 -9286.6 -297.6 357 0 13.0 21.0 17.5 3.5 2 1 5 4 4
-828.4 -9538.3 -299.8 107 0 17.2 13.8 14.0 3.5 2 0 4 1 1
-941.1 -9779.6 -300.8 192 0 11.6 16.9 17.5 3.5 2 1 5 1 1
-1042.8 -9765.0 -301.3 4 0 29.0 9.3 10.5 3.5 2 0 3 0 0
-816.3 -9619.2 -299.9 16 0 19.9 20.0 14.0 3.5 2 0 4 3 3
-1057.4 -9778.8 -301.3 89 0 8.3 11.2 10.5 3.5 2 0 3 4 4
-1065.7 -9778.7 -301.4 92 0 7.9 14.4 10.5 3.5 2 0 3 0 0
-1073.5 -9778.2 -301.5 94 0 8.0 12.9 10.5 3.5 2 0 3 0 0
-1081.0 -9777.8 -301.5 92 0 7.1 14.1 10.5 3.5 2 0 3 1 1
-1088.5 -9777.5 -301.6 94 0 7.9 14.0 10.5 3.5 4 0 3 5 5
-1096.3 -9777.0 -301.6 93 0 7.9 13.9 10.5 3.5 2 0 3 3 3
-1155.6 -9766.3 -301.3 1 0 10.7 25.2 17.5 3.5 2 1 5 4 4
-338.1 -9458.7 -296.8 20 0 17.9 19.5 14.0 3.5 4 1 4 4 4
-375.8 -9533.7 -296.7 176 0 26.5 17.6 17.5 3.5 2 0 5 2 2
-172.1 -9179.8 -298.3 178 0 14.9 17.8 14.0 3.5 2 1 4 3 3
-119.4 -9053.7 -298.2 138 0 13.2 21.2 14.0 0.0 0 1 4 1 1
149.5 -9127.5 -295.6 12 0 16.5 14.8 14.0 3.5 2 0 4 5 5
142.9 -9159.2 -295.7 12 0 16.5 14.8 14.0 3.5 4 0 4 5 5
137.0 -9189.9 -295.8 12 0 16.5 14.8 14.0 3.5 4 0 4 2 2
129.9 -9222.1 -296.0 12 0 16.5 14.8 14.0 3.5 4 0 4 1 1
140.3 -9087.1 -296.0 281 0 16.4 14.8 14.0 3.5 2 0 4 0 0
106.0 -9239.8 -296.2 281 0 16.4 14.8 14.0 3.5 4 0 4 2 2
-55.8 -9008.1 -298.5 94 0 17.4 16.7 10.5 0.0 0 0 3 1 1
23.2 -8999.5 -298.0 82 0 17.4 16.7 10.5 0.0 0 0 3 0 0
61.4 -8991.0 -297.8 81 0 17.4 16.7 10.5 0.0 0 0 3 1 1
-56.8 -8961.6 -298.8 249 0 26.5 16.7 10.5 0.0 0 0 3 5 5
-22.6 -8944.3 -298.7 239 0 26.5 16.7 10.5 0.0 0 0 3 3 3
55.5 -8949.4 -298.2 310 0 26.6 16.7 10.5 0.0 0 0 3 1 1
35.9 -9044.2 -297.5 48 0 13.3 22.5 10.5 3.5 2 1 3 3 3
96.5 -9027.1 -297.2 33 0 13.3 22.5 10.5 3.5 4 1 3 1 1
93.1 -9036.5 -296.8 272 0 13.3 22.6 10.5 0.0 0 1 3 0 0
46.8 -9046.3 -297.0 190 0 11.9 23.4 10.5 3.5 2 1 3 3 3
153.0 -8805.9 -297.6 296 0 20.9 12.8 14.0 3.5 4 0 4 4 4
184.0 -8820.8 -297.4 296 0 20.9 12.8 14.0 3.5 2 0 4 3 3
120.9 -8788.3 -297.8 296 0 20.9 12.8 14.0 3.5 2 0 4 0 0
138.1 -8767.3 -297.7 115 0 21.6 12.8 14.0 3.5 2 0 4 3 3
193.1 -8860.0 -297.3 25 0 5.9 17.5 10.5 0.0 0 1 3 1 1
125.2 -8838.0 -297.7 296 0 27.2 12.4 14.0 3.5 2 0 4 1 1
151.2 -8865.6 -297.5 116 0 21.7 12.4 14.0 3.5 2 0 4 4 4
183.5 -8881.0 -297.5 116 0 21.7 12.4 14.0 3.5 2 0 4 3 3
209.4 -9806.0 -294.7 328 0 16.8 21.2 14.0 0.0 0 1 4 1 1
164.2 -9721.8 -295.0 244 0 16.7 21.2 14.0 0.0 0 1 4 3 3
147.2 -9725.0 -295.3 276 0 11.2 20.8 14.0 0.0 0 1 4 2 2
132.9 -9817.8 -295.3 198 0 11.2 21.1 14.0 0.0 0 1 4 1 1
164.1 -9855.8 -295.0 57 0 16.7 21.2 14.0 0.0 0 1 4 3 3
-407.5 -9051.5 -299.8 69 0 11.6 22.8 14.0 3.5 2 1 4 5 5
-359.1 -8960.8 -300.8 65 0 18.9 22.6 14.0 3.5 2 1 4 1 1
-338.7 -8952.5 -300.8 65 0 18.2 23.4 14.0 3.5 2 1 4 5 5
-371.0 -8732.3 -301.8 19 0 9.6 28.5 10.5 0.0 0 1 3 2 2
-444.9 -8717.9 -302.7 20 0 26.5 14.2 10.5 0.0 0 0 3 2 2
-356.5 -8738.4 -301.0 200 0 26.6 14.2 10.5 0.0 0 0 3 1 1
-498.8 -9000.0 -300.1 335 0 18.0 13.2 14.0 3.5 2 0 4 2 2
-494.9 -9032.1 -299.6 62 0 29.5 16.7 14.0 3.5 2 0 4 1 1
-844.1 -9289.3 -301.0 164 0 40.0 13.3 17.5 3.5 2 0 5 0 0
-1289.2 -9360.5 -304.1 296 0 11.9 26.3 14.0 0.0 0 0 4 5 5
-1951.0 -9336.4 -306.5 4 0 21.8 27.8 17.5 0.0 0 1 5 4 4
-2025.4 -8867.5 -309.1 96 0 14.9 18.7 17.5 3.5 2 1 5 0 0
-403.8 -8923.4 -300.7 245 0 20.7 22.5 14.0 3.5 2 1 4 2 2
-384.6 -8998.7 -300.3 156 0 21.5 21.5 17.5 3.5 2 1 5 1 1
-342.8 -8984.3 -300.5 339 0 28.6 18.1 17.5 3.5 2 0 5 0 0
-248.7 -9154.0 -299.0 95 0 9.2 27.0 10.5 3.5 4 1 3 3 3
-565.0 -9719.6 -299.5 276 0 14.4 18.1 14.0 0.0 0 1 4 3 3
-531.3 -9801.7 -298.9 186 0 15.5 25.2 17.5 3.5 2 1 5 3 3
-371.1 -9801.7 -296.9 190 0 20.0 24.2 17.5 3.5 2 1 5 1 1
-376.1 -9825.2 -296.6 191 0 17.5 24.6 17.5 3.5 2 1 5 2 2
22.4 -9624.0 -295.1 11 0 13.5 28.3 14.0 3.5 4 1 4 1 1
-26.6 -9622.4 -295.2 101 0 26.0 13.5 14.0 3.5 2 0 4 2 2
-70.2 -9610.1 -295.3 164 0 11.9 27.5 14.0 3.5 2 1 4 4 4
-87.2 -9587.6 -295.3 189 0 26.0 13.4 14.0 3.5 2 0 4 1 1
-0.5 -9575.2 -295.3 283 0 26.2 13.4 14.0 0.0 0 0 4 5 5
30.0 -9599.3 -295.3 14 0 26.2 13.4 14.0 3.5 2 0 4 4 4
-78.9 -9560.7 -295.2 189 0 15.9 8.3 10.5 3.5 2 0 3 1 1
-684.1 -10544.2 -301.4 95 0 25.3 24.2 17.5 0.0 0 0 5 4 4
-2088.3 -7849.8 -311.4 265 0 8.8 13.4 10.5 3.5 2 0 3 4 4
-2097.0 -7850.6 -311.4 264 0 8.7 13.4 10.5 3.5 2 0 3 1 1
-2075.8 -7819.6 -311.7 127 0 18.8 16.8 14.0 3.5 2 0 4 0 0
-2619.9 -10654.5 -311.7 136 0 12.9 20.4 17.5 3.5 4 1 5 3 3
-2592.3 -10535.0 -312.1 173 0 15.6 26.5 14.0 3.5 2 1 4 4 4
-2310.3 -9935.1 -308.9 104 0 13.5 17.9 17.5 3.5 2 1 5 3 3
-2507.4 -9372.0 -312.2 91 0 16.1 29.5 17.5 3.5 2 1 5 1 1
-2002.3 -9227.6 -307.2 81 0 30.9 16.1 17.5 3.5 2 0 5 4 4
-1950.7 -8486.5 -308.6 268 0 14.0 26.8 17.5 3.5 2 1 5 3 3
-2320.1 -8985.3 -311.3 41 0 19.4 25.3 14.0 3.5 2 1 4 3 3
-2372.9 -9041.2 -311.1 47 0 18.4 31.7 14.0 3.5 2 1 4 2 2
-2387.4 -9056.8 -311.1 47 0 14.9 31.4 14.0 3.5 4 1 4 0 0
-1648.4 -9796.2 -304.1 305 0 25.8 22.6 17.5 3.5 2 0 5 5 5
-1258.0 -9916.1 -303.6 166 0 17.8 28.1 14.0 3.5 2 0 4 3 3
-1253.5 -9932.1 -303.7 162 0 15.7 25.7 14.0 3.5 2 0 4 5 5
-1039.3 -10445.5 -302.3 2 0 10.1 29.2 17.5 3.5 2 1 5 1 1
-1042.0 -10462.4 -302.2 7 0 13.4 28.7 17.5 3.5 2 1 5 1 1
-1065.8 -10640.4 -300.9 193 0 12.5 15.3 17.5 3.5 2 1 5 2 2
-483.5 -10608.7 -299.9 279 0 11.0 24.9 14.0 3.5 2 1 4 3 3
-492.9 -10661.7 -299.8 103 0 11.0 23.9 14.0 3.5 2 1 4 4 4
-1077.6 -9455.6 -302.1 4 0 18.5 18.3 17.5 0.0 0 0 5 1 1
-929.8 -9359.7 -301.3 164 0 16.1 17.4 14.0 3.5 4 1 4 4 4
-951.5 -9371.0 -301.5 346 0 25.4 13.7 14.0 3.5 2 0 4 1 1
-1923.5 -7762.0 -310.4 308 0 22.4 14.3 14.0 3.5 2 0 4 4 4
-1894.4 -7762.9 -310.2 127 0 15.3 20.8 14.0 3.5 2 1 4 0 0
-2053.7 -7726.5 -311.5 129 0 19.2 18.1 14.0 0.0 0 0 4 3 3
-2031.3 -7669.3 -311.2 256 0 21.0 19.2 14.0 3.5 2 0 4 0 0
-1800.1 -7870.8 -309.8 38 0 16.5 20.6 14.0 3.5 2 1 4 0 0
-1876.2 -8128.6 -309.5 190 0 11.3 23.7 14.0 3.5 2 1 4 3 3
-1745.3 -8565.4 -307.4 231 0 22.2 22.6 14.0 3.5 2 1 4 5 5
-1920.7 -9048.9 -308.1 251 0 25.0 16.5 17.5 3.5 2 0 5 4 4
-2022.7 -9134.7 -307.8 247 0 18.7 10.7 17.5 3.5 2 0 5 0 0
-2086.0 -9060.2 -308.0 247 0 24.5 9.5 10.5 3.5 2 0 3 3 3
-1990.3 -9119.3 -308.0 56 0 21.9 10.2 17.5 3.5 2 0 5 4 4
-842.2 -9322.5 -300.9 348 0 10.8 21.3 14.0 3.5 2 1 4 3 3
-255.5 -9488.4 -296.3 114 0 10.8 20.8 17.5 3.5 2 1 5 3 3
-116.2 -9980.1 -297.3 8 0 15.5 16.8 14.0 3.5 2 1 4 5 5
-99.9 -9959.8 -297.2 98 0 16.2 16.4 14.0 3.5 2 1 4 0 0
93.6 -10053.1 -295.8 7 0 17.3 20.9 14.0 3.5 2 1 4 3 3
-9.8 -9693.7 -295.8 184 0 19.5 17.1 10.5 3.5 2 0 3 3 3
-139.1 -8625.0 -299.6 12 0 8.3 25.8 10.5 3.5 4 1 3 1 1
-171.7 -8562.8 -299.8 341 0 13.0 19.9 14.0 3.5 4 1 4 0 0
-157.7 -8578.6 -299.6 306 0 12.4 25.5 14.0 3.5 4 1 4 4 4
-155.7 -8567.5 -299.6 117 0 18.5 19.2 14.0 3.5 2 1 4 0 0
-228.1 -8565.2 -300.1 100 0 14.0 13.1 14.0 3.5 2 0 4 5 5
-1455.0 -10276.5 -302.2 274 0 14.1 15.6 17.5 3.5 2 1 5 5 5
-1442.2 -10278.9 -302.2 273 0 7.8 15.1 10.5 3.5 2 1 3 3 3
-1371.2 -10148.7 -303.1 344 0 17.3 15.9 14.0 3.5 2 0 4 1 1
-1327.7 -10213.1 -302.9 82 0 17.8 12.2 17.5 3.5 2 0 5 1 1
-1333.5 -10399.5 -301.9 5 0 16.9 14.5 14.0 3.5 4 0 4 2 2
-1500.6 -10123.2 -302.8 284 0 14.0 17.7 17.5 3.5 4 1 5 2 2
-1435.4 -10000.1 -304.4 292 0 35.2 17.3 17.5 0.0 0 0 5 1 1
-1411.7 -9968.1 -304.8 246 0 16.3 20.9 14.0 3.5 2 1 4 5 5
-1502.0 -10496.4 -303.2 7 0 26.2 20.2 14.0 3.5 2 0 4 0 0
-1494.5 -10619.9 -303.8 343 0 17.6 26.3 17.5 3.5 4 0 5 0 0
-518.7 -10598.4 -300.1 278 0 22.0 19.7 17.5 3.5 2 0 5 3 3
-1511.7 -10231.0 -302.4 167 0 18.4 13.6 17.5 3.5 2 0 5 5 5
-1563.4 -10230.5 -302.2 12 0 13.2 14.7 14.0 0.0 0 0 4 2 2
-1580.9 -10219.8 -302.1 276 0 8.2 13.5 10.5 3.5 2 0 3 1 1
-1594.5 -10218.2 -302.2 277 0 18.8 19.9 14.0 3.5 2 0 4 5 5
-1588.7 -10182.4 -302.5 190 0 22.8 15.8 17.5 3.5 4 0 5 3 3
-1550.7 -10154.4 -302.7 4 0 16.0 21.3 17.5 3.5 2 1 5 4 4
-1288.4 -10232.9 -303.0 268 0 13.9 22.2 17.5 3.5 2 1 5 5 5
-1275.5 -10232.9 -303.2 268 0 10.2 25.7 17.5 3.5 2 1 5 4 4
-1248.1 -10263.2 -303.7 90 0 18.1 26.3 17.5 3.5 2 1 5 0 0
-1150.1 -10497.3 -302.0 23 0 16.5 20.9 14.0 3.5 2 1 4 3 3
-1035.0 -10389.8 -302.7 2 0 10.9 29.9 14.0 3.5 2 1 4 3 3
-681.6 -10590.7 -300.9 14 0 14.8 29.1 14.0 3.5 2 1 4 1 1
-1108.1 -10300.4 -305.1 89 0 14.1 20.0 17.5 3.5 2 1 5 5 5
-1124.8 -10257.6 -305.4 271 0 13.8 17.7 17.5 0.0 0 1 5 3 3
-1142.7 -10300.2 -304.7 89 0 14.2 18.4 17.5 3.5 4 1 5 1 1
-1255.1 -10388.1 -302.3 180 0 12.9 21.8 17.5 3.5 2 1 5 2 2
-1404.7 -9863.5 -303.9 171 0 28.5 9.7 10.5 3.5 2 0 3 5 5
-1408.6 -9836.9 -303.5 173 0 25.2 9.7 10.5 3.5 2 0 3 3 3
-1294.8 -9957.3 -303.8 183 0 15.1 10.8 14.0 3.5 4 0 4 5 5
-1276.3 -9950.4 -303.8 270 0 10.7 12.1 14.0 3.5 2 0 4 5 5
-1265.6 -9950.4 -303.8 270 0 10.6 12.2 14.0 3.5 2 0 4 0 0
-1234.4 -9949.8 -303.9 270 0 10.1 14.0 14.0 3.5 2 0 4 5 5
-1255.3 -9950.4 -303.8 270 0 9.9 12.1 10.5 3.5 2 0 3 0 0
-1244.9 -9950.1 -303.8 267 0 10.6 11.9 14.0 0.0 0 0 4 3 3
-1240.4 -9973.9 -303.9 92 0 8.6 10.3 10.5 3.5 2 0 3 5 5
-1238.1 -9977.3 -304.0 179 0 6.6 8.8 10.5 3.5 2 0 3 2 2
-1235.4 -9984.7 -304.1 271 0 15.2 16.5 14.0 3.5 2 1 4 4 4
-1240.1 -10028.7 -304.5 273 0 25.0 11.4 17.5 3.5 2 0 5 0 0
-1241.5 -10082.9 -305.1 91 0 24.4 16.5 17.5 3.5 2 0 5 2 2
-1228.7 -10050.2 -304.8 2 0 18.7 22.1 17.5 0.0 0 0 5 3 3
-1229.0 -10063.1 -304.8 360 0 7.0 14.4 10.5 3.5 2 0 3 2 2
-571.3 -9786.8 -299.6 96 0 16.4 19.7 14.0 3.5 2 1 4 5 5
-538.6 -9733.9 -299.5 6 0 17.0 15.7 14.0 3.5 2 0 4 4 4
-540.9 -9756.0 -299.6 4 0 16.2 22.6 14.0 3.5 2 1 4 4 4
-410.9 -9735.6 -297.8 277 0 8.7 30.3 10.5 3.5 2 1 3 4 4
29.4 -9801.9 -296.3 3 0 18.4 11.0 10.5 3.5 4 0 3 1 1
-26.3 -9798.1 -296.8 183 0 18.4 11.0 10.5 3.5 2 0 3 5 5
89.5 -9739.9 -295.8 359 0 13.3 24.7 14.0 3.5 2 1 4 0 0
129.5 -9577.2 -295.6 103 0 12.6 12.9 14.0 3.5 4 1 4 4 4
146.6 -9581.7 -295.6 103 0 12.6 12.9 14.0 3.5 2 1 4 2 2
119.4 -9559.0 -295.6 103 0 12.5 12.9 14.0 3.5 2 1 4 5 5
132.8 -9537.6 -295.8 13 0 12.9 12.5 14.0 3.5 2 0 4 0 0
137.0 -9520.4 -295.9 13 0 12.9 12.6 14.0 3.5 2 0 4 4 4
140.0 -9502.8 -296.1 13 0 12.9 12.5 14.0 3.5 2 0 4 5 5
-537.0 -8885.5 -301.9 128 0 24.8 17.8 14.0 3.5 2 0 4 2 2
-500.6 -8888.2 -301.6 39 0 14.3 15.9 14.0 0.0 0 1 4 0 0
-571.7 -8899.7 -302.1 309 0 14.3 16.8 14.0 3.5 2 1 4 0 0
-1488.3 -9693.2 -303.5 268 0 16.6 19.2 17.5 3.5 2 1 5 3 3
-1513.7 -9861.8 -304.3 343 0 19.1 12.8 17.5 3.5 2 0 5 2 2
-1915.9 -9689.1 -303.9 240 0 18.4 21.8 17.5 3.5 2 1 5 3 3
-1976.9 -9805.3 -303.9 329 0 19.4 21.6 17.5 0.0 0 1 5 4 4
-2070.4 -10116.3 -306.1 295 0 13.8 31.1 14.0 3.5 2 1 4 0 0
-2020.4 -10268.7 -306.4 101 0 20.7 15.8 14.0 3.5 2 0 4 2 2
-1924.0 -10191.2 -305.1 4 0 26.6 14.4 14.0 3.5 2 0 4 2 2
-1984.5 -10289.3 -306.3 276 0 22.5 15.7 17.5 0.0 0 0 5 1 1
-1919.2 -10257.0 -305.4 278 0 13.6 16.3 17.5 3.5 2 1 5 5 5
-1734.4 -9552.1 -305.6 234 0 17.9 11.5 14.0 3.5 2 0 4 4 4
-1750.6 -9533.8 -305.8 49 0 16.7 29.9 17.5 3.5 2 1 5 5 5
-2176.4 -9100.7 -308.4 245 0 13.7 23.8 17.5 3.5 2 1 5 0 0
-2211.8 -9106.3 -309.2 73 0 10.7 33.7 17.5 3.5 2 1 5 4 4
-2256.7 -8477.6 -311.3 3 0 20.3 14.3 17.5 3.5 2 0 5 5 5
-2107.1 -8580.2 -308.8 271 0 28.0 24.4 17.5 0.0 0 0 5 1 1
-2141.2 -8578.7 -309.3 271 0 28.0 24.4 17.5 0.0 0 0 5 1 1
-1305.6 -10288.8 -302.7 179 0 9.2 13.4 10.5 3.5 2 1 3 2 2
-1306.0 -10306.1 -302.7 181 0 17.8 13.8 14.0 3.5 2 0 4 1 1
-1708.8 -10384.9 -304.2 70 0 17.7 21.6 17.5 3.5 4 1 5 4 4
-4734.1 -10131.4 -322.6 269 0 19.6 11.0 14.0 3.5 2 0 4 0 0
-4709.2 -10129.3 -322.6 269 0 19.6 11.0 14.0 0.0 0 0 4 5 5
-4671.8 -10135.3 -323.0 359 0 11.0 19.6 14.0 3.5 2 1 4 3 3
-4705.2 -10178.9 -323.4 89 0 19.6 11.0 14.0 0.0 0 0 4 5 5
-4734.1 -10178.0 -322.9 89 0 19.6 11.0 14.0 3.5 2 0 4 4 4
-4759.4 -10113.7 -322.7 89 0 19.6 11.0 14.0 3.5 2 0 4 5 5
-4732.3 -10114.4 -322.5 89 0 19.6 11.0 14.0 3.5 2 0 4 1 1
-4813.1 -10119.9 -323.4 89 0 19.6 11.0 10.5 3.5 4 0 3 5 5
-4843.4 -10119.4 -323.6 89 0 19.6 11.0 10.5 3.5 2 0 3 1 1
-4870.3 -10119.6 -323.7 89 0 19.6 11.0 10.5 3.5 2 0 3 2 2
-4890.8 -10136.6 -323.5 269 0 19.6 11.0 14.0 3.5 2 0 4 2 2
-4840.0 -10136.3 -323.2 269 0 19.6 11.0 14.0 3.5 2 0 4 2 2
-4812.8 -10135.9 -322.9 269 0 19.6 11.0 14.0 0.0 0 0 4 4 4
-4813.6 -10177.3 -322.6 89 0 19.6 11.0 14.0 3.5 2 0 4 5 5
-4838.4 -10176.6 -322.8 89 0 19.6 11.0 14.0 3.5 2 0 4 3 3
-4864.8 -10177.1 -323.0 89 0 19.6 11.0 14.0 3.5 2 0 4 2 2
-4889.5 -10177.3 -323.4 89 0 19.6 11.0 14.0 3.5 4 0 4 0 0
-4863.2 -10068.2 -324.2 269 0 19.6 11.0 10.5 3.5 2 0 3 0 0
-4833.7 -10068.4 -324.0 269 0 19.6 11.0 10.5 3.5 4 0 3 2 2
-4803.3 -10079.4 -323.8 0 0 19.7 10.9 10.5 0.0 0 0 3 2 2
-4764.9 -10070.8 -323.2 270 0 10.9 19.7 14.0 0.0 0 1 4 3 3
-4673.6 -10179.0 -323.8 84 0 10.9 19.7 14.0 3.5 2 1 4 3 3
-4764.7 -10131.3 -322.5 270 0 10.9 19.7 14.0 3.5 2 1 4 4 4
-4765.0 -10177.8 -322.7 90 0 10.9 19.7 14.0 3.5 2 1 4 4 4
-4895.8 -10119.7 -324.0 90 0 10.9 19.7 10.5 3.5 2 1 3 0 0
-4896.0 -10068.5 -324.4 270 0 10.9 19.7 10.5 3.5 4 1 3 3 3
-4893.7 -10035.5 -325.0 0 0 19.7 10.9 14.0 3.5 2 0 4 5 5
-4894.3 -10005.2 -324.9 0 0 19.7 10.9 14.0 3.5 2 0 4 4 4
-4894.5 -9976.6 -324.6 0 0 19.7 10.9 14.0 3.5 2 0 4 5 5
-4729.8 -10074.9 -322.9 359 0 11.0 19.6 14.0 3.5 2 1 4 4 4
-4707.6 -10087.1 -322.5 315 0 19.6 10.9 14.0 3.5 2 0 4 2 2
-4924.0 -9664.4 -316.9 65 0 20.3 10.2 14.0 3.5 2 0 4 3 3
-4752.1 -9814.2 -321.5 359 0 9.3 18.5 10.5 3.5 2 1 3 4 4
-4741.0 -9814.2 -321.9 179 0 9.3 18.4 10.5 3.5 2 1 3 2 2
-4700.0 -9857.0 -321.6 179 0 9.3 18.5 10.5 0.0 0 1 3 5 5
-4663.3 -9861.5 -321.2 89 0 18.5 9.3 10.5 3.5 2 0 3 5 5
-4635.0 -9844.4 -321.2 269 0 18.4 9.3 10.5 3.5 2 0 3 0 0
-4638.3 -9821.9 -321.5 89 0 18.5 9.3 10.5 3.5 4 0 3 1 1
-4668.6 -9820.3 -322.0 89 0 18.4 9.3 10.5 3.5 2 0 3 3 3
-4662.4 -9768.7 -321.9 277 0 18.5 9.3 10.5 3.5 2 0 3 0 0
-4626.5 -9777.5 -321.9 7 0 9.3 18.4 10.5 0.0 0 1 3 0 0
-4641.1 -9881.5 -321.3 269 0 18.4 9.3 10.5 3.5 2 0 3 3 3
-4676.0 -9886.3 -321.0 179 0 9.3 18.5 10.5 3.5 2 1 3 1 1
-4616.8 -9881.5 -321.2 269 0 18.4 9.3 10.5 3.5 2 0 3 2 2
-4763.2 -9925.3 -322.3 237 0 18.5 9.3 10.5 3.5 4 0 3 0 0
-4738.4 -9908.8 -321.7 237 0 18.5 9.3 10.5 3.5 2 0 3 0 0
-4771.9 -9897.1 -322.0 180 0 18.5 9.2 10.5 3.5 4 0 3 1 1
-4769.8 -9869.4 -322.0 180 0 18.5 9.2 10.5 0.0 0 0 3 2 2
-4769.8 -9843.4 -321.8 180 0 18.5 9.2 10.5 3.5 2 0 3 0 0
-4720.1 -9843.8 -322.0 360 0 18.5 9.2 10.5 3.5 2 0 3 5 5
-4720.7 -9872.8 -321.9 360 0 18.5 9.2 10.5 0.0 0 0 3 1 1
-4690.0 -9880.2 -321.3 360 0 18.5 9.2 10.5 3.5 2 0 3 3 3
-4610.3 -9864.5 -321.1 90 0 9.2 18.5 10.5 3.5 2 1 3 1 1
-4605.5 -9812.2 -321.6 360 0 18.5 9.2 10.5 3.5 2 0 3 1 1
-4694.4 -9804.3 -321.9 270 0 9.2 18.5 10.5 3.5 2 1 3 4 4
-4615.2 -9788.0 -321.9 180 0 18.5 9.2 10.5 3.5 2 0 3 5 5
-4691.8 -9786.3 -321.8 102 0 9.2 18.5 10.5 0.0 0 1 3 0 0
-4438.8 -9382.8 -319.9 267 0 18.8 23.6 10.5 3.5 2 1 3 2 2
-4084.3 -8672.1 -316.5 198 0 9.9 17.2 10.5 3.5 2 1 3 3 3
-4089.0 -8686.8 -316.8 199 0 11.7 18.8 14.0 3.5 4 1 4 5 5
-4091.4 -8701.9 -317.3 198 0 9.0 21.1 10.5 3.5 2 1 3 4 4
-4088.1 -8580.5 -314.5 288 0 20.1 17.7 14.0 3.5 4 0 4 1 1
-4112.1 -8572.1 -314.0 288 0 20.1 17.7 14.0 3.5 2 0 4 3 3
-4134.6 -8564.1 -313.6 288 0 20.1 17.7 14.0 3.5 2 0 4 2 2
-4149.9 -8603.0 -314.1 119 0 20.3 17.7 14.0 3.5 2 0 4 3 3
-4126.0 -8614.7 -314.6 119 0 20.3 17.7 14.0 3.5 2 0 4 3 3
-4103.6 -8626.5 -315.1 119 0 20.3 17.7 14.0 3.5 2 0 4 5 5
-4342.5 -8590.5 -309.7 9 0 8.8 18.0 10.5 3.5 4 1 3 5 5
-4133.6 -8180.7 -319.5 25 0 17.2 36.2 14.0 0.0 0 1 4 0 0
-4112.9 -8141.9 -320.0 29 0 15.3 36.2 14.0 0.0 0 1 4 2 2
-3957.6 -8054.3 -322.7 142 0 13.8 29.3 10.5 0.0 0 1 3 1 1
-3937.0 -8079.2 -322.6 142 0 13.8 29.3 10.5 0.0 0 1 3 0 0
-3979.0 -8027.9 -322.8 142 0 13.8 29.3 10.5 0.0 0 1 3 0 0
-3890.2 -8060.2 -322.5 52 0 13.7 29.4 10.5 0.0 0 1 3 1 1
-3912.4 -8022.0 -322.6 322 0 15.3 11.9 10.5 0.0 0 0 3 4 4
-3709.6 -8770.7 -319.5 184 0 21.0 29.7 14.0 0.0 0 1 4 5 5
-3332.8 -9018.3 -315.8 108 0 21.2 18.4 14.0 0.0 0 0 4 2 2
-3477.9 -8605.6 -319.0 54 0 12.0 21.9 14.0 3.5 2 1 4 3 3
-3458.0 -8623.2 -318.8 67 0 17.1 22.9 14.0 0.0 0 1 4 4 4
-3433.5 -8604.6 -318.7 52 0 21.9 12.5 14.0 3.5 2 0 4 2 2
-3433.7 -8567.3 -318.8 324 0 22.0 12.5 14.0 3.5 4 0 4 5 5
-3449.9 -8579.6 -318.8 323 0 22.0 12.5 14.0 3.5 2 0 4 5 5
-3457.6 -8536.2 -319.0 324 0 22.0 12.5 14.0 3.5 2 0 4 2 2
-3473.7 -8548.3 -319.0 323 0 22.0 12.5 14.0 3.5 2 0 4 3 3
-6201.1 -9105.6 -289.7 177 0 17.7 11.0 7.5 2.5 2 0 3 4 4
-5930.0 -9291.7 -254.6 2 0 21.4 11.9 14.0 3.5 2 0 4 5 5
-5956.0 -9256.9 -253.1 272 0 12.0 21.4 14.0 3.5 4 1 4 5 5
-5976.4 -9266.1 -254.7 272 0 12.0 21.4 14.0 0.0 0 1 4 4 4
-5978.4 -9315.7 -257.8 92 0 11.6 22.1 14.0 3.5 2 1 4 4 4
-5956.1 -9330.2 -258.6 92 0 11.6 22.1 14.0 3.5 2 1 4 3 3
-5937.2 -9347.6 -259.9 92 0 11.6 22.1 14.0 3.5 2 1 4 3 3
-5913.6 -9303.3 -256.4 272 0 11.6 22.1 14.0 3.5 2 1 4 2 2
-5893.5 -9348.3 -258.3 92 0 11.6 22.1 14.0 3.5 2 1 4 4 4
-5917.9 -9362.0 -260.8 92 0 11.6 22.1 14.0 0.0 0 1 4 1 1
-6118.7 -9145.1 -278.2 0 0 17.7 11.0 5.0 2.5 2 0 2 2 2
-6138.9 -9143.9 -281.0 0 0 17.7 11.0 2.5 2.5 2 0 1 1 1
-6158.9 -9144.1 -283.6 0 0 17.7 11.0 2.5 2.5 2 0 1 2 2
-6159.3 -9176.8 -282.1 0 0 17.7 11.0 5.0 2.5 2 0 2 1 1
-6140.1 -9176.4 -279.6 0 0 17.7 11.0 7.5 2.5 2 0 3 3 3
-6119.1 -9175.4 -276.8 0 0 17.7 11.0 7.5 2.5 2 0 3 2 2
-6117.1 -9208.1 -275.0 0 0 17.7 11.0 5.0 0.0 0 0 2 2 2
-6146.0 -9217.5 -278.1 90 0 11.0 17.7 7.5 2.5 2 1 3 0 0
-6164.3 -9217.9 -280.5 90 0 11.0 17.7 10.0 0.0 0 1 4 1 1
-6201.0 -9149.0 -287.6 177 0 17.7 11.0 7.5 2.5 2 0 3 2 2
-6224.6 -9148.8 -290.8 177 0 17.7 11.0 10.0 0.0 0 0 4 2 2
-6247.4 -9148.4 -293.8 177 0 17.7 11.0 2.5 2.5 2 0 1 3 3
-6246.1 -9107.0 -295.6 177 0 17.7 11.0 5.0 2.5 2 0 2 1 1
-6223.5 -9106.2 -292.7 177 0 17.7 11.0 5.0 2.5 2 0 2 4 4
-6199.3 -9071.3 -291.4 177 0 17.7 11.0 5.0 0.0 0 0 2 1 1
-6221.3 -9071.7 -294.2 177 0 17.7 11.0 2.5 0.0 0 0 1 5 5
-6242.7 -9071.5 -297.1 177 0 17.7 11.0 7.5 2.5 2 0 3 4 4
-6017.6 -9136.8 -265.1 315 0 11.0 17.7 14.0 0.0 0 1 4 2 2
-6034.0 -9123.5 -268.0 315 0 11.0 17.7 14.0 3.5 2 1 4 1 1
-6050.1 -9108.3 -270.9 315 0 11.0 17.7 14.0 3.5 2 1 4 1 1
-6082.0 -9142.3 -272.3 135 0 11.0 17.7 14.0 3.5 2 1 4 5 5
-6092.9 -9178.8 -272.0 135 0 11.0 17.7 14.0 3.5 2 1 4 5 5
-6073.7 -9183.5 -268.9 169 0 11.1 17.7 14.0 3.5 2 1 4 5 5
-6047.5 -9170.6 -266.3 135 0 11.0 17.7 14.0 3.5 2 1 4 1 1
-6046.2 -9223.0 -263.9 132 0 14.7 18.6 14.0 3.5 2 1 4 1 1
-6066.6 -9246.8 -265.4 132 0 14.7 18.6 14.0 3.5 2 1 4 1 1
-4993.1 -9285.4 -293.9 61 0 16.4 20.0 14.0 3.5 2 1 4 0 0
-5970.7 -8853.1 -275.7 110 0 13.5 17.9 10.0 2.5 2 1 4 0 0
-5940.2 -8855.7 -272.7 20 0 17.9 13.6 7.5 2.5 2 0 3 2 2
-5951.0 -8875.2 -270.1 290 0 13.6 17.9 10.0 2.5 2 1 4 4 4
-5969.4 -8867.4 -272.8 290 0 13.6 17.9 5.0 2.5 2 1 2 1 1
-5989.3 -8858.2 -275.9 290 0 13.6 17.9 7.5 2.5 2 1 3 3 3
-6010.0 -8849.3 -279.0 290 0 13.6 17.9 10.0 2.5 2 1 4 2 2
-6031.1 -8840.6 -282.2 290 0 13.6 17.9 5.0 0.0 0 1 2 2 2
-6009.4 -8836.5 -281.1 110 0 13.5 17.9 5.0 2.5 2 1 2 1 1
-5988.3 -8845.2 -278.2 110 0 13.5 17.9 7.5 2.5 2 1 3 1 1
-6030.2 -8827.0 -284.2 110 0 13.5 17.9 2.5 2.5 2 1 1 4 4
-5643.6 -8780.0 -259.2 29 0 20.4 14.9 14.0 3.5 2 0 4 5 5
-5695.5 -8751.9 -260.4 209 0 20.4 14.9 14.0 3.5 2 0 4 0 0
-5717.0 -8793.9 -260.5 205 0 19.9 16.9 14.0 3.5 2 0 4 5 5
-5663.7 -8821.3 -259.3 25 0 19.9 16.9 14.0 3.5 2 0 4 2 2
-5679.6 -8853.6 -259.4 25 0 19.9 16.9 14.0 3.5 2 0 4 2 2
-5716.7 -8835.0 -260.5 25 0 19.9 16.9 14.0 3.5 2 0 4 1 1
-5083.7 -10013.0 -326.2 179 0 9.8 18.0 10.5 3.5 2 1 3 2 2
-5036.8 -10036.1 -325.8 359 0 18.1 9.7 10.5 3.5 2 0 3 3 3
-5082.4 -10041.9 -326.0 179 0 18.1 9.7 10.5 3.5 2 0 3 4 4
-5080.8 -10066.6 -326.0 179 0 18.1 9.7 10.5 3.5 2 0 3 1 1
-5037.4 -10064.2 -325.5 359 0 18.1 9.7 10.5 3.5 2 0 3 4 4
-5037.2 -10092.9 -325.5 359 0 18.1 9.7 10.5 3.5 2 0 3 2 2
-5074.6 -10102.2 -326.0 89 0 9.7 18.1 10.5 3.5 2 1 3 0 0
-1288.9 -9913.7 -303.5 240 0 10.1 14.6 17.5 3.5 2 0 5 0 0
-1171.5 -10662.1 -301.0 107 0 35.0 17.2 17.5 3.5 2 0 5 3 3
-1707.5 -10391.2 -304.3 261 0 16.5 16.8 14.0 3.5 2 1 4 3 3
-2071.3 -10173.6 -306.3 23 0 18.4 10.6 14.0 3.5 2 0 4 1 1
-2061.7 -10151.2 -306.1 24 0 16.9 13.6 14.0 0.0 0 0 4 3 3
-1853.7 -10235.0 -304.6 188 0 16.4 17.7 17.5 3.5 2 1 5 2 2
-1644.1 -10115.8 -302.6 291 0 22.5 12.8 17.5 3.5 2 0 5 1 1
-1591.1 -10153.3 -302.7 19 0 34.9 12.0 14.0 3.5 2 0 4 0 0
-1637.9 -10194.5 -302.3 98 0 14.5 26.2 17.5 0.0 0 0 5 5 5
-1623.0 -10195.9 -302.3 93 0 15.6 23.0 17.5 3.5 2 0 5 4 4
-1602.2 -10188.3 -302.3 13 0 21.7 11.0 17.5 3.5 2 0 5 4 4
-1651.8 -10192.5 -302.4 97 0 13.6 29.2 17.5 3.5 2 0 5 2 2
-1643.8 -10107.8 -302.8 109 0 12.1 21.3 14.0 3.5 2 0 4 5 5
-1632.9 -10111.6 -302.8 109 0 11.0 21.3 14.0 0.0 0 0 4 5 5
-1616.8 -10094.4 -302.8 286 0 7.6 18.4 10.5 3.5 2 0 3 2 2
-1607.2 -10097.5 -302.8 289 0 12.2 26.8 14.0 3.5 2 0 4 3 3
-1594.8 -10101.0 -302.9 283 0 12.8 27.1 14.0 3.5 2 0 4 2 2
-1575.2 -10115.8 -302.9 18 0 18.9 16.1 14.0 3.5 2 0 4 4 4
-1350.1 -10214.5 -302.6 76 0 16.8 17.7 17.5 3.5 2 1 5 5 5
-1122.6 -10300.3 -304.9 92 0 6.8 16.7 10.5 3.5 4 1 3 1 1
-1119.1 -10395.7 -302.6 0 0 21.9 11.2 17.5 3.5 2 0 5 4 4
-1142.5 -10357.5 -303.1 267 0 11.5 23.2 17.5 3.5 2 1 5 5 5
-1125.1 -10310.5 -304.3 269 0 11.5 10.7 14.0 3.5 2 0 4 3 3
-1091.3 -10500.4 -301.9 184 0 13.7 13.5 17.5 3.5 2 0 5 2 2
-1092.6 -10522.5 -301.8 184 0 13.7 13.5 17.5 3.5 4 0 5 5 5
-1049.3 -10510.1 -301.9 1 0 24.6 12.4 17.5 3.5 2 0 5 0 0
-1048.9 -10547.0 -301.7 1 0 24.6 12.4 17.5 3.5 2 0 5 5 5
-1048.4 -10584.9 -301.4 1 0 24.6 12.4 17.5 3.5 2 0 5 3 3
-1151.9 -10421.7 -302.3 276 0 10.3 13.9 17.5 3.5 2 1 5 0 0
-1122.1 -10434.5 -302.4 3 0 18.8 10.9 17.5 3.5 2 0 5 1 1
-785.1 -10416.4 -302.6 289 0 21.3 13.2 17.5 3.5 2 0 5 5 5
-754.4 -10599.7 -300.7 294 0 10.8 15.6 17.5 3.5 2 1 5 4 4
-1189.4 -10403.2 -302.5 91 0 14.0 19.9 14.0 3.5 2 1 4 0 0
-1290.6 -10415.6 -302.1 92 0 8.6 24.1 10.5 0.0 0 1 3 2 2
-2960.8 -10662.5 -314.3 88 0 26.3 14.8 17.5 3.5 2 0 5 0 0
-2994.0 -10644.0 -314.5 195 0 20.2 18.3 17.5 3.5 2 0 5 3 3
-2967.4 -10626.5 -314.4 267 0 12.0 15.1 17.5 3.5 2 1 5 4 4
-2942.2 -10551.9 -314.9 181 0 21.1 15.5 17.5 3.5 2 0 5 1 1
-2844.6 -10272.1 -314.5 358 0 17.0 31.1 14.0 3.5 2 1 4 3 3
-2852.7 -10247.2 -314.2 271 0 14.9 15.0 14.0 3.5 2 1 4 2 2
-2613.8 -10467.6 -313.1 358 0 12.2 16.1 14.0 3.5 2 1 4 0 0
-2515.3 -10583.5 -311.7 47 0 11.3 30.0 17.5 3.5 4 1 5 2 2
-2503.8 -10607.9 -311.1 265 0 16.2 20.8 17.5 0.0 0 1 5 0 0
-2385.5 -10536.8 -310.5 272 0 15.6 31.3 14.0 3.5 2 1 4 4 4
-1430.4 -10559.8 -302.7 90 0 19.6 14.6 14.0 3.5 2 0 4 5 5
-1499.0 -10606.0 -303.8 340 0 11.1 18.4 17.5 3.5 2 0 5 1 1
-1777.8 -10575.5 -306.1 108 0 12.6 14.5 14.0 3.5 2 1 4 4 4
-1648.4 -9864.2 -303.1 348 0 15.1 11.0 17.5 3.5 2 0 5 4 4
-1641.0 -9865.0 -303.4 167 0 18.4 8.8 10.5 3.5 2 0 3 1 1
-1679.2 -9888.7 -302.9 90 0 19.0 28.8 17.5 3.5 2 1 5 2 2
-1647.0 -9957.0 -302.1 289 0 11.5 21.6 17.5 3.5 2 1 5 1 1
-1751.3 -9893.5 -302.4 305 0 19.9 37.5 14.0 0.0 0 1 4 0 0
-2112.9 -7853.6 -311.4 261 0 13.1 32.9 14.0 3.5 2 1 4 0 0
-1998.9 -8418.9 -308.6 275 0 8.4 18.9 10.5 3.5 2 1 3 4 4
-1922.4 -8550.5 -308.6 90 0 16.4 31.7 17.5 3.5 2 1 5 3 3
-1930.1 -8484.2 -308.6 268 0 17.2 29.4 17.5 3.5 2 1 5 5 5
-1961.4 -8523.8 -308.6 186 0 14.1 18.8 17.5 0.0 0 1 5 5 5
-1897.7 -8520.1 -308.6 0 0 20.2 17.9 17.5 3.5 2 0 5 0 0
-1952.0 -8240.6 -309.3 183 0 22.7 15.0 17.5 3.5 2 0 5 4 4
-940.4 -10645.4 -300.6 192 0 17.5 11.3 17.5 3.5 2 0 5 3 3
-934.1 -10620.2 -300.9 192 0 17.5 11.3 17.5 3.5 2 0 5 1 1
-930.4 -10593.2 -301.1 193 0 10.4 12.4 17.5 3.5 2 1 5 3 3
-924.7 -10569.9 -301.3 193 0 10.4 12.4 17.5 3.5 2 1 5 2 2
-1771.7 -10483.3 -305.4 181 0 8.3 17.5 10.5 3.5 2 1 3 4 4
-1599.8 -10554.5 -304.4 329 0 7.7 22.9 10.5 3.5 2 1 3 4 4
-1617.9 -10514.4 -304.3 334 0 23.8 20.1 17.5 3.5 4 0 5 4 4
-2752.4 -10390.6 -313.9 162 0 17.1 17.7 14.0 3.5 2 1 4 0 0
-2836.8 -10393.5 -314.9 356 0 29.9 15.8 17.5 0.0 0 0 5 5 5
-2712.0 -10357.0 -313.3 158 0 19.0 11.6 14.0 3.5 2 0 4 2 2
-1202.9 -10635.9 -301.2 20 0 20.0 9.5 10.5 3.5 2 0 3 3 3
-1229.4 -10623.9 -301.2 192 0 6.6 12.9 10.5 3.5 2 1 3 1 1
-1224.8 -10657.1 -301.4 116 0 28.5 14.8 14.0 3.5 2 0 4 5 5
-1124.5 -10643.6 -301.0 16 0 18.7 11.4 17.5 3.5 2 0 5 3 3
-759.4 -10443.6 -302.5 4 0 21.6 14.4 17.5 3.5 2 0 5 2 2
-787.5 -10459.5 -302.4 81 0 13.9 21.1 17.5 3.5 2 1 5 3 3
-783.0 -10479.3 -302.1 92 0 27.6 14.0 17.5 3.5 2 0 5 2 2
-875.8 -10488.7 -302.0 283 0 10.9 16.6 17.5 3.5 2 1 5 0 0
-948.9 -10591.2 -301.2 17 0 6.7 9.2 10.5 3.5 2 1 3 2 2
-963.3 -10585.2 -301.3 17 0 6.7 9.2 10.5 3.5 2 1 3 2 2
-977.7 -10580.4 -301.4 17 0 6.7 9.2 10.5 3.5 2 1 3 2 2
-940.9 -10504.5 -302.1 111 0 8.9 20.0 10.5 3.5 2 1 3 2 2
-726.6 -10544.4 -301.2 287 0 13.9 18.8 14.0 3.5 2 1 4 3 3
-667.9 -10464.3 -301.9 3 0 19.2 8.2 10.5 0.0 0 0 3 4 4
-692.5 -10458.6 -301.9 182 0 12.0 13.8 17.5 3.5 2 1 5 0 0
-87.1 -10295.5 -298.3 269 0 17.4 16.0 14.0 3.5 2 0 4 1 1
-514.9 -10646.3 -299.9 13 0 16.3 15.5 17.5 3.5 2 0 5 5 5
-535.2 -10647.9 -299.9 106 0 11.9 17.3 17.5 3.5 2 0 5 3 3
-1780.7 -9734.6 -304.1 20 0 16.3 9.7 10.5 3.5 2 0 3 5 5
-1846.9 -9683.9 -304.2 187 0 9.1 16.9 10.5 3.5 2 0 3 3 3
-1847.8 -9692.8 -304.1 184 0 8.3 16.9 10.5 3.5 2 0 3 3 3
-1824.7 -9723.7 -304.0 52 0 15.6 9.4 10.5 3.5 2 0 3 2 2
-1773.7 -9737.6 -304.1 206 0 16.3 8.2 10.5 0.0 0 0 3 1 1
-1757.2 -9727.7 -304.2 273 0 7.9 15.2 10.5 0.0 0 0 3 5 5
-1867.2 -9976.4 -303.1 220 0 13.8 16.6 14.0 3.5 2 1 4 3 3
-1809.7 -9783.1 -303.5 228 0 8.5 12.7 10.5 0.0 0 0 3 5 5
-1790.7 -9803.9 -303.5 41 0 11.1 15.4 14.0 3.5 2 0 4 3 3
-1797.8 -9812.5 -303.4 39 0 11.2 14.9 14.0 0.0 0 0 4 1 1
-1818.0 -9788.9 -303.5 240 0 13.1 13.3 14.0 3.5 2 0 4 4 4
-1684.9 -9937.9 -302.2 107 0 11.6 23.4 17.5 3.5 2 0 5 4 4
-1708.1 -9892.3 -302.2 284 0 34.8 15.5 17.5 3.5 2 0 5 0 0
-1835.2 -10215.0 -304.3 192 0 18.8 14.3 17.5 3.5 2 0 5 1 1
-1859.7 -10111.9 -304.0 18 0 12.9 25.5 14.0 3.5 2 1 4 1 1
-1853.3 -10085.2 -303.8 11 0 15.4 24.7 14.0 3.5 2 0 4 2 2
-1856.0 -10097.1 -303.9 15 0 9.1 25.1 10.5 3.5 2 0 3 3 3
-1778.4 -10158.8 -303.6 3 0 17.7 23.5 17.5 3.5 2 1 5 4 4
-2011.2 -10233.2 -306.1 285 0 11.1 13.8 14.0 3.5 2 1 4 2 2
-1812.9 -10305.3 -304.6 99 0 7.6 29.4 10.5 3.5 2 1 3 0 0
-1757.4 -10582.5 -305.8 110 0 9.4 14.4 10.5 3.5 2 1 3 4 4
-1699.2 -10615.8 -305.1 276 0 16.3 14.4 14.0 3.5 2 0 4 3 3
-2065.8 -10390.2 -307.5 90 0 9.6 20.3 10.5 3.5 2 1 3 0 0
-2140.9 -10406.8 -308.5 358 0 10.1 21.4 17.5 3.5 2 1 5 0 0
-2699.0 -10527.2 -313.1 84 0 23.2 20.9 17.5 3.5 2 0 5 3 3
-2906.4 -10514.8 -314.7 2 0 17.3 15.2 17.5 3.5 2 0 5 5 5
-2375.2 -10049.7 -308.4 192 0 19.9 19.0 14.0 3.5 4 0 4 2 2
-1894.2 -10036.1 -303.7 192 0 17.9 18.6 14.0 3.5 2 1 4 3 3
-1938.3 -10190.2 -305.2 4 0 26.7 9.3 10.5 3.5 2 0 3 1 1
-2051.3 -10341.9 -307.2 270 0 9.2 17.9 10.5 3.5 4 1 3 4 4
-2034.5 -10216.6 -306.1 107 0 10.9 16.4 14.0 3.5 2 1 4 3 3
-2378.7 -10252.8 -309.8 331 0 16.3 21.8 17.5 3.5 2 1 5 5 5
-2414.5 -9978.7 -310.3 104 0 30.0 12.6 17.5 3.5 2 0 5 4 4
-2310.1 -10355.4 -309.7 325 0 16.7 10.6 14.0 3.5 2 0 4 1 1
-2445.9 -10353.4 -311.0 339 0 18.6 19.1 14.0 3.5 2 0 4 1 1
-2472.6 -10359.1 -311.2 243 0 14.6 16.7 14.0 3.5 2 0 4 1 1
-2569.2 -10595.7 -311.7 226 0 17.8 14.3 17.5 3.5 2 0 5 3 3
-2663.1 -10527.6 -312.7 178 0 8.2 22.0 10.5 3.5 2 1 3 2 2
-2687.0 -10466.2 -313.7 355 0 15.6 16.6 17.5 3.5 2 0 5 4 4
-2685.8 -10478.2 -313.4 354 0 8.5 23.7 10.5 3.5 2 0 3 3 3
-2655.8 -10341.0 -312.9 332 0 13.1 18.5 14.0 3.5 2 1 4 0 0
-1856.0 -9855.8 -302.5 271 0 11.9 13.9 14.0 3.5 2 1 4 2 2
-1833.4 -9739.9 -303.8 230 0 10.7 11.4 14.0 3.5 2 0 4 4 4
-1845.2 -9749.5 -303.7 213 0 10.2 13.6 14.0 3.5 2 0 4 2 2
-1762.0 -9819.0 -303.4 312 0 10.9 7.7 10.5 3.5 2 0 3 3 3
-1749.4 -9830.3 -303.4 309 0 13.0 15.5 17.5 0.0 0 0 5 4 4
-1623.3 -9959.7 -302.6 111 0 8.8 17.1 10.5 3.5 2 1 3 5 5
-1673.0 -9896.6 -302.5 274 0 10.9 11.5 17.5 3.5 2 0 5 3 3
-1663.4 -9897.1 -302.7 272 0 8.0 11.8 10.5 3.5 2 0 3 1 1
-1655.4 -9897.3 -302.8 270 0 7.7 15.4 10.5 3.5 2 0 3 0 0
-1667.2 -9943.5 -302.3 107 0 7.7 17.5 10.5 3.5 2 0 3 0 0
-1675.1 -9941.0 -302.1 107 0 8.6 12.5 10.5 0.0 0 0 3 1 1
-2067.6 -9800.3 -305.8 63 0 21.0 23.1 17.5 3.5 2 0 5 2 2
-2090.4 -9807.0 -306.0 90 0 8.7 23.0 10.5 3.5 4 0 3 2 2
-2233.9 -8522.3 -310.8 93 0 12.9 29.3 14.0 3.5 4 1 4 5 5
-2240.0 -8604.2 -310.4 180 0 20.1 17.6 14.0 3.5 2 0 4 5 5
-2230.0 -8468.4 -310.7 274 0 12.7 12.9 14.0 3.5 4 1 4 3 3
-2514.9 -7025.6 -313.0 10 0 18.0 31.9 7.5 0.0 0 1 3 0 0
-4043.7 -8043.9 -321.6 51 0 11.6 12.4 10.5 3.5 2 1 3 5 5
-4025.9 -8028.4 -322.0 51 0 11.6 12.4 10.5 0.0 0 1 3 5 5
-4037.1 -8005.5 -321.9 321 0 12.4 11.6 10.5 0.0 0 0 3 2 2
-4050.3 -7989.4 -321.8 321 0 12.4 11.6 10.5 3.5 2 0 3 3 3
-4063.3 -8002.3 -321.6 321 0 12.4 11.6 10.5 3.5 2 0 3 1 1
-4088.3 -8032.9 -321.1 51 0 11.6 12.4 10.5 3.5 2 1 3 3 3
-4111.8 -8041.8 -320.9 141 0 12.4 11.6 10.5 0.0 0 0 3 5 5
-4054.2 -8031.3 -321.6 51 0 11.6 12.4 10.5 3.5 2 1 3 5 5
-4068.1 -8042.3 -321.3 51 0 11.6 12.4 10.5 0.0 0 1 3 1 1
-4056.7 -8056.3 -321.4 51 0 11.6 12.4 10.5 3.5 2 1 3 0 0
-4071.7 -8067.9 -321.1 51 0 11.6 12.4 10.5 0.0 0 1 3 0 0
-4083.3 -8054.2 -321.1 51 0 11.6 12.4 10.5 3.5 2 1 3 2 2
-4111.8 -8067.7 -320.7 141 0 12.4 11.6 10.5 3.5 2 0 3 3 3
-4125.2 -8054.4 -320.6 141 0 12.4 11.6 10.5 3.5 2 0 3 0 0
-4089.0 -8079.4 -320.8 51 0 11.6 12.4 10.5 0.0 0 1 3 4 4
-726.6 -9649.7 -299.4 287 0 27.4 37.2 17.5 0.0 0 1 5 5 5
