4976.3 -8761.4 -50.7 87 0 18.9 41.6 12.5 2.5 2 1 5 5 5
5008.4 -8637.6 -52.7 356 0 41.4 24.1 10.0 0.0 0 0 4 5 5
4967.0 -8573.8 -52.3 267 0 18.1 40.9 7.5 0.0 0 1 3 4 4
4993.0 -8575.7 -52.5 266 0 23.7 37.4 12.5 0.0 0 1 5 0 0
4891.2 -8419.4 -54.6 120 0 34.0 137.6 10.0 0.0 0 1 4 4 4
5012.2 -8687.3 -51.3 357 0 51.7 24.6 12.5 2.5 2 0 5 5 5
4961.3 -8640.2 -52.5 177 0 41.2 18.5 10.0 2.5 4 0 4 5 5
4963.8 -8694.2 -51.4 177 0 41.6 18.9 12.5 2.5 2 0 5 2 2
5032.7 -8529.1 -52.0 359 0 7.0 11.5 2.5 2.5 2 1 1 0 0
2887.5 -5989.5 -63.6 17 0 25.1 98.2 12.5 0.0 0 1 5 1 1
2782.3 -5924.9 -66.0 9 0 13.1 8.7 7.5 2.5 2 0 3 2 2
2879.9 -6018.1 -61.1 17 0 25.9 99.0 10.0 0.0 0 1 4 5 5
2801.6 -5889.0 -69.9 158 0 11.5 24.0 10.0 2.5 2 1 4 2 2
2856.2 -5932.3 -66.1 11 0 9.8 17.6 5.0 2.5 2 1 2 2 2
2775.3 -6021.2 -58.2 196 0 22.7 95.8 12.5 0.0 0 1 5 2 2
1939.7 -6195.7 -66.6 312 0 5.8 13.1 7.5 2.5 2 1 3 0 0
1986.4 -6112.7 -67.2 253 0 8.1 12.0 7.5 0.0 0 1 3 1 1
1994.2 -6282.6 -65.9 44 0 14.4 47.3 10.0 2.5 2 1 4 1 1
-1789.4 -5666.9 -71.8 175 0 11.5 80.6 10.0 2.5 2 1 4 4 4
3659.7 6153.4 -26.3 152 0 10.5 15.2 7.5 2.5 2 1 3 5 5
218.6 -2513.5 38.8 172 0 13.1 51.2 5.0 0.0 0 1 2 3 3
288.4 -2549.2 39.4 354 0 20.7 6.9 5.0 2.5 2 0 2 0 0
-1311.9 -2067.4 0.3 353 0 9.2 16.7 5.0 2.5 2 1 2 1 1
-1137.6 -2093.0 -13.0 166 0 14.0 42.5 12.5 2.5 2 1 5 5 5
-1231.2 -2101.9 -4.0 132 0 20.4 10.9 5.0 2.5 2 0 2 5 5
-1164.6 -2118.1 -11.4 167 0 9.0 60.2 7.5 2.5 2 1 3 0 0
-1037.3 -2040.4 -19.1 344 0 18.0 106.0 12.5 0.0 0 1 5 0 0
-1019.2 -2087.0 -17.9 341 0 18.1 86.5 12.5 2.5 2 1 5 5 5
-1229.4 -2031.8 -7.3 260 0 7.7 7.3 2.5 2.5 2 0 1 4 4
-1188.9 -2072.2 -9.1 171 0 10.7 26.0 10.0 2.5 2 1 4 1 1
-1127.8 -1977.3 -17.5 259 0 38.8 8.2 7.5 2.5 2 0 3 3 3
-1238.8 -2058.9 -19.1 165 0 19.4 179.0 12.5 0.0 0 1 5 3 3
-1171.6 -1960.0 -14.8 247 0 11.3 9.7 7.5 2.5 2 0 3 3 3
-1213.2 -2025.7 -14.2 166 0 16.7 68.4 12.5 2.5 2 1 5 2 2
-1181.0 -2106.7 -7.0 79 0 9.2 18.4 7.5 2.5 4 1 3 1 1
-4696.6 2178.7 34.3 6 0 19.5 12.1 10.0 2.5 2 0 4 2 2
-4303.3 3814.8 -35.0 332 0 10.1 17.6 5.0 2.5 2 1 2 2 2
-4715.4 2057.3 43.1 355 0 19.4 13.0 10.0 2.5 2 0 4 5 5
-4658.1 1750.8 45.9 17 0 68.0 16.6 10.0 2.5 2 0 4 2 2
-4646.2 1496.9 47.9 62 0 10.2 88.2 10.0 2.5 2 1 4 4 4
-4735.6 1971.5 45.0 82 0 11.5 133.7 10.0 0.0 0 1 4 4 4
-79.4 1354.6 53.0 264 0 14.4 9.6 2.5 2.5 2 0 1 0 0
-880.1 4809.5 -31.4 152 0 8.1 7.1 7.5 2.5 2 0 3 0 0
-763.7 4798.2 -28.3 275 0 13.8 91.7 12.5 0.0 0 1 5 1 1
-1398.3 2850.6 -33.8 74 0 20.1 10.1 7.5 2.5 2 0 3 1 1
-841.6 4777.8 -27.0 348 0 10.9 9.0 7.5 2.5 2 0 3 4 4
-853.9 4816.9 -30.7 307 0 9.0 6.4 7.5 2.5 2 0 3 0 0
-783.9 4797.3 -25.3 272 0 10.4 13.5 5.0 2.5 2 0 2 5 5
-790.1 4767.2 -24.1 182 0 33.5 10.4 10.0 2.5 2 0 4 0 0
-716.8 4786.9 -18.9 20 0 13.7 10.2 7.5 2.5 2 0 3 2 2
-3300.9 4845.9 -103.9 302 0 19.7 114.6 17.5 0.0 0 1 7 3 3
-3251.3 4525.0 -100.6 24 0 90.8 15.9 15.0 0.0 0 0 6 5 5
-3706.7 4993.1 -91.6 170 0 10.6 22.7 5.0 2.5 2 1 2 3 3
-3566.6 4948.9 -99.7 128 0 13.3 92.2 10.0 2.5 4 1 4 3 3
-2146.6 4749.2 -97.4 342 0 91.4 15.7 12.5 2.5 2 0 5 4 4
-3301.1 4796.0 -101.8 304 0 18.0 123.7 15.0 0.0 0 1 6 3 3
2985.0 9841.7 -63.8 26 0 4.0 5.5 2.5 2.5 2 1 1 3 3
2987.0 9848.5 -64.2 32 0 5.6 3.8 7.5 2.5 2 0 3 2 2
3007.5 9899.3 -66.8 200 0 5.1 4.3 2.5 2.5 4 0 1 1 1
2982.0 9834.6 -63.5 28 0 5.1 9.8 7.5 2.5 2 1 3 4 4
3013.0 9871.9 -66.2 208 0 38.3 7.0 7.5 2.5 2 0 3 0 0
2999.0 9843.4 -64.0 206 0 13.8 6.6 7.5 2.5 4 0 3 2 2
1711.6 8455.6 -9.1 61 0 12.2 9.8 5.0 2.5 2 0 2 3 3
2889.4 8479.8 23.3 29 0 56.0 15.0 12.5 2.5 2 0 5 0 0
2841.1 8513.8 16.6 54 0 23.7 10.3 10.0 2.5 2 0 4 2 2
3919.1 8864.1 -52.3 61 0 17.4 11.5 7.5 0.0 0 0 3 5 5
3440.6 8697.0 3.0 303 0 8.1 18.3 2.5 2.5 4 1 1 5 5
3133.3 8444.5 16.4 57 0 74.7 20.7 10.0 2.5 2 0 4 4 4
4315.1 8942.4 -74.3 74 0 16.1 14.0 5.0 2.5 2 0 2 3 3
4332.6 9014.6 -75.2 348 0 17.9 105.2 10.0 0.0 0 1 4 4 4
-2304.7 10033.9 -74.0 217 0 76.8 11.1 10.0 2.5 2 0 4 5 5
-2335.3 10061.1 -77.6 130 0 7.3 9.4 2.5 2.5 2 1 1 2 2
-2276.7 10071.2 -71.1 217 0 9.6 11.2 5.0 0.0 0 1 2 0 0
-2280.4 10011.6 -71.4 37 0 86.6 16.4 7.5 2.5 2 0 3 1 1
-5006.7 8849.8 -60.0 173 0 11.1 15.1 5.0 2.5 2 1 2 3 3
4253.3 -3490.3 -55.1 36 0 11.5 22.7 12.5 2.5 2 1 5 4 4
3191.5 -7284.3 -10.5 0 0 17.2 9.9 7.5 2.5 4 0 3 0 0
3214.9 -7292.5 -8.9 194 0 8.4 13.2 7.5 2.5 2 1 3 0 0
3270.8 -7241.2 -8.4 106 0 15.7 12.1 7.5 2.5 2 0 3 1 1
3249.1 -7231.8 -9.3 191 0 13.2 13.1 7.5 2.5 2 0 3 2 2
2618.1 -7945.2 -32.8 58 0 9.7 11.9 5.0 2.5 2 1 2 1 1
2614.9 -7903.9 -31.5 334 0 8.1 8.4 7.5 2.5 2 1 3 1 1
2587.7 -7743.8 -28.3 18 0 8.7 11.9 2.5 0.0 0 1 1 2 2
2590.4 -7714.6 -29.7 288 0 9.5 22.7 7.5 2.5 2 1 3 2 2
2551.7 -7718.0 -28.7 284 0 8.2 25.9 5.0 2.5 2 1 2 2 2
3087.9 -7416.3 -14.6 19 0 12.4 12.0 2.5 2.5 2 0 1 0 0
3067.3 -7403.6 -15.5 285 0 9.9 12.1 7.5 2.5 2 1 3 0 0
3080.2 -7433.4 -16.0 23 0 16.9 7.7 5.0 2.5 2 0 2 3 3
3133.5 -7387.0 -9.9 194 0 11.7 13.4 10.0 2.5 2 1 4 5 5
3164.9 -7366.9 -9.0 298 0 8.6 15.3 2.5 2.5 2 1 1 3 3
3181.0 -7401.1 -11.1 21 0 9.4 18.8 5.0 2.5 2 1 2 1 1
3149.2 -7450.0 -12.6 105 0 14.9 13.2 10.0 2.5 2 0 4 1 1
5227.6 -6579.6 37.5 206 0 15.0 10.5 5.0 2.5 2 0 2 3 3
5247.9 -6597.5 35.5 40 0 7.2 7.9 7.5 2.5 2 1 3 4 4
5263.8 -6569.6 35.5 14 0 11.4 10.3 5.0 2.5 4 0 2 5 5
5268.7 -6588.3 32.1 214 0 10.1 14.1 7.5 2.5 2 1 3 1 1
5275.3 -6578.0 33.1 110 0 11.4 11.2 7.5 2.5 2 0 3 4 4
5307.8 -6536.7 33.4 333 0 9.5 9.6 2.5 2.5 2 1 1 4 4
4155.9 -5084.7 30.1 268 0 6.0 4.6 7.5 2.5 2 0 3 5 5
3648.6 -4408.7 -45.8 45 0 12.7 14.1 7.5 2.5 2 1 3 2 2
3652.7 -4374.9 -49.3 319 0 9.7 13.3 7.5 2.5 2 1 3 0 0
4244.3 -3675.4 -52.8 37 0 13.4 10.6 10.0 2.5 2 0 4 3 3
4240.0 -3653.0 -53.1 42 0 15.4 6.0 5.0 2.5 2 0 2 5 5
4243.4 -3616.7 -53.5 302 0 13.4 9.6 2.5 2.5 2 0 1 0 0
4251.9 -3598.4 -53.5 305 0 11.3 12.4 7.5 2.5 2 1 3 3 3
5569.8 -5936.6 -15.8 273 0 10.7 9.6 7.5 0.0 0 0 3 0 0
5580.3 -5967.5 -15.5 6 0 8.3 8.9 7.5 2.5 2 1 3 3 3
5536.7 -5998.1 -10.4 96 0 7.9 5.5 5.0 2.5 2 0 2 0 0
3248.5 -5134.8 -70.7 43 0 18.5 85.8 7.5 2.5 2 1 3 2 2
3526.0 -4309.5 -62.4 303 0 15.9 17.9 12.5 2.5 2 1 5 4 4
4191.8 -3224.9 -61.5 320 0 103.8 19.0 12.5 0.0 0 0 5 3 3
4187.8 -3184.3 -62.5 127 0 21.7 62.4 12.5 2.5 4 1 5 4 4
4285.4 -3153.8 -61.9 306 0 75.9 18.1 10.0 2.5 2 0 4 3 3
4297.8 -3206.5 -61.5 37 0 17.3 80.2 12.5 2.5 2 1 5 5 5
4979.9 -7392.7 -32.0 356 0 8.4 10.0 5.0 2.5 2 1 2 5 5
3946.2 -4205.6 -50.5 36 0 13.1 17.8 2.5 2.5 2 1 1 3 3
3391.1 -3130.0 -65.4 27 0 15.3 120.4 10.0 0.0 0 1 4 2 2
3608.9 -4411.0 -46.9 231 0 10.6 26.9 10.0 2.5 2 1 4 0 0
3722.3 -1851.6 -44.8 197 0 17.7 12.9 2.5 2.5 2 0 1 3 3
3709.6 -1873.9 -44.2 204 0 15.9 6.7 5.0 2.5 2 0 2 0 0
3717.0 -1880.7 -44.4 201 0 21.7 15.1 10.0 2.5 2 0 4 2 2
3620.3 -2522.7 -53.8 114 0 10.1 5.1 7.5 2.5 2 0 3 1 1
3653.0 -2532.7 -54.6 27 0 8.3 14.8 5.0 0.0 0 1 2 4 4
3662.6 -2516.0 -54.9 22 0 10.0 32.2 12.5 2.5 2 1 5 3 3
3620.4 -2485.5 -53.9 206 0 22.5 8.1 5.0 2.5 2 0 2 5 5
3749.4 -2326.3 -55.3 92 0 8.8 54.1 7.5 2.5 2 1 3 2 2
3730.5 -2323.3 -53.4 92 0 13.6 16.0 7.5 2.5 2 1 3 0 0
3721.5 -2275.8 -53.4 257 0 16.5 20.8 10.0 2.5 2 1 4 3 3
3568.5 -2447.9 -52.1 282 0 13.3 17.4 10.0 2.5 2 1 4 0 0
3566.0 -2498.6 -52.1 15 0 23.6 30.0 10.0 0.0 0 1 4 1 1
4342.0 -130.1 -28.7 195 0 17.0 11.2 2.5 2.5 2 0 1 3 3
4325.6 -140.1 -30.9 161 0 12.7 8.7 5.0 2.5 2 0 2 4 4
4339.1 -164.6 -32.7 157 0 13.5 13.4 10.0 2.5 2 0 4 3 3
4371.4 -190.6 -32.6 107 0 7.2 6.0 5.0 2.5 2 0 2 4 4
4362.5 -188.6 -33.1 108 0 6.5 10.0 7.5 0.0 0 1 3 0 0
4392.4 -377.1 -48.2 96 0 8.3 16.1 2.5 2.5 2 1 1 3 3
5185.9 5617.0 48.5 246 0 8.5 10.9 7.5 2.5 2 1 3 2 2
5172.0 5596.0 50.9 157 0 5.1 10.1 7.5 2.5 2 1 3 5 5
5176.6 5587.7 51.0 155 0 8.4 16.5 7.5 2.5 2 1 3 2 2
5159.2 5574.7 53.9 163 0 10.9 12.9 2.5 2.5 4 1 1 1 1
3516.3 3012.8 -27.2 181 0 8.3 13.3 7.5 2.5 2 1 3 2 2
3550.0 3014.9 -27.9 20 0 7.6 12.6 2.5 2.5 4 1 1 1 1
3617.9 505.3 -44.8 346 0 19.2 80.4 10.0 2.5 2 1 4 0 0
4367.2 -287.6 -45.6 87 0 9.6 11.6 7.5 2.5 2 1 3 4 4
4370.5 -252.3 -41.9 247 0 13.9 8.1 5.0 2.5 2 0 2 5 5
4402.0 -225.5 -34.5 197 0 7.0 21.7 5.0 2.5 2 1 2 0 0
5348.0 -1531.4 -22.1 76 0 9.2 7.8 7.5 2.5 2 0 3 4 4
5350.1 -1505.8 -23.0 338 0 19.0 12.0 7.5 2.5 4 0 3 4 4
5381.7 -1580.5 -27.1 355 0 7.0 21.8 2.5 2.5 2 1 1 1 1
6773.9 -1752.1 -33.7 317 0 14.7 10.4 7.5 2.5 2 0 3 2 2
6732.5 -1755.7 -34.7 245 0 15.0 6.6 7.5 2.5 2 0 3 2 2
6739.4 -1763.0 -33.8 244 0 10.7 8.1 7.5 2.5 2 0 3 5 5
6737.0 -1800.2 -32.3 68 0 8.8 13.8 5.0 2.5 2 1 2 5 5
6769.8 -1804.1 -30.7 26 0 10.8 15.5 5.0 2.5 2 1 2 1 1
5702.0 2156.0 23.2 130 0 6.3 19.4 2.5 2.5 2 1 1 1 1
5709.0 2176.8 26.4 115 0 9.1 19.8 5.0 2.5 2 1 2 0 0
5689.9 2192.1 30.1 114 0 13.5 10.5 5.0 2.5 2 0 2 1 1
5685.1 2242.4 37.9 217 0 11.6 9.8 7.5 0.0 0 0 3 2 2
4332.7 -183.2 -36.6 280 0 10.9 8.0 7.5 2.5 2 0 3 1 1
4352.3 -208.7 -38.1 328 0 8.3 9.2 2.5 2.5 2 1 1 1 1
4334.9 -204.3 -38.9 240 0 5.8 14.1 5.0 2.5 2 1 2 4 4
4334.8 -220.3 -40.0 61 0 5.8 14.5 5.0 2.5 2 1 2 1 1
5214.5 5780.4 28.0 4 0 6.8 7.5 5.0 2.5 2 1 2 5 5
5222.3 5811.6 27.0 1 0 8.7 13.6 5.0 2.5 2 1 2 0 0
5228.2 5748.6 30.0 131 0 9.6 7.8 7.5 2.5 2 0 3 1 1
5236.8 5738.5 30.3 125 0 10.6 11.9 5.0 2.5 2 1 2 5 5
5221.6 5703.9 36.9 297 0 13.2 16.2 5.0 2.5 4 1 2 3 3
5237.0 5693.2 37.6 294 0 13.6 11.0 5.0 2.5 2 0 2 3 3
5243.8 5671.5 40.0 291 0 12.0 7.0 7.5 2.5 2 0 3 4 4
5244.9 5657.8 41.4 306 0 9.4 10.9 2.5 0.0 0 1 1 4 4
5262.9 5638.6 41.9 48 0 10.5 11.2 7.5 2.5 2 1 3 3 3
5273.7 5660.2 39.7 307 0 12.3 6.6 5.0 2.5 2 0 2 5 5
5293.8 5639.5 38.5 63 0 10.4 12.2 2.5 2.5 2 1 1 4 4
5315.5 5650.0 35.2 327 0 8.0 13.6 5.0 2.5 2 1 2 5 5
5310.8 5661.1 35.0 307 0 6.8 10.8 2.5 2.5 2 1 1 5 5
5305.4 5672.1 34.3 302 0 7.6 16.9 2.5 2.5 4 1 1 4 4
5320.9 5685.5 28.3 114 0 13.8 11.8 5.0 2.5 2 0 2 2 2
5474.3 5517.4 2.5 78 0 6.2 4.9 5.0 2.5 2 0 2 5 5
5115.8 4839.0 92.7 101 0 12.9 9.2 5.0 2.5 2 0 2 2 2
5074.2 5545.1 62.6 59 0 14.1 20.6 10.0 2.5 2 1 4 1 1
5138.6 5685.3 41.6 122 0 5.4 15.6 5.0 2.5 4 1 2 3 3
5132.9 5691.7 41.7 119 0 6.6 12.2 2.5 2.5 2 1 1 0 0
5142.0 5724.4 38.1 223 0 14.8 7.6 2.5 0.0 0 0 1 3 3
5158.0 5720.8 38.1 311 0 10.3 15.7 5.0 2.5 2 1 2 3 3
5592.7 6145.5 -14.5 69 0 11.3 24.4 10.0 2.5 2 1 4 5 5
5664.6 6580.8 -33.2 265 0 39.5 20.6 12.5 2.5 4 0 5 2 2
5422.3 6638.5 -12.1 118 0 8.6 11.3 7.5 2.5 2 1 3 2 2
5449.1 6581.8 -12.5 170 0 10.1 14.8 7.5 2.5 2 1 3 4 4
5421.0 6557.5 -4.9 349 0 10.8 8.4 2.5 0.0 0 0 1 0 0
5486.0 7583.8 -34.3 335 0 11.8 110.8 10.0 2.5 2 1 4 2 2
5414.3 7692.4 -32.3 13 0 10.7 105.2 10.0 2.5 2 1 4 4 4
5282.3 7686.3 -28.6 185 0 16.4 107.6 12.5 0.0 0 1 5 0 0
5395.0 7617.1 -27.1 360 0 14.9 107.4 7.5 0.0 0 1 3 2 2
5256.2 7591.8 -25.6 179 0 16.3 101.8 12.5 0.0 0 1 5 3 3
5303.2 8092.4 -36.0 68 0 7.8 15.8 2.5 2.5 2 1 1 3 3
5359.0 8261.8 -45.9 261 0 8.1 15.3 5.0 2.5 2 1 2 0 0
5426.8 8276.5 -49.6 353 0 10.1 47.0 10.0 2.5 2 1 4 0 0
5102.8 8961.2 -63.0 121 0 9.8 42.0 7.5 2.5 2 1 3 2 2
5092.5 9026.4 -63.7 303 0 42.7 12.7 10.0 2.5 2 0 4 2 2
4787.6 10177.1 -25.5 59 0 11.9 10.5 10.0 2.5 2 0 4 0 0
4796.7 10206.2 -28.9 107 0 6.8 11.0 2.5 0.0 0 1 1 5 5
4796.1 10229.6 -31.2 198 0 14.0 13.3 7.5 2.5 2 0 3 0 0
4804.8 10249.9 -33.4 207 0 9.8 11.8 5.0 2.5 2 1 2 4 4
4789.0 10243.9 -33.3 9 0 16.2 7.4 5.0 2.5 2 0 2 4 4
4783.8 10224.4 -30.7 359 0 14.5 10.3 7.5 2.5 2 0 3 4 4
5754.0 8636.2 -36.4 19 0 8.2 12.5 7.5 2.5 2 1 3 3 3
5727.0 8653.6 -39.5 164 0 15.8 10.6 2.5 2.5 2 0 1 3 3
5737.8 8705.5 -40.1 243 0 14.1 18.4 10.0 2.5 2 1 4 4 4
5787.8 8664.4 -32.3 87 0 8.4 13.6 5.0 2.5 2 1 2 4 4
5777.5 8677.7 -34.9 29 0 14.8 11.7 2.5 2.5 2 0 1 5 5
5797.1 8705.7 -33.0 357 0 10.4 9.9 5.0 2.5 4 0 2 0 0
5802.1 8775.9 -33.8 276 0 10.2 7.2 5.0 2.5 2 0 2 3 3
5773.6 8750.3 -36.6 161 0 9.5 13.6 2.5 2.5 2 1 1 4 4
5788.1 8728.2 -35.0 6 0 12.6 10.5 7.5 2.5 2 0 3 5 5
5762.2 8787.2 -38.5 190 0 9.3 12.8 7.5 2.5 2 1 3 1 1
5758.9 8772.2 -38.7 195 0 11.3 12.0 2.5 2.5 2 1 1 2 2
4691.8 4750.6 97.7 76 0 7.2 8.1 7.5 2.5 2 1 3 4 4
5212.6 5568.1 52.2 87 0 10.2 10.6 5.0 2.5 2 1 2 3 3
5199.8 5562.8 53.2 92 0 9.5 12.5 7.5 2.5 2 1 3 4 4
5231.0 5587.7 49.9 6 0 11.1 10.3 5.0 2.5 4 0 2 1 1
5241.9 5563.8 48.4 23 0 11.4 12.9 5.0 2.5 2 1 2 0 0
5256.6 5563.2 45.7 23 0 17.2 9.0 7.5 2.5 2 0 3 3 3
5263.0 5558.5 42.3 202 0 11.0 11.1 7.5 2.5 4 1 3 0 0
5242.3 5591.4 46.8 80 0 17.0 21.3 10.0 2.5 4 1 4 2 2
5225.4 5664.2 40.9 214 0 12.8 13.5 7.5 2.5 2 1 3 5 5
5215.9 5646.2 43.7 220 0 9.2 12.7 5.0 2.5 2 1 2 0 0
5204.0 5654.5 42.9 206 0 13.0 10.2 7.5 2.5 2 0 3 4 4
5196.1 5638.9 44.9 219 0 16.6 14.8 10.0 2.5 2 0 4 5 5
4536.0 10209.9 -30.6 28 0 10.9 9.7 7.5 2.5 2 0 3 1 1
4248.6 9563.3 -78.2 43 0 12.8 14.5 5.0 2.5 2 1 2 0 0
4670.6 9443.8 -77.2 128 0 11.6 7.5 7.5 2.5 2 0 3 1 1
4699.2 9456.6 -74.5 34 0 15.9 7.3 5.0 2.5 2 0 2 5 5
797.6 -7176.6 -15.3 145 0 10.1 14.9 7.5 2.5 4 1 3 3 3
1124.1 -4905.8 -59.8 65 0 18.3 13.0 7.5 2.5 2 0 3 3 3
-1842.9 -5964.4 -59.9 148 0 8.0 20.1 5.0 2.5 2 1 2 4 4
-987.6 4678.3 -32.0 175 0 11.1 18.7 2.5 2.5 2 1 1 4 4
