4030.7 9693.0 75.3 77 0 19.2 16.1 12.5 2.5 2 0 5 0 0
504.6 3379.9 215.1 90 0 15.4 10.7 2.5 2.5 2 0 1 3 3
4203.4 -6610.4 -51.6 88 0 11.1 11.4 5.0 0.0 0 1 2 1 1
6278.4 2879.2 -191.1 74 0 18.4 16.6 12.5 2.5 2 0 5 3 3
6466.5 330.9 -193.9 154 0 11.0 20.7 5.0 2.5 2 1 2 5 5
4712.1 -6655.0 -55.8 55 0 6.1 5.2 2.5 2.5 2 0 1 4 4
4033.0 -6733.7 -42.3 358 0 10.8 14.0 5.0 2.5 2 1 2 4 4
4556.6 -2099.3 -41.2 242 0 21.8 16.4 10.0 2.5 2 0 4 4 4
4677.0 -7961.9 200.2 91 0 10.5 12.6 7.5 2.5 2 1 3 2 2
6941.0 4661.3 -210.2 99 0 6.6 8.9 5.0 2.5 2 1 2 3 3
4637.3 -6622.8 -42.4 102 0 12.1 9.9 7.5 2.5 2 0 3 4 4
4505.1 -2200.7 -49.0 260 0 10.5 10.9 5.0 2.5 2 1 2 5 5
4854.7 -7852.6 172.7 74 0 4.4 9.1 5.0 2.5 2 1 2 4 4
6246.0 -7337.8 2.8 271 0 7.6 49.7 7.5 2.5 2 1 3 3 3
3905.4 -6579.7 -48.7 349 0 9.9 9.4 7.5 2.5 2 0 3 4 4
3897.1 -6535.9 -48.5 346 0 40.7 12.5 12.5 2.5 2 0 5 3 3
3911.2 -6537.3 -47.0 166 0 15.4 5.1 5.0 2.5 2 0 2 1 1
3897.0 -6535.9 -46.3 164 0 5.1 13.5 7.5 2.5 2 0 3 5 5
4815.1 -2715.1 -42.2 250 0 10.2 21.8 7.5 2.5 2 1 3 3 3
4810.2 -2704.3 -42.1 249 0 8.4 6.1 7.5 0.0 0 0 3 3 3
4770.5 -2726.2 -43.4 217 0 9.6 13.7 2.5 2.5 2 1 1 2 2
5010.7 -5566.7 -46.6 61 0 8.1 18.1 5.0 2.5 2 1 2 1 1
5017.1 -5571.2 -46.9 59 0 4.6 4.5 7.5 2.5 2 0 3 5 5
5052.2 -5976.1 -36.5 328 0 17.4 11.1 7.5 2.5 2 0 3 2 2
5034.9 -5965.6 -34.2 236 0 4.6 7.3 5.0 0.0 0 1 2 4 4
5054.6 -5993.7 -35.9 55 0 3.8 4.4 5.0 2.5 2 1 2 3 3
5048.4 -6116.9 -32.3 109 0 14.4 15.2 7.5 2.5 2 1 3 5 5
4590.8 -5107.6 6.0 99 0 5.0 8.5 5.0 2.5 2 1 2 1 1
5480.8 -2566.3 20.2 276 0 5.8 18.5 2.5 2.5 2 1 1 2 2
5487.4 -2597.1 18.1 94 0 4.9 5.1 5.0 2.5 2 1 2 3 3
5138.1 -2102.2 18.6 47 0 3.4 6.1 7.5 2.5 2 1 3 0 0
4974.5 -2510.4 -25.4 347 0 7.5 18.9 2.5 2.5 2 1 1 5 5
4963.0 -2485.0 -24.0 269 0 6.4 12.8 5.0 2.5 2 1 2 2 2
4886.2 -2463.6 -30.8 307 0 5.8 24.4 7.5 2.5 2 1 3 1 1
4887.9 -2478.4 -29.7 295 0 5.5 8.5 7.5 0.0 0 1 3 2 2
4890.0 -2508.3 -30.6 26 0 3.8 13.4 7.5 2.5 2 1 3 2 2
4892.0 -2510.9 -30.0 107 0 5.9 13.6 5.0 2.5 2 1 2 2 2
4465.3 -787.1 35.8 172 0 11.6 7.1 7.5 2.5 2 0 3 4 4
4468.5 -778.4 39.2 268 0 4.3 3.8 7.5 2.5 4 0 3 0 0
4477.7 -806.3 33.7 355 0 9.2 8.8 7.5 2.5 2 0 3 1 1
5766.4 792.0 -135.7 112 0 3.2 4.2 5.0 2.5 2 1 2 1 1
5693.2 535.3 -134.6 289 0 3.4 4.8 5.0 2.5 2 1 2 1 1
5656.6 485.7 -128.6 45 0 8.6 4.5 5.0 2.5 2 0 2 3 3
5557.1 366.2 -121.2 88 0 4.0 7.3 5.0 2.5 2 1 2 5 5
5444.2 641.5 -76.4 91 0 4.9 9.8 5.0 0.0 0 1 2 1 1
5502.2 2715.0 -83.1 200 0 5.8 11.4 2.5 2.5 2 1 1 5 5
5517.2 2706.2 -85.2 90 0 12.4 5.2 7.5 2.5 2 0 3 1 1
5441.4 2445.0 -111.1 49 0 10.4 8.8 7.5 2.5 2 0 3 0 0
5143.0 2435.3 -94.8 111 0 8.7 9.8 7.5 2.5 2 1 3 3 3
4764.1 -471.8 33.2 117 0 5.8 13.9 5.0 2.5 2 1 2 3 3
6519.8 958.6 -214.7 92 0 7.1 9.8 5.0 2.5 2 1 2 2 2
6504.4 787.1 -209.4 341 0 12.0 14.0 7.5 2.5 2 1 3 4 4
6484.3 796.0 -209.6 155 0 9.4 13.8 7.5 0.0 0 1 3 3 3
6584.9 741.8 -214.7 62 0 12.2 13.8 7.5 2.5 4 1 3 3 3
6615.9 659.3 -216.2 73 0 15.1 11.1 5.0 2.5 2 0 2 0 0
6609.2 679.0 -215.0 249 0 6.9 8.4 2.5 2.5 2 1 1 1 1
6861.4 7224.1 -173.5 52 0 5.7 5.1 7.5 2.5 4 0 3 3 3
6475.1 5342.3 -208.0 69 0 7.4 8.7 7.5 2.5 2 1 3 3 3
6696.6 5371.6 -221.8 49 0 4.4 4.8 2.5 2.5 2 1 1 4 4
4442.1 -6702.5 -49.1 359 0 4.9 9.9 5.0 2.5 4 1 2 5 5
4412.5 -6718.1 -48.4 93 0 11.6 11.3 5.0 2.5 2 0 2 0 0
4403.6 -6727.0 -47.5 179 0 18.6 8.1 7.5 2.5 2 0 3 4 4
6195.7 2575.3 -187.5 94 0 9.8 8.7 5.0 2.5 4 0 2 3 3
5887.9 1076.4 -153.8 48 0 3.1 3.7 7.5 2.5 2 1 3 3 3
4117.7 -6649.5 -47.8 82 0 8.9 16.0 7.5 2.5 2 1 3 0 0
4152.0 -6707.4 -44.0 176 0 16.4 10.5 7.5 2.5 2 0 3 2 2
4191.6 -6683.2 -44.6 277 0 9.7 18.6 7.5 2.5 2 1 3 2 2
4209.7 -6714.0 -43.6 91 0 8.2 13.4 7.5 2.5 2 1 3 3 3
4230.2 -6704.0 -45.2 92 0 9.5 8.7 7.5 2.5 4 0 3 3 3
4229.9 -6675.6 -47.3 269 0 7.9 9.6 7.5 2.5 2 1 3 4 4
4257.5 -6675.3 -48.3 270 0 18.0 7.9 7.5 2.5 2 0 3 5 5
4279.5 -6674.1 -49.0 272 0 11.4 13.2 7.5 2.5 2 1 3 5 5
4680.6 -2431.5 -46.5 157 0 9.3 10.4 7.5 2.5 2 1 3 4 4
4777.9 -2445.6 -38.4 62 0 20.0 23.2 12.5 2.5 4 1 5 4 4
4709.8 -2360.5 -37.3 337 0 10.9 12.8 7.5 2.5 2 1 3 1 1
4683.3 -2412.7 -44.0 147 0 10.7 9.6 7.5 2.5 2 0 3 3 3
4629.6 -2319.3 -45.0 344 0 12.0 8.9 7.5 2.5 2 0 3 1 1
4664.5 -2385.4 -43.1 158 0 7.7 11.5 7.5 2.5 2 1 3 2 2
4661.8 -2269.8 -39.1 71 0 13.0 9.5 7.5 2.5 2 0 3 3 3
4677.8 -2337.2 -36.4 170 0 10.6 12.5 5.0 2.5 2 1 2 3 3
4590.1 -2277.3 -45.1 242 0 9.6 8.9 5.0 0.0 0 0 2 0 0
4616.7 -2264.5 -41.7 159 0 8.8 11.0 7.5 2.5 2 1 3 3 3
4658.4 -2196.3 -35.0 68 0 21.8 9.0 5.0 2.5 2 0 2 2 2
4568.7 -2162.8 -42.4 157 0 20.8 11.7 12.5 2.5 2 0 5 5 5
4323.4 -6700.1 -48.3 273 0 11.2 13.0 7.5 2.5 2 1 3 5 5
4466.3 -6664.9 -48.5 202 0 11.3 9.7 7.5 2.5 4 0 3 3 3
4385.5 -6656.9 -49.0 273 0 10.3 13.2 5.0 2.5 2 1 2 5 5
4379.8 -6645.2 -48.8 189 0 9.2 24.5 5.0 2.5 2 1 2 1 1
311.3 -9426.5 -173.5 335 0 17.2 23.4 12.5 2.5 2 1 5 3 3
1145.6 -9115.1 -137.5 327 0 20.8 20.7 12.5 2.5 2 0 5 1 1
