-4968.1 -5783.3 -180.3 123 0 52.7 14.9 14.0 3.5 2 0 4 3 3
-5215.3 -6304.8 -138.4 161 0 16.8 22.9 14.0 3.5 2 1 4 5 5
-6589.8 -5870.2 -153.3 62 0 22.8 23.5 17.5 3.5 2 1 5 2 2
-6333.6 -5125.4 -184.1 40 0 22.6 25.6 14.0 3.5 2 1 4 0 0
-4750.2 -5997.6 -169.1 118 0 61.8 31.6 14.0 0.0 0 0 4 4 4
-4877.1 -5766.4 -181.7 31 0 18.6 5.9 10.5 0.0 0 0 3 5 5
-4996.2 -5693.1 -181.7 211 0 17.8 5.6 10.5 3.5 2 0 3 2 2
-5286.3 -6586.9 -59.7 215 0 8.5 14.4 10.5 0.0 0 1 3 0 0
-3902.3 -4258.0 -200.5 218 0 113.4 149.2 10.0 0.0 0 1 4 3 3
-3927.9 -4761.9 -193.7 17 0 119.5 79.7 7.5 0.0 0 0 3 3 3
-3196.2 -4216.3 -199.1 359 0 77.1 137.8 10.0 0.0 0 1 4 0 0
-3937.2 -4629.0 -197.9 105 0 82.4 166.1 10.0 0.0 0 1 4 3 3
-3116.5 -4429.2 -199.4 6 0 143.4 222.7 15.0 0.0 0 1 6 2 2
1528.4 -8874.7 -190.5 1 0 36.4 133.9 12.5 0.0 0 1 5 5 5
1767.8 -6647.2 -163.4 6 0 75.9 49.3 10.0 0.0 0 0 4 3 3
-1505.5 -9876.0 -118.5 153 0 17.5 20.4 10.0 2.5 2 1 4 5 5
-6838.5 -6353.3 -130.7 152 0 11.4 12.2 14.0 3.5 2 1 4 1 1
-6725.0 8574.1 -188.2 26 0 4.7 16.3 7.5 2.5 2 1 3 3 3
-6895.7 -5695.8 -178.1 96 0 10.2 9.9 10.5 3.5 2 0 3 1 1
-6108.6 -5557.6 -170.4 331 0 23.5 17.0 17.5 3.5 2 0 5 5 5
-5625.6 -5541.6 -178.7 185 0 21.4 86.9 17.5 0.0 0 1 5 4 4
-5949.9 -5644.1 -169.1 11 0 12.8 12.0 10.5 3.5 2 0 3 5 5
-5988.5 -5647.2 -168.9 102 0 36.6 16.5 21.0 0.0 0 0 6 2 2
-6031.9 -5653.9 -167.4 191 0 9.4 16.9 10.5 3.5 2 1 3 4 4
-6028.1 -5632.1 -168.6 193 0 19.4 21.3 21.0 0.0 0 1 6 4 4
-6040.0 -5658.4 -167.4 19 0 23.1 14.0 17.5 3.5 2 0 5 3 3
-6059.3 -5642.7 -167.3 283 0 12.1 13.2 17.5 3.5 2 1 5 3 3
-6047.2 -5637.3 -168.4 103 0 19.6 16.9 21.0 0.0 0 0 6 3 3
-6065.0 -5635.7 -168.2 104 0 13.9 14.3 17.5 0.0 0 1 5 5 5
-6073.2 -5640.8 -167.2 283 0 8.7 10.5 10.5 0.0 0 1 3 4 4
-6091.3 -5642.9 -167.1 236 0 9.9 15.4 10.5 3.5 2 1 3 2 2
-6116.9 -5651.4 -167.1 51 0 29.5 11.1 21.0 0.0 0 0 6 2 2
-6144.1 -5580.3 -168.9 274 0 15.0 36.2 17.5 0.0 0 0 5 1 1
-6166.7 -5616.2 -167.9 95 0 19.5 13.4 17.5 0.0 0 0 5 0 0
-6186.4 -5613.8 -167.6 94 0 21.2 13.1 17.5 0.0 0 0 5 2 2
-6229.4 -5608.4 -167.4 98 0 14.2 12.5 17.5 3.5 2 0 5 3 3
-6254.3 -5616.0 -166.5 192 0 8.4 8.7 10.5 3.5 2 1 3 1 1
-6238.3 -5612.2 -166.6 275 0 7.4 15.4 10.5 0.0 0 1 3 3 3
-6263.1 -5602.1 -167.3 98 0 9.6 14.1 10.5 0.0 0 1 3 4 4
-6268.2 -5608.1 -166.5 278 0 12.3 9.7 10.5 3.5 2 0 3 4 4
-6291.0 -5598.1 -167.1 107 0 13.5 13.2 21.0 0.0 0 0 6 5 5
-6278.3 -5605.5 -166.5 278 0 7.4 17.2 10.5 0.0 0 1 3 3 3
-6304.7 -5617.4 -166.2 185 0 15.9 17.1 17.5 3.5 2 1 5 2 2
-6311.7 -5581.9 -167.6 204 0 24.0 17.8 17.5 3.5 2 0 5 0 0
-6314.6 -5626.2 -165.9 2 0 10.5 18.8 17.5 3.5 4 1 5 3 3
-6326.9 -5604.6 -166.1 304 0 9.0 14.9 10.5 3.5 2 1 3 2 2
-6361.3 -5592.3 -166.2 284 0 25.6 16.0 17.5 3.5 2 0 5 1 1
-6386.1 -5577.6 -166.9 104 0 14.8 10.8 17.5 3.5 2 0 5 3 3
-6407.1 -5571.9 -167.7 100 0 27.1 10.3 21.0 0.0 0 0 6 1 1
-6435.7 -5577.5 -167.3 276 0 16.0 13.7 21.0 0.0 0 0 6 2 2
-6410.6 -5595.7 -166.1 11 0 28.2 16.6 17.5 3.5 2 0 5 2 2
-6466.6 -5577.6 -168.9 194 0 12.2 21.2 14.0 3.5 4 1 4 2 2
-5286.4 -5849.6 -165.4 277 0 7.5 16.4 10.5 3.5 2 1 3 2 2
-5277.8 -5849.9 -165.6 283 0 6.7 18.3 10.5 3.5 2 1 3 4 4
-5549.6 -5797.9 -165.9 94 0 10.6 10.8 14.0 3.5 4 1 4 5 5
-5562.7 -5795.4 -166.2 98 0 11.5 13.9 14.0 3.5 2 1 4 2 2
-5574.7 -5794.5 -166.1 98 0 8.8 10.4 10.5 3.5 2 1 3 4 4
-5588.3 -5794.6 -166.4 88 0 14.1 15.8 17.5 3.5 2 1 5 0 0
-5590.5 -5803.3 -165.1 271 0 9.8 12.9 10.5 3.5 2 1 3 4 4
-5618.2 -5807.4 -165.0 266 0 35.5 13.8 14.0 0.0 0 0 4 1 1
-5647.7 -5817.7 -164.8 190 0 15.0 9.6 10.5 3.5 2 0 3 0 0
-5603.3 -5796.1 -166.0 78 0 10.1 10.0 14.0 3.5 2 0 4 1 1
-5522.4 -5790.2 -166.4 136 0 13.3 11.6 10.5 3.5 2 0 3 5 5
-5241.8 -5839.6 -168.1 94 0 22.3 22.5 14.0 3.5 2 1 4 3 3
-5839.5 -5660.8 -170.2 274 0 10.3 13.5 14.0 3.5 2 1 4 3 3
-5795.8 -5699.1 -169.5 356 0 11.2 14.2 17.5 3.5 2 1 5 4 4
-5924.0 -5736.4 -166.8 102 0 20.9 18.3 17.5 0.0 0 0 5 1 1
-5946.9 -5733.6 -166.5 98 0 20.9 25.0 17.5 3.5 2 1 5 5 5
-6568.3 -5179.6 -185.0 329 0 31.8 46.5 17.5 0.0 0 0 5 3 3
-6807.2 -5003.0 -184.8 210 0 22.9 7.3 10.5 3.5 4 0 3 5 5
-6710.8 8143.2 -205.4 200 0 19.7 11.1 5.0 0.0 0 0 2 5 5
-6919.0 -5559.8 -180.3 145 0 26.1 16.6 17.5 3.5 2 0 5 3 3
-6884.6 -5541.4 -180.1 324 0 25.6 16.3 17.5 3.5 2 0 5 3 3
-5970.7 -8985.9 188.8 73 0 12.2 9.8 7.5 2.5 2 0 3 0 0
-5996.5 -8995.0 186.7 159 0 8.8 8.7 7.5 2.5 2 0 3 0 0
-6007.1 -8954.0 182.9 162 0 6.4 8.6 7.5 2.5 4 1 3 2 2
-6102.1 -5651.0 -166.7 231 0 7.9 15.3 10.5 3.5 2 1 3 1 1
-6125.3 -5666.6 -166.2 229 0 30.3 15.3 14.0 3.5 2 0 4 3 3
-6103.0 -5686.4 -165.5 111 0 15.0 8.3 10.5 3.5 2 0 3 5 5
-6075.8 -5613.6 -168.5 10 0 11.6 19.6 14.0 3.5 2 1 4 1 1
-6081.1 -5591.2 -169.1 278 0 20.7 10.9 14.0 3.5 2 0 4 2 2
-6042.9 -5561.6 -170.6 275 0 4.1 21.0 10.5 0.0 0 1 3 5 5
-6047.6 -5569.7 -170.7 6 0 23.0 18.8 17.5 3.5 2 0 5 4 4
-6032.8 -5572.4 -170.7 182 0 16.5 7.6 10.5 3.5 2 0 3 2 2
-6000.1 -5535.2 -172.5 359 0 20.8 12.1 17.5 3.5 4 0 5 3 3
-6004.7 -5500.5 -173.5 272 0 14.2 13.7 17.5 3.5 2 0 5 4 4
-5949.1 -5518.6 -174.1 274 0 12.2 11.1 17.5 3.5 2 0 5 4 4
-5964.2 -5511.9 -174.0 275 0 13.0 14.6 17.5 3.5 2 1 5 2 2
-5980.4 -5506.7 -173.8 275 0 12.6 22.6 17.5 3.5 2 1 5 3 3
-6694.0 8687.2 -187.4 92 0 8.8 13.8 2.5 2.5 2 1 1 5 5
-6693.2 8709.7 -186.9 0 0 5.7 4.3 5.0 2.5 2 0 2 4 4
-6688.8 8718.4 -187.4 0 0 9.7 8.4 7.5 2.5 2 0 3 2 2
-6688.6 8737.8 -187.3 360 0 9.3 6.1 5.0 2.5 2 0 2 2 2
-5826.0 -5893.8 -161.4 57 0 22.9 15.1 17.5 3.5 2 0 5 5 5
-5755.7 -6330.4 -79.6 109 0 8.5 14.3 10.5 0.0 0 1 3 3 3
-5818.0 -5358.7 -181.4 188 0 29.1 19.1 17.5 3.5 2 0 5 2 2
-5800.5 -5310.1 -182.1 278 0 19.1 29.2 17.5 3.5 2 1 5 2 2
-5773.0 -5365.1 -181.8 8 0 29.1 19.1 17.5 3.5 2 0 5 2 2
-5768.1 -5328.6 -182.3 8 0 29.1 19.1 17.5 3.5 2 0 5 1 1
-6927.6 -5317.7 -182.9 210 0 32.1 18.0 10.5 3.5 2 0 3 0 0
-6635.5 -5445.0 -179.5 170 0 27.9 20.1 17.5 3.5 2 0 5 5 5
-5764.7 -5477.7 -179.3 94 0 14.0 19.8 17.5 3.5 2 1 5 1 1
-5782.7 -5476.1 -179.3 94 0 14.0 19.8 17.5 3.5 2 1 5 2 2
-5807.5 -5462.9 -179.4 184 0 19.8 14.0 17.5 3.5 2 0 5 0 0
-5825.4 -5461.0 -179.5 184 0 19.8 14.0 17.5 0.0 0 0 5 5 5
-2985.7 -7681.7 -142.0 326 0 10.9 15.2 10.0 0.0 0 1 4 4 4
