-6569.4 10204.7 -292.7 167 0 50.7 121.4 7.5 0.0 0 1 3 1 1
3716.9 -7526.9 -179.7 245 0 27.2 16.0 10.0 2.5 2 0 4 4 4
362.7 -6704.4 -107.1 241 0 16.5 13.1 2.5 2.5 2 0 1 3 3
3417.2 -5290.2 -170.2 5 0 12.4 15.4 5.0 0.0 0 1 2 0 0
-4433.5 -9271.2 175.5 161 0 13.9 23.3 12.5 2.5 2 1 5 0 0
6323.3 -9024.2 -177.4 58 0 22.1 12.3 7.5 2.5 2 0 3 0 0
5651.8 -5262.6 -121.3 352 0 11.0 18.6 2.5 2.5 2 1 1 1 1
6029.5 3019.8 277.6 335 0 12.3 16.9 5.0 2.5 2 1 2 5 5
1020.5 10176.8 -2.1 162 0 10.2 15.6 5.0 2.5 2 1 2 1 1
3481.1 10606.7 -180.5 284 0 5.0 6.4 7.5 2.5 2 1 3 5 5
-5974.2 4573.7 -271.8 80 0 7.8 7.7 7.5 2.5 2 0 3 3 3
955.9 10075.1 4.7 201 0 8.4 14.2 7.5 2.5 2 1 3 4 4
-4777.7 8775.0 -0.3 330 0 11.1 26.6 10.0 2.5 2 1 4 0 0
-6024.9 5703.4 -283.9 141 0 3.8 5.7 7.5 2.5 2 1 3 3 3
-391.6 -1536.6 -180.4 155 0 8.9 9.7 5.0 2.5 2 1 2 3 3
1221.7 10136.7 -19.6 73 0 9.9 11.6 5.0 2.5 2 1 2 4 4
-6129.9 4634.6 -275.8 91 0 8.4 13.9 7.5 2.5 2 1 3 3 3
3822.9 7611.7 99.2 327 0 10.5 14.1 5.0 2.5 2 1 2 4 4
-5800.6 5078.7 -277.3 79 0 8.9 7.6 5.0 2.5 2 0 2 2 2
-5884.3 4231.0 -279.4 91 0 6.2 7.8 7.5 2.5 2 1 3 4 4
