1498.6 8055.2 -195.7 344 0 24.6 23.9 14.0 3.5 2 0 4 1 1
1474.7 8953.9 -194.0 272 0 13.3 125.5 14.0 0.0 0 1 4 3 3
1363.7 8955.9 -192.5 182 0 44.8 51.9 14.0 0.0 0 1 4 3 3
650.3 8412.4 -194.5 274 0 32.4 105.4 17.5 0.0 0 1 5 1 1
-925.9 7730.1 -205.0 156 0 107.1 34.0 12.5 0.0 0 0 5 3 3
-1097.5 7650.0 -204.3 243 0 49.2 39.9 7.5 0.0 0 0 3 2 2
849.5 8647.9 -193.3 173 0 15.1 26.3 14.0 3.5 4 1 4 3 3
627.6 8076.6 -195.1 96 0 12.3 25.2 17.5 3.5 2 1 5 3 3
838.0 8352.8 -192.4 184 0 18.1 32.4 17.5 3.5 2 1 5 3 3
1040.5 8043.9 -194.4 176 0 12.2 17.4 17.5 3.5 2 1 5 5 5
895.0 7808.2 -198.9 177 0 17.9 27.2 17.5 3.5 2 1 5 0 0
1307.3 8313.1 -194.6 77 0 12.2 21.3 14.0 3.5 2 1 4 2 2
6641.8 -7061.0 -49.8 254 0 18.4 15.2 10.0 2.5 2 0 4 3 3
1235.1 7643.2 -201.7 269 0 20.2 14.4 14.0 3.5 4 0 4 2 2
-6382.7 8729.2 -35.9 163 0 12.4 16.2 5.0 2.5 2 1 2 5 5
338.4 8179.7 -198.3 248 0 20.2 11.9 17.5 3.5 2 0 5 2 2
-213.5 8149.0 -200.6 71 0 15.2 22.6 14.0 3.5 2 1 4 2 2
-5240.7 8642.6 -108.9 167 0 17.1 31.5 10.0 2.5 2 1 4 1 1
-5404.5 7967.4 -123.1 67 0 19.3 11.8 7.5 2.5 2 0 3 5 5
-6412.9 8743.2 -34.5 153 0 11.3 18.0 5.0 2.5 2 1 2 3 3
3927.0 10413.1 -144.3 246 0 14.8 16.1 5.0 2.5 2 1 2 0 0
2649.2 8717.2 -190.8 181 0 7.7 12.4 5.0 2.5 2 1 2 0 0
-4997.7 -5325.8 -210.0 66 0 15.5 32.9 10.0 2.5 2 1 4 0 0
-5020.2 -5282.5 -208.7 333 0 8.5 10.3 5.0 0.0 0 1 2 0 0
2957.7 9487.4 -184.2 3 0 61.7 38.5 12.5 0.0 0 0 5 3 3
2644.4 7885.5 -198.7 179 0 58.9 16.8 10.0 2.5 2 0 4 0 0
2529.5 8035.6 -197.2 91 0 12.5 14.5 2.5 2.5 2 1 1 5 5
2485.3 7940.3 -197.7 91 0 7.6 9.9 5.0 0.0 0 1 2 5 5
2665.0 7999.8 -197.7 360 0 15.9 28.0 10.0 2.5 4 1 4 2 2
2621.1 8640.6 -192.4 287 0 9.9 49.5 7.5 2.5 2 1 3 1 1
3053.2 7748.0 -200.0 266 0 11.9 47.7 10.0 2.5 4 1 4 4 4
2608.8 9101.8 -188.2 3 0 13.4 92.8 7.5 2.5 2 1 3 0 0
2190.7 8008.1 -197.0 93 0 10.7 61.3 10.0 0.0 0 1 4 4 4
3110.9 10593.2 -177.9 260 0 7.8 10.4 7.5 2.5 2 1 3 4 4
2545.5 7362.6 -201.5 273 0 10.6 12.7 7.5 2.5 2 1 3 4 4
2814.5 8645.5 -191.5 10 0 4.4 6.6 7.5 2.5 4 1 3 2 2
6440.2 8964.8 190.9 166 0 19.7 43.3 12.5 2.5 2 1 5 5 5
-5553.4 -5479.6 -160.3 141 0 6.8 18.9 5.0 2.5 2 1 2 0 0
-5304.5 -9033.5 -188.4 110 0 10.0 11.0 5.0 2.5 2 1 2 3 3
805.0 9348.8 -189.3 357 0 3.7 4.9 10.5 3.5 2 1 3 2 2
1553.4 10114.8 -161.4 330 0 8.2 5.7 5.0 2.5 2 0 2 5 5
733.5 9550.3 -162.1 294 0 6.3 9.0 7.5 2.5 2 1 3 3 3
738.4 9529.5 -165.6 47 0 5.2 5.8 7.5 2.5 2 1 3 5 5
945.9 8772.9 -191.7 1 0 10.4 13.1 17.5 0.0 0 1 5 0 0
880.5 8199.3 -192.7 273 0 7.4 52.2 10.5 0.0 0 1 3 2 2
427.3 9549.6 -103.2 85 0 11.3 6.0 2.5 2.5 2 0 1 4 4
961.7 8050.5 -194.7 2 0 3.9 12.9 10.5 3.5 2 1 3 2 2
1730.7 8542.8 -193.8 87 0 12.1 9.5 10.5 3.5 2 0 3 2 2
3006.3 8723.5 -190.4 95 0 8.5 15.9 5.0 2.5 2 1 2 0 0
1934.5 8456.6 -194.6 275 1 14.4 15.0 14.0 3.5 2 1 4 4 4
1666.4 8455.7 -193.6 82 0 9.0 7.0 10.5 3.5 4 0 3 4 4
1765.6 8504.0 -194.2 268 0 14.0 11.9 10.5 3.5 2 0 3 1 1
1668.1 8443.6 -193.7 257 1 13.1 12.9 14.0 3.5 2 0 4 1 1
3042.3 9267.6 -185.4 183 0 12.1 13.3 7.5 2.5 2 1 3 5 5
3597.6 9856.3 -179.3 352 0 15.0 10.3 7.5 2.5 2 0 3 3 3
3642.7 9970.8 -173.2 355 0 17.9 16.7 10.0 2.5 2 0 4 1 1
3601.9 9838.6 -179.5 359 0 7.9 7.5 5.0 2.5 4 0 2 0 0
3636.8 9748.0 -180.5 179 0 8.0 9.2 5.0 2.5 2 1 2 2 2
3023.2 9265.1 -185.4 94 0 8.6 13.7 2.5 2.5 4 1 1 4 4
3599.0 9811.2 -180.5 353 0 9.2 5.6 5.0 2.5 2 0 2 2 2
3591.3 10057.0 -172.4 270 0 13.2 12.5 7.5 2.5 2 0 3 0 0
-4401.0 5571.7 -184.9 52 0 9.2 10.6 7.5 2.5 2 1 3 2 2
-4301.8 7863.0 -54.3 117 0 8.0 9.9 5.0 2.5 2 1 2 4 4
-4327.1 7871.7 -53.0 196 0 5.6 6.3 5.0 2.5 2 1 2 1 1
-4319.2 7884.3 -53.2 287 0 3.5 3.4 7.5 2.5 2 0 3 3 3
-3889.7 8889.3 -95.7 157 0 5.9 19.6 7.5 2.5 4 1 3 4 4
-3656.6 8917.3 -94.5 96 0 8.2 21.7 5.0 2.5 2 1 2 4 4
-1605.4 7814.6 -197.8 197 0 9.2 17.9 5.0 2.5 2 1 2 4 4
-1607.4 7674.6 -198.3 17 0 25.9 38.9 10.0 0.0 0 1 4 5 5
-1627.4 7627.3 -198.6 105 0 11.7 25.3 10.0 2.5 2 1 4 5 5
-1137.4 7552.2 -205.8 56 0 6.8 7.0 7.5 2.5 2 1 3 4 4
-1143.3 7537.6 -205.9 64 0 8.1 13.3 7.5 0.0 0 1 3 0 0
-1114.6 7583.2 -205.0 66 0 14.7 9.7 2.5 2.5 4 0 1 4 4
-1000.6 8735.2 -195.7 283 0 11.9 6.6 2.5 2.5 2 0 1 5 5
-1537.4 8592.4 -192.7 78 0 11.8 28.1 7.5 2.5 2 1 3 5 5
-933.5 8203.1 -199.4 94 0 12.1 12.8 5.0 2.5 2 1 2 2 2
-1165.1 8249.7 -198.3 272 0 16.9 8.0 5.0 0.0 0 0 2 0 0
1859.2 8780.6 -192.1 93 0 11.9 14.7 7.5 0.0 0 1 3 1 1
1876.3 8796.5 -192.1 272 0 15.1 16.0 5.0 2.5 2 1 2 2 2
1918.1 10589.8 -180.2 278 0 9.2 6.8 2.5 2.5 2 0 1 5 5
-5636.9 8892.9 -56.9 198 0 14.9 9.3 5.0 0.0 0 0 2 2 2
-1232.9 8159.9 -198.7 190 0 9.5 11.1 2.5 2.5 2 1 1 2 2
-1279.3 8289.5 -197.6 2 0 100.8 11.6 10.0 2.5 2 0 4 2 2
-1286.2 8228.6 -197.6 90 0 11.0 10.6 5.0 2.5 2 0 2 0 0
-1350.0 8228.6 -197.2 94 0 10.2 16.4 5.0 2.5 4 1 2 1 1
-1449.3 8198.4 -196.8 179 0 11.9 6.5 5.0 2.5 4 0 2 1 1
-1422.5 8217.1 -196.8 4 0 8.7 14.7 7.5 2.5 2 1 3 4 4
-1442.5 8181.0 -197.0 356 0 8.7 6.4 7.5 2.5 2 0 3 5 5
-1298.9 8196.8 -198.0 272 0 18.8 14.8 10.0 2.5 2 0 4 3 3
-1321.2 8124.1 -198.3 84 0 6.2 14.4 5.0 2.5 2 1 2 0 0
-1079.9 8213.5 -199.0 93 0 14.5 12.9 5.0 2.5 2 0 2 1 1
-1059.9 8223.1 -198.9 91 0 16.6 7.4 5.0 2.5 2 0 2 5 5
-1023.0 8201.9 -199.2 92 0 9.9 11.0 2.5 2.5 2 1 1 5 5
-1032.5 8214.0 -199.1 94 0 9.1 4.3 5.0 2.5 2 0 2 0 0
-868.2 8264.7 -198.9 96 0 12.3 9.6 2.5 2.5 2 0 1 0 0
-544.9 8103.6 -201.7 186 0 12.5 13.1 7.5 2.5 2 1 3 5 5
-549.3 8208.9 -200.4 104 0 11.3 12.8 10.5 3.5 2 1 3 4 4
-2043.7 7681.6 -194.2 265 0 11.7 11.5 5.0 2.5 2 0 2 1 1
-1974.5 7634.5 -195.7 264 0 11.2 12.8 5.0 2.5 2 1 2 3 3
-1826.6 7547.2 -197.7 262 0 22.3 14.2 5.0 2.5 2 0 2 3 3
753.8 8092.0 -193.7 188 0 8.1 15.9 10.5 3.5 2 1 3 3 3
628.1 8478.6 -193.9 11 0 6.4 11.6 10.5 3.5 2 1 3 2 2
840.1 8194.8 -192.3 275 0 6.5 11.9 10.5 3.5 2 1 3 1 1
794.1 8156.5 -192.8 95 0 6.5 11.9 10.5 3.5 4 1 3 2 2
855.4 8155.9 -192.5 95 0 6.5 11.8 10.5 3.5 2 1 3 2 2
788.7 8337.9 -192.2 95 0 6.5 11.9 10.5 3.5 2 1 3 5 5
888.1 8417.3 -192.7 92 0 8.0 12.1 10.5 3.5 2 1 3 2 2
760.7 8164.7 -192.7 188 0 8.1 15.9 10.5 3.5 2 1 3 4 4
749.3 8227.4 -191.7 188 0 8.1 15.9 10.5 3.5 2 1 3 4 4
856.6 8135.0 -192.7 92 0 19.1 13.1 14.0 3.5 2 0 4 0 0
788.4 8130.2 -193.6 280 1 18.9 12.5 17.5 3.5 2 0 5 0 0
479.4 7764.1 -202.6 46 1 14.5 13.5 14.0 3.5 2 0 4 1 1
468.6 7753.2 -204.1 46 1 14.5 13.5 14.0 3.5 2 0 4 1 1
438.0 7724.6 -208.1 46 1 14.5 13.5 14.0 0.0 0 0 4 4 4
342.4 7897.6 -202.5 316 1 13.5 14.5 17.5 0.0 0 1 5 0 0
330.2 7964.1 -199.5 15 0 9.9 9.2 10.5 3.5 2 0 3 5 5
332.8 7977.3 -199.3 15 0 9.9 9.2 10.5 0.0 0 0 3 0 0
334.5 7987.7 -199.2 14 0 9.9 9.2 10.5 3.5 2 0 3 2 2
337.6 8024.2 -198.7 15 0 9.9 9.2 10.5 3.5 2 0 3 3 3
287.4 7938.9 -200.0 195 0 9.9 9.2 10.5 3.5 2 0 3 5 5
276.7 7896.5 -202.4 195 0 10.0 9.2 10.5 3.5 2 0 3 3 3
289.1 7981.1 -199.4 15 0 9.9 9.2 10.5 3.5 2 0 3 3 3
345.8 7997.6 -199.0 195 0 9.9 9.2 10.5 3.5 2 0 3 4 4
452.6 8069.5 -197.5 269 1 11.4 12.3 14.0 3.5 2 1 4 3 3
-188.4 8687.2 -198.3 181 0 8.9 10.6 10.5 3.5 2 1 3 3 3
-187.7 8700.0 -198.7 181 0 8.9 10.6 10.5 3.5 2 1 3 2 2
-186.5 8715.0 -199.1 181 0 8.9 10.6 10.5 3.5 2 1 3 1 1
-173.0 8707.9 -198.7 181 0 8.9 10.6 10.5 3.5 2 1 3 4 4
-124.5 8710.7 -198.1 181 0 8.9 10.6 10.5 3.5 2 1 3 0 0
-46.0 8816.1 -198.1 181 0 8.9 10.6 10.5 3.5 2 1 3 2 2
-42.4 8830.3 -197.6 181 0 8.9 10.6 10.5 3.5 2 1 3 3 3
-233.4 8653.1 -198.8 273 1 10.0 13.3 14.0 3.5 2 1 4 0 0
-142.7 8631.7 -198.7 95 0 13.6 22.7 10.5 3.5 2 1 3 2 2
-29.4 8489.5 -198.8 185 0 8.5 15.4 10.5 3.5 2 1 3 5 5
-141.7 8305.8 -199.5 3 0 20.0 17.4 14.0 3.5 2 0 4 5 5
-185.7 8194.8 -200.6 277 0 9.0 12.4 10.5 3.5 2 1 3 4 4
-196.2 8196.9 -200.6 277 0 9.0 12.4 10.5 3.5 2 1 3 3 3
-208.4 8197.7 -200.6 277 0 9.0 12.4 10.5 3.5 2 1 3 4 4
-220.3 8197.7 -200.6 277 0 9.0 12.4 10.5 3.5 2 1 3 5 5
-233.3 8199.3 -200.5 277 0 9.0 12.4 10.5 3.5 2 1 3 2 2
-244.3 8200.5 -200.5 277 0 9.0 12.4 10.5 3.5 4 1 3 0 0
-258.2 8200.9 -200.5 277 0 9.0 12.4 10.5 3.5 2 1 3 1 1
-270.0 8203.2 -200.5 277 0 9.0 12.4 10.5 3.5 2 1 3 3 3
-249.4 8149.8 -200.5 97 0 9.0 12.4 10.5 3.5 2 1 3 4 4
-237.5 8148.2 -200.6 97 0 9.0 12.4 10.5 3.5 2 1 3 0 0
-172.1 8193.5 -200.7 269 0 7.5 16.4 10.5 3.5 2 1 3 0 0
-285.0 8204.4 -200.5 277 0 9.0 12.4 10.5 3.5 2 1 3 1 1
-325.6 8184.1 -200.4 7 0 12.4 9.0 10.5 3.5 2 0 3 2 2
1533.0 9739.7 -186.0 195 0 11.1 11.9 5.0 2.5 4 1 2 1 1
1476.5 9629.2 -186.5 98 0 24.6 8.6 5.0 0.0 0 0 2 1 1
1489.9 9599.2 -186.9 282 0 12.4 14.3 5.0 0.0 0 1 2 2 2
1662.8 9548.9 -187.2 187 0 6.2 10.0 5.0 2.5 2 1 2 2 2
1639.2 9504.4 -187.6 183 0 9.7 22.3 5.0 2.5 2 1 2 2 2
1646.2 9458.1 -187.9 96 0 13.7 12.0 5.0 2.5 2 0 2 0 0
1694.0 9502.6 -187.4 96 0 36.1 17.0 7.5 2.5 2 0 3 0 0
1686.8 9565.3 -187.1 248 0 8.8 18.9 2.5 0.0 0 1 1 3 3
1723.8 9557.1 -187.0 2 0 8.5 25.0 5.0 2.5 2 1 2 5 5
3721.9 10512.5 -154.4 178 0 9.5 10.3 7.5 2.5 2 1 3 3 3
3710.3 10487.7 -153.9 339 0 10.9 10.7 5.0 2.5 4 0 2 1 1
3698.0 10532.2 -156.8 354 0 11.0 11.0 7.5 2.5 2 1 3 1 1
3690.7 10520.0 -156.2 358 0 7.0 10.5 5.0 2.5 4 1 2 3 3
3748.2 10498.2 -153.0 78 0 8.3 8.3 5.0 2.5 2 0 2 4 4
3761.0 10448.3 -152.4 354 0 9.1 10.5 5.0 2.5 2 1 2 5 5
3770.1 10457.2 -151.3 167 0 11.2 10.1 5.0 2.5 2 0 2 1 1
3752.6 10489.1 -152.2 82 0 6.0 8.2 5.0 2.5 2 1 2 4 4
-5345.5 8261.7 -115.1 182 0 12.2 15.0 7.5 2.5 2 0 3 4 4
-5361.9 8266.4 -113.7 181 0 14.5 8.4 5.0 2.5 2 0 2 5 5
-5360.8 8284.3 -112.7 180 0 8.0 6.9 7.5 2.5 2 0 3 2 2
-5362.9 8298.3 -112.4 179 0 12.3 13.0 7.5 2.5 2 0 3 0 0
-5350.1 8294.2 -112.7 182 0 4.9 4.3 7.5 2.5 2 0 3 3 3
-5349.9 8300.7 -112.5 182 0 7.7 4.2 5.0 2.5 2 0 2 5 5
-5359.8 8325.3 -111.3 183 0 11.7 11.2 2.5 2.5 2 0 1 0 0
-5343.4 8332.2 -112.1 169 0 4.2 16.3 5.0 2.5 2 1 2 3 3
-5358.0 8346.3 -110.7 185 0 14.0 14.1 5.0 2.5 2 1 2 0 0
-5322.5 8354.3 -111.3 6 0 6.4 10.9 7.5 0.0 0 1 3 3 3
-5355.2 8364.7 -109.6 186 0 9.9 9.5 7.5 2.5 2 0 3 0 0
-5343.6 8366.8 -110.6 187 0 4.0 16.5 2.5 2.5 2 1 1 2 2
-5327.8 8309.8 -113.0 354 0 6.7 8.5 5.0 2.5 2 1 2 4 4
-5344.5 8284.3 -114.0 176 0 10.7 12.7 5.0 2.5 2 1 2 3 3
-5362.9 8248.1 -114.4 180 0 9.8 8.5 7.5 2.5 2 0 3 4 4
-5361.4 8228.4 -115.3 174 0 6.1 9.6 5.0 2.5 2 1 2 3 3
-5343.8 8225.6 -116.7 187 0 9.0 13.2 5.0 2.5 4 1 2 5 5
-5332.1 8228.8 -116.7 175 0 9.5 7.8 5.0 2.5 2 0 2 5 5
-5315.5 8237.1 -116.9 270 0 7.8 7.3 7.5 2.5 2 0 3 3 3
-5362.1 8219.2 -115.7 178 0 8.0 8.5 2.5 0.0 0 1 1 2 2
-5362.3 8209.7 -116.3 183 0 12.0 14.4 7.5 2.5 2 1 3 0 0
-5346.4 8211.4 -117.2 162 0 7.3 17.4 5.0 2.5 2 1 2 3 3
406.5 9581.8 -108.0 6 0 9.1 7.4 2.5 2.5 2 0 1 0 0
398.0 9554.5 -105.0 184 0 9.5 5.7 5.0 2.5 2 0 2 2 2
1107.1 8021.2 -196.1 276 0 18.6 33.2 7.0 0.0 0 1 2 1 1
219.1 8536.0 -197.8 272 1 15.6 12.9 14.0 3.5 2 0 4 4 4
680.2 8300.7 -193.2 94 0 22.2 15.3 17.5 0.0 0 0 5 3 3
439.1 8071.0 -197.7 275 1 10.8 13.8 14.0 3.5 2 1 4 5 5
210.1 8470.7 -198.2 185 1 14.5 12.3 14.0 3.5 2 0 4 2 2
233.9 8475.2 -198.1 274 1 10.9 14.3 14.0 3.5 2 1 4 0 0
249.9 8475.8 -198.1 277 1 13.5 16.6 14.0 3.5 4 1 4 3 3
236.7 8534.5 -197.8 272 1 12.0 12.3 14.0 3.5 4 1 4 0 0
254.0 8533.9 -197.7 274 1 13.4 13.3 14.0 3.5 2 0 4 1 1
282.7 8472.4 -197.8 275 1 14.8 11.7 14.0 0.0 0 0 4 3 3
320.5 8427.3 -197.9 2 1 10.3 16.0 14.0 3.5 2 1 4 4 4
294.1 8312.2 -198.5 29 0 20.7 17.1 14.0 3.5 2 0 4 3 3
315.1 8366.1 -198.2 1 0 11.9 24.0 14.0 3.5 2 1 4 4 4
368.6 8475.3 -197.4 98 1 14.2 11.8 14.0 3.5 2 0 4 0 0
396.0 8572.6 -196.1 272 1 14.6 16.2 17.5 0.0 0 1 5 3 3
442.7 8600.3 -195.6 5 0 20.8 14.4 17.5 3.5 2 0 5 2 2
5680.6 9337.5 74.7 40 0 9.8 11.4 7.5 2.5 2 1 3 5 5
5149.4 10195.8 73.6 41 0 12.9 13.9 7.5 2.5 2 1 3 2 2
5137.1 10206.4 73.9 311 0 3.3 5.4 5.0 2.5 2 1 2 1 1
5106.1 10186.9 68.2 108 0 4.0 7.4 2.5 2.5 2 1 1 2 2
4989.5 10341.5 70.3 51 0 4.6 4.0 7.5 2.5 2 0 3 1 1
4335.6 9984.7 -111.7 273 0 8.2 29.2 7.5 2.5 2 1 3 0 0
4288.3 9916.9 -126.0 319 0 14.7 9.5 5.0 2.5 2 0 2 4 4
4249.2 9978.8 -128.1 275 0 7.9 11.8 5.0 0.0 0 1 2 5 5
4291.9 9826.4 -128.2 248 0 9.0 13.9 5.0 0.0 0 1 2 0 0
5477.5 10115.0 118.3 50 0 10.2 8.8 7.5 0.0 0 0 3 4 4
6485.4 9342.7 168.1 90 0 4.9 10.9 7.5 2.5 2 1 3 4 4
6500.3 9372.1 160.0 178 0 8.5 9.8 7.5 2.5 2 1 3 1 1
6429.4 9285.9 175.4 85 0 6.4 7.0 5.0 2.5 2 1 2 2 2
6415.4 8962.2 196.3 85 0 9.2 6.9 5.0 2.5 2 0 2 2 2
6298.8 8735.5 192.0 109 0 9.9 13.8 7.5 2.5 2 1 3 5 5
6318.1 9067.1 175.4 89 0 7.4 11.5 2.5 0.0 0 1 1 5 5
6361.2 8944.8 192.4 70 0 15.2 12.5 7.5 2.5 2 0 3 1 1
2759.9 6871.4 -209.8 185 0 10.9 11.0 5.0 2.5 2 1 2 1 1
3434.4 7280.7 -202.9 331 0 18.4 11.4 7.5 2.5 2 0 3 0 0
-3522.4 3149.6 -202.6 257 0 18.7 21.2 15.0 0.0 0 1 6 1 1
2814.9 8656.9 -191.4 5 0 5.0 5.0 7.5 2.5 2 1 3 2 2
2980.0 9488.9 -183.8 180 0 12.5 8.2 5.0 2.5 2 0 2 1 1
3120.9 9170.7 -185.8 116 0 12.5 7.7 5.0 2.5 2 0 2 1 1
3375.1 8684.0 -190.5 94 0 7.7 6.2 2.5 2.5 2 0 1 4 4
3091.5 8713.2 -190.4 94 0 6.2 5.2 5.0 2.5 4 0 2 1 1
2818.9 8678.1 -191.2 276 0 4.2 5.6 5.0 2.5 2 1 2 5 5
2805.4 8665.1 -191.3 189 0 7.3 3.6 2.5 2.5 2 0 1 0 0
1662.6 9122.4 -190.5 91 0 11.8 20.0 7.5 2.5 2 1 3 1 1
6316.5 9282.4 172.1 80 0 10.8 11.4 7.5 2.5 2 1 3 5 5
6305.7 9313.5 171.0 177 0 20.2 9.2 2.5 2.5 2 0 1 3 3
-1164.5 8200.3 -199.2 273 0 19.6 48.5 10.0 2.5 2 1 4 3 3
-1447.9 8214.1 -196.7 181 0 8.3 5.1 5.0 2.5 2 0 2 4 4
742.4 8045.0 -194.1 2 0 10.7 15.4 14.0 3.5 2 1 4 4 4
6712.4 -7265.3 -44.6 162 0 11.0 17.3 7.5 2.5 4 1 3 3 3
