-1522.7 10449.8 -303.3 247 0 23.3 17.8 17.5 3.5 2 0 5 4 4
-1948.8 10234.9 -305.3 153 0 22.8 31.5 17.5 0.0 0 1 5 5 5
-2816.7 10558.5 -312.6 242 0 20.6 17.1 14.0 3.5 2 0 4 3 3
-2301.6 10592.3 -309.3 77 0 25.2 17.8 17.5 3.5 2 0 5 1 1
-1372.3 9818.4 -299.4 151 0 18.7 25.3 17.5 3.5 2 1 5 4 4
-5936.1 8084.5 -312.0 331 0 19.1 29.5 10.0 2.5 2 1 4 1 1
-1561.1 9921.8 -301.1 275 0 21.1 63.2 17.5 3.5 2 1 5 1 1
-5758.3 -3262.4 272.3 265 0 9.9 8.9 7.5 2.5 2 0 3 1 1
-5871.2 -3458.5 264.8 89 0 7.1 12.6 5.0 2.5 2 1 2 0 0
-5737.7 -3277.2 274.3 351 0 10.1 7.9 2.5 2.5 2 0 1 4 4
-5590.3 -3420.3 305.1 181 0 5.3 7.0 7.5 2.5 2 1 3 2 2
-5616.6 -3293.6 301.3 154 0 12.1 6.6 5.0 2.5 2 0 2 4 4
-5856.2 -3369.3 259.6 357 0 10.0 12.0 5.0 2.5 2 1 2 2 2
-5730.8 -3349.7 274.7 2 0 15.8 11.3 7.5 2.5 2 0 3 4 4
-5897.1 -3587.4 270.9 220 0 13.2 12.2 7.5 2.5 2 0 3 4 4
-5843.2 -3572.7 273.5 20 0 10.8 11.2 10.0 0.0 0 1 4 1 1
-5908.5 -3403.5 258.2 82 0 9.8 10.3 5.0 2.5 2 1 2 2 2
-5577.3 -3335.4 307.1 335 0 5.1 4.9 2.5 2.5 2 0 1 5 5
-5843.1 -3274.9 261.3 345 0 11.7 10.1 5.0 2.5 2 0 2 2 2
-5727.5 -3450.3 275.3 1 0 11.4 9.6 7.5 2.5 2 0 3 2 2
-5830.2 -3373.1 264.1 181 0 15.5 13.3 7.5 2.5 2 0 3 4 4
-5632.5 -3298.4 294.2 339 0 13.4 11.5 7.5 2.5 2 0 3 2 2
-5789.9 -3235.6 269.2 89 0 17.4 9.7 5.0 0.0 0 0 2 4 4
-5824.1 -3307.1 264.8 173 0 14.0 9.1 7.5 2.5 4 0 3 5 5
-5668.3 -3089.8 294.7 1 0 13.1 14.9 7.5 2.5 2 1 3 0 0
-5610.7 -3404.8 299.3 353 0 11.1 9.2 5.0 2.5 2 0 2 1 1
-5726.7 -3171.1 278.5 360 0 12.6 11.7 2.5 2.5 2 0 1 3 3
-5659.4 -3249.9 295.1 339 0 9.0 11.5 5.0 2.5 2 1 2 0 0
-5700.9 -3147.3 291.7 193 0 9.9 9.9 7.5 2.5 2 0 3 2 2
-5897.9 -3537.0 271.3 172 0 9.2 10.3 2.5 2.5 2 1 1 5 5
-5702.4 -3335.8 282.0 154 0 10.6 9.9 5.0 2.5 2 0 2 1 1
-5814.7 -3291.8 265.9 168 0 13.3 12.0 7.5 2.5 2 0 3 5 5
-5737.2 -3223.5 275.1 5 0 9.6 14.6 7.5 0.0 0 1 3 1 1
-5622.5 -3334.4 296.6 341 0 11.2 10.1 7.5 2.5 2 0 3 1 1
-5713.6 -3287.5 279.8 163 0 13.2 6.9 5.0 2.5 2 0 2 1 1
-5890.4 -3492.4 267.6 178 0 11.7 10.0 7.5 2.5 2 0 3 5 5
-5711.6 -3379.7 280.2 164 0 13.7 13.6 7.5 2.5 4 0 3 2 2
-5838.7 -3461.8 267.8 181 0 6.6 12.8 7.5 2.5 2 1 3 1 1
-5759.0 -3300.7 271.1 358 0 9.6 13.1 5.0 2.5 2 1 2 5 5
-5848.2 -3447.1 265.1 5 0 13.0 10.8 5.0 2.5 2 0 2 3 3
-5731.9 -3308.3 274.8 355 0 9.7 9.1 5.0 2.5 2 0 2 3 3
-5969.0 -3661.8 260.9 166 0 25.4 13.4 10.0 2.5 2 0 4 1 1
-5615.5 -3324.4 300.3 176 0 7.9 6.0 5.0 0.0 0 0 2 4 4
-5859.9 -3584.1 273.0 25 0 9.7 9.3 2.5 2.5 2 0 1 5 5
-5707.2 -3284.5 281.2 163 0 11.2 8.9 7.5 2.5 2 0 3 2 2
-5598.8 -3349.4 303.3 158 0 13.1 9.1 7.5 0.0 0 0 3 5 5
-5898.9 -3345.7 255.4 278 0 6.9 11.1 7.5 2.5 2 1 3 3 3
-5729.4 -3386.1 274.5 2 0 11.8 14.2 7.5 2.5 2 1 3 3 3
-5838.5 -3450.2 266.3 180 0 16.6 9.3 7.5 2.5 2 0 3 3 3
-5911.3 -3491.4 265.6 12 0 18.9 10.0 5.0 2.5 2 0 2 0 0
-5908.9 -3413.6 259.2 79 0 7.0 9.2 5.0 2.5 2 1 2 5 5
-5573.3 -3323.6 306.8 332 0 6.9 10.7 7.5 2.5 2 1 3 0 0
-5859.1 -3201.3 261.4 353 0 10.8 14.1 10.0 0.0 0 1 4 3 3
-5844.1 -3517.7 272.0 172 0 17.2 12.4 7.5 2.5 4 0 3 4 4
-5729.4 -3436.1 275.1 0 0 7.3 9.4 5.0 2.5 2 1 2 5 5
-5842.1 -3369.3 262.7 184 0 10.4 10.4 2.5 2.5 2 0 1 2 2
-5645.4 -2997.5 296.4 7 0 13.8 9.4 7.5 2.5 4 0 3 5 5
-5728.2 -3199.6 277.5 8 0 10.5 10.9 7.5 2.5 2 0 3 2 2
-5647.5 -3261.2 294.4 340 0 11.6 16.5 2.5 2.5 2 1 1 3 3
-5817.3 -3328.1 265.7 183 0 5.0 4.5 5.0 2.5 4 0 2 3 3
-5845.9 -3241.6 262.8 263 0 6.3 6.2 2.5 2.5 2 0 1 2 2
-5707.3 -3454.4 281.2 172 0 10.9 13.9 7.5 2.5 2 0 3 4 4
-5612.3 -3388.6 298.0 349 0 10.8 13.8 2.5 2.5 4 1 1 0 0
-5838.0 -3182.7 266.0 198 0 12.4 10.0 7.5 2.5 2 0 3 5 5
-5714.6 -3142.2 283.4 15 0 11.2 11.1 7.5 2.5 2 0 3 0 0
-5699.5 -3237.7 287.4 247 0 12.6 9.7 7.5 2.5 2 0 3 5 5
-5675.4 -3213.8 295.3 73 0 14.7 13.2 5.0 2.5 2 0 2 3 3
-5683.9 -3343.8 285.7 153 0 12.0 11.7 5.0 2.5 2 0 2 5 5
-5877.3 -3541.2 271.8 82 0 11.4 12.3 7.5 2.5 2 1 3 5 5
-5729.9 -3210.9 276.8 9 0 12.3 10.9 10.0 2.5 4 0 4 5 5
-5798.0 -3269.6 267.4 265 0 10.8 12.6 5.0 2.5 2 1 2 2 2
-5628.9 -3317.4 295.4 340 0 12.5 9.3 5.0 2.5 2 0 2 0 0
-5893.0 -3466.1 265.5 271 0 8.2 11.0 7.5 2.5 2 1 3 4 4
-5705.6 -3465.7 281.5 172 0 12.0 13.9 7.5 2.5 2 0 3 3 3
-5741.7 -3292.4 273.4 354 0 16.6 10.8 7.5 2.5 4 0 3 1 1
-5876.8 -3371.4 256.8 356 0 10.5 18.8 5.0 2.5 2 1 2 3 3
-5734.4 -3323.2 274.4 357 0 11.3 10.7 2.5 2.5 4 0 1 1 1
-5901.8 -3603.3 269.2 299 0 11.7 12.8 2.5 2.5 2 1 1 3 3
-5616.5 -3314.1 300.1 177 0 10.4 5.6 5.0 2.5 2 0 2 2 2
-5868.7 -3564.7 273.1 279 0 8.8 7.7 5.0 2.5 2 0 2 2 2
-5715.6 -3304.0 279.7 175 0 10.0 14.6 5.0 0.0 0 1 2 2 2
-5565.9 -3344.9 307.8 338 0 16.0 11.7 7.5 0.0 0 0 3 2 2
-5843.0 -3313.1 261.2 0 0 11.4 12.5 5.0 2.5 2 1 2 4 4
-5730.0 -3402.2 274.5 356 0 11.1 13.2 2.5 2.5 2 1 1 4 4
-5833.5 -3408.9 263.7 171 0 7.3 10.5 5.0 0.0 0 1 2 1 1
-5906.7 -3418.5 259.7 3 0 7.1 14.3 2.5 2.5 2 1 1 4 4
-5572.5 -3314.1 306.9 342 0 7.6 10.7 5.0 2.5 2 1 2 3 3
-5859.7 -3183.6 262.9 348 0 13.1 10.0 7.5 2.5 2 0 3 2 2
-5840.0 -3480.7 269.3 181 0 10.2 11.6 10.0 2.5 2 1 4 5 5
-5731.9 -3442.2 275.1 1 0 4.2 6.9 7.5 2.5 4 1 3 0 0
-5829.3 -3335.0 264.3 180 0 11.4 11.0 10.0 2.5 2 0 4 0 0
-5698.9 -3048.3 288.5 212 0 12.0 8.5 7.5 2.5 2 0 3 0 0
-5608.7 -3424.7 299.1 1 0 10.5 12.1 7.5 2.5 2 1 3 5 5
-5726.9 -3188.9 277.7 9 0 8.8 13.7 5.0 2.5 2 1 2 3 3
-5673.6 -3269.1 287.4 359 0 12.0 12.5 7.5 2.5 2 1 3 0 0
-5714.6 -3342.9 279.7 158 0 6.0 7.3 2.5 0.0 0 1 1 0 0
-5759.3 -3238.5 273.1 87 0 12.3 10.2 10.0 2.5 2 0 4 1 1
-5819.6 -3320.8 265.4 177 0 4.7 7.9 5.0 2.5 2 1 2 3 3
-5715.9 -3492.0 278.9 164 0 9.9 10.3 2.5 2.5 2 1 1 3 3
-5617.0 -3363.1 297.8 345 0 9.5 10.2 7.5 2.5 2 1 3 0 0
-5839.1 -3251.8 263.7 153 0 10.9 13.5 5.0 2.5 2 1 2 3 3
-5721.8 -3260.4 280.1 178 0 11.4 10.5 10.0 2.5 2 0 4 1 1
-5625.8 -3284.1 300.7 154 0 12.8 10.7 2.5 2.5 2 0 1 5 5
-5860.8 -3538.6 272.3 86 0 11.5 12.8 5.0 2.5 2 1 2 1 1
-5715.6 -3362.3 279.7 180 0 11.3 13.7 10.0 2.5 2 1 4 5 5
-5839.9 -3470.7 268.4 180 0 9.8 9.3 5.0 2.5 2 0 2 2 2
-3692.9 3579.6 -185.2 337 0 18.6 21.2 12.5 2.5 4 1 5 1 1
-1784.0 10027.6 -304.0 90 0 21.4 11.4 17.5 3.5 2 0 5 2 2
-1762.2 10047.7 -303.8 3 0 18.8 10.9 17.5 3.5 2 0 5 0 0
-1812.8 10028.6 -304.2 91 0 20.7 11.3 17.5 3.5 2 0 5 5 5
-1833.6 10050.4 -304.3 182 0 19.8 11.0 17.5 3.5 2 0 5 2 2
-1848.8 10052.4 -304.6 2 0 22.7 12.1 17.5 3.5 2 0 5 2 2
-1877.9 10034.0 -304.8 93 0 20.4 11.2 17.5 3.5 2 0 5 0 0
-1896.9 10065.8 -305.0 270 0 11.0 22.3 17.5 3.5 2 1 5 2 2
-1939.5 10065.8 -305.6 269 0 11.5 22.5 17.5 3.5 2 1 5 5 5
-1918.7 10036.6 -305.4 92 0 20.9 11.1 17.5 0.0 0 0 5 5 5
-1777.5 10119.6 -304.2 269 0 20.4 11.0 17.5 0.0 0 0 5 1 1
-1775.4 10084.5 -304.1 91 0 21.2 10.9 17.5 3.5 2 0 5 0 0
-1803.3 10080.3 -304.2 90 0 8.2 12.0 3.5 3.5 2 1 1 3 3
-1800.3 10118.3 -304.4 268 0 17.7 10.2 17.5 3.5 4 0 5 5 5
-1831.0 10113.4 -304.5 180 0 9.8 15.8 10.5 3.5 2 1 3 2 2
-1847.2 10100.4 -304.7 353 0 17.9 10.6 14.0 3.5 2 0 4 5 5
-1883.9 10089.8 -305.0 91 0 22.4 11.8 14.0 3.5 2 0 4 5 5
-1867.2 10132.5 -305.0 312 0 22.7 12.4 14.0 3.5 2 0 4 1 1
-1915.5 10091.2 -305.2 91 0 21.3 10.9 14.0 3.5 2 0 4 3 3
-1743.0 10088.5 -303.7 180 0 10.5 16.5 14.0 0.0 0 1 4 5 5
-1826.3 9887.2 -302.9 101 0 24.4 11.4 17.5 3.5 2 0 5 0 0
-1708.9 10081.5 -303.5 86 0 20.0 12.0 14.0 3.5 2 0 4 5 5
-1747.2 10116.5 -303.9 174 0 11.9 19.8 14.0 3.5 2 1 4 0 0
-870.5 6231.3 -268.3 337 0 25.3 27.5 10.0 0.0 0 1 4 0 0
-1739.4 10052.2 -303.6 183 0 11.7 21.5 14.0 3.5 2 1 4 1 1
-1949.9 10163.7 -305.5 171 0 9.2 16.1 10.5 3.5 2 0 3 3 3
-1951.3 10173.2 -305.5 172 0 10.0 16.1 10.5 3.5 2 0 3 0 0
-1866.1 10287.1 -305.0 83 0 11.2 21.4 14.0 3.5 2 1 4 1 1
-1861.8 10153.1 -305.0 129 0 21.2 10.2 17.5 3.5 2 0 5 4 4
-1882.6 10179.6 -305.1 221 0 10.4 20.7 17.5 3.5 2 1 5 1 1
-1905.3 10141.4 -305.2 209 0 20.9 10.3 14.0 3.5 2 0 4 4 4
-1920.3 10122.4 -305.3 201 0 8.8 18.7 10.5 3.5 2 1 3 5 5
-1929.3 10349.4 -305.5 355 0 18.0 16.3 17.5 3.5 2 0 5 3 3
-1781.1 10147.2 -304.3 85 0 20.4 11.7 17.5 3.5 4 0 5 0 0
-2056.4 10062.1 -306.5 272 0 14.0 13.2 14.0 3.5 2 0 4 0 0
-2056.6 10017.5 -306.6 91 0 13.5 21.3 14.0 3.5 2 1 4 5 5
-2052.2 10148.7 -306.2 82 0 14.0 43.1 17.5 3.5 2 1 5 2 2
-1890.3 10285.4 -305.1 86 0 11.4 18.8 14.0 0.0 0 1 4 0 0
-1578.1 10410.5 -303.6 351 0 19.9 10.8 14.0 3.5 2 0 4 3 3
-1854.5 10197.8 -305.0 307 0 20.4 11.7 17.5 3.5 4 0 5 5 5
-1960.3 10100.0 -305.7 354 0 10.9 19.4 17.5 3.5 2 1 5 1 1
-1981.6 10317.2 -305.7 358 0 19.2 14.8 14.0 0.0 0 0 4 3 3
-2218.1 10422.7 -307.3 94 0 21.6 11.1 14.0 3.5 2 0 4 0 0
-1899.8 10322.4 -305.3 173 0 21.0 11.3 14.0 3.5 2 0 4 1 1
-1902.7 10351.3 -305.2 173 0 19.1 9.9 10.5 3.5 2 0 3 3 3
-4293.7 8504.6 -313.8 288 0 14.0 8.7 10.5 3.5 2 0 3 0 0
-2664.8 10050.2 -308.1 345 0 17.4 30.7 17.5 0.0 0 1 5 5 5
-2713.3 10072.5 -308.9 293 0 23.9 22.3 17.5 0.0 0 0 5 0 0
-2750.4 10090.6 -309.5 293 0 23.9 22.3 17.5 0.0 0 0 5 0 0
-2787.9 10108.1 -310.0 293 0 24.0 22.3 17.5 0.0 0 0 5 2 2
-2825.7 10124.2 -310.0 293 0 24.0 22.3 17.5 0.0 0 0 5 2 2
-2865.1 10140.3 -310.1 293 0 23.9 22.3 17.5 0.0 0 0 5 2 2
-2913.6 10161.2 -311.2 252 0 20.6 30.4 17.5 0.0 0 1 5 1 1
-2891.2 10075.6 -309.1 293 0 24.0 22.3 17.5 0.0 0 0 5 3 3
-2855.0 10057.9 -309.1 293 0 24.0 22.3 17.5 0.0 0 0 5 1 1
-1887.7 10529.6 -305.7 355 0 14.5 17.1 17.5 3.5 2 1 5 5 5
-6420.3 7570.8 -294.3 68 0 21.9 19.9 10.0 2.5 2 0 4 5 5
-6116.4 6910.3 -305.0 180 0 16.4 22.5 10.0 2.5 2 1 4 1 1
-3853.8 8736.3 -313.5 154 0 14.6 17.9 14.0 3.5 4 1 4 0 0
-6299.6 6104.9 -296.1 135 0 38.5 25.5 15.0 0.0 0 0 6 4 4
-3000.0 10246.8 -312.9 95 0 40.3 22.9 14.0 0.0 0 0 4 4 4
-2994.3 10229.3 -313.1 277 0 23.2 35.3 17.5 0.0 0 1 5 0 0
-2270.3 10139.8 -306.8 16 0 17.7 30.6 17.5 0.0 0 1 5 4 4
-2261.5 10162.4 -306.8 16 0 17.7 30.6 17.5 3.5 2 1 5 5 5
-2253.8 10185.6 -306.9 16 0 17.7 30.6 17.5 3.5 2 1 5 1 1
-2246.4 10209.5 -307.1 16 0 17.7 30.6 17.5 0.0 0 1 5 3 3
-2224.0 10115.4 -306.6 102 0 30.6 17.8 17.5 3.5 2 0 5 2 2
-2231.9 10151.7 -306.7 192 0 17.8 30.6 17.5 3.5 2 1 5 5 5
-2226.7 10175.0 -306.8 192 0 17.8 30.6 17.5 3.5 2 1 5 1 1
-2223.3 10198.5 -306.9 192 0 17.7 30.6 17.5 3.5 2 1 5 5 5
-3008.2 10453.3 -313.4 96 0 26.0 21.2 17.5 3.5 2 0 5 5 5
-2990.4 10489.7 -313.3 6 0 21.2 25.9 17.5 3.5 2 1 5 1 1
-2988.1 10517.8 -313.3 6 0 21.2 25.9 17.5 3.5 2 1 5 3 3
-3035.1 10458.1 -313.6 95 0 17.5 30.6 17.5 3.5 4 1 5 4 4
-3033.7 10514.9 -313.5 198 0 27.5 10.8 17.5 3.5 2 0 5 5 5
-2702.1 10392.9 -310.7 102 0 32.6 24.6 17.5 0.0 0 0 5 3 3
-2711.2 10325.3 -310.5 100 0 37.3 30.5 14.0 0.0 0 0 4 1 1
-2681.4 10320.5 -310.1 105 0 25.1 27.2 14.0 0.0 0 1 4 0 0
-1490.1 10252.6 -302.4 81 0 11.8 23.6 14.0 3.5 2 1 4 0 0
-1473.6 10254.3 -302.3 81 0 12.3 24.0 14.0 3.5 2 1 4 1 1
-1457.2 10256.7 -302.2 80 0 13.2 24.0 14.0 3.5 2 1 4 0 0
-2616.3 10035.0 -307.1 267 0 28.9 15.9 14.0 3.5 2 0 4 4 4
-2630.0 10004.1 -307.3 177 0 15.9 29.0 14.0 3.5 2 1 4 5 5
-2628.2 9981.0 -307.5 177 0 15.9 29.0 14.0 3.5 2 1 4 3 3
-2611.7 9950.7 -307.7 87 0 28.9 15.9 14.0 3.5 2 0 4 2 2
-2482.7 10098.4 -307.1 104 0 34.5 17.3 17.5 3.5 2 0 5 3 3
-3073.9 4186.2 -237.8 349 0 17.6 24.3 7.5 2.5 2 1 3 2 2
-2533.3 4050.0 -223.5 251 0 18.6 14.2 12.5 2.5 2 0 5 1 1
-5460.2 1775.4 -189.6 54 0 20.0 13.0 10.0 2.5 2 0 4 1 1
-3043.9 3648.4 -216.0 346 0 11.4 14.8 2.5 2.5 4 1 1 2 2
897.8 8535.0 -253.4 250 0 18.5 12.9 14.0 3.5 2 0 4 5 5
-2932.0 10600.6 -314.0 91 0 19.5 24.2 17.5 3.5 2 1 5 0 0
-2967.8 10610.3 -314.1 179 0 24.8 22.4 17.5 3.5 4 0 5 1 1
-2211.7 10361.4 -307.0 89 0 13.9 40.1 17.5 0.0 0 1 5 4 4
-2203.2 10444.7 -307.4 2 0 18.9 23.7 14.0 3.5 2 1 4 4 4
-2201.0 10274.2 -306.8 91 0 16.3 33.8 14.0 3.5 2 1 4 4 4
-2260.0 10286.3 -307.1 91 0 16.3 33.8 14.0 0.0 0 1 4 5 5
-2231.1 10303.6 -307.0 92 0 33.6 16.4 14.0 3.5 2 0 4 4 4
-2334.9 10286.8 -307.4 87 0 16.3 33.8 14.0 3.5 2 1 4 2 2
-2357.3 10286.1 -307.6 87 0 16.3 33.8 14.0 3.5 2 1 4 5 5
-2382.2 10284.4 -307.7 87 0 16.3 33.8 14.0 3.5 2 1 4 0 0
-2406.7 10285.8 -307.8 87 0 16.3 33.8 14.0 3.5 2 1 4 5 5
-2430.9 10285.4 -308.0 87 0 16.3 33.8 14.0 3.5 2 1 4 2 2
-2360.3 10265.0 -307.7 270 0 33.6 16.4 17.5 3.5 2 0 5 1 1
-2859.7 10262.4 -311.8 5 0 26.5 22.7 17.5 0.0 0 0 5 4 4
-2929.6 10272.1 -311.7 184 0 31.5 18.1 17.5 0.0 0 0 5 4 4
-2897.3 10250.1 -311.7 93 0 19.2 31.2 17.5 3.5 2 1 5 4 4
-2961.7 10243.1 -311.9 95 0 19.0 19.6 14.0 3.5 2 1 4 1 1
-2738.1 10415.8 -311.1 20 0 15.7 41.1 14.0 3.5 2 1 4 5 5
-1549.4 10387.8 -303.1 172 0 11.4 24.3 17.5 3.5 2 1 5 3 3
-1546.4 10371.9 -303.0 173 0 11.9 23.5 17.5 3.5 2 1 5 2 2
-5450.8 8552.8 -319.1 4 0 19.8 20.5 12.5 0.0 0 1 5 5 5
-1361.5 10207.8 -301.7 354 0 14.5 28.8 17.5 3.5 2 1 5 0 0
-1793.5 9831.3 -302.0 19 0 23.3 11.0 17.5 3.5 2 0 5 1 1
-1783.9 9859.7 -301.9 19 0 23.3 11.0 17.5 3.5 2 0 5 3 3
-1816.5 9838.7 -302.1 19 0 23.3 11.0 17.5 3.5 2 0 5 3 3
-1839.3 9869.9 -302.8 19 0 23.3 11.0 17.5 3.5 2 0 5 0 0
-1826.2 9810.1 -302.2 19 0 23.3 11.0 17.5 3.5 2 0 5 1 1
-1818.8 9787.4 -302.1 304 0 23.3 11.0 17.5 3.5 2 0 5 3 3
-1795.9 9882.2 -302.4 102 0 23.2 11.0 17.5 3.5 2 0 5 5 5
-2318.9 10365.7 -307.8 358 0 16.1 32.7 14.0 0.0 0 1 4 4 4
-2371.2 10358.2 -308.0 88 0 24.7 12.0 14.0 3.5 2 0 4 0 0
-2406.2 10374.8 -308.3 267 0 33.4 16.9 14.0 3.5 2 0 4 4 4
-2847.6 10575.1 -313.1 88 0 18.3 22.5 17.5 3.5 2 1 5 0 0
-2587.4 10123.9 -308.9 99 0 11.0 27.5 17.5 0.0 0 1 5 2 2
-2487.2 10171.6 -308.4 284 0 38.1 16.4 17.5 3.5 2 0 5 2 2
-2443.3 10160.0 -307.7 285 0 38.1 16.4 17.5 3.5 2 0 5 1 1
-2513.8 10106.6 -308.0 104 0 17.7 49.1 17.5 3.5 2 1 5 3 3
-2452.5 10090.6 -306.9 104 0 17.7 49.0 17.5 0.0 0 1 5 4 4
-2543.8 10153.7 -308.6 190 0 17.2 25.5 17.5 3.5 2 1 5 3 3
-2393.6 10265.3 -307.8 269 0 16.9 24.8 17.5 3.5 2 1 5 2 2
-2366.9 10221.2 -307.6 118 0 25.4 16.4 17.5 3.5 2 0 5 4 4
-2387.1 10167.9 -307.4 103 0 16.5 39.5 17.5 3.5 2 1 5 5 5
-2297.1 10241.2 -307.3 108 0 18.0 28.4 14.0 3.5 2 1 4 1 1
-2281.3 10355.9 -307.4 91 0 22.2 22.7 17.5 3.5 2 1 5 3 3
-2546.2 9908.6 -307.0 11 0 25.3 18.2 14.0 3.5 2 0 4 0 0
-2584.0 9901.9 -307.4 89 0 17.9 27.1 14.0 3.5 2 1 4 0 0
-2650.4 9786.5 -307.3 3 0 16.8 29.5 14.0 3.5 2 1 4 4 4
-2705.1 9827.3 -308.2 114 0 16.3 32.1 14.0 3.5 4 1 4 0 0
-2720.3 9793.2 -307.6 114 0 16.3 32.1 14.0 3.5 2 1 4 0 0
-2696.1 9783.1 -307.4 100 0 15.0 17.0 14.0 3.5 2 1 4 2 2
-2763.7 9838.9 -308.7 205 0 67.7 13.8 14.0 3.5 4 0 4 1 1
-2886.2 9851.0 -309.0 203 0 10.3 16.0 14.0 3.5 2 1 4 0 0
-2845.6 9904.7 -309.6 23 0 10.3 16.0 14.0 3.5 2 1 4 0 0
-2868.4 9897.0 -309.6 203 0 10.3 16.0 14.0 3.5 4 1 4 3 3
-2874.1 9880.9 -309.4 203 0 10.3 16.0 14.0 3.5 2 1 4 4 4
-2880.8 9867.1 -309.2 203 0 10.3 16.0 14.0 3.5 2 1 4 2 2
-2834.6 9907.8 -309.7 203 0 10.3 16.0 17.5 3.5 4 1 5 5 5
-2840.7 9893.3 -309.5 203 0 10.3 16.0 17.5 3.5 4 1 5 5 5
-2846.8 9877.8 -309.3 203 0 10.3 16.0 17.5 3.5 4 1 5 4 4
-2853.5 9863.0 -309.1 203 0 10.3 16.0 17.5 3.5 4 1 5 3 3
-2860.0 9848.6 -308.9 203 0 10.3 16.0 17.5 3.5 2 1 5 3 3
-2866.3 9833.0 -308.7 203 0 10.3 16.0 17.5 3.5 2 1 5 5 5
-2856.4 9926.5 -309.4 202 0 16.0 13.8 14.0 3.5 2 0 4 3 3
-2781.5 9903.3 -309.5 294 0 10.2 17.0 17.5 3.5 4 1 5 0 0
-2766.5 9886.7 -309.3 24 0 17.0 10.2 17.5 3.5 2 0 5 5 5
-2774.2 9920.5 -309.9 114 0 10.2 17.0 14.0 3.5 2 1 4 4 4
-2752.6 9919.8 -309.8 24 0 17.0 10.2 14.0 0.0 0 0 4 4 4
-2797.5 9949.9 -310.1 294 0 10.2 17.0 14.0 3.5 4 1 4 4 4
-2783.4 9944.0 -310.0 294 0 10.2 17.0 14.0 0.0 0 1 4 1 1
-2842.9 9958.9 -309.5 204 0 17.0 10.2 14.0 3.5 2 0 4 2 2
-2818.1 9958.3 -309.9 291 0 14.4 11.6 14.0 3.5 2 0 4 0 0
-2858.9 9967.7 -308.9 23 0 19.5 19.9 14.0 3.5 2 1 4 2 2
-2863.2 10220.6 -311.3 6 0 19.9 18.9 17.5 3.5 2 0 5 0 0
-2895.6 10234.2 -311.6 276 0 19.0 19.9 17.5 0.0 0 1 5 4 4
-2899.5 10189.2 -311.7 94 0 18.9 19.9 17.5 3.5 2 1 5 1 1
-2866.4 10196.8 -311.3 4 0 19.9 18.9 17.5 3.5 2 0 5 1 1
-2809.5 10209.7 -311.3 4 0 20.2 17.2 17.5 3.5 2 0 5 4 4
-2799.8 10431.6 -311.5 109 0 31.9 14.8 14.0 3.5 2 0 4 2 2
-2521.8 10403.5 -309.3 273 0 22.5 20.0 17.5 3.5 2 0 5 3 3
-2473.8 10316.8 -308.3 267 0 11.6 21.1 14.0 3.5 4 1 4 4 4
-2845.6 10380.9 -311.7 192 0 16.6 16.4 17.5 3.5 2 0 5 5 5
-2963.6 10304.1 -311.8 293 0 14.3 20.9 14.0 3.5 4 1 4 5 5
-2634.4 10542.6 -311.4 91 0 24.4 24.7 14.0 0.0 0 1 4 5 5
-969.8 10484.8 -299.7 303 0 27.5 20.7 14.0 3.5 4 0 4 5 5
-707.2 10629.7 -300.6 11 0 16.1 27.9 17.5 3.5 2 1 5 0 0
-1022.2 10428.9 -299.5 308 0 18.9 15.2 17.5 3.5 2 0 5 2 2
-1017.5 10391.0 -298.9 128 0 18.9 15.2 17.5 3.5 4 0 5 5 5
-977.9 10400.7 -298.6 308 0 18.9 15.2 17.5 0.0 0 0 5 3 3
-949.4 10397.5 -298.3 308 0 18.9 15.2 17.5 3.5 4 0 5 5 5
-1155.1 9879.6 -296.8 176 0 19.4 18.9 14.0 3.5 2 0 4 1 1
-1119.3 9891.0 -296.2 274 0 18.9 19.4 14.0 3.5 2 1 4 0 0
-1092.1 9889.0 -295.5 274 0 18.9 19.4 14.0 3.5 2 1 4 1 1
-1055.6 9875.6 -294.9 12 0 19.4 18.9 14.0 3.5 2 0 4 0 0
-1137.0 9844.4 -296.4 137 0 17.9 19.7 14.0 0.0 0 1 4 3 3
-1119.9 9823.9 -295.9 137 0 17.9 19.7 14.0 3.5 2 1 4 0 0
-1060.1 9845.4 -294.8 14 0 19.7 16.3 14.0 3.5 2 0 4 3 3
-1073.3 9826.3 -295.0 331 0 16.1 18.3 14.0 3.5 4 1 4 4 4
-1071.5 9901.7 -295.4 49 0 11.6 28.2 17.5 3.5 2 1 5 4 4
-1104.5 9903.7 -296.1 49 0 11.6 28.2 17.5 3.5 2 1 5 0 0
-1138.9 9904.1 -296.9 49 0 11.6 28.2 17.5 3.5 2 1 5 2 2
-1197.8 9854.6 -298.3 41 0 20.7 27.6 14.0 3.5 2 1 4 5 5
-1505.7 9772.4 -299.4 282 0 17.2 22.0 14.0 3.5 2 1 4 5 5
-1548.8 9773.2 -299.7 198 0 14.4 22.4 14.0 3.5 2 1 4 5 5
-1552.3 9753.1 -299.6 188 0 13.9 21.4 14.0 3.5 2 1 4 5 5
-1091.8 10089.6 -300.3 101 0 22.2 28.0 14.0 0.0 0 1 4 1 1
-1119.5 10144.6 -300.5 246 0 13.5 35.1 14.0 0.0 0 1 4 0 0
-1067.2 10165.4 -300.3 246 0 13.5 35.1 14.0 0.0 0 1 4 0 0
-1478.4 9777.4 -299.2 174 0 12.3 40.7 14.0 0.0 0 1 4 5 5
-1192.4 10620.4 -301.8 288 0 27.3 13.2 17.5 0.0 0 0 5 1 1
-1160.4 10611.3 -301.7 288 0 27.3 13.2 17.5 3.5 2 0 5 5 5
-1156.3 10583.7 -301.7 18 0 13.2 27.3 17.5 0.0 0 1 5 0 0
-1212.7 10601.5 -301.9 198 0 13.2 27.3 17.5 3.5 4 1 5 1 1
-1380.3 9946.6 -299.7 355 0 22.6 16.5 17.5 3.5 2 0 5 3 3
-1408.7 9693.6 -298.3 83 0 17.9 17.7 14.0 3.5 2 0 4 2 2
-1011.3 9807.6 -293.5 15 0 13.8 19.9 17.5 3.5 2 1 5 4 4
-1035.4 9750.0 -294.1 25 0 13.8 19.9 17.5 3.5 2 1 5 4 4
-1054.9 9810.6 -294.2 206 0 20.3 13.8 17.5 3.5 2 0 5 5 5
-1064.2 9782.3 -294.4 193 0 20.8 14.7 17.5 3.5 2 0 5 2 2
-1066.9 10373.2 -299.3 176 0 18.2 13.1 17.5 0.0 0 0 5 1 1
-1064.2 10336.3 -299.4 176 0 18.2 13.1 17.5 3.5 2 0 5 2 2
-2004.9 10156.3 -305.9 175 0 22.5 13.3 17.5 3.5 2 0 5 1 1
-2058.7 10209.1 -306.1 83 0 20.7 17.1 17.5 3.5 4 0 5 5 5
-2076.7 10117.0 -306.4 356 0 19.5 26.0 14.0 3.5 2 1 4 2 2
-1869.9 9894.8 -303.6 55 0 13.9 17.3 17.5 0.0 0 1 5 5 5
-1884.6 9879.3 -303.6 33 0 13.9 17.0 17.5 3.5 4 1 5 0 0
-1893.5 9860.3 -303.4 10 0 14.5 16.8 17.5 3.5 2 1 5 0 0
-1902.1 9829.5 -303.1 82 0 17.3 14.5 17.5 3.5 2 0 5 2 2
-2004.5 9864.9 -304.7 302 0 19.0 15.0 17.5 3.5 2 0 5 3 3
-899.9 10463.4 -300.0 125 0 12.8 20.3 17.5 3.5 2 1 5 2 2
-1353.1 10470.8 -302.3 115 0 21.6 22.3 17.5 3.5 2 1 5 4 4
-1354.0 10395.0 -301.7 170 0 20.3 33.6 14.0 0.0 0 1 4 0 0
-1348.5 10364.7 -301.5 171 0 37.3 13.1 14.0 0.0 0 0 4 2 2
-1200.4 10189.7 -300.9 5 0 32.3 21.4 14.0 0.0 0 0 4 5 5
-1235.8 10208.2 -301.0 275 0 21.4 32.4 14.0 0.0 0 1 4 4 4
-998.4 10046.8 -299.6 359 0 14.2 10.5 14.0 3.5 2 0 4 5 5
-1016.0 10043.4 -299.6 359 0 14.2 10.5 14.0 3.5 2 0 4 0 0
-1033.7 10045.3 -299.8 2 0 15.0 9.7 10.5 3.5 4 0 3 3 3
-1178.5 10107.5 -299.9 180 0 10.7 14.2 17.5 3.5 2 0 5 3 3
-1280.5 10100.2 -300.6 356 0 15.3 18.4 14.0 3.5 4 1 4 4 4
-1322.2 10021.3 -299.8 172 0 13.3 22.3 17.5 3.5 2 1 5 2 2
-1387.2 10007.8 -300.3 172 0 12.1 23.3 17.5 3.5 4 1 5 0 0
-1387.4 9996.3 -300.1 183 0 7.6 23.4 10.5 3.5 2 1 3 3 3
-1391.0 10024.7 -300.5 172 0 10.6 21.0 17.5 3.5 2 1 5 4 4
-1399.6 10106.9 -301.6 175 0 11.8 22.6 14.0 3.5 4 1 4 1 1
-1398.6 10089.6 -301.4 174 0 11.2 23.1 14.0 3.5 2 1 4 2 2
-1348.1 10113.2 -301.3 353 0 11.0 22.5 14.0 0.0 0 1 4 1 1
-1453.9 10220.1 -301.9 174 0 11.6 21.4 17.5 3.5 2 1 5 2 2
-1450.7 10205.7 -301.9 178 0 12.0 20.2 17.5 3.5 2 1 5 0 0
-1449.6 10189.3 -301.9 175 0 12.4 21.1 17.5 3.5 2 1 5 4 4
-1447.8 10172.6 -302.0 174 0 12.4 21.9 17.5 3.5 2 1 5 5 5
-1443.2 10129.9 -302.0 174 0 12.7 22.0 14.0 3.5 2 1 4 5 5
-1453.2 10081.8 -302.0 355 0 10.8 23.7 17.5 3.5 4 1 5 0 0
-1539.9 10338.9 -302.7 172 0 11.0 23.3 17.5 0.0 0 1 5 1 1
-1525.0 10319.8 -302.7 83 0 24.8 10.4 17.5 3.5 2 0 5 5 5
-1513.5 10302.3 -302.6 263 0 11.5 22.6 14.0 3.5 2 1 4 4 4
-1505.1 10252.3 -302.5 83 0 11.7 23.4 14.0 3.5 2 1 4 0 0
-1496.3 10307.0 -302.5 261 0 12.3 22.7 14.0 3.5 2 1 4 0 0
-1522.9 10211.9 -302.4 172 0 11.1 24.0 17.5 0.0 0 1 5 0 0
-1511.7 10235.7 -302.5 264 0 20.6 10.5 17.5 3.5 2 0 5 1 1
-1520.7 10196.9 -302.3 173 0 10.8 15.1 17.5 3.5 2 1 5 0 0
-1519.6 10180.2 -302.3 174 0 10.3 24.1 17.5 3.5 2 1 5 3 3
-1516.9 10164.0 -302.3 173 0 10.9 22.9 17.5 3.5 2 1 5 2 2
-1451.6 10067.0 -301.8 354 0 10.7 23.0 17.5 3.5 2 1 5 3 3
-1159.5 10448.5 -300.5 184 0 12.0 14.5 17.5 3.5 4 1 5 1 1
-1159.2 10430.3 -300.4 184 0 12.0 14.4 17.5 3.5 2 1 5 1 1
-1165.0 10461.6 -300.7 94 0 14.4 12.0 17.5 3.5 2 0 5 0 0
-1178.4 10419.1 -300.4 273 0 11.9 14.5 17.5 3.5 2 1 5 4 4
-1160.8 10417.2 -300.3 273 0 11.9 14.5 17.5 3.5 2 1 5 5 5
-1086.5 10343.0 -299.8 356 0 20.9 14.5 17.5 3.5 2 0 5 5 5
-1107.4 10376.7 -299.8 224 0 14.5 20.8 17.5 3.5 2 1 5 5 5
-1128.4 10377.6 -300.1 267 0 20.8 14.6 17.5 3.5 2 0 5 3 3
-1151.9 10376.2 -300.3 267 0 20.8 14.6 17.5 3.5 2 0 5 1 1
-1111.1 10313.9 -300.0 69 0 20.8 14.6 17.5 3.5 2 0 5 2 2
-1133.4 10306.8 -300.2 69 0 20.8 14.6 17.5 0.0 0 0 5 1 1
-1185.8 10338.2 -300.6 176 0 20.9 14.5 17.5 3.5 2 0 5 3 3
-1179.1 10377.1 -300.5 271 0 14.5 20.9 17.5 3.5 2 1 5 5 5
-1967.1 10340.9 -305.6 174 0 21.1 19.3 17.5 3.5 2 0 5 2 2
-2041.5 10336.9 -306.0 355 0 19.3 16.3 14.0 3.5 2 0 4 2 2
-1691.1 9813.7 -300.6 116 0 13.9 23.6 14.0 0.0 0 1 4 0 0
-1721.9 9844.1 -301.0 202 0 19.2 21.6 14.0 0.0 0 1 4 4 4
-1644.9 9820.8 -300.4 300 0 13.3 23.6 14.0 0.0 0 1 4 2 2
-1677.3 9755.5 -299.9 25 0 13.4 21.8 14.0 0.0 0 1 4 0 0
-1730.7 9735.9 -299.6 205 0 14.3 21.8 14.0 0.0 0 1 4 4 4
-1701.9 9699.4 -299.3 116 0 13.9 23.6 14.0 0.0 0 1 4 5 5
-1744.3 9735.0 -300.1 25 0 13.4 21.8 14.0 0.0 0 1 4 0 0
-1767.7 9765.8 -301.0 74 0 19.8 21.6 14.0 0.0 0 1 4 1 1
-1748.8 9809.5 -301.1 21 0 18.3 23.6 14.0 0.0 0 1 4 1 1
-1734.7 9840.9 -301.4 13 0 15.0 27.0 14.0 0.0 0 1 4 4 4
-2119.8 10123.5 -306.4 268 0 22.0 19.5 14.0 3.5 2 0 4 0 0
-1626.8 10410.7 -303.9 173 0 21.1 10.7 14.0 3.5 2 0 4 3 3
-2020.2 10121.1 -306.2 356 0 21.0 27.7 17.5 3.5 2 0 5 0 0
-2063.2 10117.5 -306.3 178 0 24.6 15.4 17.5 3.5 2 0 5 3 3
-2345.6 10015.5 -306.5 14 0 17.4 13.2 17.5 3.5 2 0 5 2 2
-2399.0 10022.0 -306.6 194 0 17.4 13.2 17.5 3.5 2 0 5 2 2
-2365.4 9995.8 -306.6 9 0 13.2 17.3 17.5 3.5 2 1 5 2 2
-2452.6 9975.8 -306.6 99 0 11.3 29.1 17.5 3.5 2 1 5 0 0
-2478.9 9953.4 -306.5 7 0 17.8 16.1 17.5 3.5 2 0 5 4 4
-2445.7 9940.7 -306.5 97 0 14.6 18.9 17.5 3.5 2 1 5 3 3
-2635.8 10089.9 -308.5 184 0 25.2 12.0 14.0 3.5 2 0 4 0 0
-2603.5 10188.7 -309.4 288 0 14.3 27.1 17.5 3.5 2 0 5 2 2
-2592.1 10185.5 -309.3 282 0 10.2 26.7 17.5 3.5 2 0 5 1 1
-2612.7 10127.4 -309.3 96 0 15.2 31.1 17.5 0.0 0 0 5 2 2
-2603.8 10126.1 -309.2 100 0 11.6 27.1 17.5 3.5 2 0 5 4 4
-2602.7 10092.1 -308.3 4 0 23.2 13.7 14.0 3.5 4 0 4 2 2
-2604.8 10062.5 -307.7 1 0 21.8 12.6 14.0 3.5 2 0 4 5 5
-2636.9 10062.3 -307.9 176 0 22.4 13.2 14.0 3.5 2 0 4 4 4
-2505.4 10352.4 -308.9 90 0 10.3 21.5 17.5 3.5 2 1 5 1 1
-2831.2 10618.2 -313.2 269 0 8.9 16.7 10.5 3.5 2 1 3 3 3
-2785.8 10616.2 -312.8 276 0 12.0 17.6 17.5 0.0 0 1 5 2 2
-2501.4 10315.9 -308.5 265 0 10.0 16.3 10.5 3.5 2 1 3 4 4
-1507.4 10075.7 -302.2 174 0 11.0 23.7 17.5 0.0 0 1 5 3 3
-1505.7 10060.5 -302.0 175 0 11.2 23.1 17.5 3.5 2 1 5 1 1
-1510.2 10107.7 -302.4 174 0 11.7 23.9 17.5 3.5 2 1 5 5 5
-1508.7 10092.9 -302.4 175 0 11.0 24.3 17.5 3.5 2 1 5 4 4
-1278.8 10328.9 -301.0 352 0 24.2 18.5 14.0 3.5 4 0 4 1 1
-1360.4 10190.7 -301.7 354 0 12.9 28.9 17.5 3.5 2 1 5 1 1
-1364.1 10226.3 -301.6 354 0 15.8 28.5 17.5 3.5 2 1 5 0 0
-1501.5 10129.4 -302.3 265 0 21.5 10.2 17.5 3.5 2 0 5 3 3
-1624.3 10078.0 -302.9 87 0 9.8 21.0 10.5 3.5 2 1 3 0 0
-1598.6 10076.7 -302.8 87 0 9.8 21.0 10.5 3.5 2 1 3 1 1
-1649.8 10088.1 -303.1 357 0 21.0 9.8 10.5 3.5 2 0 3 4 4
-1701.8 9993.0 -303.2 95 0 18.5 14.7 17.5 3.5 2 0 5 2 2
-1718.6 9994.2 -303.3 93 0 7.4 15.5 10.5 3.5 2 1 3 5 5
-1678.7 10080.0 -303.3 86 0 20.0 12.0 14.0 3.5 2 0 4 5 5
-1720.4 10021.9 -303.4 93 0 9.2 15.3 10.5 3.5 2 1 3 0 0
-2010.2 10189.8 -305.8 174 0 11.6 17.5 17.5 3.5 2 1 5 2 2
-1967.1 10193.0 -305.7 354 0 11.7 17.5 17.5 3.5 2 1 5 0 0
-2275.4 9861.5 -305.7 15 0 14.8 18.3 17.5 3.5 4 1 5 5 5
-2371.2 9861.2 -306.1 103 0 26.6 12.1 17.5 3.5 2 0 5 3 3
-2321.7 9845.0 -305.6 103 0 26.6 12.1 17.5 0.0 0 0 5 5 5
-2343.8 9861.0 -305.7 105 0 12.4 13.6 17.5 3.5 2 1 5 5 5
-2710.1 9912.7 -309.3 295 0 13.0 21.5 14.0 3.5 2 1 4 2 2
-2729.4 10156.6 -310.4 272 0 12.8 13.0 14.0 3.5 2 1 4 0 0
-2746.5 10158.1 -310.6 272 0 12.8 13.8 14.0 3.5 2 1 4 1 1
-2782.5 10156.5 -310.7 273 0 16.5 14.0 14.0 3.5 2 0 4 4 4
-2765.2 10158.0 -310.7 272 0 12.0 13.1 14.0 3.5 2 1 4 1 1
-4112.8 10144.1 -319.6 13 0 10.3 36.8 14.0 3.5 2 1 4 3 3
-4158.6 10154.2 -319.8 13 0 12.8 11.9 14.0 3.5 2 0 4 3 3
-3730.2 9058.0 -314.4 309 0 37.5 99.1 14.0 0.0 0 1 4 0 0
-3708.4 9250.0 -316.2 39 0 26.7 32.0 7.5 0.0 0 1 3 1 1
-2940.4 10522.7 -313.0 179 0 23.1 17.1 14.0 0.0 0 0 4 5 5
-2837.8 10440.5 -311.7 141 0 14.7 24.6 14.0 0.0 0 1 4 2 2
-2739.1 10568.2 -312.1 226 0 18.3 13.5 17.5 3.5 2 0 5 0 0
-2983.5 10314.1 -311.9 293 0 22.6 12.6 14.0 3.5 2 0 4 0 0
-3001.0 10302.6 -311.8 207 0 10.5 22.5 14.0 3.5 2 0 4 1 1
-2595.2 10371.4 -309.7 97 0 16.3 12.9 17.5 3.5 2 0 5 4 4
-2583.8 10427.5 -310.1 94 0 13.4 23.2 17.5 3.5 4 1 5 3 3
-2567.5 10410.4 -309.8 95 0 23.7 13.1 17.5 3.5 2 0 5 5 5
-2561.6 10467.6 -310.2 345 0 10.5 24.1 17.5 3.5 2 1 5 2 2
-2015.0 10256.8 -305.8 263 0 8.5 13.2 10.5 3.5 2 1 3 3 3
-2072.6 10242.0 -306.1 175 0 15.5 9.7 10.5 0.0 0 0 3 5 5
-807.4 10590.1 -301.8 87 0 8.4 14.0 10.5 3.5 2 1 3 0 0
-796.4 10614.2 -301.5 45 0 7.8 16.0 10.5 3.5 2 1 3 4 4
-793.5 10650.0 -300.6 275 0 5.8 14.2 10.5 3.5 2 1 3 0 0
-923.6 10541.7 -301.0 19 0 16.1 27.8 14.0 3.5 2 1 4 4 4
-1472.1 10349.1 -302.2 171 0 12.0 23.1 17.5 3.5 2 1 5 1 1
-1268.8 9755.7 -298.0 93 0 8.9 23.2 10.5 0.0 0 1 3 5 5
-1328.9 9785.6 -298.4 177 0 12.8 15.7 14.0 3.5 2 1 4 3 3
-1462.2 9686.1 -298.6 84 0 16.3 16.9 14.0 3.5 2 0 4 0 0
-1449.2 9687.5 -298.5 82 0 9.6 16.9 10.5 0.0 0 0 3 4 4
-1406.5 9840.4 -299.4 266 0 9.2 13.0 10.5 3.5 2 1 3 4 4
-1420.6 9837.8 -299.4 266 0 9.9 12.7 10.5 3.5 2 1 3 0 0
-1430.8 9735.8 -298.6 267 0 9.5 17.1 10.5 3.5 2 1 3 3 3
-1911.7 9928.2 -304.4 290 0 25.8 12.7 17.5 3.5 2 0 5 5 5
-1944.5 9849.9 -303.9 122 0 25.2 12.7 17.5 3.5 2 0 5 1 1
-1939.5 9876.9 -304.2 111 0 12.7 27.8 17.5 0.0 0 1 5 1 1
-2951.3 10559.0 -313.5 91 0 13.0 23.2 14.0 3.5 2 1 4 2 2
-2528.9 10531.8 -310.3 258 0 11.6 14.1 14.0 3.5 2 1 4 2 2
-2550.9 10528.2 -310.4 264 0 8.3 14.5 10.5 3.5 2 1 3 2 2
-2555.1 10610.1 -311.1 268 0 8.4 15.9 10.5 3.5 2 1 3 3 3
-2555.4 10667.0 -311.5 270 0 8.8 16.3 10.5 3.5 2 1 3 5 5
-2242.5 10632.6 -309.1 81 0 12.2 21.0 17.5 3.5 2 1 5 5 5
-2260.9 10432.0 -307.8 81 0 8.7 34.1 10.5 0.0 0 1 3 2 2
-2402.4 10393.2 -308.3 267 0 14.0 11.2 14.0 3.5 2 0 4 2 2
-1801.0 10563.1 -305.3 80 0 9.7 15.4 10.5 3.5 2 1 3 3 3
-1649.5 10359.9 -303.8 80 0 21.1 19.4 17.5 3.5 2 0 5 2 2
-1119.5 10403.3 -300.0 88 0 13.3 18.0 17.5 3.5 4 1 5 1 1
-1095.3 10389.2 -299.6 88 0 13.3 18.0 17.5 3.5 2 1 5 0 0
-2181.1 9922.3 -306.1 284 0 21.4 13.0 14.0 3.5 2 0 4 1 1
-2228.4 9925.8 -306.0 194 0 13.0 24.4 14.0 3.5 2 1 4 1 1
-2220.3 9820.0 -306.0 104 0 12.3 21.0 14.0 3.5 2 1 4 4 4
-2579.3 10051.6 -307.2 92 0 16.5 17.1 17.5 3.5 2 1 5 0 0
-2576.9 10096.1 -307.8 284 0 19.5 18.4 17.5 3.5 2 0 5 1 1
-2558.1 10246.9 -308.8 286 0 8.1 16.8 10.5 3.5 2 1 3 0 0
-1909.2 10428.8 -305.2 170 0 20.2 11.0 17.5 0.0 0 0 5 1 1
-1914.8 10458.3 -305.3 170 0 20.2 11.0 17.5 3.5 2 0 5 3 3
-1918.5 10487.9 -305.5 183 0 20.2 11.0 17.5 3.5 2 0 5 3 3
-1268.5 10402.7 -301.0 178 0 10.5 28.8 17.5 3.5 2 1 5 2 2
-1252.1 10357.9 -300.9 86 0 20.7 11.9 17.5 3.5 2 0 5 3 3
-1263.3 10430.9 -301.2 273 0 8.0 18.3 10.5 3.5 2 1 3 0 0
-1147.4 10511.2 -300.9 197 0 38.6 15.1 17.5 3.5 2 0 5 4 4
-1320.7 10352.6 -301.3 81 0 18.8 23.1 14.0 3.5 2 1 4 2 2
-1336.7 10140.4 -301.4 173 0 13.0 24.1 14.0 0.0 0 1 4 1 1
-1394.8 10514.1 -302.9 52 0 13.2 13.7 17.5 3.5 4 0 5 3 3
-1385.7 10522.9 -302.8 39 0 11.5 13.2 17.5 3.5 2 0 5 2 2
-1378.2 10533.2 -302.8 34 0 13.1 12.0 17.5 3.5 2 0 5 3 3
-1426.3 10313.3 -302.0 172 0 10.2 21.2 17.5 3.5 2 1 5 2 2
-1631.1 10155.7 -303.2 84 0 10.4 22.0 17.5 3.5 2 1 5 0 0
-1234.2 10091.8 -300.0 94 0 11.2 17.7 14.0 3.5 4 1 4 0 0
-1277.6 10128.8 -300.9 356 0 9.7 23.4 10.5 3.5 4 1 3 1 1
-1210.2 10565.9 -301.8 288 0 26.9 15.8 14.0 3.5 2 0 4 5 5
-1168.4 10544.8 -301.5 18 0 15.8 26.9 14.0 3.5 2 1 4 2 2
-1221.3 10531.9 -301.7 108 0 26.9 15.8 14.0 3.5 2 0 4 5 5
-1190.9 10521.7 -301.4 108 0 26.9 15.8 14.0 3.5 2 0 4 5 5
-1143.2 9645.3 -295.9 79 0 9.8 14.8 10.5 3.5 2 1 3 4 4
-1158.4 9636.2 -295.8 79 0 9.8 14.8 10.5 3.5 2 1 3 0 0
-1172.5 9628.4 -295.8 79 0 9.8 14.8 10.5 3.5 2 1 3 1 1
-1200.8 9676.6 -296.3 259 0 12.1 10.0 10.5 3.5 2 0 3 2 2
-1204.2 9694.9 -296.6 259 0 12.1 10.0 10.5 3.5 2 0 3 1 1
-1195.6 9649.1 -296.1 79 0 12.1 10.0 10.5 3.5 2 0 3 0 0
-1191.8 9629.7 -295.9 79 0 12.1 10.0 10.5 3.5 2 0 3 5 5
-1188.9 9611.4 -295.7 79 0 12.1 10.0 10.5 3.5 2 0 3 1 1
-1202.8 9759.0 -297.6 247 0 11.8 10.3 14.0 3.5 2 0 4 2 2
-1217.8 9753.6 -297.6 252 0 12.1 16.6 14.0 3.5 2 1 4 3 3
-1171.4 9723.3 -297.0 152 0 9.5 21.2 10.5 3.5 2 0 3 4 4
-1078.9 9746.4 -295.2 314 0 13.9 25.5 10.5 0.0 0 1 3 0 0
-1339.0 9730.7 -297.7 174 0 20.2 35.4 14.0 0.0 0 1 4 5 5
-1355.9 9697.1 -297.6 83 0 13.7 20.3 14.0 3.5 2 0 4 2 2
-1364.2 9724.4 -297.9 173 0 15.5 10.1 14.0 3.5 2 0 4 2 2
-1476.7 9799.1 -299.5 82 0 9.8 14.0 10.5 3.5 2 0 3 1 1
-1463.7 9751.8 -299.1 84 0 19.4 13.9 14.0 3.5 4 0 4 0 0
-1447.0 9753.0 -298.9 85 0 8.9 13.6 10.5 3.5 2 1 3 3 3
-1310.8 9917.6 -298.7 198 0 20.9 14.5 17.5 3.5 2 0 5 3 3
-1480.1 9831.6 -299.6 265 0 9.9 12.8 10.5 3.5 2 1 3 4 4
-1467.5 9800.1 -299.5 85 0 10.5 13.7 14.0 0.0 0 0 4 5 5
-1428.8 9947.9 -300.0 264 0 9.0 12.1 10.5 3.5 2 1 3 4 4
-1419.3 9960.0 -300.1 85 0 9.6 15.0 10.5 3.5 4 0 3 1 1
-1288.3 9690.2 -297.0 266 0 8.7 11.3 10.5 0.0 0 1 3 0 0
-1285.9 9677.2 -296.8 266 0 8.7 11.3 10.5 3.5 2 1 3 3 3
-1291.0 9655.3 -296.6 176 0 11.3 12.6 10.5 3.5 2 1 3 0 0
-1288.5 9641.8 -296.4 176 0 11.3 12.6 10.5 3.5 2 1 3 1 1
-1285.5 9626.2 -296.2 176 0 11.3 12.6 10.5 3.5 2 1 3 0 0
-1276.3 9607.9 -296.0 86 0 12.6 11.3 10.5 3.5 2 0 3 0 0
-1273.1 9590.8 -295.8 86 0 12.6 11.3 10.5 3.5 2 0 3 0 0
-1289.8 9759.7 -298.2 92 0 9.7 23.4 10.5 3.5 2 1 3 1 1
-1174.1 10053.2 -299.3 181 0 11.1 27.0 17.5 3.5 2 1 5 1 1
-1116.7 10056.9 -299.5 332 0 11.3 22.9 17.5 3.5 2 1 5 1 1
-997.1 10182.1 -299.8 359 0 11.4 15.5 14.0 3.5 2 1 4 3 3
-997.1 10157.9 -299.7 359 0 11.4 15.5 14.0 3.5 4 1 4 2 2
-1037.9 10165.4 -299.9 183 0 15.6 11.4 14.0 3.5 2 0 4 5 5
-1622.4 9633.2 -299.3 287 0 22.4 10.9 14.0 3.5 2 0 4 5 5
-2604.4 9905.1 -307.8 90 0 10.3 27.7 14.0 3.5 2 0 4 5 5
-1553.8 9831.1 -300.5 93 0 20.8 20.5 17.5 3.5 2 0 5 0 0
-1580.5 10075.0 -302.7 87 0 9.8 21.0 10.5 3.5 2 1 3 4 4
-1539.8 10106.5 -302.5 357 0 21.0 9.8 10.5 3.5 4 0 3 4 4
-1556.5 10074.3 -302.6 84 0 20.9 9.8 10.5 3.5 2 0 3 2 2
-1556.7 10142.1 -302.5 264 0 20.9 9.8 10.5 3.5 2 0 3 0 0
-1592.8 10327.4 -303.1 84 0 20.9 9.8 10.5 0.0 0 0 3 0 0
-1622.2 10266.7 -303.4 264 0 20.9 9.8 10.5 3.5 4 0 3 0 0
-1665.7 10234.3 -303.8 354 0 9.8 20.9 10.5 3.5 2 1 3 1 1
-1688.7 10152.4 -303.6 84 0 20.9 9.8 10.5 3.5 2 0 3 5 5
-1770.1 10178.3 -304.4 354 0 9.8 20.9 10.5 3.5 2 1 3 3 3
-1803.1 10184.2 -304.6 264 0 20.9 9.8 10.5 3.5 2 0 3 1 1
-1099.2 10472.9 -300.3 105 0 16.1 12.5 17.5 3.5 2 0 5 0 0
-1245.8 10562.2 -302.2 20 0 10.0 24.6 17.5 3.5 4 1 5 2 2
-1204.3 10419.5 -300.8 2 0 18.2 19.1 17.5 3.5 2 1 5 0 0
-1108.7 10458.7 -300.3 285 0 16.4 10.0 17.5 3.5 4 0 5 0 0
-1091.0 10435.1 -300.0 354 0 14.4 10.0 17.5 3.5 2 0 5 3 3
-1070.2 10255.1 -300.1 251 0 22.4 10.6 14.0 0.0 0 0 4 0 0
-1032.2 10263.0 -299.9 341 0 10.6 22.4 14.0 3.5 2 1 4 1 1
-1068.8 10295.9 -299.6 251 0 22.4 10.6 14.0 3.5 2 0 4 4 4
-1039.6 10301.5 -299.5 251 0 10.6 22.4 14.0 3.5 2 1 4 3 3
-1090.0 10282.5 -299.9 253 0 7.4 20.7 10.5 3.5 2 1 3 5 5
-1441.8 10094.8 -301.8 173 0 9.3 22.6 10.5 3.5 2 1 3 3 3
-1387.2 10252.8 -301.6 268 0 12.7 14.1 17.5 3.5 2 1 5 3 3
-1179.3 10386.9 -300.4 93 0 10.5 9.8 10.5 3.5 2 0 3 0 0
-1192.4 10663.3 -301.5 198 0 12.9 16.6 17.5 3.5 2 0 5 3 3
-1169.8 10663.0 -301.4 287 0 10.2 14.8 17.5 3.5 2 0 5 5 5
-1378.4 10655.4 -302.8 270 0 20.8 13.2 14.0 3.5 2 0 4 3 3
-705.9 10598.4 -301.6 102 0 8.2 15.6 10.5 3.5 2 1 3 1 1
-720.8 10601.1 -301.5 102 0 8.2 15.5 10.5 3.5 2 1 3 2 2
-735.5 10604.5 -301.5 102 0 8.2 15.6 10.5 3.5 2 1 3 1 1
-749.4 10608.0 -301.4 102 0 8.2 15.5 10.5 0.0 0 1 3 1 1
-765.3 10611.4 -301.3 102 0 8.2 15.5 10.5 3.5 2 1 3 2 2
-770.2 10590.3 -301.9 102 0 8.2 15.5 10.5 3.5 2 1 3 2 2
-755.7 10587.9 -302.0 102 0 8.2 15.5 10.5 3.5 2 1 3 3 3
-741.1 10584.3 -302.0 102 0 8.2 15.6 10.5 3.5 2 1 3 1 1
-769.4 10585.6 -301.9 283 0 15.5 8.2 10.5 3.5 2 0 3 0 0
-750.3 10580.8 -301.9 283 0 15.5 8.2 10.5 3.5 4 0 3 4 4
-719.3 10589.8 -302.1 193 0 8.2 15.5 10.5 3.5 2 1 3 4 4
-733.3 10579.0 -302.0 241 0 15.5 8.2 10.5 3.5 2 0 3 4 4
-849.3 10595.7 -301.8 103 0 12.2 14.1 17.5 0.0 0 1 5 1 1
-880.4 10613.4 -301.8 192 0 8.1 18.8 10.5 0.0 0 1 3 5 5
-873.0 10635.2 -301.4 197 0 12.2 14.1 17.5 0.0 0 1 5 2 2
-987.5 10613.4 -301.2 287 0 11.7 13.2 14.0 3.5 4 1 4 3 3
-3063.7 10399.9 -313.3 106 0 8.3 45.9 10.5 3.5 2 1 3 3 3
-2907.0 10482.5 -312.5 356 0 19.7 16.0 17.5 0.0 0 0 5 4 4
-2848.2 10319.3 -312.2 102 0 24.3 11.4 14.0 3.5 2 0 4 3 3
-2854.8 10344.0 -312.0 194 0 10.7 24.7 14.0 3.5 2 1 4 0 0
-2911.5 10302.2 -312.2 99 0 13.1 15.5 17.5 3.5 2 1 5 0 0
-3005.6 10163.2 -312.5 186 0 19.4 12.0 14.0 3.5 2 0 4 2 2
-2853.9 10189.6 -310.9 182 0 14.0 24.8 17.5 3.5 2 1 5 3 3
-2754.9 10273.9 -311.3 105 0 18.6 13.3 17.5 0.0 0 0 5 1 1
-1477.8 10398.8 -302.6 171 0 11.0 15.4 17.5 3.5 2 1 5 3 3
-1668.1 10409.6 -304.2 171 0 13.3 22.7 17.5 3.5 2 1 5 1 1
-2355.6 10160.3 -307.0 105 0 36.2 32.3 17.5 0.0 0 0 5 5 5
