6065.4 -3749.7 -193.6 355 0 16.4 16.1 14.0 3.5 2 0 4 5 5
6031.9 -3743.7 -192.6 268 0 9.3 17.1 10.5 3.5 2 0 3 0 0
6005.5 -3745.2 -191.7 262 0 12.6 19.7 10.5 3.5 2 1 3 1 1
6040.5 -3743.4 -192.9 268 0 8.1 15.4 10.5 0.0 0 0 3 5 5
5992.7 -3720.1 -192.2 172 0 21.0 17.7 17.5 3.5 2 0 5 4 4
6137.3 -3762.0 -196.5 172 0 26.5 10.9 14.0 3.5 2 0 4 2 2
5622.0 4069.7 -207.0 91 0 17.0 33.8 14.0 3.5 2 1 4 3 3
5602.8 4048.9 -207.0 180 0 15.2 30.1 14.0 3.5 2 1 4 1 1
3975.5 5665.9 -39.3 225 0 22.6 19.9 14.0 3.5 2 0 4 4 4
3984.6 5744.5 -39.5 179 0 25.0 19.4 17.5 0.0 0 0 5 4 4
4116.7 5737.8 -53.6 43 0 24.5 19.5 14.0 3.5 2 0 4 2 2
4082.1 5700.8 -48.1 51 0 23.5 19.9 14.0 3.5 2 0 4 5 5
4109.4 5664.4 -57.6 49 0 22.3 18.9 14.0 3.5 2 0 4 2 2
3968.3 5785.5 -50.6 298 0 19.0 23.3 14.0 3.5 2 1 4 5 5
3950.4 5935.4 -82.1 219 0 24.4 21.2 17.5 3.5 2 0 5 2 2
4052.7 5670.6 -52.0 256 0 23.4 21.3 14.0 3.5 2 0 4 5 5
3965.6 5724.6 -42.5 2 0 24.1 20.3 14.0 3.5 2 0 4 3 3
3930.1 5892.4 -73.5 217 0 22.1 21.5 17.5 3.5 2 0 5 2 2
4221.2 5821.5 -70.1 27 0 20.5 22.7 17.5 3.5 2 1 5 1 1
4412.7 3033.0 -91.6 305 0 17.3 20.5 14.0 3.5 2 1 4 5 5
4654.5 3249.9 -151.0 64 0 25.2 15.3 10.5 3.5 2 0 3 2 2
4253.7 3383.9 -93.3 86 0 18.6 10.6 17.5 3.5 2 0 5 2 2
4738.9 2613.8 -110.9 333 0 14.7 22.6 14.0 3.5 2 1 4 1 1
5113.6 523.9 -158.7 334 0 20.6 30.2 10.5 0.0 0 1 3 3 3
5261.6 1141.1 -185.2 62 0 20.9 14.1 14.0 3.5 2 0 4 4 4
5264.3 3526.1 -165.1 335 0 19.7 12.4 14.0 3.5 4 0 4 2 2
4871.3 5266.2 -190.3 153 0 18.1 15.8 17.5 3.5 2 0 5 0 0
4290.8 2161.8 -116.9 250 0 15.4 9.9 10.5 3.5 2 0 3 5 5
5222.9 1741.9 -185.3 333 0 15.3 22.7 10.5 3.5 2 1 3 1 1
4949.3 407.5 -185.8 352 0 15.0 22.4 10.0 2.5 2 1 4 5 5
5304.3 5370.8 -209.2 69 0 39.0 19.5 17.5 3.5 2 0 5 0 0
4948.0 3485.5 -153.3 91 0 20.7 15.6 17.5 3.5 2 0 5 4 4
3919.0 5276.8 -45.2 337 0 13.8 18.3 17.5 3.5 2 1 5 3 3
4661.1 5362.8 -142.5 314 0 8.6 13.6 10.5 3.5 2 1 3 0 0
4732.8 2008.8 -111.9 335 0 10.7 12.2 10.5 3.5 2 1 3 0 0
5399.1 3294.1 -200.3 229 0 19.6 27.4 17.5 3.5 2 1 5 5 5
5182.9 4665.5 -194.2 347 0 14.0 15.3 17.5 3.5 2 1 5 1 1
5198.4 -53.8 -183.2 323 0 14.8 29.4 10.0 2.5 2 1 4 3 3
4920.2 8428.2 -213.0 272 0 9.6 25.9 10.5 0.0 0 1 3 4 4
4946.1 8385.6 -213.0 2 0 15.9 27.9 10.5 0.0 0 1 3 5 5
4949.4 8374.6 -213.1 271 0 16.6 26.5 10.5 0.0 0 1 3 5 5
4904.1 8277.8 -212.6 183 0 46.3 12.9 14.0 3.5 2 0 4 3 3
4668.5 -2754.0 -132.3 233 0 27.8 18.5 15.0 0.0 0 0 6 3 3
6708.7 -9350.0 -218.3 232 0 43.9 280.0 12.5 0.0 0 1 5 4 4
5577.6 136.5 -204.7 347 0 9.1 35.7 7.5 2.5 2 1 3 0 0
5415.9 3003.7 -204.1 68 0 38.8 13.4 14.0 3.5 2 0 4 5 5
5507.1 5589.9 -214.9 89 0 18.3 30.1 17.5 3.5 2 1 5 5 5
5813.4 6372.8 -213.2 242 0 16.6 22.3 14.0 3.5 2 1 4 0 0
6844.5 9885.4 -215.3 335 0 15.0 20.9 10.5 3.5 2 1 3 4 4
4247.8 8143.1 -209.8 104 0 48.5 16.8 14.0 3.5 2 0 4 0 0
5324.6 8974.8 -216.0 61 0 25.5 20.7 14.0 0.0 0 0 4 5 5
5196.1 8491.6 -214.7 52 0 59.9 39.7 10.5 0.0 0 0 3 3 3
5504.1 6151.1 -212.4 356 0 15.2 26.5 17.5 3.5 2 1 5 5 5
6745.3 -7365.5 -184.7 338 0 16.7 20.6 7.5 2.5 2 1 3 0 0
5550.8 4260.2 -206.0 61 0 24.7 21.8 14.0 3.5 2 0 4 2 2
5546.0 1403.2 -208.1 64 0 14.0 10.6 10.5 0.0 0 0 3 3 3
2519.1 6018.9 -62.9 155 0 21.0 35.2 14.0 0.0 0 1 4 4 4
5723.7 5214.0 -214.4 357 0 17.9 18.9 17.5 3.5 2 1 5 2 2
5512.4 3098.6 -207.2 340 0 14.9 6.9 10.5 3.5 4 0 3 3 3
4948.2 -10501.2 -210.7 134 0 46.1 86.9 10.0 0.0 0 1 4 1 1
5611.5 3481.8 -209.4 171 0 49.0 9.6 10.5 3.5 2 0 3 5 5
6440.0 -3450.9 -205.8 329 0 39.9 11.5 10.5 3.5 2 0 3 0 0
5295.2 4087.2 -182.3 155 0 7.6 23.2 10.5 3.5 2 0 3 0 0
5304.0 4074.2 -181.6 153 0 20.8 22.0 14.0 0.0 0 0 4 3 3
5311.3 4060.4 -179.4 151 0 10.9 22.6 14.0 3.5 2 0 4 2 2
5316.8 4050.7 -178.1 151 0 12.4 22.9 14.0 3.5 2 0 4 1 1
5344.9 4064.0 -180.6 46 0 15.4 9.2 10.5 0.0 0 0 3 3 3
5357.1 4076.1 -183.5 44 0 17.8 9.4 10.5 3.5 4 0 3 0 0
5204.9 5065.1 -206.4 169 0 14.0 29.3 17.5 3.5 2 1 5 1 1
5208.4 5041.9 -206.6 170 0 13.0 32.7 17.5 3.5 2 1 5 5 5
5201.6 5085.7 -206.4 167 0 13.7 28.4 17.5 3.5 2 0 5 0 0
5172.3 5047.5 -205.3 188 0 12.1 8.2 10.5 3.5 2 0 3 2 2
5185.5 5248.0 -203.6 258 0 12.2 11.7 17.5 3.5 4 0 5 5 5
5288.3 5018.4 -207.6 81 0 30.8 36.0 17.5 0.0 0 1 5 5 5
5505.6 4461.6 -202.2 92 0 19.7 22.5 17.5 3.5 2 1 5 2 2
4467.7 -10509.1 -196.8 188 0 23.7 13.8 10.0 2.5 2 0 4 1 1
4495.9 -10529.2 -198.0 10 0 21.6 13.3 10.0 0.0 0 0 4 0 0
4517.3 -10511.0 -198.5 8 0 14.0 19.9 10.0 0.0 0 1 4 4 4
4514.6 -10465.9 -199.0 279 0 21.6 13.9 10.0 2.5 2 0 4 5 5
4550.4 -10478.1 -200.3 10 0 14.5 21.4 10.0 2.5 2 1 4 2 2
4536.4 -10507.1 -199.6 275 0 10.5 16.5 10.0 2.5 2 1 4 5 5
4557.1 -10546.3 -201.4 9 0 13.3 14.6 10.0 2.5 2 1 4 1 1
4445.2 -10465.7 -196.4 191 0 21.2 24.3 10.0 2.5 2 1 4 1 1
4659.5 -10348.5 -199.7 63 0 25.1 32.5 12.5 0.0 0 1 5 3 3
5515.7 4341.4 -205.2 351 0 7.7 22.7 10.5 3.5 4 1 3 2 2
3869.9 5895.3 -89.3 284 0 17.2 21.1 17.5 3.5 2 1 5 0 0
3877.6 5839.3 -79.3 280 0 16.3 27.3 17.5 3.5 2 1 5 2 2
3929.1 5975.2 -109.7 39 0 26.3 14.6 17.5 3.5 2 0 5 3 3
4624.6 6148.0 -198.1 51 0 24.2 21.8 17.5 0.0 0 0 5 5 5
4619.3 6177.0 -197.8 324 0 11.1 23.0 17.5 3.5 2 1 5 5 5
4665.5 6160.3 -200.8 56 0 15.0 7.9 10.5 3.5 4 0 3 4 4
4648.9 6164.5 -201.0 143 0 12.0 17.9 14.0 3.5 4 0 4 1 1
4638.3 6176.1 -201.1 135 0 19.9 24.2 14.0 3.5 2 0 4 0 0
4635.6 6198.1 -200.7 234 0 24.7 10.0 10.5 3.5 2 0 3 1 1
4490.0 6325.3 -197.2 57 0 20.4 15.5 17.5 3.5 2 0 5 5 5
4483.2 6351.8 -197.1 319 0 19.0 21.6 17.5 3.5 2 0 5 3 3
4536.0 6280.9 -198.0 321 0 11.5 26.2 17.5 3.5 2 0 5 0 0
4473.6 6362.7 -196.9 318 0 9.0 13.3 10.5 3.5 2 0 3 2 2
4465.1 6372.7 -196.7 321 0 16.1 18.1 17.5 3.5 2 0 5 4 4
4722.4 6049.7 -193.0 347 0 28.4 23.1 14.0 0.0 0 0 4 4 4
4633.7 6148.2 -197.4 224 0 12.9 9.8 10.5 3.5 2 0 3 3 3
4602.3 6193.4 -199.0 316 0 17.6 20.8 17.5 3.5 2 0 5 1 1
4592.3 6203.6 -199.0 315 0 9.6 19.0 10.5 3.5 2 0 3 4 4
4586.0 6212.9 -198.8 322 0 9.8 21.9 10.5 3.5 2 1 3 1 1
4514.7 6414.7 -199.0 349 0 25.3 27.3 17.5 0.0 0 1 5 5 5
4448.8 6405.9 -196.6 346 0 9.4 18.9 10.5 3.5 2 0 3 5 5
4451.0 6397.9 -196.5 342 0 8.3 14.9 10.5 0.0 0 0 3 4 4
4424.5 6628.0 -198.3 258 0 10.5 7.2 10.5 3.5 2 0 3 5 5
4261.3 6407.2 -192.6 165 0 51.9 94.1 17.5 0.0 0 1 5 5 5
4702.1 6095.5 -195.4 315 0 8.0 9.0 10.5 3.5 2 0 3 4 4
4709.6 6087.0 -195.0 322 0 8.5 14.6 10.5 3.5 2 0 3 4 4
4741.1 6064.1 -195.6 82 0 14.5 10.5 14.0 3.5 2 0 4 1 1
4753.3 6035.8 -194.2 88 0 24.0 14.8 14.0 3.5 2 0 4 0 0
4684.3 6132.4 -199.8 132 0 16.9 15.3 14.0 3.5 4 0 4 4 4
4650.8 6140.7 -197.2 314 0 15.9 14.7 17.5 3.5 2 0 5 1 1
4661.5 6129.8 -196.7 318 0 15.8 12.7 17.5 3.5 2 0 5 5 5
4529.1 6235.1 -196.9 291 0 22.9 22.7 17.5 3.5 2 0 5 0 0
4436.4 6426.8 -196.8 76 0 10.3 10.7 14.0 3.5 2 1 4 1 1
4497.3 6493.1 -199.2 72 0 14.4 23.4 17.5 3.5 2 1 5 2 2
5455.8 4385.3 -202.4 348 0 18.0 19.4 17.5 0.0 0 0 5 4 4
5459.3 4368.5 -203.0 348 0 15.6 21.9 17.5 3.5 2 0 5 1 1
5462.2 4355.7 -203.1 347 0 9.9 25.7 10.5 3.5 2 0 3 4 4
5437.9 4339.5 -202.4 180 0 13.8 13.0 17.5 3.5 2 0 5 5 5
5465.4 4342.5 -203.1 346 0 14.9 14.4 17.5 0.0 0 0 5 2 2
5448.5 4420.6 -200.8 350 0 6.9 11.3 10.5 3.5 2 0 3 1 1
5467.7 3877.9 -184.8 76 0 45.8 21.7 17.5 3.5 2 0 5 5 5
5434.0 3864.5 -176.3 353 0 16.5 16.7 17.5 0.0 0 1 5 0 0
5128.9 2829.5 -191.4 1 0 11.3 19.7 42.0 0.0 0 1 12 5 5
5051.1 2472.5 -189.2 101 0 18.8 35.0 10.5 0.0 0 1 3 5 5
5052.2 2530.4 -189.3 282 0 38.3 18.7 10.5 3.5 4 0 3 4 4
5040.3 2545.8 -184.0 100 0 19.3 60.3 10.5 3.5 2 1 3 4 4
5047.0 2632.7 -183.9 189 0 34.7 17.2 10.5 3.5 2 0 3 2 2
5065.9 2542.0 -188.6 95 0 13.0 39.9 10.5 3.5 2 1 3 5 5
5085.1 2607.1 -189.3 10 0 15.0 15.8 10.5 3.5 2 0 3 4 4
5082.6 2592.2 -189.3 9 0 15.3 16.4 10.5 3.5 2 0 3 3 3
5088.6 2626.2 -189.4 11 0 24.3 15.2 10.5 3.5 2 0 3 0 0
5297.8 4515.6 -196.8 173 0 29.9 49.7 14.0 0.0 0 1 4 3 3
4372.3 9900.9 -208.0 335 0 34.1 48.8 14.0 0.0 0 1 4 5 5
5375.0 1769.7 -201.8 72 0 20.0 54.5 10.5 3.5 2 1 3 5 5
-1098.3 4203.3 161.9 46 0 13.5 22.5 10.0 0.0 0 1 4 5 5
-1010.8 3859.5 176.1 168 0 11.8 20.7 2.5 0.0 0 1 1 0 0
-1012.5 4462.0 154.9 323 0 15.7 14.2 7.5 2.5 2 0 3 2 2
-1285.7 3549.8 184.5 135 0 73.3 16.4 10.0 2.5 2 0 4 3 3
5750.5 6993.6 -214.2 214 0 18.0 18.5 17.5 3.5 2 1 5 3 3
4171.2 -5364.5 -121.6 154 0 18.9 26.8 10.0 2.5 2 1 4 2 2
3855.9 -4413.6 -115.2 337 0 21.3 27.6 12.5 2.5 2 1 5 0 0
4350.5 -7063.7 -147.1 337 0 21.3 32.4 12.5 0.0 0 1 5 5 5
6444.5 -5469.7 -174.4 72 0 24.7 19.0 12.5 2.5 2 0 5 4 4
4067.8 -8262.8 -128.6 251 0 24.7 23.3 10.0 2.5 2 0 4 3 3
6872.0 -6039.8 -190.6 341 0 15.9 21.9 7.5 2.5 2 1 3 3 3
4145.2 -4532.2 -126.5 67 0 22.6 15.9 10.0 2.5 2 0 4 2 2
6470.2 -4937.5 -184.5 65 0 19.2 19.5 7.5 2.5 2 1 3 4 4
6472.3 -6595.9 -175.3 343 0 21.7 27.6 12.5 0.0 0 1 5 0 0
6024.7 -3706.0 -193.9 152 0 25.0 27.3 14.0 0.0 0 1 4 5 5
4297.5 -10039.0 -178.3 164 0 15.4 28.3 10.0 2.5 2 1 4 1 1
4171.6 -3955.8 -123.4 335 0 16.0 28.2 10.0 2.5 2 1 4 0 0
5513.8 -8095.6 -169.0 325 0 16.8 15.8 14.0 3.5 2 0 4 2 2
4024.0 -8395.0 -127.5 101 0 44.3 74.0 10.0 0.0 0 1 4 3 3
5660.4 -4909.1 -159.8 151 0 15.0 29.5 7.5 2.5 2 1 3 4 4
6101.3 -4965.0 -173.1 357 0 16.9 25.9 12.5 2.5 2 1 5 3 3
6240.0 -7098.1 -181.8 144 0 20.2 19.8 7.5 2.5 2 0 3 2 2
4121.6 -7523.4 -128.4 257 0 11.3 19.0 12.5 2.5 2 1 5 0 0
5757.1 -7519.7 -180.7 26 0 14.6 24.0 14.0 3.5 4 1 4 3 3
5425.0 8757.5 -217.4 188 0 10.0 30.1 7.0 3.5 2 1 2 1 1
5396.4 8599.4 -215.2 199 0 36.2 16.6 14.0 3.5 2 0 4 2 2
5133.2 -6602.0 -152.2 4 0 23.4 23.0 15.0 0.0 0 0 6 0 0
4512.9 -5060.0 -124.6 153 0 17.1 16.8 12.5 2.5 2 0 5 4 4
4726.4 -5501.0 -134.2 154 0 20.3 26.5 10.0 2.5 2 1 4 0 0
4889.5 -4772.6 -150.2 327 0 12.4 16.0 2.5 2.5 2 1 1 5 5
4635.2 -4392.8 -135.1 73 0 8.4 13.9 5.0 2.5 2 1 2 1 1
5133.3 -3994.5 -143.3 89 0 17.4 25.1 7.5 0.0 0 1 3 5 5
5803.5 -4124.4 -173.1 243 0 23.0 14.3 14.0 3.5 2 0 4 3 3
6149.0 -4318.3 -193.3 187 0 13.2 25.3 14.0 3.5 2 1 4 0 0
5237.5 -5104.2 -147.9 160 0 12.2 14.6 2.5 0.0 0 1 1 1 1
5349.9 -5630.8 -154.4 334 0 17.9 24.0 10.0 2.5 2 1 4 1 1
5759.5 -5640.1 -164.3 242 0 22.4 17.9 7.5 2.5 2 0 3 1 1
5735.8 -6098.9 -159.3 338 0 20.0 22.2 10.0 2.5 2 1 4 2 2
6210.7 -5974.6 -183.2 329 0 12.5 20.9 10.0 2.5 2 1 4 2 2
5596.0 -7347.6 -168.3 336 0 20.6 29.1 14.0 3.5 4 1 4 0 0
5173.6 -7676.1 -165.6 240 0 25.8 23.1 10.5 3.5 4 0 3 5 5
4926.9 -6914.8 -152.4 238 0 16.7 13.9 5.0 2.5 2 0 2 5 5
5661.4 -6458.9 -164.5 65 0 25.6 19.8 12.5 2.5 2 0 5 0 0
5789.6 -3274.9 -174.1 152 0 14.2 14.5 14.0 3.5 4 1 4 0 0
5258.6 -3438.2 -146.3 59 0 23.0 16.7 12.5 2.5 2 0 5 3 3
5227.1 -2707.8 -151.1 244 0 19.5 24.0 10.0 2.5 2 1 4 3 3
5429.9 -2227.5 -185.0 54 0 25.1 18.3 12.5 2.5 2 0 5 0 0
5677.5 -2635.6 -183.3 150 0 16.7 25.5 12.5 2.5 4 1 5 4 4
5894.2 -2919.3 -186.6 348 0 13.7 22.5 10.0 2.5 2 1 4 5 5
4808.4 -1639.2 -185.5 337 0 13.4 19.4 7.5 2.5 4 1 3 2 2
4172.9 423.5 -111.8 330 0 13.8 16.5 5.0 2.5 2 1 2 2 2
4052.1 7503.8 -195.4 147 0 15.9 23.0 10.5 3.5 2 1 3 1 1
3806.3 7333.7 -126.7 333 0 19.1 27.0 17.5 3.5 2 1 5 0 0
3428.7 7642.5 -134.2 332 0 14.9 20.0 14.0 3.5 2 1 4 3 3
3405.2 7950.3 -196.4 242 0 21.3 19.8 14.0 3.5 4 0 4 1 1
2398.8 7712.3 -173.0 324 0 17.1 20.5 10.5 3.5 2 1 3 2 2
2082.0 8359.6 -185.6 62 0 14.7 12.6 10.5 3.5 2 0 3 0 0
2040.2 6629.5 -45.8 340 0 13.2 22.5 14.0 3.5 2 1 4 2 2
4052.3 5880.9 -58.9 66 0 17.0 13.7 14.0 3.5 4 0 4 4 4
4392.3 5902.8 -114.2 230 0 20.1 12.1 14.0 3.5 4 0 4 1 1
4908.9 5645.3 -204.5 68 0 22.1 17.9 17.5 3.5 4 0 5 0 0
6236.8 6792.2 -217.8 156 0 14.9 22.3 10.5 3.5 2 1 3 4 4
5166.2 5351.6 -208.9 257 0 57.2 13.5 17.5 3.5 2 0 5 4 4
5031.4 5010.1 -195.2 169 0 26.8 18.1 17.5 3.5 2 0 5 3 3
4511.9 3126.1 -140.8 154 0 12.6 20.3 10.5 3.5 4 1 3 0 0
5788.3 4770.5 -214.9 41 0 37.2 56.7 17.5 0.0 0 1 5 5 5
5915.9 8491.9 -215.9 9 0 17.6 58.9 14.0 3.5 2 1 4 3 3
5175.2 7405.7 -211.4 330 0 20.6 24.0 14.0 3.5 2 1 4 4 4
4885.6 7075.8 -209.5 328 0 18.4 29.0 14.0 3.5 4 1 4 0 0
4536.8 7467.7 -209.0 150 0 22.7 27.5 17.5 0.0 0 1 5 0 0
4174.0 7082.7 -160.7 64 0 19.1 16.2 14.0 3.5 2 0 4 0 0
4509.4 6934.6 -202.6 143 0 17.1 20.3 14.0 3.5 4 1 4 0 0
4146.5 6848.5 -149.4 136 0 15.9 19.8 17.5 3.5 4 1 5 3 3
3864.1 6386.8 -183.6 330 0 15.1 13.2 17.5 3.5 4 0 5 2 2
1559.9 6132.9 55.4 230 0 25.5 24.8 14.0 0.0 0 0 4 5 5
-116.9 6490.1 -55.7 245 0 11.3 11.3 5.0 2.5 2 0 2 0 0
5415.1 8269.9 -215.8 46 0 13.6 32.0 14.0 3.5 2 1 4 1 1
3501.1 4846.4 -11.3 66 0 27.3 19.2 12.5 2.5 2 0 5 0 0
5813.8 7804.2 -215.6 152 0 10.3 17.5 7.0 3.5 2 1 2 3 3
5173.8 6088.0 -210.7 149 0 20.0 21.6 17.5 0.0 0 1 5 0 0
2557.2 8332.5 -197.9 62 0 23.8 17.7 10.5 3.5 2 0 3 2 2
4166.2 8659.7 -209.1 65 0 40.7 17.0 14.0 3.5 2 0 4 4 4
4158.4 8703.1 -209.1 246 0 40.7 17.0 14.0 3.5 2 0 4 5 5
3033.7 8737.2 -199.4 337 0 12.7 16.9 10.5 3.5 2 1 3 3 3
2701.3 9894.1 -198.5 150 0 16.4 20.2 14.0 0.0 0 1 4 0 0
-1251.6 3356.3 203.3 320 0 23.7 10.0 5.0 2.5 2 0 2 0 0
-1308.1 3352.8 210.6 141 0 33.3 8.1 7.5 2.5 2 0 3 5 5
-1303.1 3378.2 205.3 139 0 40.9 9.4 7.5 2.5 2 0 3 0 0
-1233.6 3372.8 196.2 322 0 45.4 9.1 7.5 2.5 2 0 3 4 4
-1327.9 3379.9 210.9 141 0 23.5 6.1 7.5 2.5 2 0 3 0 0
-1276.2 3344.3 205.7 140 0 38.5 9.3 7.5 2.5 2 0 3 2 2
4310.9 6666.4 -188.7 156 0 15.3 18.1 14.0 3.5 2 1 4 3 3
3641.4 6055.5 -147.7 141 0 10.7 15.7 17.5 3.5 2 1 5 3 3
4737.9 -7209.9 -157.3 336 0 11.2 22.1 10.0 2.5 2 1 4 0 0
5821.5 -6930.1 -170.2 69 0 26.1 21.2 10.0 2.5 2 0 4 4 4
6684.5 -4076.8 -206.1 68 0 19.0 11.8 14.0 3.5 2 0 4 3 3
6575.2 -3753.3 -204.5 329 0 23.2 19.0 14.0 3.5 4 0 4 1 1
6186.0 -3015.1 -203.0 157 0 15.7 22.9 12.5 0.0 0 1 5 4 4
5441.6 -1413.3 -180.6 242 0 22.3 21.2 15.0 0.0 0 0 6 5 5
4914.7 -368.8 -135.5 156 0 20.4 23.5 10.0 2.5 2 1 4 4 4
6009.1 -1748.6 -204.7 80 0 20.2 12.9 10.0 2.5 2 0 4 0 0
5725.8 -1855.6 -201.3 72 0 10.2 21.4 2.5 2.5 2 1 1 3 3
5834.7 -1223.2 -186.1 147 0 11.4 19.7 5.0 2.5 2 1 2 3 3
4837.3 -5509.9 -136.8 286 0 30.7 14.8 10.0 2.5 2 0 4 3 3
3479.0 -5334.8 -91.7 104 0 22.0 29.8 12.5 0.0 0 1 5 3 3
3489.7 -5280.7 -94.1 14 0 29.8 22.0 12.5 0.0 0 0 5 4 4
3473.6 -5236.8 -93.5 14 0 29.8 22.0 15.0 0.0 0 0 6 4 4
3435.4 -5211.9 -87.6 284 0 22.0 29.8 12.5 0.0 0 1 5 0 0
3410.3 -5262.0 -88.7 194 0 29.8 22.0 10.0 0.0 0 0 4 2 2
3401.7 -5298.9 -88.1 194 0 29.8 22.0 15.0 0.0 0 0 6 5 5
3441.0 -5322.8 -89.9 104 0 22.0 29.8 10.0 0.0 0 1 4 5 5
1943.2 8765.6 -182.4 245 0 22.3 15.3 14.0 3.5 2 0 4 0 0
3664.8 7816.3 -196.5 7 0 22.2 17.5 14.0 3.5 2 0 4 3 3
4481.6 5405.1 -113.2 202 0 28.3 20.9 17.5 3.5 2 0 5 4 4
4409.3 5353.6 -97.7 112 0 20.9 28.3 17.5 3.5 2 1 5 2 2
4382.9 5397.2 -98.3 112 0 20.9 28.3 17.5 3.5 2 1 5 4 4
4344.4 5373.2 -90.2 202 0 28.3 20.9 17.5 3.5 2 0 5 1 1
4561.5 4411.8 -85.7 251 0 18.6 18.6 14.0 3.5 2 1 4 0 0
5355.5 7795.5 -213.0 11 0 30.3 54.1 14.0 0.0 0 1 4 0 0
4165.2 8635.0 -209.1 246 0 24.9 17.3 10.5 3.5 2 0 3 0 0
4126.9 8615.0 -208.8 157 0 9.0 23.7 10.5 3.5 4 1 3 4 4
4149.1 8568.4 -209.1 156 0 24.4 37.3 14.0 0.0 0 1 4 5 5
5553.0 4643.9 -206.9 168 0 45.1 23.9 14.0 0.0 0 0 4 0 0
5260.6 -8718.3 -182.7 338 0 13.9 21.9 7.5 0.0 0 1 3 4 4
6205.6 -9435.1 -213.5 201 0 6.6 10.9 8.0 0.0 0 1 2 1 1
6183.4 -9430.7 -212.5 201 0 6.6 10.9 12.0 0.0 0 1 3 4 4
6259.2 -9412.0 -213.7 7 0 13.1 23.0 10.0 0.0 0 1 4 1 1
6170.6 -9343.7 -207.8 238 0 9.3 15.5 8.0 0.0 0 1 2 5 5
6190.0 -9392.2 -212.4 194 0 36.4 36.9 12.5 0.0 0 1 5 4 4
6406.3 -9350.9 -215.2 271 0 8.1 9.1 2.5 2.5 2 1 1 2 2
6476.9 -9340.5 -215.6 272 0 13.5 11.1 2.5 2.5 2 0 1 2 2
6435.5 -9339.6 -215.2 272 0 13.6 11.1 2.5 2.5 2 0 1 3 3
6544.0 -9392.0 -215.6 1 0 15.1 43.7 2.5 2.5 2 1 1 3 3
6511.0 -9439.3 -214.6 4 0 10.4 18.2 2.5 2.5 2 1 1 5 5
6754.7 -9564.7 -220.8 321 0 17.6 91.0 12.5 0.0 0 1 5 4 4
5631.8 -9493.6 -207.5 102 0 17.3 75.6 10.0 0.0 0 1 4 3 3
6045.9 -10206.9 -223.0 57 0 197.0 63.9 10.0 0.0 0 0 4 1 1
6366.9 -8901.4 -210.2 340 0 21.3 45.2 7.5 2.5 2 1 3 1 1
6521.4 -2849.3 -206.9 2 0 9.2 21.7 8.0 2.5 2 1 2 1 1
6559.3 -2838.6 -207.6 4 0 9.2 25.0 12.0 2.5 2 1 3 0 0
6561.5 -2947.3 -211.2 356 0 25.4 16.2 10.0 2.5 2 0 4 0 0
6726.7 -3324.5 -213.7 306 0 45.8 15.5 14.0 3.5 2 0 4 1 1
6562.3 -3210.0 -212.0 226 0 13.4 30.2 14.0 3.5 2 1 4 2 2
6569.0 -3191.4 -212.5 226 0 15.1 45.5 14.0 3.5 2 1 4 4 4
6554.4 -2775.8 -209.7 340 0 12.5 53.7 12.5 2.5 2 0 5 3 3
6556.6 -2759.5 -210.3 340 0 16.7 61.2 12.5 2.5 2 0 5 4 4
6556.7 -2742.9 -210.7 340 0 14.7 73.3 10.0 2.5 2 0 4 5 5
6551.4 -2728.3 -211.1 340 0 16.5 91.3 12.5 2.5 2 0 5 2 2
6546.8 -2709.3 -211.7 340 0 22.6 93.4 10.0 0.0 0 0 4 2 2
6413.8 -2735.8 -210.5 250 0 81.7 31.3 10.0 0.0 0 0 4 4 4
6504.1 -2794.5 -209.2 340 0 16.7 18.6 10.0 2.5 2 0 4 4 4
6476.7 -2763.8 -209.4 250 0 18.1 14.6 10.0 2.5 4 0 4 1 1
6452.4 -2772.6 -209.1 250 0 33.7 14.6 10.0 0.0 0 0 4 1 1
6370.9 -2838.0 -208.4 160 0 17.3 121.5 10.0 0.0 0 0 4 3 3
6412.4 -2849.9 -207.7 160 0 18.7 84.0 12.5 2.5 2 1 5 2 2
6457.3 -2913.6 -206.2 78 0 109.0 19.2 7.5 0.0 0 0 3 4 4
6456.6 -2938.4 -207.6 78 0 120.7 24.1 12.5 0.0 0 0 5 2 2
6535.9 -2990.6 -213.6 356 0 23.8 120.5 12.5 0.0 0 1 5 2 2
6187.2 -2671.7 -208.0 180 0 103.6 68.4 7.5 0.0 0 0 3 2 2
6557.7 -3386.7 -209.8 150 0 91.0 18.4 14.0 0.0 0 0 4 0 0
6458.3 -1402.7 -213.6 340 0 10.4 27.3 2.5 2.5 2 0 1 4 4
6412.2 -1411.1 -213.3 250 0 37.8 12.8 2.5 2.5 2 0 1 4 4
6449.6 -1421.5 -213.3 340 0 19.3 63.6 2.5 2.5 2 0 1 5 5
6497.5 -1436.1 -213.8 341 0 39.9 128.8 2.5 0.0 0 0 1 5 5
6528.6 -1519.2 -213.8 341 0 38.8 42.6 2.5 0.0 0 0 1 1 1
6559.5 -1538.9 -214.2 341 0 19.0 29.6 2.5 2.5 2 0 1 0 0
6528.0 -1538.6 -213.8 341 0 21.7 46.3 2.5 2.5 2 0 1 1 1
6472.1 -1579.8 -213.2 71 0 40.1 57.7 2.5 0.0 0 0 1 4 4
6396.4 -1534.0 -212.5 71 0 48.1 20.4 2.5 2.5 2 0 1 4 4
6359.6 -1430.8 -212.5 252 0 27.6 14.0 7.5 2.5 2 0 3 0 0
6351.6 -1400.7 -212.7 252 0 32.6 18.1 7.5 2.5 2 0 3 3 3
5777.8 888.9 -214.2 81 0 9.5 16.0 12.0 0.0 0 1 3 2 2
5776.6 926.1 -214.3 266 0 9.4 16.0 12.0 0.0 0 1 3 1 1
5646.9 1043.9 -213.6 269 0 121.5 104.0 14.0 0.0 0 0 4 1 1
5726.6 1842.4 -210.5 280 0 85.8 34.1 2.5 0.0 0 0 1 5 5
5703.3 1662.1 -208.8 307 0 14.2 19.2 3.5 3.5 2 1 1 1 1
-1286.4 4316.4 138.9 290 0 60.1 43.8 15.0 0.0 0 0 6 0 0
4094.3 -6249.4 -123.4 185 0 10.6 34.7 7.5 2.5 2 1 3 2 2
4407.7 -5608.1 -128.3 9 0 64.6 15.5 10.0 2.5 2 0 4 1 1
4365.3 -5638.3 -127.7 97 0 12.6 33.4 7.5 2.5 4 1 3 5 5
4343.8 -5637.3 -127.2 97 0 12.6 33.4 7.5 2.5 2 1 3 3 3
4296.0 -5628.2 -126.2 97 0 12.6 33.4 10.0 2.5 2 1 4 5 5
4328.3 -5551.6 -126.5 277 0 12.6 33.4 7.5 2.5 2 1 3 5 5
4306.1 -5546.8 -126.0 277 0 12.6 33.4 12.5 2.5 2 1 5 3 3
4273.3 -5626.1 -125.8 97 0 12.6 33.4 10.0 2.5 2 1 4 4 4
4433.3 -5586.6 -128.8 277 0 12.6 33.4 7.5 2.5 2 1 3 5 5
4408.4 -5807.8 -129.6 8 0 29.7 16.8 10.0 2.5 2 0 4 2 2
4414.6 -5771.9 -129.5 8 0 29.7 16.8 10.0 2.5 2 0 4 4 4
4382.2 -5771.4 -128.8 8 0 29.7 16.8 10.0 2.5 2 0 4 4 4
4375.9 -5809.6 -128.9 8 0 29.7 16.8 10.0 2.5 4 0 4 2 2
4064.2 6300.8 -174.2 74 0 17.7 14.6 17.5 3.5 2 0 5 4 4
3772.8 6394.4 -177.3 241 0 28.1 16.8 17.5 3.5 2 0 5 2 2
2613.3 8045.9 -192.7 244 0 23.7 14.0 14.0 3.5 2 0 4 3 3
1883.2 8144.4 -169.4 241 0 11.9 20.6 10.5 0.0 0 1 3 2 2
2853.8 7702.5 -188.4 335 0 17.2 21.5 14.0 3.5 2 1 4 1 1
5705.5 2896.1 -208.7 345 0 22.1 16.5 10.5 3.5 2 0 3 0 0
5740.8 2737.7 -209.4 346 0 13.5 8.5 3.5 3.5 2 0 1 3 3
5698.2 2695.1 -207.1 348 0 17.0 11.4 3.5 3.5 2 0 1 0 0
5715.6 2896.0 -208.8 343 0 5.3 4.9 10.5 0.0 0 0 3 3 3
5712.7 2907.0 -208.8 343 0 5.5 4.7 10.5 0.0 0 0 3 1 1
5748.5 2622.0 -206.5 345 0 27.6 12.9 3.5 3.5 2 0 1 0 0
5696.9 2628.0 -205.7 169 0 27.6 11.6 3.5 3.5 2 0 1 5 5
5155.3 1274.7 -150.2 286 0 10.6 38.4 14.0 3.5 2 1 4 1 1
5152.3 1205.9 -157.7 120 0 9.6 39.0 10.5 3.5 2 1 3 5 5
5142.2 1216.5 -151.4 27 0 14.5 12.2 14.0 3.5 2 0 4 1 1
5176.2 1296.2 -156.5 271 0 10.8 36.1 14.0 3.5 2 1 4 3 3
5157.8 1299.4 -151.6 274 0 12.5 13.1 14.0 3.5 2 1 4 4 4
5126.7 2469.9 -195.2 84 0 14.1 35.1 10.5 3.5 2 1 3 1 1
5140.0 2534.6 -195.6 354 0 35.1 14.1 10.5 3.5 4 0 3 1 1
5133.1 2427.5 -196.1 174 0 35.1 14.1 14.0 3.5 2 0 4 3 3
5137.6 2386.4 -196.6 174 0 35.1 14.1 14.0 3.5 4 0 4 5 5
5139.6 2345.2 -196.5 174 0 35.1 14.1 14.0 3.5 2 0 4 2 2
5149.4 2313.3 -196.6 264 0 14.1 35.1 10.5 3.5 2 1 3 5 5
6442.1 6010.6 -211.2 213 0 3.0 3.3 10.5 3.5 4 1 3 3 3
6187.9 5820.0 -212.1 213 0 7.7 3.5 3.5 3.5 2 0 1 1 1
6328.8 5713.5 -215.7 360 0 9.5 100.6 10.5 3.5 2 1 3 3 3
6169.6 5809.3 -212.3 217 0 3.5 7.7 3.5 0.0 0 1 1 1 1
6175.1 5816.3 -212.3 216 0 7.5 3.9 3.5 3.5 2 0 1 0 0
6181.8 5811.5 -212.1 216 0 7.5 3.5 3.5 3.5 2 0 1 2 2
6181.2 5824.9 -212.3 217 0 8.0 3.5 3.5 3.5 2 0 1 0 0
6187.2 5833.7 -212.3 215 0 7.9 3.7 3.5 3.5 2 0 1 0 0
6193.9 5828.6 -212.1 215 0 8.1 3.6 3.5 3.5 2 0 1 2 2
6192.8 5838.0 -212.2 125 0 3.8 6.6 3.5 3.5 2 1 1 0 0
6199.7 5837.1 -212.1 216 0 6.7 3.9 3.5 3.5 2 0 1 4 4
6256.7 5919.8 -212.4 125 0 7.9 37.4 3.5 3.5 2 1 1 0 0
6295.0 5902.8 -212.2 36 0 7.6 32.0 3.5 3.5 2 0 1 1 1
6293.0 5913.5 -212.2 36 0 7.6 24.2 3.5 3.5 2 0 1 2 2
6290.2 5930.7 -212.2 306 0 8.1 8.4 3.5 3.5 2 0 1 3 3
6289.2 5936.3 -212.2 33 0 7.8 8.2 3.5 0.0 0 0 1 1 1
6400.9 5931.8 -210.7 260 0 7.8 5.2 3.5 3.5 2 0 1 5 5
6425.4 5936.1 -210.9 260 0 7.6 5.2 3.5 0.0 0 0 1 4 4
6447.8 5940.1 -211.2 261 0 6.7 5.1 3.5 3.5 2 0 1 2 2
6473.9 6042.3 -211.8 170 0 111.8 32.1 7.0 0.0 0 0 2 0 0
6607.0 5948.4 -213.1 349 0 20.2 7.5 3.5 3.5 2 0 1 0 0
6601.6 6042.3 -212.3 167 0 6.0 4.7 3.5 3.5 2 0 1 1 1
6598.6 6058.2 -212.2 168 0 8.4 5.6 3.5 3.5 4 0 1 1 1
5730.5 4844.4 -213.7 269 0 4.5 4.4 3.5 3.5 2 0 1 2 2
5855.1 4893.5 -213.0 178 0 22.3 6.2 3.5 3.5 2 0 1 1 1
5747.5 4597.8 -213.4 161 0 10.1 5.4 3.5 3.5 2 0 1 1 1
5753.4 4652.0 -214.6 130 0 3.2 3.5 3.5 3.5 2 0 1 2 2
5785.3 4704.2 -214.9 274 0 4.0 4.6 3.5 3.5 2 1 1 5 5
5791.5 4676.0 -215.2 39 0 8.2 6.8 10.5 0.0 0 0 3 1 1
5752.5 4589.0 -213.4 87 0 4.9 4.7 3.5 3.5 2 0 1 2 2
6149.9 9699.6 -216.5 348 0 89.7 42.6 14.0 0.0 0 0 4 4 4
6223.2 9758.1 -216.2 259 0 43.7 45.0 14.0 0.0 0 1 4 1 1
6297.9 9730.0 -216.2 252 0 32.1 40.8 7.0 0.0 0 1 2 1 1
6501.8 9899.7 -214.6 33 0 26.7 8.4 4.0 3.5 2 0 1 1 1
6401.9 9822.2 -214.6 238 0 25.2 24.7 7.0 0.0 0 0 2 0 0
6563.9 9800.2 -214.9 121 0 7.3 7.2 12.0 3.5 2 0 3 1 1
6513.4 9907.4 -214.7 212 0 16.3 45.5 7.0 3.5 2 1 2 2 2
6470.1 9745.8 -214.9 122 0 18.4 10.7 8.0 3.5 2 0 2 0 0
6542.8 9696.1 -215.1 122 0 18.6 13.2 8.0 3.5 2 0 2 0 0
6534.6 9804.8 -215.0 302 0 67.1 11.3 7.0 3.5 2 0 2 5 5
6584.1 9716.6 -215.2 215 0 9.3 5.5 4.0 3.5 2 0 1 1 1
6560.7 10017.4 -214.5 277 0 33.6 11.6 10.5 3.5 2 0 3 3 3
6459.9 9878.0 -214.5 38 0 4.4 8.6 4.0 3.5 2 1 1 5 5
6456.1 9795.2 -214.8 7 0 37.6 17.1 7.0 3.5 2 0 2 0 0
6485.0 9812.0 -214.7 33 0 15.8 9.3 4.0 0.0 0 0 1 2 2
6442.9 9686.9 -215.6 211 0 10.0 25.5 7.0 3.5 2 1 2 1 1
6453.0 9703.7 -215.3 212 0 11.7 25.6 7.0 3.5 2 1 2 2 2
6463.8 9720.6 -215.0 213 0 11.6 25.9 7.0 3.5 2 1 2 3 3
6224.0 9785.4 -215.9 85 0 62.0 20.1 7.0 3.5 4 0 2 1 1
6202.0 9806.5 -215.8 84 0 22.9 19.9 7.0 3.5 2 0 2 2 2
6393.6 9842.3 -214.5 39 0 21.9 13.9 7.0 3.5 2 0 2 2 2
6414.1 9841.9 -214.5 73 0 12.7 20.8 10.5 3.5 2 0 3 5 5
6660.4 10022.6 -214.9 304 0 36.1 68.1 10.5 0.0 0 0 3 1 1
6605.7 9998.5 -214.6 215 0 32.3 9.3 3.5 3.5 2 0 1 4 4
6640.5 9872.9 -214.9 95 0 11.7 10.1 4.0 3.5 2 0 1 4 4
6618.8 9815.6 -215.1 185 0 7.7 56.2 3.5 3.5 2 1 1 3 3
6660.2 9860.0 -215.1 275 0 17.8 30.8 7.0 3.5 2 1 2 5 5
6654.2 10062.2 -214.6 215 0 12.4 13.6 4.0 3.5 2 0 1 0 0
6708.0 10033.6 -214.7 125 0 15.7 42.0 3.5 3.5 2 1 1 0 0
6762.5 10132.6 -214.7 305 0 22.9 14.0 7.0 3.5 2 0 2 1 1
6686.4 9956.6 -214.9 215 0 14.5 15.4 12.0 0.0 0 0 3 1 1
6657.8 9728.8 -215.3 163 0 13.1 10.4 4.0 3.5 2 0 1 1 1
6586.1 10023.1 -214.5 126 0 9.1 8.5 4.0 3.5 2 0 1 1 1
6606.4 10054.9 -214.5 227 0 15.5 12.8 4.0 3.5 2 0 1 4 4
6309.1 9807.5 -215.0 37 0 11.3 29.0 10.5 3.5 2 0 3 3 3
6287.4 9868.5 -214.2 219 0 6.6 5.9 12.0 3.5 2 0 3 5 5
6328.8 9868.6 -214.4 217 0 4.5 23.3 12.0 3.5 2 0 3 2 2
6340.6 9879.9 -214.4 218 0 4.0 21.1 12.0 3.5 4 0 3 2 2
6350.8 9849.9 -214.4 128 0 5.0 20.3 8.0 3.5 2 1 2 4 4
6407.9 9924.1 -214.4 255 0 6.7 7.0 8.0 0.0 0 1 2 3 3
6454.3 9922.3 -214.4 219 0 3.1 4.1 4.0 3.5 2 1 1 5 5
6570.5 9961.4 -214.6 6 0 10.6 11.8 12.0 3.5 2 0 3 1 1
6537.1 9997.3 -214.5 187 0 17.2 4.8 12.0 3.5 2 0 3 0 0
6559.4 10028.5 -214.4 96 0 7.6 4.2 4.0 3.5 2 0 1 4 4
6585.2 9754.0 -215.1 110 0 12.0 8.7 4.0 3.5 2 0 1 4 4
6356.1 9887.1 -214.4 216 0 11.3 11.4 8.0 3.5 2 0 2 1 1
6361.6 9894.3 -214.4 219 0 6.8 18.5 8.0 3.5 2 0 2 4 4
6371.5 9882.7 -214.4 307 0 7.3 11.4 8.0 3.5 2 0 2 2 2
6360.8 9907.6 -214.3 219 0 8.7 9.0 8.0 3.5 4 0 2 1 1
6367.8 9901.9 -214.4 220 0 8.7 23.5 8.0 3.5 2 0 2 2 2
6251.1 9884.1 -214.5 306 0 9.4 16.1 8.0 3.5 2 1 2 1 1
6115.1 9774.2 -216.0 86 0 7.6 12.5 4.0 3.5 2 1 1 0 0
6053.1 9318.5 -218.1 191 0 122.9 38.2 10.5 0.0 0 0 3 5 5
6094.0 9295.9 -217.4 9 0 7.5 4.9 4.0 3.5 4 0 1 2 2
6124.4 9452.6 -217.0 192 0 21.0 30.5 10.5 0.0 0 1 3 1 1
6188.8 9496.8 -216.8 164 0 8.9 11.7 8.0 0.0 0 1 2 4 4
6434.2 9595.8 -216.3 255 0 10.5 8.4 4.0 0.0 0 0 1 4 4
6404.6 9576.1 -216.2 282 0 8.3 7.8 8.0 3.5 2 0 2 3 3
6441.9 9463.2 -217.0 189 0 12.9 31.1 7.0 3.5 2 0 2 1 1
6451.5 9445.1 -216.8 190 0 6.8 10.2 4.0 0.0 0 0 1 5 5
6392.8 9439.0 -216.8 99 0 6.6 8.0 12.0 3.5 2 0 3 0 0
6363.8 9516.9 -216.9 192 0 9.1 16.1 4.0 3.5 2 1 1 3 3
6326.6 9459.0 -216.8 281 0 8.7 10.7 4.0 3.5 2 1 1 5 5
6350.6 9435.8 -216.7 100 0 8.9 8.7 4.0 3.5 4 0 1 4 4
6250.6 9443.4 -216.7 99 0 10.3 6.4 4.0 3.5 2 0 1 0 0
6197.1 9437.5 -217.0 281 0 26.3 7.0 8.0 3.5 4 0 2 1 1
6334.0 9107.9 -217.5 98 0 8.9 13.4 4.0 3.5 2 1 1 4 4
6459.3 9178.1 -217.3 11 0 73.3 10.6 7.0 0.0 0 0 2 3 3
6482.6 9213.4 -216.9 11 0 15.7 10.0 4.0 3.5 2 0 1 5 5
6488.2 9246.6 -216.9 10 0 42.4 9.6 7.0 3.5 2 0 2 4 4
6343.0 9321.1 -216.8 192 0 9.1 9.7 8.0 3.5 2 0 2 2 2
6892.3 7862.1 -213.2 221 0 18.3 13.6 7.0 3.5 2 0 2 3 3
6918.4 7874.3 -213.9 224 0 7.8 10.5 3.5 3.5 2 1 1 4 4
6921.2 7889.2 -214.2 223 0 14.3 16.2 3.5 3.5 2 1 1 3 3
6880.9 7951.8 -212.9 312 0 9.5 12.7 7.0 3.5 2 0 2 1 1
6919.9 7901.4 -213.7 45 0 8.1 58.0 3.5 3.5 2 0 1 2 2
6825.2 7997.7 -211.9 137 0 16.4 16.7 7.0 0.0 0 1 2 5 5
6882.7 8095.1 -213.5 143 0 48.8 12.7 10.5 3.5 2 0 3 2 2
6283.9 9911.8 -214.1 96 0 14.8 5.2 3.5 3.5 2 0 1 4 4
6239.6 9941.8 -214.0 191 0 12.3 11.6 10.5 3.5 2 0 3 5 5
6229.6 9933.6 -214.0 10 0 20.3 12.2 10.5 3.5 2 0 3 3 3
6236.7 9954.9 -213.9 12 0 7.0 19.9 7.0 3.5 4 1 2 5 5
6134.4 9948.9 -214.3 188 0 4.7 20.6 7.0 3.5 4 0 2 3 3
6144.5 10003.0 -213.7 191 0 3.7 20.5 7.0 3.5 2 0 2 3 3
6104.7 9904.0 -215.3 282 0 9.0 8.6 3.5 3.5 2 0 1 2 2
6476.8 9962.7 -214.4 99 0 14.6 13.8 5.0 2.5 2 0 2 4 4
1635.6 4281.0 87.9 62 0 25.5 25.8 14.0 0.0 0 1 4 3 3
6814.3 9400.7 -216.5 137 0 16.1 75.7 7.0 3.5 2 1 2 5 5
6928.6 9724.3 -215.8 48 0 6.1 19.8 7.0 3.5 2 1 2 4 4
6825.5 9497.6 -216.3 227 0 20.3 51.6 10.5 3.5 2 1 3 5 5
6848.0 9518.5 -216.3 227 0 26.7 51.5 10.5 0.0 0 1 3 0 0
6822.5 9578.4 -215.9 49 0 16.1 34.1 14.0 0.0 0 0 4 1 1
6844.7 9643.5 -215.9 319 0 5.9 36.0 8.0 3.5 2 0 2 1 1
6812.4 9564.9 -215.9 47 0 17.8 33.4 7.0 3.5 2 0 2 1 1
6796.8 9562.5 -215.9 47 0 8.4 24.5 4.0 3.5 2 0 1 3 3
6815.6 9552.6 -215.9 47 0 10.4 8.9 8.0 3.5 2 0 2 1 1
6858.2 9683.2 -215.8 226 0 45.8 19.7 7.0 0.0 0 0 2 3 3
6892.3 9653.5 -216.0 229 0 49.2 12.2 7.0 3.5 2 0 2 1 1
6886.4 9617.6 -216.0 138 0 9.2 25.8 8.0 3.5 2 1 2 2 2
6254.7 10514.6 -213.1 281 0 17.0 119.2 7.0 0.0 0 1 2 3 3
6332.6 10060.3 -213.9 360 0 21.3 5.7 7.0 3.5 2 0 2 3 3
6227.0 10387.2 -212.9 191 0 6.0 9.5 3.5 3.5 2 1 1 4 4
6388.4 10296.1 -213.5 101 0 20.1 74.7 17.5 3.5 2 1 5 1 1
6418.6 10224.3 -213.8 102 0 39.0 18.6 10.5 3.5 2 0 3 2 2
6667.7 10195.8 -214.3 98 0 14.3 13.5 8.0 3.5 2 0 2 2 2
6653.8 10306.3 -214.1 10 0 26.2 93.4 17.5 0.0 0 0 5 4 4
6611.2 10422.8 -213.8 282 0 25.1 48.1 10.5 0.0 0 0 3 0 0
6597.7 10453.7 -213.7 280 0 25.7 27.8 7.0 0.0 0 0 2 1 1
6647.0 10455.1 -213.8 281 0 11.3 38.0 7.0 3.5 2 1 2 0 0
6758.6 10361.3 -214.2 7 0 61.4 7.9 3.5 3.5 2 0 1 2 2
6733.7 10402.8 -214.0 13 0 5.8 7.5 3.5 3.5 2 1 1 3 3
6738.6 10447.0 -213.9 101 0 18.6 9.7 3.5 3.5 2 0 1 4 4
6412.8 10542.3 -213.0 280 0 13.4 9.2 12.0 3.5 2 0 3 2 2
6456.0 10543.6 -213.1 281 0 14.9 9.3 8.0 3.5 2 0 2 1 1
6478.8 10501.0 -213.2 102 0 16.3 6.3 4.0 3.5 2 0 1 4 4
6491.8 10498.5 -213.2 100 0 10.1 6.4 4.0 3.5 2 0 1 0 0
6493.6 10504.7 -213.2 100 0 20.2 12.8 10.5 3.5 2 0 3 3 3
6479.2 10546.1 -213.1 190 0 13.3 20.9 10.5 3.5 2 0 3 4 4
6479.5 10547.7 -213.1 10 0 10.0 5.0 4.0 3.5 2 0 1 4 4
6592.9 10480.5 -213.5 103 0 12.1 11.4 12.0 3.5 2 0 3 2 2
6608.1 10483.2 -213.5 100 0 6.0 5.8 4.0 3.5 2 0 1 3 3
6634.1 10473.9 -213.6 101 0 8.3 14.5 8.0 3.5 2 1 2 3 3
6744.5 10547.8 -214.1 189 0 46.2 17.3 10.5 3.5 4 0 3 3 3
6523.9 10545.4 -213.2 281 0 12.3 11.4 4.0 3.5 2 0 1 3 3
6539.3 10542.0 -213.3 281 0 14.0 10.9 4.0 3.5 2 0 1 3 3
6629.7 10522.4 -213.5 280 0 9.4 9.4 4.0 3.5 2 0 1 2 2
4839.6 9739.8 -214.3 191 0 7.2 31.5 8.0 2.5 2 1 2 3 3
4915.0 9674.5 -214.0 191 0 11.4 20.3 8.0 2.5 2 1 2 2 2
4922.0 9698.0 -213.8 192 0 9.6 7.7 4.0 2.5 2 0 1 2 2
4898.6 9535.6 -213.8 100 0 12.9 37.3 7.5 2.5 2 1 3 3 3
4894.7 9529.0 -213.8 192 0 7.8 9.1 8.0 2.5 2 1 2 0 0
4896.7 9512.0 -213.8 101 0 8.0 9.4 4.0 0.0 0 1 1 1 1
4928.9 9517.7 -214.1 101 0 18.9 55.1 7.5 2.5 2 1 3 3 3
4888.3 9628.9 -213.8 190 0 64.9 23.1 10.0 2.5 2 0 4 1 1
4863.7 9574.5 -213.5 191 0 12.7 17.5 8.0 2.5 2 1 2 2 2
4862.3 9529.0 -213.4 150 0 5.5 4.5 4.0 2.5 4 0 1 5 5
4873.4 9536.2 -213.6 147 0 5.3 8.7 8.0 2.5 2 1 2 0 0
4959.2 9718.1 -214.2 189 0 13.2 10.8 8.0 0.0 0 0 2 2 2
4957.6 9758.0 -214.9 190 0 38.1 12.5 2.5 2.5 2 0 1 0 0
5184.5 9598.4 -213.9 100 0 11.3 134.0 2.5 0.0 0 1 1 2 2
5688.9 9660.9 -208.9 11 0 14.5 35.7 2.5 2.5 2 0 1 4 4
6402.5 -2040.8 -208.0 179 0 11.0 7.6 2.5 2.5 2 0 1 4 4
6377.0 -1999.4 -208.3 179 0 51.5 11.7 5.0 2.5 2 0 2 4 4
6411.8 -2036.0 -208.3 178 0 13.5 6.2 2.5 2.5 2 0 1 5 5
6429.4 -1986.8 -208.5 180 0 15.8 17.2 2.5 0.0 0 1 1 0 0
6421.6 -1968.2 -208.3 179 0 20.2 13.4 2.5 2.5 2 0 1 2 2
6414.1 -1882.0 -208.8 268 0 31.9 52.6 5.0 0.0 0 1 2 1 1
6485.9 -1928.0 -208.9 269 0 10.8 3.7 2.5 2.5 2 0 1 0 0
6502.4 -1932.3 -209.8 178 0 12.9 56.9 5.0 2.5 2 1 2 0 0
6512.8 -1830.0 -210.8 268 0 14.0 56.7 5.0 2.5 2 1 2 0 0
6532.7 -1829.1 -211.1 267 0 13.7 56.3 5.0 2.5 2 1 2 2 2
6604.6 -1825.7 -212.2 267 0 34.0 56.3 5.0 0.0 0 1 2 0 0
6606.8 -1921.5 -210.9 268 0 56.8 13.1 2.5 2.5 2 0 1 4 4
6677.2 -1882.9 -212.2 269 0 30.7 45.8 5.0 0.0 0 1 2 1 1
6676.5 -1960.0 -210.9 269 0 12.8 14.1 2.5 2.5 2 1 1 2 2
6693.5 -2058.7 -209.8 359 0 39.9 19.3 5.0 2.5 4 0 2 1 1
6692.7 -2084.0 -209.3 359 0 4.4 15.2 4.0 2.5 2 0 1 5 5
6695.9 -2090.7 -209.4 359 0 4.0 10.2 4.0 2.5 2 1 1 2 2
6730.6 -2139.0 -210.2 359 0 72.8 18.2 2.5 2.5 2 0 1 2 2
6655.8 -2248.5 -211.0 89 0 20.6 25.5 2.5 2.5 2 1 1 2 2
6655.0 -2221.3 -210.6 89 0 19.9 100.3 2.5 0.0 0 1 1 5 5
6733.8 -2306.3 -212.4 359 0 11.6 31.6 5.0 2.5 2 0 2 5 5
6736.5 -2316.5 -212.8 358 0 9.3 29.9 2.5 2.5 2 0 1 2 2
6720.2 -2300.8 -212.0 88 0 31.3 40.6 2.5 0.0 0 1 1 1 1
6330.2 -1877.3 -208.2 180 0 62.2 15.4 2.5 2.5 2 0 1 5 5
6697.3 -2338.3 -213.1 358 0 13.2 6.7 4.0 0.0 0 0 1 4 4
6691.0 -2282.8 -211.5 88 0 6.2 10.9 4.0 2.5 2 1 1 1 1
6690.7 -2267.7 -211.3 88 0 5.8 10.0 4.0 2.5 2 1 1 5 5
6650.9 -2346.0 -212.7 88 0 21.4 11.8 2.5 2.5 4 0 1 5 5
6670.6 -2395.8 -214.5 89 0 44.3 33.4 2.5 0.0 0 0 1 4 4
6676.5 -2435.6 -214.5 88 0 39.7 30.6 2.5 0.0 0 0 1 2 2
6738.8 -2381.5 -214.9 359 0 40.5 31.5 2.5 0.0 0 0 1 0 0
6796.6 -2176.2 -210.5 23 0 7.0 5.9 2.5 2.5 2 0 1 2 2
6726.9 -1990.7 -211.2 358 0 19.4 43.4 2.5 2.5 2 1 1 2 2
6725.2 -1965.6 -211.5 359 0 12.7 33.4 2.5 2.5 2 1 1 2 2
6756.3 -1957.9 -212.0 359 0 10.9 17.5 4.0 2.5 4 1 1 3 3
6724.8 -2459.3 -215.0 18 0 23.4 26.6 2.5 0.0 0 1 1 3 3
6403.7 -2376.1 -211.3 100 0 24.1 11.0 2.5 2.5 2 0 1 4 4
6421.8 -2340.7 -210.8 79 0 20.5 11.3 2.5 2.5 2 0 1 5 5
6357.1 -2361.7 -210.7 92 0 8.0 12.3 2.5 2.5 2 1 1 0 0
6320.2 -2146.0 -208.2 185 0 10.4 11.6 2.5 2.5 2 1 1 3 3
6306.6 -2023.3 -207.7 179 0 12.8 26.5 2.5 2.5 2 1 1 5 5
6305.8 -2000.7 -208.3 179 0 11.8 26.7 2.5 2.5 2 1 1 4 4
6305.6 -1979.7 -208.6 179 0 11.6 26.5 2.5 2.5 2 1 1 1 1
6393.8 -1726.3 -211.1 271 0 38.0 11.8 2.5 2.5 2 0 1 3 3
6466.0 -1772.0 -210.8 269 0 16.3 15.4 2.5 2.5 2 0 1 1 1
6490.3 -1761.3 -211.8 177 0 15.7 33.6 5.0 2.5 2 1 2 1 1
6888.4 -1883.3 -212.6 2 0 18.9 12.5 2.5 2.5 4 0 1 5 5
6889.6 -1846.5 -213.4 359 0 10.2 8.2 2.5 2.5 2 0 1 5 5
6795.6 -1912.7 -212.8 360 0 16.9 40.4 2.5 0.0 0 1 1 1 1
5788.7 5438.7 -214.3 249 0 30.4 45.7 17.5 0.0 0 1 5 3 3
5233.4 7322.7 -211.5 178 0 18.8 23.0 14.0 0.0 0 1 4 1 1
5888.1 5331.7 -213.7 92 0 35.8 21.2 14.0 0.0 0 0 4 4 4
5917.4 5301.7 -213.0 148 0 15.1 21.0 14.0 3.5 2 1 4 4 4
5966.9 5270.3 -212.5 322 0 14.0 27.0 14.0 3.5 2 1 4 4 4
5960.7 5226.7 -212.3 144 0 32.4 30.4 14.0 0.0 0 0 4 3 3
5974.0 5066.1 -211.4 92 0 62.0 17.1 17.5 3.5 2 0 5 5 5
5917.3 5065.1 -210.9 92 0 45.7 28.8 17.5 0.0 0 0 5 3 3
5884.9 5103.3 -211.2 273 0 18.1 37.2 17.5 3.5 2 1 5 2 2
5822.1 5068.7 -211.3 91 0 19.8 30.1 17.5 3.5 2 1 5 0 0
5177.8 8420.5 -214.6 67 0 11.5 12.4 14.0 3.5 4 1 4 2 2
5778.6 5142.0 -213.4 359 0 16.6 25.0 17.5 0.0 0 1 5 1 1
5238.9 4311.8 -193.8 168 0 32.2 18.1 14.0 3.5 2 0 4 3 3
5504.5 5448.9 -211.2 325 0 7.1 17.6 10.5 0.0 0 1 3 5 5
5495.4 5720.0 -213.4 89 0 14.8 31.8 14.0 3.5 2 0 4 3 3
5512.7 5756.8 -213.3 360 0 9.8 21.0 10.5 0.0 0 0 3 1 1
5514.4 5767.2 -213.2 2 0 9.7 21.5 10.5 3.5 4 0 3 3 3
5513.9 5786.2 -213.2 357 0 22.2 21.3 14.0 3.5 2 0 4 3 3
5404.5 5993.1 -212.8 270 0 21.5 10.0 10.5 3.5 2 0 3 4 4
5414.4 3932.2 -174.5 153 0 10.7 15.5 17.5 3.5 2 1 5 0 0
5289.4 3887.0 -153.0 57 0 13.9 10.0 10.5 0.0 0 0 3 2 2
5269.9 4283.9 -194.4 165 0 13.2 11.4 17.5 3.5 2 0 5 1 1
5284.2 4294.8 -194.9 257 0 10.5 13.1 17.5 0.0 0 0 5 4 4
5273.2 4272.7 -194.4 162 0 10.3 13.0 17.5 3.5 4 0 5 1 1
5281.1 4250.0 -193.6 161 0 15.5 13.3 17.5 3.5 2 0 5 2 2
5306.3 4251.8 -195.5 70 0 21.8 19.5 17.5 3.5 2 0 5 5 5
5317.0 4287.9 -196.0 330 0 7.9 13.0 10.5 3.5 2 0 3 0 0
5321.6 4280.5 -196.1 326 0 9.0 11.0 10.5 3.5 2 0 3 3 3
5324.0 4258.6 -196.3 68 0 16.3 16.8 17.5 0.0 0 0 5 5 5
5759.2 4070.9 -212.5 270 0 9.2 20.2 10.5 3.5 2 1 3 2 2
5760.3 3779.8 -212.6 289 0 17.5 30.4 17.5 0.0 0 1 5 2 2
6286.3 6182.1 -214.8 339 0 175.1 38.9 17.5 0.0 0 0 5 1 1
6311.8 6174.2 -212.5 159 0 72.4 22.5 17.5 0.0 0 0 5 3 3
6350.6 6162.3 -211.6 68 0 9.9 42.2 10.5 3.5 2 1 3 3 3
6370.8 6196.7 -214.3 59 0 32.1 91.6 17.5 0.0 0 1 5 5 5
5386.4 4336.5 -199.7 347 0 14.8 18.3 17.5 3.5 2 0 5 3 3
5300.3 4346.4 -196.1 348 0 14.0 11.4 14.0 3.5 2 0 4 5 5
5296.2 4364.6 -196.1 347 0 25.0 10.7 14.0 3.5 4 0 4 4 4
5266.7 4367.0 -195.3 249 0 27.2 9.0 10.5 3.5 2 0 3 2 2
5240.2 4346.7 -193.9 254 0 18.5 9.9 10.5 3.5 2 0 3 2 2
5355.8 4280.3 -197.6 334 0 21.3 23.9 17.5 3.5 2 0 5 4 4
5263.3 4283.7 -193.1 341 0 16.5 18.4 17.5 3.5 2 0 5 0 0
5238.5 4286.7 -191.2 256 0 9.0 14.4 10.5 3.5 2 0 3 4 4
5223.1 4273.4 -190.3 164 0 16.4 14.0 17.5 3.5 2 0 5 0 0
5227.7 4258.4 -189.6 162 0 15.4 15.1 17.5 3.5 2 0 5 1 1
5267.7 4270.9 -192.4 340 0 11.7 16.4 17.5 3.5 2 0 5 1 1
5272.0 4259.5 -192.0 338 0 13.5 12.8 17.5 3.5 2 0 5 2 2
5277.8 4243.8 -191.5 0 0 9.2 13.0 10.5 3.5 4 0 3 4 4
5268.7 4234.9 -190.3 47 0 8.8 13.8 10.5 3.5 2 0 3 5 5
5261.7 4229.1 -189.2 54 0 9.6 13.9 10.5 3.5 2 0 3 4 4
5232.2 4244.1 -189.4 162 0 15.5 19.1 17.5 3.5 2 0 5 4 4
5271.6 4511.2 -194.7 348 0 27.6 12.8 17.5 3.5 2 0 5 4 4
5296.4 4554.9 -196.0 81 0 15.7 29.7 17.5 3.5 2 1 5 3 3
5227.9 4294.0 -192.1 75 0 22.2 13.4 14.0 3.5 2 0 4 3 3
5211.5 4311.4 -192.1 162 0 13.7 14.9 14.0 3.5 2 0 4 1 1
5213.0 4340.2 -192.7 254 0 21.0 20.5 14.0 3.5 2 0 4 3 3
5234.9 4311.4 -192.4 345 0 4.9 7.9 10.5 3.5 2 0 3 0 0
5223.8 4341.0 -192.9 169 0 4.8 4.0 10.5 0.0 0 0 3 4 4
5228.6 4329.4 -192.9 74 0 3.9 10.3 10.5 3.5 2 0 3 3 3
5362.9 4265.8 -197.7 335 0 10.9 9.1 10.5 3.5 2 0 3 1 1
5367.7 4256.0 -197.8 333 0 11.7 19.7 17.5 3.5 2 0 5 3 3
5344.2 4256.4 -197.3 145 0 10.6 11.7 17.5 3.5 2 0 5 0 0
5360.7 4228.5 -198.0 151 0 28.7 18.9 17.5 3.5 4 0 5 2 2
5408.1 4173.1 -198.2 65 0 13.8 29.0 17.5 3.5 4 0 5 4 4
5413.0 4163.5 -197.8 65 0 7.3 10.7 10.5 3.5 2 0 3 3 3
5374.6 4176.6 -196.4 166 0 14.7 14.0 17.5 3.5 2 0 5 5 5
5405.4 4160.0 -197.0 64 0 10.2 9.5 10.5 3.5 2 0 3 2 2
5351.9 4304.7 -198.4 170 0 11.0 15.1 14.0 3.5 2 0 4 0 0
5363.1 4281.7 -198.4 154 0 15.7 10.2 14.0 3.5 2 0 4 1 1
5375.6 4252.4 -198.6 152 0 19.6 11.9 14.0 3.5 2 0 4 0 0
5384.0 4316.4 -199.6 257 0 13.2 9.3 10.5 3.5 2 0 3 5 5
5395.2 4306.6 -199.6 333 0 7.5 12.3 10.5 0.0 0 0 3 4 4
5399.5 4297.9 -199.7 334 0 11.6 12.7 14.0 3.5 2 0 4 1 1
5402.9 4290.5 -199.7 337 0 4.3 12.9 10.5 0.0 0 0 3 0 0
5405.6 4284.6 -199.8 336 0 8.8 22.5 10.5 3.5 2 0 3 5 5
5384.2 4236.5 -199.1 151 0 16.9 19.2 14.0 3.5 2 0 4 4 4
5421.1 4256.4 -200.1 332 0 15.8 22.8 14.0 3.5 2 0 4 3 3
5392.9 4220.3 -199.0 153 0 20.5 13.5 14.0 3.5 4 0 4 0 0
5405.2 4310.7 -200.7 152 0 16.0 13.1 14.0 3.5 2 0 4 1 1
5484.6 4247.1 -202.7 347 0 9.3 13.5 10.5 3.5 2 0 3 1 1
5490.4 4223.8 -202.6 347 0 9.1 10.7 10.5 3.5 2 0 3 0 0
5128.3 4547.4 -191.0 163 0 6.9 8.1 10.5 3.5 4 1 3 3 3
5089.5 4572.6 -188.1 282 0 7.5 15.9 10.5 3.5 2 0 3 2 2
5081.7 4574.8 -187.3 289 0 8.3 13.8 10.5 3.5 2 0 3 1 1
5049.8 4576.4 -184.3 186 0 9.0 8.9 10.5 3.5 2 0 3 1 1
5045.7 4540.9 -183.5 173 0 14.2 16.1 17.5 3.5 2 0 5 2 2
5048.3 4528.8 -182.9 171 0 10.2 13.3 17.5 0.0 0 0 5 5 5
5049.5 4519.1 -182.6 175 0 9.4 13.1 10.5 0.0 0 0 3 4 4
5050.1 4510.1 -182.4 177 0 9.2 13.5 10.5 3.5 2 0 3 0 0
5064.9 4507.3 -182.4 267 0 14.6 24.8 17.5 3.5 2 0 5 3 3
5097.2 4470.5 -185.0 339 0 17.4 16.4 17.5 3.5 2 0 5 0 0
5767.6 5352.6 -214.6 117 0 53.0 7.0 10.5 3.5 2 0 3 2 2
5389.0 4372.8 -200.4 168 0 15.3 17.5 14.0 3.5 2 0 4 4 4
5392.4 4355.0 -200.7 170 0 23.2 16.9 14.0 3.5 2 0 4 0 0
5427.7 4330.2 -201.7 85 0 8.4 14.2 10.5 3.5 2 0 3 1 1
5431.1 4354.6 -201.7 356 0 19.6 16.6 14.0 3.5 2 0 4 2 2
5371.2 4453.6 -197.6 162 0 8.0 15.5 10.5 3.5 2 0 3 3 3
5436.4 4442.4 -199.6 8 0 9.3 12.9 10.5 3.5 2 0 3 3 3
5407.1 4459.3 -198.5 283 0 14.2 17.1 14.0 3.5 2 0 4 1 1
5391.4 4459.5 -197.8 269 0 7.4 15.2 10.5 3.5 2 0 3 0 0
5301.1 4407.2 -195.3 81 0 32.4 20.5 17.5 0.0 0 0 5 1 1
5331.7 4411.9 -196.5 81 0 30.8 19.8 17.5 0.0 0 0 5 4 4
5345.5 4437.2 -196.8 172 0 8.9 19.4 10.5 3.5 2 0 3 3 3
5358.2 4415.7 -197.3 83 0 22.5 18.9 17.5 0.0 0 0 5 3 3
5316.0 4472.9 -196.2 169 0 36.0 20.3 17.5 0.0 0 0 5 5 5
5354.7 4487.2 -196.9 347 0 17.6 20.4 17.5 3.5 2 0 5 0 0
5282.7 4432.2 -194.7 83 0 11.6 10.6 14.0 3.5 2 0 4 3 3
5274.4 4450.5 -194.7 170 0 15.5 11.9 14.0 3.5 2 0 4 1 1
5308.9 4479.8 -195.5 345 0 20.8 23.1 14.0 3.5 2 0 4 1 1
5799.9 1181.0 -213.1 245 0 7.5 8.6 10.5 3.5 2 1 3 1 1
5746.3 1430.7 -211.6 288 0 6.9 8.6 10.5 3.5 2 1 3 2 2
5754.4 4346.8 -213.5 271 0 6.8 9.4 10.5 0.0 0 1 3 3 3
5835.7 3810.2 -215.0 10 0 14.8 5.8 10.5 0.0 0 0 3 5 5
5806.1 3806.9 -214.3 102 0 5.1 16.6 10.5 3.5 2 1 3 5 5
5851.0 3891.1 -215.3 10 0 29.4 7.2 10.5 3.5 2 0 3 3 3
5850.3 3812.5 -215.3 9 0 14.9 6.8 10.5 0.0 0 0 3 1 1
5830.8 2493.6 -210.7 242 0 15.7 19.2 14.0 3.5 2 1 4 4 4
5863.9 2501.2 -211.1 301 0 11.6 10.6 14.0 3.5 2 0 4 4 4
5564.8 4292.3 -207.0 76 0 11.9 7.7 12.0 3.5 2 0 3 2 2
5523.2 4241.9 -204.3 4 0 4.0 6.7 10.5 3.5 2 1 3 4 4
5455.7 4201.9 -201.1 164 0 8.0 7.7 10.5 3.5 2 0 3 1 1
5463.0 4204.4 -201.7 163 0 8.2 12.0 10.5 3.5 2 0 3 4 4
5480.8 4209.4 -202.0 343 0 8.7 6.5 10.5 3.5 2 0 3 5 5
5495.9 4200.3 -202.5 351 0 9.6 11.0 10.5 3.5 2 1 3 5 5
5498.0 4187.3 -202.5 350 0 9.6 11.4 10.5 3.5 2 1 3 3 3
5473.9 4184.7 -201.8 172 0 9.3 10.3 10.5 3.5 2 0 3 2 2
5462.9 4183.3 -201.4 159 0 8.8 10.8 10.5 3.5 2 0 3 1 1
5515.4 4103.4 -202.4 351 0 13.4 17.0 14.0 3.5 2 0 4 0 0
5517.9 4087.0 -202.1 346 0 20.8 13.6 14.0 3.5 2 0 4 1 1
5521.2 4071.4 -200.7 351 0 12.3 12.5 14.0 3.5 2 0 4 3 3
5523.3 4059.5 -199.6 351 0 9.5 9.3 10.5 3.5 2 0 3 0 0
5524.6 4050.1 -198.9 352 0 9.8 8.0 10.5 3.5 2 0 3 3 3
5525.8 4041.5 -198.0 352 0 8.0 6.9 10.5 3.5 2 0 3 4 4
5272.3 4414.2 -194.1 348 0 23.7 19.1 14.0 3.5 2 0 4 1 1
5244.2 4395.7 -193.4 77 0 16.9 23.3 14.0 3.5 2 0 4 4 4
5252.0 4390.9 -193.8 255 0 11.8 12.7 14.0 3.5 4 1 4 2 2
5224.1 4383.9 -192.9 252 0 24.7 8.1 10.5 3.5 2 0 3 4 4
5288.7 4399.7 -195.0 277 0 7.7 14.8 10.5 3.5 2 0 3 3 3
5293.4 4383.3 -195.3 344 0 7.8 15.2 10.5 3.5 2 1 3 3 3
5531.6 3747.7 -196.8 261 0 5.8 11.4 10.5 3.5 2 1 3 3 3
5254.3 4503.5 -194.1 348 0 17.2 12.3 14.0 3.5 2 0 4 4 4
5828.2 9286.4 -216.0 8 0 6.2 6.8 8.0 2.5 2 0 2 0 0
5829.1 9293.8 -215.9 10 0 8.7 5.6 4.0 2.5 2 0 1 5 5
5835.9 9292.8 -216.2 9 0 12.5 5.7 4.0 2.5 2 0 1 0 0
5177.3 10080.1 -215.3 280 0 25.9 15.2 5.0 2.5 2 0 2 2 2
5144.6 10126.3 -215.0 281 0 24.9 20.2 5.0 2.5 4 0 2 5 5
5132.1 10092.5 -215.2 281 0 11.9 33.7 5.0 2.5 2 0 2 3 3
5143.9 10090.2 -215.2 280 0 12.8 33.7 5.0 2.5 2 0 2 2 2
5152.6 9995.6 -215.7 190 0 12.5 77.4 2.5 2.5 2 0 1 5 5
5183.0 9977.4 -215.8 190 0 11.9 44.4 2.5 2.5 2 0 1 5 5
5212.0 10104.2 -215.3 190 0 19.7 35.3 5.0 0.0 0 1 2 2 2
5373.3 10147.5 -215.4 9 0 15.0 61.3 7.5 2.5 2 0 3 3 3
5224.4 10201.7 -215.1 280 0 48.5 60.3 7.5 0.0 0 0 3 4 4
5269.4 10194.4 -215.1 280 0 11.5 53.7 7.5 2.5 4 1 3 1 1
5185.9 10303.9 -214.8 280 0 10.0 114.6 5.0 2.5 2 0 2 3 3
4896.2 10118.8 -214.5 190 0 19.3 35.0 12.5 0.0 0 0 5 1 1
4885.6 9886.7 -213.4 191 0 8.0 5.2 12.0 2.5 4 0 3 1 1
4892.0 9915.5 -213.7 190 0 7.1 17.2 12.0 2.5 2 0 3 4 4
4924.8 9801.2 -214.4 170 0 9.5 10.6 2.5 0.0 0 1 1 5 5
5089.0 9497.3 -215.6 98 0 15.9 6.2 2.5 2.5 2 0 1 3 3
5103.2 9485.9 -215.6 98 0 8.2 15.0 2.5 2.5 2 1 1 3 3
5100.1 9505.5 -215.7 99 0 7.7 8.2 2.5 2.5 2 1 1 3 3
4891.6 9484.7 -213.7 100 0 7.0 7.9 4.0 0.0 0 1 1 5 5
4930.8 9475.0 -214.1 99 0 3.5 6.5 7.5 2.5 2 1 3 1 1
4978.0 9660.5 -214.5 191 0 4.3 3.6 2.5 0.0 0 0 1 5 5
4850.7 9422.5 -211.8 323 0 3.8 7.7 2.5 2.5 2 1 1 4 4
4866.0 9388.3 -213.0 43 0 7.0 12.7 2.5 2.5 2 1 1 0 0
4767.0 9376.6 -211.6 101 0 7.4 12.8 2.5 2.5 2 1 1 3 3
5844.8 9620.6 -212.6 11 0 6.3 13.0 2.5 2.5 2 1 1 5 5
5845.2 9591.4 -212.6 11 0 3.1 4.1 2.5 2.5 2 1 1 0 0
5826.7 9605.6 -212.2 10 0 23.2 49.0 5.0 2.5 2 1 2 1 1
5722.3 9585.0 -209.7 11 0 14.3 16.6 4.0 2.5 2 0 1 1 1
5729.2 9617.1 -209.8 10 0 4.8 16.6 4.0 2.5 2 1 1 2 2
5581.0 9596.5 -206.5 101 0 14.4 14.6 12.0 2.5 2 1 3 5 5
6031.8 5512.7 -215.9 302 0 13.4 13.0 17.5 3.5 2 0 5 4 4
5753.4 5267.5 -214.3 94 0 7.6 8.8 10.5 3.5 2 1 3 2 2
3440.3 10228.5 -125.7 245 0 15.3 13.9 14.0 3.5 2 0 4 5 5
5057.6 8635.7 -214.1 233 0 50.7 80.8 10.5 0.0 0 1 3 0 0
4925.1 7957.5 -211.9 286 0 13.5 14.8 14.0 0.0 0 1 4 5 5
5717.3 5358.8 -215.0 332 0 22.2 26.8 17.5 3.5 2 1 5 5 5
4727.7 8190.1 -211.2 279 0 29.1 32.0 14.0 0.0 0 1 4 5 5
5297.2 4200.9 -191.2 162 0 14.5 12.1 17.5 3.5 2 0 5 1 1
5302.2 4185.2 -190.6 162 0 18.7 12.2 17.5 3.5 2 0 5 3 3
5344.0 4178.0 -193.6 31 0 19.6 39.8 17.5 0.0 0 0 5 3 3
5300.6 4139.3 -187.0 82 0 21.4 15.3 17.5 3.5 4 0 5 4 4
5300.9 4172.5 -188.5 342 0 33.7 15.1 17.5 3.5 2 0 5 0 0
5260.3 4165.6 -186.4 152 0 12.1 23.8 17.5 3.5 2 0 5 2 2
5256.8 4177.4 -186.7 158 0 11.7 21.1 17.5 3.5 4 0 5 0 0
5249.9 4193.0 -186.3 166 0 7.5 14.0 10.5 3.5 2 0 3 0 0
5256.0 4217.3 -188.3 242 0 20.9 20.0 17.5 3.5 2 0 5 4 4
5293.0 4197.6 -189.4 343 0 18.3 11.0 17.5 3.5 4 0 5 2 2
5425.4 4166.6 -199.2 65 0 11.7 12.5 17.5 3.5 2 1 5 3 3
5437.3 4171.4 -199.8 70 0 10.8 10.9 17.5 0.0 0 1 5 3 3
5455.6 4186.0 -200.6 341 0 16.5 15.2 10.5 0.0 0 0 3 1 1
5429.3 4214.8 -200.4 236 0 20.1 9.6 10.5 3.5 4 0 3 2 2
5434.9 4163.8 -199.8 249 0 16.6 14.3 14.0 3.5 4 0 4 1 1
5415.2 4156.3 -197.3 243 0 9.3 12.1 10.5 3.5 2 0 3 4 4
5406.6 4151.2 -196.3 236 0 10.7 12.6 14.0 3.5 2 0 4 0 0
5397.9 4144.8 -195.0 232 0 10.4 11.9 14.0 3.5 2 0 4 3 3
5390.5 4138.5 -193.8 226 0 8.6 11.1 10.5 3.5 2 0 3 0 0
5333.2 5493.0 -212.6 176 0 83.4 72.8 14.0 0.0 0 0 4 0 0
5196.3 4584.3 -193.0 348 0 10.3 11.2 17.5 3.5 2 0 5 5 5
5114.5 4468.6 -188.2 73 0 18.8 25.0 14.0 0.0 0 1 4 5 5
5184.4 4640.9 -193.5 351 0 12.0 10.4 17.5 3.5 2 0 5 5 5
5186.0 4631.2 -193.3 349 0 9.3 9.6 10.5 3.5 2 0 3 5 5
5187.9 4622.4 -193.2 347 0 8.8 9.6 10.5 3.5 2 0 3 3 3
5191.0 4611.3 -193.1 348 0 14.2 11.4 17.5 0.0 0 0 5 3 3
5193.8 4596.8 -193.0 350 0 15.6 11.2 17.5 3.5 2 0 5 2 2
5198.8 4571.1 -193.0 350 0 16.6 11.2 17.5 3.5 2 0 5 5 5
5202.8 4548.9 -192.9 349 0 28.5 11.1 17.5 3.5 2 0 5 3 3
5207.5 4526.4 -192.9 351 0 16.4 11.8 17.5 3.5 2 0 5 1 1
5207.4 4484.6 -192.9 82 0 11.7 33.1 17.5 3.5 2 0 5 3 3
5200.9 4592.9 -194.0 169 0 36.4 22.8 17.5 0.0 0 0 5 0 0
5196.3 4619.9 -194.2 170 0 18.0 21.6 17.5 3.5 2 0 5 0 0
5193.3 4638.5 -194.6 172 0 18.9 21.9 17.5 3.5 2 0 5 2 2
5435.1 4484.9 -199.2 331 0 14.2 19.5 14.0 3.5 2 0 4 0 0
5399.3 4466.2 -198.6 183 0 17.5 17.1 14.0 3.5 4 0 4 5 5
5393.8 4504.7 -198.3 263 0 15.7 15.0 14.0 0.0 0 0 4 1 1
5379.7 4503.1 -197.9 257 0 12.5 8.9 10.5 3.5 4 0 3 2 2
5363.2 4493.1 -197.5 170 0 8.3 11.7 10.5 3.5 2 0 3 5 5
5418.6 4560.1 -199.5 346 0 28.3 22.2 14.0 0.0 0 0 4 5 5
5412.4 4587.1 -199.8 348 0 27.8 19.5 14.0 3.5 2 0 4 3 3
5381.7 4593.7 -199.1 257 0 18.7 15.0 14.0 3.5 2 0 4 3 3
5383.4 3952.3 -173.9 70 0 40.2 13.8 17.5 3.5 2 0 5 3 3
5408.1 3964.6 -177.5 53 0 12.6 14.8 17.5 3.5 2 0 5 0 0
5361.3 3990.1 -172.8 250 0 23.3 28.0 17.5 0.0 0 1 5 0 0
5409.2 3996.2 -178.1 330 0 21.3 13.3 17.5 3.5 2 0 5 4 4
5480.4 3957.5 -185.4 154 0 16.8 11.8 17.5 0.0 0 0 5 5 5
5445.9 4044.0 -188.7 220 0 8.2 15.0 10.5 0.0 0 0 3 1 1
5464.1 4043.1 -190.9 222 0 11.7 4.6 10.5 3.5 4 0 3 5 5
5372.5 4080.3 -184.4 218 0 16.3 17.3 14.0 0.0 0 0 4 3 3
5389.0 4052.4 -182.4 62 0 7.2 13.4 10.5 0.0 0 0 3 1 1
5513.0 4026.5 -194.6 315 0 10.0 15.0 10.5 3.5 2 0 3 3 3
5513.0 3910.1 -189.6 259 0 6.9 17.0 10.5 3.5 2 1 3 2 2
1468.3 8774.8 -119.9 298 0 18.1 12.5 14.0 3.5 2 0 4 1 1
1488.2 8764.0 -119.2 298 0 18.1 12.5 14.0 3.5 2 0 4 1 1
1506.2 8749.2 -117.9 298 0 18.1 12.5 14.0 3.5 2 0 4 0 0
1479.4 8727.6 -113.5 118 0 18.1 12.5 14.0 3.5 2 0 4 4 4
1454.9 8728.5 -111.2 118 0 18.1 12.5 14.0 3.5 2 0 4 0 0
1490.3 8703.1 -109.2 118 0 18.1 12.5 14.0 3.5 2 0 4 1 1
1528.1 8730.1 -116.7 325 0 18.1 12.4 14.0 3.5 2 0 4 2 2
-6086.9 -1244.6 91.4 57 0 9.7 10.0 7.5 2.5 2 1 3 0 0
-6086.4 -1206.8 97.1 305 0 12.6 8.2 2.5 2.5 2 0 1 4 4
-6106.0 -1201.3 96.4 291 0 7.7 9.0 7.5 2.5 2 1 3 5 5
-6119.6 -1249.9 87.9 66 0 8.5 11.6 2.5 0.0 0 1 1 3 3
-6844.5 619.9 29.4 271 0 3.4 4.6 2.5 2.5 2 1 1 1 1
-6835.0 618.9 29.4 270 0 8.1 4.0 5.0 2.5 2 0 2 0 0
-6824.9 612.5 28.5 331 0 8.1 14.2 5.0 2.5 2 1 2 5 5
-6827.5 647.3 30.9 195 0 12.2 11.9 7.5 2.5 2 0 3 0 0
-6804.3 629.7 29.9 16 0 11.3 5.1 2.5 2.5 2 0 1 5 5
-6798.3 644.8 30.9 17 0 13.0 9.6 7.5 2.5 2 0 3 2 2
-6780.4 664.6 32.5 106 0 12.3 12.5 5.0 2.5 2 1 2 1 1
-6781.1 645.2 30.8 191 0 9.4 10.8 7.5 0.0 0 1 3 3 3
-6789.9 619.8 29.5 98 0 12.1 10.9 2.5 2.5 2 0 1 2 2
-6774.6 616.8 29.3 97 0 5.4 15.4 5.0 2.5 2 1 2 1 1
-6754.7 682.9 31.1 281 0 21.7 9.6 7.5 2.5 2 0 3 1 1
-6742.0 652.1 31.4 12 0 9.6 20.2 5.0 2.5 2 1 2 5 5
-6831.5 7834.3 101.8 103 0 25.6 26.7 10.0 0.0 0 1 4 0 0
-6837.5 8002.0 114.9 273 0 11.4 28.9 12.5 2.5 2 1 5 5 5
-6865.2 7998.3 114.6 280 0 20.6 9.9 7.5 2.5 2 0 3 4 4
-462.1 4183.3 89.7 217 0 13.8 17.3 10.0 2.5 2 1 4 1 1
-446.9 4209.5 94.9 59 0 17.3 20.5 10.0 2.5 2 1 4 3 3
-471.5 4208.2 97.2 59 0 17.3 20.5 12.5 2.5 4 1 5 5 5
-497.8 4210.5 99.4 56 0 17.3 20.5 10.0 2.5 2 1 4 0 0
-537.7 4213.8 101.7 134 0 20.5 17.3 10.0 2.5 2 0 4 5 5
-553.4 4231.5 100.7 75 0 11.8 17.3 10.0 0.0 0 1 4 4 4
-547.7 4194.1 104.0 269 0 20.8 16.5 10.0 2.5 4 0 4 5 5
-518.8 4192.6 99.9 278 0 20.8 16.4 17.5 0.0 0 0 7 5 5
-823.7 4004.8 164.0 154 0 15.8 16.3 10.0 2.5 2 1 4 5 5
-851.8 4267.0 130.8 321 0 10.9 43.6 12.5 2.5 2 1 5 5 5
-834.7 4220.8 136.6 358 0 10.9 43.5 12.5 2.5 2 1 5 0 0
-181.5 3879.5 94.0 90 0 43.3 38.0 10.0 0.0 0 0 4 3 3
-641.3 4354.4 95.4 93 0 11.5 13.7 7.5 2.5 2 1 3 5 5
-673.1 4386.3 101.6 182 0 9.8 24.1 7.5 0.0 0 1 3 2 2
-709.2 4362.0 104.2 237 0 12.4 19.1 12.5 0.0 0 1 5 3 3
-744.0 4384.2 109.6 236 0 12.4 19.1 10.0 0.0 0 1 4 0 0
-773.7 4327.8 114.1 87 0 9.8 24.2 7.5 0.0 0 1 3 4 4
-807.7 4321.5 118.5 177 0 12.4 19.0 10.0 0.0 0 1 4 0 0
-808.1 4408.6 124.8 154 0 11.6 20.3 7.5 0.0 0 1 3 0 0
-735.9 4414.0 117.2 93 0 9.3 18.4 7.5 0.0 0 1 3 3 3
-434.7 4166.2 86.1 302 0 8.8 18.3 5.0 0.0 0 1 2 1 1
-363.4 4194.1 83.6 0 0 13.6 18.0 10.0 0.0 0 1 4 1 1
-348.2 4190.9 76.7 132 0 9.5 23.2 5.0 0.0 0 1 2 2 2
-411.5 4180.9 84.9 149 0 9.5 23.2 5.0 0.0 0 1 2 1 1
-571.9 4208.8 104.9 75 0 11.8 17.3 12.5 2.5 2 1 5 1 1
-492.5 4185.1 94.1 254 0 20.8 16.4 10.0 2.5 2 0 4 0 0
-273.0 4578.5 84.4 55 0 12.1 8.8 2.5 2.5 2 0 1 0 0
5548.8 5150.3 -211.4 355 0 15.1 34.3 17.5 3.5 2 1 5 3 3
3853.3 5467.7 -39.9 88 0 21.3 27.8 17.5 3.5 4 1 5 0 0
3829.4 5419.1 -35.9 88 0 21.3 27.8 17.5 3.5 2 1 5 0 0
3827.0 5388.9 -33.2 268 0 21.3 27.8 17.5 3.5 2 1 5 2 2
3841.5 5326.3 -31.6 178 0 27.8 21.3 17.5 3.5 2 0 5 1 1
4199.6 6094.7 -125.5 345 0 10.1 15.8 17.5 3.5 2 1 5 5 5
4253.4 -5225.4 -120.2 97 0 12.0 32.0 7.5 2.5 2 1 3 5 5
4276.3 -5226.8 -120.6 97 0 12.0 32.0 10.0 2.5 2 1 4 0 0
4302.3 -5214.9 -120.9 7 0 32.0 12.0 7.5 2.5 2 0 3 1 1
4206.2 -5208.2 -119.7 189 0 12.0 31.9 10.0 0.0 0 1 4 0 0
4208.5 -5186.6 -119.3 189 0 12.0 31.9 12.5 2.5 2 1 5 5 5
4211.8 -5164.8 -119.0 189 0 12.0 31.9 7.5 2.5 2 1 3 1 1
4231.1 -5140.7 -118.7 279 0 31.9 12.1 7.5 2.5 2 0 3 5 5
4232.7 -5120.4 -118.3 99 0 31.9 12.1 15.0 0.0 0 0 6 1 1
4221.2 -5091.7 -118.3 189 0 12.0 31.9 10.0 2.5 2 1 4 0 0
4225.6 -5070.4 -118.3 189 0 12.0 31.9 7.5 2.5 2 1 3 3 3
4260.9 -5046.9 -118.5 279 0 31.9 12.1 10.0 2.5 2 0 4 4 4
4298.5 -5155.5 -120.0 279 0 31.9 12.1 7.5 2.5 4 0 3 0 0
4319.3 -5134.0 -119.6 9 0 12.0 31.9 7.5 2.5 2 1 3 2 2
4321.1 -5110.9 -119.2 9 0 12.0 31.9 5.0 2.5 2 1 2 2 2
4325.5 -5086.2 -119.0 9 0 12.0 31.9 10.0 2.5 2 1 4 4 4
4329.7 -5063.6 -119.1 9 0 12.0 31.9 12.5 2.5 2 1 5 5 5
6129.5 -5276.4 -164.5 94 0 14.3 24.5 10.0 2.5 2 1 4 1 1
6083.1 -5151.7 -168.6 2 0 14.1 13.7 7.5 2.5 2 0 3 4 4
5650.6 -5182.1 -157.7 90 0 9.6 25.9 2.5 2.5 2 1 1 1 1
5660.5 -5357.3 -159.1 2 0 21.6 21.0 10.0 2.5 2 0 4 4 4
5666.8 -5320.8 -159.1 0 0 13.2 37.9 12.5 2.5 4 1 5 3 3
5777.2 -5328.2 -164.1 275 0 11.2 23.2 5.0 2.5 2 1 2 3 3
5765.8 -5470.3 -164.1 301 0 3.8 7.3 7.5 2.5 2 1 3 0 0
5808.0 -5417.0 -165.8 12 0 25.7 14.9 10.0 2.5 2 0 4 1 1
5809.5 -5382.8 -165.7 4 0 33.1 10.5 7.5 2.5 2 0 3 1 1
5794.6 -5390.0 -165.0 22 0 11.7 43.3 12.5 2.5 2 1 5 0 0
5907.7 -6563.8 -167.7 91 0 7.5 13.7 5.0 2.5 2 1 2 2 2
5675.4 -5268.0 -159.5 91 0 32.7 3.9 7.5 2.5 2 0 3 2 2
5675.5 -5230.0 -158.8 271 0 28.7 4.7 5.0 2.5 4 0 2 1 1
1136.4 -602.9 154.4 97 0 16.0 11.6 2.5 2.5 2 0 1 0 0
1112.8 -598.2 155.9 98 0 16.1 11.8 7.5 2.5 4 0 3 3 3
4538.0 -2294.0 -121.7 154 0 20.9 27.0 12.5 2.5 2 1 5 5 5
4857.8 -1380.2 -162.2 350 0 18.1 22.6 7.5 2.5 4 1 3 2 2
5602.4 -4435.1 -173.5 242 0 24.3 20.3 12.5 2.5 4 0 5 0 0
6834.0 -7211.9 -192.9 168 0 14.2 16.0 10.0 2.5 2 0 4 3 3
6830.9 -7197.1 -194.1 168 0 16.1 15.9 12.5 2.5 2 0 5 1 1
4144.6 5867.1 -64.7 333 0 25.3 19.7 17.5 3.5 2 0 5 3 3
4168.3 5782.8 -62.5 81 0 19.7 25.3 17.5 3.5 2 1 5 1 1
4063.4 6017.2 -91.0 299 0 24.4 21.3 17.5 3.5 4 0 5 0 0
4228.9 5875.0 -80.9 297 0 22.7 20.5 17.5 3.5 2 0 5 5 5
4099.4 6000.0 -88.3 310 0 24.4 21.2 17.5 3.5 2 0 5 2 2
4186.0 5892.0 -77.3 297 0 22.7 20.5 17.5 3.5 2 0 5 5 5
4131.5 5955.2 -87.3 47 0 21.2 24.4 17.5 3.5 2 1 5 4 4
3955.7 5832.8 -65.0 37 0 22.1 21.5 17.5 3.5 2 0 5 2 2
4141.9 5944.2 -84.7 245 0 21.2 24.5 17.5 3.5 2 1 5 0 0
3989.9 5877.1 -68.0 37 0 22.1 21.5 17.5 3.5 2 0 5 0 0
4007.9 5969.0 -89.0 49 0 24.4 21.2 17.5 3.5 2 0 5 1 1
4015.6 6032.3 -102.5 236 0 24.4 21.3 17.5 3.5 2 0 5 3 3
5371.4 5040.7 -208.8 347 0 13.9 24.1 17.5 3.5 2 0 5 2 2
5403.6 5040.3 -209.4 79 0 54.3 14.4 17.5 3.5 2 0 5 4 4
5503.2 5106.8 -210.4 350 0 21.1 19.5 17.5 3.5 2 0 5 3 3
5478.6 5113.0 -210.1 259 0 7.6 18.1 10.5 3.5 2 0 3 0 0
5466.9 5110.7 -210.0 259 0 15.9 19.0 17.5 0.0 0 0 5 5 5
5451.7 5107.8 -209.8 259 0 14.8 20.8 17.5 3.5 4 0 5 4 4
5434.5 5104.6 -209.6 260 0 19.7 19.8 17.5 3.5 2 0 5 4 4
5420.0 5079.8 -209.3 80 0 17.5 21.4 17.5 3.5 2 0 5 1 1
5386.1 5094.6 -209.0 259 0 44.4 17.4 17.5 3.5 2 0 5 2 2
5351.4 5087.9 -208.4 260 0 25.9 8.8 10.5 3.5 2 0 3 0 0
5340.8 5072.1 -208.3 169 0 9.2 21.7 10.5 3.5 2 0 3 4 4
5342.9 5061.4 -208.4 169 0 13.4 22.1 17.5 3.5 2 0 5 2 2
5367.2 5054.0 -208.5 351 0 13.1 22.6 17.5 3.5 2 0 5 5 5
5497.6 5171.3 -210.7 350 0 20.5 75.1 17.5 3.5 2 0 5 5 5
5491.4 5128.4 -210.4 87 0 15.2 26.5 17.5 0.0 0 0 5 3 3
5471.9 5125.1 -210.1 76 0 23.9 21.1 17.5 3.5 2 0 5 5 5
5452.5 5120.9 -209.7 81 0 15.1 21.0 17.5 3.5 4 0 5 5 5
5439.4 5118.6 -209.5 80 0 11.3 20.7 17.5 3.5 2 0 5 1 1
5408.8 5113.0 -209.1 79 0 22.5 23.6 17.5 3.5 4 0 5 2 2
5392.9 5109.6 -208.8 75 0 9.5 23.9 10.5 3.5 2 0 3 1 1
5379.9 5107.5 -208.7 84 0 17.4 23.4 17.5 3.5 4 0 5 5 5
5366.7 5105.8 -208.4 80 0 10.0 22.5 10.5 0.0 0 0 3 5 5
5415.7 5167.1 -209.2 261 0 13.1 18.3 17.5 3.5 2 0 5 2 2
5402.2 5162.8 -209.0 259 0 14.4 15.2 17.5 3.5 2 0 5 5 5
5390.2 5162.7 -208.8 262 0 10.3 19.5 17.5 3.5 2 0 5 3 3
5373.7 5159.5 -208.6 257 0 22.5 16.9 17.5 0.0 0 0 5 0 0
5356.3 5155.8 -208.3 259 0 12.2 18.1 17.5 3.5 2 1 5 2 2
5346.7 5098.8 -208.2 78 0 21.1 7.5 10.5 3.5 2 0 3 0 0
5330.4 5113.3 -208.2 169 0 19.4 23.7 17.5 3.5 2 0 5 4 4
5328.9 5127.7 -208.1 166 0 9.0 22.6 10.5 0.0 0 0 3 4 4
5324.1 5142.7 -208.0 170 0 20.3 22.4 17.5 3.5 2 1 5 3 3
5533.3 5067.7 -211.0 86 0 24.0 20.0 21.0 0.0 0 0 6 3 3
5513.6 5107.6 -210.8 180 0 23.7 16.8 21.0 0.0 0 0 6 4 4
5548.6 5181.9 -211.6 358 0 23.7 16.8 17.5 3.5 4 0 5 5 5
5536.9 5204.6 -211.2 87 0 19.2 26.3 17.5 3.5 2 0 5 5 5
5517.0 5203.8 -210.4 89 0 20.4 26.3 17.5 3.5 2 0 5 1 1
5514.8 5239.3 -210.3 89 0 19.8 10.4 17.5 3.5 4 0 5 4 4
5505.9 5278.4 -210.6 177 0 45.3 27.8 17.5 0.0 0 0 5 4 4
5550.9 5322.3 -211.6 357 0 27.3 28.1 17.5 0.0 0 1 5 5 5
5531.3 5363.4 -211.4 266 0 21.6 26.7 17.5 3.5 2 0 5 0 0
5511.6 5360.8 -210.5 267 0 17.4 18.2 17.5 3.5 4 0 5 1 1
5316.3 5175.7 -207.9 166 0 21.2 23.0 14.0 3.5 2 1 4 0 0
5309.9 5199.5 -207.8 170 0 28.4 25.2 14.0 0.0 0 0 4 4 4
5365.5 5171.3 -208.6 81 0 44.0 25.0 14.0 0.0 0 0 4 0 0
5404.4 5178.0 -209.2 79 0 35.1 21.0 14.0 0.0 0 0 4 2 2
5450.0 5184.7 -210.0 80 0 56.8 21.6 14.0 3.5 2 0 4 1 1
5487.6 5191.5 -210.1 80 0 19.9 28.0 14.0 3.5 2 1 4 5 5
5492.8 5235.9 -209.1 349 0 24.0 19.0 14.0 3.5 2 0 4 3 3
5464.1 5242.2 -208.3 256 0 16.1 19.7 14.0 3.5 2 0 4 1 1
5448.1 5238.4 -207.7 258 0 15.7 20.9 14.0 3.5 2 0 4 4 4
5426.8 5234.1 -207.9 259 0 27.4 19.2 14.0 3.5 2 0 4 0 0
5402.3 5229.4 -208.0 260 0 21.6 19.3 14.0 3.5 2 0 4 0 0
5343.0 5220.1 -208.2 258 0 23.3 19.1 14.0 0.0 0 0 4 1 1
5361.1 5224.0 -208.2 258 0 13.2 19.7 14.0 3.5 2 0 4 2 2
5377.9 5227.3 -208.3 260 0 20.8 21.7 14.0 3.5 4 1 4 3 3
5308.9 5511.6 -212.2 357 0 53.1 26.2 17.5 3.5 2 0 5 2 2
5310.4 5478.4 -210.9 358 0 14.3 25.8 17.5 3.5 2 0 5 1 1
5257.6 5465.1 -210.8 170 0 13.7 28.2 17.5 3.5 4 0 5 1 1
5470.1 5261.1 -208.9 79 0 45.8 25.9 17.5 0.0 0 0 5 3 3
5442.8 5255.7 -207.3 78 0 9.0 21.0 10.5 3.5 2 0 3 1 1
5424.7 5251.9 -207.0 79 0 27.2 20.9 17.5 3.5 2 0 5 5 5
5400.3 5247.4 -206.0 81 0 22.1 20.4 17.5 3.5 2 0 5 0 0
5373.4 5242.4 -206.0 79 0 32.7 20.2 17.5 0.0 0 0 5 1 1
5340.6 5235.9 -207.3 77 0 26.5 22.4 17.5 3.5 2 0 5 5 5
5299.9 5253.6 -208.5 167 0 53.0 22.3 17.5 3.5 2 0 5 4 4
5324.5 5285.5 -207.5 258 0 12.0 18.6 17.5 3.5 2 1 5 3 3
5339.3 5288.8 -207.0 257 0 17.7 20.6 17.5 3.5 2 1 5 5 5
5363.9 5294.3 -206.5 258 0 32.0 22.2 17.5 0.0 0 0 5 2 2
5390.8 5298.4 -206.9 256 0 22.2 20.9 17.5 3.5 2 0 5 1 1
5412.0 5303.7 -207.3 256 0 21.3 21.0 17.5 3.5 2 0 5 2 2
5488.3 5306.2 -208.8 350 0 24.9 34.9 17.5 0.0 0 0 5 2 2
5303.6 5294.5 -209.0 79 0 24.5 43.5 17.5 0.0 0 0 5 5 5
5281.3 5339.5 -209.1 170 0 11.8 22.4 17.5 3.5 2 0 5 0 0
5325.8 5354.7 -208.2 258 0 48.3 22.1 17.5 3.5 2 0 5 4 4
5361.3 5361.9 -208.5 259 0 24.2 20.9 17.5 3.5 2 0 5 3 3
5399.4 5370.1 -208.8 257 0 53.6 21.0 17.5 3.5 2 0 5 5 5
5434.8 5377.6 -208.9 259 0 18.9 25.2 17.5 3.5 2 0 5 2 2
5484.6 5375.5 -209.6 349 0 23.6 39.1 17.5 3.5 4 0 5 0 0
5323.8 5298.9 -207.8 76 0 17.8 19.0 17.5 3.5 2 0 5 1 1
5384.2 5313.0 -208.0 78 0 35.5 23.0 17.5 0.0 0 0 5 5 5
5413.8 5318.6 -208.3 82 0 25.2 23.6 17.5 3.5 2 0 5 2 2
5434.9 5322.1 -208.3 78 0 18.4 20.7 17.5 3.5 2 0 5 2 2
5453.0 5325.5 -208.4 80 0 18.8 25.5 17.5 3.5 2 0 5 1 1
5475.1 5328.8 -209.2 83 0 27.3 27.9 17.5 0.0 0 0 5 1 1
5559.1 4998.4 -212.0 81 0 25.7 41.9 17.5 0.0 0 1 5 4 4
5579.7 4964.4 -212.2 351 0 44.8 27.2 17.5 0.0 0 0 5 0 0
5543.8 4953.3 -211.6 350 0 43.1 16.9 14.0 3.5 2 0 4 5 5
5500.3 4946.6 -211.4 170 0 51.9 17.3 14.0 0.0 0 0 4 1 1
5532.6 5033.9 -211.2 348 0 20.4 37.8 17.5 0.0 0 0 5 5 5
5536.8 5008.7 -211.6 348 0 20.4 29.8 17.5 0.0 0 0 5 5 5
5490.2 4988.3 -211.0 78 0 38.2 20.8 17.5 0.0 0 0 5 5 5
5485.9 5035.1 -210.7 260 0 16.2 17.1 17.5 3.5 2 0 5 1 1
5469.2 5032.3 -210.5 261 0 17.6 17.5 17.5 3.5 2 0 5 4 4
5435.5 5026.4 -210.3 259 0 50.4 17.6 17.5 3.5 2 0 5 3 3
5376.5 4963.8 -209.2 78 0 24.8 50.7 17.5 3.5 2 1 5 4 4
5397.8 4969.0 -209.5 79 0 19.5 18.3 17.5 3.5 2 0 5 2 2
5418.9 4973.6 -209.6 77 0 23.4 17.9 17.5 3.5 2 0 5 1 1
5443.3 4978.8 -210.0 79 0 26.3 17.8 17.5 3.5 2 0 5 3 3
5463.7 4982.8 -210.3 79 0 15.6 18.4 17.5 0.0 0 0 5 5 5
5459.8 664.5 -201.7 331 0 11.1 21.7 14.0 3.5 2 1 4 0 0
5401.4 284.1 -198.9 88 0 17.4 24.8 10.0 0.0 0 1 4 0 0
5424.1 275.6 -199.5 266 0 14.3 17.2 5.0 2.5 2 1 2 3 3
5452.5 300.3 -198.9 357 0 24.1 17.8 10.0 2.5 2 0 4 0 0
5422.0 342.2 -199.6 264 0 45.8 19.1 10.0 2.5 2 0 4 1 1
5421.5 349.4 -199.6 84 0 45.7 19.1 12.5 2.5 2 0 5 0 0
5402.7 391.5 -199.4 263 0 24.3 18.7 10.0 2.5 2 0 4 5 5
5431.0 394.1 -199.9 263 0 24.3 18.7 5.0 2.5 2 0 2 1 1
5399.4 421.0 -199.6 87 0 27.0 19.3 7.5 2.5 2 0 3 1 1
5442.0 433.5 -200.2 357 0 19.3 27.0 7.5 2.5 2 1 3 1 1
5385.7 457.9 -200.1 269 0 11.7 13.8 7.5 2.5 2 1 3 0 0
5401.2 459.0 -200.3 269 0 11.7 13.8 5.0 2.5 2 1 2 1 1
5416.1 458.8 -200.5 269 0 11.7 13.8 5.0 2.5 2 1 2 4 4
5431.4 460.4 -200.8 269 0 11.7 13.8 5.0 2.5 2 1 2 4 4
5400.3 467.1 -201.1 89 0 11.7 13.8 14.0 3.5 2 1 4 1 1
5384.2 465.9 -200.8 89 0 11.7 13.8 14.0 0.0 0 1 4 1 1
5414.6 468.5 -201.3 89 0 11.7 13.8 14.0 3.5 2 1 4 4 4
5430.7 468.9 -201.5 89 0 11.7 13.8 14.0 3.5 4 1 4 0 0
5428.3 497.8 -201.6 269 0 11.7 13.8 14.0 3.5 2 1 4 3 3
5413.5 497.6 -201.4 269 0 11.7 13.8 14.0 3.5 2 1 4 5 5
5398.6 496.6 -201.1 269 0 11.7 13.8 14.0 3.5 2 1 4 3 3
5445.9 490.8 -201.9 179 0 13.8 11.7 10.5 3.5 2 0 3 2 2
5453.1 468.5 -201.8 89 0 11.8 13.8 10.5 3.5 2 1 3 1 1
5467.8 469.4 -202.0 89 0 11.7 13.8 10.5 3.5 2 1 3 5 5
5473.0 493.6 -202.2 359 0 13.8 11.7 10.5 3.5 2 0 3 1 1
5455.8 462.8 -201.2 269 0 11.7 13.8 10.5 3.5 4 1 3 1 1
5475.1 456.6 -201.4 359 0 13.8 11.7 10.5 0.0 0 0 3 3 3
5453.4 431.2 -200.7 176 0 27.1 19.2 10.5 3.5 2 0 3 1 1
5469.4 533.5 -201.5 356 0 32.3 26.3 10.5 0.0 0 0 3 4 4
5470.5 507.7 -201.7 357 0 10.2 24.2 10.5 3.5 2 1 3 1 1
5461.4 396.8 -200.5 179 0 13.8 11.7 10.5 3.5 2 0 3 2 2
5463.2 380.0 -200.4 179 0 13.8 11.7 10.5 0.0 0 0 3 2 2
5464.0 342.7 -200.1 177 0 48.9 14.3 10.5 3.5 2 0 3 4 4
5459.7 304.2 -199.0 179 0 13.8 11.8 10.5 3.5 2 0 3 3 3
-127.7 -2617.8 206.0 134 0 14.7 17.5 12.5 2.5 2 1 5 5 5
5559.3 8614.1 -215.7 20 0 17.3 19.3 14.0 3.5 2 1 4 1 1
5556.0 8661.1 -216.4 351 0 16.6 22.0 14.0 3.5 2 1 4 2 2
5490.2 8720.8 -217.4 95 0 17.3 19.3 14.0 3.5 2 1 4 3 3
5645.8 8576.0 -216.2 111 0 17.2 19.3 14.0 3.5 2 1 4 0 0
5613.5 8708.7 -217.2 97 0 17.3 19.3 14.0 3.5 2 1 4 2 2
5577.1 8812.8 -215.7 97 0 17.3 19.3 10.5 3.5 2 1 3 3 3
5445.4 8636.9 -215.3 107 0 17.3 19.3 14.0 3.5 2 1 4 3 3
5521.6 8763.8 -217.7 7 0 17.3 19.3 14.0 3.5 2 1 4 1 1
5563.3 8967.0 -213.2 7 0 17.3 19.3 14.0 3.5 2 1 4 3 3
5648.3 8922.7 -214.0 7 0 17.3 19.3 10.5 3.5 2 1 3 3 3
5625.6 8976.8 -213.9 97 0 17.3 19.3 14.0 3.5 2 1 4 3 3
5694.6 8846.8 -214.9 97 0 17.3 19.3 14.0 0.0 0 1 4 4 4
5595.0 8470.6 -216.6 173 0 16.6 22.0 14.0 3.5 2 1 4 4 4
5297.6 8697.4 -215.9 50 0 17.3 19.3 14.0 3.5 2 1 4 5 5
5221.4 8788.9 -217.3 84 0 17.3 19.3 14.0 3.5 2 1 4 3 3
5194.3 8691.7 -214.9 147 0 17.3 19.3 14.0 0.0 0 1 4 1 1
5221.5 8653.8 -214.3 147 0 17.3 19.3 14.0 3.5 2 1 4 3 3
5268.8 8567.9 -214.8 147 0 17.3 19.3 14.0 3.5 2 1 4 0 0
5356.8 8456.4 -215.6 138 0 17.3 19.3 10.5 3.5 2 1 3 3 3
5348.9 8332.8 -215.5 49 0 17.3 19.3 14.0 3.5 2 1 4 3 3
5603.6 8160.7 -216.7 207 0 28.4 19.2 14.0 0.0 0 0 4 0 0
5454.8 8058.3 -215.3 26 0 16.7 28.4 14.0 0.0 0 1 4 2 2
5574.0 8115.9 -216.2 206 0 19.3 28.4 14.0 0.0 0 1 4 4 4
5539.7 7987.7 -214.5 206 0 19.4 28.4 14.0 0.0 0 1 4 4 4
5510.1 7899.3 -213.1 281 0 24.8 19.2 14.0 0.0 0 0 4 1 1
5496.7 7995.8 -214.9 328 0 15.5 32.2 14.0 0.0 0 1 4 4 4
5415.8 7949.0 -214.3 10 0 16.7 28.4 10.5 0.0 0 1 3 5 5
5423.6 8004.6 -214.8 10 0 17.1 19.3 10.5 0.0 0 1 3 1 1
5403.1 7891.6 -213.0 10 0 17.1 19.3 14.0 3.5 2 1 4 2 2
5422.5 7863.4 -212.7 328 0 15.5 32.2 14.0 0.0 0 1 4 3 3
5358.3 8119.9 -215.2 206 0 19.3 28.4 14.0 0.0 0 1 4 3 3
5256.8 8190.5 -214.6 295 0 19.4 28.4 14.0 0.0 0 1 4 2 2
5234.8 8143.5 -214.3 295 0 19.5 28.5 14.0 0.0 0 1 4 3 3
5140.7 8139.8 -213.7 2 0 16.7 28.4 14.0 0.0 0 1 4 2 2
5096.8 8294.2 -213.8 272 0 17.1 19.3 14.0 3.5 2 1 4 3 3
5060.7 8159.4 -213.2 319 0 15.5 32.2 14.0 0.0 0 1 4 4 4
5061.9 8257.1 -213.5 319 0 15.5 32.2 14.0 0.0 0 1 4 4 4
5017.1 8210.8 -213.1 229 0 15.5 32.3 14.0 0.0 0 1 4 3 3
5127.8 8171.7 -213.7 92 0 19.4 28.5 14.0 0.0 0 1 4 0 0
5040.9 7971.2 -212.8 182 0 19.5 28.4 14.0 0.0 0 1 4 2 2
5098.2 7960.7 -213.2 269 0 24.8 19.2 14.0 0.0 0 0 4 1 1
5252.4 7905.2 -213.2 272 0 17.0 19.4 14.0 0.0 0 1 4 5 5
5285.6 7882.7 -212.6 269 0 24.8 19.2 14.0 0.0 0 0 4 3 3
4929.7 8229.5 -212.6 92 0 28.3 19.3 14.0 0.0 0 0 4 1 1
4943.1 8334.7 -212.9 272 0 17.1 19.3 14.0 0.0 0 1 4 1 1
4962.0 8293.7 -213.0 228 0 15.5 32.2 14.0 0.0 0 1 4 1 1
4949.7 8186.0 -212.7 228 0 15.5 32.3 10.5 0.0 0 1 3 0 0
4915.0 8127.1 -212.2 0 0 28.4 19.2 14.0 0.0 0 0 4 0 0
4833.8 8066.8 -211.6 181 0 17.1 19.3 14.0 0.0 0 1 4 4 4
4847.1 8196.1 -212.0 228 0 15.5 32.3 14.0 0.0 0 1 4 5 5
4769.6 8036.9 -211.1 92 0 28.3 19.3 14.0 0.0 0 0 4 5 5
4804.3 8165.5 -211.6 271 0 16.7 28.5 10.5 0.0 0 1 3 2 2
4849.5 8270.7 -212.2 228 0 15.5 32.2 14.0 0.0 0 1 4 3 3
4797.0 8293.0 -211.9 181 0 17.1 19.3 10.5 0.0 0 1 3 3 3
4910.4 8199.8 -212.4 271 0 16.7 28.5 14.0 0.0 0 1 4 3 3
5166.3 8980.0 -218.1 174 0 17.3 19.3 10.5 3.5 2 1 3 3 3
5622.9 4380.8 -209.7 335 0 11.4 11.9 17.5 3.5 2 1 5 5 5
5449.8 4964.1 -210.5 258 0 34.8 18.6 17.5 0.0 0 0 5 2 2
5421.4 4958.3 -210.1 260 0 23.5 16.4 17.5 3.5 2 0 5 3 3
5400.3 4954.8 -209.7 262 0 20.1 19.9 17.5 0.0 0 0 5 3 3
5369.0 4938.1 -209.2 171 0 19.7 21.8 17.5 3.5 2 0 5 2 2
5371.8 4920.2 -208.8 171 0 17.3 22.2 17.5 3.5 2 0 5 5 5
5387.8 4896.7 -208.5 78 0 22.8 18.1 17.5 3.5 2 0 5 4 4
5434.5 4908.4 -210.1 79 0 12.1 18.3 17.5 3.5 2 0 5 0 0
5419.4 4905.1 -209.7 77 0 21.7 18.3 17.5 3.5 2 0 5 3 3
5445.9 4910.8 -210.3 78 0 10.9 20.0 17.5 3.5 2 0 5 0 0
5462.2 4913.9 -210.8 79 0 22.3 20.1 17.5 3.5 2 0 5 0 0
5391.8 4885.1 -207.8 257 0 22.5 10.2 14.0 3.5 2 0 4 3 3
5386.7 4861.4 -207.6 168 0 24.0 21.4 14.0 0.0 0 0 4 4 4
5402.7 4835.4 -207.1 80 0 21.4 16.8 14.0 3.5 2 0 4 1 1
5430.1 4839.9 -208.1 80 0 18.5 18.1 14.0 3.5 2 0 4 1 1
5451.3 4843.8 -209.1 79 0 24.0 18.5 14.0 3.5 2 0 4 3 3
5472.9 4848.3 -209.8 77 0 19.0 18.9 14.0 3.5 2 0 4 2 2
5496.6 4849.2 -210.8 83 0 20.7 25.7 14.0 3.5 2 0 4 5 5
5416.8 4890.2 -208.6 261 0 13.5 21.3 14.0 0.0 0 0 4 2 2
5434.6 4892.6 -209.5 258 0 23.2 18.6 14.0 3.5 2 0 4 4 4
5451.6 4893.2 -209.8 259 0 10.3 17.7 14.0 3.5 4 1 4 5 5
5462.5 4898.3 -210.4 257 0 13.7 21.3 14.0 3.5 2 1 4 3 3
5525.0 4835.8 -210.5 348 0 13.7 25.7 14.0 3.5 2 1 4 5 5
5530.0 4821.3 -210.3 349 0 17.3 23.3 14.0 3.5 2 1 4 5 5
5533.5 4810.8 -210.0 343 0 8.3 23.1 10.5 3.5 2 1 3 2 2
5541.1 4795.6 -209.8 342 0 11.9 27.1 14.0 3.5 2 1 4 5 5
5449.8 4829.2 -207.9 262 0 10.8 24.6 14.0 3.5 2 1 4 0 0
5446.2 4760.8 -206.4 74 0 20.4 20.7 14.0 3.5 2 0 4 5 5
5402.8 4789.6 -206.6 171 0 18.4 38.9 14.0 3.5 2 0 4 3 3
5402.9 4801.9 -206.2 170 0 7.4 19.3 10.5 3.5 2 0 3 3 3
5411.5 4825.1 -206.8 258 0 25.8 9.2 10.5 3.5 2 0 3 5 5
5468.4 4830.8 -208.6 263 0 16.2 27.1 14.0 3.5 2 1 4 1 1
5515.5 5826.1 -213.2 358 0 22.9 27.3 14.0 0.0 0 1 4 1 1
5228.4 6326.7 -211.3 122 0 17.1 19.4 14.0 3.5 2 1 4 3 3
5600.8 3800.0 -205.4 268 0 21.4 19.1 17.5 3.5 2 0 5 0 0
5577.7 3788.4 -202.7 175 0 55.2 8.2 10.5 3.5 2 0 3 2 2
5327.1 4681.8 -200.4 168 0 20.6 12.8 17.5 3.5 2 0 5 5 5
5323.1 4700.1 -200.9 167 0 16.9 21.2 17.5 3.5 2 1 5 5 5
5319.1 4715.4 -200.7 163 0 15.1 12.4 17.5 3.5 2 0 5 5 5
5339.2 4729.5 -201.5 255 0 21.8 12.2 17.5 3.5 2 0 5 0 0
5355.4 4733.7 -202.0 255 0 11.6 11.8 17.5 3.5 4 0 5 5 5
5369.6 4737.6 -202.7 254 0 17.6 22.0 17.5 3.5 4 0 5 5 5
5385.7 4708.9 -202.5 349 0 19.0 18.0 17.5 3.5 2 0 5 5 5
5379.3 4679.6 -202.2 77 0 15.8 17.7 17.5 0.0 0 0 5 1 1
5356.6 4676.1 -201.3 81 0 30.2 17.7 17.5 0.0 0 0 5 2 2
5180.3 4678.2 -194.5 349 0 10.8 17.0 17.5 3.5 2 0 5 4 4
5176.3 4702.5 -195.1 348 0 16.5 18.6 17.5 3.5 2 0 5 3 3
5178.3 4688.8 -194.7 350 0 10.3 17.5 17.5 0.0 0 0 5 5 5
1344.5 -8996.4 186.2 63 0 27.3 20.4 12.5 0.0 0 0 5 1 1
1400.5 -8967.7 189.1 63 0 27.3 20.4 10.0 0.0 0 0 4 2 2
1456.5 -8978.4 190.7 63 0 27.3 20.4 15.0 0.0 0 0 6 1 1
1370.5 -9001.1 186.9 243 0 27.3 20.4 12.5 0.0 0 0 5 4 4
1313.8 -9030.3 183.5 243 0 27.3 20.4 12.5 0.0 0 0 5 4 4
1295.6 -9081.9 182.7 153 0 20.4 27.3 10.0 0.0 0 1 4 5 5
1263.8 -9026.5 183.0 153 0 20.4 27.3 12.5 0.0 0 1 5 1 1
1316.4 -9120.5 179.4 153 0 20.4 27.3 12.5 0.0 0 1 5 0 0
1353.7 -9067.3 182.1 243 0 27.3 20.4 10.0 0.0 0 0 4 0 0
1380.5 -9134.4 176.4 63 0 27.3 20.4 12.5 0.0 0 0 5 0 0
1236.6 -9057.4 182.5 63 0 27.3 20.4 5.0 0.0 0 0 2 5 5
1186.6 -9085.0 182.0 63 0 27.3 20.4 7.5 0.0 0 0 3 5 5
1136.7 -9112.2 181.7 63 0 27.3 20.4 12.5 0.0 0 0 5 3 3
1085.3 -9141.1 183.0 63 0 27.3 20.4 12.5 0.0 0 0 5 3 3
1167.0 -9121.6 181.5 216 0 18.3 20.2 7.5 0.0 0 1 3 5 5
1225.5 -9111.0 182.0 34 0 27.4 20.4 5.0 0.0 0 0 2 4 4
1263.0 -9091.0 182.3 34 0 27.3 20.4 7.5 0.0 0 0 3 0 0
1268.4 -9113.1 180.5 216 0 18.3 20.2 12.5 0.0 0 1 5 4 4
1226.3 -9139.5 179.8 216 0 18.3 20.2 10.0 0.0 0 1 4 1 1
1288.4 -9147.8 176.4 216 0 18.3 20.2 10.0 0.0 0 1 4 3 3
1442.0 -9098.0 179.6 63 0 27.3 20.4 10.0 0.0 0 0 4 1 1
1432.8 -9029.9 185.6 243 0 27.3 20.4 10.0 0.0 0 0 4 3 3
1464.9 -8994.5 188.8 242 0 19.6 27.4 12.5 0.0 0 1 5 2 2
1288.9 -9377.6 186.6 217 0 27.4 20.3 10.0 0.0 0 0 4 5 5
1389.4 -9394.5 181.8 31 0 27.3 20.4 12.5 0.0 0 0 5 2 2
1357.4 -9446.3 177.0 243 0 27.3 20.4 10.0 0.0 0 0 4 4 4
1421.3 -9483.3 173.0 62 0 27.3 20.4 10.0 0.0 0 0 4 4 4
1344.8 -9494.3 173.3 243 0 27.3 20.4 12.5 0.0 0 0 5 5 5
1321.8 -9439.4 181.3 62 0 27.3 20.4 10.0 0.0 0 0 4 3 3
1267.2 -9444.2 184.6 62 0 27.3 20.4 10.0 0.0 0 0 4 4 4
1234.8 -9483.8 183.6 62 0 27.3 20.4 12.5 0.0 0 0 5 2 2
1290.6 -9524.5 176.5 62 0 27.3 20.4 12.5 0.0 0 0 5 5 5
1224.5 -9530.5 179.2 153 0 20.4 27.3 12.5 0.0 0 1 5 3 3
1173.9 -9543.9 182.3 128 0 20.4 27.4 10.0 0.0 0 1 4 5 5
1159.3 -9428.7 192.2 221 0 27.4 20.4 12.5 0.0 0 0 5 0 0
1112.1 -9425.9 195.0 221 0 27.4 20.3 12.5 0.0 0 0 5 0 0
1106.3 -9480.4 191.0 180 0 18.4 20.2 12.5 0.0 0 1 5 5 5
1086.3 -9472.8 195.7 357 0 27.4 20.4 10.0 0.0 0 0 4 4 4
973.3 -9420.8 198.3 178 0 27.4 20.3 10.0 0.0 0 0 4 2 2
929.8 -9449.6 198.2 178 0 27.4 20.3 10.0 0.0 0 0 4 1 1
949.1 -9385.2 197.6 357 0 27.4 20.4 10.0 0.0 0 0 4 2 2
960.8 -9335.3 196.6 14 0 27.4 20.4 12.5 0.0 0 0 5 5 5
994.6 -9345.8 194.1 217 0 19.6 27.4 10.0 0.0 0 1 4 1 1
1059.9 -9347.9 189.7 127 0 27.4 20.4 12.5 0.0 0 0 5 5 5
1109.5 -9387.5 191.3 127 0 27.4 20.4 12.5 0.0 0 0 5 3 3
998.9 -9292.9 192.0 287 0 27.3 20.5 15.0 0.0 0 0 6 5 5
1016.4 -9515.4 197.4 125 0 18.4 20.2 10.0 0.0 0 1 4 2 2
971.2 -9483.2 199.7 125 0 18.4 20.2 7.5 0.0 0 1 3 0 0
1074.3 -9511.0 191.2 268 0 27.3 20.5 10.0 0.0 0 0 4 1 1
1433.5 -9374.5 174.0 213 0 19.6 27.4 7.5 0.0 0 1 3 3 3
1406.1 -9346.0 176.1 303 0 27.3 20.4 17.5 0.0 0 0 7 0 0
1359.4 -9314.1 178.1 303 0 27.3 20.4 10.0 0.0 0 0 4 0 0
1453.3 -9429.9 175.7 151 0 20.4 27.4 12.5 0.0 0 1 5 0 0
1420.7 -9426.4 178.2 61 0 27.3 20.4 12.5 0.0 0 0 5 5 5
1302.2 -9474.4 177.5 243 0 27.3 20.4 10.0 0.0 0 0 4 3 3
1389.3 -9916.2 179.2 85 0 27.3 20.5 12.5 0.0 0 0 5 4 4
1343.1 -9897.2 183.3 96 0 27.3 20.4 10.0 0.0 0 0 4 3 3
1298.3 -9857.5 189.0 265 0 18.3 20.2 10.0 0.0 0 1 4 5 5
1243.4 -9819.1 189.9 263 0 27.3 20.4 7.5 0.0 0 0 3 2 2
1221.9 -9862.6 189.4 179 0 19.7 27.3 10.0 0.0 0 1 4 5 5
1229.1 -9794.5 189.0 46 0 18.3 20.2 12.5 0.0 0 1 5 3 3
1208.0 -9816.9 188.7 44 0 27.4 20.4 7.5 0.0 0 0 3 1 1
1209.5 -9918.6 189.4 105 0 20.4 27.4 10.0 0.0 0 1 4 1 1
1191.9 -9746.8 188.2 91 0 18.3 20.2 10.0 0.0 0 1 4 2 2
1165.3 -9692.6 187.4 268 0 27.3 20.5 7.5 0.0 0 0 3 1 1
1122.9 -9684.2 187.7 268 0 27.3 20.5 10.0 0.0 0 0 4 5 5
1151.0 -9769.5 188.7 1 0 27.4 20.4 12.5 0.0 0 0 5 1 1
1149.9 -9813.8 189.6 1 0 27.4 20.4 10.0 0.0 0 0 4 1 1
1087.4 -9813.8 190.8 181 0 27.4 20.3 10.0 0.0 0 0 4 3 3
1087.6 -9771.6 190.0 181 0 27.4 20.3 10.0 0.0 0 0 4 1 1
1072.0 -9794.1 191.8 1 0 27.4 20.4 10.0 0.0 0 0 4 4 4
1035.7 -9784.6 192.8 1 0 27.4 20.4 10.0 0.0 0 0 4 0 0
994.3 -9646.2 193.4 269 0 17.9 20.4 10.0 0.0 0 1 4 3 3
953.0 -9615.5 198.8 269 0 17.9 20.4 12.5 0.0 0 1 5 4 4
1060.0 -9715.5 190.5 359 0 18.0 20.3 7.5 0.0 0 1 3 1 1
926.9 -9712.6 195.1 181 0 18.0 20.3 12.5 0.0 0 1 5 1 1
985.2 -9820.2 195.4 271 0 8.3 36.4 7.5 2.5 2 1 3 1 1
980.8 -9906.5 195.9 91 0 8.5 36.4 7.5 2.5 2 1 3 0 0
980.6 -9917.7 199.4 271 0 8.3 36.4 7.5 2.5 2 1 3 5 5
972.7 -9986.1 200.5 184 0 36.6 9.0 7.5 2.5 2 0 3 1 1
947.6 -9905.6 196.9 91 0 8.5 36.4 7.5 0.0 0 1 3 1 1
947.3 -9837.4 196.4 184 0 36.6 9.0 7.5 2.5 2 0 3 2 2
947.9 -9916.2 199.5 271 0 8.3 36.4 7.5 2.5 2 1 3 3 3
943.7 -10004.7 200.6 91 0 8.5 36.4 7.5 2.5 2 1 3 3 3
911.2 -10001.8 200.7 91 0 8.5 36.4 7.5 2.5 2 1 3 5 5
909.7 -9933.6 199.6 184 0 36.6 9.0 7.5 2.5 2 0 3 4 4
892.5 -9959.9 199.0 3 0 36.5 9.0 7.5 2.5 2 0 3 0 0
848.1 -10029.6 202.9 254 0 36.5 9.0 7.5 2.5 2 0 3 5 5
888.2 -10016.6 202.3 254 0 36.5 9.0 7.5 0.0 0 0 3 1 1
1036.5 -9933.0 198.8 294 0 8.4 36.4 7.5 2.5 4 1 3 0 0
1040.0 -9923.1 194.0 114 0 8.6 36.4 7.5 0.0 0 1 3 2 2
1071.7 -9918.7 194.0 206 0 36.6 9.0 7.5 0.0 0 0 3 0 0
1090.1 -9879.5 192.4 206 0 36.6 9.0 7.5 2.5 2 0 3 3 3
1064.5 -9858.2 192.8 206 0 36.6 9.0 7.5 2.5 2 0 3 0 0
1010.6 -9909.2 194.7 113 0 8.5 36.4 7.5 0.0 0 1 3 2 2
1044.5 -9834.1 193.7 294 0 8.4 36.4 7.5 2.5 2 1 3 0 0
1014.8 -9828.0 194.6 271 0 8.6 18.9 5.0 2.5 4 1 2 2 2
5135.1 4312.7 -182.5 161 0 10.8 10.8 14.0 3.5 4 0 4 0 0
5129.0 4311.7 -179.8 336 0 13.8 8.9 10.5 3.5 2 0 3 4 4
5124.6 4335.0 -185.9 86 0 12.4 17.5 17.5 3.5 2 1 5 1 1
5136.3 4335.4 -185.8 87 0 7.1 12.1 10.5 3.5 4 1 3 3 3
5145.6 4333.3 -186.5 89 0 8.0 13.9 10.5 3.5 4 1 3 3 3
5155.2 4333.5 -187.3 89 0 8.2 13.5 10.5 0.0 0 1 3 5 5
5111.0 4303.6 -178.3 157 0 14.9 8.6 10.5 3.5 2 0 3 0 0
5096.2 4362.9 -184.9 175 0 17.1 11.7 17.5 3.5 4 0 5 0 0
5171.8 4333.5 -190.4 94 0 21.6 19.5 17.5 3.5 2 0 5 0 0
5178.1 4362.7 -190.9 352 0 13.2 16.7 17.5 3.5 2 1 5 2 2
5173.8 4381.9 -191.0 346 0 20.7 13.2 17.5 3.5 2 0 5 0 0
5182.1 4322.4 -188.8 254 0 7.9 11.5 10.5 3.5 2 1 3 5 5
5192.6 4306.9 -188.4 348 0 9.6 20.2 10.5 0.0 0 1 3 4 4
5183.0 4289.0 -186.8 80 0 7.7 9.3 10.5 3.5 2 1 3 0 0
5142.5 4295.7 -182.0 155 0 21.4 9.0 10.5 3.5 2 0 3 0 0
3519.2 4748.0 -6.5 304 0 15.9 22.7 17.5 0.0 0 1 5 1 1
3495.0 4707.7 -7.2 152 0 21.8 15.4 17.5 3.5 4 0 5 4 4
3507.8 4682.3 -6.5 152 0 21.8 15.4 17.5 3.5 2 0 5 0 0
3536.1 4736.4 -3.9 302 0 14.8 18.7 17.5 0.0 0 1 5 3 3
4528.8 2134.8 -129.5 19 0 7.9 6.4 10.5 3.5 2 0 3 4 4
4514.5 2130.4 -130.6 118 0 9.6 13.6 10.5 3.5 2 0 3 4 4
4253.9 -10065.2 -176.9 99 0 33.6 58.3 12.5 0.0 0 1 5 2 2
4624.3 -9165.8 -169.9 28 0 58.2 24.0 10.0 2.5 2 0 4 3 3
4615.3 -9217.9 -171.1 28 0 24.9 20.0 10.0 2.5 2 0 4 3 3
4893.1 -10005.9 -198.6 214 0 28.9 28.6 7.5 0.0 0 0 3 2 2
4425.9 -9738.7 -171.8 17 0 119.1 80.6 10.0 0.0 0 0 4 4 4
4430.2 -9846.4 -177.1 13 0 62.1 50.7 10.0 0.0 0 0 4 3 3
4514.4 -10293.9 -194.5 6 0 21.7 21.5 5.0 2.5 4 0 2 2 2
4273.9 7294.3 -203.3 136 0 23.0 49.1 17.5 0.0 0 1 5 2 2
4475.4 6841.8 -196.4 55 0 24.0 53.0 10.5 0.0 0 1 3 5 5
5358.4 7562.7 -213.0 11 0 17.2 19.7 17.5 3.5 2 1 5 2 2
5363.0 7579.7 -213.1 13 0 10.8 23.1 17.5 3.5 2 0 5 2 2
5365.4 7589.6 -213.1 13 0 9.8 12.9 10.5 3.5 2 0 3 1 1
5349.4 7524.6 -212.8 11 0 9.5 13.6 10.5 3.5 4 1 3 2 2
5352.9 7541.8 -212.9 12 0 18.7 15.5 17.5 3.5 2 0 5 5 5
5317.5 7512.4 -212.6 99 0 8.6 8.4 10.5 0.0 0 0 3 3 3
5309.7 7522.2 -212.6 99 0 17.9 12.1 17.5 3.5 2 0 5 3 3
5626.8 -5038.6 -157.6 189 0 23.1 24.7 10.0 2.5 2 1 4 4 4
5595.7 -5036.7 -156.6 190 0 28.4 24.0 12.5 0.0 0 0 5 0 0
5591.7 -5028.6 -155.6 13 0 18.2 20.6 10.0 2.5 2 1 4 2 2
6700.9 -7247.6 -191.6 165 0 32.9 14.7 10.0 2.5 2 0 4 2 2
6761.9 -7141.7 -197.0 346 0 15.5 36.9 10.0 2.5 2 1 4 0 0
6739.9 -7199.7 -193.5 163 0 22.5 13.5 7.5 2.5 2 0 3 0 0
6747.1 -7229.2 -191.2 165 0 22.9 13.6 12.5 2.5 2 0 5 3 3
5205.0 -5585.1 -148.7 117 0 18.0 23.3 7.5 2.5 2 1 3 5 5
4486.4 -5513.8 -129.1 276 0 14.5 17.4 5.0 2.5 2 1 2 3 3
4506.5 -5516.4 -129.4 276 0 14.5 17.4 12.5 2.5 2 1 5 5 5
4527.5 -5518.2 -129.8 276 0 14.5 17.4 7.5 2.5 2 1 3 1 1
4548.1 -5521.2 -130.1 276 0 14.5 17.4 10.0 2.5 2 1 4 0 0
4475.2 -5545.6 -129.4 186 0 17.4 14.5 7.5 2.5 2 0 3 4 4
4503.5 -5541.5 -129.8 276 0 14.5 17.4 7.5 0.0 0 1 3 0 0
4524.0 -5544.6 -130.2 276 0 14.5 17.4 10.0 2.5 2 1 4 4 4
4559.5 -5558.0 -130.7 6 0 17.4 14.5 7.5 0.0 0 0 3 2 2
4556.0 -5582.8 -130.9 6 0 17.4 14.5 7.5 2.5 2 0 3 5 5
4520.3 -5588.3 -130.4 96 0 14.5 17.4 7.5 2.5 2 1 3 1 1
4499.9 -5585.3 -130.0 96 0 14.5 17.4 10.0 2.5 2 1 4 2 2
4478.7 -5577.5 -129.5 96 0 14.5 17.4 10.0 2.5 2 1 4 3 3
3777.4 -5477.6 -110.2 98 0 20.2 25.2 17.5 0.0 0 1 7 4 4
3778.9 -5426.9 -110.5 8 0 25.2 20.2 10.0 2.5 2 0 4 5 5
3790.2 -5377.3 -112.1 278 0 20.2 25.2 12.5 2.5 2 1 5 5 5
3714.3 -5384.1 -108.3 188 0 25.2 20.2 15.0 0.0 0 0 6 3 3
3710.2 -5462.4 -106.5 98 0 20.2 25.2 12.5 0.0 0 1 5 4 4
3734.3 -5337.1 -110.1 98 0 20.2 25.2 17.5 0.0 0 1 7 3 3
3679.5 -5327.8 -106.2 98 0 20.2 25.2 12.5 2.5 2 1 5 5 5
3666.4 -5356.0 -104.6 278 0 20.2 25.2 10.0 0.0 0 1 4 1 1
3654.7 -5456.3 -102.8 98 0 20.2 25.2 10.0 2.5 2 1 4 0 0
3615.0 -5449.5 -100.3 98 0 20.2 25.2 7.5 2.5 2 1 3 5 5
3607.6 -5344.9 -100.4 278 0 20.2 25.2 12.5 2.5 2 1 5 2 2
3600.1 -5312.2 -100.8 98 0 20.2 25.2 12.5 2.5 2 1 5 0 0
3640.7 -5320.6 -103.3 98 0 20.2 25.2 12.5 2.5 4 1 5 5 5
3664.4 -5230.6 -107.5 283 0 20.2 25.2 12.5 2.5 2 1 5 2 2
3624.3 -5222.9 -105.5 283 0 20.2 25.2 12.5 2.5 2 1 5 0 0
3585.0 -5213.4 -103.5 283 0 20.2 25.2 10.0 2.5 2 1 4 5 5
3752.7 -5248.0 -111.9 275 0 20.2 25.2 12.5 2.5 2 1 5 2 2
3804.8 -5252.2 -114.2 275 0 20.2 25.2 10.0 2.5 2 1 4 5 5
3793.5 -5347.1 -113.4 95 0 20.2 25.2 10.0 0.0 0 1 4 3 3
4048.6 -4915.4 -118.3 185 0 16.3 35.4 12.5 2.5 4 1 5 1 1
3746.4 -4939.9 -107.7 97 0 18.0 37.1 10.0 2.5 2 1 4 4 4
3745.7 -4877.6 -108.0 187 0 37.1 17.9 10.0 2.5 2 0 4 3 3
3761.4 -4818.0 -112.3 277 0 18.0 37.1 10.0 2.5 2 1 4 3 3
3839.5 -4953.3 -112.2 97 0 18.0 37.1 15.0 0.0 0 1 6 5 5
3856.0 -4893.6 -113.2 7 0 37.1 17.9 10.0 2.5 2 0 4 4 4
3855.7 -4831.7 -116.1 277 0 17.9 37.1 10.0 2.5 4 1 4 0 0
3823.7 -4877.2 -111.2 277 0 12.9 22.4 10.0 2.5 4 1 4 2 2
6111.5 -3202.6 -196.9 256 0 18.6 11.1 7.0 3.5 2 0 2 3 3
5819.0 4737.9 -215.4 0 0 14.3 13.5 3.5 3.5 2 0 1 3 3
