-5566.8 -7384.3 -152.6 238 0 7.3 6.9 2.5 2.5 2 0 1 1 1
-5620.0 -7387.9 -159.5 243 0 7.2 12.4 7.5 2.5 2 1 3 3 3
-5606.9 -7344.4 -160.7 91 0 9.9 8.4 2.5 2.5 2 0 1 2 2
-5544.3 -7325.3 -152.8 65 0 14.2 10.2 7.5 2.5 2 0 3 1 1
-5577.6 -7383.6 -154.9 273 0 12.9 10.2 7.5 2.5 2 0 3 0 0
-5607.6 -7282.6 -163.0 281 0 13.2 12.9 5.0 2.5 2 0 2 2 2
-5591.3 -7352.9 -158.4 82 0 10.0 10.5 2.5 2.5 2 0 1 3 3
-5544.5 -7284.7 -156.0 2 0 4.9 22.8 5.0 2.5 2 1 2 1 1
-5573.5 -7344.9 -156.4 77 0 13.2 11.9 5.0 2.5 2 0 2 3 3
-5631.5 -7283.4 -166.3 78 0 10.3 11.2 7.5 2.5 2 1 3 2 2
-5567.5 -7408.6 -153.1 65 0 12.1 9.2 7.5 2.5 2 0 3 2 2
-5600.2 -7274.1 -161.6 113 0 5.8 9.7 7.5 2.5 2 1 3 2 2
-5554.0 -7362.1 -151.6 243 0 8.4 10.5 2.5 2.5 2 1 1 4 4
-5610.7 -7254.6 -164.3 102 0 10.3 12.5 7.5 2.5 4 1 3 5 5
-5569.1 -7352.7 -154.3 252 0 8.7 11.6 7.5 2.5 2 1 3 4 4
-5538.0 -7384.2 -150.7 342 0 6.8 19.4 5.0 2.5 2 1 2 0 0
-5619.5 -7359.8 -162.4 88 0 11.2 13.7 7.5 2.5 4 1 3 2 2
-5562.8 -7317.8 -155.1 57 0 4.4 8.1 2.5 2.5 2 1 1 5 5
-5384.3 -7355.1 -133.4 151 0 12.8 16.7 7.5 2.5 4 1 3 2 2
-5640.4 -7387.1 -160.8 257 0 10.6 10.1 7.5 2.5 2 0 3 5 5
-5580.1 -7370.5 -154.8 182 0 6.5 15.1 7.5 2.5 2 0 3 1 1
-5629.4 -7313.4 -164.7 161 0 12.5 7.6 5.0 2.5 2 0 2 0 0
-5587.5 -7280.1 -159.2 188 0 9.5 12.9 2.5 2.5 2 1 1 5 5
-5582.7 -7351.3 -157.4 77 0 7.5 16.1 5.0 2.5 2 0 2 0 0
-5644.7 -7289.3 -167.4 73 0 12.1 10.1 10.0 2.5 2 0 4 3 3
-5582.8 -7373.6 -155.4 275 0 16.7 9.7 7.5 2.5 2 0 3 2 2
263.8 -3827.6 124.8 177 0 12.3 19.9 5.0 0.0 0 1 2 1 1
6495.0 -5117.8 -182.9 238 0 18.8 19.0 14.0 3.5 4 1 4 3 3
-6853.7 -9954.1 -283.4 337 0 15.2 18.5 14.0 3.5 2 1 4 5 5
-3122.1 -9431.1 -89.3 2 0 25.7 19.5 10.0 2.5 2 0 4 4 4
-3226.7 -9502.2 -93.3 224 0 25.3 21.8 7.5 2.5 2 0 3 5 5
-3129.6 -9262.0 -90.3 316 0 11.3 25.5 10.0 2.5 2 1 4 2 2
-3193.2 -9413.2 -89.6 64 0 36.7 30.5 12.5 0.0 0 0 5 5 5
-3130.2 -9515.4 -92.9 344 0 21.8 25.9 12.5 2.5 2 1 5 0 0
-3079.7 -9464.2 -88.7 238 0 24.7 20.6 12.5 2.5 4 0 5 5 5
-3091.3 -9516.8 -90.9 149 0 19.9 24.5 10.0 2.5 2 1 4 2 2
-3232.3 -9625.9 -104.2 172 0 14.5 9.0 5.0 2.5 2 0 2 2 2
-3167.0 -9422.6 -90.0 257 0 20.5 26.3 10.0 0.0 0 1 4 4 4
-3179.4 -9585.9 -98.3 44 0 25.1 19.7 10.0 2.5 2 0 4 1 1
-3249.3 -9420.8 -91.3 312 0 21.0 26.2 12.5 2.5 2 1 5 1 1
-3193.2 -9534.8 -96.3 311 0 20.0 25.0 12.5 2.5 4 1 5 1 1
-3080.6 -9627.5 -103.8 42 0 26.4 20.1 10.0 2.5 2 0 4 3 3
-3117.5 -9551.4 -96.7 342 0 17.9 25.8 12.5 2.5 2 1 5 1 1
-3083.3 -9417.7 -88.4 267 0 27.5 20.3 10.0 2.5 2 0 4 3 3
-3091.8 -9553.0 -95.1 147 0 18.8 26.0 12.5 2.5 2 1 5 5 5
-3197.1 -9435.0 -90.8 244 0 19.8 25.8 10.0 2.5 2 1 4 4 4
-3160.8 -9646.3 -101.2 134 0 19.7 25.5 10.0 2.5 2 1 4 2 2
-3166.7 -9593.5 -100.2 223 0 23.7 20.9 10.0 2.5 2 0 4 3 3
-2968.6 -9313.8 -84.3 210 0 18.0 14.7 12.5 2.5 4 0 5 5 5
-3121.7 -9473.2 -90.4 344 0 19.7 24.9 12.5 2.5 2 1 5 4 4
-3071.5 -9397.0 -87.0 86 0 42.4 31.2 10.0 0.0 0 0 4 3 3
-3230.5 -9476.5 -92.3 42 0 26.0 21.2 12.5 2.5 2 0 5 4 4
-3124.5 -9656.6 -103.3 134 0 19.4 25.5 10.0 2.5 4 1 4 5 5
-3170.8 -9474.8 -91.3 256 0 26.3 20.2 10.0 2.5 2 0 4 1 1
-3685.5 -8589.5 -144.4 69 0 24.2 19.5 10.0 2.5 2 0 4 1 1
-2903.6 -9263.9 -85.2 300 0 16.1 19.4 10.0 2.5 2 1 4 5 5
-3003.5 -9139.6 -81.6 305 0 30.0 27.7 12.5 0.0 0 0 5 4 4
-2919.7 -9227.1 -84.7 300 0 15.1 18.5 12.5 2.5 4 1 5 0 0
-2914.8 -9303.1 -84.1 30 0 19.3 16.0 10.0 2.5 2 0 4 4 4
-2942.6 -9259.0 -85.6 210 0 20.0 16.6 5.0 2.5 2 0 2 3 3
-2941.0 -9334.5 -83.3 120 0 15.6 18.9 10.0 2.5 4 1 4 4 4
-2901.7 -9329.5 -82.7 30 0 19.5 16.1 12.5 2.5 2 0 5 5 5
-2954.3 -9285.6 -85.2 210 0 16.9 13.6 2.5 2.5 2 0 1 2 2
-2959.7 -9185.1 -83.5 330 0 21.9 27.9 12.5 0.0 0 1 5 0 0
-3031.5 -9248.6 -87.5 60 0 25.7 19.6 10.0 2.5 2 0 4 4 4
-3103.3 -9224.0 -87.7 150 0 23.1 29.1 12.5 0.0 0 1 5 0 0
-3055.7 -9200.2 -86.5 240 0 30.5 24.5 10.0 0.0 0 0 4 0 0
-2988.5 -9245.9 -86.4 60 0 27.6 21.5 12.5 2.5 2 0 5 4 4
-3012.7 -9197.1 -85.3 240 0 30.3 24.2 12.5 0.0 0 0 5 4 4
-3070.5 -9253.9 -88.7 60 0 25.5 19.5 10.0 2.5 2 0 4 1 1
-3295.0 -9236.3 -93.5 246 0 15.9 16.8 15.0 0.0 0 1 6 4 4
-3268.4 -9290.3 -93.3 66 0 16.9 17.8 7.5 2.5 2 1 3 4 4
-3196.8 -9257.5 -91.6 66 0 17.2 18.1 12.5 2.5 2 1 5 1 1
-3342.5 -9093.8 -89.5 184 0 23.6 24.2 17.5 0.0 0 1 7 1 1
-3300.3 -9125.5 -85.8 94 0 23.3 22.7 12.5 2.5 2 0 5 2 2
-3347.2 -9128.4 -90.3 184 0 23.0 23.6 12.5 2.5 2 1 5 4 4
-3293.4 -9063.4 -87.2 274 0 25.1 24.5 12.5 0.0 0 0 5 3 3
-3245.1 -9356.8 -90.7 157 0 19.3 25.8 17.5 0.0 0 1 7 0 0
-3266.0 -9108.3 -84.7 94 0 25.1 24.4 12.5 0.0 0 0 5 5 5
-3240.4 -9220.2 -91.3 246 0 16.2 17.0 10.0 2.5 4 1 4 1 1
-3196.6 -9279.8 -91.5 248 0 19.1 24.4 7.5 2.5 2 1 3 5 5
-3254.7 -9308.4 -92.5 248 0 20.0 25.3 10.0 2.5 2 1 4 4 4
-3217.5 -9202.0 -89.5 246 0 16.9 17.8 12.5 2.5 2 1 5 3 3
-3224.7 -9261.3 -92.2 66 0 17.8 18.6 10.0 0.0 0 1 4 0 0
-3266.8 -9231.2 -92.6 246 0 17.0 17.9 12.5 0.0 0 1 5 4 4
-3249.8 -9273.6 -92.9 66 0 17.0 17.8 10.0 2.5 2 1 4 3 3
-3186.1 -9339.4 -90.4 67 0 25.9 19.4 10.0 0.0 0 0 4 0 0
-3227.5 -9294.1 -92.2 248 0 19.6 24.9 12.5 2.5 2 1 5 3 3
-3301.9 -9021.3 -86.5 91 0 25.3 19.5 10.0 2.5 2 0 4 1 1
-3321.7 -8748.4 -87.5 331 0 20.9 26.9 10.0 2.5 2 1 4 4 4
-3375.9 -8857.9 -93.8 89 0 26.5 19.3 12.5 2.5 2 0 5 3 3
-3367.4 -9003.7 -92.7 181 0 19.5 25.3 15.0 0.0 0 1 6 3 3
-3391.6 -8777.5 -92.7 179 0 18.6 25.8 12.5 2.5 4 1 5 4 4
-3334.7 -8718.5 -88.2 331 0 20.2 26.2 15.0 0.0 0 1 6 0 0
-3249.7 -9009.0 -83.0 58 0 15.4 17.2 10.0 2.5 2 1 4 4 4
-3302.1 -8813.5 -88.5 331 0 20.3 26.3 12.5 2.5 2 1 5 3 3
-3389.8 -8812.5 -93.9 179 0 19.5 26.6 12.5 2.5 2 1 5 5 5
-3394.8 -8708.4 -92.2 179 0 16.9 24.0 10.0 2.5 2 1 4 2 2
-3393.4 -8742.1 -92.5 179 0 18.6 25.8 12.5 2.5 2 1 5 5 5
-3154.1 -9085.5 -80.3 333 0 22.3 22.7 10.0 2.5 2 1 4 0 0
-3297.6 -8898.6 -85.8 148 0 17.6 15.8 12.5 2.5 2 0 5 3 3
-3266.3 -8867.4 -85.1 328 0 18.2 16.3 7.5 2.5 2 0 3 2 2
-3310.2 -8779.9 -87.7 331 0 20.3 26.3 17.5 0.0 0 1 7 0 0
-3287.3 -8923.7 -84.3 148 0 17.9 16.1 10.0 2.5 2 0 4 5 5
-3196.2 -9104.2 -81.0 63 0 22.6 22.2 17.5 0.0 0 0 7 1 1
-3199.4 -8984.7 -81.4 328 0 19.1 26.2 10.0 2.5 2 1 4 4 4
-3370.6 -8947.4 -91.8 181 0 18.6 24.4 12.5 2.5 2 1 5 0 0
-3348.4 -8974.2 -89.1 181 0 19.5 25.3 12.5 2.5 2 1 5 0 0
-3229.1 -9035.6 -81.6 243 0 25.1 24.8 10.0 0.0 0 0 4 3 3
-3272.9 -8948.4 -83.3 148 0 17.0 15.2 7.5 2.5 2 0 3 2 2
-3239.4 -8916.2 -82.3 328 0 17.7 15.9 10.0 2.5 2 0 4 5 5
-3252.3 -8892.4 -83.4 328 0 18.2 16.3 10.0 2.5 2 0 4 0 0
-3357.5 -9038.2 -92.5 181 0 19.5 25.3 12.5 2.5 4 1 5 4 4
-3272.8 -8969.8 -83.7 238 0 15.3 17.1 7.5 2.5 2 1 3 0 0
-3216.6 -8957.4 -82.1 328 0 19.2 26.3 10.0 2.5 2 1 4 0 0
-3175.8 -9050.1 -80.0 333 0 22.4 22.7 10.0 2.5 2 1 4 3 3
-3604.9 -10216.7 -73.6 54 0 7.4 31.4 5.0 2.5 2 1 2 0 0
-3016.7 -9853.1 -120.1 94 0 13.8 9.7 2.5 2.5 2 0 1 2 2
-5796.1 -10160.8 -260.3 180 0 10.9 22.1 10.0 2.5 2 1 4 3 3
-4017.7 -9040.8 -196.1 54 0 13.1 20.0 10.0 2.5 2 1 4 1 1
-3927.8 -8912.2 -189.6 147 0 17.6 13.8 5.0 0.0 0 0 2 1 1
-6723.8 -8717.8 -265.3 238 0 14.8 11.9 10.5 3.5 2 0 3 5 5
-2159.4 -6592.2 -94.9 332 0 12.0 15.8 7.5 2.5 2 1 3 5 5
6702.3 -2718.4 -196.9 202 0 11.6 39.4 10.0 2.5 2 1 4 5 5
6102.4 8680.5 -108.0 41 0 8.8 11.3 5.0 2.5 2 1 2 3 3
3066.0 -2964.0 -58.1 156 0 10.9 16.5 2.5 2.5 2 1 1 2 2
3112.2 -1741.4 -41.0 74 0 21.5 22.6 12.5 2.5 2 1 5 3 3
4379.6 2907.9 -100.7 353 0 18.4 26.0 12.5 2.5 4 1 5 3 3
4923.3 6427.1 -111.0 239 0 20.4 17.2 12.5 2.5 2 0 5 3 3
3781.1 -175.4 -74.8 108 0 6.0 10.4 5.0 2.5 2 1 2 3 3
4997.2 -894.1 -155.2 74 0 9.8 6.6 5.0 2.5 2 0 2 0 0
5133.0 5865.6 -135.6 177 0 4.9 7.6 5.0 2.5 2 1 2 5 5
5321.4 6829.5 -131.6 108 0 8.4 8.0 5.0 2.5 2 0 2 5 5
6180.0 7930.5 -171.8 111 0 4.9 7.6 5.0 2.5 2 1 2 4 4
992.7 -8213.1 28.2 64 0 29.1 23.4 10.0 0.0 0 0 4 1 1
960.1 -8165.2 29.5 244 0 11.9 5.6 2.5 2.5 2 0 1 5 5
5280.0 9176.3 81.8 75 0 4.7 5.2 5.0 2.5 2 1 2 2 2
5850.1 9856.4 88.9 99 0 5.1 19.2 7.5 2.5 2 1 3 0 0
5863.0 9881.6 87.3 46 0 4.6 4.4 2.5 2.5 2 0 1 1 1
4135.1 -9530.3 46.9 96 0 10.5 11.2 7.5 2.5 2 1 3 4 4
4106.6 -9521.5 45.3 94 0 7.4 14.5 5.0 2.5 2 1 2 3 3
4107.7 -9505.8 44.3 93 0 5.8 7.4 5.0 2.5 2 1 2 4 4
5825.2 8333.0 -123.8 202 0 23.0 24.4 12.5 2.5 2 1 5 1 1
5143.4 6186.6 -132.4 353 0 9.0 19.7 10.5 2.5 2 1 3 5 5
5892.0 8583.3 -105.4 167 0 15.7 19.8 10.0 2.5 2 1 4 1 1
4956.3 6395.0 -113.0 334 0 11.1 8.6 5.0 2.5 2 0 2 0 0
812.2 -7958.0 35.2 146 0 10.9 9.8 7.5 2.5 2 0 3 0 0
828.7 -7931.7 37.7 313 0 11.7 8.5 7.5 2.5 2 0 3 2 2
927.2 -8135.3 28.3 246 0 13.5 9.9 7.5 2.5 2 0 3 3 3
913.2 -8147.8 29.5 152 0 9.9 10.9 7.5 2.5 4 0 3 5 5
965.9 -8175.3 29.7 244 0 13.1 21.0 7.5 0.0 0 1 3 5 5
939.0 -8130.3 28.0 247 0 11.7 9.6 7.5 2.5 2 0 3 4 4
5790.6 -6047.2 -165.1 329 0 6.5 5.7 5.0 2.5 2 0 2 3 3
3379.3 -1987.4 -68.4 76 0 16.1 22.4 15.0 0.0 0 1 6 4 4
4550.8 -6333.3 -85.7 131 0 8.3 14.5 5.0 2.5 2 1 2 3 3
5589.1 -6314.1 -130.3 25 0 7.8 11.6 5.0 2.5 2 1 2 1 1
5626.2 -6452.5 -140.0 301 0 11.5 4.8 5.0 2.5 2 0 2 1 1
5533.9 -6509.3 -130.6 252 0 6.1 10.8 7.5 2.5 2 1 3 3 3
5557.2 -6427.1 -142.3 294 0 7.1 8.7 5.0 2.5 2 1 2 2 2
4911.8 -6246.1 -110.0 164 0 7.8 7.4 7.5 2.5 2 0 3 1 1
4929.4 -6280.1 -112.1 152 0 6.5 18.5 5.0 2.5 2 1 2 2 2
4917.6 -6260.3 -110.5 154 0 6.8 5.7 5.0 2.5 2 0 2 1 1
4943.2 -6263.3 -111.9 338 0 7.1 11.4 5.0 2.5 2 1 2 5 5
986.1 -7211.2 -10.3 41 0 16.0 11.6 5.0 2.5 2 0 2 0 0
5576.9 -5760.7 -168.2 133 0 15.2 9.3 5.0 2.5 2 0 2 0 0
5624.8 -5756.0 -169.3 305 0 14.8 12.7 5.0 2.5 2 0 2 5 5
5608.5 -5784.8 -168.6 120 0 9.5 11.5 5.0 2.5 2 1 2 3 3
5350.3 -5963.8 -151.3 224 0 6.2 9.5 5.0 2.5 2 1 2 4 4
5105.3 -6642.0 -99.1 325 0 5.4 6.1 5.0 0.0 0 1 2 0 0
5163.3 -6617.8 -100.7 5 0 4.9 8.6 5.0 2.5 2 1 2 1 1
5510.4 -6429.5 -140.0 302 0 7.3 4.3 7.5 2.5 2 0 3 1 1
3842.4 -9707.7 64.1 271 0 11.9 11.8 7.5 2.5 2 0 3 0 0
4014.4 -9669.7 56.1 32 0 12.7 9.6 7.5 2.5 2 0 3 0 0
4423.6 -9526.9 49.3 96 0 9.8 9.4 5.0 2.5 2 0 2 4 4
5951.4 -5917.1 -174.7 65 0 11.9 8.8 2.5 2.5 2 0 1 0 0
6117.8 -5897.8 -176.1 287 0 9.4 5.0 10.5 3.5 2 0 3 3 3
5966.4 -5835.8 -175.6 79 0 10.4 6.9 5.0 2.5 2 0 2 4 4
5980.7 -5833.2 -175.8 73 0 7.4 10.6 5.0 2.5 4 1 2 5 5
5994.1 -5822.5 -175.9 262 0 11.1 7.1 2.5 2.5 2 0 1 5 5
6214.4 -5863.5 -177.3 234 0 9.8 16.3 10.5 3.5 2 1 3 0 0
6222.5 -5859.2 -177.4 240 0 6.5 16.9 10.5 3.5 2 1 3 1 1
6203.9 -5876.8 -177.0 241 0 4.7 8.7 10.5 3.5 2 1 3 5 5
6206.0 -5869.5 -177.1 333 0 8.6 8.4 10.5 3.5 2 0 3 0 0
6486.4 -5879.5 -167.9 315 1 12.8 11.8 14.0 3.5 2 0 4 3 3
6470.3 -5904.2 -164.0 204 0 7.7 9.0 10.5 3.5 2 1 3 3 3
6449.1 -5962.9 -156.3 99 0 6.7 7.6 10.5 3.5 2 1 3 1 1
1408.5 -8259.0 40.6 115 0 11.5 12.9 7.5 2.5 2 1 3 4 4
1360.8 -8151.4 35.3 292 0 13.9 10.5 5.0 2.5 2 0 2 1 1
5135.9 6676.4 -117.0 289 0 6.9 12.8 5.0 2.5 4 1 2 0 0
4941.7 6871.5 -95.9 189 0 6.8 6.4 5.0 2.5 2 0 2 1 1
4870.6 6880.2 -84.8 195 0 7.5 8.9 7.5 2.5 2 1 3 4 4
3836.1 -744.6 -109.4 234 0 8.0 7.2 5.0 2.5 2 0 2 2 2
5788.7 8469.5 -99.7 212 0 11.3 10.9 5.0 2.5 2 0 2 1 1
5765.2 8372.0 -103.5 32 0 5.9 8.9 5.0 2.5 4 1 2 5 5
5743.2 8424.9 -96.1 135 0 7.5 7.9 5.0 2.5 2 1 2 4 4
5802.8 8412.1 -106.0 107 0 10.0 11.1 5.0 0.0 0 1 2 2 2
5894.8 8307.6 -130.0 29 0 8.2 26.1 7.5 2.5 2 1 3 4 4
5840.3 8498.4 -104.3 237 0 10.6 7.4 7.5 2.5 2 0 3 4 4
5812.4 8428.9 -105.2 28 0 11.2 19.0 7.5 0.0 0 1 3 5 5
5760.9 8410.0 -99.5 47 0 10.9 7.3 7.5 2.5 2 0 3 2 2
5724.0 8300.3 -112.0 294 0 9.8 9.9 7.5 2.5 2 1 3 1 1
5768.5 8272.5 -119.3 38 0 10.4 10.3 7.5 2.5 2 0 3 2 2
5784.4 8310.4 -117.0 29 0 8.5 14.0 7.5 2.5 2 1 3 1 1
5681.5 8432.0 -87.2 230 0 15.2 8.8 7.5 0.0 0 0 3 5 5
5698.0 8311.9 -106.7 321 0 10.2 11.5 5.0 0.0 0 1 2 4 4
5709.5 8309.8 -108.4 314 0 7.0 9.7 7.5 2.5 4 1 3 1 1
5607.7 8318.9 -92.2 62 0 14.7 12.5 7.5 0.0 0 0 3 3 3
5745.6 8327.6 -109.0 23 0 10.7 12.3 7.5 2.5 2 1 3 2 2
5275.7 6017.3 -141.4 290 0 14.2 16.4 5.0 2.5 2 1 2 2 2
5201.3 6082.3 -135.5 103 0 11.1 14.0 5.0 2.5 2 1 2 0 0
5258.1 6112.3 -140.7 289 0 13.7 27.1 15.0 0.0 0 1 6 4 4
4339.4 3270.1 -94.3 194 0 24.6 18.2 10.0 2.5 2 0 4 4 4
4392.3 3320.5 -99.8 108 0 29.0 11.5 10.0 2.5 4 0 4 5 5
4330.5 3035.6 -95.2 47 0 23.6 9.8 7.5 2.5 2 0 3 1 1
4374.2 2975.5 -101.8 113 0 10.9 12.5 7.5 2.5 2 1 3 5 5
4387.1 2970.8 -103.2 105 0 9.8 10.2 5.0 2.5 2 1 2 5 5
4441.8 2955.7 -108.1 85 1 10.6 11.1 10.0 2.5 2 1 4 3 3
4418.9 3252.6 -103.9 191 0 13.3 18.1 7.5 2.5 2 1 3 4 4
4423.9 3282.8 -104.3 188 0 14.2 17.7 10.0 2.5 2 1 4 3 3
4312.9 3131.7 -91.2 99 0 11.0 11.0 5.0 2.5 2 1 2 0 0
4535.2 2660.0 -118.9 89 0 11.5 10.2 7.5 2.5 2 0 3 2 2
3854.6 -774.7 -111.6 126 0 9.9 7.6 5.0 2.5 2 0 2 5 5
3902.3 -730.0 -112.7 43 0 7.7 8.5 5.0 2.5 2 1 2 5 5
3046.6 -3372.0 -58.9 93 0 13.5 15.3 7.5 2.5 2 1 3 3 3
3037.0 -3377.8 -57.5 93 0 5.4 7.1 5.0 2.5 2 1 2 4 4
3089.8 -3376.8 -63.5 275 0 6.6 9.2 2.5 2.5 2 1 1 2 2
3639.6 -1184.9 -85.5 88 0 11.7 17.7 5.0 2.5 2 1 2 5 5
3061.2 -2970.4 -55.8 350 0 9.9 8.9 5.0 2.5 2 0 2 3 3
3841.1 -3451.1 -112.6 102 0 9.8 32.8 7.5 2.5 2 1 3 3 3
6487.0 -4700.5 -180.2 123 0 9.5 14.6 10.5 3.5 2 1 3 1 1
6474.1 -4682.5 -180.5 302 0 6.9 11.7 10.5 3.5 4 1 3 2 2
6448.0 -4681.5 -181.2 131 0 9.2 10.8 10.5 3.5 4 1 3 3 3
6429.6 -4671.8 -181.8 120 0 6.9 10.4 10.5 3.5 4 1 3 1 1
6425.3 -4610.5 -183.1 292 0 16.7 32.4 14.0 3.5 2 1 4 4 4
6388.0 -4630.2 -182.3 111 1 13.6 14.2 14.0 3.5 2 1 4 3 3
6035.6 -4561.9 -173.1 356 0 9.4 13.5 7.5 0.0 0 1 3 1 1
5824.1 -4388.3 -174.7 102 0 13.8 14.1 5.0 2.5 2 1 2 1 1
5577.3 -4253.5 -175.9 123 0 13.4 11.7 5.0 2.5 2 0 2 2 2
5560.4 -4316.5 -172.7 195 0 11.3 9.3 5.0 2.5 2 0 2 5 5
5575.1 -4146.9 -178.7 166 0 8.8 12.4 5.0 0.0 0 1 2 1 1
5667.0 -4335.1 -173.2 288 0 5.5 11.9 5.0 2.5 4 1 2 3 3
5293.9 -4108.9 -174.2 112 0 27.6 14.3 12.5 2.5 2 0 5 0 0
3064.1 -3309.1 -59.0 328 0 10.2 11.3 5.0 2.5 2 1 2 4 4
3023.9 -3277.0 -54.9 172 0 12.5 12.8 5.0 2.5 2 1 2 3 3
3036.8 -3250.0 -55.6 197 0 13.2 12.9 5.0 2.5 2 0 2 3 3
3055.6 -3226.6 -56.9 286 0 16.1 13.3 5.0 2.5 2 0 2 4 4
5526.0 -4049.5 -172.5 93 0 9.3 6.4 5.0 2.5 2 0 2 4 4
5644.0 -4517.4 -165.1 90 0 9.5 10.8 7.5 2.5 2 1 3 1 1
5768.2 -4441.5 -170.4 293 0 29.1 11.1 7.5 2.5 2 0 3 3 3
3074.1 -3313.8 -61.1 160 0 10.5 9.2 7.5 2.5 4 0 3 1 1
2685.4 -3048.6 -10.7 113 0 9.7 10.6 7.5 2.5 2 1 3 2 2
6696.7 -5800.9 -177.0 6 1 11.2 11.9 14.0 3.5 4 1 4 1 1
6695.6 -5816.6 -175.4 1 1 13.9 12.1 14.0 3.5 2 0 4 2 2
6671.4 -5776.7 -179.5 279 1 12.5 15.6 14.0 3.5 2 1 4 5 5
5690.1 -5870.2 -168.9 73 0 6.6 5.9 5.0 2.5 4 0 2 0 0
4869.9 -4737.0 -135.3 62 0 16.1 11.4 7.5 2.5 2 0 3 3 3
6591.1 -4778.7 -178.8 309 0 8.8 14.4 10.5 3.5 2 1 3 2 2
6581.2 -4777.4 -178.7 305 0 7.5 10.4 10.5 3.5 2 1 3 0 0
6576.3 -4769.7 -178.8 298 0 7.6 15.3 10.5 3.5 2 1 3 4 4
6622.3 -4953.6 -177.5 118 0 8.7 20.4 10.5 3.5 2 1 3 5 5
6598.1 -4906.0 -177.6 118 0 17.7 29.4 10.5 3.5 2 1 3 1 1
6193.9 8412.6 -146.8 21 0 19.3 14.4 12.5 0.0 0 0 5 0 0
6186.0 8396.7 -146.9 20 0 9.4 11.9 5.0 2.5 2 1 2 2 2
6169.0 8515.6 -139.1 303 0 12.0 12.6 5.0 2.5 2 1 2 3 3
6157.3 8534.4 -137.2 133 0 10.8 12.9 7.5 2.5 2 1 3 5 5
6171.9 8529.1 -138.5 124 0 10.7 13.1 7.5 2.5 4 1 3 4 4
6145.5 8542.7 -135.7 132 0 10.3 13.8 7.5 2.5 2 1 3 4 4
6195.5 8510.5 -142.0 123 1 13.6 11.3 10.0 2.5 2 0 4 0 0
6085.5 8646.2 -119.2 231 0 12.2 9.8 7.5 2.5 2 0 3 0 0
5663.2 8391.6 -86.6 21 0 12.6 10.0 7.5 2.5 2 0 3 1 1
5816.1 8526.8 -96.5 38 0 12.0 10.0 7.5 2.5 2 0 3 4 4
5815.3 8540.7 -95.2 42 0 14.7 10.2 7.5 2.5 2 0 3 5 5
5825.9 8535.2 -97.2 44 0 9.2 9.4 7.5 2.5 2 1 3 5 5
5819.3 8517.2 -99.5 214 0 10.6 9.2 7.5 2.5 2 0 3 4 4
5825.9 8526.5 -99.7 216 0 12.0 9.7 5.0 2.5 2 0 2 1 1
5870.9 8423.5 -116.1 147 0 9.1 13.8 7.5 2.5 2 1 3 3 3
5687.2 8345.0 -98.9 230 0 10.1 9.8 7.5 2.5 2 0 3 1 1
5720.6 8400.1 -94.2 36 0 6.4 9.0 7.5 0.0 0 1 3 2 2
5783.3 8278.0 -121.6 216 0 10.1 6.6 7.5 2.5 2 0 3 2 2
5787.1 8290.2 -120.9 191 0 8.1 7.8 5.0 2.5 2 0 2 0 0
5793.5 8312.4 -119.7 191 0 8.7 12.2 5.0 0.0 0 1 2 1 1
5751.5 8596.5 -75.8 20 0 9.9 13.8 5.0 2.5 2 1 2 1 1
5759.2 8663.9 -68.1 292 0 8.5 8.9 7.5 2.5 2 1 3 5 5
5723.9 8658.4 -58.7 295 0 7.1 11.1 5.0 2.5 2 1 2 0 0
5777.2 8556.3 -88.0 129 0 8.0 8.7 5.0 2.5 2 1 2 5 5
2964.1 -3249.7 -46.9 114 0 10.0 14.7 7.5 2.5 2 1 3 3 3
2979.4 -3222.5 -48.1 198 0 8.1 6.2 5.0 2.5 2 0 2 1 1
3241.7 -1687.0 -54.5 182 0 11.0 13.0 7.5 2.5 2 1 3 5 5
3249.7 -1670.9 -54.4 265 0 13.4 9.5 7.5 2.5 2 0 3 4 4
3059.3 -1745.2 -34.9 96 0 9.5 10.9 7.5 2.5 2 1 3 5 5
3143.2 -1135.6 -38.5 126 0 11.7 8.5 7.5 2.5 2 0 3 1 1
3622.9 -1895.4 -86.2 2 0 6.8 11.2 2.5 2.5 2 1 1 3 3
3596.6 -1895.2 -85.4 180 0 6.0 14.0 5.0 2.5 2 1 2 1 1
4656.1 6195.5 -72.0 6 0 12.9 12.1 7.5 2.5 4 0 3 4 4
982.3 -8239.6 25.9 331 0 13.0 22.5 10.0 2.5 2 1 4 2 2
1029.9 -8218.6 27.5 229 0 18.3 5.1 7.5 2.5 2 0 3 2 2
1043.1 -8234.7 28.6 205 0 11.9 9.7 5.0 2.5 2 0 2 3 3
1066.1 -8220.4 28.8 324 0 11.3 11.3 5.0 2.5 2 0 2 3 3
1148.9 -8333.2 54.8 350 0 9.0 7.5 7.5 0.0 0 0 3 4 4
1150.8 -8347.4 54.9 3 0 10.0 6.4 5.0 2.5 2 0 2 5 5
2104.6 -8783.5 59.3 127 0 22.3 10.8 2.5 0.0 0 0 1 2 2
2130.3 -8807.9 60.6 125 0 31.2 10.7 7.5 2.5 2 0 3 2 2
2086.5 -8756.4 58.5 216 0 9.2 14.7 7.5 0.0 0 1 3 2 2
925.5 -8526.5 24.2 238 0 9.2 11.0 5.0 2.5 2 1 2 2 2
958.8 -8435.0 25.2 241 0 14.6 13.5 5.0 2.5 4 0 2 4 4
940.1 -8432.3 24.8 52 0 13.3 14.2 5.0 2.5 4 1 2 3 3
-1028.8 -7057.3 44.3 45 0 8.6 17.4 5.0 2.5 2 1 2 3 3
-1020.6 -7037.8 40.0 45 0 8.6 17.4 2.5 2.5 2 1 1 0 0
-1007.5 -7008.4 33.3 14 0 10.2 16.9 5.0 2.5 2 1 2 5 5
-1062.1 -7010.5 35.1 185 0 10.0 17.3 7.5 2.5 2 1 3 3 3
-1036.3 -7074.5 47.9 24 0 7.8 16.9 7.5 2.5 2 1 3 2 2
-1044.7 -7097.4 52.9 24 0 7.8 16.9 7.5 2.5 4 1 3 1 1
-1062.7 -7118.4 57.2 45 0 8.6 17.4 7.5 2.5 2 1 3 2 2
-1101.8 -7067.0 48.1 211 0 7.3 17.1 2.5 2.5 2 1 1 2 2
-1116.3 -7084.5 51.1 211 0 7.3 17.1 2.5 2.5 2 1 1 3 3
-1086.4 -7048.6 44.8 211 0 7.3 17.1 5.0 2.5 2 1 2 0 0
-1074.3 -7032.8 41.2 185 0 10.0 17.3 5.0 2.5 2 1 2 4 4
-1131.2 -7103.3 55.1 211 0 7.3 17.1 5.0 2.5 2 1 2 1 1
-1092.5 -7009.1 33.9 147 0 15.7 10.3 7.5 2.5 2 0 3 5 5
-1109.6 -6987.4 32.0 147 0 15.7 10.3 5.0 0.0 0 0 2 1 1
-1115.9 -6951.6 28.7 190 0 10.0 17.3 5.0 2.5 2 1 2 0 0
-1108.2 -6916.5 25.2 217 0 7.3 17.1 5.0 2.5 2 1 2 2 2
-1148.3 -7147.8 65.4 82 0 15.6 10.3 5.0 2.5 2 0 2 4 4
-1120.3 -7143.6 63.7 82 0 15.6 10.3 5.0 0.0 0 0 2 4 4
-1093.4 -7138.8 63.0 82 0 15.6 10.3 5.0 0.0 0 0 2 4 4
6834.0 -5481.3 -187.3 208 0 15.9 28.4 14.0 3.5 2 1 4 5 5
6844.8 -5459.7 -187.6 208 0 15.9 28.4 14.0 3.5 2 1 4 3 3
6676.4 -5478.5 -186.8 231 0 23.3 16.7 10.5 3.5 2 0 3 2 2
6702.0 -5459.2 -187.0 231 0 23.3 16.7 10.5 3.5 2 0 3 1 1
5923.3 -6082.2 -168.7 267 0 12.0 10.5 7.5 2.5 2 0 3 1 1
5903.1 -6107.5 -166.2 89 0 5.3 5.9 5.0 2.5 2 1 2 2 2
5276.6 -6639.9 -99.8 273 0 5.4 8.4 5.0 2.5 2 0 2 1 1
5276.2 -6648.3 -100.9 270 0 5.1 12.5 7.5 2.5 2 0 3 3 3
5156.7 -6266.1 -122.9 265 0 12.4 8.5 5.0 2.5 2 0 2 4 4
5174.2 -6284.1 -123.8 353 0 6.8 9.8 5.0 2.5 2 1 2 1 1
5535.5 -5842.3 -165.4 116 0 15.4 6.9 8.0 2.5 2 0 2 3 3
5648.1 -5769.3 -169.6 310 0 6.3 10.4 5.0 2.5 2 1 2 4 4
3055.9 -3016.5 -56.1 183 0 9.0 7.9 5.0 2.5 2 0 2 5 5
3061.6 -3026.0 -57.2 190 0 7.2 10.8 7.5 2.5 2 1 3 5 5
3037.1 -3103.5 -53.4 1 0 11.1 11.3 7.5 2.5 2 1 3 2 2
3043.1 -3123.0 -54.2 358 0 11.7 10.8 5.0 2.5 2 0 2 2 2
3043.4 -3153.6 -54.5 349 0 10.8 10.2 7.5 2.5 4 0 3 3 3
3044.3 -3176.2 -54.6 4 0 10.3 10.0 7.5 2.5 2 0 3 5 5
1246.4 -8798.1 43.8 61 0 9.8 12.2 7.5 2.5 2 1 3 5 5
6847.1 -5558.4 -186.6 328 0 36.2 26.6 14.0 0.0 0 0 4 5 5
6903.2 -5524.5 -187.2 203 0 21.7 23.1 14.0 3.5 2 1 4 3 3
6915.9 -5500.3 -187.6 210 0 21.2 21.5 14.0 3.5 2 1 4 3 3
3854.5 -9514.0 45.2 115 0 13.0 13.8 5.0 2.5 2 1 2 1 1
6689.2 -1685.5 -198.3 86 0 33.9 15.8 10.0 2.5 2 0 4 5 5
6080.1 -7255.3 -106.9 47 0 10.0 13.3 2.5 2.5 4 1 1 2 2
5449.5 -7165.5 -131.4 13 0 8.5 24.1 7.5 2.5 2 1 3 1 1
5442.0 -7175.9 -130.9 13 0 9.3 18.1 2.5 2.5 2 1 1 1 1
5061.0 -5769.8 -158.0 83 0 9.9 11.5 7.5 2.5 2 1 3 5 5
5054.3 -5741.1 -159.7 264 0 6.3 14.0 2.5 2.5 2 1 1 4 4
5111.3 -6181.9 -117.9 16 0 7.7 9.8 5.0 2.5 2 1 2 3 3
4842.6 -5159.3 -129.4 180 0 24.5 12.5 10.0 2.5 4 0 4 1 1
4881.6 -5101.0 -130.0 260 0 23.0 27.0 12.5 0.0 0 1 5 4 4
5104.6 -5106.6 -139.0 163 0 24.1 25.8 12.5 2.5 2 1 5 5 5
5695.8 -4553.3 -162.4 354 0 7.9 12.3 7.5 2.5 2 1 3 0 0
4800.7 -4868.5 -129.5 62 0 47.8 60.1 12.5 0.0 0 1 5 4 4
5374.1 -5458.2 -172.0 57 0 14.1 9.7 5.0 2.5 2 0 2 0 0
5512.2 -5533.7 -170.7 252 0 7.7 48.1 7.5 2.5 2 1 3 0 0
5516.4 -5585.4 -170.4 75 0 7.7 43.4 7.5 2.5 4 1 3 5 5
5820.4 -6950.7 -120.8 48 0 10.7 11.6 5.0 2.5 2 1 2 0 0
776.9 -8367.7 29.5 227 0 11.4 7.5 7.5 0.0 0 0 3 0 0
800.9 -8305.9 28.8 24 0 10.6 11.9 5.0 2.5 2 1 2 3 3
928.4 -8273.3 25.0 158 0 8.6 9.8 5.0 2.5 2 1 2 1 1
1002.7 -8233.3 26.6 234 0 12.4 4.9 5.0 2.5 2 0 2 5 5
-293.9 -6223.0 31.0 31 0 19.6 14.5 12.5 2.5 2 0 5 1 1
4891.6 -6180.0 -107.5 180 0 7.3 7.8 7.5 2.5 2 1 3 0 0
-6599.3 -5897.1 -225.3 45 0 12.7 47.1 12.5 2.5 2 1 5 5 5
-6634.2 -5813.0 -228.1 225 0 12.7 47.1 10.0 2.5 2 1 4 1 1
-6602.3 -5787.3 -232.3 45 0 12.7 47.1 10.0 2.5 2 1 4 0 0
-6671.4 -5705.4 -237.2 225 0 12.7 47.1 12.5 2.5 2 1 5 1 1
-6689.3 -5638.0 -239.6 225 0 12.7 47.1 12.5 2.5 2 1 5 4 4
-6605.6 -5945.8 -224.8 45 0 12.7 47.1 10.0 2.5 2 1 4 3 3
-6649.4 -5957.8 -223.8 225 0 12.7 47.1 10.0 2.5 2 1 4 2 2
-6657.4 -6002.7 -216.4 225 0 12.7 47.1 15.0 0.0 0 1 6 0 0
-4816.2 -792.7 -78.5 180 0 10.0 17.1 5.0 0.0 0 1 2 4 4
-5029.5 -5559.0 -201.0 178 0 13.2 22.5 7.5 2.5 2 1 3 5 5
-5781.0 -7671.6 -121.1 344 0 11.9 13.8 7.5 2.5 2 1 3 5 5
-5785.8 -7654.7 -119.6 344 0 11.9 13.8 7.5 2.5 2 1 3 4 4
-5789.6 -7638.3 -118.1 344 0 11.9 13.8 7.5 2.5 2 1 3 3 3
-5794.1 -7621.9 -118.0 344 0 11.9 13.8 7.5 2.5 2 1 3 5 5
-6093.9 -7688.6 -151.7 109 0 14.8 12.9 5.0 2.5 2 0 2 3 3
112.1 5728.1 151.6 163 0 9.9 14.5 2.5 2.5 2 1 1 0 0
1304.1 7553.5 267.3 159 0 10.9 15.0 7.5 2.5 2 1 3 0 0
-4565.7 3140.1 -97.7 341 0 10.0 14.3 5.0 2.5 2 1 2 4 4
-5368.0 -2743.5 -90.0 335 0 8.7 18.2 5.0 2.5 2 1 2 4 4
1091.6 -3154.7 43.9 153 0 10.1 13.8 2.5 2.5 2 1 1 3 3
6153.5 -6387.8 -146.7 300 0 32.8 69.5 14.0 0.0 0 1 4 0 0
-4894.9 8070.4 -150.4 64 0 9.4 7.8 5.0 2.5 2 0 2 0 0
-4810.8 8070.0 -147.8 61 0 17.5 19.5 10.0 2.5 4 1 4 4 4
