5134.7 532.4 5.5 331 0 8.4 14.5 2.5 2.5 2 1 1 1 1
-6252.5 6732.7 -84.3 245 0 15.8 11.3 7.5 2.5 2 0 3 0 0
-117.0 -1753.3 50.9 235 0 10.2 14.2 2.5 2.5 2 1 1 4 4
-150.5 -1802.5 54.4 223 0 9.7 11.6 7.5 2.5 2 1 3 0 0
-165.3 -1818.9 55.3 237 0 6.1 5.7 7.5 2.5 2 0 3 5 5
-190.0 -1829.5 56.7 239 0 4.5 9.4 5.0 2.5 2 1 2 1 1
-213.2 -1848.8 55.8 242 0 5.8 7.9 2.5 2.5 2 1 1 3 3
-196.9 -1833.8 56.8 242 0 8.4 10.3 5.0 2.5 2 1 2 0 0
-60.2 -1721.2 45.1 220 0 10.7 14.3 5.0 2.5 2 1 2 4 4
-66.5 -1729.4 44.7 222 0 10.0 10.8 7.5 2.5 2 1 3 1 1
-94.7 -1747.8 47.5 233 0 5.8 10.1 7.5 2.5 2 1 3 4 4
-100.8 -1751.8 48.6 236 0 6.7 10.3 7.5 2.5 2 1 3 4 4
-645.0 -1844.6 63.3 102 0 9.9 15.0 2.5 2.5 2 1 1 0 0
-556.2 -1878.7 54.6 87 0 10.2 11.9 7.5 2.5 4 1 3 4 4
-523.5 -1854.6 55.6 251 0 10.9 11.3 7.5 2.5 2 1 3 0 0
-502.8 -1870.5 53.6 341 0 8.6 14.6 5.0 2.5 2 1 2 3 3
-434.7 -1836.8 58.1 299 0 10.6 7.8 7.5 2.5 4 0 3 5 5
-373.6 -1876.0 54.1 106 0 6.6 7.7 2.5 2.5 2 1 1 4 4
-350.3 -1866.3 54.7 278 0 14.6 13.3 7.5 2.5 4 0 3 4 4
-414.4 -2107.4 46.2 323 0 5.8 11.3 7.5 2.5 2 1 3 4 4
-407.1 -2122.9 48.4 328 0 6.5 7.7 7.5 2.5 2 1 3 2 2
-414.9 -2141.1 52.8 174 0 7.3 7.4 7.5 0.0 0 1 3 2 2
-441.3 -2091.7 45.2 114 0 6.5 6.6 5.0 2.5 2 1 2 1 1
-441.0 -2100.5 46.5 132 0 6.5 6.8 2.5 2.5 2 1 1 5 5
-435.3 -2110.4 46.6 131 0 11.5 11.6 5.0 2.5 2 1 2 5 5
-712.2 -1984.3 39.7 23 0 5.9 4.0 7.5 2.5 2 0 3 2 2
-703.1 -2000.9 39.7 276 0 11.3 6.7 7.5 2.5 2 0 3 1 1
-668.8 -1950.0 45.1 177 0 9.6 11.9 7.5 2.5 2 1 3 2 2
-653.1 -1996.7 41.3 90 0 12.7 9.4 5.0 0.0 0 0 2 3 3
-668.6 -1964.0 40.5 251 0 18.6 11.8 5.0 2.5 2 0 2 1 1
-295.7 -2177.3 52.0 288 0 5.2 8.2 7.5 2.5 2 1 3 5 5
-318.4 -2188.9 55.4 86 0 8.8 6.6 5.0 2.5 2 0 2 5 5
-274.4 -2197.9 53.0 40 0 10.1 12.6 2.5 2.5 2 1 1 2 2
1.1 -1195.6 45.6 76 0 6.2 5.1 5.0 2.5 2 0 2 3 3
24.2 -1182.7 42.0 342 0 8.7 6.4 7.5 2.5 2 0 3 2 2
14.7 -1198.4 43.2 72 0 12.1 11.6 2.5 2.5 2 0 1 0 0
-120.8 -1636.7 54.0 160 0 5.6 6.3 5.0 2.5 2 1 2 0 0
-137.4 -1631.4 57.5 48 0 12.7 12.0 7.5 2.5 2 0 3 3 3
-127.7 -1661.3 55.7 277 0 9.8 9.5 7.5 0.0 0 0 3 4 4
-137.3 -1672.8 58.7 277 0 9.1 7.7 7.5 2.5 2 0 3 4 4
-313.8 -1188.4 76.7 177 0 8.4 6.9 5.0 2.5 2 0 2 0 0
-365.2 -1140.3 77.3 60 0 10.9 9.0 7.5 2.5 2 0 3 0 0
-392.1 -1138.6 77.6 136 0 12.5 14.8 7.5 2.5 4 1 3 4 4
-314.1 -1175.0 76.4 175 0 11.8 9.5 7.5 2.5 2 0 3 1 1
-320.9 -1183.2 76.9 9 0 8.2 7.4 5.0 2.5 2 0 2 4 4
-315.5 -1202.0 77.0 294 0 6.7 9.0 5.0 2.5 2 1 2 2 2
22.2 -1654.3 43.4 203 0 10.5 13.1 5.0 2.5 2 1 2 1 1
-15.9 -1673.9 45.7 230 0 7.1 4.2 5.0 2.5 2 0 2 2 2
-2.9 -1664.5 44.0 230 0 13.8 20.6 10.0 0.0 0 1 4 0 0
-197.8 -849.4 57.7 174 0 6.7 7.5 7.5 2.5 2 1 3 1 1
-183.2 -872.2 55.6 100 0 9.5 10.0 7.5 2.5 2 1 3 2 2
