5730.5 -4853.2 -285.8 338 0 52.8 122.0 14.0 0.0 0 1 4 3 3
5714.5 -4661.1 -288.7 159 0 242.9 189.1 14.0 0.0 0 0 4 2 2
5597.7 -4962.3 -286.2 67 0 39.1 86.5 14.0 0.0 0 1 4 0 0
5885.9 -5096.0 -288.7 158 0 207.7 47.2 14.0 0.0 0 0 4 3 3
5291.4 -4711.8 -289.4 182 0 200.5 405.2 14.0 0.0 0 1 4 0 0
5322.8 -5103.7 -288.6 158 0 228.3 265.6 14.0 0.0 0 1 4 5 5
5226.9 -6074.6 -298.0 248 0 170.8 74.3 14.0 0.0 0 0 4 4 4
5250.6 -5194.9 -291.5 356 0 50.3 133.2 14.0 0.0 0 1 4 0 0
4926.3 -4912.6 -286.4 150 0 27.2 28.0 10.5 0.0 0 1 3 2 2
1799.9 -4276.2 -195.2 18 0 70.0 21.1 14.0 3.5 2 0 4 1 1
1867.7 -4135.8 -199.2 18 0 102.5 16.0 14.0 0.0 0 0 4 5 5
1894.6 -4063.3 -196.2 20 0 22.3 39.2 14.0 0.0 0 1 4 0 0
1854.0 -4098.9 -197.3 18 0 41.0 13.4 14.0 3.5 2 0 4 5 5
1835.3 -4156.9 -198.9 18 0 40.7 14.7 14.0 3.5 2 0 4 0 0
1916.2 -4658.8 -203.4 18 0 51.8 26.7 14.0 0.0 0 0 4 0 0
1837.1 -4670.3 -201.5 109 0 24.8 38.0 14.0 0.0 0 1 4 1 1
1783.1 -4611.8 -202.0 199 0 12.1 22.0 14.0 3.5 2 1 4 1 1
5678.9 6289.7 -258.9 246 0 26.3 22.7 14.0 3.5 2 0 4 0 0
-3076.1 -9335.6 181.3 184 0 9.1 17.1 10.5 3.5 2 1 3 4 4
-3064.4 -9357.6 181.7 92 0 22.9 13.5 10.5 3.5 2 0 3 1 1
5470.3 -1056.4 -262.3 10 0 24.8 15.6 14.0 3.5 2 0 4 1 1
4314.0 -2203.5 -263.1 241 0 20.4 18.3 10.5 3.5 2 0 3 1 1
5018.9 -2684.8 -273.1 338 0 16.9 21.4 14.0 3.5 2 1 4 3 3
4891.1 -2202.3 -267.8 51 0 21.4 16.1 14.0 3.5 2 0 4 5 5
3403.7 -5125.5 -249.3 154 0 12.4 16.3 14.0 3.5 2 1 4 0 0
4332.1 -5328.1 -284.5 203 0 64.9 108.7 14.0 0.0 0 1 4 4 4
5104.9 -3674.5 -279.4 259 0 88.8 45.5 14.0 0.0 0 0 4 1 1
5071.2 -3625.3 -278.3 115 0 19.6 65.8 14.0 3.5 2 1 4 3 3
4323.8 -5510.6 -284.0 121 0 41.7 130.2 14.0 0.0 0 1 4 5 5
5266.7 -3649.0 -280.1 94 0 28.6 14.2 14.0 3.5 2 0 4 2 2
4326.6 -5408.6 -279.5 211 0 68.3 27.2 14.0 0.0 0 0 4 2 2
5191.8 -3681.4 -279.6 259 0 51.9 80.6 14.0 0.0 0 1 4 1 1
5102.6 -3632.8 -278.5 115 0 19.6 65.8 14.0 3.5 2 1 4 4 4
5141.5 -3635.9 -279.1 115 0 19.6 65.8 14.0 3.5 2 1 4 4 4
5076.6 -3760.3 -279.3 168 0 49.5 90.6 14.0 0.0 0 1 4 5 5
1488.8 -5608.8 -253.8 332 0 14.8 21.9 10.5 3.5 2 1 3 5 5
-2880.5 -3607.7 -59.0 246 0 25.8 15.7 14.0 3.5 2 0 4 0 0
-5636.6 -270.2 -299.0 236 0 21.0 14.3 10.0 2.5 2 0 4 1 1
6068.1 -6932.2 -300.3 242 0 22.4 17.7 14.0 0.0 0 0 4 2 2
4995.3 -7767.9 -300.4 333 0 14.4 19.2 14.0 3.5 4 1 4 0 0
2163.5 -8842.0 -227.9 249 0 24.7 16.7 14.0 3.5 2 0 4 4 4
-2215.2 -8012.1 -5.7 329 0 19.7 27.9 10.5 3.5 2 1 3 0 0
1815.5 -5075.3 -232.2 249 0 22.9 20.1 14.0 3.5 2 0 4 2 2
528.2 -2769.8 -90.2 69 0 21.1 13.7 10.5 3.5 2 0 3 4 4
4386.4 -3499.6 -267.6 331 0 17.5 21.8 10.5 3.5 2 1 3 5 5
3062.9 10041.2 356.5 84 0 17.2 12.4 14.0 3.5 2 0 4 3 3
4939.2 -3121.2 -273.5 204 0 30.0 20.1 14.0 0.0 0 0 4 3 3
5913.3 -9110.4 -285.2 149 0 13.4 24.5 10.5 3.5 2 1 3 5 5
3883.5 -10040.2 -299.4 148 0 20.7 21.5 14.0 3.5 2 1 4 1 1
5118.6 -9318.3 -298.9 157 0 16.8 32.2 14.0 3.5 2 1 4 0 0
5118.7 -9279.3 -298.8 247 0 32.2 16.8 14.0 3.5 2 0 4 4 4
-5633.2 -5813.8 -366.9 67 0 16.0 13.2 14.0 3.5 2 0 4 5 5
3910.7 -9968.5 -299.8 200 0 13.6 19.0 14.0 3.5 2 1 4 5 5
2753.1 -9874.8 -303.3 341 0 85.2 27.2 14.0 0.0 0 0 4 1 1
5278.1 -5219.0 -289.7 178 0 20.3 13.6 14.0 3.5 2 0 4 0 0
2694.8 -9289.8 -298.7 102 0 26.6 30.3 10.0 0.0 0 1 4 5 5
621.3 -5010.4 -221.2 34 0 7.0 12.3 10.5 3.5 2 1 3 2 2
598.9 -5000.1 -220.3 120 0 12.1 6.9 10.5 3.5 2 0 3 5 5
583.4 -4914.1 -215.5 127 0 9.4 17.9 7.5 0.0 0 1 3 4 4
-1711.7 -345.5 -18.2 140 0 14.0 18.9 14.0 3.5 4 1 4 0 0
-1292.7 -742.1 -1.1 93 0 40.8 9.8 10.5 3.5 2 0 3 4 4
-1336.5 -699.3 -5.3 210 0 13.0 24.8 14.0 3.5 2 1 4 0 0
-351.8 -4474.2 -198.2 7 0 11.6 54.9 17.5 0.0 0 1 7 2 2
-368.3 -4500.2 -199.3 102 0 39.0 12.7 12.5 2.5 2 0 5 4 4
1944.8 -4686.5 -207.0 197 0 21.5 13.1 10.5 3.5 2 0 3 3 3
1751.8 -4256.3 -199.8 200 0 20.2 6.7 10.5 3.5 2 0 3 5 5
1789.0 -4239.7 -196.6 19 0 8.2 17.3 10.5 3.5 2 1 3 2 2
1764.1 -4248.2 -197.7 198 0 9.7 20.2 10.5 3.5 2 1 3 0 0
1799.1 -4223.0 -194.8 20 0 10.1 12.8 14.0 3.5 2 1 4 4 4
1799.1 -4348.4 -191.0 19 0 13.5 11.5 14.0 3.5 2 0 4 5 5
1793.1 -4364.6 -194.8 21 0 9.7 34.3 10.5 3.5 2 1 3 2 2
1784.8 -4386.3 -194.7 20 0 12.4 19.5 14.0 0.0 0 1 4 0 0
1763.6 -4452.5 -197.2 18 0 20.0 14.2 14.0 3.5 2 0 4 3 3
1751.1 -4490.5 -199.2 18 0 20.0 14.2 14.0 3.5 2 0 4 3 3
1936.3 -4883.7 -225.0 42 0 26.6 21.4 10.5 0.0 0 0 3 0 0
1883.6 -4859.3 -220.5 123 0 25.8 20.1 10.5 3.5 4 0 3 3 3
6832.6 -10149.8 -283.9 258 0 5.9 9.8 10.5 0.0 0 1 3 2 2
6861.3 -10153.1 -283.1 247 0 32.3 32.7 14.0 0.0 0 1 4 5 5
6525.6 -9334.2 -294.2 333 0 28.0 19.7 14.0 3.5 2 0 4 3 3
6484.2 -9307.7 -293.8 244 0 35.6 18.5 14.0 0.0 0 0 4 5 5
6941.7 -9406.5 -293.4 334 0 22.9 25.5 14.0 0.0 0 1 4 1 1
5063.5 -6503.9 -299.1 347 0 56.1 19.9 14.0 3.5 2 0 4 3 3
5074.1 -6425.4 -299.7 77 0 15.1 11.2 14.0 3.5 2 0 4 1 1
5154.9 -6399.5 -299.6 347 0 10.7 12.9 14.0 3.5 2 0 4 5 5
5134.7 -6411.7 -299.8 77 0 18.9 14.0 14.0 3.5 2 0 4 4 4
5043.0 -6433.9 -299.5 77 0 30.6 12.6 14.0 3.5 2 0 4 5 5
5103.5 -6418.8 -299.8 77 0 45.1 11.2 14.0 3.5 4 0 4 2 2
4881.8 -6364.6 -297.9 168 0 25.1 11.1 10.5 3.5 2 0 3 4 4
2151.4 -5818.2 -269.0 192 0 12.1 40.4 10.0 2.5 2 1 4 4 4
2207.6 -5715.4 -266.5 15 0 5.9 16.0 10.5 3.5 2 1 3 3 3
1226.2 -5334.7 -251.7 82 0 18.8 40.7 14.0 3.5 2 1 4 3 3
1294.0 -5343.6 -253.6 83 0 18.1 31.0 21.0 0.0 0 1 6 3 3
1035.6 -5394.0 -248.5 106 0 10.1 19.9 5.0 0.0 0 1 2 5 5
253.3 -5046.9 -234.8 24 0 33.6 67.2 14.0 0.0 0 1 4 4 4
124.8 -5137.8 -237.3 128 0 7.5 24.9 12.0 3.5 2 0 3 2 2
95.8 -5085.5 -236.9 306 0 101.9 40.6 10.5 0.0 0 0 3 2 2
-216.2 -4526.8 -215.6 155 0 35.4 80.4 14.0 0.0 0 1 4 1 1
5281.0 -9277.1 -298.9 63 0 32.8 21.1 14.0 0.0 0 0 4 0 0
5246.6 -9293.3 -298.8 64 0 23.7 19.5 14.0 3.5 2 0 4 2 2
5322.2 -9342.1 -299.4 135 0 115.5 41.5 17.5 0.0 0 0 5 3 3
5259.0 -9363.6 -298.3 65 0 102.6 47.7 17.5 0.0 0 0 5 1 1
5143.2 -9406.1 -299.0 158 0 148.5 47.2 17.5 0.0 0 0 5 3 3
5382.5 -9236.6 -298.5 66 0 66.0 71.4 17.5 0.0 0 1 5 4 4
5463.9 -9664.7 -267.9 147 0 36.7 59.9 14.0 0.0 0 1 4 4 4
3892.5 -1787.3 -258.0 66 0 22.0 22.0 14.0 3.5 2 1 4 5 5
4446.8 -2733.6 -256.5 246 0 26.9 19.3 14.0 3.5 2 0 4 3 3
4534.8 -2623.9 -256.8 269 0 14.8 26.9 14.0 0.0 0 1 4 2 2
6188.9 -10320.8 -281.5 63 0 30.2 29.3 14.0 0.0 0 0 4 0 0
-5500.9 -6268.0 -370.0 92 0 22.6 38.8 15.0 0.0 0 1 6 3 3
-5521.6 -6156.1 -370.5 160 0 10.2 7.7 7.0 3.5 2 0 2 2 2
6775.6 -4383.9 -289.1 100 0 28.1 26.2 7.0 0.0 0 0 2 1 1
1428.8 -5234.4 -248.8 341 0 34.0 28.7 12.5 0.0 0 0 5 3 3
4831.7 -2426.4 -269.5 122 0 21.8 14.3 10.5 3.5 2 0 3 1 1
