2438.9 -4023.4 -18.1 20 0 75.4 99.8 7.5 0.0 0 1 3 3 3
4945.7 -2039.9 97.0 150 0 82.6 187.1 12.5 0.0 0 1 5 4 4
-4800.8 4070.5 -153.8 148 0 110.9 77.8 5.0 0.0 0 0 2 3 3
-1942.7 -1885.1 -46.4 263 0 36.1 62.5 10.0 0.0 0 1 4 4 4
-1865.5 -1973.0 -46.2 355 0 37.3 47.1 10.0 0.0 0 1 4 0 0
-1999.4 -2040.9 -45.0 169 0 39.7 49.1 7.5 0.0 0 1 3 2 2
4593.5 -9567.1 275.6 335 0 17.9 21.2 10.0 2.5 4 1 4 2 2
2358.3 -1295.8 214.3 339 0 15.5 23.2 12.5 2.5 2 1 5 5 5
2276.1 -5016.1 -17.1 84 0 11.1 20.2 10.0 2.5 2 1 4 3 3
-2597.3 -8241.8 -280.6 238 0 13.6 13.3 10.0 2.5 2 0 4 1 1
-2033.1 -2261.3 -41.2 152 0 14.8 24.0 7.5 2.5 2 1 3 4 4
-1925.4 -905.3 -53.1 329 0 16.9 23.1 7.5 2.5 2 1 3 2 2
-3256.3 1885.7 -126.5 164 0 13.6 20.0 12.5 2.5 2 1 5 5 5
-5913.6 5708.0 -130.2 337 0 13.8 17.0 7.5 0.0 0 1 3 3 3
6671.5 -1923.3 109.5 336 0 14.8 20.5 10.0 2.5 2 1 4 1 1
3745.6 -7796.3 221.1 328 0 12.5 18.4 7.5 2.5 2 1 3 0 0
2458.0 -5232.5 14.8 282 0 5.9 10.3 7.5 2.5 2 1 3 1 1
2666.2 -5042.4 6.3 81 0 8.6 10.0 7.5 0.0 0 1 3 0 0
2497.3 -5293.7 26.2 189 0 10.5 14.0 5.0 2.5 2 1 2 3 3
2142.9 -4907.0 -28.2 135 0 10.0 9.7 2.5 2.5 2 0 1 1 1
2153.8 -4910.8 -27.3 194 0 7.4 10.3 5.0 2.5 2 1 2 5 5
6069.8 9461.5 -39.8 178 0 17.0 58.0 12.5 2.5 2 1 5 3 3
6007.1 9234.5 -50.5 89 0 17.1 25.9 10.0 2.5 2 1 4 0 0
5937.8 9496.4 -43.6 358 0 26.3 20.9 10.0 2.5 2 0 4 5 5
5940.3 9423.5 -53.8 357 0 15.4 24.4 10.0 0.0 0 1 4 2 2
5850.9 9173.8 -35.0 269 0 44.8 26.7 10.0 0.0 0 0 4 5 5
5766.7 9176.4 -37.2 180 0 61.0 26.2 12.5 2.5 2 0 5 2 2
5845.0 9255.3 -50.4 0 0 26.0 60.5 12.5 2.5 2 1 5 5 5
5844.2 9328.3 -52.7 358 0 25.9 41.6 10.0 2.5 2 1 4 0 0
1954.1 8075.7 26.5 175 0 13.4 18.7 12.5 2.5 2 1 5 4 4
4856.1 3801.5 107.9 63 0 12.9 8.2 5.0 0.0 0 0 2 4 4
6838.0 9233.8 -49.7 133 0 11.2 18.0 7.5 2.5 2 1 3 2 2
6904.1 9264.2 -53.0 43 0 18.0 11.2 5.0 2.5 2 0 2 2 2
6925.2 9293.5 -55.2 313 0 11.2 18.0 2.5 2.5 2 1 1 1 1
6909.9 9307.2 -52.8 314 0 9.4 18.7 7.5 2.5 2 1 3 5 5
-2622.5 -9339.5 -289.5 10 0 5.6 42.2 4.0 2.5 2 0 1 5 5
-2620.9 -9291.5 -288.8 10 0 7.9 15.3 8.0 2.5 4 0 2 5 5
-2668.4 -9317.9 -289.5 190 0 14.9 6.7 8.0 2.5 2 0 2 5 5
-2674.5 -9381.0 -289.7 182 0 16.3 48.6 7.5 2.5 2 0 3 1 1
-2621.8 -9399.3 -289.6 2 0 16.0 53.4 10.0 2.5 4 0 4 2 2
-2630.1 -9884.7 -292.0 281 0 31.7 6.4 4.0 0.0 0 0 1 4 4
-2623.7 -9868.8 -291.9 281 0 51.5 16.8 12.5 2.5 2 0 5 1 1
-2567.1 -9861.0 -291.8 288 0 19.6 7.9 4.0 2.5 2 0 1 0 0
-2582.6 -9933.0 -290.0 15 0 15.8 26.2 12.5 2.5 2 0 5 1 1
-2607.9 -9926.2 -291.4 15 0 15.8 36.2 12.5 2.5 2 0 5 1 1
-2653.0 -9945.2 -291.0 105 0 8.5 21.9 8.0 2.5 2 0 2 1 1
-2654.6 -9958.8 -290.6 105 0 4.6 13.5 12.0 2.5 2 0 3 3 3
-2581.8 -9952.6 -290.5 15 0 16.6 66.5 12.5 2.5 2 0 5 0 0
-2586.0 -9968.6 -289.2 15 0 16.5 30.1 12.5 2.5 2 0 5 2 2
-2634.8 -9964.1 -290.5 105 0 36.4 16.5 12.5 2.5 2 0 5 4 4
-2596.8 -9808.4 -291.0 101 0 5.2 16.6 12.0 2.5 2 0 3 4 4
-2622.2 -9832.6 -291.6 101 0 35.6 40.1 12.5 0.0 0 0 5 2 2
-2608.0 -10003.8 -290.8 291 0 6.9 32.3 8.0 2.5 2 0 2 3 3
-2674.2 -10112.0 -293.0 104 0 16.2 81.0 12.5 2.5 2 0 5 4 4
-2731.0 -8608.3 -284.5 8 0 15.3 8.5 5.0 2.5 2 0 2 1 1
-2769.1 -9173.1 -289.2 1 0 14.3 10.1 5.0 2.5 2 0 2 4 4
-2573.8 -9668.3 -291.5 285 0 82.7 67.4 10.0 0.0 0 0 4 0 0
-2672.7 -8987.9 -288.5 185 0 76.1 106.1 12.5 0.0 0 1 5 0 0
-2372.9 -7991.6 -278.2 21 0 29.0 32.8 12.5 0.0 0 1 5 2 2
-2606.0 -9449.6 -289.5 273 0 12.8 36.0 12.5 2.5 2 1 5 3 3
-2672.4 -9458.5 -289.9 192 0 34.4 53.3 10.0 0.0 0 1 4 5 5
-2626.2 -9127.6 -288.7 90 0 96.2 87.9 10.0 0.0 0 0 4 5 5
-2453.5 -7813.4 -275.7 271 0 30.4 58.7 12.5 0.0 0 1 5 3 3
-2553.1 -8044.6 -279.8 188 0 100.8 75.4 10.0 0.0 0 0 4 4 4
-2531.0 -7813.9 -276.4 189 0 11.2 17.6 7.5 2.5 2 1 3 3 3
-2228.3 -8806.6 -278.7 33 0 17.8 20.4 12.5 2.5 4 1 5 3 3
-2590.1 -9353.5 -288.2 188 0 17.5 10.3 4.0 2.5 2 0 1 4 4
-1953.5 -7125.2 -266.7 78 0 83.4 131.4 15.0 0.0 0 1 6 0 0
-1907.9 -7379.9 -270.9 185 0 31.2 54.7 12.5 0.0 0 0 5 1 1
-1882.2 -7404.1 -270.8 186 0 5.5 26.5 4.0 2.5 2 0 1 2 2
-1859.9 -7466.8 -271.5 96 0 5.7 57.0 7.5 2.5 2 0 3 5 5
-1889.3 -7463.4 -272.0 97 0 53.5 57.0 12.5 0.0 0 0 5 0 0
-1957.3 -7493.8 -272.8 11 0 32.5 7.9 7.5 2.5 2 0 3 3 3
-1965.0 -7492.4 -272.7 10 0 32.5 29.3 7.5 0.0 0 0 3 3 3
-1951.1 -7451.5 -272.1 4 0 23.1 47.5 7.5 0.0 0 1 3 5 5
-2150.6 -7822.0 -268.4 23 0 17.2 21.7 10.0 2.5 2 0 4 4 4
-1984.4 -8170.8 -272.6 308 0 35.1 83.9 12.5 0.0 0 1 5 2 2
-2010.3 -8110.3 -277.7 7 0 52.7 22.8 10.0 2.5 2 0 4 1 1
-2118.2 -8068.7 -279.5 271 0 25.4 51.5 7.5 2.5 2 1 3 4 4
-2154.7 -8061.5 -279.4 272 0 29.4 5.7 8.0 2.5 2 0 2 5 5
-2154.9 -8067.2 -279.4 272 0 29.4 76.0 7.5 0.0 0 0 3 4 4
-2214.3 -8194.8 -276.6 101 0 4.9 9.6 8.0 2.5 4 0 2 1 1
-2190.7 -8195.8 -276.2 101 0 15.6 5.8 8.0 2.5 2 0 2 1 1
-2144.8 -8204.4 -275.7 101 0 63.3 5.8 7.5 2.5 2 0 3 3 3
-2274.0 -7924.9 -274.2 111 0 61.5 194.1 15.0 0.0 0 1 6 4 4
-2225.9 -7573.6 -273.3 183 0 18.3 89.3 7.5 0.0 0 1 3 0 0
-2150.1 -7380.5 -270.5 108 0 66.6 16.6 7.5 2.5 2 0 3 0 0
-1966.2 -7407.8 -271.4 94 0 51.5 37.7 12.5 0.0 0 0 5 4 4
-2022.9 -7271.2 -268.8 80 0 57.7 36.3 7.5 0.0 0 0 3 1 1
-2086.5 -7123.2 -266.5 89 0 24.6 12.3 7.5 2.5 2 0 3 2 2
-2258.3 -7365.4 -270.2 94 0 29.4 5.9 4.0 2.5 4 0 1 1 1
-2282.0 -7357.9 -270.1 94 0 29.4 52.8 12.5 0.0 0 0 5 1 1
-2483.6 -7582.9 -273.2 181 0 4.5 22.6 4.0 2.5 2 0 1 2 2
-2297.5 -7404.0 -270.8 359 0 9.0 9.4 8.0 2.5 2 0 2 5 5
-2297.2 -7430.0 -271.3 359 0 29.6 9.4 7.5 2.5 2 0 3 1 1
-2181.9 -7114.1 -266.2 88 0 31.1 7.1 8.0 2.5 2 0 2 2 2
-2166.5 -7055.7 -265.5 359 0 10.2 31.1 7.5 2.5 2 1 3 4 4
-2208.7 -7061.5 -265.5 89 0 17.4 10.2 8.0 2.5 2 0 2 2 2
-2158.5 -7079.0 -265.9 359 0 29.2 64.6 12.5 0.0 0 1 5 0 0
-1923.6 -7147.5 -268.7 257 0 39.6 91.9 10.0 0.0 0 0 4 2 2
-2185.7 -6946.2 -262.6 98 0 54.4 32.1 10.0 0.0 0 0 4 1 1
-2193.1 -6788.1 -253.7 5 0 28.8 14.0 12.5 2.5 2 0 5 5 5
-2197.1 -6608.0 -257.9 97 0 8.6 34.8 7.5 2.5 2 0 3 4 4
-2105.6 -6474.1 -257.0 303 0 6.6 43.0 7.5 2.5 2 1 3 2 2
-2067.2 -6424.1 -255.7 12 0 24.6 15.8 7.5 2.5 2 0 3 1 1
-2023.8 -6411.7 -255.6 13 0 70.7 12.9 10.0 2.5 2 0 4 5 5
-2265.1 -6059.1 -249.9 6 0 30.4 14.9 10.0 2.5 2 0 4 2 2
-2275.4 -6025.6 -248.6 276 0 62.8 16.9 12.5 2.5 2 0 5 4 4
-2304.2 -6100.9 -251.1 96 0 39.1 61.0 7.5 0.0 0 0 3 4 4
-2573.3 -6525.9 -259.4 97 0 41.0 116.7 10.0 0.0 0 0 4 0 0
-2287.7 -6765.2 -258.9 8 0 5.9 30.1 8.0 2.5 2 0 2 4 4
-2409.4 -6870.3 -262.7 193 0 8.3 25.9 8.0 2.5 2 1 2 5 5
-2397.9 -6806.5 -262.0 187 0 78.1 141.7 17.5 0.0 0 1 7 1 1
-2639.4 -8615.5 -283.4 187 0 5.4 7.8 4.0 2.5 2 0 1 4 4
-2631.6 -8616.4 -283.7 187 0 8.4 28.4 7.5 2.5 2 0 3 4 4
-2639.2 -8604.5 -283.4 187 0 16.4 30.1 10.0 2.5 2 0 4 1 1
-2657.3 -8688.6 -284.8 181 0 10.3 9.5 8.0 2.5 2 0 2 1 1
-2660.4 -8736.5 -286.0 185 0 13.8 7.0 8.0 2.5 2 0 2 5 5
-2466.1 -8461.5 -282.2 101 0 32.2 36.0 10.0 0.0 0 1 4 4 4
-1649.8 -7557.0 -270.4 283 0 46.5 49.1 15.0 0.0 0 0 6 5 5
-1588.6 -7642.9 -264.4 189 0 20.4 10.4 8.0 2.5 4 0 2 4 4
-1578.3 -7644.6 -262.9 189 0 26.7 64.3 12.5 0.0 0 0 5 2 2
-1516.5 -7718.5 -256.2 7 0 9.5 21.2 8.0 2.5 2 0 2 4 4
-1801.9 -7499.8 -271.5 288 0 16.7 9.1 12.0 2.5 2 0 3 0 0
-1837.5 -7535.1 -272.4 190 0 21.8 20.8 7.5 2.5 2 0 3 0 0
-1816.1 -7413.5 -270.3 12 0 6.1 15.6 4.0 2.5 2 0 1 0 0
-1817.7 -7420.7 -270.5 12 0 8.5 24.1 4.0 2.5 4 0 1 0 0
-1838.1 -7453.3 -271.1 102 0 25.8 32.1 15.0 0.0 0 0 6 5 5
-1708.8 -7820.0 -267.5 10 0 10.5 25.6 10.0 2.5 2 1 4 4 4
-1673.0 -7864.8 -260.7 100 0 9.6 15.2 8.0 2.5 2 1 2 2 2
-1686.9 -7836.9 -263.1 280 0 17.9 30.3 10.0 2.5 2 1 4 5 5
-1728.5 -7860.0 -266.8 100 0 34.9 30.3 15.0 0.0 0 0 6 1 1
-1796.0 -7242.6 -265.3 352 0 19.0 20.7 10.0 2.5 2 1 4 4 4
-1745.8 -7166.9 -260.3 178 0 7.6 30.1 8.0 0.0 0 0 2 3 3
-1677.5 -7280.9 -258.9 271 0 12.7 22.9 7.5 2.5 2 0 3 4 4
-1759.6 -7290.5 -263.1 169 0 23.5 73.8 10.0 0.0 0 0 4 5 5
-1571.9 -7285.8 -238.9 273 0 52.0 25.0 10.0 2.5 2 0 4 0 0
-1633.9 -7282.4 -256.7 274 0 53.0 22.0 12.5 2.5 2 0 5 3 3
-1698.4 -7490.8 -270.3 90 0 62.5 169.9 15.0 0.0 0 1 6 5 5
-2348.6 -8206.8 -276.1 46 0 30.4 6.0 8.0 2.5 2 0 2 4 4
-2302.4 -8150.9 -279.1 19 0 5.0 16.6 8.0 2.5 4 1 2 2 2
-2320.9 -8161.0 -279.0 27 0 14.2 16.3 4.0 0.0 0 0 1 5 5
-2332.5 -8179.8 -277.8 0 0 5.0 33.3 8.0 2.5 4 0 2 2 2
-2365.7 -8160.7 -279.1 180 0 32.9 33.3 12.5 0.0 0 0 5 3 3
-2462.6 -8068.2 -278.9 85 0 5.6 13.4 4.0 2.5 2 1 1 1 1
-2414.0 -8136.2 -279.6 2 0 20.0 29.3 7.5 0.0 0 0 3 5 5
-2399.7 -8140.0 -279.4 2 0 26.6 14.4 7.5 2.5 2 0 3 3 3
-2460.6 -8100.5 -279.5 356 0 21.0 11.2 4.0 2.5 2 0 1 2 2
-2395.9 -8065.9 -278.8 10 0 21.4 55.6 7.5 2.5 2 0 3 3 3
-2401.6 -8097.1 -279.3 10 0 42.1 48.1 7.5 0.0 0 0 3 0 0
-2429.6 -8155.9 -279.2 8 0 8.4 19.4 8.0 2.5 2 1 2 5 5
-2492.4 -8282.9 -278.2 274 0 7.5 7.5 4.0 2.5 4 0 1 0 0
-2489.9 -8260.7 -277.9 274 0 9.1 22.3 8.0 2.5 2 0 2 1 1
-2522.1 -8236.2 -278.9 274 0 15.1 21.9 7.5 2.5 4 0 3 3 3
-2512.5 -8258.9 -279.0 274 0 36.3 29.8 12.5 0.0 0 0 5 3 3
-2514.7 -8288.6 -280.1 274 0 36.3 30.8 12.5 0.0 0 0 5 3 3
-2594.6 -8352.2 -282.9 191 0 42.5 12.5 10.0 2.5 2 0 4 3 3
-2473.2 -8361.5 -281.6 11 0 39.4 88.3 10.0 0.0 0 0 4 1 1
-2532.4 -8409.7 -283.2 101 0 78.9 39.0 10.0 0.0 0 0 4 2 2
-2345.1 -7914.2 -276.5 20 0 50.8 38.5 10.0 0.0 0 0 4 4 4
-2189.3 -8047.1 -278.6 88 0 14.3 21.1 10.0 2.5 2 0 4 1 1
-2281.7 -7576.7 -273.3 2 0 38.9 72.3 12.5 0.0 0 0 5 2 2
-2283.2 -7616.8 -274.0 2 0 41.3 72.3 7.5 0.0 0 0 3 5 5
-2437.2 -7594.2 -273.8 182 0 74.5 50.9 12.5 0.0 0 0 5 2 2
-2286.3 -7934.0 -275.1 294 0 45.3 6.4 7.5 2.5 2 0 3 5 5
-2291.2 -8063.5 -278.3 9 0 23.0 59.1 7.5 2.5 2 0 3 2 2
-2134.9 -7192.8 -267.8 264 0 5.8 14.8 12.0 2.5 2 1 3 3 3
-2111.3 -7185.8 -267.8 264 0 22.4 27.3 7.5 0.0 0 1 3 1 1
-2309.0 -7302.3 -269.3 2 0 11.9 25.5 7.5 0.0 0 1 3 2 2
-2294.0 -7145.7 -267.8 266 0 40.6 81.7 10.0 0.0 0 0 4 4 4
-2450.9 -7239.6 -268.1 181 0 8.8 81.7 7.5 2.5 2 0 3 4 4
-2475.4 -7338.5 -270.2 181 0 51.6 65.3 10.0 0.0 0 0 4 0 0
-2340.5 -7147.4 -267.7 266 0 30.5 82.0 10.0 0.0 0 1 4 2 2
-2219.3 -7130.1 -266.4 266 0 41.5 9.7 7.5 2.5 2 0 3 1 1
-2226.3 -7140.2 -266.6 266 0 56.8 11.1 10.0 2.5 2 0 4 3 3
-2145.9 -7277.8 -268.9 83 0 45.5 59.5 12.5 0.0 0 1 5 0 0
-2081.8 -7264.1 -268.7 84 0 31.9 37.6 7.5 0.0 0 0 3 2 2
-2099.1 -7219.2 -268.0 264 0 10.1 8.8 8.0 2.5 2 0 2 3 3
-1863.4 -6836.6 -261.3 182 0 61.9 38.2 10.0 0.0 0 0 4 1 1
-2413.8 -2062.6 -46.4 203 0 19.6 52.5 12.5 0.0 0 1 5 1 1
-2251.5 -2085.2 -48.4 18 0 29.9 66.0 7.5 0.0 0 1 3 0 0
-2311.1 -2393.2 -47.3 177 0 45.1 90.7 12.5 0.0 0 1 5 0 0
-2028.0 -1253.1 -50.0 177 0 11.1 22.0 4.0 0.0 0 0 1 2 2
-2065.5 -1294.8 -49.9 177 0 13.6 38.7 10.0 2.5 2 0 4 3 3
-1925.9 -1276.7 -49.0 357 0 30.2 78.5 12.5 0.0 0 0 5 4 4
-1962.2 -1420.7 -48.1 89 0 35.7 82.8 12.5 0.0 0 1 5 3 3
-1945.3 -1160.7 -47.5 357 0 49.1 52.5 10.0 0.0 0 1 4 1 1
-2183.9 -5534.6 -239.4 101 0 15.7 13.2 5.0 2.5 2 0 2 1 1
-2224.2 -5519.8 -239.4 191 0 13.2 34.6 10.0 2.5 2 0 4 2 2
935.7 -9847.9 -52.8 257 0 39.0 194.1 12.5 0.0 0 1 5 4 4
875.7 -9861.3 -51.9 256 0 39.2 157.0 12.5 0.0 0 1 5 5 5
817.6 -9875.1 -50.9 257 0 38.2 120.3 10.0 0.0 0 1 4 2 2
731.0 -9934.0 -47.9 347 0 64.8 19.9 10.0 2.5 2 0 4 1 1
-5373.7 -8462.8 -279.2 351 0 18.1 23.5 10.0 2.5 2 1 4 1 1
-927.7 -1903.0 -29.6 308 0 15.6 15.6 10.0 2.5 2 0 4 3 3
-982.8 -1988.8 -26.6 39 0 33.3 36.9 12.5 0.0 0 1 5 4 4
-724.8 -1866.6 -27.8 199 0 8.9 12.7 7.5 2.5 2 1 3 3 3
-733.1 -1869.2 -28.0 113 0 9.2 9.3 5.0 2.5 2 1 2 3 3
-81.8 2451.6 80.4 333 0 12.7 15.8 5.0 2.5 2 1 2 2 2
473.2 9238.7 -23.8 65 0 26.1 15.7 10.0 2.5 2 0 4 3 3
