3466.7 -8432.3 -164.7 261 0 14.7 15.2 7.5 2.5 2 1 3 5 5
6205.4 -6939.2 -172.3 164 0 173.6 62.2 7.5 0.0 0 0 3 2 2
4600.7 -87.0 -173.1 276 0 13.3 48.3 10.0 2.5 2 1 4 4 4
4809.5 368.4 -174.7 58 0 21.8 13.9 7.5 2.5 2 0 3 3 3
5018.9 1209.9 -173.4 69 0 17.9 12.1 14.0 3.5 2 0 4 2 2
4898.5 1612.5 -169.7 334 0 12.5 18.6 10.5 3.5 2 1 3 0 0
5088.5 2661.4 -173.1 61 0 19.5 12.3 17.5 3.5 2 0 5 0 0
4137.5 2348.1 -165.1 240 0 22.3 17.5 10.5 3.5 2 0 3 5 5
4773.8 2054.9 -168.6 62 0 15.9 11.0 10.5 3.5 2 0 3 3 3
5811.6 2442.7 -175.8 54 0 18.2 12.5 14.0 3.5 2 0 4 2 2
5802.5 10621.1 -148.3 247 0 23.4 14.6 10.0 0.0 0 0 4 0 0
3504.9 2084.3 -162.4 238 0 15.1 20.4 5.0 2.5 2 1 2 0 0
6480.8 -8224.1 -169.1 331 0 13.7 19.1 10.0 2.5 4 1 4 2 2
1330.5 -1310.4 -113.9 332 0 12.0 17.8 5.0 2.5 2 1 2 1 1
814.9 -1534.4 -95.9 246 0 12.3 9.6 5.0 2.5 2 0 2 5 5
-4887.4 3860.6 171.9 257 0 17.1 12.3 7.5 2.5 2 0 3 2 2
6124.6 -6583.4 -172.0 344 0 29.3 18.5 7.5 2.5 2 0 3 1 1
6113.9 -6547.4 -172.2 344 0 28.7 13.2 10.0 2.5 2 0 4 5 5
6049.3 -6572.0 -171.9 254 0 17.4 35.8 5.0 2.5 2 1 2 3 3
6075.9 -6574.1 -172.0 254 0 16.8 21.6 7.5 2.5 2 1 3 4 4
-6699.9 1580.2 -35.7 266 0 21.0 13.8 10.0 2.5 2 0 4 5 5
5582.3 2128.1 -172.3 85 0 13.2 26.1 17.5 3.5 2 1 5 3 3
5629.0 2202.0 -172.9 261 0 17.1 25.8 17.5 3.5 2 1 5 4 4
5766.8 2122.6 -173.3 272 0 16.0 35.9 17.5 3.5 2 1 5 0 0
5365.4 2059.2 -171.7 177 0 11.7 16.4 17.5 3.5 2 1 5 0 0
5666.9 2094.4 -172.7 280 0 19.1 17.9 14.0 3.5 2 0 4 0 0
5589.8 2254.2 -173.3 84 0 11.2 17.6 17.5 3.5 2 1 5 5 5
5714.9 2225.0 -173.6 83 0 23.0 16.8 17.5 3.5 2 0 5 1 1
3018.0 -6684.5 -164.8 75 0 30.9 18.8 10.0 2.5 4 0 4 4 4
3302.6 2522.6 -155.6 190 0 17.9 15.2 7.5 2.5 2 0 3 0 0
3340.1 2552.6 -156.1 280 0 15.2 17.9 10.0 2.5 2 1 4 2 2
6190.9 2721.6 -178.5 153 0 13.1 21.5 14.0 3.5 2 1 4 4 4
5720.9 2726.5 -176.2 104 0 14.7 27.0 14.0 3.5 2 1 4 4 4
5025.0 2820.9 -172.5 360 0 17.3 14.9 17.5 3.5 2 0 5 1 1
5027.0 2863.0 -172.2 360 0 17.3 14.9 17.5 3.5 4 0 5 3 3
3374.3 2531.5 -156.5 10 0 17.9 15.2 7.5 2.5 2 0 3 1 1
3368.4 2507.1 -156.4 10 0 17.9 15.2 7.5 2.5 2 0 3 0 0
3356.0 2475.6 -156.7 100 0 15.2 17.9 10.0 2.5 2 1 4 2 2
3326.2 2477.7 -156.2 100 0 15.2 17.9 10.0 2.5 4 1 4 2 2
3303.2 2481.1 -155.8 100 0 15.2 17.9 7.5 2.5 2 1 3 0 0
3315.3 2561.5 -155.8 280 0 15.2 17.9 7.5 2.5 2 1 3 2 2
4040.5 1925.4 -168.0 355 0 19.7 27.5 7.5 2.5 2 1 3 1 1
4026.5 1991.0 -167.4 279 0 27.5 19.7 10.0 2.5 2 0 4 5 5
4003.8 1968.0 -167.5 268 0 18.7 29.0 10.0 2.5 2 1 4 1 1
4816.3 1565.2 -171.2 11 0 17.2 15.4 14.0 3.5 4 0 4 5 5
4811.4 1538.7 -171.9 11 0 17.2 15.4 14.0 3.5 2 0 4 0 0
4158.4 1007.4 -170.3 73 0 14.9 11.0 10.0 2.5 2 0 4 2 2
5219.9 2456.4 -172.4 356 0 11.3 16.7 14.0 0.0 0 1 4 4 4
5496.4 2170.1 -172.0 90 0 18.9 13.2 14.0 3.5 4 0 4 3 3
