1180.3 -435.6 -498.5 265 0 9.9 17.8 10.5 3.5 2 1 3 0 0
1244.8 -449.8 -500.5 356 0 24.7 16.9 14.0 3.5 2 0 4 1 1
1178.8 -465.9 -499.8 175 0 17.8 9.9 10.5 3.5 2 0 3 1 1
2506.2 -3759.5 -859.2 215 0 86.1 83.8 14.0 0.0 0 0 4 1 1
-1508.0 -10188.4 -1064.9 240 0 32.6 14.4 7.5 2.5 2 0 3 4 4
-4962.2 985.2 397.4 40 0 12.3 20.0 14.0 0.0 0 1 4 3 3
-4669.5 624.6 440.7 65 0 40.6 24.2 14.0 0.0 0 0 4 1 1
-6282.8 1474.9 323.9 247 0 14.8 11.6 14.0 0.0 0 0 4 3 3
-4197.8 -7032.1 -511.4 65 0 12.9 25.9 14.0 3.5 2 1 4 1 1
-4584.4 592.4 450.2 67 0 48.2 29.5 14.0 0.0 0 0 4 2 2
-2599.5 4245.3 1054.6 82 0 7.7 6.5 10.5 3.5 2 0 3 3 3
-5205.3 1453.3 372.5 278 0 76.2 26.0 14.0 0.0 0 0 4 1 1
1856.0 -4700.9 -888.8 354 0 14.4 38.4 10.0 2.5 2 1 4 0 0
-5794.8 -3110.3 90.9 218 0 18.4 17.2 14.0 3.5 2 0 4 3 3
758.5 -142.3 -485.7 358 0 10.4 22.2 14.0 3.5 2 1 4 4 4
2131.2 -3598.0 -796.1 241 0 18.5 18.3 10.5 3.5 2 0 3 0 0
-5206.0 -7259.4 -391.0 66 0 9.4 6.5 5.0 2.5 4 0 2 0 0
-4534.8 -7291.6 -431.7 108 0 8.8 4.3 10.5 3.5 2 0 3 5 5
-5693.0 -8866.4 -457.2 215 0 11.9 15.0 10.5 3.5 2 1 3 4 4
-5579.1 -4444.2 -58.4 221 0 10.5 16.2 14.0 3.5 2 1 4 0 0
-5079.8 304.8 446.6 206 0 24.5 11.1 14.0 3.5 2 0 4 0 0
-5056.2 289.3 448.5 25 0 39.2 17.1 14.0 3.5 2 0 4 1 1
-4858.0 860.0 411.6 78 0 27.2 33.3 10.0 0.0 0 1 4 1 1
-4868.9 755.2 412.1 85 0 23.4 33.5 10.5 0.0 0 1 3 3 3
-4843.1 994.0 412.8 114 0 7.5 13.2 10.5 3.5 2 1 3 3 3
2118.0 -4098.1 -830.8 19 0 8.0 12.1 10.5 3.5 2 1 3 3 3
-3114.2 1873.4 666.2 292 0 6.1 8.2 10.5 3.5 2 1 3 1 1
-2988.5 1803.6 704.2 67 0 5.1 8.3 2.5 2.5 2 1 1 3 3
-2973.5 1199.7 680.6 93 0 12.5 36.0 14.0 3.5 2 1 4 0 0
-509.9 -7296.2 -768.1 147 0 9.6 20.8 10.5 3.5 2 1 3 1 1
-500.8 -7305.8 -765.7 120 0 12.1 6.4 10.5 0.0 0 0 3 3 3
2018.1 -3996.3 -816.4 243 0 15.8 11.0 10.5 3.5 2 0 3 0 0
2034.3 -4010.6 -817.9 333 0 18.1 15.4 10.5 3.5 2 0 3 3 3
-5261.3 2155.8 377.8 222 0 23.8 63.0 17.5 3.5 2 1 5 2 2
-5291.3 2094.0 379.7 183 0 18.4 64.8 17.5 3.5 2 1 5 3 3
-5225.0 2169.9 376.9 315 0 15.2 20.0 10.5 3.5 4 1 3 2 2
-5257.2 1798.0 383.9 174 0 76.6 39.0 14.0 0.0 0 0 4 3 3
-5186.2 1771.8 392.2 358 0 14.6 12.1 14.0 3.5 2 0 4 5 5
