3533.1 -9197.7 -282.0 253 0 7.7 8.5 5.0 2.5 2 1 2 3 3
3220.2 -8078.3 -285.5 74 0 20.4 17.0 12.5 2.5 2 0 5 3 3
2485.7 -4326.8 -246.0 75 0 30.4 18.5 12.5 2.5 2 0 5 2 2
2318.8 -2126.8 -157.1 5 0 8.3 7.0 5.0 2.5 2 0 2 4 4
2448.1 -2165.1 -138.8 334 0 16.5 12.1 2.5 2.5 2 0 1 3 3
2629.3 -2157.8 -102.5 344 0 6.2 4.8 5.0 2.5 2 0 2 3 3
3849.6 -739.1 153.5 10 0 10.7 11.8 5.0 2.5 2 1 2 0 0
1893.2 -8021.6 -313.1 274 0 18.5 17.2 10.0 2.5 2 0 4 1 1
1816.3 -7959.5 -313.1 316 0 70.0 39.1 15.0 0.0 0 0 6 3 3
2388.0 -8108.7 -311.9 277 0 13.7 12.8 7.5 2.5 2 0 3 3 3
2382.1 -8091.7 -311.6 91 0 23.0 13.9 7.5 2.5 2 0 3 4 4
2353.2 -8170.7 -312.9 111 0 8.0 11.5 7.5 2.5 4 1 3 5 5
2418.1 -8087.8 -311.7 97 0 11.8 7.4 7.5 2.5 2 0 3 0 0
2362.2 -8103.8 -311.7 280 0 21.5 13.2 7.5 2.5 2 0 3 4 4
2401.8 -8089.1 -311.6 95 0 10.2 8.1 7.5 2.5 4 0 3 3 3
2105.6 -8935.8 -325.5 276 0 39.1 21.0 7.5 0.0 0 0 3 3 3
3729.1 -565.7 159.9 274 0 12.8 8.9 10.5 2.5 4 0 3 0 0
3744.0 -583.8 158.3 95 0 6.1 7.5 7.5 2.5 2 1 3 2 2
3827.6 -671.0 150.5 97 0 12.7 13.7 5.0 0.0 0 1 2 2 2
3893.4 -589.0 147.5 270 0 4.7 4.9 5.0 2.5 2 1 2 3 3
3890.7 -600.1 147.3 90 0 7.5 5.0 2.5 2.5 2 0 1 3 3
2516.8 -4332.0 -244.7 263 0 12.1 12.7 5.0 2.5 2 1 2 4 4
3613.1 -9085.4 -271.4 269 0 16.2 10.1 10.0 2.5 2 0 4 5 5
3595.9 -9112.7 -272.1 186 0 7.9 14.8 7.5 2.5 2 1 3 5 5
3651.5 -9044.3 -272.7 171 0 8.3 7.4 7.5 2.5 2 0 3 4 4
3993.2 -7213.9 -82.0 157 0 10.6 6.1 7.5 0.0 0 0 3 4 4
3579.9 -9227.5 -278.2 352 0 7.5 11.7 7.5 2.5 2 1 3 1 1
2520.9 -3083.5 -160.8 225 0 21.4 16.0 12.5 2.5 2 0 5 3 3
2870.9 -7996.5 -301.0 359 0 15.1 11.9 5.0 2.5 2 0 2 1 1
2832.1 -7846.9 -298.2 12 0 12.2 9.0 5.0 2.5 2 0 2 2 2
174.2 -5808.4 -195.6 335 0 13.4 19.3 12.5 2.5 2 1 5 3 3
3675.5 -607.9 159.2 250 0 12.5 12.7 7.5 2.5 2 1 3 3 3
3699.6 -641.4 155.9 73 0 6.2 10.4 7.5 2.5 4 1 3 0 0
3927.3 -578.2 146.1 270 0 23.1 14.2 10.0 2.5 2 0 4 3 3
3967.8 -523.4 150.0 182 0 8.3 7.4 5.0 2.5 2 0 2 2 2
1923.2 -10576.6 -348.3 279 0 12.5 11.4 5.0 0.0 0 0 2 5 5
2961.0 -9296.3 -317.6 85 0 14.5 5.8 5.0 2.5 2 0 2 5 5
3517.7 -9014.6 -280.8 78 0 9.2 10.0 7.5 2.5 2 1 3 3 3
3513.8 -9152.8 -284.5 355 0 11.3 19.4 7.5 2.5 4 1 3 5 5
3528.0 -9116.2 -281.0 164 0 9.0 19.2 7.5 2.5 2 1 3 1 1
3346.2 -9183.8 -298.9 242 0 13.2 13.4 7.5 2.5 2 1 3 3 3
3394.2 -9153.0 -294.0 234 0 12.5 11.1 5.0 2.5 2 0 2 1 1
3414.5 -9129.2 -292.0 72 0 11.4 12.0 5.0 0.0 0 1 2 4 4
3431.0 -9123.8 -290.3 80 0 11.3 11.6 5.0 2.5 2 1 2 4 4
3452.5 -9114.0 -288.7 350 0 11.6 11.3 7.5 2.5 2 0 3 0 0
3472.9 -9064.2 -286.3 351 0 13.1 12.2 7.5 0.0 0 0 3 3 3
3516.2 -9096.0 -282.4 62 0 11.7 10.6 7.5 2.5 2 0 3 4 4
3477.0 -9081.7 -286.0 350 0 11.6 11.3 7.5 2.5 2 0 3 4 4
3479.2 -9004.6 -283.6 170 0 11.6 11.3 7.5 2.5 2 0 3 5 5
3486.1 -9034.6 -284.1 339 0 7.3 6.4 5.0 2.5 2 0 2 0 0
2616.5 -4517.5 -244.0 155 0 21.7 13.1 10.0 2.5 2 0 4 0 0
2599.6 -4475.5 -245.3 160 0 10.6 13.4 7.5 2.5 2 1 3 5 5
2519.7 -4257.0 -240.3 156 0 8.9 12.4 7.5 0.0 0 1 3 3 3
2476.1 -4184.5 -239.9 156 0 8.9 12.3 5.0 2.5 4 1 2 1 1
2476.0 -4121.3 -238.3 346 0 13.0 15.6 5.0 2.5 2 1 2 3 3
2447.2 -4077.0 -238.4 166 0 13.0 15.6 5.0 2.5 2 1 2 1 1
2477.1 -4088.1 -237.1 76 0 15.6 13.0 7.5 2.5 4 0 3 0 0
2477.2 -4161.0 -238.8 166 0 13.0 15.6 7.5 2.5 2 1 3 2 2
2480.0 -4248.5 -243.5 346 0 12.6 14.3 5.0 2.5 2 1 2 3 3
2489.7 -4279.9 -244.5 350 0 15.2 12.3 5.0 2.5 4 0 2 2 2
6512.0 4173.1 -240.2 142 0 4.8 7.6 5.0 2.5 2 1 2 1 1
2514.2 -4237.7 -239.5 155 0 14.4 11.5 7.5 2.5 2 0 3 3 3
2497.2 -4217.5 -240.8 161 0 7.2 8.4 5.0 2.5 4 1 2 2 2
2496.6 -4206.2 -240.5 161 0 7.2 8.4 7.5 2.5 2 1 3 2 2
2526.0 -4158.5 -237.6 341 0 7.2 8.4 5.0 2.5 2 1 2 3 3
2524.4 -4150.0 -237.2 341 0 7.2 8.4 5.0 2.5 2 1 2 2 2
2519.1 -4142.5 -237.0 341 0 7.2 8.4 5.0 2.5 2 1 2 3 3
2479.6 -4206.4 -240.9 161 0 7.2 8.4 5.0 2.5 2 1 2 2 2
2476.2 -4196.9 -240.5 161 0 7.2 8.4 5.0 2.5 2 1 2 0 0
2486.1 -4228.0 -241.9 161 0 7.2 8.4 7.5 2.5 4 1 3 3 3
2489.1 -4239.1 -242.3 161 0 7.2 8.4 7.5 2.5 2 1 3 0 0
2564.3 -4204.5 -232.7 341 0 7.2 8.4 7.5 2.5 2 1 3 5 5
2554.6 -4192.8 -232.9 341 0 7.2 8.4 7.5 2.5 2 1 3 4 4
6130.4 4135.0 -223.6 135 0 9.1 11.7 7.5 2.5 2 1 3 0 0
2461.8 -4218.9 -242.2 349 0 11.9 6.7 5.0 2.5 2 0 2 2 2
2446.2 -4186.5 -240.2 76 0 9.9 11.3 5.0 2.5 4 1 2 1 1
2441.4 -4049.2 -239.1 256 0 15.9 9.7 5.0 2.5 2 0 2 5 5
2405.2 -4109.2 -239.4 168 0 16.8 18.0 10.0 2.5 2 1 4 0 0
2424.8 -4121.7 -239.0 350 0 11.9 10.5 5.0 2.5 2 0 2 5 5
2432.1 -4133.3 -239.3 347 0 11.9 12.6 5.0 0.0 0 1 2 0 0
2417.0 -4184.5 -239.5 76 0 12.5 11.9 5.0 0.0 0 0 2 0 0
2439.1 -4094.2 -239.0 164 0 10.9 8.8 5.0 2.5 2 0 2 1 1
2423.6 -4196.1 -240.8 256 0 12.6 11.9 5.0 2.5 2 0 2 1 1
2445.7 -4105.9 -238.6 164 0 10.9 8.8 5.0 2.5 2 0 2 0 0
2455.1 -4144.0 -239.1 164 0 10.9 8.8 5.0 2.5 2 0 2 4 4
3180.0 -8270.8 -286.7 344 0 10.6 9.9 5.0 2.5 2 0 2 1 1
3803.0 -586.3 154.1 86 0 8.6 13.3 5.0 2.5 2 1 2 1 1
3899.9 -577.6 147.4 270 0 15.6 9.1 7.5 2.5 2 0 3 1 1
3899.4 -490.0 153.9 2 0 7.6 7.1 7.5 2.5 2 0 3 3 3
3947.2 -577.1 145.5 273 0 11.7 14.2 5.0 2.5 4 1 2 5 5
3559.6 -8996.3 -270.8 154 0 13.5 9.4 7.5 2.5 2 0 3 0 0
3519.1 1607.2 152.5 278 0 13.6 8.4 7.5 2.5 2 0 3 4 4
6568.7 4474.7 -208.7 71 0 5.8 6.6 5.0 2.5 2 1 2 1 1
3880.8 -607.0 147.6 22 0 10.7 9.6 5.0 2.5 2 0 2 3 3
3779.6 -607.1 152.8 179 0 12.2 8.7 7.5 2.5 2 0 3 5 5
3759.4 -598.5 154.7 270 0 7.9 11.7 5.0 0.0 0 1 2 2 2
3763.8 -647.0 151.3 352 0 11.5 8.8 7.5 2.5 2 0 3 2 2
3769.2 -661.4 151.4 0 0 12.5 15.1 5.0 2.5 2 1 2 1 1
3767.6 -632.0 152.1 350 0 5.8 4.5 2.5 2.5 2 0 1 4 4
-5949.0 7700.6 331.8 251 0 19.7 12.0 10.0 2.5 2 0 4 4 4
-6204.4 5582.0 306.1 277 0 13.7 7.8 5.0 2.5 2 0 2 5 5
