6006.9 8750.5 -72.2 200 0 24.2 39.6 7.5 0.0 0 1 3 1 1
3628.0 3277.0 -64.9 267 0 25.1 11.1 12.5 2.5 2 0 5 4 4
4916.4 -457.0 -45.9 231 0 23.4 22.6 17.5 3.5 2 0 5 5 5
3720.1 10270.1 -77.5 256 0 24.4 16.2 10.5 3.5 2 0 3 0 0
6713.1 -10298.0 -25.6 334 0 10.0 15.1 2.5 2.5 2 1 1 2 2
3707.2 10346.9 -75.6 90 0 9.3 12.6 10.5 3.5 2 1 3 3 3
3705.9 10386.4 -74.9 270 0 12.1 15.6 10.5 3.5 2 1 3 5 5
3743.1 10346.4 -72.6 89 0 11.4 16.5 10.5 3.5 2 0 3 4 4
3755.0 10346.6 -71.6 89 0 12.5 10.0 10.5 3.5 2 0 3 1 1
3758.1 10360.1 -70.6 92 0 9.7 7.1 10.5 3.5 2 0 3 3 3
3763.8 10384.3 -69.7 269 0 9.1 12.2 10.5 0.0 0 1 3 2 2
3784.3 10389.1 -67.4 267 0 4.7 11.0 10.5 3.5 2 1 3 3 3
3810.8 10386.8 -65.5 266 0 11.4 12.1 10.5 0.0 0 1 3 3 3
3825.2 10386.5 -64.3 272 0 12.3 14.9 10.5 3.5 4 1 3 5 5
3841.1 10388.0 -62.8 272 0 10.7 12.6 10.5 3.5 2 1 3 5 5
3855.6 10388.0 -61.9 273 0 13.5 17.8 10.5 3.5 2 1 3 0 0
3889.7 10348.5 -59.5 91 0 10.7 13.0 10.5 3.5 2 1 3 2 2
3922.9 10418.2 -53.7 1 0 12.1 13.5 10.5 3.5 2 1 3 1 1
3910.5 10398.6 -55.6 92 0 8.6 10.1 10.5 3.5 2 1 3 0 0
3899.0 10397.9 -56.6 92 0 8.9 11.0 10.5 3.5 2 1 3 0 0
3889.4 10398.9 -57.1 90 0 8.1 11.6 10.5 3.5 2 1 3 1 1
3818.6 10401.6 -62.1 89 0 8.5 14.5 10.5 3.5 4 1 3 4 4
3833.6 10452.3 -59.3 272 0 9.8 20.3 10.5 3.5 2 1 3 5 5
3848.3 10447.2 -57.3 273 0 9.5 12.5 10.5 3.5 2 1 3 2 2
3879.7 10449.5 -53.9 273 0 11.0 18.3 10.5 3.5 2 1 3 3 3
3699.2 10422.6 -74.3 182 0 10.5 9.9 10.5 3.5 4 0 3 4 4
3719.1 10399.4 -72.9 89 0 11.0 11.8 14.0 3.5 2 1 4 2 2
3709.5 10410.7 -73.4 89 0 4.8 6.2 10.5 3.5 2 1 3 5 5
3717.7 10437.2 -72.8 272 0 10.9 15.7 14.0 3.5 2 1 4 5 5
3797.0 10410.3 -64.3 1 0 11.6 10.2 14.0 3.5 2 0 4 2 2
3799.9 10425.7 -63.4 358 0 10.0 7.5 10.5 3.5 2 0 3 3 3
3791.6 10439.0 -64.1 271 0 12.4 8.3 10.5 3.5 2 0 3 4 4
3779.9 10439.6 -65.3 272 0 9.3 7.8 10.5 3.5 2 0 3 5 5
3765.9 10436.8 -67.2 269 0 6.1 13.1 10.5 3.5 2 1 3 5 5
3751.0 10427.6 -68.7 272 0 7.4 9.1 10.5 3.5 2 1 3 4 4
3739.6 10429.7 -70.3 268 0 13.3 9.1 10.5 3.5 2 0 3 4 4
3728.0 10434.8 -71.2 270 0 5.7 13.6 10.5 3.5 2 1 3 3 3
3730.7 10399.8 -71.4 88 0 8.3 12.8 10.5 3.5 2 1 3 3 3
3727.8 10421.1 -71.4 273 0 5.4 7.5 10.5 3.5 2 1 3 2 2
3716.1 10465.1 -72.1 273 0 9.1 13.4 10.5 3.5 2 1 3 4 4
3774.5 10462.1 -66.3 272 0 7.6 13.6 10.5 3.5 2 1 3 1 1
3689.9 10488.7 -75.0 186 0 12.5 16.4 14.0 3.5 2 1 4 2 2
3726.2 10505.4 -72.2 274 0 19.4 13.2 14.0 3.5 2 0 4 1 1
3765.5 10475.3 -67.0 97 0 17.6 11.7 14.0 3.5 2 0 4 2 2
3767.5 10503.5 -67.0 274 0 16.1 12.1 14.0 3.5 2 0 4 1 1
3786.9 10474.2 -64.2 95 0 13.3 10.9 14.0 3.5 2 0 4 3 3
3816.1 10471.7 -60.5 94 0 9.5 11.0 10.5 3.5 4 1 3 2 2
3843.9 10468.7 -57.4 95 0 11.7 9.6 10.5 3.5 2 0 3 2 2
3878.6 10467.1 -53.2 95 0 9.3 10.8 10.5 3.5 2 1 3 0 0
3891.6 10465.1 -51.8 93 0 9.7 11.2 10.5 3.5 2 1 3 1 1
3909.1 10492.6 -50.0 276 0 15.0 12.1 14.0 3.5 4 0 4 2 2
3890.9 10494.4 -52.0 275 0 10.9 12.7 14.0 3.5 2 1 4 2 2
3876.4 10495.1 -53.7 278 0 9.9 11.6 10.5 3.5 2 1 3 3 3
3860.2 10496.9 -55.9 278 0 14.1 11.7 14.0 3.5 2 0 4 1 1
3842.9 10499.6 -57.6 271 0 8.9 10.2 10.5 3.5 2 1 3 4 4
3832.7 10499.8 -58.8 272 0 7.7 10.3 10.5 3.5 4 1 3 1 1
3818.2 10500.6 -61.1 273 0 17.6 9.7 10.5 3.5 2 0 3 5 5
3871.8 10508.7 -54.7 93 0 14.3 13.7 14.0 3.5 4 0 4 4 4
3915.4 10514.0 -50.0 5 0 11.5 11.1 14.0 3.5 2 0 4 2 2
3909.8 10538.1 -50.4 273 0 13.1 12.7 14.0 3.5 2 0 4 1 1
3891.3 10537.4 -52.7 277 0 12.9 11.2 14.0 0.0 0 0 4 1 1
3872.4 10539.1 -54.9 273 0 13.6 11.1 14.0 3.5 2 0 4 5 5
3854.0 10540.4 -57.0 275 0 10.7 12.1 14.0 3.5 2 1 4 5 5
3790.7 10544.0 -64.5 275 0 10.3 12.5 14.0 0.0 0 1 4 5 5
3757.4 10515.7 -68.3 96 0 14.4 13.4 14.0 0.0 0 0 4 1 1
3758.1 10548.1 -68.5 274 0 10.8 14.2 14.0 3.5 2 1 4 1 1
3739.7 10545.3 -70.8 279 0 13.3 8.4 10.5 3.5 2 0 3 1 1
3697.0 10554.2 -75.5 276 0 22.2 13.9 14.0 3.5 2 0 4 0 0
3725.7 10560.5 -72.4 89 0 10.1 14.1 10.5 3.5 2 1 3 0 0
3740.8 10565.2 -70.7 94 0 12.0 7.9 10.5 3.5 2 0 3 2 2
3771.0 10566.5 -66.3 183 0 15.0 11.3 14.0 3.5 2 0 4 4 4
3787.0 10566.1 -64.4 184 0 14.3 13.1 14.0 3.5 2 0 4 1 1
3822.0 10565.8 -60.0 184 0 9.4 13.0 10.5 3.5 2 1 3 3 3
3865.8 10566.1 -55.3 273 0 10.3 12.3 14.0 3.5 2 1 4 2 2
3881.2 10566.2 -53.5 274 0 10.0 13.5 14.0 3.5 2 1 4 2 2
3903.3 10546.1 -50.4 99 0 5.8 11.4 10.5 3.5 2 1 3 1 1
3911.9 10544.8 -49.5 93 0 7.1 16.3 10.5 3.5 2 1 3 1 1
3262.1 10389.4 -80.8 200 0 13.7 11.5 14.0 0.0 0 0 4 4 4
3337.6 10542.3 -82.7 276 0 19.1 22.1 14.0 3.5 4 1 4 5 5
6163.1 2577.7 -21.8 21 0 43.9 22.1 10.0 0.0 0 0 4 0 0
6210.5 2525.9 -13.3 208 0 67.9 15.4 7.5 2.5 2 0 3 5 5
6185.3 2589.2 -17.7 125 0 12.0 12.9 7.5 2.5 4 1 3 2 2
6684.0 3080.3 13.7 339 0 11.0 5.4 7.5 2.5 2 0 3 2 2
6674.7 3107.3 10.2 331 0 14.3 6.6 2.5 2.5 2 0 1 1 1
6567.4 5735.2 30.5 81 0 11.6 4.3 7.5 2.5 4 0 3 2 2
6555.8 5736.0 31.2 175 0 4.2 5.5 5.0 2.5 2 0 2 3 3
6548.1 5730.7 32.2 332 0 10.4 16.6 7.5 2.5 2 1 3 4 4
6525.1 5670.4 38.7 244 0 27.1 25.4 10.0 0.0 0 0 4 1 1
6322.0 5574.9 48.8 323 0 27.0 19.4 12.5 2.5 2 0 5 4 4
6174.1 6054.9 68.1 72 0 11.8 13.7 7.5 2.5 2 1 3 2 2
6677.8 5465.8 37.8 118 0 10.0 9.4 7.5 2.5 2 0 3 0 0
6279.4 -8269.5 -56.8 332 0 9.7 16.5 5.0 2.5 2 1 2 0 0
5673.8 2569.9 21.5 237 0 17.0 14.2 5.0 2.5 2 0 2 3 3
4844.2 2807.6 -11.9 148 0 11.9 20.4 7.5 2.5 2 1 3 3 3
4539.5 -188.3 -67.2 154 0 16.3 18.7 14.0 3.5 2 1 4 1 1
4884.7 -6026.7 -76.0 247 0 21.8 17.9 7.5 0.0 0 0 3 3 3
6611.2 5601.8 44.7 72 0 6.5 13.6 7.5 2.5 4 1 3 2 2
6631.4 5335.5 35.8 203 0 10.8 7.9 7.5 2.5 2 0 3 1 1
6881.5 5656.6 20.8 263 0 9.0 10.6 7.5 2.5 2 1 3 0 0
6262.5 7159.9 -47.5 310 0 7.7 11.4 5.0 2.5 4 1 2 5 5
6272.7 7149.5 -48.0 314 0 7.3 11.9 5.0 2.5 2 1 2 4 4
6280.6 6988.2 -32.3 336 0 6.1 16.2 7.5 2.5 2 1 3 4 4
6181.7 7482.2 -48.9 135 0 8.4 30.6 7.5 0.0 0 1 3 2 2
6220.8 7591.8 -53.0 45 0 14.5 9.4 7.5 2.5 2 0 3 5 5
5944.5 7793.6 -54.4 346 0 10.2 11.5 5.0 2.5 2 1 2 5 5
6422.5 6745.8 -36.4 45 0 11.4 8.1 5.0 0.0 0 0 2 2 2
6293.4 6818.9 -22.9 264 0 15.4 12.5 7.5 2.5 2 0 3 3 3
6398.8 7061.4 -53.3 127 0 11.6 13.8 5.0 2.5 2 1 2 2 2
4958.8 -499.4 -44.8 53 0 16.9 31.5 17.5 3.5 2 1 5 4 4
5002.9 -500.1 -43.3 352 0 32.9 16.6 14.0 3.5 2 0 4 5 5
4903.5 -448.3 -46.8 76 0 10.1 10.0 17.5 3.5 2 0 5 1 1
4774.5 -3327.9 -74.8 274 0 19.1 42.5 12.5 2.5 2 1 5 4 4
4013.1 9996.4 -77.7 222 0 29.0 22.9 14.0 0.0 0 0 4 5 5
4029.8 10022.4 -76.8 222 0 23.2 27.6 14.0 0.0 0 1 4 3 3
4047.3 10042.3 -76.1 222 0 23.2 27.6 14.0 0.0 0 1 4 2 2
4084.0 10062.0 -75.6 312 0 27.6 23.2 14.0 0.0 0 0 4 5 5
4100.9 10070.7 -73.8 132 0 14.9 26.4 10.5 3.5 2 1 3 0 0
4139.3 10103.1 -71.4 42 0 26.4 14.9 10.5 3.5 2 0 3 5 5
4110.0 10127.5 -69.6 222 0 26.4 14.9 10.5 3.5 2 0 3 3 3
4089.9 10100.9 -71.6 222 0 26.4 14.9 10.5 3.5 4 0 3 0 0
6212.2 8327.7 -62.6 237 0 15.9 18.6 10.0 2.5 4 1 4 1 1
5949.4 8496.9 -66.3 199 0 16.7 15.2 15.0 0.0 0 0 6 5 5
5783.7 8158.1 -60.5 57 0 14.8 10.6 5.0 2.5 2 0 2 4 4
4689.9 -9813.3 -81.2 55 0 4.3 5.4 2.5 2.5 2 1 1 0 0
4695.8 -9810.0 -82.2 55 0 4.3 5.4 5.0 2.5 2 1 2 2 2
4721.6 -9779.7 -77.9 28 0 4.3 5.4 7.5 2.5 2 1 3 0 0
4719.1 -9784.5 -78.6 28 0 4.3 5.4 5.0 2.5 2 1 2 3 3
4196.5 9884.6 -70.2 51 0 10.7 23.9 14.0 3.5 2 1 4 4 4
4157.7 9897.0 -72.2 139 0 8.8 26.1 10.5 3.5 4 1 3 1 1
4171.4 9881.9 -71.1 138 0 19.7 9.5 10.5 3.5 2 0 3 3 3
4204.4 9937.3 -70.2 321 0 9.6 23.0 10.5 3.5 2 1 3 2 2
4192.0 9949.9 -71.1 316 0 9.7 17.5 10.5 3.5 2 1 3 0 0
4216.1 9923.4 -68.5 323 0 16.0 10.7 14.0 3.5 2 0 4 2 2
4207.3 9899.4 -69.1 46 0 9.4 17.5 10.5 3.5 2 1 3 0 0
3992.8 10080.9 -70.3 36 0 26.1 13.2 10.5 3.5 2 0 3 4 4
4001.1 10070.0 -72.7 216 0 17.4 13.1 14.0 3.5 2 0 4 5 5
3946.7 10102.4 -68.6 35 0 13.1 21.0 10.5 3.5 2 1 3 1 1
3925.0 10088.4 -72.2 309 0 19.9 13.0 14.0 3.5 2 0 4 4 4
3895.9 10108.3 -74.8 304 0 9.4 30.1 10.5 3.5 2 1 3 4 4
3874.3 10125.5 -74.6 305 0 13.7 30.3 10.5 0.0 0 1 3 1 1
3842.7 10145.2 -74.9 304 0 13.9 31.0 10.5 0.0 0 1 3 2 2
3807.6 10169.2 -74.7 36 0 44.3 19.2 14.0 3.5 2 0 4 1 1
3785.8 10332.0 -70.0 270 0 9.1 19.4 10.5 3.5 2 1 3 0 0
3799.4 10290.3 -69.9 89 0 11.4 16.3 14.0 3.5 4 1 4 0 0
3799.8 10331.8 -68.5 264 0 10.6 13.7 14.0 3.5 2 1 4 4 4
3739.6 10289.9 -75.0 90 0 11.0 15.4 14.0 3.5 2 1 4 3 3
3710.7 10329.5 -76.8 268 0 11.0 19.1 14.0 3.5 2 1 4 5 5
4010.0 10104.7 -67.7 36 0 23.0 11.8 10.5 3.5 2 0 3 5 5
4025.9 10048.9 -74.5 38 0 14.1 15.7 14.0 3.5 2 1 4 0 0
4013.8 10082.6 -70.8 217 0 7.1 10.6 10.5 3.5 2 1 3 4 4
4020.7 10093.7 -69.7 216 0 8.2 11.3 10.5 3.5 2 1 3 3 3
4874.0 9136.8 -75.0 111 0 18.4 16.4 10.5 3.5 2 0 3 1 1
4685.6 9266.0 -76.9 38 0 16.2 13.8 7.5 2.5 2 0 3 3 3
4660.9 9288.2 -77.1 218 0 16.2 13.8 5.0 2.5 2 0 2 2 2
5305.6 9379.0 -69.8 116 0 10.8 19.3 14.0 3.5 2 1 4 4 4
5316.0 9414.6 -69.5 206 0 19.3 10.7 14.0 3.5 2 0 4 4 4
5327.9 9440.3 -68.2 206 0 19.3 10.7 14.0 3.5 2 0 4 4 4
5347.0 9485.8 -65.9 206 0 19.3 10.7 14.0 3.5 2 0 4 0 0
5367.4 9516.6 -64.7 296 0 10.7 19.3 14.0 3.5 2 1 4 5 5
5336.7 9463.4 -66.9 205 0 13.7 12.8 14.0 0.0 0 0 4 2 2
5333.3 9516.2 -64.7 194 0 15.5 10.3 14.0 3.5 2 0 4 3 3
5325.7 9491.9 -65.9 194 0 15.5 10.3 14.0 3.5 2 0 4 1 1
5318.8 9467.1 -67.0 194 0 15.5 10.3 14.0 3.5 2 0 4 5 5
4000.0 10446.3 -45.2 271 0 12.2 19.2 10.5 0.0 0 1 3 3 3
4015.1 10444.8 -44.0 272 0 9.5 17.8 10.5 3.5 4 1 3 2 2
4051.1 10479.3 -37.1 9 0 36.7 13.0 10.5 0.0 0 0 3 3 3
4065.4 10485.2 -32.6 187 0 10.5 20.0 14.0 3.5 2 0 4 2 2
4948.7 8629.6 -59.3 174 0 24.2 18.0 12.5 2.5 2 0 5 0 0
4951.0 8602.0 -58.3 174 0 24.2 18.0 12.5 2.5 2 0 5 2 2
5096.3 8627.6 -64.0 109 0 15.9 22.7 7.5 2.5 2 1 3 2 2
5109.7 8687.7 -65.1 289 0 15.9 22.7 10.0 2.5 2 1 4 2 2
5072.0 8499.7 -57.6 283 0 22.4 16.7 12.5 2.5 2 0 5 2 2
5073.8 8468.3 -56.5 13 0 16.7 22.4 15.0 0.0 0 1 6 3 3
3422.0 8613.8 -78.5 83 0 43.9 45.9 10.5 0.0 0 1 3 4 4
3283.3 10175.9 -81.6 298 0 11.3 31.8 14.0 3.5 2 1 4 0 0
3302.9 10103.1 -82.1 29 0 25.1 63.9 14.0 0.0 0 1 4 1 1
3306.0 10165.5 -81.6 297 0 28.6 32.8 14.0 0.0 0 1 4 5 5
3266.6 10188.5 -81.7 27 0 14.8 15.0 14.0 3.5 2 1 4 3 3
4655.2 10567.6 -17.4 210 0 37.6 17.4 14.0 3.5 2 0 4 5 5
3431.8 8860.1 -76.9 89 0 26.0 17.8 14.0 3.5 2 0 4 3 3
4027.6 10336.7 -49.4 273 0 10.8 20.5 10.5 3.5 2 1 3 3 3
4046.2 10334.4 -48.2 350 0 18.5 12.0 10.5 0.0 0 0 3 2 2
4028.1 10387.6 -46.5 269 0 8.8 14.5 10.5 3.5 2 1 3 1 1
4212.0 10425.0 -44.2 29 0 11.4 21.2 14.0 3.5 2 1 4 5 5
4117.9 10568.3 -30.3 7 0 17.8 9.3 10.5 3.5 2 0 3 3 3
6520.2 8010.1 -35.3 205 0 16.9 15.7 10.0 2.5 2 0 4 5 5
6508.6 7983.7 -29.7 205 0 16.9 15.7 15.0 0.0 0 0 6 3 3
6497.2 7958.2 -21.9 205 0 16.9 15.7 10.0 2.5 4 0 4 1 1
6485.3 7932.8 -14.9 205 0 16.9 15.7 15.0 0.0 0 0 6 4 4
6454.6 8043.4 -33.5 358 0 16.9 15.7 10.0 2.5 4 0 4 4 4
6438.5 8020.1 -29.4 358 0 16.9 15.7 10.0 2.5 2 0 4 0 0
6421.2 7996.1 -24.9 358 0 16.9 15.7 12.5 2.5 2 0 5 1 1
6404.5 7971.6 -18.8 358 0 16.9 15.7 10.0 2.5 2 0 4 1 1
6386.9 7947.0 -11.7 355 0 16.9 15.7 12.5 2.5 2 0 5 2 2
4796.2 10401.3 -14.3 211 0 18.3 21.5 14.0 0.0 0 1 4 3 3
4136.2 9839.4 -75.4 48 0 20.8 16.6 14.0 3.5 2 0 4 4 4
4010.8 10277.0 -53.4 271 0 9.3 17.1 10.5 3.5 2 1 3 2 2
4011.1 10292.4 -51.8 92 0 9.0 18.6 10.5 3.5 2 1 3 0 0
3981.5 10301.7 -53.9 179 0 17.4 8.0 10.5 3.5 2 0 3 4 4
3948.6 10350.5 -54.4 90 0 10.9 16.3 14.0 3.5 2 1 4 3 3
3965.7 10352.1 -52.8 90 0 9.1 15.9 10.5 3.5 2 1 3 0 0
3932.7 10291.4 -58.5 93 0 9.6 17.7 10.5 3.5 2 1 3 0 0
3851.2 10224.8 -69.2 47 0 16.2 12.5 14.0 3.5 2 0 4 3 3
3889.8 10333.5 -61.2 270 0 10.0 20.7 10.5 3.5 2 1 3 5 5
3740.1 10330.5 -74.2 268 0 11.6 19.8 14.0 3.5 2 1 4 2 2
3701.2 10508.1 -75.1 274 0 22.1 10.5 14.0 3.5 2 0 4 3 3
5016.7 -977.2 -53.5 298 0 31.6 15.0 14.0 3.5 2 0 4 1 1
5016.4 -887.1 -48.1 124 0 13.9 31.5 17.5 0.0 0 1 5 4 4
5060.5 -743.4 -47.7 272 0 26.7 18.5 17.5 3.5 2 0 5 3 3
5141.5 -570.1 -36.4 333 0 17.7 22.4 17.5 3.5 2 1 5 5 5
5135.2 -552.1 -37.1 339 0 14.6 22.0 17.5 3.5 2 1 5 4 4
5154.1 -701.9 -36.9 207 0 17.6 28.8 17.5 3.5 2 1 5 1 1
5214.8 -493.1 -31.6 63 0 20.5 22.5 14.0 3.5 2 1 4 1 1
5026.1 -506.8 -42.0 173 0 26.0 18.0 14.0 3.5 2 0 4 1 1
5023.8 -479.1 -42.2 174 0 20.4 16.9 14.0 3.5 2 0 4 3 3
5067.6 -485.6 -40.6 354 0 32.5 17.0 14.0 3.5 4 0 4 2 2
5164.8 -583.6 -33.1 148 0 22.3 18.8 14.0 3.5 2 0 4 4 4
5029.6 -591.7 -41.6 180 0 25.2 18.1 14.0 3.5 2 0 4 3 3
5039.2 -552.2 -40.3 270 0 17.3 21.7 14.0 3.5 2 1 4 0 0
4939.6 -613.3 -45.7 279 0 16.0 27.3 17.5 3.5 2 1 5 2 2
4959.0 -614.9 -45.0 280 0 14.8 22.8 17.5 3.5 2 1 5 4 4
4942.9 -597.2 -43.6 95 0 13.8 21.5 17.5 3.5 2 1 5 2 2
4921.1 -674.4 -47.5 98 0 12.7 26.7 17.5 3.5 2 1 5 3 3
4987.7 -615.1 -44.7 271 0 17.8 28.4 17.5 3.5 2 1 5 4 4
4914.8 -890.1 -56.8 146 0 15.7 29.0 17.5 0.0 0 1 5 5 5
4902.7 -1022.4 -63.7 147 0 16.1 26.1 14.0 3.5 2 1 4 3 3
4917.1 -1041.6 -62.9 146 0 19.8 15.7 14.0 3.5 2 0 4 1 1
3968.4 1405.1 -74.2 131 0 21.9 28.5 12.5 0.0 0 1 5 0 0
4009.8 1450.6 -71.8 313 0 23.7 26.6 10.0 0.0 0 1 4 0 0
4031.0 1475.4 -69.6 312 0 20.6 26.0 10.0 2.5 4 1 4 1 1
4022.5 1585.2 -60.5 22 0 13.7 40.8 7.5 2.5 2 1 3 2 2
5072.9 -1197.5 -44.7 358 0 24.2 22.9 14.0 3.5 2 0 4 2 2
5052.5 -1227.3 -43.1 177 0 25.1 22.6 14.0 0.0 0 0 4 5 5
5100.5 -1156.5 -40.4 176 0 14.9 27.2 10.5 3.5 2 1 3 5 5
5124.3 -1014.0 -45.2 117 0 13.9 20.6 14.0 3.5 2 1 4 3 3
4879.8 -717.4 -52.9 354 0 17.2 25.6 17.5 3.5 2 1 5 0 0
4876.8 -696.2 -51.3 353 0 16.5 24.0 17.5 3.5 4 1 5 5 5
4854.5 -739.5 -54.4 176 0 10.8 34.4 17.5 3.5 2 1 5 5 5
4853.5 -770.8 -57.5 176 0 11.7 34.1 17.5 3.5 2 1 5 2 2
4849.2 -756.2 -56.2 179 0 10.3 17.5 17.5 0.0 0 1 5 3 3
4878.9 -802.2 -58.7 85 0 33.0 22.6 17.5 0.0 0 0 5 1 1
4973.2 -858.0 -51.7 140 0 13.6 27.8 14.0 3.5 2 1 4 3 3
4589.1 10504.5 -15.3 210 0 18.6 13.1 14.0 3.5 2 0 4 5 5
4576.2 10481.6 -18.3 208 0 22.3 12.8 14.0 3.5 2 0 4 5 5
4609.6 10467.8 -14.7 29 0 13.0 13.7 14.0 3.5 2 1 4 1 1
4599.8 10452.0 -16.0 29 0 13.0 13.7 14.0 3.5 2 1 4 0 0
4627.5 10335.0 -17.7 299 0 11.8 22.2 10.5 3.5 2 1 3 0 0
4561.6 10234.0 -27.5 207 0 14.0 15.8 14.0 3.5 2 1 4 2 2
4547.9 10209.9 -30.3 207 0 14.0 15.8 14.0 0.0 0 1 4 3 3
4533.6 10185.6 -33.2 206 0 14.0 15.8 14.0 3.5 2 1 4 0 0
4520.5 10162.0 -35.8 206 0 14.1 15.8 14.0 3.5 2 1 4 4 4
4505.9 10136.9 -38.2 207 0 14.0 15.8 14.0 3.5 2 1 4 5 5
4540.0 10118.4 -36.8 27 0 14.0 15.8 14.0 3.5 2 1 4 2 2
4554.0 10143.0 -34.5 27 0 14.0 15.8 14.0 0.0 0 1 4 4 4
4567.8 10168.4 -31.6 27 0 14.0 15.8 14.0 3.5 2 1 4 3 3
4581.5 10190.8 -28.9 26 0 14.1 15.8 14.0 0.0 0 1 4 4 4
4596.1 10215.7 -25.9 27 0 14.0 15.8 14.0 3.5 4 1 4 3 3
4582.8 10083.3 -38.5 33 0 12.2 15.7 14.0 0.0 0 1 4 2 2
4593.1 10102.1 -35.9 33 0 12.2 15.7 14.0 3.5 2 1 4 5 5
4561.5 10122.1 -34.7 213 0 7.5 15.7 10.5 3.5 2 1 3 5 5
4551.4 10103.5 -37.2 213 0 7.5 15.7 10.5 3.5 2 1 3 3 3
4572.8 10140.6 -32.4 213 0 7.5 15.7 10.5 3.5 2 1 3 5 5
4604.1 10120.0 -33.3 33 0 12.2 15.7 14.0 3.5 2 1 4 0 0
4613.9 10137.4 -31.4 32 0 12.2 15.7 14.0 3.5 2 1 4 2 2
4590.7 10172.3 -29.4 209 0 11.7 12.6 14.0 3.5 2 1 4 4 4
4622.5 10155.7 -29.6 30 0 9.6 9.7 10.5 0.0 0 1 3 5 5
3941.7 10447.2 -49.5 268 0 4.3 20.2 10.5 3.5 2 1 3 4 4
3998.6 10404.0 -47.6 93 0 8.3 16.6 10.5 3.5 2 1 3 0 0
3920.5 10336.1 -58.6 270 0 11.2 22.9 10.5 3.5 2 1 3 2 2
3943.7 10275.1 -59.3 270 0 9.1 18.5 10.5 3.5 2 1 3 1 1
3929.4 10274.2 -60.5 271 0 10.8 15.9 14.0 3.5 2 1 4 4 4
3860.3 10273.3 -66.4 274 0 9.7 16.5 10.5 3.5 2 1 3 0 0
3830.3 10273.3 -68.9 272 0 8.3 16.7 10.5 3.5 2 1 3 1 1
3845.4 10274.4 -67.6 273 0 12.2 14.6 14.0 3.5 2 1 4 2 2
3816.9 10224.6 -71.8 308 0 18.5 12.0 14.0 0.0 0 0 4 3 3
3811.4 10143.3 -73.8 213 0 12.3 15.7 10.5 3.5 2 1 3 5 5
3857.6 10134.2 -73.4 307 0 9.1 18.4 10.5 3.5 2 1 3 1 1
3892.3 10140.7 -68.5 36 0 13.4 8.0 10.5 3.5 2 0 3 2 2
3861.0 10153.6 -69.4 127 0 9.4 13.9 10.5 3.5 2 1 3 1 1
3848.4 10163.8 -69.8 128 0 9.4 11.0 10.5 3.5 2 1 3 0 0
3863.8 10221.3 -67.9 214 0 14.8 8.8 10.5 3.5 2 0 3 2 2
3959.0 10213.2 -60.2 216 0 13.8 9.0 10.5 3.5 2 0 3 2 2
3979.7 10350.6 -51.7 90 0 10.4 17.1 14.0 3.5 2 1 4 3 3
4008.8 10351.5 -49.2 89 0 10.5 16.7 14.0 3.5 2 1 4 5 5
4028.0 10403.2 -45.1 93 0 9.6 17.2 10.5 3.5 2 1 3 2 2
4014.4 10401.9 -46.4 89 0 10.1 15.1 10.5 3.5 2 1 3 0 0
4199.4 10005.7 -71.2 44 0 15.3 9.4 10.5 3.5 2 0 3 2 2
4216.3 10031.5 -70.2 314 0 9.4 15.3 10.5 3.5 2 1 3 2 2
4225.9 10018.0 -69.2 314 0 9.4 15.3 10.5 3.5 2 1 3 4 4
4210.9 9994.3 -70.0 44 0 15.3 9.4 10.5 3.5 2 0 3 5 5
3938.6 10062.8 -72.4 217 0 9.3 13.0 10.5 3.5 2 1 3 0 0
3947.8 10134.0 -66.2 307 0 9.5 13.2 10.5 3.5 2 1 3 4 4
3613.3 10565.4 -77.4 182 0 14.4 26.7 14.0 3.5 4 1 4 1 1
3770.0 10274.1 -73.8 270 0 10.2 13.4 14.0 3.5 2 1 4 5 5
3744.2 10439.3 -69.2 267 0 7.4 9.5 10.5 3.5 2 0 3 1 1
3792.4 10425.6 -64.2 358 0 10.3 6.9 10.5 3.5 2 0 3 0 0
3754.7 10296.3 -73.4 89 0 11.2 9.6 10.5 3.5 4 0 3 4 4
3769.5 10290.5 -72.3 91 0 8.3 13.5 10.5 3.5 4 1 3 1 1
3784.3 10287.7 -71.4 89 0 12.1 12.5 14.0 3.5 4 1 4 4 4
3733.3 10202.3 -76.6 18 0 9.5 12.1 10.5 3.5 4 1 3 2 2
3737.8 10215.7 -76.3 21 0 11.0 15.7 10.5 3.5 2 1 3 2 2
3745.1 10230.2 -75.3 18 0 12.7 11.0 10.5 3.5 2 0 3 5 5
3940.3 10387.1 -54.0 269 0 9.5 14.2 10.5 3.5 2 1 3 2 2
3954.3 10387.5 -52.7 269 0 8.5 14.8 10.5 3.5 4 1 3 2 2
3945.8 10292.1 -57.4 89 0 9.4 13.4 10.5 3.5 2 1 3 5 5
3969.0 10401.1 -50.6 86 0 12.3 10.7 10.5 3.5 2 0 3 5 5
3920.5 10431.8 -51.5 359 0 10.9 11.2 10.5 0.0 0 1 3 5 5
3999.2 10466.6 -41.3 3 0 8.2 20.0 10.5 0.0 0 1 3 2 2
3934.1 10510.3 -46.5 178 0 13.1 10.5 10.5 3.5 2 0 3 0 0
3938.3 10535.5 -46.7 268 0 10.8 13.3 10.5 3.5 2 1 3 4 4
4081.8 10554.7 -31.3 186 0 9.7 16.2 10.5 3.5 2 1 3 4 4
4163.5 10228.3 -64.3 291 0 11.9 12.5 10.5 3.5 2 1 3 2 2
4330.4 9824.0 -67.8 202 0 11.6 14.5 14.0 0.0 0 1 4 1 1
4467.6 10193.1 -39.6 212 0 14.3 15.0 14.0 3.5 2 1 4 0 0
4597.1 10411.9 -14.9 211 0 17.5 11.3 14.0 3.5 2 0 4 1 1
4771.9 -775.4 -64.6 159 0 22.6 22.8 17.5 3.5 2 1 5 4 4
4794.1 -811.4 -66.3 70 0 17.8 24.4 17.5 3.5 2 1 5 2 2
4798.6 -827.0 -67.8 246 0 16.5 35.8 14.0 3.5 2 1 4 2 2
4754.8 -907.4 -73.4 152 0 13.7 30.3 14.0 3.5 2 1 4 3 3
5038.9 -1030.7 -52.9 10 0 19.7 19.6 14.0 3.5 2 0 4 3 3
5046.3 -1054.6 -53.5 17 0 15.4 26.7 14.0 0.0 0 1 4 2 2
5100.3 -1540.3 -41.7 1 0 31.2 23.2 14.0 0.0 0 0 4 1 1
5098.6 -1653.7 -42.1 6 0 23.0 24.4 14.0 0.0 0 1 4 0 0
4808.7 -3938.3 -73.7 176 0 14.9 26.6 7.5 2.5 4 1 3 1 1
4809.9 -3957.6 -73.5 176 0 14.9 26.6 10.0 2.5 2 1 4 1 1
4825.3 -3984.5 -73.2 86 0 26.6 14.9 7.5 2.5 2 0 3 4 4
4713.9 -3700.3 -74.6 191 0 32.6 20.4 7.5 0.0 0 0 3 1 1
4892.7 -3802.1 -73.0 273 0 24.7 17.4 10.0 0.0 0 0 4 1 1
4928.8 -3810.8 -73.0 2 0 20.9 19.6 10.0 0.0 0 0 4 4 4
4887.3 -3751.0 -72.6 234 0 23.8 14.6 12.5 2.5 2 0 5 4 4
4925.0 -3757.3 -72.5 145 0 21.6 13.4 7.5 2.5 2 0 3 5 5
4936.7 -3775.6 -72.6 146 0 13.6 12.7 7.5 2.5 2 0 3 4 4
4867.7 -3764.3 -72.8 235 0 17.3 25.2 5.0 2.5 2 1 2 4 4
4811.5 -3615.1 -72.6 282 0 15.1 28.4 12.5 2.5 2 1 5 5 5
4719.7 -3523.9 -76.3 317 0 31.1 15.0 10.0 2.5 2 0 4 4 4
4706.9 -3565.3 -76.0 130 0 15.4 21.3 7.5 2.5 2 1 3 5 5
4770.0 -3490.2 -74.8 89 0 19.0 30.5 10.0 2.5 4 1 4 0 0
4714.6 -3440.8 -76.1 188 0 30.4 17.8 7.5 2.5 2 0 3 3 3
4788.6 -3523.8 -73.6 36 0 21.9 17.6 7.5 2.5 2 0 3 3 3
4755.4 -3540.9 -74.4 138 0 26.2 17.7 12.5 2.5 2 0 5 0 0
4756.3 -3770.4 -74.6 89 0 30.4 22.0 7.5 0.0 0 0 3 0 0
4671.3 -3691.4 -75.4 189 0 24.7 22.8 10.0 0.0 0 0 4 1 1
4744.9 -3594.5 -74.7 282 0 18.4 14.2 7.5 2.5 2 0 3 0 0
4772.9 -3613.5 -73.5 191 0 18.4 25.2 7.5 2.5 2 1 3 3 3
4869.3 -3549.8 -71.2 198 0 16.6 16.7 10.0 2.5 2 1 4 2 2
4740.5 -3326.7 -75.6 274 0 14.5 31.3 10.0 2.5 2 1 4 2 2
4733.7 -3279.2 -75.7 178 0 17.3 32.4 10.0 0.0 0 1 4 5 5
4771.8 -3249.7 -75.3 272 0 39.7 13.8 10.0 0.0 0 0 4 2 2
4783.2 -3271.3 -74.7 268 0 29.8 15.9 12.5 2.5 4 0 5 1 1
4802.6 -3251.5 -72.3 190 0 15.0 24.2 15.0 0.0 0 1 6 3 3
4739.1 -3197.9 -74.8 196 0 31.6 14.3 10.0 0.0 0 0 4 4 4
4731.7 -3223.8 -75.6 188 0 12.5 17.7 5.0 0.0 0 1 2 4 4
4761.6 -3233.5 -74.4 99 0 19.1 10.9 5.0 0.0 0 0 2 2 2
6706.8 -3457.5 -42.0 239 0 15.8 11.1 7.5 0.0 0 0 3 1 1
4696.5 -4059.3 -75.5 162 0 26.0 23.0 10.0 2.5 2 0 4 5 5
4724.0 -4103.1 -75.5 73 0 26.3 15.9 7.5 2.5 2 0 3 2 2
4750.9 -4094.6 -74.5 73 0 25.8 16.4 7.5 2.5 2 0 3 0 0
4704.0 -4082.5 -75.5 161 0 11.9 24.1 7.5 2.5 2 1 3 5 5
4763.9 -3842.0 -74.7 93 0 15.0 26.7 7.5 0.0 0 1 3 0 0
4795.0 -3348.7 -74.0 183 0 32.9 18.0 12.5 2.5 2 0 5 1 1
4909.8 -3173.8 -69.3 15 0 25.5 12.1 12.5 2.5 2 0 5 1 1
4875.1 -3222.1 -71.0 94 0 5.7 37.7 7.5 2.5 2 1 3 5 5
3726.6 5390.8 -73.4 59 0 12.1 15.3 5.0 2.5 2 1 2 1 1
3550.8 5503.6 -75.2 3 0 16.1 14.8 7.5 2.5 2 0 3 5 5
3552.0 5526.4 -75.2 3 0 16.1 14.8 10.0 2.5 2 0 4 1 1
3552.7 5549.6 -75.2 3 0 16.1 14.8 7.5 2.5 2 0 3 2 2
3553.6 5572.1 -75.0 3 0 16.1 14.8 7.5 2.5 2 0 3 1 1
3555.1 5596.1 -74.4 3 0 16.1 14.8 5.0 2.5 2 0 2 1 1
3556.1 5618.8 -74.0 3 0 16.1 14.8 5.0 2.5 2 0 2 1 1
3557.2 5642.0 -73.6 3 0 16.1 14.8 5.0 0.0 0 0 2 0 0
3557.8 5664.5 -73.3 3 0 16.1 14.8 2.5 2.5 2 0 1 3 3
3558.7 5686.9 -73.1 3 0 16.1 14.8 2.5 0.0 0 0 1 5 5
3559.7 5710.1 -73.1 3 0 16.1 14.8 5.0 2.5 2 0 2 0 0
3553.8 5741.0 -72.4 273 0 14.8 16.1 10.0 0.0 0 1 4 0 0
3495.6 5756.2 -73.9 288 0 14.8 16.1 5.0 2.5 2 1 2 0 0
3480.1 5728.6 -75.0 198 0 16.1 14.8 5.0 2.5 4 0 2 3 3
3473.4 5706.6 -75.1 198 0 16.1 14.8 7.5 2.5 4 0 3 3 3
3467.8 5683.9 -75.2 198 0 16.1 14.8 5.0 2.5 2 0 2 0 0
3462.8 5661.4 -75.4 198 0 16.1 14.8 2.5 2.5 2 0 1 1 1
3456.0 5638.5 -75.9 198 0 16.1 14.8 5.0 2.5 2 0 2 0 0
3449.8 5616.5 -76.4 198 0 16.1 14.8 10.0 2.5 2 0 4 0 0
3493.7 5623.0 -75.2 93 0 14.4 12.2 7.5 2.5 2 0 3 5 5
3514.4 5620.8 -74.7 93 0 14.4 12.2 7.5 2.5 4 0 3 4 4
3499.7 5724.0 -74.4 194 0 13.6 15.5 7.5 2.5 2 1 3 4 4
3529.4 5723.2 -73.8 284 0 15.5 13.6 2.5 2.5 2 0 1 0 0
3535.4 5748.1 -72.7 284 0 15.5 13.6 2.5 2.5 2 0 1 3 3
3515.0 5754.6 -73.1 284 0 15.5 13.6 5.0 2.5 2 0 2 0 0
3420.7 5592.8 -76.9 18 0 73.1 20.1 7.5 2.5 2 0 3 2 2
3993.4 10242.3 -55.5 115 0 6.6 11.7 10.5 3.5 2 1 3 0 0
3995.0 10291.8 -53.2 90 0 8.2 9.3 10.5 3.5 2 1 3 0 0
4151.0 10421.1 -43.8 207 0 13.3 22.1 14.0 3.5 2 1 4 2 2
4222.1 10403.5 -48.4 210 0 16.9 7.8 10.5 3.5 2 0 3 5 5
4285.8 10411.0 -51.1 298 0 10.0 14.7 14.0 3.5 2 1 4 0 0
4482.5 10077.9 -43.8 306 0 17.7 10.7 14.0 3.5 2 0 4 0 0
4604.0 10255.3 -22.5 122 0 17.4 13.5 14.0 3.5 2 0 4 0 0
4691.1 10457.8 -14.5 211 0 15.1 14.8 14.0 3.5 2 0 4 4 4
4778.3 10409.2 -14.0 31 0 17.8 28.8 14.0 3.5 2 1 4 1 1
4701.7 -4017.2 -75.0 254 0 16.2 20.6 7.5 0.0 0 1 3 4 4
4733.3 -3843.0 -75.1 82 0 19.1 23.0 7.5 2.5 2 1 3 1 1
4820.4 -5400.5 -76.3 208 0 14.4 25.9 7.5 2.5 2 1 3 1 1
4862.4 -5489.7 -74.3 29 0 31.4 14.9 7.5 2.5 2 0 3 5 5
4829.6 -5381.5 -76.2 208 0 14.7 25.2 7.5 2.5 2 1 3 2 2
4838.5 -5362.6 -75.9 209 0 14.2 26.0 12.5 0.0 0 1 5 0 0
4864.2 -5317.6 -75.4 210 0 8.1 22.2 5.0 2.5 2 1 2 0 0
4870.5 -5299.6 -75.4 208 0 19.6 26.1 7.5 2.5 2 1 3 1 1
4880.9 -5278.0 -75.3 208 0 18.8 26.8 12.5 2.5 2 1 5 5 5
4889.9 -5260.4 -75.4 206 0 13.0 27.4 7.5 2.5 4 1 3 2 2
4768.7 -5334.5 -77.2 26 0 16.9 23.0 7.5 2.5 2 1 3 4 4
4758.9 -5353.8 -77.3 26 0 16.9 23.0 10.0 2.5 2 1 4 2 2
4745.3 -5382.4 -77.4 26 0 16.9 23.0 7.5 2.5 2 1 3 2 2
4737.2 -5401.4 -77.5 26 0 16.9 23.0 12.5 2.5 2 1 5 1 1
4728.0 -5421.3 -77.4 26 0 16.9 23.0 10.0 2.5 2 1 4 4 4
4790.9 -5288.9 -77.0 26 0 16.9 23.0 7.5 2.5 2 1 3 5 5
4801.4 -5267.6 -76.9 26 0 16.9 23.0 10.0 2.5 2 1 4 4 4
4685.3 -5514.4 -77.8 24 0 14.4 23.6 10.0 2.5 2 1 4 1 1
4673.8 -5566.5 -76.7 205 0 12.8 20.0 10.0 2.5 2 1 4 4 4
4666.9 -5579.7 -76.8 205 0 11.9 20.9 5.0 2.5 4 1 2 4 4
4652.7 -5616.2 -76.9 204 0 24.4 15.7 12.5 2.5 2 0 5 0 0
4706.0 -5489.2 -76.8 203 0 11.8 23.7 7.5 2.5 2 1 3 0 0
4782.6 -5492.6 -74.8 203 0 13.7 14.0 2.5 2.5 2 1 1 4 4
4795.6 -5461.0 -75.1 203 0 12.4 15.2 7.5 0.0 0 1 3 0 0
4816.2 -5497.9 -74.3 24 0 21.4 15.3 10.0 2.5 2 0 4 4 4
4897.3 -5514.3 -74.3 200 0 19.4 21.6 7.5 2.5 2 1 3 1 1
4793.0 -5420.2 -76.7 24 0 20.9 16.0 10.0 0.0 0 0 4 5 5
4807.9 -5391.0 -76.7 24 0 20.9 16.0 7.5 0.0 0 0 3 1 1
4822.2 -5362.9 -76.2 24 0 20.9 16.0 10.0 0.0 0 0 4 2 2
4835.0 -5320.2 -76.0 286 0 9.1 24.4 7.5 0.0 0 1 3 1 1
4734.7 -5811.7 -74.4 311 0 20.2 18.3 7.5 2.5 2 0 3 4 4
4715.3 -5850.6 -73.9 43 0 22.2 16.1 10.0 2.5 2 0 4 0 0
4764.7 -5835.4 -74.8 309 0 14.9 23.7 10.0 2.5 2 1 4 5 5
4661.0 -5718.9 -76.9 292 0 14.9 16.9 10.0 2.5 2 1 4 0 0
4695.3 -5708.8 -76.5 190 0 24.5 16.1 10.0 2.5 2 0 4 1 1
4644.8 -5815.9 -74.1 218 0 15.8 15.9 12.5 2.5 2 1 5 4 4
4657.1 -5800.2 -74.7 217 0 12.7 14.5 7.5 2.5 2 1 3 5 5
4557.1 -5937.5 -69.9 133 0 17.7 18.1 12.5 2.5 2 1 5 3 3
4572.5 -5950.7 -70.4 129 0 12.6 18.1 2.5 2.5 4 1 1 2 2
4583.8 -5960.6 -70.9 130 0 8.0 19.2 7.5 2.5 2 1 3 5 5
4569.7 -5909.0 -72.2 220 0 13.9 17.5 7.5 2.5 2 1 3 4 4
4584.5 -5890.4 -73.6 217 0 14.4 17.6 7.5 2.5 4 1 3 1 1
4614.9 -5899.2 -74.0 310 0 12.8 18.0 5.0 2.5 2 1 2 3 3
4651.9 -5782.8 -76.1 41 0 18.0 20.8 10.0 0.0 0 1 4 5 5
5106.6 -5470.5 -74.8 35 0 18.2 20.6 12.5 2.5 2 1 5 0 0
5144.2 -5419.0 -75.3 36 0 17.2 19.5 10.0 2.5 2 1 4 1 1
5186.4 -5557.7 -74.0 290 0 11.3 15.0 2.5 2.5 2 1 1 2 2
4941.0 -4449.9 -74.9 252 0 25.1 15.9 7.5 2.5 2 0 3 3 3
4952.5 -4484.1 -75.1 71 0 25.2 17.0 10.0 2.5 2 0 4 3 3
4981.7 -4284.2 -74.3 179 0 7.7 28.0 5.0 2.5 2 1 2 1 1
4981.6 -4270.9 -74.1 179 0 7.4 27.4 7.5 2.5 2 1 3 4 4
5019.0 -4306.1 -74.3 93 0 12.0 21.3 12.5 0.0 0 1 5 1 1
5021.4 -4261.2 -73.8 272 0 11.9 16.3 5.0 2.5 4 1 2 3 3
5030.8 -4133.8 -72.0 331 0 22.7 15.5 7.5 2.5 2 0 3 0 0
4982.9 -3914.9 -72.4 358 0 16.8 26.9 7.5 2.5 2 1 3 2 2
4982.9 -3948.5 -72.0 358 0 27.3 16.4 10.0 2.5 2 0 4 0 0
4990.2 -3952.4 -71.8 171 0 16.6 27.1 10.0 2.5 2 1 4 3 3
4992.1 -3925.0 -72.0 169 0 27.1 16.3 7.5 2.5 2 0 3 0 0
4661.6 -3850.6 -75.7 175 0 36.6 11.9 7.5 0.0 0 0 3 4 4
4656.9 -3795.2 -75.9 179 0 14.0 17.1 7.5 2.5 2 1 3 1 1
4748.3 -3314.7 -75.7 91 0 29.5 22.8 7.5 0.0 0 0 3 3 3
4920.5 -3152.8 -66.2 16 0 8.2 17.3 7.5 0.0 0 1 3 2 2
4931.7 -5639.9 -74.6 130 0 21.7 16.6 10.0 2.5 2 0 4 5 5
4959.8 -5613.3 -74.5 311 0 22.7 15.8 5.0 2.5 2 0 2 2 2
5026.4 -5425.4 -75.2 26 0 12.9 18.3 2.5 2.5 2 1 1 4 4
5089.5 -4756.5 -70.4 153 0 20.9 19.3 10.0 2.5 4 0 4 5 5
5086.9 -4448.2 -69.6 339 0 17.9 23.2 17.5 0.0 0 1 7 0 0
5064.2 -4518.7 -63.9 115 0 11.7 22.8 10.0 2.5 2 1 4 0 0
4959.4 -4383.1 -75.5 262 0 16.5 12.5 5.0 2.5 4 0 2 2 2
4928.7 -4335.6 -74.5 168 0 11.3 15.5 5.0 2.5 2 1 2 3 3
5120.6 -4229.1 -72.3 78 0 14.8 14.5 7.5 2.5 2 0 3 0 0
5668.7 -3746.0 -63.3 274 0 29.4 16.8 10.0 0.0 0 0 4 3 3
5679.3 -3791.0 -64.5 84 0 20.6 18.2 12.5 2.5 2 0 5 2 2
5634.6 -3776.6 -64.4 182 0 17.0 27.6 10.0 2.5 2 1 4 3 3
5628.0 -3763.2 -63.5 95 0 12.7 22.4 10.0 2.5 2 1 4 4 4
5716.4 -3782.1 -64.1 49 0 17.4 29.4 10.0 0.0 0 1 4 5 5
5516.3 -3725.7 -64.1 190 0 17.2 25.1 12.5 2.5 4 1 5 2 2
5560.6 -3792.1 -65.3 143 0 28.7 18.5 12.5 2.5 2 0 5 5 5
5539.7 -3764.9 -64.6 143 0 28.7 18.5 12.5 2.5 2 0 5 3 3
5577.8 -3736.5 -63.6 323 0 28.8 18.5 12.5 2.5 2 0 5 1 1
5611.5 -3776.8 -65.1 323 0 28.8 18.5 12.5 2.5 2 0 5 4 4
5602.4 -3747.2 -63.3 145 0 18.9 18.6 7.5 0.0 0 0 3 3 3
4927.0 -2669.6 -64.5 200 0 15.9 27.2 12.5 2.5 4 1 5 2 2
4938.4 -2307.4 -73.2 97 0 27.0 14.3 10.0 2.5 2 0 4 3 3
4964.4 -2312.6 -70.4 96 0 18.7 23.9 12.5 2.5 2 1 5 1 1
4970.6 -2267.3 -70.8 268 0 27.0 15.5 12.5 0.0 0 0 5 0 0
4969.8 -2144.2 -65.7 167 0 16.2 20.1 17.5 0.0 0 1 7 3 3
4957.9 -2475.6 -67.0 283 0 39.2 13.9 10.0 2.5 2 0 4 5 5
4934.9 -2034.9 -71.0 179 0 17.3 18.5 15.0 0.0 0 1 6 2 2
4737.9 -631.4 -57.2 168 0 28.2 14.3 17.5 0.0 0 0 5 1 1
4770.2 -639.0 -54.9 78 0 20.3 28.4 17.5 3.5 2 1 5 0 0
4665.6 -465.9 -63.4 223 0 17.9 21.8 17.5 3.5 2 1 5 5 5
4594.4 -378.0 -65.5 252 0 14.0 26.4 17.5 3.5 2 1 5 3 3
4541.6 -47.8 -69.5 86 0 36.4 21.1 17.5 0.0 0 0 5 5 5
4513.6 -50.0 -70.4 85 0 9.6 21.2 10.5 3.5 2 1 3 0 0
4507.1 -13.5 -70.2 172 0 24.4 21.9 17.5 3.5 2 0 5 3 3
4569.0 -45.7 -67.2 85 0 10.0 21.9 10.5 3.5 2 1 3 3 3
4505.3 -89.6 -70.7 177 0 13.8 28.2 17.5 3.5 2 1 5 4 4
4672.6 40.7 -55.3 165 0 27.3 14.6 17.5 3.5 4 0 5 5 5
4417.7 344.8 -73.4 218 0 22.3 21.5 10.5 3.5 2 0 3 5 5
4406.6 384.5 -74.7 197 0 33.1 17.1 10.5 3.5 2 0 3 0 0
4493.2 589.1 -63.6 72 0 16.0 27.7 12.5 2.5 4 1 5 0 0
4473.0 654.1 -62.4 253 0 14.4 26.4 10.0 2.5 2 1 4 1 1
4465.0 545.9 -69.8 351 0 15.4 22.2 10.5 3.5 2 1 3 3 3
4417.5 562.7 -74.2 168 0 14.4 12.0 10.5 3.5 2 0 3 3 3
4422.7 536.9 -73.2 168 0 14.6 12.5 10.5 3.5 2 0 3 5 5
4450.6 631.3 -70.6 346 0 12.4 18.7 10.5 3.5 2 1 3 4 4
4262.9 1078.8 -71.9 326 0 15.1 12.9 5.0 2.5 2 0 2 0 0
4252.5 1096.2 -71.8 326 0 15.1 12.9 5.0 2.5 2 0 2 5 5
4241.0 1113.9 -71.8 326 0 15.1 12.9 2.5 2.5 2 0 1 1 1
4173.0 1184.5 -72.8 151 0 13.6 28.2 12.5 2.5 4 1 5 0 0
3850.2 10397.9 -60.3 89 0 10.5 22.3 10.5 3.5 2 1 3 2 2
3865.1 10398.3 -59.1 90 0 10.2 21.5 10.5 0.0 0 1 3 1 1
3965.7 10482.2 -43.8 274 0 19.9 9.9 10.5 3.5 2 0 3 2 2
4122.4 10563.6 -31.2 186 0 20.3 8.7 10.5 3.5 2 0 3 1 1
4024.8 10351.7 -47.9 93 0 12.0 9.3 10.5 3.5 2 0 3 4 4
4046.7 10361.2 -46.3 0 0 13.1 9.9 10.5 3.5 2 0 3 3 3
4048.0 10387.4 -45.1 269 0 14.9 14.7 14.0 3.5 2 0 4 0 0
4036.9 10274.7 -52.3 272 0 9.6 13.9 10.5 3.5 2 1 3 1 1
4023.8 10291.2 -50.9 92 0 12.5 9.8 10.5 3.5 2 0 3 3 3
4043.1 10296.1 -49.7 3 0 11.5 10.2 10.5 3.5 2 0 3 5 5
4044.4 10308.1 -49.0 2 0 8.3 10.7 10.5 3.5 2 1 3 3 3
4001.4 10335.8 -51.1 273 0 9.3 11.3 10.5 3.5 2 1 3 2 2
4000.1 10388.7 -49.0 270 0 10.7 16.6 14.0 3.5 2 1 4 5 5
3934.9 10334.0 -56.8 270 0 11.4 9.5 10.5 3.5 2 0 3 4 4
3904.9 10335.4 -59.4 269 0 12.6 10.8 10.5 3.5 2 0 3 4 4
3898.0 10324.6 -60.1 270 0 9.1 12.0 10.5 3.5 4 0 3 2 2
3903.3 10294.0 -60.8 89 0 8.4 14.5 10.5 0.0 0 1 3 5 5
3876.4 10333.8 -61.7 267 0 8.9 10.5 10.5 0.0 0 1 3 3 3
3872.6 10290.1 -63.9 90 0 14.5 17.0 10.5 3.5 2 1 3 2 2
3776.1 10389.0 -68.3 269 0 6.3 11.4 10.5 3.5 2 1 3 3 3
3770.4 10333.6 -71.1 269 0 10.6 14.5 14.0 3.5 2 1 4 5 5
3755.6 10331.1 -72.7 271 0 9.4 17.9 10.5 3.5 2 1 3 4 4
3816.1 10331.0 -67.4 269 0 10.5 17.9 14.0 3.5 2 1 4 3 3
3815.9 10273.0 -69.9 271 0 10.1 16.4 14.0 3.5 2 1 4 3 3
3771.0 10346.9 -70.0 88 0 9.5 19.8 10.5 3.5 2 1 3 4 4
3903.4 10221.2 -65.2 307 0 11.0 11.8 14.0 3.5 2 1 4 2 2
3989.2 10166.2 -60.7 311 0 10.7 13.2 14.0 3.5 2 1 4 1 1
3984.2 10189.0 -58.9 122 0 10.5 13.1 10.5 3.5 4 1 3 3 3
4202.4 10284.1 -61.4 288 0 12.7 11.6 14.0 3.5 2 0 4 0 0
4296.1 10277.0 -61.8 196 0 13.7 14.9 10.5 3.5 2 1 3 0 0
6233.0 -8141.8 -58.6 338 0 15.7 18.1 7.5 2.5 2 1 3 2 2
6357.6 -7859.8 -54.2 174 0 21.8 9.2 5.0 0.0 0 0 2 3 3
4977.2 -6469.8 -71.9 150 0 14.3 10.6 7.5 2.5 2 0 3 3 3
4967.5 -6453.0 -72.1 150 0 14.3 10.6 7.5 2.5 4 0 3 1 1
4958.1 -6436.1 -72.4 150 0 14.3 10.6 5.0 2.5 2 0 2 5 5
4949.0 -6419.8 -72.6 150 0 14.3 10.6 2.5 2.5 2 0 1 1 1
4958.4 -6476.8 -71.8 330 0 14.3 10.6 5.0 2.5 2 0 2 0 0
4948.7 -6460.4 -72.0 330 0 14.3 10.6 5.0 0.0 0 0 2 0 0
4939.6 -6442.9 -72.3 330 0 14.3 10.6 2.5 2.5 2 0 1 5 5
4930.3 -6425.6 -72.5 330 0 14.3 10.6 5.0 2.5 2 0 2 0 0
4938.0 -6400.1 -72.9 149 0 19.4 10.4 5.0 2.5 2 0 2 0 0
4919.7 -6406.6 -72.9 329 0 19.4 10.4 5.0 2.5 2 0 2 3 3
4749.2 -4269.2 -74.8 174 0 29.5 25.1 12.5 0.0 0 0 5 5 5
4767.8 -4226.1 -73.9 270 0 17.1 13.6 10.0 2.5 2 0 4 0 0
4759.8 -4214.7 -74.0 79 0 36.1 13.2 10.0 2.5 2 0 4 1 1
4785.0 -3990.7 -74.0 82 0 16.6 29.0 7.5 2.5 2 1 3 3 3
4790.8 -3947.3 -74.5 357 0 18.3 28.2 10.0 0.0 0 1 4 4 4
4742.3 -3994.4 -74.6 91 0 15.3 20.7 10.0 2.5 2 1 4 5 5
4720.8 -3953.2 -75.3 180 0 21.7 15.9 10.0 2.5 4 0 4 2 2
4679.7 -4020.4 -75.9 253 0 17.0 21.1 10.0 2.5 2 1 4 1 1
4760.1 -4241.6 -73.6 266 0 17.7 8.4 5.0 2.5 2 0 2 2 2
4788.9 -4212.6 -71.5 93 0 15.0 13.5 7.5 2.5 2 0 3 4 4
4754.1 -4065.2 -74.5 335 0 13.7 23.8 7.5 0.0 0 1 3 4 4
4706.9 -3758.9 -75.3 183 0 19.0 29.1 10.0 2.5 2 1 4 0 0
4694.3 -3720.2 -75.7 5 0 14.9 30.1 7.5 2.5 4 1 3 0 0
4656.0 -3778.6 -76.1 97 0 35.0 11.7 7.5 2.5 2 0 3 5 5
4629.8 -3845.4 -76.2 96 0 10.7 29.1 10.0 0.0 0 1 4 4 4
4712.6 -3467.1 -76.1 193 0 11.0 17.2 2.5 2.5 2 1 1 3 3
4749.0 -3383.8 -76.0 4 0 20.3 29.3 10.0 2.5 2 0 4 3 3
4749.5 -3368.5 -75.9 357 0 9.9 29.5 7.5 2.5 2 0 3 1 1
4717.5 -3589.7 -75.7 283 0 27.0 19.6 12.5 2.5 2 0 5 2 2
4780.4 -3314.5 -74.8 90 0 27.0 24.0 12.5 0.0 0 0 5 5 5
4832.2 -3237.9 -71.8 3 0 8.8 32.0 7.5 0.0 0 1 3 3 3
4784.9 -3236.9 -73.1 97 0 19.2 10.8 5.0 2.5 2 0 2 3 3
4767.7 -3196.1 -73.9 285 0 17.2 24.6 10.0 2.5 2 1 4 4 4
4972.5 -3187.4 -65.8 106 0 23.5 22.8 10.0 2.5 2 0 4 2 2
4961.6 -3226.2 -70.5 286 0 23.5 22.8 10.0 2.5 2 0 4 4 4
4905.0 -3261.6 -72.2 284 0 14.2 20.5 10.0 2.5 4 1 4 2 2
4928.4 -3277.8 -72.0 12 0 18.2 13.3 5.0 2.5 2 0 2 4 4
5126.8 -3386.2 -67.7 132 0 24.7 18.1 10.0 2.5 2 0 4 4 4
5165.9 -3362.2 -65.3 272 0 24.3 17.5 15.0 0.0 0 0 6 0 0
5208.1 -3372.4 -66.7 2 0 17.5 24.3 12.5 2.5 2 1 5 0 0
5176.9 -3429.6 -69.2 56 0 17.4 24.3 10.0 2.5 2 1 4 3 3
5197.8 -3414.2 -69.0 54 0 24.3 17.5 10.0 2.5 2 0 4 0 0
4615.6 -373.6 -63.6 250 0 15.9 25.1 17.5 3.5 2 1 5 3 3
4415.0 6.8 -73.9 169 0 23.1 22.4 17.5 3.5 2 0 5 3 3
4401.4 29.3 -74.2 172 0 19.5 22.3 17.5 3.5 4 1 5 2 2
4375.2 74.2 -74.9 178 0 21.6 32.8 17.5 0.0 0 1 5 3 3
4388.9 100.9 -75.1 268 0 54.6 10.8 17.5 0.0 0 0 5 3 3
4370.8 109.3 -74.7 88 0 17.8 30.6 10.5 3.5 2 1 3 3 3
4415.1 124.2 -73.8 358 0 24.5 30.3 10.5 0.0 0 1 3 0 0
4417.1 -11.8 -74.1 180 0 8.7 22.5 10.5 3.5 2 1 3 0 0
4426.4 53.6 -74.2 357 0 15.8 30.9 17.5 3.5 2 1 5 1 1
4438.2 61.7 -72.5 260 0 15.1 14.5 17.5 3.5 2 0 5 4 4
4551.1 220.5 -66.6 350 0 26.7 22.4 14.0 3.5 2 0 4 5 5
4568.5 65.8 -67.5 354 0 16.4 27.4 17.5 3.5 2 1 5 2 2
4548.6 246.4 -66.7 347 0 18.3 20.5 14.0 3.5 2 1 4 5 5
4541.5 271.7 -67.4 350 0 19.2 20.8 14.0 3.5 2 1 4 1 1
4588.7 -297.0 -65.7 75 0 25.4 13.4 17.5 3.5 2 0 5 3 3
4594.0 -270.0 -66.4 347 0 14.2 25.6 17.5 3.5 2 1 5 3 3
4554.8 -301.4 -67.2 162 0 13.8 13.7 17.5 3.5 2 0 5 1 1
4524.7 -455.9 -74.5 253 0 23.2 10.6 17.5 3.5 2 0 5 2 2
4611.6 -502.3 -69.9 43 0 16.1 25.5 14.0 3.5 2 1 4 5 5
4622.8 -511.3 -68.2 222 0 17.7 22.1 17.5 3.5 2 1 5 3 3
4704.9 -796.7 -72.3 161 0 22.8 18.7 17.5 3.5 2 0 5 3 3
4697.1 -774.3 -70.8 160 0 14.6 39.3 17.5 3.5 4 1 5 0 0
4688.8 -756.8 -70.4 160 0 11.7 29.6 17.5 3.5 2 0 5 4 4
4703.1 -724.8 -68.0 248 0 11.1 19.1 17.5 3.5 2 0 5 5 5
4745.0 -783.0 -69.7 340 0 22.6 18.8 17.5 3.5 2 0 5 3 3
4852.3 -858.7 -64.6 335 0 23.5 15.7 14.0 3.5 2 0 4 5 5
4829.5 -906.2 -66.4 145 0 24.2 13.6 14.0 3.5 4 0 4 4 4
4861.2 -961.0 -64.6 151 0 14.2 24.6 14.0 3.5 2 1 4 5 5
4683.3 -743.5 -70.1 156 0 17.7 18.9 17.5 3.5 2 0 5 4 4
4637.4 -495.8 -66.7 224 0 13.5 23.2 17.5 3.5 2 1 5 4 4
4605.5 -538.8 -69.5 156 0 15.4 25.4 17.5 3.5 2 1 5 3 3
4653.1 -482.4 -65.3 224 0 18.0 22.4 17.5 3.5 2 1 5 3 3
4689.4 -659.0 -64.6 66 0 19.9 18.6 14.0 3.5 2 0 4 4 4
4542.5 -551.4 -74.7 152 0 16.3 26.9 17.5 3.5 2 1 5 1 1
4535.3 -531.9 -74.9 155 0 18.6 22.7 17.5 0.0 0 1 5 4 4
4511.0 -409.9 -73.4 248 0 15.3 23.3 17.5 3.5 2 1 5 0 0
4531.4 -390.5 -71.2 67 0 10.5 21.6 14.0 3.5 2 1 4 3 3
4541.2 -398.4 -70.3 249 0 11.4 23.2 17.5 3.5 4 1 5 2 2
4527.6 -489.8 -74.9 84 0 13.4 18.3 17.5 0.0 0 1 5 3 3
4524.3 -448.4 -74.1 73 0 24.5 13.1 17.5 3.5 2 0 5 4 4
4526.7 -403.8 -71.6 247 0 9.2 23.6 10.5 3.5 4 1 3 3 3
4616.9 -344.4 -64.1 356 0 20.1 23.4 14.0 3.5 2 1 4 4 4
4542.1 -385.5 -70.1 68 0 10.1 24.3 14.0 3.5 2 1 4 5 5
4545.3 -303.7 -69.9 341 0 21.6 23.0 14.0 3.5 2 1 4 2 2
4387.1 185.3 -73.0 48 0 24.9 14.5 14.0 3.5 2 0 4 2 2
4257.6 1234.6 -55.6 155 0 15.3 28.8 15.0 0.0 0 1 6 2 2
4249.5 1251.4 -54.3 150 0 12.9 32.2 12.5 2.5 2 1 5 0 0
4306.3 1248.6 -50.0 65 0 28.2 15.2 10.0 2.5 2 0 4 0 0
4290.6 1277.4 -50.6 244 0 20.2 10.9 7.5 0.0 0 0 3 4 4
4218.5 1268.1 -58.4 66 0 13.8 27.8 10.0 2.5 2 1 4 0 0
4236.7 1245.8 -61.3 331 0 17.1 23.9 12.5 2.5 2 1 5 1 1
3930.4 1529.6 -68.5 290 0 18.9 21.2 10.0 2.5 2 1 4 2 2
3908.7 1497.3 -71.9 199 0 20.5 18.5 12.5 2.5 2 0 5 2 2
3973.4 1524.0 -68.7 298 0 24.6 26.3 10.0 0.0 0 1 4 5 5
3959.2 1496.7 -71.9 298 0 21.3 26.9 12.5 2.5 2 1 5 4 4
3932.9 1443.4 -74.1 115 0 23.7 26.5 10.0 0.0 0 1 4 0 0
3989.5 1392.4 -73.6 134 0 19.6 27.5 10.0 2.5 2 1 4 5 5
4035.1 1437.4 -71.5 315 0 20.4 31.5 15.0 0.0 0 1 6 2 2
4032.2 1371.4 -73.7 44 0 28.9 20.1 10.0 2.5 2 0 4 3 3
4060.1 1413.4 -70.7 313 0 20.8 28.9 10.0 0.0 0 1 4 0 0
3961.9 1639.3 -60.3 113 0 23.7 14.1 7.5 2.5 2 0 3 3 3
3562.4 1769.4 -70.5 34 0 19.9 30.0 10.0 2.5 2 1 4 2 2
3517.7 1710.1 -74.7 52 0 11.7 19.3 5.0 0.0 0 1 2 2 2
3268.8 1918.1 -71.1 168 0 14.3 27.6 12.5 2.5 2 1 5 3 3
3064.7 2034.0 -64.5 184 0 19.6 38.3 12.5 2.5 2 1 5 2 2
3146.3 2017.8 -65.7 2 0 19.2 37.6 10.0 2.5 2 1 4 0 0
3156.9 2039.1 -66.1 10 0 10.2 43.3 15.0 0.0 0 1 6 5 5
3103.2 2096.5 -69.6 288 0 42.6 13.2 12.5 2.5 4 0 5 1 1
3164.6 2070.7 -66.3 18 0 13.2 42.6 10.0 2.5 2 1 4 1 1
2990.8 1627.4 -74.9 245 0 31.8 13.5 10.0 2.5 2 0 4 1 1
3024.4 1643.9 -74.9 243 0 30.1 13.6 10.0 2.5 2 0 4 5 5
3509.3 2366.9 -36.0 323 0 10.5 20.8 10.0 0.0 0 1 4 2 2
3528.5 2389.1 -31.2 233 0 20.8 10.5 5.0 2.5 4 0 2 4 4
3538.8 2327.6 -36.3 323 0 10.5 20.8 5.0 2.5 2 1 2 0 0
3555.4 2348.9 -32.9 233 0 20.8 10.5 10.0 2.5 2 0 4 5 5
3549.2 2358.4 -32.1 48 0 20.0 11.5 2.5 2.5 2 0 1 0 0
3521.7 2333.3 -34.4 50 0 20.6 12.0 7.5 2.5 2 0 3 2 2
3578.4 2316.9 -35.3 51 0 19.7 11.9 7.5 2.5 2 0 3 0 0
3550.4 2293.5 -41.4 50 0 20.1 12.8 12.5 2.5 4 0 5 2 2
3723.8 3333.2 -53.8 88 0 20.4 21.3 12.5 2.5 2 1 5 1 1
3628.3 4353.2 -58.6 12 0 11.1 8.9 5.0 2.5 2 0 2 0 0
3605.7 4357.2 -60.5 192 0 11.1 8.9 5.0 2.5 4 0 2 4 4
3596.5 4363.9 -63.7 282 0 8.9 11.1 7.5 2.5 4 1 3 2 2
3581.6 4366.2 -66.8 282 0 8.9 11.1 7.5 2.5 2 1 3 0 0
3567.4 4368.4 -69.8 282 0 8.9 11.1 5.0 2.5 2 1 2 3 3
3637.5 4335.2 -63.1 12 0 11.1 8.9 7.5 0.0 0 0 3 5 5
3642.0 4350.2 -58.1 12 0 11.1 8.9 2.5 2.5 2 0 1 3 3
3623.5 4337.9 -63.6 12 0 11.1 8.9 2.5 2.5 2 0 1 4 4
3610.3 4340.1 -64.3 12 0 11.1 8.9 2.5 2.5 4 0 1 4 4
3593.4 4348.7 -65.1 282 0 8.9 11.1 2.5 2.5 2 1 1 3 3
3578.6 4350.4 -68.3 282 0 8.9 11.1 5.0 2.5 2 1 2 2 2
3586.7 4322.0 -70.2 102 0 8.9 11.1 5.0 2.5 2 1 2 0 0
3602.1 4320.2 -68.9 102 0 8.9 11.1 5.0 2.5 2 1 2 5 5
3619.6 4322.5 -67.3 12 0 11.1 8.9 7.5 2.5 2 0 3 3 3
3633.6 4319.2 -65.5 12 0 11.1 8.9 7.5 2.5 4 0 3 4 4
3572.0 4323.6 -71.2 102 0 8.9 11.1 5.0 2.5 2 1 2 0 0
3633.6 4391.2 -54.6 12 0 11.1 8.9 7.5 2.5 2 0 3 2 2
3610.5 4394.9 -57.6 192 0 11.1 8.9 7.5 2.5 2 0 3 3 3
3596.9 4398.1 -60.3 192 0 11.1 8.9 7.5 2.5 4 0 3 4 4
3599.1 4412.9 -58.0 192 0 11.1 8.9 7.5 2.5 2 0 3 3 3
3613.0 4410.5 -55.5 192 0 11.1 8.9 2.5 2.5 2 0 1 2 2
3635.5 4407.2 -52.9 12 0 11.1 8.9 7.5 2.5 4 0 3 4 4
3638.1 4422.2 -50.5 12 0 11.1 8.9 5.0 2.5 4 0 2 0 0
3616.4 4425.9 -52.9 192 0 11.1 8.9 7.5 2.5 2 0 3 3 3
3602.6 4428.1 -55.5 192 0 11.1 8.9 5.0 2.5 2 0 2 0 0
3603.6 4444.4 -53.3 192 0 11.1 8.9 5.0 2.5 2 0 2 5 5
3606.3 4459.6 -50.9 192 0 11.1 8.9 7.5 2.5 2 0 3 5 5
3608.7 4474.4 -48.6 192 0 11.1 8.9 7.5 2.5 2 0 3 1 1
3619.5 4457.3 -48.5 192 0 11.1 8.9 7.5 2.5 2 0 3 2 2
3616.6 4441.9 -51.0 192 0 11.1 8.9 7.5 2.5 2 0 3 3 3
3639.7 4438.4 -48.3 12 0 11.1 8.9 5.0 0.0 0 0 2 4 4
3641.2 4453.4 -46.1 12 0 11.1 8.9 5.0 2.5 2 0 2 5 5
3622.1 4472.1 -46.2 192 0 11.1 8.9 5.0 2.5 2 0 2 2 2
3643.4 4469.0 -43.8 12 0 11.1 8.9 5.0 2.5 2 0 2 1 1
3590.7 4429.9 -59.2 12 0 11.1 8.9 5.0 0.0 0 0 2 4 4
3576.9 4432.7 -61.7 12 0 11.1 8.9 5.0 2.5 2 0 2 2 2
3554.2 4436.7 -65.4 192 0 11.1 8.9 5.0 0.0 0 0 2 2 2
3551.3 4421.0 -67.0 192 0 11.1 8.9 2.5 2.5 2 0 1 3 3
3574.1 4417.1 -64.1 12 0 11.1 8.9 5.0 2.5 2 0 2 1 1
3587.7 4413.9 -61.7 12 0 11.1 8.9 5.0 0.0 0 0 2 3 3
3585.2 4398.9 -64.1 12 0 11.1 8.9 2.5 2.5 2 0 1 5 5
3572.0 4400.9 -66.5 12 0 11.1 8.9 7.5 2.5 2 0 3 0 0
3593.0 4445.7 -56.8 12 0 11.1 8.9 2.5 2.5 2 0 1 4 4
3552.7 4398.6 -69.0 102 0 8.9 11.1 5.0 2.5 2 1 2 1 1
3557.4 4452.9 -63.6 192 0 11.1 8.9 5.0 0.0 0 0 2 2 2
3579.5 4448.7 -59.3 12 0 11.1 8.9 2.5 2.5 2 0 1 2 2
3581.4 4464.1 -58.0 12 0 11.1 8.9 5.0 2.5 2 0 2 0 0
3595.4 4462.3 -54.3 12 0 11.1 8.9 2.5 2.5 2 0 1 2 2
3451.4 5152.2 -76.5 176 0 21.9 17.4 10.0 2.5 2 0 4 4 4
3485.5 5171.4 -76.2 224 0 34.0 17.6 7.5 2.5 2 0 3 3 3
3531.7 5202.2 -75.9 316 0 18.5 32.7 12.5 0.0 0 1 5 1 1
3425.2 5205.4 -76.5 171 0 14.5 21.9 12.5 2.5 2 1 5 4 4
3421.5 5223.5 -76.5 172 0 15.2 23.4 10.0 2.5 2 1 4 5 5
3418.7 5240.7 -76.5 169 0 13.7 22.0 7.5 2.5 2 1 3 0 0
3416.1 5258.9 -76.5 171 0 14.6 22.8 10.0 2.5 2 1 4 5 5
3414.5 5276.3 -76.5 169 0 13.0 21.4 10.0 2.5 2 1 4 4 4
3566.7 5819.7 -69.7 193 0 7.7 9.5 7.5 2.5 2 1 3 0 0
3590.3 5815.5 -68.9 14 0 7.7 9.5 7.5 2.5 2 1 3 4 4
3587.1 5803.0 -68.9 14 0 7.7 9.5 5.0 2.5 2 1 2 2 2
3563.8 5808.3 -69.7 194 0 7.7 9.5 7.5 2.5 2 1 3 2 2
3560.0 5795.6 -69.7 193 0 7.7 9.5 2.5 2.5 2 1 1 0 0
3556.1 5782.2 -69.6 193 0 7.7 9.5 5.0 2.5 2 1 2 4 4
3583.7 5789.1 -68.9 13 0 7.7 9.5 5.0 2.5 2 1 2 4 4
3579.6 5776.0 -68.9 14 0 7.7 9.5 7.5 2.5 2 1 3 3 3
3601.3 5811.7 -67.8 193 0 7.7 9.5 5.0 2.5 4 1 2 3 3
3598.4 5800.1 -67.8 193 0 7.7 9.5 5.0 2.5 2 1 2 1 1
3593.9 5785.6 -67.8 193 0 7.7 9.5 5.0 2.5 2 1 2 2 2
3590.7 5772.1 -68.3 193 0 7.7 9.5 7.5 2.5 2 1 3 0 0
3603.7 5767.6 -68.1 193 0 7.7 9.5 2.5 2.5 2 1 1 5 5
3608.8 5780.7 -67.1 193 0 7.7 9.5 7.5 2.5 2 1 3 2 2
3612.6 5795.8 -67.0 193 0 7.7 9.5 5.0 2.5 2 1 2 4 4
3624.9 5806.3 -67.0 14 0 7.7 9.5 5.0 2.5 2 1 2 2 2
3634.1 5721.3 -70.5 272 0 14.2 23.2 10.0 2.5 2 1 4 3 3
3553.3 5768.1 -70.0 201 0 8.5 7.4 7.5 0.0 0 0 3 5 5
3573.5 5761.1 -69.8 21 0 8.5 7.4 7.5 2.5 2 0 3 4 4
3587.4 5757.4 -69.4 201 0 8.5 7.4 2.5 2.5 2 0 1 2 2
3602.9 5748.6 -69.1 111 0 7.4 8.5 7.5 2.5 2 1 3 1 1
4607.4 9728.7 -74.6 196 0 20.3 16.3 10.5 3.5 2 0 3 3 3
4554.4 9661.2 -77.3 352 0 13.7 12.6 14.0 3.5 2 0 4 3 3
4572.7 9674.2 -76.5 22 0 12.0 14.1 14.0 3.5 2 1 4 2 2
4575.8 9693.9 -76.1 22 0 12.0 14.1 14.0 3.5 2 1 4 4 4
4583.4 9710.8 -75.5 22 0 12.0 14.1 14.0 3.5 2 1 4 4 4
4595.2 9726.0 -75.0 22 0 12.0 14.1 14.0 3.5 2 1 4 3 3
4516.1 9739.3 -76.2 202 0 12.0 14.1 14.0 3.5 2 1 4 5 5
4592.5 9748.7 -74.4 59 0 14.1 12.0 14.0 3.5 2 0 4 4 4
4508.0 9721.8 -76.7 202 0 12.0 14.1 14.0 3.5 2 1 4 1 1
4496.2 9706.6 -77.3 202 0 12.0 14.1 14.0 3.5 4 1 4 0 0
4519.3 9758.4 -75.5 202 0 12.0 14.1 14.0 3.5 2 1 4 5 5
4540.4 9779.4 -74.5 252 0 11.9 14.2 14.0 3.5 2 1 4 5 5
4499.4 9686.1 -77.8 240 0 14.1 12.0 14.0 3.5 2 0 4 4 4
4570.5 9773.4 -74.5 292 0 15.7 16.7 14.0 3.5 2 1 4 1 1
4521.2 9660.6 -77.6 112 0 15.4 16.7 14.0 3.5 2 1 4 4 4
4611.1 9643.3 -77.0 204 0 12.3 13.0 14.0 3.5 2 1 4 3 3
4618.7 9661.4 -76.3 204 0 12.3 13.0 14.0 3.5 2 1 4 1 1
4626.2 9678.2 -75.7 204 0 12.3 13.0 14.0 3.5 2 1 4 5 5
4602.8 9613.8 -77.0 156 0 12.0 14.0 14.0 3.5 2 1 4 5 5
4632.5 9600.8 -76.7 84 0 12.2 13.4 14.0 3.5 4 1 4 3 3
4650.5 9615.4 -76.7 80 0 12.3 13.4 14.0 3.5 2 1 4 2 2
4672.0 9635.9 -76.6 350 0 13.4 12.3 14.0 3.5 2 0 4 5 5
4695.4 9642.0 -76.4 350 0 18.6 16.4 14.0 0.0 0 0 4 4 4
4726.9 9684.5 -74.1 23 0 16.5 18.6 14.0 3.5 2 1 4 4 4
4716.4 9663.6 -75.0 23 0 16.5 18.6 14.0 3.5 4 1 4 3 3
4633.0 9699.2 -75.0 203 0 16.2 18.6 14.0 3.5 2 1 4 4 4
4642.8 9720.7 -74.2 203 0 16.2 18.6 14.0 3.5 2 1 4 5 5
4672.4 9743.3 -73.5 258 0 16.2 18.7 14.0 3.5 2 1 4 5 5
4704.6 9736.3 -73.3 293 0 16.2 18.7 14.0 3.5 2 1 4 0 0
4733.0 9723.7 -73.2 327 0 16.2 18.7 14.0 0.0 0 1 4 4 4
4050.3 10525.0 -33.5 275 0 16.8 11.1 10.5 3.5 2 0 3 1 1
4064.0 10474.4 -34.3 188 0 11.3 9.5 10.5 3.5 2 0 3 2 2
4069.3 10496.8 -31.4 182 0 7.3 16.2 10.5 3.5 2 1 3 3 3
4077.2 10442.7 -39.5 268 0 5.5 14.8 10.5 3.5 2 1 3 1 1
4100.0 10515.5 -33.4 277 0 14.3 14.7 14.0 3.5 2 1 4 1 1
4081.6 10542.6 -31.3 187 0 10.6 13.2 14.0 3.5 2 1 4 1 1
4102.1 10533.9 -32.3 100 0 8.6 9.0 10.5 3.5 2 1 3 5 5
4107.8 10555.9 -31.7 280 0 11.5 8.6 10.5 3.5 2 0 3 5 5
4140.9 10560.9 -31.4 278 0 11.5 7.7 10.5 3.5 2 0 3 2 2
4061.1 10566.0 -31.5 280 0 13.2 12.3 14.0 3.5 2 0 4 3 3
4114.5 10459.2 -37.8 210 0 9.9 13.5 10.5 3.5 2 1 3 3 3
4164.7 10554.7 -32.7 210 0 12.0 14.2 14.0 3.5 2 1 4 2 2
4075.3 10389.2 -41.8 210 0 10.5 11.1 14.0 3.5 2 1 4 0 0
3941.4 10565.6 -45.6 92 0 7.7 12.6 10.5 3.5 2 1 3 5 5
3939.9 10562.3 -46.2 273 0 10.6 11.7 10.5 3.5 2 1 3 1 1
4114.1 10360.3 -48.3 214 0 10.6 18.8 14.0 3.5 2 1 4 3 3
4090.3 10347.6 -46.1 28 0 11.7 13.5 14.0 3.5 2 1 4 2 2
4134.6 10394.3 -46.4 208 0 10.2 25.0 14.0 3.5 2 1 4 2 2
4208.7 10564.9 -32.5 303 0 11.1 11.7 14.0 3.5 2 1 4 5 5
3985.2 10444.5 -46.0 269 0 9.8 15.7 10.5 3.5 4 1 3 1 1
3968.2 10444.8 -46.9 269 0 11.1 13.4 10.5 3.5 2 1 3 2 2
3957.6 10501.9 -44.3 90 0 9.9 12.1 10.5 3.5 2 1 3 5 5
3943.4 10488.0 -45.9 275 0 14.4 7.7 10.5 3.5 2 0 3 4 4
3889.9 10508.8 -52.4 92 0 11.4 12.0 14.0 3.5 2 1 4 1 1
3955.8 10533.8 -44.5 268 0 12.6 11.5 10.5 3.5 2 0 3 3 3
3973.8 10532.6 -42.5 272 0 11.3 13.3 10.5 3.5 2 1 3 1 1
3993.6 10523.3 -40.4 359 0 11.2 9.1 10.5 3.5 2 0 3 0 0
3986.1 10563.9 -40.2 92 0 9.8 12.9 10.5 3.5 2 1 3 1 1
3978.1 10503.9 -41.8 89 0 10.1 8.8 10.5 3.5 4 0 3 1 1
3996.0 10506.3 -40.1 357 0 13.2 8.3 10.5 0.0 0 0 3 0 0
4071.2 10409.2 -41.9 21 0 9.2 16.1 10.5 3.5 2 1 3 1 1
4058.9 10444.8 -39.5 269 0 7.9 9.6 10.5 3.5 2 1 3 2 2
3956.4 10447.7 -46.4 264 0 4.9 7.6 10.5 3.5 2 1 3 3 3
4578.2 10418.4 -18.9 30 0 9.0 15.0 10.5 3.5 2 1 3 3 3
4487.8 10231.5 -36.0 212 0 12.9 12.8 14.0 3.5 2 0 4 4 4
4861.4 -2843.3 -59.5 245 0 29.2 15.6 10.0 2.5 2 0 4 3 3
4784.2 -2829.6 -69.7 214 0 30.8 13.9 7.5 2.5 2 0 3 3 3
4827.2 -2812.6 -67.1 271 0 13.8 29.6 12.5 2.5 2 1 5 5 5
4955.8 -2650.5 -64.7 111 0 7.5 38.8 7.5 2.5 2 1 3 0 0
4894.2 -2434.7 -72.0 196 0 15.2 33.2 12.5 2.5 2 1 5 1 1
5123.0 -1692.1 -32.7 99 0 12.7 13.5 2.5 2.5 2 1 1 1 1
5129.7 -1601.8 -30.2 176 0 15.8 22.5 7.5 2.5 2 1 3 2 2
5146.0 -1627.2 -29.8 85 0 29.6 14.9 10.0 2.5 4 0 4 1 1
5056.6 -1384.6 -46.7 179 0 23.5 13.6 14.0 0.0 0 0 4 0 0
5018.1 -1506.6 -55.8 92 0 22.7 14.0 14.0 3.5 2 0 4 2 2
5027.3 -1465.5 -53.0 99 0 12.5 27.3 14.0 3.5 2 1 4 2 2
5039.9 -1538.2 -49.0 180 0 29.9 12.5 14.0 3.5 4 0 4 5 5
5043.3 -1500.7 -48.5 182 0 14.2 14.1 14.0 3.5 2 0 4 4 4
5098.0 -1504.6 -40.4 5 0 14.0 15.3 14.0 3.5 2 1 4 1 1
5070.1 -1145.2 -49.2 351 0 14.3 28.9 14.0 3.5 2 1 4 5 5
5038.4 -1118.0 -50.9 200 0 19.5 12.4 14.0 3.5 2 0 4 0 0
4925.6 -1093.2 -63.7 251 0 10.5 20.6 14.0 0.0 0 1 4 5 5
4881.2 -914.3 -62.5 51 0 19.3 20.5 14.0 3.5 2 1 4 3 3
4964.6 -835.8 -52.1 142 0 15.7 23.6 14.0 3.5 2 1 4 0 0
4909.2 -1326.0 -70.5 259 0 11.5 30.3 10.5 3.5 2 1 3 0 0
4892.5 -1329.7 -73.7 260 0 14.8 12.9 10.5 3.5 2 0 3 0 0
4953.5 -1232.0 -60.3 258 0 18.0 22.8 14.0 3.5 2 1 4 2 2
4916.1 -1463.0 -73.1 90 0 22.0 13.3 14.0 3.5 2 0 4 4 4
4904.2 -1439.7 -72.4 176 0 13.4 24.0 14.0 3.5 2 1 4 2 2
4964.3 -1463.0 -64.0 90 0 14.0 11.8 14.0 3.5 2 0 4 0 0
5170.3 -1649.9 -23.2 357 0 11.4 9.6 7.5 2.5 2 0 3 3 3
5165.0 -1669.7 -24.8 357 0 11.4 9.6 5.0 2.5 2 0 2 2 2
5157.0 -1689.5 -26.6 357 0 11.4 9.7 7.5 0.0 0 0 3 5 5
5027.2 -1637.8 -54.2 275 0 8.5 19.6 10.5 3.5 4 1 3 5 5
5068.2 -1766.6 -49.4 16 0 24.0 16.9 12.5 2.5 2 0 5 0 0
5063.1 -1639.6 -45.8 274 0 12.0 23.6 14.0 3.5 2 1 4 3 3
4935.4 -2008.6 -71.1 183 0 19.9 32.0 10.0 0.0 0 1 4 5 5
5016.5 -2100.4 -54.3 174 0 20.6 15.7 10.0 0.0 0 0 4 1 1
4992.9 -2313.8 -66.5 96 0 23.4 15.0 12.5 2.5 2 0 5 1 1
4951.0 -2454.6 -68.5 103 0 22.6 23.2 10.0 2.5 2 1 4 0 0
4994.9 -2517.2 -65.7 108 0 16.9 32.2 10.0 2.5 2 1 4 4 4
4839.4 -2745.3 -71.4 111 0 18.8 12.8 5.0 2.5 2 0 2 5 5
4862.3 -2752.9 -69.2 110 0 18.7 11.9 2.5 2.5 2 0 1 4 4
4768.0 -3015.7 -61.2 358 0 16.8 19.1 10.0 2.5 4 1 4 0 0
4175.2 2474.4 -2.7 330 0 18.0 26.8 10.0 2.5 4 1 4 4 4
4214.4 2458.1 -4.3 330 0 18.0 26.8 12.5 0.0 0 1 5 5 5
4230.0 2431.0 -4.7 330 0 18.0 26.8 12.5 2.5 2 1 5 4 4
4217.8 2384.1 -4.3 60 0 26.8 18.0 15.0 0.0 0 0 6 4 4
4136.0 2414.5 -3.7 150 0 18.0 26.8 10.0 2.5 2 1 4 2 2
4149.5 2388.5 -4.7 150 0 18.0 26.8 10.0 2.5 2 1 4 3 3
4179.6 2361.5 -5.7 60 0 26.8 18.0 10.0 2.5 2 0 4 0 0
3707.8 4084.3 -35.8 197 0 13.7 10.5 5.0 2.5 2 0 2 1 1
3702.0 4066.3 -34.8 198 0 13.8 10.5 5.0 2.5 2 0 2 4 4
3696.3 4048.6 -31.3 197 0 13.8 10.5 2.5 2.5 2 0 1 0 0
3735.9 4078.5 -30.2 17 0 13.8 10.5 2.5 2.5 2 0 1 2 2
3731.5 4060.3 -27.8 18 0 13.8 10.5 7.5 0.0 0 0 3 2 2
3728.8 4042.6 -23.4 5 0 13.7 10.5 5.0 2.5 2 0 2 4 4
3730.1 4016.1 -16.5 68 0 10.5 13.8 7.5 2.5 4 1 3 5 5
3698.2 4023.4 -24.5 158 0 13.8 10.5 5.0 2.5 2 0 2 3 3
3708.8 4004.7 -18.4 138 0 13.7 10.5 7.5 2.5 2 0 3 5 5
3906.8 5097.3 -70.9 131 0 13.0 12.5 2.5 2.5 2 0 1 5 5
3896.9 5610.3 -68.7 12 0 19.0 27.9 10.0 2.5 2 1 4 1 1
3891.8 5582.7 -69.1 13 0 23.7 23.3 10.0 2.5 2 0 4 3 3
3884.6 5547.2 -69.6 9 0 34.2 16.4 7.5 2.5 2 0 3 1 1
5291.8 8514.8 -63.5 30 0 17.2 15.3 10.0 2.5 2 0 4 1 1
5277.4 8488.5 -62.5 30 0 17.2 15.3 12.5 2.5 2 0 5 0 0
5262.0 8461.2 -60.9 30 0 17.2 15.3 10.0 2.5 2 0 4 1 1
5229.8 8407.2 -57.8 30 0 17.2 15.3 5.0 2.5 4 0 2 1 1
5216.3 8384.3 -56.4 30 0 17.2 15.3 12.5 2.5 2 0 5 2 2
5202.3 8360.1 -53.3 30 0 17.2 15.3 10.0 2.5 2 0 4 3 3
5189.3 8337.5 -49.3 30 0 17.2 15.3 10.0 2.5 4 0 4 3 3
5198.1 8325.5 -44.8 210 0 17.2 15.3 10.0 0.0 0 0 4 2 2
5211.4 8348.7 -48.9 210 0 17.2 15.3 10.0 2.5 2 0 4 4 4
5225.7 8371.1 -52.7 210 0 17.2 15.3 12.5 2.5 2 0 5 0 0
5238.6 8395.9 -57.1 210 0 17.2 15.3 12.5 0.0 0 0 5 3 3
5271.9 8451.3 -60.7 210 0 17.2 15.3 7.5 2.5 2 0 3 4 4
5287.2 8478.2 -62.3 210 0 17.2 15.3 10.0 2.5 2 0 4 2 2
5304.1 8507.6 -63.5 210 0 17.2 15.3 7.5 2.5 2 0 3 5 5
5379.8 8421.7 -61.6 171 0 27.7 27.9 10.0 0.0 0 1 4 0 0
4829.4 8913.3 -71.0 316 0 14.6 23.7 10.5 3.5 2 1 3 2 2
4798.5 8912.9 -71.4 320 0 22.5 12.4 10.5 0.0 0 0 3 4 4
4814.1 -5630.2 -74.9 110 0 13.0 27.0 10.0 2.5 2 1 4 3 3
4807.5 -5907.1 -75.2 216 0 15.3 15.7 10.0 2.5 2 1 4 3 3
4751.6 -6112.3 -73.8 108 0 11.3 11.6 5.0 0.0 0 1 2 5 5
4699.2 -6091.9 -69.0 314 0 9.9 19.2 5.0 0.0 0 1 2 1 1
4481.5 -5930.0 -71.0 218 0 10.3 22.9 2.5 0.0 0 1 1 2 2
4625.2 -5678.3 -77.4 288 0 17.3 14.7 10.0 0.0 0 0 4 1 1
4602.4 -5678.9 -77.6 196 0 14.6 12.8 5.0 2.5 2 0 2 2 2
4679.6 -5551.5 -76.8 205 0 12.2 17.9 2.5 2.5 4 1 1 3 3
4685.2 -5538.9 -76.7 205 0 12.5 18.4 2.5 2.5 4 1 1 5 5
4713.0 -5473.5 -76.8 201 0 22.3 26.9 7.5 2.5 4 1 3 2 2
4788.3 -5476.7 -74.9 204 0 13.5 14.7 7.5 2.5 4 1 3 2 2
4795.1 -5323.9 -76.4 198 0 22.7 20.7 7.5 0.0 0 0 3 0 0
4781.6 -5353.9 -76.6 205 0 17.6 15.2 7.5 0.0 0 0 3 5 5
4841.8 -5305.3 -75.8 124 0 12.3 24.6 7.5 0.0 0 1 3 4 4
4820.0 -5294.9 -76.2 124 0 12.3 24.6 7.5 0.0 0 1 3 0 0
4833.7 -5252.7 -76.3 162 0 15.2 21.8 10.0 0.0 0 1 4 5 5
4868.4 -5272.7 -75.8 30 0 18.0 20.1 10.0 0.0 0 1 4 5 5
4614.3 -6115.4 -59.2 56 0 13.0 8.7 2.5 2.5 2 0 1 0 0
4655.1 -6047.2 -68.4 311 0 10.7 16.1 5.0 2.5 2 1 2 5 5
4927.9 -984.8 -60.5 230 0 12.5 22.1 14.0 3.5 2 1 4 5 5
4764.9 -926.1 -73.5 147 0 15.0 25.2 14.0 0.0 0 1 4 1 1
4798.4 -888.2 -70.6 334 0 24.5 13.7 14.0 0.0 0 0 4 2 2
4815.6 -881.9 -67.3 153 0 17.9 15.5 14.0 3.5 2 0 4 4 4
4790.1 -973.4 -73.9 253 0 23.4 19.7 14.0 3.5 2 0 4 3 3
4902.6 -793.5 -56.7 83 0 14.3 17.7 17.5 3.5 4 1 5 2 2
5024.6 -1079.1 -54.3 106 0 21.7 18.7 14.0 3.5 2 0 4 5 5
4986.8 -1014.0 -55.2 173 0 24.3 19.2 14.0 3.5 2 0 4 5 5
4894.4 -1027.9 -67.9 330 0 16.2 35.2 14.0 3.5 2 1 4 2 2
4921.6 -1470.5 -72.9 273 0 21.1 12.5 14.0 3.5 2 0 4 5 5
4939.0 -1461.4 -68.3 90 0 14.1 14.0 14.0 0.0 0 0 4 0 0
4904.1 -1426.1 -72.2 174 0 8.1 22.1 10.5 0.0 0 1 3 4 4
4911.6 -1408.5 -72.1 264 0 19.5 10.0 10.5 3.5 2 0 3 1 1
4936.4 -1407.5 -68.0 265 0 16.3 16.8 14.0 3.5 2 1 4 3 3
4920.3 -1503.8 -73.2 90 0 13.0 16.5 14.0 0.0 0 1 4 3 3
4942.1 -1503.6 -70.5 92 0 25.6 13.9 14.0 3.5 2 0 4 0 0
4947.7 -1470.6 -68.2 272 0 18.1 14.3 14.0 3.5 2 0 4 3 3
4976.6 -1471.4 -64.3 272 0 30.6 14.0 14.0 3.5 2 0 4 2 2
4957.5 -1441.8 -63.3 181 0 11.5 13.6 14.0 3.5 2 1 4 2 2
4956.9 -1426.5 -63.5 181 0 11.3 14.9 14.0 3.5 4 1 4 0 0
4997.7 -1506.4 -58.3 97 0 8.5 13.3 10.5 3.5 2 1 3 1 1
4984.2 -1463.8 -60.6 91 0 14.8 11.7 14.0 3.5 2 0 4 2 2
4992.2 -1437.3 -60.0 1 0 20.8 14.8 14.0 3.5 2 0 4 1 1
4963.8 -1405.7 -63.5 270 0 15.1 11.6 14.0 3.5 4 0 4 1 1
4928.3 -1517.4 -72.8 270 0 20.1 9.5 7.5 0.0 0 0 3 3 3
4919.9 -1538.2 -72.7 181 0 13.8 19.5 10.0 2.5 4 1 4 5 5
4930.2 -1560.2 -72.4 85 0 14.3 12.1 10.0 2.5 2 0 4 2 2
4949.5 -1560.1 -68.2 88 0 11.3 19.4 2.5 2.5 2 1 1 5 5
4948.3 -1518.3 -68.0 268 0 11.8 18.8 5.0 0.0 0 1 2 3 3
4970.5 -1517.3 -64.7 268 0 23.1 16.5 12.5 2.5 2 0 5 0 0
4992.9 -1518.3 -59.0 268 0 10.9 16.5 5.0 0.0 0 1 2 2 2
4963.6 -1559.6 -65.3 88 0 10.1 18.6 5.0 2.5 2 1 2 0 0
4999.3 -1555.6 -59.7 91 0 26.0 15.4 10.0 2.5 2 0 4 3 3
5023.1 -1556.3 -53.6 90 0 12.3 18.0 7.5 2.5 2 1 3 3 3
5015.6 -1519.2 -56.0 269 0 24.8 14.7 12.5 0.0 0 0 5 5 5
5026.2 -1472.5 -53.6 268 0 13.1 13.7 14.0 3.5 2 1 4 3 3
5102.1 -1488.6 -39.6 2 0 10.3 12.4 14.0 3.5 2 1 4 2 2
4993.5 -1670.7 -60.5 96 0 17.0 30.7 14.0 3.5 2 1 4 5 5
4945.1 -1665.1 -70.9 89 0 20.3 25.7 14.0 3.5 2 1 4 3 3
4951.1 -1829.8 -71.9 85 0 26.5 16.2 10.0 2.5 2 0 4 0 0
4985.5 -1787.0 -64.6 264 0 26.1 13.1 15.0 0.0 0 0 6 1 1
4993.3 -1882.9 -52.2 205 0 11.8 19.2 5.0 2.5 2 1 2 5 5
5026.6 -1823.1 -55.0 84 0 11.6 25.0 7.5 0.0 0 1 3 2 2
5012.9 -1840.4 -51.0 209 0 15.9 20.7 12.5 0.0 0 1 5 4 4
4992.9 -1959.6 -57.8 15 0 14.3 20.7 10.0 2.5 4 1 4 0 0
4984.4 -2099.7 -66.1 352 0 12.2 19.5 5.0 2.5 2 1 2 2 2
5004.8 -2199.2 -64.8 354 0 14.1 20.1 12.5 0.0 0 1 5 3 3
4898.5 -2418.4 -73.0 199 0 10.2 31.6 10.0 2.5 2 1 4 4 4
4917.2 -2666.1 -67.3 20 0 17.4 32.0 10.0 2.5 2 1 4 5 5
4863.0 -2605.8 -70.8 186 0 10.8 24.1 10.0 0.0 0 1 4 4 4
4909.9 -2689.2 -66.3 14 0 13.3 19.4 12.5 2.5 2 1 5 5 5
4890.7 -2494.8 -71.0 283 0 14.3 24.6 12.5 2.5 4 1 5 2 2
4906.3 -2389.6 -74.3 201 0 10.8 27.8 12.5 2.5 4 1 5 3 3
4962.0 -2382.2 -69.8 277 0 26.9 15.9 17.5 0.0 0 0 7 5 5
4903.0 -2404.5 -73.9 199 0 11.6 18.6 7.5 2.5 4 1 3 0 0
4978.9 -2464.6 -65.4 103 0 24.1 25.8 10.0 0.0 0 1 4 0 0
5005.6 -2471.5 -64.5 104 0 16.3 26.7 15.0 0.0 0 1 6 5 5
4952.8 -2622.6 -67.0 12 0 7.9 27.0 7.5 2.5 2 1 3 5 5
4908.7 -2618.9 -68.8 102 0 27.0 11.5 15.0 0.0 0 0 6 1 1
4924.2 -2588.5 -68.8 279 0 22.7 12.5 10.0 2.5 2 0 4 5 5
4876.1 -2585.8 -71.3 281 0 23.4 12.4 12.5 2.5 2 0 5 3 3
4899.9 -2587.9 -69.9 280 0 14.3 12.9 5.0 2.5 2 0 2 5 5
4990.7 -2124.3 -66.0 353 0 9.0 22.0 7.5 2.5 2 1 3 1 1
4998.6 -2329.2 -66.6 277 0 13.5 17.8 10.0 2.5 2 1 4 0 0
4946.7 -1368.1 -64.0 178 0 22.1 23.2 10.5 3.5 2 1 3 3 3
4958.6 -1573.2 -66.8 267 0 13.8 44.1 14.0 3.5 2 1 4 1 1
5005.8 -1478.2 -57.2 235 0 12.2 9.8 10.5 3.5 2 0 3 5 5
5019.9 -1674.5 -54.9 98 0 15.2 14.1 14.0 3.5 2 0 4 2 2
5039.4 -1637.6 -50.3 269 0 13.1 22.3 14.0 3.5 2 1 4 2 2
5038.8 -1676.7 -50.6 99 0 11.9 13.0 14.0 3.5 2 1 4 4 4
5055.8 -1679.6 -47.1 99 0 11.9 13.0 14.0 3.5 2 1 4 0 0
5075.6 -1683.4 -43.3 96 0 15.1 14.9 14.0 3.5 2 0 4 0 0
4971.7 -1640.7 -65.5 267 0 23.4 12.1 14.0 3.5 2 0 4 1 1
4970.8 -1667.9 -65.9 95 0 23.4 12.1 14.0 3.5 2 0 4 1 1
5058.2 -1527.1 -45.2 182 0 11.9 11.8 14.0 0.0 0 0 4 4 4
5085.1 -1312.4 -40.2 357 0 18.1 9.5 10.5 3.5 2 0 3 5 5
4984.2 -1407.4 -60.3 272 0 14.7 15.6 14.0 0.0 0 1 4 5 5
4982.7 -1395.6 -59.8 95 0 19.1 11.9 10.5 3.5 2 0 3 1 1
4993.5 -1376.9 -59.2 5 0 10.6 17.6 10.5 3.5 2 1 3 4 4
4947.9 -1385.9 -64.2 184 0 9.9 21.1 10.5 3.5 2 1 3 5 5
4994.9 -1363.6 -59.0 7 0 10.5 18.7 10.5 3.5 2 1 3 3 3
5032.0 -1398.0 -51.7 92 0 12.7 13.6 14.0 3.5 2 1 4 2 2
4954.7 -1322.1 -62.2 252 0 11.6 27.1 10.5 3.5 2 1 3 3 3
5001.8 -1333.0 -58.8 9 0 15.7 32.0 10.5 3.5 4 1 3 3 3
4924.7 -1322.4 -67.9 260 0 14.0 32.3 10.5 3.5 2 1 3 5 5
4891.8 -1353.6 -73.2 163 0 9.4 12.0 10.5 3.5 2 1 3 1 1
4893.2 -1367.3 -73.1 171 0 8.3 13.3 10.5 0.0 0 1 3 2 2
5059.4 -1283.3 -42.0 187 0 15.4 23.8 14.0 3.5 2 1 4 1 1
4932.7 -1401.4 -67.9 88 0 13.1 14.7 10.5 3.5 2 1 3 5 5
4890.2 -1321.9 -73.5 79 0 13.5 13.2 14.0 3.5 2 0 4 4 4
4907.6 -1319.5 -70.3 79 0 11.0 22.0 14.0 3.5 4 1 4 2 2
4908.2 -1402.3 -72.8 86 0 21.3 15.8 10.5 3.5 2 0 3 2 2
4942.5 -1338.8 -64.0 167 0 29.7 6.6 10.5 3.5 2 0 3 1 1
4998.0 -1348.1 -59.2 5 0 9.4 24.5 10.5 3.5 4 1 3 0 0
5121.3 -1412.6 -35.6 178 0 22.4 23.5 10.5 3.5 2 1 3 3 3
4478.7 8.7 -72.1 343 0 13.5 23.5 17.5 3.5 2 1 5 2 2
4463.9 66.8 -71.3 258 0 15.2 24.7 17.5 0.0 0 1 5 1 1
4504.4 8.4 -69.8 171 0 11.1 23.8 17.5 3.5 2 1 5 3 3
4502.2 22.6 -69.7 170 0 9.3 24.0 10.5 3.5 4 1 3 3 3
4500.5 36.8 -69.6 171 0 11.2 35.0 17.5 3.5 2 1 5 4 4
4500.5 51.1 -69.4 170 0 10.8 22.8 17.5 3.5 2 1 5 1 1
4479.1 -9.4 -72.4 343 0 13.4 22.6 17.5 3.5 2 1 5 0 0
4484.2 -26.2 -73.0 346 0 10.0 32.8 10.5 3.5 2 1 3 0 0
4515.7 -323.2 -71.2 76 0 10.2 22.4 14.0 3.5 2 1 4 4 4
4502.9 -277.8 -71.5 255 0 9.2 19.7 10.5 3.5 2 1 3 5 5
4497.6 -328.7 -73.3 73 0 20.0 11.7 14.0 0.0 0 0 4 4 4
4489.3 -284.3 -73.1 256 0 15.9 13.1 14.0 3.5 2 0 4 5 5
4484.0 -313.5 -73.3 162 0 12.6 18.9 14.0 3.5 2 1 4 1 1
4490.6 -348.1 -73.2 171 0 8.6 25.2 10.5 3.5 2 1 3 0 0
4554.8 -379.6 -69.0 67 0 10.6 22.7 14.0 3.5 2 1 4 3 3
4550.8 -327.0 -68.0 248 0 10.8 24.6 14.0 3.5 2 1 4 1 1
4718.2 -296.0 -56.6 106 0 14.5 23.8 14.0 3.5 2 1 4 2 2
4516.6 -275.1 -70.5 252 0 10.7 19.6 14.0 3.5 2 1 4 5 5
4545.3 -272.1 -68.0 187 0 16.3 12.9 17.5 3.5 2 0 5 1 1
4541.0 -253.4 -68.3 179 0 14.3 15.0 17.5 3.5 2 1 5 0 0
4585.1 106.7 -65.2 176 0 12.8 23.1 14.0 3.5 2 1 4 3 3
4594.9 133.3 -65.1 266 0 23.1 12.8 14.0 3.5 2 0 4 4 4
4499.9 196.8 -68.0 178 0 13.0 24.7 14.0 3.5 2 1 4 3 3
4400.5 707.7 -73.2 164 0 21.7 15.6 10.5 3.5 4 0 3 4 4
4392.1 734.2 -74.6 162 0 22.9 11.4 10.5 3.5 2 0 3 2 2
4904.2 -1089.9 -65.9 69 0 10.3 17.7 14.0 3.5 2 1 4 1 1
4872.7 -1067.2 -67.9 155 0 24.9 14.3 14.0 3.5 2 0 4 0 0
4920.0 -1084.6 -64.2 68 0 9.8 18.6 10.5 3.5 2 1 3 2 2
4889.2 -1094.4 -67.6 69 0 10.9 16.2 14.0 3.5 2 1 4 1 1
4905.1 -1049.8 -66.0 331 0 26.8 16.5 14.0 3.5 2 0 4 4 4
4875.0 -1099.3 -69.1 68 0 10.4 15.9 14.0 3.5 2 1 4 0 0
4838.1 -1114.1 -73.8 69 0 22.2 12.9 14.0 3.5 2 0 4 0 0
4818.4 -968.4 -70.8 253 0 23.6 20.5 14.0 3.5 2 0 4 5 5
4904.8 -1237.0 -68.6 262 0 19.4 25.1 14.0 3.5 2 1 4 4 4
4855.6 -1121.3 -72.2 248 0 23.1 13.7 14.0 3.5 2 0 4 3 3
4834.4 -1136.2 -73.6 159 0 11.8 10.2 14.0 3.5 2 0 4 3 3
4948.2 -1084.1 -61.3 90 0 12.9 11.6 14.0 3.5 2 0 4 5 5
5092.5 -909.5 -42.5 106 0 10.7 16.3 17.5 3.5 2 1 5 3 3
4653.3 -262.8 -59.9 117 0 21.2 28.4 14.0 0.0 0 1 4 0 0
4446.1 -89.0 -73.9 161 0 22.2 22.9 17.5 3.5 2 1 5 1 1
4465.9 663.1 -61.4 74 0 15.8 15.2 2.5 0.0 0 0 1 5 5
4451.3 687.0 -60.1 163 0 13.1 16.9 5.0 2.5 2 1 2 1 1
4461.2 570.2 -70.6 351 0 15.6 22.6 10.5 3.5 2 1 3 1 1
4458.1 587.1 -71.2 352 0 11.3 23.0 10.5 3.5 4 1 3 2 2
4455.4 601.4 -71.4 349 0 9.8 21.1 10.5 0.0 0 1 3 2 2
4451.3 616.4 -71.1 349 0 10.9 16.0 10.5 3.5 2 1 3 5 5
4431.8 430.7 -72.3 87 0 15.9 25.7 10.5 3.5 2 1 3 3 3
4418.7 499.3 -73.7 172 0 15.2 18.8 10.5 3.5 2 1 3 3 3
4573.4 210.1 -64.9 164 0 14.0 21.5 14.0 3.5 2 1 4 1 1
4505.0 146.9 -68.9 273 0 12.5 18.3 17.5 3.5 2 1 5 3 3
4506.0 161.9 -68.6 92 0 14.7 21.1 14.0 3.5 2 1 4 1 1
4525.1 157.8 -67.8 94 0 14.7 21.3 14.0 3.5 2 1 4 4 4
4562.5 88.0 -67.7 355 0 17.8 28.5 17.5 3.5 2 1 5 1 1
4547.4 154.6 -66.9 88 0 19.8 18.8 14.0 3.5 2 0 4 2 2
4553.1 191.8 -66.8 352 0 24.7 19.0 14.0 3.5 2 0 4 5 5
4566.4 45.7 -67.7 354 0 17.7 24.6 17.5 3.5 2 1 5 5 5
4507.4 -108.6 -70.8 175 0 15.4 21.2 17.5 3.5 2 1 5 1 1
4492.0 -152.9 -73.4 356 0 16.1 22.5 17.5 3.5 2 1 5 3 3
4510.4 -264.2 -71.1 76 0 10.4 24.6 14.0 3.5 2 1 4 1 1
4535.3 -331.5 -69.4 247 0 8.7 25.0 10.5 3.5 2 1 3 3 3
4166.1 10448.8 -41.6 211 0 10.0 21.1 10.5 3.5 2 1 3 1 1
5005.3 9757.2 -60.4 300 0 44.0 20.4 14.0 0.0 0 0 4 0 0
4461.9 10329.8 -37.4 119 0 13.4 19.0 14.0 3.5 2 1 4 2 2
4472.6 10349.8 -35.2 119 0 13.4 19.0 14.0 0.0 0 1 4 2 2
4451.0 10360.4 -38.2 119 0 13.4 19.0 14.0 3.5 2 1 4 1 1
4462.5 10379.9 -35.9 119 0 13.4 19.0 14.0 0.0 0 1 4 4 4
4493.0 10384.9 -33.1 299 0 13.4 19.0 14.0 3.5 2 1 4 3 3
4503.8 10404.1 -30.9 299 0 13.4 19.0 14.0 3.5 2 1 4 1 1
4466.0 10448.2 -35.8 299 0 13.4 19.0 14.0 3.5 2 1 4 2 2
4451.8 10423.1 -38.3 299 0 13.4 19.0 14.0 3.5 2 1 4 4 4
4428.4 10381.2 -41.0 119 0 13.4 19.0 14.0 3.5 2 1 4 5 5
4414.2 10357.1 -43.8 119 0 13.4 19.0 14.0 0.0 0 1 4 5 5
4392.6 10369.0 -46.7 119 0 13.4 19.0 14.0 3.5 2 1 4 3 3
4431.6 10435.6 -41.0 299 0 13.4 19.0 14.0 3.5 2 1 4 0 0
4486.1 10315.9 -34.1 119 0 13.4 19.0 14.0 3.5 2 1 4 0 0
4508.1 10342.3 -31.8 29 0 19.0 13.4 14.0 3.5 2 0 4 3 3
4562.1 10388.7 -22.0 29 0 8.4 14.0 10.5 3.5 2 1 3 1 1
4555.9 10376.8 -23.2 29 0 8.4 14.0 10.5 3.5 2 1 3 2 2
4549.0 10364.1 -24.6 29 0 8.4 14.0 10.5 3.5 2 1 3 5 5
4542.3 10352.4 -25.9 29 0 8.4 14.0 10.5 3.5 2 1 3 3 3
4535.2 10339.6 -27.3 29 0 8.4 14.0 10.5 3.5 2 1 3 5 5
4528.2 10328.0 -28.7 29 0 8.4 14.0 10.5 3.5 2 1 3 1 1
4521.8 10316.8 -30.0 29 0 8.4 14.0 10.5 0.0 0 1 3 5 5
4514.5 10305.0 -31.4 29 0 8.4 14.0 10.5 3.5 4 1 3 3 3
4518.5 10355.6 -29.4 29 0 8.4 14.0 10.5 3.5 2 1 3 5 5
4521.0 10364.4 -28.8 29 0 8.4 14.0 10.5 3.5 2 1 3 3 3
4528.9 10373.8 -27.4 29 0 8.4 14.0 10.5 3.5 2 1 3 5 5
4530.9 10382.6 -26.8 29 0 8.4 14.0 10.5 3.5 2 1 3 4 4
4535.3 10399.9 -25.3 299 0 14.0 8.4 10.5 3.5 4 0 3 2 2
4537.3 10408.7 -24.8 299 0 14.0 8.4 10.5 3.5 2 0 3 0 0
4511.2 10423.2 -28.3 299 0 14.0 8.4 10.5 3.5 2 0 3 0 0
4509.5 10413.8 -28.8 299 0 14.0 8.4 10.5 3.5 2 0 3 4 4
4481.8 10414.4 -33.0 299 0 14.0 8.4 10.5 3.5 2 0 3 0 0
4480.0 10405.4 -33.5 299 0 14.0 8.4 10.5 0.0 0 0 3 0 0
4444.8 10460.6 -37.4 299 0 14.0 8.4 10.5 3.5 2 0 3 2 2
4442.9 10451.8 -38.6 299 0 14.0 8.4 10.5 0.0 0 0 3 1 1
4854.0 -3594.3 -71.4 196 0 17.2 42.1 12.5 2.5 2 1 5 3 3
4861.9 -3571.4 -71.3 197 0 20.7 17.4 10.0 2.5 2 0 4 2 2
4844.1 -3573.0 -71.8 16 0 19.0 27.2 7.5 0.0 0 1 3 4 4
4823.1 -3597.4 -72.2 106 0 28.8 16.2 7.5 2.5 2 0 3 5 5
4869.3 -3494.6 -72.2 15 0 14.8 38.0 10.0 0.0 0 1 4 4 4
4802.5 -3401.2 -74.2 272 0 18.7 22.4 10.0 2.5 2 1 4 5 5
4848.7 -3341.2 -72.9 271 0 28.0 9.0 7.5 2.5 2 0 3 5 5
4893.5 -3414.0 -72.5 179 0 12.5 32.0 10.0 2.5 2 1 4 0 0
4884.6 -3387.3 -72.8 181 0 11.5 32.1 7.5 2.5 2 1 3 0 0
5017.4 -3266.4 -69.5 102 0 13.1 40.5 15.0 0.0 0 1 6 2 2
4933.4 -3313.3 -71.7 200 0 18.6 20.4 5.0 2.5 2 1 2 4 4
4957.7 -3321.9 -71.5 200 0 20.4 13.5 10.0 2.5 2 0 4 4 4
4888.5 -3333.9 -72.4 117 0 31.8 10.4 10.0 2.5 2 0 4 3 3
4982.2 -3230.7 -70.0 282 0 10.0 23.7 5.0 2.5 4 1 2 2 2
5080.2 -3303.0 -68.9 325 0 20.5 14.0 10.0 2.5 2 0 4 3 3
5066.9 -3500.1 -70.2 107 0 11.0 20.0 7.5 2.5 4 1 3 5 5
4767.8 -2988.0 -59.4 357 0 18.6 19.1 12.5 2.5 2 1 5 2 2
4788.4 -2871.8 -65.0 252 0 18.3 45.6 12.5 2.5 4 1 5 1 1
4832.9 -2753.0 -71.8 299 0 15.5 32.5 15.0 0.0 0 1 6 4 4
4845.2 -2700.9 -70.3 189 0 13.2 25.8 10.0 2.5 2 1 4 0 0
4849.6 -2685.0 -70.0 190 0 12.8 24.0 12.5 2.5 2 1 5 4 4
4976.9 -2568.2 -67.1 107 0 20.3 17.8 12.5 2.5 2 0 5 1 1
4988.8 -2530.5 -67.1 287 0 20.3 17.8 15.0 0.0 0 0 6 2 2
5015.3 -2676.0 -60.0 112 0 12.7 17.1 5.0 2.5 2 1 2 1 1
5019.0 -2654.9 -61.3 114 0 23.4 26.1 10.0 0.0 0 1 4 4 4
5031.5 -2681.6 -60.7 115 0 12.3 42.4 12.5 2.5 2 1 5 3 3
5059.5 -2457.0 -63.1 64 0 16.9 37.7 12.5 2.5 2 1 5 2 2
5046.8 -2405.9 -62.0 177 0 16.7 17.7 12.5 2.5 2 1 5 3 3
5019.0 -2428.0 -64.9 5 0 27.0 25.8 10.0 0.0 0 0 4 1 1
4927.9 -2500.6 -68.5 104 0 27.9 13.2 12.5 2.5 2 0 5 0 0
4943.1 -2144.9 -72.7 88 0 23.3 12.8 12.5 2.5 2 0 5 2 2
4932.1 -2122.1 -72.7 178 0 12.7 22.5 12.5 2.5 2 1 5 5 5
4998.4 -1939.8 -57.7 10 0 17.2 23.6 12.5 2.5 2 1 5 4 4
4974.8 -1829.8 -65.6 92 0 14.4 20.6 12.5 2.5 2 1 5 3 3
5126.2 -1574.3 -31.5 179 0 35.1 13.7 12.5 2.5 2 0 5 1 1
4971.7 -1039.3 -59.5 330 0 20.5 20.8 14.0 3.5 2 1 4 2 2
4905.9 -728.0 -54.8 278 0 24.0 31.7 17.5 0.0 0 1 5 0 0
4892.8 -705.7 -51.2 190 0 29.1 21.8 17.5 0.0 0 0 5 2 2
4952.7 -669.7 -47.2 11 0 21.2 17.6 17.5 3.5 4 0 5 0 0
4879.9 -858.0 -59.1 147 0 15.4 27.5 17.5 3.5 4 1 5 1 1
4947.7 -552.7 -42.7 275 0 15.8 18.9 17.5 3.5 2 1 5 3 3
5004.4 -586.3 -42.6 359 0 23.7 24.1 17.5 3.5 4 1 5 2 2
4869.6 -474.4 -47.6 109 0 13.8 20.9 17.5 0.0 0 1 5 5 5
4591.4 -35.2 -65.4 179 0 18.6 42.9 14.0 3.5 2 1 4 2 2
4588.3 7.2 -65.8 174 0 40.5 17.8 14.0 0.0 0 0 4 3 3
4775.2 -1.3 -45.4 321 0 17.5 24.3 17.5 0.0 0 1 5 2 2
4777.4 29.2 -40.4 140 0 20.9 23.6 17.5 3.5 2 1 5 2 2
4762.6 49.3 -41.5 146 0 17.2 22.8 17.5 3.5 2 1 5 4 4
4740.3 -92.5 -51.1 66 0 22.2 18.2 17.5 3.5 2 0 5 2 2
4734.6 -110.4 -51.6 245 0 15.5 19.0 17.5 0.0 0 1 5 4 4
4748.0 213.5 -52.5 48 0 13.5 22.2 14.0 3.5 2 1 4 2 2
4852.5 271.6 -46.8 77 0 17.2 16.2 10.5 3.5 2 0 3 3 3
4676.0 340.6 -55.3 135 0 18.0 26.7 14.0 3.5 2 1 4 1 1
4623.1 559.8 -48.0 129 0 15.1 30.9 14.0 3.5 2 1 4 2 2
4638.4 547.1 -47.9 129 0 14.2 32.3 14.0 0.0 0 1 4 5 5
4616.7 582.8 -48.0 39 0 23.6 19.4 15.0 0.0 0 0 6 3 3
4581.3 611.6 -47.9 218 0 22.7 20.2 12.5 2.5 4 0 5 1 1
4650.8 639.5 -42.0 309 0 19.9 22.9 15.0 0.0 0 1 6 4 4
4537.8 510.1 -60.3 342 0 22.6 32.2 14.0 0.0 0 1 4 5 5
4527.4 538.9 -58.5 340 0 27.5 13.9 14.0 3.5 2 0 4 5 5
4508.6 574.8 -59.9 256 0 13.6 22.1 14.0 3.5 2 1 4 3 3
4514.8 592.9 -59.8 75 0 24.3 27.1 12.5 0.0 0 1 5 0 0
4545.7 483.5 -60.7 342 0 22.6 31.1 14.0 0.0 0 1 4 1 1
4555.5 457.5 -61.2 342 0 22.6 32.5 14.0 0.0 0 1 4 1 1
4564.9 433.4 -61.7 342 0 18.4 34.6 14.0 0.0 0 1 4 0 0
4449.0 368.2 -73.3 306 0 20.9 23.8 10.5 3.5 2 1 3 1 1
4491.8 217.3 -68.0 180 0 9.9 21.1 10.5 3.5 2 1 3 1 1
4572.4 253.6 -65.7 81 0 20.2 45.5 14.0 0.0 0 1 4 0 0
4780.1 244.7 -52.3 46 0 23.1 19.1 14.0 3.5 2 0 4 3 3
4796.5 296.3 -51.3 169 0 19.6 13.8 10.5 3.5 4 0 3 2 2
4540.4 598.7 -54.6 77 0 18.1 11.8 5.0 2.5 2 0 2 1 1
4524.4 665.1 -51.4 255 0 23.8 11.4 10.0 2.5 2 0 4 5 5
4486.8 686.3 -55.4 75 0 22.7 12.0 10.0 2.5 2 0 4 3 3
4491.4 669.3 -56.7 76 0 25.4 13.0 12.5 0.0 0 0 5 3 3
4518.4 676.8 -50.0 74 0 19.0 12.1 7.5 2.5 2 0 3 0 0
4512.8 692.9 -49.2 77 0 18.6 12.8 5.0 2.5 2 0 2 3 3
4442.0 1040.5 -44.6 153 0 15.9 22.0 10.0 0.0 0 1 4 0 0
4239.6 2365.3 -5.6 192 0 19.7 23.1 12.5 2.5 2 1 5 3 3
4233.4 2338.4 -5.1 192 0 19.7 23.1 7.5 2.5 4 1 3 2 2
4228.1 2312.5 -6.2 192 0 19.8 23.1 12.5 2.5 2 1 5 5 5
4266.2 2294.0 -5.9 102 0 23.1 19.7 10.0 0.0 0 0 4 4 4
4291.2 2354.5 -6.7 12 0 19.7 23.1 12.5 2.5 2 1 5 3 3
4249.5 2402.3 -5.9 191 0 26.9 12.7 12.5 2.5 2 0 5 3 3
3421.0 8505.3 -78.9 354 0 9.7 9.5 10.5 3.5 2 0 3 3 3
3510.1 8772.7 -70.7 155 0 11.9 8.8 10.5 3.5 2 0 3 0 0
3501.9 8786.9 -71.1 155 0 11.9 8.8 10.5 3.5 2 0 3 5 5
3492.3 8804.3 -72.0 155 0 11.9 8.8 10.5 3.5 2 0 3 1 1
3485.6 8815.1 -72.6 155 0 11.9 8.8 10.5 0.0 0 0 3 0 0
3479.1 8830.6 -73.3 155 0 11.9 8.8 10.5 3.5 4 0 3 2 2
3473.0 8841.6 -73.9 155 0 11.9 8.8 10.5 3.5 2 0 3 0 0
3519.9 8798.3 -70.7 155 0 11.9 8.8 10.5 3.5 2 0 3 1 1
3533.1 8826.8 -70.9 155 0 11.9 8.8 10.5 3.5 2 0 3 2 2
3527.6 8841.9 -71.6 155 0 11.9 8.8 10.5 3.5 2 0 3 1 1
3524.5 8854.3 -72.1 155 0 11.9 8.8 10.5 3.5 2 0 3 1 1
3514.6 8868.2 -72.9 155 0 11.9 8.8 10.5 3.5 2 0 3 5 5
3507.4 8879.4 -73.6 155 0 11.9 8.8 10.5 3.5 2 0 3 4 4
4115.0 10179.2 -65.1 20 0 16.0 27.1 14.0 3.5 2 1 4 2 2
4052.4 10156.4 -63.9 36 0 24.6 14.4 10.5 3.5 2 0 3 4 4
4854.2 -5539.4 -74.4 208 0 20.7 16.1 10.0 2.5 2 0 4 5 5
4891.4 -5704.0 -74.9 130 0 9.1 16.9 5.0 2.5 2 1 2 4 4
4909.0 -5760.6 -74.3 221 0 9.1 19.4 7.5 2.5 2 1 3 1 1
4896.3 -5747.4 -74.9 34 0 8.6 15.4 2.5 2.5 2 1 1 4 4
5224.0 -5495.0 -74.7 32 0 16.6 16.3 5.0 0.0 0 0 2 0 0
5042.1 -6119.7 -75.5 321 0 19.2 15.2 10.0 2.5 2 0 4 4 4
4933.5 -6486.9 -71.8 150 0 12.8 9.8 2.5 2.5 2 0 1 4 4
4923.4 -6469.9 -72.0 150 0 12.8 9.8 5.0 2.5 2 0 2 1 1
4913.0 -6452.1 -72.3 150 0 12.8 9.8 5.0 2.5 2 0 2 3 3
4903.7 -6435.7 -72.5 150 0 12.8 9.8 5.0 2.5 2 0 2 0 0
4894.4 -6418.3 -72.8 150 0 12.8 9.8 5.0 2.5 2 0 2 1 1
4892.1 -6466.6 -72.1 342 0 15.4 10.1 7.5 2.5 2 0 3 3 3
4876.5 -6394.9 -73.2 76 0 12.0 14.2 2.5 2.5 2 1 1 5 5
4856.9 -6384.5 -73.2 267 0 11.7 14.4 10.0 2.5 2 1 4 0 0
4851.5 -6366.7 -73.5 175 0 12.6 14.3 5.0 2.5 2 1 2 2 2
4879.3 -6359.1 -73.5 243 0 8.9 11.4 5.0 2.5 2 1 2 0 0
5078.6 -6183.8 -75.3 334 0 15.3 14.7 5.0 2.5 2 0 2 2 2
5200.7 -5800.0 -74.0 97 0 11.6 12.8 10.0 2.5 2 1 4 5 5
5235.6 -5797.6 -74.0 7 0 12.8 11.6 5.0 2.5 4 0 2 5 5
5241.7 -5769.2 -73.8 7 0 12.8 11.6 5.0 2.5 2 0 2 0 0
5224.6 -5765.8 -73.7 7 0 12.8 11.6 5.0 2.5 2 0 2 3 3
5203.3 -5757.2 -73.7 277 0 11.6 12.8 5.0 2.5 2 1 2 2 2
5179.7 -5761.1 -73.7 187 0 12.8 11.6 5.0 2.5 2 0 2 4 4
5240.1 -5783.3 -73.8 4 0 5.9 11.3 7.5 2.5 2 1 3 0 0
5191.9 -5780.9 -73.8 94 0 11.3 5.9 7.5 2.5 2 0 3 2 2
5215.1 -5801.4 -74.0 96 0 5.9 11.4 5.0 2.5 2 1 2 1 1
5246.0 -5733.3 -73.7 6 0 11.4 5.9 5.0 2.5 2 0 2 0 0
5251.2 -5715.3 -73.9 7 0 12.8 11.6 7.5 2.5 2 0 3 0 0
4918.7 -5674.8 -74.8 310 0 8.4 14.4 7.5 2.5 2 1 3 3 3
4969.0 -5718.4 -74.8 307 0 12.7 13.4 5.0 2.5 2 1 2 5 5
5068.5 -4137.2 -71.6 145 0 28.9 19.7 7.5 2.5 2 0 3 5 5
5123.0 -4148.0 -71.5 51 0 18.1 29.5 10.0 2.5 2 1 4 3 3
5116.6 -4087.9 -70.9 152 0 20.2 40.7 10.0 2.5 2 1 4 3 3
5087.8 -4088.1 -71.2 321 0 15.1 15.4 10.0 2.5 2 1 4 5 5
5125.8 -4040.5 -70.5 240 0 14.9 21.0 10.0 2.5 2 1 4 2 2
5142.3 -4006.7 -70.1 247 0 8.8 18.4 7.5 2.5 2 1 3 4 4
5201.8 -4014.7 -69.9 336 0 16.9 25.2 15.0 0.0 0 1 6 5 5
4892.9 -4149.6 -73.3 70 0 33.3 21.1 7.5 0.0 0 0 3 0 0
4859.3 -4110.3 -73.0 163 0 41.2 17.6 10.0 2.5 2 0 4 2 2
4862.3 -4003.5 -72.5 181 0 9.8 22.9 7.5 2.5 2 1 3 0 0
4913.6 -4014.7 -72.2 1 0 9.8 22.9 7.5 0.0 0 1 3 5 5
4855.2 -3984.6 -72.7 182 0 18.6 47.1 10.0 0.0 0 1 4 4 4
4846.4 -3845.5 -73.5 92 0 14.6 26.4 10.0 2.5 2 1 4 3 3
4825.8 -3844.0 -73.9 92 0 14.6 26.4 10.0 2.5 4 1 4 2 2
4804.6 -3843.0 -74.2 92 0 14.6 26.4 7.5 2.5 2 1 3 5 5
4784.1 -3842.6 -74.4 92 0 14.6 26.5 10.0 2.5 2 1 4 5 5
4839.4 -3766.1 -72.9 58 0 13.3 21.2 10.0 2.5 2 1 4 4 4
4679.2 -3802.0 -75.6 180 0 16.5 25.3 7.5 2.5 2 1 3 1 1
4708.2 -3828.4 -75.6 359 0 12.9 29.3 7.5 2.5 2 1 3 1 1
4957.8 -3731.7 -72.1 110 0 15.1 9.5 5.0 2.5 2 0 2 0 0
4974.2 -3700.8 -71.9 20 0 9.5 15.1 2.5 2.5 4 1 1 5 5
4887.1 -1287.0 -73.2 264 0 23.7 10.8 14.0 3.5 2 0 4 2 2
5115.8 -743.6 -43.3 271 0 22.4 18.4 17.5 3.5 2 0 5 2 2
5121.8 -525.5 -36.6 71 0 7.6 24.0 10.5 3.5 2 1 3 0 0
4999.4 -298.2 -41.9 94 0 29.0 16.7 14.0 3.5 2 0 4 5 5
4971.6 -298.8 -43.4 101 0 14.0 20.5 14.0 3.5 2 1 4 0 0
5034.8 -290.2 -39.1 64 0 28.4 16.1 14.0 3.5 2 0 4 4 4
5137.8 584.9 -1.2 359 0 25.1 41.3 14.0 0.0 0 1 4 4 4
3720.6 1779.6 -62.5 4 0 21.5 18.4 10.0 2.5 2 0 4 3 3
3717.7 1746.0 -61.1 5 0 32.0 18.0 10.0 2.5 2 0 4 0 0
3507.8 2040.3 -61.2 316 0 15.7 25.5 10.0 2.5 2 1 4 3 3
3495.1 2057.9 -61.2 316 0 15.6 25.5 10.0 2.5 4 1 4 2 2
3467.5 2070.1 -61.4 226 0 25.5 15.6 12.5 2.5 2 0 5 1 1
3438.4 2031.9 -64.3 136 0 15.6 25.5 10.0 2.5 2 1 4 1 1
3469.7 1995.8 -63.9 136 0 15.6 25.5 10.0 0.0 0 1 4 3 3
3147.0 2161.3 -72.2 98 0 20.5 21.2 10.0 2.5 4 1 4 0 0
3117.0 2163.3 -73.0 95 0 26.2 15.2 10.0 2.5 2 0 4 0 0
4237.5 3243.2 -19.3 276 0 18.5 42.1 17.5 0.0 0 1 7 1 1
4239.1 3254.7 -21.1 96 0 18.5 42.1 12.5 2.5 2 1 5 1 1
4341.2 6322.2 2.6 352 0 12.6 8.1 2.5 2.5 2 0 1 3 3
4324.8 6308.0 2.5 82 0 8.9 13.2 7.5 2.5 2 1 3 3 3
4312.4 6300.6 2.4 82 0 8.9 13.2 7.5 2.5 2 1 3 2 2
4298.9 6293.2 2.4 82 0 8.9 13.2 2.5 2.5 2 1 1 5 5
4282.8 6297.6 2.0 263 0 13.9 16.1 7.5 2.5 4 1 3 5 5
3916.4 5656.0 -67.4 190 0 18.6 10.5 5.0 2.5 2 0 2 1 1
5405.6 5614.7 -24.8 163 0 17.5 19.4 10.0 2.5 2 1 4 0 0
5069.2 3943.8 -51.7 246 0 13.5 13.2 7.5 2.5 2 0 3 2 2
4350.6 3341.9 -29.7 95 0 15.5 36.0 10.0 2.5 4 1 4 3 3
4293.1 3443.8 -19.7 273 0 16.8 23.5 10.0 2.5 2 1 4 3 3
4356.1 3447.2 -22.9 270 0 15.5 36.0 12.5 2.5 2 1 5 5 5
3569.8 3128.3 -71.2 187 0 21.0 16.9 10.0 2.5 2 0 4 2 2
3569.6 2916.5 -62.1 185 0 9.6 11.5 7.5 2.5 4 1 3 5 5
3549.8 3020.0 -70.8 192 0 11.6 12.9 5.0 2.5 2 1 2 4 4
3553.0 3035.2 -71.8 192 0 11.6 12.9 10.0 2.5 2 1 4 1 1
3555.3 3050.7 -72.6 192 0 11.6 12.9 5.0 2.5 2 1 2 2 2
3546.8 3004.7 -70.6 192 0 11.6 12.9 2.5 2.5 2 1 1 5 5
3568.2 2996.7 -66.0 192 0 11.6 12.9 7.5 2.5 2 1 3 0 0
3571.8 3012.4 -66.2 192 0 11.6 12.9 2.5 2.5 2 1 1 2 2
3575.1 3028.4 -67.3 192 0 11.6 12.9 5.0 2.5 2 1 2 4 4
3579.4 3044.7 -68.2 192 0 11.6 12.9 10.0 0.0 0 1 4 1 1
3616.0 3032.5 -63.1 12 0 11.6 12.9 7.5 2.5 2 1 3 3 3
3611.7 3018.7 -62.4 12 0 11.6 12.9 7.5 2.5 4 1 3 3 3
3607.4 3002.1 -61.4 12 0 11.6 12.9 5.0 2.5 2 1 2 3 3
3603.3 2987.7 -61.3 12 0 11.6 12.9 5.0 2.5 2 1 2 3 3
3804.7 3262.1 -46.9 269 0 17.5 15.9 12.5 2.5 2 0 5 2 2
3967.8 3238.4 -28.5 279 0 12.5 17.4 5.0 2.5 2 1 2 4 4
3943.3 3241.2 -31.7 276 0 19.0 16.4 10.0 2.5 2 0 4 4 4
3772.5 2886.1 -27.2 49 0 10.6 14.2 10.0 2.5 2 1 4 3 3
3797.3 2884.3 -23.4 49 0 10.6 14.2 7.5 2.5 2 1 3 0 0
3814.9 2886.8 -21.8 127 0 14.2 10.6 5.0 2.5 2 0 2 3 3
3841.1 2904.8 -22.9 16 0 12.8 16.5 5.0 2.5 2 1 2 2 2
3836.0 2929.5 -25.5 348 0 12.8 15.0 2.5 2.5 2 1 1 4 4
3806.8 2974.1 -32.0 211 0 12.7 16.9 2.5 2.5 2 1 1 1 1
3768.8 3147.6 -54.1 100 0 10.8 17.6 5.0 2.5 2 1 2 3 3
3785.0 3146.6 -53.0 105 0 15.6 12.3 5.0 2.5 2 0 2 5 5
3913.0 3194.5 -36.1 84 0 9.7 16.9 5.0 2.5 4 1 2 3 3
3656.4 3177.6 -64.1 71 0 13.2 17.6 5.0 2.5 2 1 2 0 0
3654.8 3123.0 -63.6 183 0 12.8 15.6 5.0 2.5 2 1 2 0 0
3601.3 3238.9 -68.8 351 0 20.4 23.2 12.5 2.5 2 1 5 4 4
3568.1 3077.6 -71.8 189 0 25.2 15.7 10.0 2.5 2 0 4 2 2
3645.4 3228.3 -63.8 87 0 12.4 18.0 10.0 2.5 2 1 4 3 3
3708.8 3316.3 -57.2 357 0 16.6 10.4 7.5 2.5 2 0 3 5 5
3791.4 3296.5 -48.5 115 0 12.7 16.5 7.5 2.5 2 1 3 1 1
3766.0 3375.6 -47.6 323 0 11.5 14.3 2.5 0.0 0 1 1 5 5
3899.3 3265.8 -37.6 92 0 10.6 14.0 7.5 2.5 2 1 3 5 5
4001.0 3450.8 -25.0 177 0 12.9 18.6 5.0 2.5 4 1 2 5 5
3756.0 3975.6 -13.7 129 0 13.4 9.9 7.5 2.5 2 0 3 1 1
3769.3 3962.1 -12.8 129 0 13.4 9.9 7.5 2.5 2 0 3 3 3
3793.4 3947.8 -11.4 39 0 9.9 13.4 7.5 2.5 2 1 3 4 4
3804.6 3966.1 -7.9 39 0 9.9 13.4 2.5 2.5 2 1 1 5 5
3788.4 3985.6 -9.2 309 0 13.4 9.9 7.5 2.5 2 0 3 5 5
3773.8 3997.8 -10.4 309 0 13.4 9.9 7.5 2.5 2 0 3 4 4
3759.0 4010.7 -11.6 309 0 13.4 9.9 5.0 2.5 2 0 2 0 0
3802.7 3995.7 -4.5 219 0 9.9 13.4 5.0 2.5 2 1 2 2 2
3788.2 4001.5 -6.0 129 0 13.4 9.9 5.0 2.5 2 0 2 3 3
3828.6 3973.9 -3.0 39 0 9.9 13.4 5.0 2.5 2 1 2 3 3
3837.9 3995.8 -2.1 309 0 13.4 9.9 5.0 2.5 2 0 2 0 0
3817.2 4004.0 -3.1 145 0 13.4 9.9 7.5 2.5 2 0 3 3 3
3806.8 4022.1 -4.9 149 0 13.4 9.9 5.0 2.5 2 0 2 2 2
3797.8 4042.0 -6.8 164 0 13.4 9.9 5.0 2.5 2 0 2 1 1
3755.3 4045.7 -12.9 198 0 13.4 9.9 7.5 0.0 0 0 3 1 1
3768.7 4069.5 -15.5 288 0 9.9 13.4 7.5 0.0 0 1 3 5 5
3789.3 4054.8 -10.2 18 0 13.4 9.9 7.5 2.5 2 0 3 2 2
3761.9 4408.1 -28.4 169 0 11.9 14.3 5.0 2.5 4 1 2 1 1
3830.2 4424.4 -19.1 267 0 11.7 11.6 5.0 2.5 2 0 2 4 4
6332.7 5585.1 53.0 177 0 9.3 13.6 2.5 2.5 2 0 1 3 3
6336.2 5578.9 53.0 177 0 3.4 6.7 7.5 2.5 2 0 3 2 2
6244.0 6008.9 67.3 117 0 6.2 9.4 7.5 2.5 2 0 3 4 4
6255.7 6018.5 66.2 26 0 9.1 9.2 7.5 2.5 2 0 3 0 0
4898.3 -4082.8 -72.5 349 0 40.6 17.8 10.0 2.5 2 0 4 4 4
4899.1 -3946.4 -72.9 346 0 34.5 18.5 7.5 0.0 0 0 3 0 0
4880.3 -3899.6 -73.2 255 0 14.4 26.7 10.0 2.5 2 1 4 0 0
4767.3 -3785.5 -74.7 268 0 22.0 21.2 7.5 2.5 2 0 3 4 4
