2585.9 -3011.4 -294.7 176 0 142.2 40.0 7.5 0.0 0 0 3 2 2
-3110.9 7688.6 244.0 65 0 14.8 11.2 7.5 2.5 2 0 3 4 4
-1829.8 20.8 -253.9 162 0 9.1 10.8 5.0 2.5 2 1 2 4 4
-1819.0 8.2 -256.6 142 0 8.3 10.6 7.5 2.5 2 1 3 0 0
-1799.8 18.4 -257.5 39 0 10.4 9.1 7.5 2.5 2 0 3 4 4
-1793.1 32.6 -257.2 36 0 12.5 9.9 5.0 2.5 2 0 2 5 5
-1808.0 50.8 -253.6 302 0 9.5 19.1 5.0 2.5 2 1 2 1 1
-1071.5 746.7 -226.6 187 0 22.6 13.6 10.0 2.5 2 0 4 4 4
-1066.1 795.4 -223.6 195 0 43.6 15.0 10.0 2.5 2 0 4 4 4
-1004.2 847.9 -223.9 326 0 15.0 41.1 12.5 2.5 2 1 5 1 1
-952.7 840.4 -233.6 322 0 16.7 41.0 15.0 0.0 0 1 6 1 1
-821.9 836.2 -267.0 286 0 15.0 16.1 7.5 2.5 2 1 3 5 5
-797.8 819.8 -272.1 32 0 17.1 12.8 5.0 2.5 2 0 2 4 4
-794.1 847.2 -273.5 302 0 16.8 13.4 7.5 2.5 2 0 3 5 5
195.7 2640.6 -281.0 128 0 19.2 30.6 17.5 3.5 2 1 5 4 4
5.8 2536.4 -272.8 214 0 54.6 13.5 17.5 3.5 2 0 5 2 2
-293.3 2402.9 -202.0 71 0 24.3 16.5 10.5 3.5 2 0 3 4 4
-270.1 2411.7 -206.5 72 0 16.7 24.1 10.5 3.5 2 1 3 0 0
-274.7 2453.0 -205.7 344 0 24.0 16.1 10.5 0.0 0 0 3 0 0
-359.9 1742.8 -226.3 3 0 15.7 18.9 14.0 3.5 2 1 4 0 0
-391.4 1763.6 -221.7 185 0 15.0 20.4 14.0 3.5 4 1 4 0 0
-374.0 1784.5 -220.8 180 0 15.4 18.8 14.0 3.5 2 1 4 5 5
-338.5 1807.4 -221.1 357 0 15.7 19.5 14.0 3.5 2 1 4 4 4
-324.5 1831.2 -223.9 351 0 16.7 17.9 14.0 3.5 2 1 4 2 2
1099.5 3184.4 -289.9 18 0 14.5 24.6 17.5 3.5 2 1 5 5 5
258.5 2662.7 -276.7 282 0 14.0 18.6 17.5 3.5 2 1 5 1 1
247.0 3369.3 -288.6 70 0 17.0 16.0 17.5 3.5 2 0 5 4 4
654.8 3208.4 -289.4 156 0 18.6 20.8 14.0 3.5 2 1 4 3 3
-47.2 2060.6 -282.8 54 0 19.4 11.6 10.5 3.5 2 0 3 4 4
-572.8 1376.2 -241.0 244 0 14.7 19.6 14.0 3.5 2 1 4 5 5
3557.4 265.1 -272.1 242 0 15.9 10.7 5.0 2.5 2 0 2 0 0
1016.8 2647.7 -292.8 242 0 22.7 13.1 14.0 3.5 2 0 4 3 3
649.6 2546.1 -282.9 154 0 23.8 25.1 17.5 3.5 2 1 5 5 5
-1205.1 475.4 -286.3 316 0 9.7 93.7 7.5 2.5 2 1 3 4 4
-3680.5 -1955.4 -284.2 317 0 11.3 13.2 5.0 2.5 2 1 2 2 2
-4323.7 -2660.0 -291.5 60 0 20.9 13.4 10.0 2.5 4 0 4 5 5
-4574.3 -3437.5 -277.9 64 0 14.6 12.4 5.0 2.5 2 0 2 2 2
1399.0 2785.6 -291.1 333 0 11.5 19.7 14.0 3.5 2 1 4 3 3
397.9 2672.5 -264.7 151 0 15.2 8.0 10.5 3.5 2 0 3 1 1
2102.7 977.4 -200.3 244 0 17.6 12.4 7.5 2.5 2 0 3 5 5
2209.1 733.2 -215.1 39 0 11.3 10.1 5.0 2.5 2 0 2 3 3
2229.0 749.2 -216.2 50 0 11.7 13.5 7.5 2.5 2 1 3 2 2
2280.2 787.9 -220.3 54 0 11.9 12.6 7.5 2.5 2 1 3 3 3
2318.8 808.6 -223.9 67 0 12.0 12.6 7.5 2.5 4 1 3 0 0
2344.5 816.9 -226.5 86 0 14.6 9.7 7.5 2.5 2 0 3 5 5
2361.7 815.3 -228.0 102 0 12.6 9.1 7.5 2.5 2 0 3 0 0
2406.9 846.8 -231.8 278 0 16.2 10.8 5.0 0.0 0 0 2 1 1
2388.6 848.7 -229.9 276 0 10.9 9.7 5.0 2.5 2 0 2 3 3
2371.7 852.4 -228.4 275 0 17.2 10.2 7.5 2.5 2 0 3 3 3
2352.9 852.2 -226.6 266 0 11.6 9.2 7.5 2.5 2 0 3 3 3
2331.3 849.9 -225.2 254 0 11.8 9.2 7.5 0.0 0 0 3 3 3
2312.3 845.5 -223.9 252 0 10.1 9.8 7.5 2.5 2 0 3 1 1
2297.5 840.9 -222.7 247 0 11.7 11.0 7.5 2.5 2 0 3 2 2
2090.9 908.7 -199.7 280 0 9.1 13.3 5.0 2.5 2 1 2 4 4
2660.2 -928.8 -286.9 269 0 243.5 89.0 12.5 0.0 0 0 5 1 1
2181.5 742.6 -214.1 131 1 10.3 16.6 10.0 0.0 0 1 4 2 2
2193.7 766.2 -214.6 216 0 12.2 10.2 5.0 2.5 4 0 2 5 5
2203.2 779.6 -215.3 214 0 11.0 12.5 5.0 2.5 2 1 2 2 2
2217.1 792.3 -215.9 230 0 11.0 9.5 5.0 2.5 2 0 2 5 5
2229.8 805.5 -216.9 230 0 12.1 10.2 7.5 2.5 4 0 3 2 2
2241.5 815.4 -217.8 244 0 11.5 10.9 7.5 2.5 2 0 3 3 3
2177.1 768.6 -213.0 42 0 12.1 13.6 5.0 2.5 2 1 2 1 1
2197.3 795.9 -214.4 40 0 14.5 10.9 5.0 2.5 2 0 2 2 2
2251.1 846.5 -218.9 156 0 9.6 13.6 7.5 2.5 2 1 3 4 4
2332.9 865.1 -221.7 78 0 12.3 13.0 7.5 2.5 2 1 3 4 4
2351.1 870.5 -222.5 87 0 15.5 13.4 7.5 2.5 2 0 3 0 0
2361.5 903.3 -219.5 324 0 10.8 9.8 7.5 2.5 2 0 3 2 2
2647.6 -118.7 -265.7 187 0 135.6 48.0 12.5 0.0 0 0 5 1 1
2665.5 27.4 -265.7 187 0 102.3 41.8 12.5 0.0 0 0 5 3 3
4870.5 730.9 -258.8 150 0 10.6 15.4 5.0 2.5 2 1 2 0 0
3975.8 590.3 -231.3 106 0 9.3 13.1 7.5 2.5 2 1 3 2 2
3928.2 576.2 -229.3 60 0 49.0 26.7 10.0 0.0 0 0 4 3 3
3975.7 696.4 -226.0 262 0 51.0 19.3 10.0 0.0 0 0 4 1 1
4409.9 729.3 -251.5 112 0 12.2 22.2 12.5 2.5 2 1 5 1 1
2313.6 896.8 -217.8 256 0 21.6 13.2 10.0 2.5 2 0 4 0 0
2336.9 898.8 -218.8 256 0 21.2 10.3 7.5 2.5 2 0 3 0 0
2277.4 884.4 -216.2 256 0 11.2 10.0 7.5 2.5 2 0 3 2 2
1721.1 3981.1 -278.8 330 0 12.0 22.2 14.0 3.5 2 1 4 3 3
1605.3 3386.0 -288.4 99 0 59.8 38.8 14.0 0.0 0 0 4 4 4
1615.6 3122.7 -287.6 1 0 31.6 14.3 17.5 3.5 2 0 5 3 3
1627.3 3340.7 -288.5 1 0 22.5 32.9 14.0 0.0 0 1 4 1 1
1614.0 3317.7 -288.3 1 0 12.7 18.9 14.0 3.5 2 1 4 1 1
1845.3 3325.1 -256.2 113 0 9.1 11.1 5.0 2.5 2 1 2 2 2
1898.2 3368.3 -247.9 265 0 7.5 27.1 2.5 2.5 2 1 1 4 4
1905.1 3336.0 -251.6 356 0 10.8 34.4 17.5 0.0 0 1 7 5 5
5934.9 -4097.9 -294.6 285 0 13.2 26.1 7.5 2.5 2 1 3 2 2
5405.4 -4682.8 -295.0 151 0 10.9 15.4 5.0 2.5 2 1 2 1 1
-3808.7 -1973.5 -283.6 239 0 49.1 13.4 5.0 2.5 2 0 2 1 1
-3783.6 -2014.8 -284.3 58 0 49.8 12.8 10.0 2.5 2 0 4 3 3
-3777.2 -2028.3 -284.8 238 0 41.5 12.6 10.0 2.5 4 0 4 4 4
-4654.5 -4928.0 -281.0 320 0 11.6 15.8 10.0 2.5 2 1 4 3 3
1389.7 6508.7 -261.2 76 0 7.9 34.9 7.5 2.5 2 1 3 3 3
2312.4 -970.3 -292.0 50 0 27.2 15.2 10.0 2.5 2 0 4 2 2
2239.8 -949.5 -293.3 262 0 25.6 63.6 10.0 0.0 0 1 4 3 3
2268.7 -1081.6 -289.8 262 0 51.3 127.8 12.5 0.0 0 1 5 0 0
2736.6 -328.7 -258.6 197 0 16.4 18.7 12.5 2.5 2 1 5 0 0
2743.8 -388.9 -256.7 12 0 16.8 9.3 5.0 2.5 2 0 2 3 3
2720.0 -510.0 -259.3 1 0 52.4 19.0 12.5 2.5 2 0 5 4 4
2784.6 -1146.7 -283.7 92 0 52.0 81.3 10.0 0.0 0 1 4 3 3
2713.1 -751.9 -264.4 359 0 12.2 52.3 15.0 0.0 0 1 6 1 1
2704.0 -689.5 -260.3 360 0 18.3 45.4 7.5 2.5 2 1 3 1 1
2593.4 -586.0 -259.2 92 0 9.9 19.0 5.0 2.5 2 1 2 4 4
2616.0 -540.2 -258.3 271 0 16.0 6.7 7.5 2.5 2 0 3 2 2
2605.2 -456.6 -257.3 183 0 6.5 39.1 5.0 2.5 2 1 2 0 0
3039.4 1941.6 -201.2 95 0 4.5 7.5 5.0 2.5 2 1 2 0 0
2445.2 2200.2 -162.6 168 0 9.7 31.7 7.5 2.5 2 1 3 2 2
2530.6 991.1 -235.6 322 0 59.8 19.9 12.5 2.5 2 0 5 3 3
2483.4 1051.4 -228.9 323 0 23.9 20.2 12.5 2.5 2 0 5 4 4
2467.2 1072.5 -228.6 323 0 19.2 20.7 10.0 2.5 2 1 4 5 5
2449.6 1157.0 -233.5 140 0 36.1 31.0 12.5 0.0 0 0 5 5 5
2498.8 1144.0 -235.6 321 0 37.2 20.9 12.5 0.0 0 0 5 3 3
2524.4 1110.1 -237.5 322 0 36.0 20.5 10.0 0.0 0 0 4 2 2
2549.8 1077.8 -238.4 322 0 36.7 20.5 10.0 0.0 0 0 4 4 4
2582.1 1035.2 -240.5 322 0 59.7 20.5 10.0 2.5 2 0 4 0 0
2623.1 983.0 -240.7 321 0 60.6 20.7 10.0 2.5 2 0 4 0 0
2540.7 1206.0 -237.0 321 0 17.6 35.0 10.0 0.0 0 1 4 3 3
2548.1 1184.5 -237.8 320 0 16.6 20.2 12.5 2.5 2 1 5 1 1
2561.9 1167.4 -238.7 322 0 16.5 21.0 12.5 2.5 2 1 5 2 2
2577.1 1145.5 -240.1 322 0 30.0 20.1 10.0 0.0 0 0 4 5 5
2576.4 1217.4 -239.1 233 0 21.3 18.0 15.0 0.0 0 0 6 2 2
2617.1 1181.5 -241.7 322 0 60.5 21.4 10.0 2.5 2 0 4 3 3
2618.1 1096.3 -243.0 322 0 60.7 21.5 12.5 2.5 2 0 5 2 2
2645.4 1061.3 -243.7 321 0 18.3 21.6 7.5 2.5 2 1 3 0 0
2662.5 1040.0 -243.9 322 0 24.1 21.1 15.0 0.0 0 0 6 3 3
2679.6 1017.0 -244.0 321 0 24.9 21.1 10.0 0.0 0 0 4 0 0
2709.5 979.5 -244.5 322 0 60.1 21.6 10.0 0.0 0 0 4 4 4
2774.5 963.1 -247.2 51 0 18.8 30.7 12.5 2.5 2 1 5 4 4
2751.2 1009.6 -246.7 322 0 30.7 20.3 12.5 0.0 0 0 5 1 1
2730.6 1039.4 -246.7 322 0 30.3 22.5 12.5 0.0 0 0 5 2 2
2699.1 1079.6 -245.9 322 0 58.7 20.8 10.0 2.5 2 0 4 4 4
2657.1 1129.2 -243.8 322 0 60.9 20.8 15.0 0.0 0 0 6 2 2
2661.9 1208.4 -242.8 322 0 58.7 20.8 10.0 2.5 2 0 4 0 0
2700.9 1158.5 -244.8 322 0 58.7 20.8 15.0 0.0 0 0 6 3 3
2742.2 1106.0 -247.0 322 0 58.7 20.8 10.0 2.5 2 0 4 4 4
2783.0 1053.9 -249.2 322 0 58.7 20.8 12.5 2.5 2 0 5 3 3
3406.0 1097.7 -238.5 219 0 20.1 20.3 7.5 2.5 2 1 3 4 4
3449.5 1076.9 -236.9 212 0 24.5 100.4 15.0 0.0 0 1 6 2 2
4585.1 852.8 -232.2 93 0 12.0 6.8 7.5 0.0 0 0 3 4 4
4606.6 902.7 -226.5 3 0 16.8 18.8 12.5 2.5 2 1 5 5 5
5130.7 1214.6 -255.9 4 0 7.3 25.9 7.5 2.5 2 1 3 4 4
5252.5 1103.5 -257.0 356 0 16.2 27.2 7.5 0.0 0 1 3 0 0
5461.8 1031.0 -256.6 10 0 12.7 10.1 5.0 2.5 2 0 2 1 1
5456.2 1006.2 -257.3 12 0 32.3 10.7 7.5 2.5 2 0 3 0 0
5471.3 1069.4 -256.2 16 0 40.3 12.7 10.0 2.5 2 0 4 3 3
5576.8 889.3 -259.9 177 0 6.5 10.9 7.5 2.5 2 1 3 2 2
5894.2 828.6 -257.0 93 0 7.0 14.8 7.5 2.5 2 1 3 2 2
1658.0 6113.5 -253.1 87 0 7.7 11.6 5.0 2.5 2 1 2 4 4
1665.4 6140.6 -252.8 349 0 8.4 11.7 5.0 2.5 2 1 2 2 2
1653.9 5969.9 -259.9 269 0 35.6 27.4 10.0 0.0 0 0 4 1 1
1507.2 5741.4 -268.2 11 0 12.3 7.6 5.0 2.5 2 0 2 1 1
1451.7 5819.3 -270.8 89 0 44.0 44.6 12.5 0.0 0 1 5 4 4
1868.6 2795.0 -244.8 180 0 38.9 17.5 14.0 0.0 0 0 4 4 4
1934.5 2365.6 -248.0 56 0 21.0 20.6 14.0 3.5 2 0 4 3 3
1711.8 4177.6 -280.5 356 0 22.3 51.2 14.0 3.5 2 1 4 4 4
1733.6 4074.5 -274.0 180 0 33.2 34.0 14.0 0.0 0 1 4 0 0
1600.9 5093.6 -271.3 87 0 14.1 48.6 10.0 2.5 2 1 4 0 0
1589.6 5362.4 -271.3 270 0 31.1 98.1 10.0 0.0 0 1 4 0 0
2514.0 4920.3 -69.0 173 0 15.6 23.0 12.5 2.5 2 1 5 1 1
2644.5 4560.5 -100.5 322 0 9.8 16.1 7.5 2.5 2 1 3 5 5
2639.9 4202.6 -132.9 308 0 15.8 13.5 7.5 2.5 2 0 3 2 2
2619.7 4218.2 -136.2 308 0 15.8 13.5 5.0 2.5 2 0 2 3 3
2617.5 4182.9 -134.3 38 0 13.5 15.8 7.5 2.5 2 1 3 4 4
2600.8 4231.7 -138.6 308 0 15.8 13.5 2.5 0.0 0 0 1 3 3
2583.5 4196.6 -138.4 128 0 15.8 13.5 7.5 2.5 2 0 3 1 1
2620.4 4239.4 -135.5 128 0 15.8 13.5 5.0 2.5 2 0 2 4 4
2642.8 4274.9 -132.8 306 0 19.7 12.5 2.5 2.5 2 0 1 4 4
2624.5 4287.5 -133.4 306 0 15.9 12.1 5.0 2.5 2 0 2 1 1
3111.2 -1265.3 -255.0 174 0 47.2 69.5 10.0 0.0 0 0 4 2 2
3551.9 -1148.5 -256.0 358 0 24.1 80.0 12.5 0.0 0 0 5 4 4
3524.6 -1279.8 -256.0 88 0 80.0 118.0 10.0 0.0 0 0 4 2 2
3685.3 -1096.0 -276.4 358 0 47.3 106.2 12.5 0.0 0 0 5 1 1
3581.4 -1152.3 -276.3 178 0 56.3 106.2 10.0 0.0 0 0 4 3 3
3583.5 -1202.2 -271.8 178 0 43.6 106.2 10.0 0.0 0 0 4 4 4
3639.9 -1273.6 -266.7 86 0 93.4 45.1 10.0 0.0 0 0 4 5 5
3710.3 -1549.0 -267.3 357 0 44.0 50.7 10.0 0.0 0 1 4 2 2
3706.2 -1455.5 -264.6 357 0 136.5 50.5 12.5 0.0 0 0 5 4 4
3696.8 -1357.6 -264.8 357 0 40.7 48.9 12.5 0.0 0 1 5 2 2
3591.7 -1345.1 -258.5 177 0 73.2 49.9 12.5 0.0 0 0 5 4 4
3595.2 -1456.7 -255.4 177 0 39.3 55.0 10.0 0.0 0 1 4 4 4
3641.2 -1623.7 -262.6 87 0 48.2 138.6 10.0 0.0 0 1 4 4 4
3772.2 -1019.1 -279.0 357 0 19.3 54.4 12.5 2.5 4 0 5 3 3
3710.1 -1041.1 -279.5 177 0 17.4 69.6 7.5 0.0 0 0 3 5 5
3711.0 -1057.3 -279.8 177 0 15.1 79.0 7.5 2.5 2 0 3 4 4
3791.3 -1076.8 -280.2 357 0 21.2 71.2 12.5 2.5 2 0 5 2 2
3713.6 -1101.1 -279.8 177 0 18.5 42.9 12.5 2.5 2 0 5 3 3
3799.3 -1138.2 -280.3 357 0 16.8 41.2 7.5 2.5 2 0 3 0 0
3718.2 -1142.9 -279.8 177 0 16.8 40.0 7.5 2.5 4 0 3 2 2
3717.4 -1206.7 -278.6 177 0 12.9 44.4 10.0 2.5 2 1 4 2 2
3721.3 -1239.9 -275.9 177 0 34.0 42.8 10.0 0.0 0 1 4 5 5
3727.2 -1309.5 -274.9 177 0 18.6 42.0 15.0 0.0 0 1 6 0 0
3821.9 -1363.4 -280.5 357 0 56.6 46.9 10.0 0.0 0 0 4 3 3
3747.8 -1420.8 -271.1 177 0 12.8 16.6 5.0 2.5 4 0 2 4 4
3739.8 -1603.9 -278.9 177 0 39.7 22.4 10.0 0.0 0 0 4 2 2
3840.9 -1594.8 -280.8 357 0 39.7 79.1 12.5 0.0 0 0 5 5 5
3108.1 -485.9 -258.6 180 0 22.8 17.2 15.0 0.0 0 0 6 5 5
3061.1 -470.1 -259.4 236 0 26.2 16.9 10.0 2.5 2 0 4 5 5
3035.5 -467.7 -259.9 144 0 9.1 16.9 5.0 2.5 2 1 2 0 0
3024.5 -470.5 -259.3 324 0 22.5 30.9 10.0 0.0 0 1 4 4 4
2981.6 -429.8 -262.0 322 0 14.8 9.4 7.5 2.5 2 0 3 3 3
3001.6 -449.9 -260.7 322 0 31.1 10.4 12.5 2.5 2 0 5 2 2
2955.8 -307.7 -267.1 317 0 14.8 13.1 2.5 2.5 2 0 1 5 5
2971.6 -315.5 -267.3 317 0 12.0 31.1 12.5 2.5 2 0 5 4 4
2958.4 -347.0 -266.6 137 0 16.2 21.2 12.5 2.5 2 0 5 4 4
2938.6 -359.7 -264.5 47 0 17.6 9.7 2.5 2.5 2 0 1 1 1
3536.5 -870.8 -265.9 166 0 36.2 39.1 10.0 0.0 0 0 4 5 5
3643.3 -893.0 -271.2 346 0 59.8 98.0 10.0 0.0 0 0 4 0 0
3617.4 -989.9 -268.7 76 0 98.0 57.6 10.0 0.0 0 0 4 4 4
3290.4 -717.4 -279.8 256 0 84.0 67.2 12.5 0.0 0 0 5 3 3
3351.8 -791.8 -279.9 346 0 39.3 84.1 7.5 0.0 0 0 3 1 1
3325.0 -859.1 -274.4 76 0 84.0 39.3 12.5 0.0 0 0 5 4 4
3271.5 -1053.7 -245.7 75 0 22.5 45.3 10.0 2.5 2 0 4 5 5
3302.5 -1082.7 -236.6 267 0 71.4 47.3 15.0 0.0 0 0 6 5 5
3261.5 -1157.6 -234.2 177 0 51.0 80.4 12.5 0.0 0 0 5 4 4
3263.0 -1234.5 -232.6 177 0 93.3 79.1 10.0 0.0 0 0 4 3 3
3385.2 -1281.3 -235.7 87 0 81.4 99.5 12.5 0.0 0 0 5 1 1
3478.0 -1370.0 -242.1 178 0 46.0 46.0 12.5 0.0 0 0 5 5 5
3563.1 -1445.7 -245.4 358 0 97.2 80.3 10.0 0.0 0 0 4 1 1
3484.8 -1521.0 -240.8 178 0 49.0 39.5 10.0 0.0 0 0 4 0 0
3379.6 -1353.7 -230.6 268 0 45.8 54.9 10.0 0.0 0 1 4 4 4
3337.9 -1360.0 -226.4 268 0 19.4 14.0 7.5 2.5 2 0 3 5 5
3323.8 -1393.8 -227.2 178 0 19.3 26.9 7.5 2.5 2 1 3 0 0
3288.4 -1380.6 -230.2 178 0 27.2 28.9 10.0 0.0 0 0 4 1 1
3289.2 -1408.9 -230.7 178 0 29.3 28.9 10.0 0.0 0 0 4 0 0
3296.6 -1479.5 -231.8 178 0 69.3 92.8 15.0 0.0 0 0 6 3 3
3442.0 -1475.4 -235.0 358 0 69.3 52.7 10.0 0.0 0 0 4 2 2
3345.8 -1572.4 -234.7 88 0 92.4 50.9 10.0 0.0 0 0 4 3 3
3378.4 -670.1 -275.4 61 0 9.6 17.3 7.5 0.0 0 0 3 1 1
3388.2 -664.7 -275.4 61 0 12.9 17.3 7.5 0.0 0 0 3 3 3
3404.9 -655.5 -275.4 61 0 25.1 17.3 15.0 0.0 0 0 6 5 5
3451.6 -631.0 -275.5 63 0 8.9 13.1 5.0 2.5 2 1 2 1 1
3435.7 -636.5 -275.3 63 0 18.1 13.4 7.5 2.5 2 0 3 3 3
3373.9 -628.3 -273.8 241 0 20.7 14.7 10.0 0.0 0 0 4 4 4
3548.4 -729.1 -279.7 346 0 25.6 60.1 5.0 2.5 2 0 2 4 4
3561.3 -752.8 -279.7 346 0 26.8 66.9 15.0 0.0 0 0 6 3 3
3576.4 -775.2 -277.8 346 0 24.1 76.1 10.0 0.0 0 0 4 5 5
3418.3 -834.6 -271.7 76 0 22.2 10.4 10.0 2.5 2 0 4 5 5
3451.3 -808.7 -279.6 76 0 77.2 69.7 12.5 0.0 0 0 5 0 0
3245.6 -675.3 -267.6 76 0 51.0 14.4 10.0 2.5 4 0 4 5 5
3282.9 -690.9 -274.2 166 0 12.7 42.9 15.0 0.0 0 1 6 1 1
3272.9 -692.0 -269.7 346 0 12.7 45.1 10.0 0.0 0 1 4 4 4
3252.5 -446.8 -273.7 228 0 18.6 154.7 15.0 0.0 0 1 6 1 1
3230.0 -469.1 -272.8 228 0 23.4 154.4 12.5 0.0 0 1 5 4 4
3156.8 -534.4 -265.1 235 0 75.3 142.3 10.0 0.0 0 1 4 2 2
2969.3 -379.3 -268.8 180 0 31.3 80.9 10.0 0.0 0 0 4 5 5
3224.1 -408.0 -272.5 360 0 30.2 224.1 15.0 0.0 0 0 6 3 3
3217.0 -1018.2 -251.7 349 0 27.9 24.0 10.0 0.0 0 0 4 4 4
3223.0 -1173.9 -245.7 354 0 29.0 47.6 12.5 0.0 0 1 5 3 3
3224.4 -1208.6 -245.5 354 0 21.8 46.9 12.5 2.5 2 1 5 2 2
3231.5 -1247.5 -244.5 354 0 35.9 51.9 10.0 0.0 0 0 4 1 1
3230.5 -1283.4 -241.3 354 0 16.7 42.7 10.0 2.5 2 1 4 3 3
3230.2 -1314.4 -239.7 354 0 25.4 43.0 15.0 0.0 0 1 6 4 4
3130.5 -1355.8 -247.0 174 0 30.4 81.2 10.0 0.0 0 1 4 2 2
3137.8 -1389.8 -245.8 165 0 16.5 14.8 5.0 0.0 0 0 2 4 4
4276.8 746.0 -237.9 88 0 11.7 14.1 7.5 0.0 0 1 3 2 2
4296.7 802.1 -237.9 334 0 10.9 13.7 5.0 2.5 2 1 2 5 5
-3256.8 7630.6 271.4 304 0 8.6 10.4 5.0 2.5 2 1 2 5 5
-3256.4 7730.2 288.0 182 0 12.2 7.8 5.0 2.5 4 0 2 5 5
-3219.0 7707.4 276.6 3 0 12.8 8.2 7.5 2.5 2 0 3 5 5
-3240.3 7699.7 278.1 183 0 19.0 7.7 7.5 2.5 2 0 3 5 5
-3226.0 7679.0 273.4 14 0 11.1 9.4 2.5 2.5 2 0 1 2 2
-3257.7 7680.6 278.8 180 0 8.4 11.9 2.5 2.5 2 1 1 4 4
-3217.5 7748.8 276.0 354 0 9.8 9.9 2.5 2.5 2 1 1 3 3
737.9 4357.6 -287.7 332 0 20.2 24.2 14.0 3.5 2 1 4 1 1
1248.5 4602.6 -284.3 64 0 23.2 20.5 14.0 3.5 4 0 4 1 1
2831.1 -1469.2 -264.0 68 0 26.3 20.9 10.0 2.5 2 0 4 2 2
-2818.3 -1482.6 -278.9 333 0 14.7 25.2 10.0 2.5 2 1 4 4 4
1748.8 2786.0 -257.0 150 0 11.4 20.3 14.0 3.5 2 1 4 2 2
-3428.7 -2242.3 -294.8 239 0 31.6 15.4 10.0 2.5 2 0 4 1 1
-3470.5 -2266.8 -294.7 240 0 32.7 14.8 7.5 2.5 2 0 3 2 2
-3505.2 -2288.0 -294.7 237 0 31.0 15.0 7.5 2.5 2 0 3 2 2
-4016.3 -2090.5 -286.2 157 0 4.9 10.4 5.0 2.5 2 1 2 5 5
-3880.9 -1903.5 -282.4 321 0 6.2 10.2 5.0 2.5 2 1 2 1 1
-3848.2 -1959.1 -282.9 145 0 11.9 32.9 7.5 0.0 0 1 3 5 5
-3860.7 -1969.5 -283.1 330 0 13.1 39.3 7.5 2.5 2 1 3 5 5
-3514.5 -2244.5 -293.3 329 0 36.3 8.4 7.5 0.0 0 0 3 3 3
-3532.3 -2255.0 -293.3 149 0 36.3 8.4 7.5 2.5 2 0 3 2 2
-3537.3 -2259.3 -293.3 329 0 36.3 8.4 7.5 0.0 0 0 3 3 3
-3559.8 -2252.0 -293.3 239 0 8.4 36.3 7.5 2.5 2 1 3 2 2
-3621.2 -2288.3 -292.9 152 0 22.2 15.6 7.5 2.5 4 0 3 4 4
-3608.6 -2312.3 -293.9 156 0 23.7 14.9 7.5 2.5 2 0 3 5 5
-3602.1 -2249.2 -291.5 331 0 10.9 15.5 5.0 2.5 2 0 2 2 2
-3585.6 -2279.4 -293.8 331 0 57.8 15.4 12.5 2.5 2 0 5 2 2
-4692.3 -5631.7 -292.7 1 0 8.4 11.1 7.5 2.5 2 1 3 0 0
-4805.5 -5692.6 -289.7 189 0 7.8 8.5 7.5 2.5 2 1 3 4 4
-4780.7 -5702.5 -290.3 6 0 8.9 8.7 7.5 2.5 4 0 3 5 5
-4743.6 -5640.4 -292.4 183 0 8.6 40.8 7.5 2.5 2 1 3 4 4
-4721.0 -5616.3 -292.3 262 0 30.0 11.4 7.5 2.5 2 0 3 3 3
-5005.8 -4534.9 -207.7 115 0 4.3 6.3 2.5 2.5 2 1 1 3 3
-4846.7 -4540.4 -218.0 18 0 6.6 8.6 5.0 2.5 2 1 2 2 2
-4928.7 -4590.8 -220.3 43 0 9.6 7.9 5.0 2.5 2 0 2 1 1
-5991.3 -4561.8 -136.8 103 0 10.2 11.0 5.0 2.5 2 1 2 2 2
-5993.3 -4661.2 -136.9 12 0 8.8 18.5 7.5 2.5 2 1 3 0 0
-4917.9 -5083.4 -224.4 329 0 7.4 7.7 5.0 2.5 2 1 2 2 2
-5174.0 -5315.2 -194.0 74 0 7.9 17.5 5.0 2.5 2 1 2 5 5
-5054.6 -5100.8 -203.3 360 0 8.0 34.2 7.5 2.5 2 1 3 0 0
-5242.8 -4993.8 -188.5 325 0 25.5 12.5 10.0 0.0 0 0 4 2 2
-5335.2 -5042.4 -176.8 87 0 10.0 5.7 7.5 2.5 2 0 3 3 3
-5394.3 -5031.6 -173.1 176 0 26.7 9.4 7.5 2.5 2 0 3 5 5
-5354.8 -5005.0 -178.0 267 0 12.4 37.6 10.0 2.5 2 1 4 2 2
-5319.0 -5042.2 -180.8 74 0 11.9 38.6 10.0 2.5 2 1 4 5 5
-5298.3 -5039.1 -182.9 71 0 11.0 44.0 10.0 2.5 2 1 4 3 3
-5279.7 -5033.6 -184.3 65 0 9.1 45.5 7.5 0.0 0 1 3 1 1
-5259.1 -5023.3 -186.3 58 0 10.1 46.3 12.5 2.5 2 1 5 1 1
-4494.9 -4664.5 -268.0 213 0 6.3 4.7 2.5 2.5 2 0 1 4 4
-4497.1 -4683.5 -271.1 218 0 8.4 11.7 7.5 2.5 2 1 3 2 2
-4507.4 -4638.6 -262.9 188 0 4.3 9.5 2.5 2.5 4 1 1 4 4
580.1 2674.3 -279.6 331 0 27.1 38.1 14.0 0.0 0 1 4 5 5
1628.0 2583.9 -288.0 359 0 17.5 13.5 5.0 2.5 2 0 2 2 2
-287.2 2292.1 -197.6 186 0 16.8 18.3 14.0 3.5 2 1 4 1 1
-253.9 2133.7 -212.8 275 0 26.1 14.6 14.0 3.5 2 0 4 0 0
-265.8 2134.8 -205.9 277 0 7.0 12.2 10.5 3.5 2 0 3 4 4
576.4 5172.7 -236.2 156 0 22.1 11.1 7.0 2.5 2 0 2 5 5
