3595.5 -7282.2 81.9 127 0 96.1 58.0 7.5 0.0 0 0 3 4 4
3302.3 3554.2 112.6 37 0 15.6 113.9 12.5 0.0 0 1 5 1 1
3283.5 3434.6 104.3 37 0 15.6 113.9 12.5 0.0 0 1 5 0 0
197.7 6709.3 72.4 270 0 104.1 17.5 10.0 0.0 0 0 4 0 0
249.7 6674.8 71.6 0 0 17.5 104.1 10.0 0.0 0 1 4 5 5
294.0 6594.3 70.6 0 0 17.5 104.1 10.0 0.0 0 1 4 5 5
146.2 6647.4 70.8 180 0 17.5 104.1 12.5 0.0 0 1 5 0 0
3193.5 3535.9 106.3 217 0 15.6 113.9 12.5 0.0 0 1 5 1 1
3305.5 3585.0 114.6 37 0 15.6 113.9 10.0 0.0 0 1 4 0 0
242.4 6533.0 69.3 90 0 104.1 17.5 12.5 0.0 0 0 5 0 0
3292.4 3494.6 108.4 37 0 15.6 113.9 7.5 0.0 0 1 3 2 2
295.0 6568.3 69.9 0 0 17.5 104.1 12.5 0.0 0 1 5 0 0
3298.1 3524.9 110.6 37 0 15.6 113.9 12.5 0.0 0 1 5 4 4
-6866.9 8608.4 -100.5 153 0 14.6 20.8 10.0 2.5 2 1 4 1 1
-5026.3 -5676.0 -117.0 161 0 15.8 20.0 10.0 2.5 2 1 4 2 2
-4302.4 -4688.9 -115.4 246 0 25.7 15.5 5.0 2.5 2 0 2 5 5
-1805.6 -4455.3 -105.2 67 0 17.4 12.8 5.0 2.5 2 0 2 3 3
-3374.7 -1703.1 -108.2 149 0 15.5 23.8 12.5 2.5 2 1 5 1 1
-6553.7 -4151.2 -119.8 241 0 22.1 13.7 7.5 2.5 2 0 3 4 4
-6819.7 -4119.2 -121.5 64 0 22.9 14.7 7.5 2.5 2 0 3 1 1
-3391.6 6151.3 -17.4 244 0 24.8 16.9 10.0 2.5 2 0 4 5 5
5961.9 -8448.5 -88.3 349 0 15.6 12.7 7.5 2.5 2 0 3 4 4
2092.8 -4108.4 58.5 261 0 21.7 11.9 10.0 2.5 4 0 4 4 4
1832.2 -240.4 43.8 262 0 20.4 12.3 10.0 2.5 2 0 4 3 3
1360.2 -8032.4 -101.1 155 0 11.8 20.5 5.0 2.5 2 1 2 1 1
520.4 -5850.7 -74.8 250 0 22.1 20.4 7.5 2.5 2 0 3 3 3
5690.7 -6847.3 -31.0 160 0 9.8 13.8 5.0 2.5 2 1 2 3 3
5609.8 -8367.0 -65.8 245 0 24.1 15.5 12.5 2.5 2 0 5 1 1
23.0 5358.0 0.5 348 0 11.1 16.0 7.5 2.5 2 1 3 0 0
