3463.3 -7821.9 -227.4 258 0 121.5 127.0 10.5 0.0 0 1 3 4 4
2964.1 -7678.0 -218.8 322 0 36.2 77.7 10.0 0.0 0 1 4 5 5
3220.7 -7971.2 -224.9 74 0 44.0 91.4 10.5 0.0 0 1 3 0 0
4994.8 -7809.9 -232.3 269 0 171.5 85.3 10.0 0.0 0 0 4 1 1
4254.4 8550.8 -221.3 63 0 27.1 27.3 12.5 0.0 0 1 5 2 2
1816.9 -7984.3 -220.1 33 0 78.5 345.8 10.0 0.0 0 0 4 3 3
3525.9 -8197.2 -221.6 11 0 31.5 10.4 17.5 3.5 2 0 5 3 3
3433.8 -8148.6 -223.9 100 0 14.3 12.1 10.5 3.5 2 0 3 2 2
-2337.3 -4903.1 102.5 296 0 14.8 41.2 10.0 2.5 2 0 4 2 2
4467.1 10546.3 -211.5 186 0 13.2 21.7 10.0 2.5 2 1 4 3 3
4496.7 10546.3 -212.4 189 0 21.4 8.7 7.5 2.5 2 0 3 1 1
4536.3 10544.7 -214.4 283 0 10.3 18.0 12.5 2.5 2 1 5 3 3
4577.4 10462.0 -217.6 95 0 23.2 16.1 7.5 2.5 2 0 3 2 2
3584.5 -8655.3 -137.5 164 0 13.8 20.3 14.0 3.5 2 1 4 4 4
4084.9 -8277.9 -197.5 63 0 18.1 20.2 14.0 3.5 2 1 4 0 0
2186.2 -7329.3 -182.5 83 0 25.1 19.9 10.0 2.5 2 0 4 5 5
2408.8 -6834.4 -111.8 156 0 18.9 20.2 12.5 2.5 2 1 5 4 4
1845.6 -6409.7 -67.1 72 0 20.8 17.4 10.0 2.5 2 0 4 1 1
3366.2 -7060.4 -191.6 65 0 18.9 14.2 10.0 2.5 2 0 4 3 3
-957.0 8539.7 152.8 133 0 31.9 8.4 7.5 2.5 2 0 3 5 5
4258.8 9193.3 -222.9 187 0 48.7 50.7 10.0 0.0 0 1 4 3 3
-5878.2 9396.3 97.8 154 0 9.5 16.4 5.0 2.5 2 1 2 0 0
3713.0 -8551.6 -154.0 279 0 9.0 16.9 10.5 3.5 2 1 3 5 5
3676.7 -8599.6 -148.9 14 0 12.6 15.1 17.5 3.5 2 1 5 4 4
2630.4 -7671.3 -206.9 249 0 16.2 16.8 7.5 2.5 2 1 3 0 0
2983.7 -6890.1 -170.0 81 0 20.7 23.1 12.5 2.5 2 1 5 1 1
3121.1 -6643.0 -151.5 151 0 10.3 15.3 7.5 2.5 2 1 3 4 4
-3735.6 -5885.9 27.1 325 0 11.4 19.5 5.0 2.5 4 1 2 5 5
10.9 -9522.8 -77.1 122 0 23.8 26.1 12.5 0.0 0 1 5 4 4
-569.9 -9552.4 -138.2 66 0 11.3 8.0 5.0 0.0 0 0 2 1 1
-576.0 -9583.5 -140.9 154 0 10.9 10.8 2.5 2.5 2 0 1 3 3
-548.1 -9557.9 -137.4 258 0 13.2 9.3 5.0 2.5 2 0 2 3 3
-537.8 -9582.0 -137.8 51 0 9.5 14.6 7.5 2.5 4 1 3 2 2
-555.5 -9550.6 -136.7 66 0 10.5 12.3 7.5 2.5 2 1 3 3 3
-582.7 -9567.3 -141.0 249 0 12.1 9.2 5.0 2.5 2 0 2 0 0
-533.9 -9551.5 -135.0 86 0 14.7 11.9 5.0 2.5 2 0 2 1 1
-480.6 -9512.7 -128.0 310 0 15.6 13.1 5.0 2.5 2 0 2 3 3
-474.5 -9551.0 -129.7 82 0 13.5 14.2 7.5 0.0 0 1 3 4 4
-545.8 -9539.9 -135.0 52 0 10.1 11.1 7.5 2.5 4 1 3 5 5
-513.5 -9532.5 -131.6 62 0 11.3 10.9 7.5 2.5 2 0 3 1 1
-511.1 -9551.6 -133.0 81 0 13.9 10.1 10.0 2.5 2 0 4 3 3
-524.6 -9581.0 -136.5 208 0 9.8 10.4 7.5 2.5 2 1 3 0 0
-515.3 -9570.8 -135.0 232 0 10.0 9.6 7.5 0.0 0 0 3 2 2
-515.3 -9593.1 -136.2 125 0 6.9 13.3 7.5 2.5 2 1 3 2 2
-542.6 -9616.5 -141.5 241 0 10.8 13.0 7.5 2.5 2 1 3 5 5
-551.9 -9633.9 -143.4 212 0 11.0 9.8 5.0 2.5 2 0 2 5 5
-505.0 -9602.9 -137.5 302 0 9.8 11.2 5.0 2.5 2 1 2 5 5
-489.2 -9610.0 -136.9 329 0 10.9 13.2 7.5 2.5 2 1 3 1 1
-497.7 -9638.2 -139.1 56 0 13.2 11.3 10.0 0.0 0 0 4 5 5
-603.4 -9579.0 -144.7 343 0 12.6 15.3 7.5 2.5 4 1 3 5 5
-621.0 -9555.5 -142.6 166 0 7.2 8.5 5.0 2.5 2 1 2 0 0
-614.2 -9545.8 -141.2 158 0 11.4 11.1 2.5 2.5 2 0 1 0 0
-585.7 -9540.7 -138.7 53 0 12.2 9.4 7.5 2.5 2 0 3 0 0
-574.4 -9535.2 -137.0 65 0 7.6 10.4 2.5 2.5 2 1 1 5 5
-598.0 -9522.8 -138.1 78 0 9.2 8.0 5.0 2.5 4 0 2 3 3
-581.4 -9508.4 -136.2 323 0 9.7 10.6 2.5 2.5 2 1 1 5 5
-641.0 -9539.8 -142.9 129 0 10.3 11.0 7.5 2.5 2 1 3 2 2
-595.9 -9504.3 -137.0 314 0 7.9 9.0 2.5 2.5 4 1 1 0 0
-603.0 -9497.1 -137.5 317 0 9.3 13.2 7.5 2.5 2 1 3 4 4
-608.5 -9490.3 -137.5 319 0 6.6 14.0 7.5 2.5 2 1 3 5 5
-494.6 -9563.1 -133.4 278 0 10.4 13.0 5.0 2.5 2 1 2 3 3
-480.1 -9569.5 -132.6 280 0 10.7 11.9 5.0 2.5 2 1 2 5 5
-313.6 -9570.3 -114.4 249 0 10.1 21.7 10.5 2.5 2 1 3 4 4
-295.0 -9567.3 -112.2 250 0 24.1 14.8 15.0 0.0 0 0 6 4 4
-1177.7 -9616.3 -191.1 236 0 9.8 27.6 7.5 2.5 2 1 3 1 1
-1114.6 -9598.7 -190.4 323 0 14.1 44.7 10.0 2.5 2 1 4 3 3
-1182.7 -9329.4 -202.4 1 0 50.5 29.4 12.5 0.0 0 0 5 4 4
-531.8 -9515.3 -131.7 56 0 9.7 7.4 7.5 2.5 2 0 3 3 3
-559.2 -9529.3 -135.7 58 0 17.0 9.1 7.5 2.5 4 0 3 0 0
-537.2 -9487.5 -130.1 235 0 11.8 10.2 5.0 2.5 2 0 2 1 1
-499.3 -9477.2 -126.5 306 0 14.2 13.9 2.5 2.5 4 0 1 2 2
-470.6 -9619.8 -136.2 326 0 11.4 14.1 2.5 2.5 2 1 1 4 4
-465.2 -9635.7 -135.8 56 0 9.8 7.1 5.0 2.5 2 0 2 5 5
-463.3 -9613.9 -133.3 134 0 13.9 12.3 5.0 2.5 2 0 2 1 1
-449.9 -9623.0 -133.6 46 0 12.0 5.6 5.0 0.0 0 0 2 1 1
-439.3 -9588.6 -130.7 349 0 12.4 12.5 7.5 0.0 0 1 3 1 1
-541.9 -9649.2 -143.3 121 0 7.5 7.7 2.5 2.5 2 1 1 1 1
-563.9 -9673.4 -147.7 178 0 14.4 8.4 2.5 2.5 2 0 1 5 5
-548.0 -9662.6 -146.1 269 0 10.1 10.3 5.0 2.5 2 1 2 0 0
-545.1 -9681.7 -146.9 89 0 15.9 7.8 7.5 2.5 2 0 3 3 3
-535.8 -9693.0 -147.7 357 0 9.5 11.4 7.5 2.5 2 1 3 2 2
-537.6 -9705.1 -148.7 358 0 9.5 10.3 7.5 2.5 4 1 3 2 2
-534.3 -9662.2 -144.5 245 0 10.2 9.2 7.5 2.5 2 0 3 5 5
-519.4 -9669.2 -143.3 63 0 7.7 11.9 7.5 2.5 2 1 3 3 3
-552.8 -9601.9 -141.4 302 0 9.1 9.6 7.5 2.5 2 1 3 2 2
-495.5 -9653.7 -140.5 257 0 8.3 10.9 5.0 2.5 2 1 2 5 5
-522.7 -9704.1 -146.3 164 0 10.2 10.8 7.5 2.5 2 1 3 1 1
-504.0 -9671.9 -142.9 265 0 10.8 9.5 2.5 0.0 0 0 1 0 0
-590.3 -9664.4 -149.6 70 0 15.0 19.9 15.0 0.0 0 1 6 1 1
-581.3 -9666.2 -149.0 246 0 8.0 12.5 5.0 2.5 2 1 2 1 1
-569.9 -9698.0 -151.3 342 0 12.3 11.7 2.5 2.5 2 0 1 0 0
-595.2 -9711.9 -153.7 76 0 12.8 8.6 7.5 2.5 2 0 3 4 4
-612.7 -9718.3 -155.0 67 0 12.2 12.2 5.0 2.5 2 0 2 2 2
-576.4 -9717.5 -152.6 76 0 13.4 8.1 7.5 2.5 2 0 3 0 0
-638.4 -9704.1 -155.3 145 0 8.8 10.1 2.5 2.5 2 1 1 3 3
-625.8 -9737.8 -156.6 69 0 12.6 10.0 5.0 2.5 2 0 2 3 3
-481.3 -9689.0 -141.7 91 0 13.9 15.8 10.0 2.5 2 1 4 3 3
-466.3 -9685.7 -140.0 87 0 10.2 9.0 5.0 2.5 2 0 2 4 4
-459.1 -9656.6 -137.8 4 0 11.2 10.6 7.5 2.5 2 0 3 0 0
-485.2 -9695.8 -143.0 248 0 10.4 9.0 5.0 2.5 4 0 2 4 4
-485.6 -9713.9 -143.9 165 0 11.9 11.5 7.5 2.5 2 0 3 3 3
-489.7 -9744.2 -147.2 61 0 13.1 12.5 7.5 2.5 2 0 3 1 1
-459.4 -9703.6 -141.6 342 0 8.3 9.6 2.5 2.5 2 1 1 1 1
-471.3 -9733.9 -144.8 54 0 14.4 11.8 7.5 2.5 2 0 3 4 4
-496.0 -9773.2 -150.5 65 0 18.3 10.1 7.5 2.5 2 0 3 5 5
-520.3 -9747.5 -150.9 341 0 10.3 10.7 10.0 2.5 2 1 4 3 3
-523.9 -9736.1 -150.4 342 0 11.1 11.5 5.0 2.5 2 1 2 3 3
-548.4 -9777.1 -154.2 62 0 11.1 11.7 2.5 2.5 2 1 1 3 3
-558.6 -9751.9 -153.4 173 0 10.2 9.4 7.5 2.5 2 0 3 3 3
-559.7 -9739.0 -152.7 176 0 11.7 10.8 10.0 0.0 0 0 4 0 0
-562.4 -9714.6 -150.7 175 0 6.4 8.6 7.5 2.5 2 1 3 4 4
-448.8 -9673.9 -137.3 166 0 10.6 10.4 5.0 2.5 2 0 2 4 4
-449.2 -9649.1 -135.2 171 0 9.2 14.8 2.5 2.5 2 1 1 0 0
-432.2 -9638.6 -133.0 178 0 12.8 13.7 7.5 2.5 2 1 3 1 1
-429.3 -9615.0 -130.6 162 0 11.6 11.8 5.0 0.0 0 1 2 4 4
-413.5 -9586.7 -128.0 253 0 12.3 14.6 5.0 2.5 2 1 2 2 2
-403.8 -9641.4 -131.1 94 0 19.4 10.6 10.0 2.5 2 0 4 4 4
-402.5 -9656.6 -132.9 360 0 11.0 11.7 7.5 2.5 2 1 3 5 5
-423.7 -9692.6 -136.3 152 0 10.8 11.5 2.5 2.5 2 1 1 4 4
-386.3 -9655.0 -130.0 259 0 12.6 11.3 5.0 2.5 2 0 2 1 1
-368.4 -9609.2 -125.1 336 0 11.2 13.8 5.0 2.5 2 1 2 0 0
-395.7 -9590.7 -126.4 259 0 10.1 9.0 2.5 2.5 2 0 1 1 1
-373.1 -9594.7 -124.2 333 0 13.7 10.7 5.0 2.5 2 0 2 1 1
-354.1 -9633.4 -124.0 68 0 16.3 9.8 5.0 2.5 2 0 2 0 0
-360.1 -9652.9 -126.5 264 0 13.4 10.9 2.5 2.5 2 0 1 5 5
-341.0 -9648.5 -123.6 267 0 12.0 11.6 5.0 2.5 2 0 2 2 2
-335.3 -9669.2 -125.0 0 0 12.0 12.8 7.5 2.5 2 1 3 0 0
-348.5 -9681.2 -127.3 343 0 9.8 11.8 2.5 2.5 2 1 1 1 1
-349.7 -9700.6 -128.1 71 0 15.1 11.8 7.5 2.5 2 0 3 0 0
-378.4 -9692.0 -131.0 79 0 11.3 10.0 5.0 2.5 2 0 2 5 5
-395.5 -9702.2 -134.1 68 0 11.7 12.1 5.0 2.5 2 1 2 4 4
-385.7 -9712.5 -133.5 62 0 11.6 9.7 7.5 2.5 2 0 3 4 4
-406.3 -9725.7 -137.3 64 0 12.8 10.5 5.0 2.5 2 0 2 2 2
-426.0 -9715.2 -138.5 132 0 12.4 7.3 7.5 2.5 2 0 3 2 2
-448.8 -9758.4 -145.0 59 0 16.0 8.0 2.5 2.5 2 0 1 0 0
-458.5 -9739.9 -144.0 235 0 8.7 11.0 2.5 2.5 2 1 1 0 0
-433.1 -9747.0 -142.5 58 0 14.3 12.2 5.0 2.5 2 0 2 0 0
-451.6 -9725.1 -142.1 226 0 10.4 14.1 10.0 2.5 2 1 4 3 3
-436.3 -9715.7 -140.5 328 0 9.8 8.6 5.0 2.5 2 0 2 1 1
-468.8 -9793.2 -149.7 37 0 12.8 13.2 10.0 0.0 0 1 4 1 1
-469.1 -9772.3 -147.9 244 0 14.3 14.1 7.5 2.5 2 0 3 5 5
-452.1 -9766.7 -146.2 246 0 10.4 15.3 2.5 2.5 2 1 1 2 2
-439.8 -9797.4 -146.9 84 0 12.7 14.1 7.5 2.5 2 1 3 4 4
-443.4 -9815.8 -148.0 171 0 9.4 9.5 7.5 2.5 2 1 3 5 5
-454.8 -9815.4 -150.7 280 0 9.6 11.3 7.5 2.5 2 1 3 5 5
-429.4 -9845.0 -149.0 102 0 8.4 11.9 2.5 2.5 4 1 1 5 5
-420.8 -9825.2 -146.6 79 0 12.0 9.0 7.5 2.5 2 0 3 4 4
-426.4 -9771.9 -143.6 249 0 13.3 13.5 2.5 2.5 4 1 1 4 4
-414.6 -9751.9 -140.7 241 0 17.6 14.4 10.0 2.5 2 0 4 4 4
-392.1 -9738.1 -136.3 245 0 11.6 12.8 7.5 2.5 2 1 3 1 1
-412.6 -9774.4 -142.0 244 0 7.4 9.6 5.0 2.5 2 1 2 3 3
-368.4 -9817.4 -143.5 263 0 11.0 10.4 5.0 2.5 2 0 2 5 5
-373.3 -9806.9 -140.3 110 0 8.7 15.7 7.5 2.5 2 1 3 4 4
-361.3 -9776.3 -136.0 295 0 11.6 12.5 7.5 2.5 4 1 3 2 2
-379.6 -9733.8 -134.3 252 0 9.7 8.0 2.5 2.5 2 0 1 0 0
-352.1 -9731.9 -129.8 141 0 15.0 13.3 7.5 2.5 2 0 3 0 0
-351.5 -9825.0 -142.0 91 0 10.9 11.0 7.5 2.5 2 1 3 2 2
-331.0 -9804.1 -140.8 266 0 13.5 9.3 5.0 2.5 2 0 2 2 2
-310.8 -9793.1 -137.8 270 0 11.0 9.2 5.0 2.5 2 0 2 2 2
-336.9 -9774.8 -131.1 113 0 10.3 13.4 2.5 2.5 2 1 1 3 3
-322.9 -9773.5 -129.2 101 0 10.2 12.1 5.0 2.5 2 1 2 0 0
-331.8 -9751.5 -128.3 149 0 13.3 11.9 5.0 2.5 2 0 2 3 3
-314.1 -9716.2 -124.6 258 0 10.3 13.3 7.5 0.0 0 1 3 4 4
-312.2 -9732.2 -125.2 249 0 10.6 12.0 7.5 2.5 2 1 3 0 0
-282.8 -9787.1 -136.5 271 0 10.2 13.0 2.5 2.5 2 1 1 2 2
-277.9 -9743.7 -121.5 99 0 16.7 8.8 5.0 2.5 2 0 2 3 3
-267.9 -9804.4 -134.4 90 0 10.2 14.9 5.0 2.5 2 1 2 1 1
-268.9 -9778.3 -132.8 268 0 9.3 9.6 5.0 2.5 2 1 2 0 0
-278.8 -9710.0 -121.0 262 0 26.7 18.7 12.5 2.5 2 0 5 5 5
-232.2 -9775.7 -132.0 270 0 20.7 10.7 7.5 2.5 2 0 3 2 2
-207.6 -9788.1 -129.9 1 0 9.8 8.9 7.5 2.5 2 0 3 2 2
-227.0 -9737.4 -120.4 280 0 7.6 13.3 5.0 2.5 2 1 2 4 4
-196.2 -9744.2 -122.5 278 0 10.5 13.0 7.5 2.5 2 1 3 3 3
-196.6 -9777.5 -127.8 187 0 9.1 9.7 2.5 0.0 0 1 1 4 4
-156.0 -9788.1 -127.2 90 0 10.4 12.2 7.5 2.5 2 1 3 1 1
-158.5 -9749.1 -123.6 273 0 12.0 10.4 5.0 2.5 2 0 2 5 5
-128.7 -9784.8 -125.4 75 0 11.5 15.3 2.5 2.5 2 1 1 1 1
-140.6 -9744.5 -122.8 252 0 12.8 10.4 5.0 2.5 2 0 2 4 4
-109.1 -9778.7 -123.6 75 0 13.1 11.7 2.5 2.5 2 0 1 0 0
-125.6 -9739.8 -121.6 252 0 10.0 11.5 2.5 2.5 4 1 1 0 0
-65.9 -9724.4 -116.5 256 0 10.4 11.1 5.0 2.5 2 1 2 4 4
-72.2 -9717.3 -112.3 80 0 13.3 11.6 5.0 2.5 2 0 2 5 5
-21.6 -9702.3 -111.5 236 0 13.0 9.7 5.0 2.5 2 0 2 5 5
-242.5 -9716.1 -114.0 168 0 10.4 12.6 2.5 2.5 2 1 1 4 4
-309.2 -9691.0 -121.5 84 0 9.3 10.4 5.0 2.5 2 1 2 0 0
-288.6 -9700.1 -119.6 93 0 12.7 11.8 7.5 2.5 2 0 3 3 3
-285.6 -9682.5 -119.1 358 0 9.9 12.5 5.0 0.0 0 1 2 5 5
-305.3 -9631.8 -116.3 142 0 11.5 13.6 5.0 0.0 0 1 2 5 5
-255.8 -9674.9 -113.5 72 0 12.3 12.3 5.0 2.5 2 0 2 4 4
-260.9 -9647.7 -111.4 145 0 10.3 12.4 7.5 2.5 4 1 3 5 5
-241.7 -9671.8 -111.1 69 0 8.4 9.7 5.0 2.5 2 1 2 2 2
-217.5 -9685.1 -108.8 66 0 7.8 11.5 5.0 2.5 4 1 2 3 3
-225.1 -9664.0 -108.5 65 0 10.2 14.2 5.0 2.5 2 1 2 4 4
-265.4 -9561.1 -107.2 252 0 14.2 22.1 12.5 2.5 2 1 5 2 2
-283.0 -9607.2 -111.4 149 0 6.9 12.2 5.0 0.0 0 1 2 2 2
-225.9 -9577.5 -104.0 334 0 9.2 17.4 7.5 0.0 0 1 3 4 4
-220.4 -9586.5 -103.9 331 0 9.6 17.6 2.5 2.5 4 1 1 4 4
-404.1 -9566.4 -124.7 68 0 11.2 14.6 5.0 2.5 2 1 2 4 4
-413.7 -9530.4 -122.7 232 0 11.5 9.0 2.5 0.0 0 0 1 2 2
-353.1 -9577.2 -119.8 64 0 15.4 12.7 5.0 2.5 2 0 2 1 1
-357.0 -9563.6 -119.3 65 0 14.9 13.5 5.0 2.5 2 0 2 4 4
-374.1 -9554.3 -120.5 64 0 9.1 9.6 7.5 2.5 2 1 3 4 4
-363.2 -9548.4 -118.9 64 0 13.8 9.3 7.5 2.5 2 0 3 3 3
-335.0 -9569.1 -116.2 62 0 7.4 14.0 2.5 2.5 2 1 1 4 4
-328.2 -9561.1 -114.8 62 0 9.1 9.3 5.0 2.5 2 1 2 5 5
-325.4 -9547.4 -114.0 65 0 16.0 11.9 5.0 2.5 2 0 2 5 5
-313.9 -9560.3 -112.7 63 0 7.5 13.6 2.5 2.5 2 1 1 3 3
-173.2 -9651.1 -100.6 81 0 13.5 11.0 5.0 2.5 2 0 2 3 3
-155.6 -9684.3 -104.5 240 0 11.1 10.2 2.5 2.5 2 0 1 1 1
-122.5 -9662.5 -101.8 238 0 12.9 11.4 7.5 2.5 2 0 3 4 4
-145.5 -9639.4 -96.3 61 0 13.2 11.4 7.5 2.5 2 0 3 1 1
-177.5 -9581.8 -96.0 253 0 11.1 10.8 2.5 2.5 2 0 1 5 5
-194.0 -9555.1 -96.4 254 0 13.9 9.8 7.5 2.5 2 0 3 2 2
-218.6 -9512.6 -97.0 342 0 13.1 11.1 5.0 2.5 2 0 2 1 1
-221.5 -9477.9 -95.0 357 0 10.6 12.1 10.0 2.5 2 1 4 0 0
-109.1 -9609.6 -91.3 45 0 11.9 8.3 5.0 2.5 2 0 2 0 0
-92.7 -9637.5 -98.4 226 0 9.5 15.4 7.5 2.5 2 1 3 0 0
-86.8 -9626.5 -98.0 227 0 12.1 24.0 12.5 2.5 4 1 5 3 3
-167.7 -9540.1 -91.9 258 0 12.2 13.0 2.5 2.5 2 1 1 5 5
-92.4 -9606.7 -91.1 44 0 10.8 13.8 2.5 2.5 2 1 1 0 0
-103.8 -9586.4 -88.3 321 0 9.1 9.2 5.0 2.5 2 1 2 5 5
-124.5 -9572.0 -89.7 338 0 15.6 13.4 7.5 2.5 2 0 3 1 1
-196.5 -9526.4 -93.3 162 0 12.0 12.9 10.0 2.5 2 1 4 4 4
-148.2 -9522.8 -87.4 80 0 10.8 12.6 7.5 2.5 2 1 3 3 3
-154.6 -9504.1 -87.5 68 0 12.7 14.1 5.0 2.5 2 1 2 3 3
-185.5 -9465.0 -91.7 246 0 11.4 12.5 7.5 2.5 2 1 3 0 0
-68.2 -9613.9 -95.0 218 0 15.5 14.6 5.0 2.5 2 0 2 2 2
-80.4 -9556.6 -82.7 44 0 8.6 10.7 7.5 2.5 4 1 3 2 2
-125.2 -9520.7 -85.0 159 0 11.8 13.8 7.5 2.5 2 1 3 4 4
-111.1 -9489.4 -84.2 338 0 9.1 8.0 5.0 2.5 2 0 2 5 5
-133.9 -9460.0 -87.4 265 0 12.4 11.1 2.5 2.5 2 0 1 1 1
3412.3 555.9 -59.0 56 0 23.7 18.9 10.0 2.5 2 0 4 0 0
2137.3 1529.5 120.8 63 0 18.5 16.7 10.0 2.5 2 0 4 5 5
3849.1 6757.3 -217.1 263 0 13.0 15.2 5.0 2.5 2 1 2 1 1
3864.6 7372.6 -217.0 329 0 13.0 19.0 5.0 2.5 2 1 2 5 5
3963.3 7951.9 -209.4 147 0 13.8 12.4 5.0 2.5 2 0 2 2 2
3957.3 9522.0 -191.1 345 0 19.7 22.2 10.0 2.5 2 1 4 2 2
3211.2 -7349.4 -216.3 337 0 29.2 15.8 14.0 3.5 2 0 4 0 0
2672.6 -7317.7 -157.3 237 0 22.8 16.2 10.0 2.5 2 0 4 2 2
2706.1 -7300.3 -159.0 239 0 45.3 18.8 12.5 0.0 0 0 5 2 2
-5694.3 -3805.7 45.2 180 0 15.6 22.8 15.0 0.0 0 1 6 4 4
1138.2 1995.1 177.5 69 0 17.9 14.9 10.0 2.5 2 0 4 4 4
3290.1 -169.4 -217.2 198 0 50.6 10.1 12.5 2.5 2 0 5 2 2
3316.0 -251.7 -222.7 198 0 30.3 44.4 10.0 0.0 0 1 4 0 0
3195.0 -295.6 -206.0 157 0 15.9 17.3 10.0 2.5 2 1 4 0 0
-619.5 -9617.2 -147.8 152 0 26.9 26.9 10.0 0.0 0 1 4 5 5
3789.0 -7270.0 -221.8 354 0 78.6 19.1 2.5 2.5 2 0 1 2 2
3755.5 -7233.6 -223.3 265 0 19.1 120.8 2.5 0.0 0 1 1 2 2
3735.1 -7235.4 -223.3 265 0 19.0 120.8 2.5 0.0 0 1 1 3 3
3426.7 -1728.6 -188.0 328 0 12.2 21.1 10.0 0.0 0 1 4 5 5
3452.7 -1801.4 -177.9 334 0 7.3 11.9 4.0 0.0 0 1 1 4 4
3438.6 -1782.1 -180.5 334 0 7.3 11.9 8.0 0.0 0 1 2 4 4
3079.5 -1513.5 -168.0 250 0 8.2 20.2 4.0 2.5 2 1 1 0 0
3094.3 -1588.8 -168.8 137 0 47.5 23.8 12.5 0.0 0 0 5 1 1
3100.9 -1656.4 -162.7 138 0 19.1 42.6 15.0 0.0 0 1 6 1 1
3078.0 -1609.2 -165.3 138 0 50.5 23.1 12.5 2.5 2 0 5 2 2
3048.8 -1574.7 -168.4 136 0 13.8 50.1 10.0 2.5 4 1 4 2 2
3065.0 -1522.8 -167.9 252 0 17.4 16.3 15.0 0.0 0 0 6 5 5
3041.6 -1539.8 -167.4 229 0 20.6 11.0 4.0 2.5 2 0 1 3 3
3337.7 -1841.0 -168.5 172 0 15.3 27.0 10.0 0.0 0 1 4 3 3
3337.9 -1917.1 -159.6 139 0 6.3 4.9 8.0 2.5 2 0 2 0 0
3419.0 -2029.8 -158.9 152 0 21.3 29.2 12.5 0.0 0 1 5 5 5
3435.5 -2091.2 -152.0 137 0 24.2 15.7 15.0 0.0 0 0 6 1 1
3377.0 -2036.1 -152.3 134 0 22.7 28.2 10.0 0.0 0 1 4 3 3
3396.9 -2008.7 -157.3 135 0 20.9 18.8 10.0 0.0 0 0 4 1 1
3341.3 -1999.1 -148.0 136 0 11.6 7.7 8.0 2.5 2 0 2 5 5
3383.5 -1966.0 -158.5 136 0 8.2 5.1 8.0 2.5 2 0 2 3 3
3383.6 -1980.2 -158.9 136 0 12.3 17.0 8.0 2.5 2 0 2 4 4
3375.4 -1971.8 -157.2 136 0 8.0 8.5 4.0 2.5 2 0 1 2 2
3411.5 -2096.0 -147.0 136 0 26.5 17.5 10.0 2.5 2 0 4 3 3
3421.1 -2113.8 -150.7 136 0 14.8 15.8 10.0 2.5 2 0 4 3 3
3522.4 -2064.7 -163.9 318 0 26.2 25.2 7.5 0.0 0 0 3 5 5
3539.8 -2151.9 -168.1 332 0 19.9 34.7 10.0 0.0 0 0 4 0 0
3461.2 -2183.1 -167.3 152 0 71.3 49.3 12.5 0.0 0 0 5 4 4
3575.5 -2036.9 -167.7 338 0 8.3 13.7 4.0 0.0 0 1 1 2 2
3561.4 -2021.1 -165.1 338 0 8.3 13.7 12.0 0.0 0 1 3 4 4
3621.2 -2061.7 -173.7 346 0 6.4 10.7 12.0 0.0 0 1 3 5 5
3617.5 -2044.7 -172.0 346 0 6.4 10.7 8.0 0.0 0 1 2 5 5
3614.6 -2078.3 -172.4 324 0 26.6 7.6 4.0 2.5 2 0 1 2 2
3597.1 -2073.7 -170.8 316 0 19.6 26.4 12.5 2.5 2 1 5 4 4
3589.0 -2303.3 -158.8 336 0 16.9 7.6 8.0 2.5 4 0 2 4 4
3650.0 -2320.6 -161.2 335 0 15.1 14.2 8.0 2.5 2 0 2 0 0
3516.1 -2355.5 -146.2 151 0 12.8 38.0 10.0 2.5 2 1 4 1 1
3575.0 -2369.5 -143.2 65 0 7.5 12.2 8.0 0.0 0 0 2 4 4
3591.5 -2377.0 -147.9 66 0 16.8 34.3 10.0 2.5 2 0 4 5 5
4148.6 7621.6 -224.5 35 0 10.9 9.1 8.0 2.5 2 0 2 2 2
4441.7 7950.7 -227.0 196 0 86.1 51.2 10.0 0.0 0 0 4 2 2
4222.2 7609.0 -228.2 211 0 20.3 47.0 10.0 0.0 0 1 4 0 0
4378.9 7684.3 -228.6 31 0 12.6 14.5 4.0 2.5 2 1 1 1 1
4395.3 7670.9 -229.1 32 0 18.2 9.9 8.0 2.5 2 0 2 2 2
4416.9 -7856.3 -225.3 269 0 40.4 58.7 12.5 0.0 0 1 5 0 0
4390.4 -7971.0 -228.6 125 0 20.9 6.9 4.0 2.5 2 0 1 2 2
4361.8 -7946.5 -228.1 215 0 7.7 23.7 8.0 2.5 2 1 2 3 3
4350.6 -7944.1 -227.7 124 0 15.8 8.1 8.0 2.5 2 0 2 5 5
4399.1 -7944.4 -228.1 125 0 37.7 11.0 7.5 2.5 2 0 3 4 4
4352.8 -7905.9 -227.2 214 0 11.6 37.0 7.5 2.5 2 1 3 1 1
4429.8 -8013.3 -228.8 160 0 49.2 120.3 7.5 0.0 0 0 3 4 4
4538.9 -7852.7 -221.6 268 0 129.4 32.3 10.0 0.0 0 0 4 4 4
2561.1 -8153.1 -221.4 264 0 17.9 215.8 12.5 0.0 0 1 5 3 3
2670.5 -8337.4 -219.6 359 0 35.3 18.5 12.5 0.0 0 0 5 1 1
3325.4 -7498.4 -221.8 50 0 12.3 19.2 10.5 3.5 2 1 3 4 4
3293.1 -7486.8 -221.6 323 0 6.2 8.4 10.5 3.5 2 1 3 0 0
3293.3 -7451.6 -221.4 320 0 41.6 18.1 10.5 3.5 2 0 3 2 2
3250.4 -7439.7 -221.3 238 0 17.1 43.7 10.5 3.5 2 1 3 5 5
2600.4 -8665.7 -199.5 102 0 14.4 26.8 10.0 2.5 2 1 4 2 2
2785.3 -8424.4 -209.9 160 0 11.7 8.4 12.0 3.5 4 0 3 5 5
2768.5 -8402.3 -214.4 249 0 11.5 19.1 12.0 3.5 2 1 3 0 0
2924.3 -8327.2 -214.9 256 0 7.7 13.0 12.0 0.0 0 1 3 2 2
2930.9 -8341.8 -212.1 256 0 7.7 13.0 12.0 0.0 0 1 3 3 3
2939.4 -8378.9 -209.2 84 0 12.3 21.1 14.0 0.0 0 1 4 0 0
2913.5 -8387.5 -209.1 97 0 11.5 19.7 14.0 0.0 0 1 4 3 3
2943.0 -8323.2 -214.0 246 0 12.2 31.9 14.0 3.5 2 1 4 1 1
2892.2 -8340.5 -215.3 247 0 10.4 29.1 14.0 3.5 2 1 4 2 2
1988.2 -7809.8 -216.7 101 0 53.9 194.7 12.5 0.0 0 1 5 3 3
2001.1 -7877.8 -219.7 218 0 43.3 114.6 10.0 0.0 0 1 4 2 2
2120.4 -8198.2 -214.8 2 0 38.6 32.3 7.5 0.0 0 0 3 1 1
1660.4 -8011.5 -216.3 303 0 108.5 62.4 12.5 0.0 0 0 5 4 4
1773.1 -8029.3 -219.8 33 0 44.8 288.7 12.5 0.0 0 0 5 2 2
1983.3 -8176.2 -215.2 7 0 96.1 40.0 12.5 0.0 0 0 5 1 1
2486.6 -8352.4 -222.3 352 0 13.4 49.4 12.5 2.5 2 1 5 0 0
2501.8 -8241.8 -221.0 172 0 91.6 30.6 12.5 0.0 0 0 5 2 2
833.3 -7782.5 -210.2 229 0 15.3 75.6 17.5 0.0 0 1 7 0 0
820.6 -7793.2 -210.6 229 0 14.6 76.0 15.0 0.0 0 1 6 1 1
2518.5 -8525.2 -211.2 277 0 102.4 75.1 12.5 0.0 0 0 5 0 0
2493.1 -8702.3 -203.9 97 0 115.2 87.2 12.5 0.0 0 0 5 3 3
4019.9 -7777.1 -221.8 88 0 28.0 50.5 10.0 0.0 0 1 4 4 4
4260.9 -8844.5 -152.7 272 0 13.4 18.3 17.5 3.5 2 1 5 0 0
4287.0 -8836.4 -155.5 272 0 15.8 34.1 17.5 3.5 2 1 5 3 3
741.9 2612.6 224.9 58 0 16.6 11.3 10.0 2.5 2 0 4 4 4
2866.0 -6122.9 -120.6 352 0 10.2 15.5 7.5 2.5 2 1 3 1 1
2869.0 -7482.4 -197.2 344 0 16.1 24.3 12.5 2.5 2 1 5 1 1
2508.8 -7229.5 -135.2 61 0 20.8 20.6 12.5 2.5 2 0 5 2 2
-4453.0 -2680.6 39.2 104 0 12.4 30.6 10.0 2.5 2 1 4 3 3
-4487.9 -2524.4 39.5 193 0 10.7 24.3 10.0 2.5 2 1 4 5 5
-4355.8 -2489.1 39.7 105 0 11.7 31.4 7.5 2.5 2 1 3 4 4
2726.0 -7860.6 -217.8 136 0 13.6 23.2 7.5 2.5 2 1 3 2 2
4388.0 8813.4 -228.5 169 0 26.0 14.9 12.5 2.5 2 0 5 2 2
4318.7 8510.4 -225.6 354 0 54.3 47.6 10.0 0.0 0 0 4 1 1
4423.9 8771.5 -228.7 349 0 30.8 23.5 7.5 0.0 0 0 3 0 0
4641.4 10002.9 -224.2 180 0 76.2 20.3 15.0 0.0 0 0 6 4 4
4641.9 10092.2 -223.2 181 0 76.5 19.8 15.0 0.0 0 0 6 5 5
4638.6 10181.0 -218.5 179 0 74.3 18.5 15.0 0.0 0 0 6 1 1
3028.7 -5535.0 -78.6 343 0 18.7 19.4 10.0 2.5 4 0 4 1 1
3001.0 -5527.1 -78.9 262 0 16.0 19.9 10.0 2.5 2 0 4 5 5
2998.2 -5520.2 -77.2 76 0 25.8 13.3 10.0 2.5 2 0 4 0 0
2977.3 -5539.0 -80.1 271 0 14.8 15.0 7.5 2.5 2 1 3 3 3
2955.9 -5541.7 -80.2 256 0 13.8 13.9 7.5 2.5 2 1 3 3 3
2928.2 -5552.0 -79.1 258 0 16.4 14.2 7.5 2.5 2 0 3 5 5
2875.6 -5565.1 -75.3 257 0 11.7 18.3 7.5 2.5 2 1 3 4 4
2890.6 -5559.7 -76.1 248 0 12.2 15.9 5.0 2.5 2 1 2 0 0
3040.5 -5536.0 -77.3 180 0 13.2 9.8 2.5 2.5 2 0 1 0 0
3042.0 -5578.5 -80.7 189 0 13.6 13.7 7.5 2.5 2 0 3 2 2
3036.7 -5592.0 -82.0 192 0 14.9 14.1 5.0 2.5 2 0 2 0 0
3027.9 -5579.4 -81.4 9 0 16.6 9.3 5.0 2.5 2 0 2 5 5
3031.0 -5566.5 -79.9 10 0 7.9 9.2 2.5 2.5 2 1 1 4 4
3022.8 -5607.6 -83.7 10 0 13.5 12.3 2.5 2.5 2 0 1 0 0
2984.9 -5773.8 -98.7 355 0 14.7 19.5 10.0 2.5 4 1 4 2 2
2995.3 -5776.2 -97.9 196 0 13.2 12.8 10.0 2.5 2 0 4 3 3
2985.5 -5845.3 -100.8 187 0 15.5 11.6 5.0 2.5 2 0 2 0 0
2984.3 -5859.8 -101.2 187 0 10.7 12.0 5.0 2.5 4 1 2 0 0
2982.0 -5875.4 -102.1 186 0 17.4 19.6 10.0 2.5 2 1 4 4 4
2970.2 -5872.7 -105.7 8 0 17.2 14.0 7.5 2.5 2 0 3 5 5
2972.3 -5857.6 -104.7 8 0 13.4 14.0 5.0 0.0 0 0 2 5 5
2966.1 -5949.6 -111.3 360 0 12.6 10.2 7.5 2.5 2 0 3 2 2
2966.5 -5973.3 -112.7 6 0 19.2 19.7 10.0 2.5 2 1 4 0 0
2965.4 -5991.2 -114.0 1 0 16.6 16.1 10.0 0.0 0 0 4 4 4
2956.5 -6003.7 -115.9 272 0 13.8 14.6 5.0 2.5 2 1 2 2 2
2965.6 -6044.7 -118.7 340 0 10.2 10.2 2.5 2.5 2 1 1 5 5
2969.4 -6055.1 -120.0 342 0 9.7 13.6 7.5 2.5 2 0 3 1 1
2970.8 -6065.4 -121.3 344 0 10.3 12.0 5.0 2.5 2 0 2 2 2
2976.4 -6087.9 -122.7 346 0 12.8 11.3 10.0 2.5 2 0 4 1 1
2984.4 -6163.7 -129.7 353 0 13.7 12.2 5.0 2.5 2 0 2 1 1
2980.5 -6122.6 -126.3 346 0 14.0 13.2 2.5 2.5 2 0 1 2 2
2988.2 -6197.6 -132.8 349 0 12.1 13.6 10.0 2.5 2 1 4 2 2
2988.6 -6315.7 -143.5 15 0 13.0 12.6 5.0 2.5 2 0 2 4 4
2980.3 -6325.4 -144.9 12 0 9.0 9.0 5.0 2.5 2 0 2 2 2
2976.3 -6334.1 -146.2 18 0 6.9 9.8 7.5 2.5 2 1 3 3 3
2981.2 -6353.4 -147.4 2 0 11.6 12.3 10.0 2.5 2 0 4 5 5
2981.6 -6343.2 -146.6 1 0 8.9 12.4 5.0 2.5 2 0 2 0 0
2971.0 -6412.4 -153.2 95 0 11.2 12.3 10.0 2.5 2 0 4 2 2
2977.5 -6395.6 -150.7 1 0 9.6 6.3 5.0 2.5 2 0 2 1 1
2976.8 -6426.4 -155.9 8 0 14.4 10.5 7.5 2.5 2 0 3 1 1
2975.2 -6448.8 -159.2 4 0 9.5 13.2 2.5 2.5 4 0 1 2 2
2976.0 -6439.0 -157.8 5 0 10.2 13.2 5.0 2.5 2 0 2 0 0
2975.8 -6459.7 -160.6 4 0 9.4 13.5 5.0 2.5 2 1 2 0 0
3003.1 -6640.9 -158.0 258 0 15.9 22.1 10.0 2.5 2 1 4 4 4
2990.2 -6652.8 -157.6 270 0 11.3 15.3 5.0 2.5 2 1 2 4 4
2975.7 -6658.4 -157.7 261 0 10.6 13.0 7.5 2.5 2 1 3 4 4
2950.4 -6667.5 -158.0 250 0 8.0 12.6 5.0 2.5 4 0 2 0 0
2958.5 -6664.5 -157.9 248 0 9.5 12.7 7.5 2.5 2 0 3 1 1
2939.6 -6669.2 -158.5 254 0 11.3 11.4 5.0 2.5 2 1 2 4 4
2922.4 -6649.5 -162.6 356 0 22.7 12.1 17.5 0.0 0 0 7 2 2
2901.2 -6692.4 -159.3 97 0 8.3 15.7 5.0 2.5 2 1 2 4 4
2906.4 -6706.5 -156.7 280 0 10.6 14.1 7.5 2.5 2 1 3 2 2
2894.7 -6704.8 -157.6 281 0 9.5 13.3 2.5 2.5 2 1 1 2 2
2878.7 -6699.1 -156.7 274 0 15.0 14.5 5.0 2.5 2 0 2 1 1
4541.5 -8841.1 -166.6 101 0 8.8 13.5 3.5 3.5 2 1 1 5 5
4530.9 -8809.6 -165.6 287 0 11.3 12.3 10.5 3.5 2 1 3 2 2
4509.5 -8804.2 -164.9 280 0 9.6 10.7 10.5 3.5 2 1 3 4 4
4493.5 -8827.3 -164.4 101 0 10.5 13.1 10.5 3.5 2 1 3 1 1
4480.5 -8824.5 -164.1 101 0 7.0 13.2 10.5 3.5 2 0 3 1 1
4471.2 -8822.2 -163.9 106 0 12.1 13.3 14.0 3.5 4 0 4 0 0
4450.3 -8808.5 -163.4 100 0 11.6 8.6 10.5 3.5 2 0 3 2 2
4446.6 -8793.6 -163.6 194 0 10.5 12.2 14.0 3.5 2 0 4 4 4
4186.6 -8701.8 -152.6 123 0 21.3 16.3 17.5 3.5 2 0 5 2 2
4160.0 -8687.9 -151.6 119 0 21.2 17.3 17.5 3.5 2 0 5 4 4
4129.3 -8658.0 -150.8 207 0 14.1 22.3 17.5 3.5 2 1 5 3 3
4158.1 -8635.4 -153.8 306 0 26.1 18.8 17.5 3.5 4 0 5 0 0
4207.7 -8665.8 -155.6 301 0 21.1 17.5 17.5 3.5 2 0 5 1 1
4333.0 -8709.1 -159.6 33 0 25.7 22.3 17.5 3.5 2 0 5 0 0
4127.2 -8637.3 -151.8 24 0 18.9 13.3 3.5 3.5 2 0 1 3 3
4095.0 -8641.9 -150.0 123 0 13.2 19.5 7.0 3.5 2 1 2 5 5
4094.5 -8594.7 -151.6 302 0 13.2 6.1 10.5 0.0 0 0 3 0 0
4070.9 -8635.0 -147.5 120 0 13.1 10.9 14.0 0.0 0 0 4 0 0
4062.7 -8605.0 -148.9 203 0 9.3 13.4 7.0 3.5 2 1 2 3 3
4014.7 -8592.3 -146.0 209 0 14.8 11.5 17.5 3.5 2 0 5 0 0
3984.5 -8588.2 -146.1 130 0 12.2 14.2 10.5 3.5 2 1 3 0 0
4013.3 -8557.9 -150.3 312 0 10.5 15.8 10.5 3.5 2 1 3 3 3
3981.0 -8601.8 -141.3 319 0 12.4 11.1 7.0 3.5 2 0 2 3 3
3969.7 -8625.8 -138.8 29 0 13.0 11.3 10.5 3.5 2 0 3 1 1
3940.8 -8624.8 -137.1 154 0 11.2 11.8 7.0 3.5 2 1 2 5 5
3923.2 -8654.4 -133.1 95 0 9.2 14.5 10.5 3.5 4 1 3 4 4
3931.3 -8614.9 -138.8 151 0 11.3 12.5 10.5 3.5 2 1 3 4 4
3925.1 -8602.5 -141.0 76 0 10.7 12.3 10.5 3.5 2 1 3 5 5
3918.3 -8617.9 -136.1 328 0 7.2 9.6 10.5 3.5 2 0 3 5 5
3885.1 -8614.3 -135.2 266 0 7.9 12.8 3.5 3.5 2 1 1 5 5
3874.7 -8615.1 -135.8 265 0 11.9 12.2 14.0 3.5 2 1 4 3 3
3818.0 -8637.6 -134.9 237 0 11.7 12.2 7.0 3.5 2 1 2 4 4
3807.9 -8643.6 -134.4 248 0 9.6 14.2 3.5 3.5 2 1 1 2 2
3793.1 -8644.3 -135.2 250 0 12.1 11.0 7.0 0.0 0 0 2 2 2
3779.9 -8648.6 -135.2 249 0 9.8 12.3 10.5 3.5 2 1 3 2 2
3768.3 -8655.4 -134.9 249 0 11.6 10.4 14.0 3.5 2 0 4 1 1
3758.3 -8645.0 -137.1 233 0 10.9 10.0 3.5 3.5 2 0 1 5 5
3783.4 -8514.0 -158.1 283 0 20.7 19.8 17.5 3.5 2 0 5 5 5
1912.3 -7365.5 -183.8 333 0 13.4 12.2 7.5 0.0 0 0 3 4 4
1871.8 -7411.9 -186.4 138 0 11.2 13.6 5.0 2.5 2 1 2 0 0
1935.1 -7351.8 -184.3 332 0 14.9 14.3 7.5 2.5 2 0 3 3 3
1909.4 -7341.7 -181.6 51 0 12.3 9.8 5.0 2.5 2 0 2 4 4
1923.8 -7333.4 -182.2 40 0 10.3 10.7 7.5 2.5 2 1 3 1 1
1929.0 -7319.7 -181.6 41 0 12.9 8.4 5.0 2.5 2 0 2 0 0
1933.8 -7326.5 -182.3 42 0 11.0 5.8 7.5 2.5 2 0 3 5 5
1939.7 -7310.4 -181.8 36 0 11.4 10.1 7.5 2.5 2 0 3 3 3
1952.4 -7302.8 -182.1 34 0 11.9 6.3 2.5 2.5 2 0 1 0 0
1962.6 -7287.3 -181.7 35 0 12.3 8.6 7.5 2.5 2 0 3 3 3
1973.4 -7271.9 -181.5 29 0 12.8 6.5 2.5 2.5 2 0 1 2 2
1983.9 -7253.2 -181.1 23 0 13.6 11.6 10.0 2.5 2 0 4 5 5
1989.4 -7241.3 -180.7 26 0 12.5 10.6 7.5 2.5 4 0 3 5 5
2012.7 -7200.7 -179.3 31 0 12.0 10.6 2.5 2.5 2 0 1 5 5
2065.6 -7191.4 -180.1 277 0 11.1 10.6 5.0 2.5 2 0 2 3 3
2082.5 -7194.5 -178.2 280 0 11.3 10.2 5.0 2.5 2 0 2 3 3
2080.7 -7204.6 -180.5 284 0 11.3 14.3 7.5 2.5 2 0 3 1 1
2030.6 -7152.5 -175.2 18 0 10.1 6.3 2.5 2.5 2 0 1 1 1
2055.6 -7158.5 -175.3 114 0 8.3 10.1 2.5 2.5 2 1 1 1 1
2053.6 -7135.5 -172.6 201 0 12.1 13.3 7.5 2.5 2 1 3 4 4
2051.9 -7087.0 -162.5 317 0 8.1 13.7 2.5 0.0 0 1 1 2 2
2044.0 -7079.7 -160.6 330 0 7.9 10.2 7.5 2.5 2 1 3 2 2
2029.8 -7038.5 -153.5 299 0 7.9 12.4 2.5 2.5 2 1 1 3 3
2041.6 -7046.0 -154.0 299 0 8.6 8.7 2.5 2.5 2 1 1 1 1
2051.7 -7057.2 -156.2 309 0 10.8 9.5 2.5 0.0 0 0 1 5 5
2052.3 -7075.9 -158.3 131 0 10.5 7.4 7.5 2.5 2 0 3 5 5
2061.4 -7094.6 -163.4 313 0 11.1 9.8 2.5 2.5 2 0 1 2 2
2069.6 -7104.6 -164.2 305 0 8.4 4.7 2.5 2.5 2 0 1 2 2
2063.0 -7082.5 -159.2 138 0 8.3 8.1 2.5 2.5 2 0 1 3 3
2089.6 -7074.9 -159.5 319 0 13.1 13.3 10.0 2.5 4 1 4 3 3
2069.9 -7091.8 -160.9 136 0 9.2 8.7 5.0 2.5 2 0 2 0 0
2092.8 -7115.7 -166.0 135 0 11.4 9.3 5.0 2.5 2 0 2 0 0
2107.5 -7210.8 -177.8 310 0 13.8 14.1 7.5 2.5 2 1 3 3 3
2096.3 -7158.0 -170.5 211 0 9.8 11.3 7.5 2.5 2 1 3 0 0
2114.2 -7169.3 -169.6 23 0 9.2 9.1 2.5 2.5 2 0 1 2 2
2119.5 -7157.4 -168.0 29 0 9.3 10.2 2.5 2.5 2 1 1 3 3
2126.9 -7141.4 -166.1 32 0 10.6 11.2 5.0 2.5 2 1 2 3 3
2126.8 -7107.1 -163.7 305 0 10.6 7.9 2.5 2.5 2 0 1 1 1
2135.7 -7111.3 -162.9 284 0 9.4 10.9 7.5 2.5 2 1 3 2 2
2154.1 -7101.4 -158.8 91 0 10.9 12.5 7.5 0.0 0 1 3 2 2
2168.0 -7101.1 -156.8 70 0 8.3 11.8 5.0 2.5 2 1 2 4 4
2019.4 -6991.9 -145.1 331 0 15.3 13.1 10.0 2.5 2 0 4 4 4
2052.3 -6993.0 -142.0 42 0 9.4 18.2 7.5 2.5 4 1 3 1 1
2041.2 -7000.9 -146.7 273 0 10.3 17.9 7.5 2.5 2 0 3 4 4
2084.6 -6975.1 -139.3 303 0 13.1 11.9 7.5 2.5 2 0 3 0 0
2073.6 -7006.4 -143.9 133 0 12.6 12.7 7.5 2.5 2 1 3 3 3
2047.3 -7011.8 -147.4 298 0 10.3 10.1 2.5 2.5 2 0 1 5 5
3498.2 -7087.4 -201.4 269 0 9.9 9.2 7.5 2.5 4 0 3 0 0
3514.0 -7064.7 -199.1 177 0 12.4 13.0 7.5 2.5 2 1 3 2 2
3522.7 -7090.2 -202.5 265 0 11.0 13.8 5.0 2.5 2 1 2 4 4
3482.0 -7074.9 -198.6 85 0 12.8 13.5 7.5 2.5 2 1 3 5 5
3461.1 -7086.4 -201.9 252 0 10.0 16.9 5.0 2.5 2 1 2 0 0
3465.6 -7078.2 -198.1 79 0 11.4 19.4 2.5 2.5 2 1 1 2 2
3450.6 -7076.4 -196.9 87 0 10.3 11.7 2.5 2.5 2 1 1 4 4
3457.9 -7128.0 -204.6 164 0 17.0 9.9 5.0 2.5 2 0 2 3 3
3470.9 -7167.1 -209.3 162 0 15.6 11.2 7.5 2.5 4 0 3 3 3
3427.6 -7073.7 -194.8 88 0 10.3 11.8 5.0 0.0 0 1 2 4 4
3397.3 -7077.4 -194.0 357 0 6.4 7.4 7.5 2.5 2 1 3 3 3
3399.4 -7087.1 -196.7 354 0 11.3 4.9 7.5 2.5 2 0 3 1 1
3399.9 -7105.2 -200.8 353 0 14.9 7.5 2.5 2.5 2 0 1 4 4
3337.6 -7062.1 -191.6 91 0 11.3 11.4 7.5 2.5 2 1 3 1 1
3339.8 -7070.8 -195.0 265 0 11.0 13.3 7.5 2.5 2 1 3 4 4
3297.2 -7040.9 -190.6 181 0 22.6 26.7 7.5 0.0 0 1 3 1 1
3323.7 -7092.0 -198.0 347 0 12.6 13.9 5.0 2.5 2 1 2 3 3
3287.5 -7068.5 -194.4 356 0 11.7 9.3 5.0 2.5 2 0 2 3 3
3243.8 -7034.4 -189.6 180 0 14.1 10.9 7.5 2.5 2 0 3 0 0
3237.8 -7022.0 -188.2 360 0 14.7 14.0 10.0 2.5 2 0 4 2 2
3216.5 -7049.8 -193.8 256 0 10.2 15.2 7.5 2.5 2 1 3 1 1
3212.1 -7027.9 -188.4 90 0 15.2 15.2 7.5 2.5 2 0 3 5 5
3214.2 -7035.3 -189.1 91 0 10.6 7.4 5.0 2.5 2 0 2 4 4
3200.0 -7047.4 -193.4 342 0 16.6 17.5 12.5 2.5 2 1 5 3 3
3203.5 -7065.6 -195.0 342 0 13.5 11.3 10.0 2.5 2 0 4 3 3
3179.3 -7027.8 -188.8 96 0 10.5 21.3 10.0 2.5 2 1 4 4 4
3136.2 -7046.1 -191.1 160 0 26.4 13.4 12.5 2.5 2 0 5 2 2
3151.7 -7010.1 -187.9 7 0 15.6 12.4 10.0 2.5 2 0 4 4 4
3123.8 -7015.5 -187.2 100 0 11.6 11.3 10.0 2.5 4 0 4 5 5
3114.9 -7040.8 -186.0 335 0 10.3 11.7 10.0 2.5 2 1 4 1 1
3106.2 -7024.2 -185.2 273 0 12.6 11.5 7.5 2.5 2 0 3 1 1
3079.0 -7023.0 -182.5 270 0 21.1 13.9 12.5 2.5 2 0 5 5 5
3086.8 -7050.0 -183.6 133 0 10.1 11.6 7.5 2.5 2 1 3 5 5
3098.9 -7062.0 -185.8 136 0 11.8 12.7 7.5 2.5 2 1 3 0 0
3108.8 -7074.0 -187.5 143 0 11.4 11.9 2.5 2.5 2 1 1 5 5
3119.4 -7084.6 -189.1 139 0 11.5 10.6 7.5 2.5 2 0 3 5 5
3165.5 -7121.3 -195.5 335 0 10.6 9.7 5.0 2.5 2 0 2 4 4
3159.1 -7109.2 -194.3 337 0 12.5 9.4 5.0 2.5 2 0 2 3 3
3153.0 -7095.2 -193.0 330 0 10.9 10.1 7.5 2.5 2 0 3 0 0
3146.8 -7085.5 -191.8 331 0 9.7 12.3 5.0 0.0 0 1 2 4 4
3141.1 -7072.3 -190.7 329 0 12.3 12.8 2.5 2.5 2 1 1 4 4
3133.5 -6940.8 -180.3 285 0 12.1 10.9 2.5 0.0 0 0 1 3 3
3130.3 -6964.1 -182.2 17 0 13.4 13.4 5.0 2.5 4 1 2 2 2
3119.0 -6939.4 -179.8 282 0 9.0 10.4 5.0 2.5 2 1 2 4 4
3123.5 -6933.1 -178.0 96 0 9.8 9.9 0.0 0.0 0 1 0 0 0
3112.9 -6931.2 -177.7 104 0 10.1 10.0 5.0 2.5 4 0 2 3 3
3074.9 -6928.3 -178.5 278 0 14.4 13.5 7.5 2.5 2 0 3 1 1
3071.3 -6923.2 -176.3 96 0 9.9 10.3 5.0 2.5 2 1 2 2 2
3055.8 -6919.8 -175.8 102 0 14.7 11.5 2.5 2.5 2 0 1 3 3
3040.7 -6917.9 -175.3 97 0 13.1 11.0 10.0 2.5 2 0 4 0 0
3018.3 -6922.6 -173.2 6 0 14.4 12.2 5.0 2.5 2 0 2 4 4
3004.7 -7082.6 -172.7 12 0 18.7 15.1 12.5 2.5 2 0 5 0 0
3010.2 -7130.3 -176.1 119 0 12.7 14.0 7.5 0.0 0 1 3 5 5
3022.1 -7140.4 -178.3 133 0 10.0 14.4 2.5 2.5 2 1 1 4 4
3000.0 -7097.8 -172.4 13 0 9.3 12.6 7.5 2.5 2 1 3 3 3
2994.2 -7119.0 -172.3 14 0 12.3 10.0 7.5 2.5 2 0 3 2 2
2989.6 -7131.6 -172.3 22 0 13.5 20.9 10.0 2.5 2 1 4 3 3
2985.2 -7143.6 -172.0 18 0 12.6 15.5 5.0 2.5 2 0 2 5 5
2981.5 -7154.3 -171.9 20 0 10.5 13.0 5.0 2.5 2 0 2 5 5
2978.3 -7163.1 -171.8 19 0 8.2 12.7 5.0 2.5 2 0 2 0 0
2964.0 -7182.2 -171.6 109 0 13.5 16.5 5.0 2.5 2 1 2 0 0
2957.3 -7182.8 -171.5 294 0 27.1 14.8 10.0 2.5 2 0 4 1 1
2970.8 -7087.3 -170.1 213 0 8.6 13.8 7.5 2.5 4 1 3 1 1
2960.9 -7096.2 -169.9 216 0 17.1 18.9 10.0 2.5 2 1 4 4 4
2931.2 -7204.7 -168.1 116 0 10.7 16.2 5.0 2.5 2 1 2 5 5
2913.9 -7195.8 -165.0 106 0 9.2 10.8 7.5 2.5 2 1 3 0 0
2092.8 -7315.7 -190.4 310 0 10.4 14.3 10.0 2.5 2 1 4 1 1
2078.6 -7311.4 -189.4 306 0 7.1 15.0 5.0 2.5 2 1 2 5 5
2134.7 -7360.5 -192.6 57 0 11.2 11.1 2.5 2.5 2 0 1 1 1
2182.6 -7288.9 -177.9 331 0 10.9 10.8 5.0 2.5 2 0 2 3 3
2486.6 -7236.7 -134.4 84 0 10.6 12.8 7.5 2.5 2 1 3 4 4
2470.6 -7239.1 -133.7 76 0 8.6 18.7 7.5 2.5 2 0 3 2 2
2480.4 -7251.2 -135.3 248 0 17.1 14.1 5.0 2.5 4 0 2 3 3
2464.3 -7258.9 -136.0 252 0 10.3 12.4 2.5 2.5 4 1 1 4 4
2458.5 -7239.8 -133.2 77 0 10.4 13.8 7.5 2.5 4 1 3 4 4
2450.6 -7250.3 -135.2 77 0 10.7 12.8 10.0 2.5 2 1 4 3 3
2452.4 -7263.7 -138.4 254 0 11.5 12.0 7.5 2.5 2 1 3 1 1
2437.0 -7283.8 -142.1 102 0 12.0 14.9 5.0 2.5 2 1 2 1 1
2424.1 -7232.2 -135.5 151 0 10.3 10.8 7.5 2.5 2 1 3 5 5
2414.7 -7238.9 -139.6 313 0 13.6 9.8 7.5 2.5 2 0 3 2 2
2409.8 -7217.8 -135.3 141 0 23.5 10.6 5.0 2.5 2 0 2 2 2
2398.0 -7203.3 -134.4 144 0 8.8 11.5 7.5 2.5 2 1 3 4 4
2378.6 -7212.1 -140.4 238 0 14.4 10.8 10.0 2.5 2 0 4 5 5
2374.6 -7192.6 -138.7 327 0 15.3 12.5 5.0 2.5 2 0 2 2 2
2386.0 -7189.5 -134.1 144 0 17.5 8.4 2.5 2.5 2 0 1 3 3
2375.3 -7174.8 -133.2 147 0 11.2 11.0 7.5 2.5 4 0 3 5 5
2358.1 -7184.9 -138.3 331 0 9.3 5.8 2.5 2.5 2 0 1 2 2
2355.4 -7170.7 -138.0 327 0 10.0 13.6 5.0 2.5 2 1 2 0 0
2344.4 -7149.3 -136.6 352 0 13.3 7.6 2.5 2.5 2 0 1 4 4
2337.5 -7137.4 -136.7 352 0 10.3 8.1 7.5 2.5 2 0 3 0 0
2339.1 -7126.0 -135.9 355 0 9.1 9.6 5.0 2.5 2 1 2 4 4
2335.8 -7099.4 -135.5 357 0 12.7 11.8 7.5 2.5 2 0 3 4 4
2334.5 -7071.0 -135.7 5 0 12.3 9.3 5.0 2.5 2 0 2 3 3
2357.5 -7078.6 -133.9 352 0 11.2 9.3 5.0 2.5 2 0 2 1 1
2356.8 -7064.6 -134.2 3 0 10.2 11.4 2.5 2.5 4 1 1 2 2
2353.6 -7045.5 -134.9 347 0 12.8 13.0 7.5 0.0 0 1 3 0 0
2350.7 -7033.3 -135.1 4 0 7.8 12.6 7.5 2.5 2 1 3 2 2
2350.7 -7022.7 -134.7 3 0 9.3 11.8 7.5 2.5 2 1 3 4 4
2312.8 -7030.2 -138.5 24 0 15.7 18.1 7.5 2.5 2 1 3 0 0
2953.3 -7220.3 -172.9 293 0 10.7 12.9 12.5 2.5 2 1 5 0 0
2943.8 -7243.6 -173.6 110 0 8.0 11.4 5.0 2.5 4 1 2 5 5
2992.6 -7186.0 -175.5 293 0 16.0 19.0 12.5 0.0 0 1 5 4 4
2969.9 -7227.0 -177.0 204 0 17.3 16.7 12.5 0.0 0 0 5 2 2
2964.5 -7244.3 -177.0 199 0 9.3 8.4 7.5 0.0 0 0 3 0 0
2938.3 -7252.1 -175.3 285 0 12.6 11.0 7.5 2.5 2 0 3 2 2
2939.5 -7272.7 -176.6 21 0 13.1 22.0 12.5 2.5 4 1 5 0 0
2934.1 -7291.5 -178.8 19 0 22.5 22.2 10.0 2.5 2 0 4 1 1
2907.3 -7312.2 -178.4 110 0 12.1 14.4 2.5 2.5 2 1 1 3 3
2945.2 -7326.2 -185.3 288 0 10.8 12.5 10.0 2.5 2 1 4 5 5
2923.2 -7333.8 -182.4 18 0 10.8 13.5 15.0 0.0 0 1 6 4 4
2930.4 -7388.1 -193.5 291 0 18.8 26.1 10.0 0.0 0 1 4 3 3
2916.8 -7354.7 -184.8 17 0 15.9 8.6 7.5 2.5 2 0 3 5 5
2901.4 -7355.4 -183.4 111 0 11.0 11.7 7.5 2.5 2 0 3 2 2
2889.1 -7342.7 -180.5 112 0 11.7 13.3 10.0 2.5 4 1 4 5 5
2877.4 -7337.0 -178.3 112 0 9.2 10.8 7.5 2.5 2 1 3 3 3
2898.1 -7318.8 -178.7 297 0 8.5 9.9 2.5 2.5 2 1 1 3 3
2886.4 -7315.0 -177.2 291 0 8.1 10.8 7.5 2.5 4 1 3 3 3
2866.5 -7332.8 -176.7 108 0 9.9 10.5 5.0 2.5 4 1 2 3 3
2875.8 -7309.9 -175.6 287 0 8.3 11.8 7.5 2.5 2 1 3 4 4
2866.0 -7303.5 -174.1 290 0 10.2 14.9 5.0 2.5 2 1 2 1 1
2853.3 -7337.6 -176.1 115 0 10.1 9.4 5.0 2.5 2 0 2 5 5
2845.1 -7307.0 -172.5 207 0 12.6 11.2 10.0 2.5 2 0 4 1 1
2840.4 -7325.8 -173.3 118 0 10.5 8.6 7.5 2.5 2 0 3 3 3
2883.8 -7302.7 -174.5 108 0 11.7 13.3 7.5 2.5 2 1 3 1 1
2871.0 -7255.9 -168.5 206 0 10.9 11.3 10.0 2.5 2 1 4 1 1
2867.4 -7268.1 -170.2 204 0 10.7 15.1 5.0 0.0 0 1 2 4 4
2883.1 -7261.7 -170.5 204 0 9.7 11.0 5.0 2.5 2 1 2 3 3
2875.1 -7245.0 -167.8 207 0 9.2 12.7 5.0 2.5 2 1 2 2 2
2886.9 -7232.8 -166.8 295 0 10.4 9.7 5.0 2.5 2 0 2 3 3
2899.8 -7237.2 -169.1 290 0 10.5 12.8 5.0 0.0 0 1 2 1 1
2912.4 -7240.9 -171.1 288 0 10.6 14.0 5.0 2.5 2 1 2 2 2
2925.4 -7248.0 -173.1 285 0 9.4 10.0 5.0 0.0 0 1 2 5 5
2878.7 -7216.4 -163.1 113 0 9.6 14.6 2.5 2.5 2 1 1 1 1
2903.1 -7200.5 -164.9 290 0 12.1 12.2 5.0 2.5 2 1 2 1 1
2918.0 -7206.4 -167.4 289 0 13.5 11.0 5.0 0.0 0 0 2 0 0
2919.5 -7234.3 -169.9 110 0 10.2 13.8 2.5 2.5 2 1 1 0 0
2930.0 -7239.6 -171.6 108 0 8.7 12.7 7.5 2.5 2 1 3 5 5
2905.3 -7192.1 -163.5 103 0 5.5 11.1 2.5 2.5 2 1 1 0 0
2895.2 -7188.8 -162.5 113 0 9.2 11.2 5.0 2.5 2 1 2 1 1
2885.7 -7180.9 -161.1 114 0 10.6 11.0 5.0 0.0 0 1 2 5 5
2315.0 -7055.1 -136.7 179 0 15.8 10.5 7.5 2.5 2 0 3 3 3
2300.1 -7053.8 -138.4 20 0 9.0 8.3 2.5 2.5 2 0 1 5 5
2304.5 -7087.3 -137.1 177 0 18.3 11.7 2.5 2.5 2 0 1 3 3
2767.8 -7674.7 -209.4 60 0 13.0 39.8 10.0 2.5 2 1 4 1 1
2744.0 -7634.2 -202.1 57 0 9.8 13.3 7.5 2.5 2 1 3 0 0
2746.7 -7605.4 -198.7 337 0 15.1 8.7 7.5 2.5 2 0 3 1 1
2755.4 -7589.6 -197.9 237 0 9.9 15.0 2.5 2.5 4 1 1 5 5
2764.6 -7584.4 -197.9 228 0 5.9 13.7 5.0 2.5 2 1 2 3 3
2777.4 -7576.1 -197.9 240 0 10.0 15.2 7.5 2.5 2 1 3 3 3
2809.3 -7570.8 -198.6 55 0 9.8 9.5 5.0 2.5 4 0 2 5 5
2788.2 -7516.9 -192.8 312 0 14.3 13.3 5.0 2.5 2 0 2 4 4
2781.2 -7497.6 -190.3 134 0 11.5 12.0 2.5 2.5 2 1 1 3 3
2827.8 -7428.8 -187.9 187 0 11.1 17.7 5.0 2.5 2 1 2 4 4
2817.6 -7453.3 -190.1 203 0 14.8 16.3 5.0 2.5 2 1 2 1 1
2807.1 -7464.0 -189.0 208 0 6.2 7.4 2.5 2.5 2 1 1 3 3
2863.4 -7364.2 -181.9 204 0 8.4 12.2 5.0 2.5 2 1 2 4 4
2807.7 -7293.5 -165.7 125 0 10.2 9.6 5.0 2.5 2 0 2 3 3
2800.7 -7278.6 -163.7 145 0 16.3 22.4 17.5 0.0 0 1 7 4 4
2789.1 -7260.8 -160.6 151 0 22.9 13.9 15.0 0.0 0 0 6 3 3
2798.5 -7242.7 -160.9 229 0 7.3 21.7 7.5 2.5 2 0 3 3 3
2807.0 -7238.8 -160.0 233 0 7.5 15.2 7.5 2.5 2 1 3 2 2
2846.5 -7205.0 -159.3 210 0 16.0 10.1 10.5 2.5 2 0 3 1 1
2853.1 -7194.5 -158.4 216 0 10.1 9.1 7.5 2.5 2 0 3 1 1
2846.0 -7187.3 -155.5 40 1 12.2 14.0 12.5 2.5 2 1 5 3 3
2833.8 -7197.9 -155.1 51 0 11.7 14.0 14.0 2.5 4 1 4 4 4
2824.6 -7207.2 -155.2 53 0 9.9 15.3 7.5 2.5 4 1 3 0 0
2796.8 -7229.8 -155.3 50 1 12.1 12.7 10.0 2.5 2 1 4 4 4
2783.7 -7238.8 -155.3 41 1 11.3 16.5 10.0 2.5 2 1 4 3 3
2409.3 -7509.3 -183.8 311 0 10.4 14.1 5.0 2.5 2 0 2 5 5
2413.0 -7493.7 -177.8 125 0 12.5 14.2 10.0 2.5 2 1 4 1 1
2423.2 -7503.1 -178.6 124 0 9.3 8.8 2.5 2.5 2 0 1 5 5
2395.5 -7498.2 -182.2 307 0 11.6 11.0 7.5 2.5 4 0 3 4 4
2400.8 -7487.4 -177.5 116 0 10.6 11.3 10.0 2.5 2 1 4 2 2
2382.3 -7487.4 -181.7 318 0 15.0 11.5 5.0 2.5 2 0 2 3 3
2384.8 -7476.8 -176.9 117 0 11.2 10.5 2.5 2.5 2 0 1 4 4
2361.3 -7472.1 -180.5 307 0 11.2 11.6 2.5 2.5 2 1 1 4 4
2426.9 -7521.6 -183.6 308 0 7.9 10.4 2.5 0.0 0 1 1 2 2
2437.2 -7526.1 -183.9 300 0 12.5 11.6 7.5 0.0 0 0 3 0 0
2437.0 -7512.2 -179.2 123 0 14.9 10.2 7.5 2.5 2 0 3 0 0
2450.7 -7524.3 -180.1 115 0 9.1 11.4 5.0 2.5 2 1 2 4 4
2450.4 -7532.8 -183.9 298 0 11.5 11.1 7.5 2.5 2 0 3 3 3
2461.3 -7528.8 -180.0 114 0 9.9 11.4 5.0 2.5 4 1 2 5 5
2444.9 -7552.4 -187.5 11 0 11.1 15.8 7.5 2.5 2 1 3 2 2
2456.0 -7555.6 -186.3 205 0 9.9 7.9 7.5 2.5 2 0 3 0 0
2464.8 -7544.4 -183.4 202 0 8.8 7.7 2.5 2.5 2 0 1 4 4
2444.2 -7593.8 -195.1 297 0 11.4 10.0 5.0 2.5 2 0 2 3 3
2433.5 -7582.2 -194.7 304 0 12.4 13.6 5.0 2.5 2 0 2 5 5
2423.9 -7575.0 -194.2 309 0 12.2 12.8 5.0 2.5 2 0 2 0 0
2450.8 -7570.4 -189.6 203 0 8.5 10.0 2.5 2.5 2 1 1 1 1
2414.3 -7551.6 -188.4 130 0 12.2 10.5 10.0 2.5 2 0 4 5 5
2466.8 -7560.3 -186.6 212 0 10.5 11.3 7.5 2.5 2 1 3 5 5
2481.3 -7518.9 -178.0 200 0 13.3 11.8 7.5 2.5 4 0 3 4 4
2496.4 -7540.3 -179.4 106 0 13.5 12.2 5.0 2.5 2 0 2 2 2
2515.1 -7524.2 -177.6 294 0 10.8 9.4 5.0 2.5 2 0 2 3 3
2506.2 -7556.9 -183.8 301 0 11.4 9.5 5.0 2.5 2 0 2 4 4
2528.9 -7528.7 -179.1 268 0 12.3 15.4 7.5 2.5 2 1 3 0 0
2520.7 -7561.4 -185.3 285 0 14.8 15.5 5.0 2.5 2 1 2 4 4
2541.3 -7553.3 -180.5 92 0 11.5 11.4 5.0 2.5 2 0 2 4 4
2542.1 -7565.5 -185.0 279 0 12.1 10.9 5.0 2.5 2 0 2 0 0
2563.0 -7554.7 -180.5 88 0 14.5 9.1 5.0 2.5 2 0 2 1 1
2586.6 -7550.0 -180.7 352 0 10.7 9.5 5.0 2.5 2 0 2 3 3
2882.4 -7150.3 -159.3 56 0 14.2 17.5 7.5 2.5 2 1 3 5 5
2895.5 -7139.8 -160.6 60 1 13.1 13.9 10.0 2.5 2 1 4 5 5
2909.4 -7125.9 -162.1 55 0 18.1 13.7 7.5 2.5 2 0 3 5 5
2907.5 -7097.8 -162.9 219 0 10.4 21.4 7.5 2.5 2 1 3 5 5
2996.4 -7056.6 -171.9 45 0 13.5 28.2 7.5 2.5 4 1 3 0 0
2967.3 -7036.1 -168.8 250 0 12.0 10.0 5.0 2.5 2 0 2 5 5
2972.8 -7024.0 -169.4 70 1 19.9 11.1 10.0 2.5 2 0 4 5 5
2915.7 -7061.1 -162.6 254 0 10.1 9.1 7.5 2.5 2 0 3 4 4
2901.1 -7064.1 -160.9 253 0 10.4 12.7 7.5 0.0 0 1 3 4 4
2891.7 -7094.3 -159.6 69 0 12.6 12.8 5.0 2.5 2 0 2 2 2
2880.6 -7098.9 -158.2 66 0 14.0 10.5 7.5 2.5 2 0 3 4 4
2506.1 -7181.9 -133.4 349 0 9.3 9.0 7.5 2.5 2 0 3 0 0
2488.7 -7150.3 -130.0 341 0 13.2 11.2 10.0 2.5 2 0 4 2 2
2490.7 -7175.9 -132.9 271 0 8.9 13.5 2.5 2.5 2 1 1 4 4
2455.5 -7174.8 -131.2 289 0 13.7 10.9 5.0 2.5 2 0 2 0 0
2457.8 -7143.1 -126.7 102 0 8.5 8.7 7.5 2.5 2 1 3 3 3
2440.1 -7148.1 -126.6 97 0 9.5 10.0 7.5 2.5 2 1 3 3 3
2439.3 -7160.8 -129.7 290 0 10.3 9.5 5.0 2.5 2 0 2 4 4
2431.4 -7176.9 -130.1 289 0 13.3 13.2 7.5 2.5 2 0 3 3 3
2459.7 -7189.2 -131.7 278 0 11.4 8.5 2.5 2.5 2 0 1 4 4
2452.2 -7197.8 -131.9 290 0 15.9 15.5 5.0 2.5 2 0 2 5 5
2428.6 -7145.4 -127.2 102 0 9.1 10.8 7.5 2.5 2 1 3 2 2
2418.8 -7153.9 -128.1 284 0 9.6 11.8 7.5 2.5 2 1 3 3 3
2429.3 -7132.9 -127.4 95 0 9.4 7.3 7.5 2.5 2 0 3 2 2
2405.9 -7137.0 -129.1 126 0 12.3 14.8 7.5 2.5 2 1 3 2 2
2398.4 -7119.3 -130.6 52 0 14.8 12.5 7.5 2.5 2 0 3 2 2
2454.6 -7093.2 -126.6 80 0 11.9 20.1 12.5 2.5 2 0 5 1 1
2445.3 -7105.4 -126.8 278 0 18.0 11.8 10.0 2.5 4 0 4 0 0
2439.8 -7092.1 -127.6 73 0 12.7 11.7 7.5 2.5 2 0 3 5 5
2418.1 -7105.0 -129.0 65 0 10.4 11.7 2.5 2.5 2 1 1 4 4
2405.2 -7106.7 -130.1 63 0 9.0 15.3 7.5 2.5 2 1 3 5 5
2378.1 -7127.2 -132.0 337 0 13.5 12.2 2.5 2.5 2 0 1 2 2
2369.8 -7115.2 -132.6 353 0 14.9 9.4 7.5 2.5 2 0 3 5 5
2373.7 -7082.9 -132.0 169 0 12.5 13.9 7.5 2.5 2 0 3 4 4
2365.2 -7093.6 -133.0 352 0 9.9 8.1 2.5 2.5 2 0 1 2 2
2375.0 -7062.9 -132.4 253 0 12.9 13.2 10.0 2.5 4 0 4 0 0
2399.4 -7041.1 -130.8 250 0 11.8 16.3 7.5 0.0 0 1 3 5 5
2420.4 -6986.4 -126.6 310 0 24.7 15.2 10.0 2.5 2 0 4 3 3
2443.2 -7005.6 -126.2 259 0 10.8 10.8 7.5 2.5 2 0 3 4 4
2451.6 -7024.8 -127.5 357 0 17.8 14.0 7.5 2.5 2 0 3 1 1
2431.5 -7024.0 -128.3 259 0 11.2 12.7 5.0 2.5 2 0 2 4 4
2392.3 -7029.7 -131.4 49 0 12.2 13.3 10.0 2.5 2 1 4 0 0
2478.4 -7129.6 -126.5 337 0 12.3 11.3 7.5 2.5 2 0 3 5 5
2448.1 -6975.9 -123.3 357 0 15.7 11.6 12.5 0.0 0 0 5 2 2
2447.4 -6962.4 -122.1 358 0 12.4 13.3 10.0 2.5 2 0 4 5 5
2421.1 -6954.1 -123.0 356 0 10.5 11.3 5.0 2.5 2 1 2 4 4
2420.8 -6938.6 -122.2 328 0 9.7 17.5 7.5 2.5 2 1 3 0 0
2436.7 -6934.5 -119.1 78 0 10.7 7.1 2.5 2.5 2 0 1 2 2
2439.4 -6888.0 -116.0 353 0 17.1 14.7 10.0 2.5 2 0 4 3 3
2416.3 -6919.6 -120.5 355 0 12.2 13.6 7.5 2.5 2 0 3 0 0
2384.8 -6841.0 -114.2 176 0 11.3 10.9 7.5 2.5 2 0 3 1 1
2384.6 -6852.7 -115.4 186 0 12.7 11.4 7.5 2.5 2 0 3 4 4
2408.8 -6873.1 -116.2 350 0 10.5 9.9 5.0 2.5 2 0 2 0 0
2412.4 -6894.8 -118.5 350 0 11.0 13.8 5.0 2.5 2 1 2 2 2
1762.5 -6333.0 -50.2 35 0 19.0 10.1 10.0 2.5 2 0 4 2 2
1773.4 -6315.2 -51.6 43 0 14.6 10.5 5.0 2.5 2 0 2 1 1
1712.0 -6325.4 -43.0 96 0 12.0 11.6 10.0 2.5 2 0 4 4 4
1711.7 -6304.0 -44.0 197 0 18.1 15.6 7.5 2.5 2 0 3 2 2
1717.2 -6285.9 -44.6 197 0 20.4 16.9 12.5 2.5 4 0 5 2 2
1779.5 -6339.8 -54.6 201 0 14.5 14.3 5.0 2.5 2 0 2 2 2
1846.5 -6335.1 -63.2 41 0 21.4 14.5 7.5 2.5 2 0 3 0 0
1933.6 -6355.8 -68.6 81 0 20.7 12.4 7.5 2.5 2 0 3 5 5
1936.9 -6376.6 -70.5 184 0 13.3 18.6 5.0 0.0 0 0 2 0 0
1936.8 -6389.1 -71.1 177 0 13.2 18.5 5.0 2.5 2 0 2 4 4
1938.3 -6401.8 -71.7 170 0 12.4 16.1 7.5 2.5 2 0 3 1 1
1940.4 -6414.8 -72.7 171 0 14.2 15.4 7.5 2.5 2 0 3 4 4
1954.8 -6401.2 -72.4 178 0 16.7 14.2 7.5 2.5 2 0 3 5 5
1950.3 -6435.1 -73.6 92 0 14.4 16.5 5.0 2.5 2 0 2 1 1
1946.2 -6453.7 -75.2 177 0 13.8 16.6 7.5 2.5 2 1 3 5 5
1952.7 -6471.9 -76.3 177 0 10.6 13.7 7.5 2.5 2 1 3 3 3
1954.5 -6503.9 -78.3 172 0 11.4 14.8 7.5 2.5 2 0 3 2 2
1985.9 -6515.2 -79.6 0 0 11.6 15.5 2.5 2.5 2 1 1 1 1
2001.5 -6511.9 -80.8 187 0 11.3 15.9 5.0 2.5 2 0 2 2 2
1992.8 -6470.0 -77.6 277 0 13.6 12.5 10.0 2.5 4 0 4 5 5
2002.1 -6500.3 -80.2 180 0 12.3 15.9 10.0 2.5 2 0 4 1 1
1993.1 -6399.8 -73.5 357 0 14.1 14.4 5.0 2.5 2 1 2 3 3
1995.3 -6372.4 -72.1 356 0 12.3 13.0 5.0 2.5 2 1 2 1 1
2014.4 -6365.6 -73.3 270 0 10.1 15.2 12.5 2.5 2 1 5 4 4
2003.7 -6417.6 -75.5 150 0 19.6 16.6 10.0 2.5 2 0 4 0 0
2017.3 -6466.4 -77.9 63 0 16.8 14.0 5.0 2.5 2 0 2 2 2
2033.5 -6467.4 -79.5 229 0 7.3 13.6 5.0 2.5 2 0 2 0 0
2042.5 -6462.6 -79.5 249 0 13.4 12.9 10.0 2.5 2 0 4 1 1
2068.8 -6468.5 -80.6 340 0 15.6 13.1 5.0 2.5 2 0 2 4 4
2050.7 -6514.8 -82.2 86 0 9.7 11.9 7.5 2.5 2 1 3 1 1
2027.0 -6518.6 -81.3 77 0 10.9 16.2 12.5 0.0 0 1 5 3 3
2233.2 -6437.1 -85.4 347 0 14.7 20.6 10.0 0.0 0 1 4 3 3
2256.5 -6426.4 -85.3 255 0 13.2 13.4 10.0 2.5 2 1 4 3 3
2170.1 -6487.8 -85.6 75 0 16.4 22.4 7.5 2.5 2 1 3 1 1
2155.1 -6443.2 -83.2 222 0 10.6 13.1 12.5 2.5 2 1 5 5 5
2125.7 -6455.0 -82.6 251 0 11.2 12.3 7.5 2.5 2 1 3 3 3
2145.8 -6426.0 -81.9 159 0 13.0 16.0 2.5 0.0 0 1 1 5 5
2121.5 -6394.7 -79.0 346 0 14.6 22.9 5.0 2.5 2 1 2 5 5
1951.1 -6202.0 -54.6 2 0 11.9 12.3 2.5 0.0 0 1 1 1 1
1985.0 -6202.8 -58.3 289 0 9.5 8.7 2.5 2.5 2 0 1 1 1
2011.1 -6207.0 -62.2 284 0 13.5 14.7 7.5 2.5 2 0 3 4 4
2023.8 -6231.7 -65.1 2 0 10.4 11.0 5.0 0.0 0 1 2 5 5
2006.3 -6259.8 -67.5 94 0 12.8 12.8 5.0 2.5 4 0 2 2 2
2037.7 -6240.4 -68.6 180 0 9.7 12.5 5.0 2.5 2 1 2 0 0
2021.2 -6287.1 -70.0 90 0 15.0 12.2 5.0 2.5 2 0 2 5 5
1974.6 -6277.6 -67.8 270 0 17.2 10.3 3.5 2.5 2 0 1 2 2
1985.8 -6266.8 -66.6 92 0 11.3 11.2 5.0 2.5 2 0 2 0 0
1962.9 -6249.9 -63.7 177 0 11.5 15.2 2.5 2.5 4 1 1 0 0
1972.1 -6299.7 -68.7 266 0 10.9 16.0 12.5 2.5 2 1 5 1 1
1985.2 -6300.7 -69.2 261 0 8.0 12.8 5.0 0.0 0 1 2 3 3
2029.9 -6308.0 -71.3 357 0 23.4 13.1 5.0 2.5 2 0 2 3 3
1998.9 -6296.1 -69.9 269 0 13.2 16.9 10.0 2.5 2 1 4 3 3
2017.2 -6315.8 -70.8 358 0 9.2 10.6 2.5 2.5 2 0 1 2 2
2051.0 -6350.9 -73.9 88 0 12.5 21.7 5.0 2.5 4 1 2 3 3
2033.1 -6344.7 -72.8 359 0 14.1 14.2 10.0 2.5 2 1 4 5 5
2514.8 -7153.5 -130.7 68 0 14.9 10.0 7.5 2.5 2 0 3 4 4
2519.1 -7161.7 -133.5 251 0 13.6 10.7 12.5 2.5 2 0 5 1 1
2501.6 -7141.1 -129.1 153 0 12.9 14.0 2.5 2.5 2 1 1 3 3
2498.3 -7122.6 -126.1 163 0 10.8 12.3 10.0 0.0 0 1 4 5 5
2489.9 -7114.7 -124.5 162 0 10.5 17.0 7.0 2.5 2 1 2 5 5
2481.2 -7096.2 -123.9 161 0 17.6 17.2 10.0 2.5 2 0 4 3 3
2478.5 -7050.8 -124.8 263 0 13.2 12.4 10.0 2.5 2 0 4 3 3
2475.8 -7075.8 -124.6 168 0 23.6 13.2 5.0 2.5 2 0 2 2 2
2456.4 -7066.6 -126.9 357 0 12.2 12.7 7.5 2.5 4 0 3 1 1
2480.2 -7045.0 -124.9 74 0 15.8 16.5 7.5 2.5 2 0 3 4 4
2505.5 -7026.4 -122.5 170 0 12.6 13.3 10.0 0.0 0 1 4 3 3
2533.8 -7046.4 -120.7 263 0 11.9 13.8 10.0 0.0 0 1 4 0 0
2527.9 -7037.8 -121.5 87 0 18.5 14.3 10.0 2.5 2 0 4 2 2
2546.6 -7035.7 -120.1 81 0 19.4 13.8 5.0 2.5 2 0 2 3 3
2558.4 -7039.9 -119.0 275 0 14.7 11.6 10.0 2.5 4 0 4 3 3
2570.8 -7038.0 -118.2 245 0 11.7 12.8 2.5 2.5 2 1 1 5 5
2594.9 -7021.3 -117.5 84 0 12.7 13.4 10.0 2.5 2 1 4 2 2
2610.7 -7033.2 -119.2 355 0 13.0 11.3 10.0 2.5 2 0 4 4 4
2588.8 -7030.0 -117.9 253 0 13.3 12.4 7.5 2.5 2 0 3 5 5
2541.3 -7069.3 -120.6 5 0 11.1 13.9 2.5 2.5 2 1 1 0 0
2553.2 -7080.3 -123.2 177 0 15.5 13.7 5.0 2.5 2 0 2 0 0
2541.3 -7085.7 -122.7 0 0 11.4 11.4 2.5 2.5 2 0 1 4 4
2553.8 -7098.2 -125.2 163 0 9.8 11.5 2.5 0.0 0 0 1 5 5
2556.1 -7108.6 -126.7 173 0 11.3 11.0 5.0 2.5 2 0 2 2 2
2532.5 -7112.2 -126.3 350 0 13.4 12.5 10.0 2.5 2 0 4 3 3
2551.9 -7128.7 -129.7 343 0 10.5 13.6 7.5 0.0 0 1 3 4 4
2531.5 -7145.3 -130.3 65 0 15.3 9.8 5.0 2.5 2 0 2 5 5
2597.3 -7050.3 -120.1 353 0 13.1 14.8 2.5 0.0 0 1 1 2 2
2610.1 -7062.7 -122.8 354 0 15.0 11.4 7.5 2.5 2 0 3 2 2
2622.8 -7053.8 -122.8 183 0 11.0 10.6 7.5 2.5 2 0 3 2 2
2587.4 -7076.6 -123.5 337 0 9.9 8.8 2.5 2.5 2 0 1 2 2
2614.2 -7085.7 -125.3 80 0 16.2 10.5 10.0 2.5 2 0 4 0 0
2640.4 -7079.3 -125.7 53 0 8.9 15.8 7.5 2.5 4 0 3 2 2
2591.1 -7122.4 -131.9 242 0 24.4 13.7 12.5 0.0 0 0 5 5 5
2588.7 -7112.7 -128.1 69 0 13.8 14.2 12.5 2.5 2 1 5 4 4
2576.7 -7130.3 -132.6 236 0 6.7 16.3 2.5 0.0 0 0 1 3 3
2568.4 -7134.7 -132.8 246 0 10.8 15.6 7.5 2.5 2 0 3 3 3
2549.9 -7148.5 -133.5 247 0 11.7 12.8 7.5 2.5 2 0 3 5 5
2539.9 -7152.4 -133.6 250 0 9.2 13.0 7.5 0.0 0 0 3 5 5
2518.9 -7178.0 -134.4 147 0 8.4 14.3 7.5 2.5 2 0 3 1 1
2524.2 -7187.7 -135.0 154 0 12.7 14.6 10.0 2.5 2 0 4 5 5
2537.3 -7220.8 -136.9 161 0 17.0 17.2 7.5 0.0 0 0 3 5 5
2529.7 -7198.4 -135.5 151 0 9.9 14.2 7.5 2.5 2 0 3 4 4
2528.9 -7259.6 -137.1 59 0 14.5 15.2 3.5 2.5 2 1 1 1 1
2578.9 -7253.6 -140.4 175 0 16.3 19.6 10.0 2.5 2 0 4 4 4
2605.9 -7262.4 -141.7 90 0 14.5 15.4 10.0 2.5 2 0 4 2 2
2630.9 -7266.6 -144.6 86 0 13.5 11.4 2.5 2.5 2 0 1 5 5
2637.7 -7250.9 -143.2 87 0 13.3 11.5 2.5 0.0 0 0 1 5 5
2655.7 -7269.5 -147.4 90 0 14.3 13.8 12.5 2.5 2 0 5 1 1
2662.0 -7251.8 -145.6 350 0 8.8 13.7 7.5 2.5 2 0 3 2 2
2672.4 -7237.3 -144.9 349 0 12.1 12.9 10.0 2.5 2 0 4 4 4
2693.9 -7270.1 -150.8 74 0 13.7 13.5 7.5 2.5 4 0 3 0 0
2696.1 -7239.5 -147.8 155 0 9.9 13.5 7.5 2.5 2 1 3 5 5
2668.8 -7197.1 -142.1 251 0 13.8 13.5 10.0 2.5 4 0 4 0 0
2690.6 -7168.1 -141.5 342 0 8.2 13.3 2.5 0.0 0 1 1 0 0
2652.8 -7188.2 -140.4 77 0 9.6 11.7 2.5 2.5 2 1 1 0 0
2638.8 -7191.3 -139.9 71 0 11.7 11.5 5.0 0.0 0 0 2 3 3
2653.4 -7203.1 -141.6 247 0 16.8 12.4 2.5 2.5 2 0 1 0 0
2627.9 -7197.2 -139.6 80 0 11.1 9.5 2.5 2.5 2 0 1 4 4
2599.6 -7219.4 -139.4 265 0 11.5 8.4 2.5 2.5 2 0 1 0 0
2603.0 -7210.9 -138.9 77 0 10.6 10.8 2.5 0.0 0 1 1 5 5
2622.4 -7217.2 -140.4 255 0 11.9 7.0 2.5 2.5 2 0 1 3 3
2638.4 -7211.3 -140.8 259 0 8.8 7.4 2.5 2.5 2 0 1 2 2
2636.6 -7222.1 -141.4 261 0 13.5 11.5 10.0 2.5 2 0 4 1 1
2585.6 -7191.1 -138.0 182 0 10.6 13.0 7.5 2.5 4 1 3 5 5
2587.9 -7163.4 -135.8 56 0 17.7 11.9 7.5 2.5 2 0 3 2 2
2573.5 -7185.8 -136.6 60 0 12.5 11.8 10.0 2.5 2 0 4 2 2
2564.7 -7187.7 -136.4 335 0 9.5 9.6 5.0 2.5 2 1 2 1 1
2546.6 -7173.5 -135.4 256 0 8.3 10.1 7.5 2.5 2 1 3 0 0
2618.9 -7158.9 -136.3 70 0 20.1 7.7 2.5 0.0 0 0 1 0 0
2612.0 -7169.1 -138.4 249 0 14.9 10.8 5.0 2.5 2 0 2 4 4
2071.8 -6231.4 -69.1 3 0 9.6 11.6 2.5 0.0 0 1 1 0 0
2240.4 -7302.2 -173.9 335 0 14.6 20.5 10.0 2.5 2 0 4 0 0
2237.6 -7324.2 -174.2 69 0 11.0 12.0 5.0 2.5 2 0 2 4 4
2214.9 -7294.7 -172.5 149 0 12.2 15.5 5.0 2.5 2 1 2 5 5
2174.8 -7252.3 -171.8 136 0 11.4 13.4 5.0 2.5 2 1 2 1 1
2164.3 -7240.5 -171.6 140 0 10.4 13.1 2.5 2.5 2 0 1 4 4
2148.0 -7244.7 -177.3 315 0 11.6 16.5 10.0 0.0 0 0 4 5 5
2157.9 -7231.0 -171.4 151 0 13.5 11.9 2.5 2.5 2 0 1 0 0
2147.6 -7212.1 -171.2 222 0 13.5 9.2 7.5 2.5 2 0 3 5 5
2120.5 -7226.6 -178.3 300 0 12.8 14.1 10.0 2.5 2 1 4 0 0
2140.9 -7174.3 -167.4 337 0 14.2 8.9 2.5 2.5 2 0 1 0 0
2151.7 -7168.4 -163.2 152 0 14.6 9.4 5.0 2.5 2 0 2 4 4
2170.6 -7147.1 -161.2 337 0 9.1 14.8 7.5 0.0 0 1 3 1 1
2121.6 -7037.3 -148.5 119 0 12.9 11.8 10.0 2.5 4 0 4 3 3
2132.5 -7055.2 -152.0 26 0 6.9 6.8 2.5 2.5 2 0 1 5 5
2108.2 -7038.8 -151.0 300 0 14.0 9.6 5.0 2.5 2 0 2 5 5
2107.3 -7030.8 -147.8 122 0 13.7 11.6 5.0 2.5 2 0 2 4 4
2102.9 -7018.4 -145.3 134 0 9.3 7.4 2.5 2.5 2 0 1 1 1
2088.1 -7019.7 -145.9 119 0 10.7 12.2 10.0 2.5 2 1 4 0 0
2081.7 -7026.2 -149.1 294 0 9.0 9.2 2.5 0.0 0 1 1 5 5
2161.7 -6833.4 -119.6 25 0 11.1 10.8 10.0 2.5 4 0 4 1 1
2136.5 -6841.8 -122.2 296 0 10.1 12.4 10.0 2.5 2 1 4 2 2
2135.7 -6826.8 -118.6 113 0 9.8 12.5 2.5 2.5 2 1 1 2 2
2156.7 -6816.3 -117.4 26 0 10.9 10.0 7.5 2.5 2 0 3 3 3
2119.9 -6820.9 -117.9 89 0 12.4 11.8 10.0 0.0 0 0 4 5 5
2101.4 -6831.5 -120.6 249 0 11.5 7.7 2.5 2.5 2 0 1 0 0
2097.7 -6822.0 -118.3 89 0 9.2 10.5 5.0 2.5 2 1 2 5 5
2063.2 -6813.5 -119.1 264 0 10.5 11.8 7.5 2.5 2 1 3 3 3
2078.1 -6823.0 -118.6 87 0 6.3 8.7 2.5 2.5 2 1 1 2 2
2087.2 -6823.2 -118.6 89 0 8.0 6.4 2.5 2.5 2 0 1 3 3
2089.8 -6845.6 -122.1 2 0 10.2 8.6 5.0 2.5 2 0 2 5 5
2072.3 -6842.9 -122.6 275 0 12.5 10.4 2.5 2.5 2 0 1 5 5
2098.4 -6846.7 -122.1 159 0 10.9 11.8 10.0 2.5 2 1 4 2 2
2089.0 -6854.8 -123.1 357 0 5.7 6.4 2.5 2.5 2 1 1 2 2
2090.0 -6863.7 -124.6 354 0 9.1 12.5 5.0 2.5 2 1 2 1 1
2135.7 -6913.7 -130.2 0 0 6.1 7.9 2.5 2.5 2 1 1 0 0
2138.9 -6893.0 -127.5 10 0 8.4 12.0 2.5 2.5 2 1 1 2 2
2112.6 -6900.3 -129.8 295 0 11.4 11.5 10.0 2.5 4 1 4 0 0
2103.9 -6894.1 -129.2 316 0 11.0 13.9 7.5 2.5 2 1 3 3 3
2105.6 -6881.0 -126.2 137 0 9.4 12.7 7.5 2.5 2 1 3 3 3
2095.7 -6884.9 -128.1 320 0 14.3 12.9 10.0 2.5 2 0 4 2 2
2114.0 -6890.8 -127.2 129 0 6.9 5.4 2.5 2.5 2 0 1 0 0
2091.6 -6872.3 -126.0 344 0 8.3 16.5 5.0 0.0 0 1 2 2 2
2099.5 -6860.8 -123.8 156 0 10.4 13.1 7.5 2.5 2 1 3 2 2
2051.7 -6860.6 -124.5 357 0 12.7 13.7 7.5 2.5 2 1 3 1 1
2055.3 -6888.1 -127.5 356 0 9.1 10.7 7.5 2.5 4 1 3 3 3
2069.5 -6895.3 -128.3 142 0 13.0 10.3 10.0 2.5 2 0 4 0 0
2084.9 -6933.7 -132.7 48 0 11.5 13.5 5.0 2.5 2 1 2 3 3
2088.1 -6915.7 -130.7 129 0 13.2 10.4 5.0 2.5 2 0 2 1 1
2078.1 -6905.9 -129.6 139 0 15.2 10.4 7.5 2.5 2 0 3 4 4
2060.7 -6897.3 -129.1 338 0 12.6 11.5 7.5 2.5 2 0 3 3 3
2074.3 -6916.4 -131.5 314 0 6.5 11.6 5.0 2.5 2 1 2 1 1
2046.9 -6917.5 -130.9 153 0 10.2 11.1 2.5 2.5 2 1 1 5 5
2063.1 -6878.2 -126.4 170 0 12.1 10.0 2.5 2.5 2 0 1 3 3
2100.4 -6936.4 -134.3 299 0 13.6 12.3 10.0 2.5 2 0 4 0 0
2126.4 -6932.2 -132.1 89 0 16.8 13.3 10.0 2.5 2 0 4 1 1
2121.4 -6940.2 -134.4 276 0 12.6 10.1 10.0 2.5 4 0 4 4 4
2136.6 -6956.3 -135.5 4 0 8.5 10.3 2.5 2.5 2 1 1 3 3
2150.7 -6967.3 -137.7 271 0 8.9 11.6 7.5 2.5 2 1 3 1 1
2170.6 -6958.7 -135.3 88 0 12.3 7.0 2.5 2.5 2 0 1 4 4
2182.0 -6937.5 -134.0 258 0 12.5 11.9 7.5 2.5 2 0 3 5 5
2185.1 -6970.0 -137.1 180 0 9.6 9.9 5.0 2.5 2 1 2 0 0
2181.6 -6957.5 -135.4 165 0 8.9 10.3 7.5 2.5 2 1 3 3 3
2196.7 -6989.5 -139.0 89 0 13.8 11.3 2.5 2.5 2 0 1 5 5
2151.8 -6993.5 -139.5 90 0 10.7 11.4 5.0 2.5 2 1 2 2 2
2188.5 -7000.2 -141.9 267 0 14.1 13.1 7.5 2.5 2 0 3 0 0
2150.2 -7003.0 -142.5 269 0 12.4 10.3 5.0 2.5 2 0 2 0 0
2140.6 -7019.4 -145.2 179 0 12.2 14.2 5.0 2.5 2 1 2 0 0
2268.2 -7330.0 -170.1 146 0 9.4 14.1 2.5 2.5 2 1 1 0 0
2352.8 -7395.6 -169.1 29 0 13.7 12.3 7.5 2.5 2 0 3 4 4
2347.3 -7414.5 -173.8 299 0 12.5 13.9 2.5 2.5 2 1 1 5 5
2332.6 -7409.9 -174.2 307 0 12.0 9.4 2.5 0.0 0 0 1 2 2
2325.6 -7384.8 -169.8 135 0 14.5 9.4 5.0 2.5 2 0 2 3 3
2331.6 -7377.5 -168.1 134 0 16.4 10.2 7.5 0.0 0 0 3 0 0
2318.6 -7352.9 -167.5 226 0 13.8 14.3 7.5 2.5 2 1 3 3 3
2309.0 -7348.3 -168.1 50 0 10.3 8.9 2.5 2.5 2 0 1 1 1
2313.0 -7339.1 -165.4 130 0 11.7 8.9 2.5 2.5 2 0 1 5 5
2291.0 -7201.9 -152.2 345 0 13.3 18.6 10.0 2.5 2 1 4 5 5
2338.0 -7177.0 -141.3 339 0 13.7 12.1 7.5 2.5 2 0 3 0 0
2307.5 -7209.5 -148.2 154 0 14.1 11.8 10.0 2.5 2 0 4 0 0
2288.7 -7217.8 -153.7 335 0 10.1 8.6 2.5 2.5 4 0 1 5 5
2305.8 -7244.7 -155.9 336 0 9.8 11.6 5.0 2.5 2 1 2 3 3
2341.3 -7248.2 -151.4 323 0 14.4 10.3 10.0 2.5 2 0 4 2 2
2321.0 -7268.5 -158.2 318 0 12.4 17.5 7.5 0.0 0 1 3 1 1
2333.1 -7280.0 -157.5 320 0 15.3 14.4 7.5 2.5 2 0 3 5 5
2341.8 -7277.4 -153.4 143 0 12.1 15.6 10.0 2.5 2 1 4 2 2
2342.3 -7291.9 -157.6 320 0 7.5 12.6 5.0 2.5 2 1 2 3 3
2360.0 -7297.3 -153.6 133 0 13.7 12.5 5.0 2.5 2 0 2 4 4
2388.7 -7290.6 -151.1 311 0 13.7 11.0 2.5 2.5 2 0 1 0 0
2382.6 -7317.3 -153.4 140 0 10.4 15.2 7.5 2.5 4 1 3 4 4
2392.6 -7333.4 -154.2 130 0 7.1 11.2 2.5 2.5 2 1 1 5 5
2381.7 -7333.7 -158.3 323 0 9.6 14.0 5.0 2.5 2 1 2 3 3
2372.1 -7324.0 -158.3 323 0 12.0 14.1 7.5 2.5 2 1 3 3 3
2356.4 -7310.2 -157.3 320 0 11.2 7.6 2.5 2.5 2 0 1 3 3
2378.8 -7356.6 -159.1 136 0 11.2 13.8 5.0 2.5 4 1 2 3 3
2403.1 -7350.9 -157.5 301 0 12.3 11.4 5.0 2.5 2 0 2 5 5
2406.1 -7340.1 -153.7 118 0 14.8 14.9 7.5 2.5 2 1 3 0 0
2424.9 -7366.8 -156.1 25 0 11.6 10.3 2.5 0.0 0 0 1 4 4
2425.4 -7333.9 -150.5 111 0 15.1 10.9 5.0 2.5 2 0 2 1 1
2441.7 -7341.0 -149.2 110 0 11.7 16.3 7.5 2.5 2 1 3 0 0
2456.2 -7352.3 -148.9 101 0 11.7 12.7 7.5 2.5 2 1 3 3 3
2450.9 -7363.7 -153.3 289 0 11.0 12.6 5.0 2.5 2 1 2 5 5
2473.1 -7343.0 -146.0 181 0 10.1 9.2 5.0 2.5 2 0 2 3 3
2479.5 -7323.2 -143.5 267 0 7.4 12.5 5.0 2.5 2 1 2 0 0
2465.2 -7326.8 -145.6 5 0 8.4 10.2 2.5 2.5 2 1 1 4 4
2471.3 -7362.7 -152.0 281 0 10.5 15.7 5.0 2.5 4 1 2 4 4
2490.8 -7358.6 -149.0 275 0 11.2 11.5 7.5 2.5 2 1 3 2 2
2490.0 -7348.8 -145.2 94 0 10.7 13.5 10.0 2.5 2 1 4 2 2
2507.0 -7357.7 -148.2 268 0 12.3 13.9 5.0 2.5 2 1 2 5 5
2503.9 -7324.7 -141.8 264 0 12.9 11.1 5.0 2.5 4 0 2 2 2
2521.2 -7355.9 -147.7 264 0 11.7 14.5 7.5 2.5 2 1 3 3 3
2538.3 -7340.1 -145.0 64 0 15.9 9.9 7.5 2.5 2 0 3 0 0
2534.3 -7352.1 -148.4 252 0 10.2 14.3 7.5 0.0 0 1 3 5 5
2547.5 -7350.9 -148.9 241 0 6.8 10.6 7.5 2.5 2 1 3 5 5
2545.8 -7308.8 -143.6 231 0 12.4 13.1 7.5 2.5 4 1 3 0 0
2560.1 -7351.3 -149.6 243 0 10.6 7.5 2.5 0.0 0 0 1 2 2
2562.5 -7333.6 -147.9 234 0 14.3 10.1 10.0 2.5 2 0 4 4 4
2540.7 -7297.8 -139.7 65 0 10.0 12.5 7.5 2.5 2 1 3 2 2
2530.4 -7270.3 -138.4 252 0 21.7 14.3 10.0 2.5 2 0 4 0 0
2510.9 -7268.4 -136.6 71 0 12.7 13.0 10.0 2.5 2 1 4 3 3
2508.4 -7280.9 -137.4 247 0 9.9 9.7 2.5 2.5 2 0 1 2 2
2495.3 -7275.7 -136.2 65 0 13.5 14.8 12.5 2.5 2 1 5 5 5
2493.0 -7288.8 -137.1 240 0 13.4 12.1 7.5 2.5 2 0 3 1 1
2475.9 -7302.7 -139.6 167 0 11.8 10.4 5.0 2.5 2 0 2 1 1
2458.1 -7288.8 -140.5 84 0 15.0 10.9 10.0 2.5 4 0 4 4 4
2481.7 -7280.6 -135.9 63 0 10.2 10.6 2.5 2.5 4 1 1 0 0
2465.0 -7305.2 -142.8 7 0 13.1 9.4 2.5 2.5 2 0 1 3 3
2436.3 -7296.5 -146.6 284 0 10.9 15.2 7.5 2.5 2 0 3 5 5
2425.5 -7293.9 -147.2 283 0 11.3 14.6 7.5 2.5 2 0 3 1 1
2417.0 -7282.0 -144.1 119 0 9.3 8.8 2.5 2.5 2 0 1 2 2
2406.4 -7286.4 -148.3 295 0 10.5 10.5 5.0 2.5 2 0 2 5 5
2404.6 -7270.4 -143.9 129 0 13.7 10.3 12.5 2.5 2 0 5 3 3
2398.0 -7260.8 -143.4 121 0 8.6 9.6 2.5 2.5 2 1 1 0 0
2359.3 -7242.5 -145.9 143 0 9.6 12.5 7.5 2.5 2 1 3 5 5
2339.1 -7230.4 -147.6 58 0 10.1 14.1 2.5 0.0 0 1 1 5 5
2305.5 -7312.5 -166.1 315 0 9.3 18.0 7.5 2.5 2 1 3 2 2
2314.6 -7320.3 -164.4 317 0 10.9 9.7 5.0 2.5 2 0 2 3 3
2255.4 -7235.1 -161.2 354 0 13.3 10.8 2.5 0.0 0 0 1 0 0
2255.3 -7217.8 -159.2 334 0 8.7 14.0 5.0 2.5 2 1 2 5 5
2256.5 -7207.2 -156.9 345 0 9.5 12.2 7.5 2.5 2 1 3 3 3
2254.6 -7196.1 -155.6 345 0 8.8 13.3 2.5 2.5 2 1 1 5 5
2217.5 -7198.1 -158.7 160 0 8.9 14.0 7.5 2.5 2 1 3 1 1
2252.8 -7255.5 -164.1 339 0 11.0 9.9 5.0 2.5 2 0 2 1 1
2279.5 -7289.9 -165.8 292 0 10.8 13.6 7.5 2.5 2 1 3 0 0
2199.2 -7285.6 -173.5 157 0 12.3 12.8 5.0 2.5 2 1 2 1 1
2195.9 -7186.4 -162.0 326 0 10.6 11.6 10.0 0.0 0 1 4 0 0
2204.1 -7197.9 -162.9 329 0 10.9 12.7 2.5 2.5 2 1 1 5 5
2226.0 -7246.2 -166.4 334 0 11.9 10.2 2.5 2.5 2 0 1 4 4
2211.6 -7208.2 -162.7 330 0 10.4 8.6 5.0 2.5 2 0 2 1 1
2223.8 -7184.8 -155.6 148 0 9.0 12.6 5.0 0.0 0 1 2 3 3
2283.9 -7275.5 -160.9 152 0 10.5 11.5 7.5 2.5 2 1 3 3 3
2247.9 -7155.0 -150.6 330 0 10.1 11.6 2.5 2.5 2 1 1 0 0
2157.9 -7378.0 -193.7 326 0 18.2 13.3 7.5 2.5 2 0 3 4 4
2137.2 -7384.4 -195.8 236 0 10.6 10.0 7.5 2.5 2 0 3 5 5
2126.9 -7391.7 -196.5 237 0 10.3 10.6 5.0 2.5 2 1 2 2 2
2114.1 -7393.8 -196.2 238 0 10.9 12.0 10.0 2.5 2 1 4 3 3
2090.8 -7401.9 -195.5 241 0 11.7 12.9 2.5 2.5 2 0 1 4 4
2102.1 -7398.0 -195.9 245 0 11.9 11.8 7.5 2.5 2 0 3 3 3
2180.2 -7510.8 -205.3 101 0 10.9 12.8 2.5 2.5 2 1 1 0 0
2201.7 -7511.3 -205.3 11 0 8.9 14.5 5.0 2.5 2 1 2 0 0
2299.1 -7459.2 -187.5 315 0 11.3 22.2 10.0 2.5 2 1 4 2 2
2322.3 -7401.2 -174.6 307 0 11.2 10.7 5.0 2.5 2 0 2 0 0
2365.8 -7424.9 -172.4 296 0 11.2 11.6 2.5 2.5 2 1 1 2 2
2377.3 -7430.9 -171.8 292 0 10.4 12.2 7.5 2.5 2 1 3 5 5
2323.8 -7470.6 -181.9 144 0 16.1 9.4 5.0 2.5 2 0 2 0 0
2476.6 -7510.2 -176.5 24 0 12.0 9.2 2.5 2.5 2 0 1 3 3
2463.3 -7496.5 -176.3 296 0 9.7 11.6 5.0 2.5 2 1 2 0 0
2483.6 -7494.1 -172.1 106 0 16.8 15.5 12.5 2.5 2 0 5 1 1
2497.1 -7503.2 -172.5 109 0 11.0 22.2 7.5 2.5 2 1 3 5 5
2514.9 -7500.5 -171.5 108 0 9.7 14.4 2.5 2.5 2 1 1 5 5
2341.1 -7529.2 -192.7 331 0 12.8 12.0 5.0 2.5 2 0 2 4 4
2240.6 -7395.8 -183.8 228 0 12.6 11.6 7.5 2.5 2 0 3 3 3
2361.1 -7373.7 -164.7 42 0 9.3 11.8 2.5 2.5 4 1 1 5 5
2367.1 -7365.7 -162.6 41 0 7.3 11.9 5.0 0.0 0 1 2 4 4
2385.8 -7425.0 -167.6 122 0 11.6 9.9 7.5 2.5 2 0 3 1 1
2448.1 -7403.3 -160.4 285 0 14.4 10.3 5.0 2.5 2 0 2 5 5
2518.8 -7419.8 -158.9 276 0 18.1 12.6 5.0 2.5 2 0 2 4 4
2598.5 -7807.2 -216.4 213 0 6.8 21.6 7.5 2.5 2 1 3 1 1
2587.7 -7757.1 -213.6 127 0 10.4 16.9 5.0 2.5 2 1 2 0 0
2774.3 -7812.3 -218.4 227 0 13.2 10.2 10.0 0.0 0 0 4 0 0
2339.8 -7327.5 -160.3 138 0 11.4 11.5 7.5 2.5 2 1 3 5 5
2427.5 -7391.8 -159.7 285 0 11.7 8.8 5.0 2.5 2 0 2 1 1
2410.2 -7386.7 -161.0 285 0 11.1 8.8 5.0 2.5 2 0 2 3 3
2431.3 -7443.0 -167.1 99 0 11.0 11.3 2.5 2.5 2 1 1 5 5
2531.4 -7461.5 -166.3 273 0 8.1 13.0 7.5 2.5 2 1 3 0 0
2591.1 -7467.8 -167.1 359 0 9.3 13.0 5.0 2.5 2 1 2 3 3
2590.7 -7480.5 -168.7 2 0 9.9 12.9 5.0 2.5 2 1 2 4 4
2583.1 -7448.1 -165.2 263 0 11.0 12.2 2.5 0.0 0 1 1 0 0
2564.5 -7455.5 -164.0 174 0 11.1 11.5 7.5 2.5 2 1 3 1 1
2540.2 -7433.8 -158.6 98 0 10.6 12.6 2.5 2.5 2 1 1 5 5
2568.2 -7412.0 -157.4 90 0 9.2 13.3 7.5 2.5 2 1 3 5 5
2555.3 -7399.5 -154.7 90 0 12.7 9.9 7.5 2.5 2 0 3 1 1
2360.0 -6976.2 -129.6 225 0 12.8 11.5 10.0 2.5 2 0 4 0 0
2374.7 -6873.7 -119.0 11 0 12.8 12.9 5.0 2.5 2 1 2 1 1
2367.0 -6855.5 -116.8 97 0 10.6 11.4 7.5 2.5 4 1 3 5 5
2375.7 -6838.7 -115.4 3 0 10.7 9.9 5.0 2.5 2 0 2 0 0
2373.9 -6826.3 -114.3 19 0 10.3 14.0 7.5 0.0 0 1 3 2 2
2447.8 -6832.9 -108.7 175 0 12.0 13.1 12.5 2.5 2 1 5 0 0
2463.5 -6909.4 -116.0 264 0 12.7 16.2 5.0 2.5 2 1 2 3 3
2489.5 -6909.0 -114.1 339 0 12.7 14.6 7.5 2.5 2 1 3 4 4
2527.2 -6884.7 -108.3 16 0 13.3 11.1 2.5 2.5 2 0 1 1 1
2496.5 -6863.2 -108.8 1 0 11.8 11.7 7.5 2.5 2 0 3 4 4
2395.6 -6726.0 -102.7 12 0 11.9 12.7 12.5 2.5 4 1 5 0 0
2387.5 -6754.8 -106.7 15 0 15.7 10.1 7.5 2.5 2 0 3 0 0
2392.0 -6743.5 -104.8 17 0 9.2 11.4 2.5 2.5 2 1 1 0 0
2433.0 -6723.9 -99.8 74 0 16.5 20.0 15.0 0.0 0 1 6 3 3
2417.0 -6697.9 -98.4 164 0 18.8 15.2 10.0 2.5 2 0 4 4 4
2425.1 -6660.6 -94.7 320 0 7.9 16.7 7.5 2.5 2 1 3 4 4
2375.1 -6637.1 -91.3 61 0 12.3 13.2 7.5 2.5 2 1 3 1 1
2372.7 -6607.8 -88.8 259 0 10.2 12.7 10.0 2.5 2 1 4 0 0
2379.6 -6645.5 -93.7 249 0 11.1 14.7 7.5 2.5 2 1 3 1 1
-172.2 -3867.4 71.2 123 0 12.6 11.6 5.0 2.5 4 0 2 3 3
-93.6 -3805.8 70.0 348 0 11.3 9.9 7.5 2.5 2 0 3 2 2
-223.7 -3514.8 52.2 154 0 10.7 11.3 5.0 2.5 2 1 2 5 5
4094.1 -8295.3 -190.6 266 0 8.9 10.7 3.5 3.5 2 1 1 5 5
4094.9 -8306.4 -188.5 275 0 12.6 8.9 7.0 3.5 2 0 2 3 3
4107.3 -8269.4 -198.2 63 0 11.3 12.8 7.0 3.5 2 1 2 2 2
4129.9 -8251.1 -200.6 334 0 12.0 13.4 7.0 3.5 2 1 2 0 0
4156.6 -8242.6 -203.0 228 0 14.8 10.3 7.0 3.5 2 0 2 5 5
4131.1 -8241.0 -204.2 117 0 9.1 14.2 7.0 3.5 2 1 2 4 4
4158.5 -8220.6 -207.4 344 0 11.9 21.7 14.0 3.5 2 1 4 4 4
4176.6 -8266.1 -200.1 272 0 14.4 12.2 14.0 3.5 2 0 4 1 1
4196.3 -8268.4 -201.7 270 0 17.4 9.9 10.5 3.5 2 0 3 2 2
