-2509.6 3442.9 -85.0 91 0 8.9 25.9 5.0 2.5 2 1 2 0 0
-1395.7 304.2 -81.7 356 0 12.1 12.8 5.0 0.0 0 1 2 0 0
-1331.3 725.4 -82.7 184 0 9.0 10.0 7.5 2.5 2 1 3 1 1
-1338.4 754.2 -82.7 348 0 7.8 27.2 7.5 2.5 2 1 3 3 3
-1275.6 1082.7 -83.5 173 0 11.9 11.7 2.5 0.0 0 0 1 5 5
-1378.2 690.8 -82.6 185 0 6.2 11.0 5.0 2.5 2 1 2 4 4
-1381.0 53.1 -81.1 209 0 24.6 9.4 7.5 2.5 2 0 3 3 3
-1341.0 1215.8 -83.8 341 0 7.7 5.2 2.5 2.5 2 0 1 0 0
-1423.6 1.4 -80.9 40 0 12.6 8.6 7.5 2.5 2 0 3 0 0
-1397.1 620.3 -82.4 96 0 11.8 12.0 5.0 2.5 2 1 2 3 3
-1442.0 3.7 -81.0 66 0 10.5 8.8 5.0 2.5 2 0 2 4 4
-1398.3 239.0 -81.5 1 0 8.0 10.7 7.5 0.0 0 1 3 4 4
-1325.6 759.2 -82.8 169 0 11.2 7.6 5.0 2.5 2 0 2 0 0
-1339.9 766.3 -82.8 354 0 8.7 13.2 7.5 2.5 2 1 3 5 5
-1333.6 789.0 -82.8 8 0 5.3 13.9 2.5 0.0 0 1 1 4 4
-1349.4 1278.5 -84.0 171 0 22.7 9.9 5.0 0.0 0 0 2 4 4
-1331.4 813.7 -82.9 354 0 6.9 8.9 5.0 2.5 2 1 2 1 1
-1305.6 547.9 -82.3 68 0 9.8 7.7 7.5 2.5 2 0 3 5 5
-1335.6 593.7 -82.4 167 0 11.7 10.2 7.5 2.5 2 0 3 1 1
-1245.8 924.9 -83.2 32 0 11.8 10.8 5.0 2.5 2 0 2 2 2
-1352.1 823.2 -82.9 351 0 10.3 11.0 10.0 2.5 2 1 4 3 3
-1335.2 458.4 -82.0 229 0 11.9 10.2 7.5 2.5 2 0 3 0 0
-1275.5 732.8 -82.7 335 0 11.3 9.8 7.5 2.5 2 0 3 4 4
-1426.2 320.7 -81.7 268 0 11.7 12.4 7.5 2.5 2 1 3 2 2
-1384.6 713.4 -82.7 183 0 29.2 15.1 10.0 2.5 2 0 4 1 1
-1346.8 1201.4 -83.8 335 0 9.3 5.9 2.5 2.5 2 0 1 4 4
-1401.4 30.1 -81.0 12 0 22.8 7.5 7.5 2.5 2 0 3 3 3
-1433.2 291.7 -81.6 184 0 10.1 11.1 7.5 2.5 2 1 3 1 1
-1400.8 276.1 -81.6 346 0 11.1 12.8 5.0 2.5 2 1 2 5 5
-1265.8 709.7 -82.6 338 0 9.3 9.8 5.0 2.5 2 1 2 5 5
-1362.8 -33.8 -80.9 173 0 7.0 16.6 7.5 2.5 4 1 3 0 0
-1434.5 -338.1 -80.1 143 0 7.5 9.3 7.5 2.5 2 1 3 4 4
-1426.1 -326.9 -80.2 146 0 15.6 4.9 7.5 2.5 2 0 3 2 2
-1339.3 -102.4 -80.7 144 0 10.4 11.8 5.0 0.0 0 1 2 0 0
-1408.5 -196.6 -80.5 332 0 10.6 5.1 5.0 0.0 0 0 2 4 4
-1438.2 -379.6 -80.0 329 0 6.2 29.8 5.0 2.5 4 1 2 4 4
-1432.6 -360.1 -80.1 165 0 5.1 7.2 7.5 0.0 0 1 3 4 4
-1424.8 -258.5 -80.3 243 0 10.9 9.9 7.5 2.5 2 0 3 4 4
-1442.2 -438.6 -79.9 336 0 5.3 9.9 2.5 2.5 2 1 1 4 4
-1465.8 -435.9 -79.9 162 0 12.4 9.8 7.5 2.5 4 0 3 0 0
-1424.0 -502.5 -79.8 72 0 19.0 5.8 2.5 2.5 4 0 1 3 3
-1468.3 -260.3 -80.3 143 0 8.5 8.4 7.5 2.5 2 0 3 3 3
-1434.5 -265.1 -80.3 247 0 8.4 8.3 7.5 0.0 0 0 3 0 0
-1417.4 -463.5 -79.8 339 0 6.4 9.0 2.5 2.5 2 1 1 5 5
-1351.0 -572.5 -79.6 164 0 11.0 7.3 7.5 2.5 2 0 3 3 3
-1401.9 -325.5 -80.2 355 0 13.2 11.5 5.0 0.0 0 0 2 2 2
-1371.1 -554.4 -79.6 342 0 7.3 7.9 5.0 0.0 0 1 2 2 2
-1453.6 -304.0 -80.2 154 0 14.5 5.9 7.5 2.5 2 0 3 5 5
-1355.5 -64.9 -80.8 149 0 19.2 6.5 2.5 2.5 2 0 1 0 0
-1373.4 -135.4 -80.6 322 0 7.6 21.5 7.5 2.5 2 1 3 2 2
6006.6 -4066.7 -76.5 101 0 14.8 9.5 5.0 2.5 2 0 2 0 0
6363.2 -3718.3 -75.7 74 0 10.5 6.6 2.5 2.5 4 0 1 2 2
6237.4 -4017.7 -73.8 120 0 5.7 5.5 5.0 0.0 0 0 2 1 1
6286.1 -3672.1 -80.2 312 0 12.4 10.8 10.0 2.5 2 0 4 5 5
6509.4 -3261.6 -62.1 6 0 10.5 7.7 7.5 2.5 2 0 3 5 5
6244.9 -4092.9 -70.6 190 0 4.7 7.6 2.5 2.5 2 1 1 5 5
6481.0 -3303.8 -63.3 67 0 10.7 9.3 5.0 2.5 2 0 2 0 0
6042.7 -3941.1 -77.9 216 0 9.4 8.9 2.5 2.5 2 0 1 4 4
6335.6 -3705.3 -77.2 155 0 9.9 6.6 7.5 2.5 2 0 3 5 5
6430.9 -3201.6 -76.5 30 0 11.2 8.3 5.0 0.0 0 0 2 2 2
6242.4 -3984.4 -74.7 219 0 8.6 8.5 7.5 2.5 2 0 3 1 1
6338.6 -3839.8 -76.4 52 0 16.4 13.4 2.5 2.5 2 0 1 0 0
6290.5 -3992.7 -73.5 332 0 12.8 16.4 5.0 2.5 2 1 2 2 2
6265.1 -3739.0 -79.4 139 0 11.3 9.8 2.5 2.5 2 0 1 4 4
6314.3 -3785.6 -77.5 230 0 14.2 11.2 7.5 2.5 2 0 3 2 2
5950.2 -4127.2 -61.5 109 0 12.9 12.5 7.5 2.5 2 0 3 5 5
6272.8 -3681.7 -80.1 298 0 7.9 8.1 5.0 2.5 2 1 2 1 1
6361.7 -2964.5 -73.2 177 0 14.2 11.4 2.5 2.5 2 0 1 5 5
6364.9 -3039.3 -70.3 179 0 8.0 8.9 7.5 2.5 2 1 3 3 3
6330.5 -3069.0 -80.0 3 0 9.5 10.5 5.0 0.0 0 1 2 5 5
6402.1 -3039.9 -65.1 353 0 7.7 8.5 7.5 2.5 2 1 3 3 3
6167.8 -3527.5 -83.3 335 0 9.6 12.9 2.5 2.5 2 1 1 5 5
6182.7 -3430.7 -84.4 352 0 9.4 12.2 5.0 2.5 2 1 2 1 1
6170.1 -3751.4 -80.1 56 0 16.0 14.4 7.5 2.5 2 0 3 1 1
6187.5 -3680.4 -80.9 260 0 9.7 16.9 2.5 0.0 0 1 1 0 0
6155.1 -3412.7 -84.8 257 0 13.0 13.3 7.5 2.5 2 1 3 5 5
6475.3 -4054.0 -66.2 151 0 15.4 12.7 7.5 2.5 2 0 3 3 3
6096.1 -3427.6 -85.3 315 0 9.0 9.1 5.0 0.0 0 1 2 0 0
-1533.6 -199.5 -80.4 149 0 11.3 4.6 5.0 2.5 2 0 2 2 2
-1520.3 -186.1 -80.5 146 0 10.9 11.5 5.0 2.5 2 1 2 1 1
-1556.3 -139.8 -80.6 145 0 8.4 12.5 7.5 2.5 2 1 3 0 0
-1498.9 -75.5 -80.7 240 0 18.0 13.2 7.5 2.5 2 0 3 1 1
-1537.9 -44.8 -80.8 251 0 10.8 9.6 5.0 2.5 2 0 2 0 0
-1050.4 1123.7 -83.7 327 0 11.2 7.5 5.0 2.5 2 0 2 2 2
-1536.9 -231.1 -80.4 332 0 5.6 9.4 5.0 2.5 2 1 2 2 2
-1483.4 -177.7 -80.5 134 0 10.6 10.5 5.0 2.5 2 0 2 4 4
-1553.6 -254.8 -80.3 154 0 10.0 10.0 10.0 2.5 2 0 4 3 3
-1236.3 1029.7 -83.4 249 0 14.2 10.7 5.0 2.5 2 0 2 4 4
-1527.2 -162.3 -80.5 139 0 12.9 10.1 10.0 2.5 2 0 4 3 3
-1488.9 -219.2 -80.4 146 0 17.0 10.9 5.0 2.5 4 0 2 2 2
-1546.6 -213.5 -80.4 320 0 7.3 8.7 2.5 2.5 4 1 1 0 0
-1612.1 -374.7 -80.0 53 0 16.2 6.7 5.0 2.5 2 0 2 5 5
-1515.7 -228.7 -80.4 321 0 4.4 7.3 2.5 2.5 2 1 1 1 1
-1614.3 -138.5 -80.6 79 0 15.9 16.9 10.0 2.5 2 1 4 2 2
-1590.0 -108.7 -80.6 335 0 16.6 13.8 5.0 2.5 2 0 2 2 2
-1594.0 -66.0 -80.7 73 0 11.4 7.3 7.5 2.5 2 0 3 0 0
-1468.6 -43.8 -80.8 249 0 11.1 8.3 7.5 2.5 2 0 3 5 5
-1516.4 -218.1 -80.4 138 0 8.4 8.8 5.0 2.5 2 1 2 2 2
-1618.2 -41.9 -80.8 152 0 12.1 15.3 5.0 2.5 2 1 2 2 2
-1586.0 -348.9 -80.1 67 0 8.5 8.9 5.0 2.5 2 1 2 0 0
-1508.1 -225.3 -80.4 137 0 6.5 15.6 5.0 2.5 4 1 2 2 2
-1543.3 -199.0 -80.4 327 0 7.7 9.2 5.0 2.5 2 1 2 3 3
-1521.0 -301.4 -80.2 51 0 8.2 5.1 7.5 2.5 4 0 3 3 3
-1532.0 -316.6 -80.2 53 0 9.4 4.7 7.5 2.5 2 0 3 5 5
-1178.3 915.5 -83.1 314 0 5.0 13.6 7.5 2.5 2 1 3 3 3
-1190.3 880.2 -83.1 143 0 10.7 8.7 2.5 2.5 2 0 1 3 3
-1496.0 -143.1 -80.6 143 0 15.1 11.6 2.5 2.5 2 0 1 2 2
-1586.0 -85.8 -80.7 152 0 6.6 16.6 7.5 0.0 0 1 3 1 1
-1485.1 -819.6 -79.0 60 0 13.1 11.7 2.5 2.5 2 0 1 3 3
-1453.2 -863.0 -79.0 76 0 9.3 11.3 7.5 2.5 2 1 3 5 5
-1476.0 -2.3 -81.0 68 0 11.3 21.8 5.0 2.5 2 1 2 3 3
-1443.0 -17.7 -80.9 90 0 41.0 5.8 5.0 2.5 2 0 2 2 2
-1558.2 25.6 -81.0 233 0 9.3 13.6 5.0 2.5 2 1 2 4 4
-1682.7 -653.6 -79.3 313 0 12.5 12.8 7.5 2.5 4 1 3 2 2
-1825.5 -901.6 -76.4 157 0 7.7 6.6 2.5 2.5 4 0 1 0 0
-1369.1 -792.5 -79.2 71 0 11.5 12.3 7.5 2.5 2 1 3 5 5
-1574.2 -9.5 -80.9 66 0 9.9 13.0 5.0 2.5 2 1 2 3 3
-1801.2 -794.9 -77.6 306 0 11.3 4.7 5.0 0.0 0 0 2 0 0
-1464.5 -8.6 -80.9 71 0 7.5 8.8 7.5 2.5 4 1 3 3 3
-1660.7 -796.7 -79.0 240 0 11.3 12.1 10.0 0.0 0 1 4 4 4
-1689.3 -730.9 -79.2 169 0 12.8 15.8 5.0 2.5 2 1 2 1 1
-1422.8 -857.6 -79.0 67 0 10.9 9.8 5.0 2.5 2 0 2 4 4
-1809.6 -914.8 -76.4 43 0 7.1 8.6 2.5 2.5 2 1 1 2 2
-1701.1 -799.4 -78.8 246 0 12.8 12.9 2.5 2.5 2 1 1 2 2
-1484.7 -838.9 -79.0 243 0 35.8 6.5 2.5 2.5 2 0 1 0 0
-1264.2 -116.3 -80.7 64 0 9.9 9.4 5.0 2.5 2 0 2 0 0
-1386.5 -774.2 -79.2 158 0 9.0 5.3 7.5 2.5 2 0 3 2 2
-6125.5 5669.9 1.2 254 0 17.1 25.8 10.0 2.5 2 1 4 5 5
-5847.0 220.1 -81.1 158 0 16.2 12.3 10.0 2.5 4 0 4 2 2
-5861.8 231.4 -81.1 68 0 26.0 17.5 12.5 2.5 2 0 5 2 2
-5138.8 -1076.1 -76.1 329 0 7.9 61.2 7.5 2.5 2 0 3 3 3
-5149.5 -1087.2 -76.2 238 0 29.7 76.5 10.0 0.0 0 0 4 4 4
-5176.7 -1148.8 -76.3 149 0 76.5 40.3 10.0 0.0 0 0 4 5 5
-5238.8 -1011.1 -77.2 240 0 15.9 19.2 7.5 2.5 2 1 3 3 3
-5250.7 -1064.6 -76.1 150 0 20.0 20.7 10.0 2.5 2 0 4 1 1
-1329.1 437.1 -82.0 234 0 22.5 19.0 12.5 2.5 2 0 5 5 5
-3923.5 6402.6 -59.6 297 0 17.8 22.6 12.5 2.5 2 0 5 3 3
-4914.6 5947.3 -30.9 120 0 21.9 27.7 10.0 2.5 2 1 4 2 2
-4102.1 5697.0 -52.2 92 0 18.9 35.5 7.5 0.0 0 1 3 3 3
-4559.1 5903.1 -41.4 204 0 17.6 18.9 7.5 0.0 0 1 3 0 0
-4484.0 5942.6 -43.1 294 0 32.8 17.3 12.5 2.5 4 0 5 5 5
-4521.8 5872.2 -42.6 150 0 13.1 18.2 5.0 0.0 0 1 2 2 2
-4467.0 5702.0 -43.9 288 0 11.0 11.2 5.0 0.0 0 1 2 4 4
-4456.9 5624.6 -45.1 113 0 45.0 27.5 10.0 0.0 0 0 4 3 3
-4349.8 5734.6 -47.2 302 0 7.8 30.7 7.5 2.5 2 1 3 2 2
-4550.3 5447.2 -47.6 26 0 15.8 20.0 10.0 2.5 2 1 4 5 5
-4655.6 5327.6 -46.9 207 0 16.0 19.5 10.0 2.5 2 0 4 0 0
-5329.2 3915.8 -61.7 153 0 19.8 29.6 7.5 2.5 2 1 3 0 0
305.4 10316.2 -76.6 356 0 50.0 88.0 12.5 0.0 0 0 5 5 5
140.2 10146.7 -79.4 177 0 9.8 15.9 5.0 2.5 2 0 2 5 5
146.6 10175.4 -79.2 267 0 15.9 23.4 10.0 2.5 2 0 4 3 3
-1978.1 9492.9 -73.3 169 0 20.8 15.4 15.0 0.0 0 0 6 2 2
-2400.8 9305.6 -77.4 241 0 20.2 14.4 10.0 2.5 2 0 4 4 4
-2658.1 8956.9 -79.4 128 0 10.2 7.5 5.0 2.5 2 0 2 5 5
-2632.6 8962.5 -79.4 38 0 17.0 16.3 7.5 2.5 2 0 3 5 5
-2623.2 8994.0 -79.0 308 0 8.7 15.2 7.5 2.5 2 1 3 1 1
-2647.7 9002.2 -78.8 218 0 13.2 16.4 2.5 2.5 2 1 1 0 0
-3257.6 7701.0 -71.3 120 0 9.2 7.0 8.0 2.5 2 0 2 1 1
-3262.1 7764.0 -71.7 204 0 16.7 13.2 7.5 2.5 2 0 3 4 4
-3234.3 7751.8 -71.9 24 0 16.7 17.2 10.0 2.5 2 0 4 5 5
-3203.0 7711.1 -72.8 204 0 18.2 23.2 12.5 2.5 2 0 5 3 3
-3364.6 7520.4 -72.9 117 0 17.0 28.6 12.5 0.0 0 1 5 0 0
-3041.7 8092.4 -71.3 167 0 11.3 20.6 7.5 0.0 0 1 3 1 1
-6152.2 7511.3 37.0 325 0 10.9 20.0 10.0 0.0 0 1 4 0 0
-3268.1 5606.7 -69.6 75 0 9.1 5.7 10.5 3.5 2 0 3 1 1
-3275.1 5615.1 -69.8 165 0 8.6 17.4 10.5 3.5 2 0 3 5 5
-3015.9 3938.5 -84.6 121 0 11.8 18.0 4.0 2.5 2 1 1 2 2
-3033.6 3971.7 -84.3 211 0 11.0 18.3 8.0 2.5 2 1 2 2 2
-2957.8 4096.9 -84.6 213 0 11.5 30.7 7.5 2.5 2 1 3 3 3
3051.1 10444.5 -63.9 4 0 10.0 17.1 5.0 2.5 2 0 2 4 4
3050.9 10436.5 -63.9 355 0 23.1 20.1 10.0 2.5 2 0 4 0 0
2773.8 10642.1 -60.1 183 0 4.6 8.5 5.0 0.0 0 1 2 4 4
2772.1 10655.3 -60.1 183 0 12.4 26.6 10.0 0.0 0 1 4 1 1
5412.5 6566.9 -87.2 8 0 16.3 22.7 10.0 2.5 2 1 4 5 5
3249.4 10529.6 -64.4 185 0 20.7 14.8 10.0 2.5 2 0 4 3 3
3285.0 10593.5 -64.3 275 0 9.4 56.6 7.5 2.5 2 0 3 2 2
3304.5 10588.8 -64.0 275 0 30.4 8.7 7.5 2.5 2 0 3 2 2
2455.0 9383.5 -75.0 121 0 14.4 37.0 10.0 2.5 2 1 4 3 3
5977.3 11090.6 71.3 54 0 7.3 6.5 4.0 2.5 2 0 1 0 0
6004.7 11134.1 66.3 230 0 13.8 24.4 15.0 0.0 0 1 6 4 4
6027.1 11115.0 67.0 230 0 11.7 21.4 4.0 2.5 2 1 1 1 1
6067.2 11082.0 67.8 320 0 49.3 20.4 10.0 2.5 2 0 4 4 4
