-3241.1 -3515.0 -30.7 279 0 8.8 16.7 10.5 3.5 2 1 3 1 1
-3575.0 -3603.1 -59.6 281 0 9.7 15.0 7.5 2.5 2 1 3 4 4
-3696.0 -3610.2 -66.3 262 0 15.8 14.1 12.5 2.5 2 0 5 4 4
-3384.8 -3242.1 -30.0 17 0 28.7 18.7 12.5 2.5 2 0 5 3 3
-3355.2 -3725.6 -21.7 180 0 10.1 7.9 2.5 0.0 0 0 1 1 1
-3484.3 -3824.6 -27.0 215 0 8.0 16.4 5.0 2.5 2 1 2 4 4
-2776.5 -3551.9 -6.8 82 0 19.6 10.7 7.5 2.5 2 0 3 0 0
-3629.6 -3564.8 -66.1 244 0 10.8 29.9 10.0 2.5 2 1 4 2 2
-3467.4 -3561.2 -53.5 130 0 7.4 12.3 5.0 2.5 2 1 2 5 5
-3339.8 -3761.5 -17.6 0 0 8.2 13.1 7.5 2.5 2 1 3 2 2
-3200.8 -3966.0 10.6 218 0 12.0 18.6 5.0 2.5 2 1 2 5 5
-3361.8 -3693.6 -28.0 291 0 14.1 31.6 12.5 2.5 2 1 5 0 0
-3438.5 -3854.1 -24.3 9 0 9.2 22.1 7.5 2.5 2 1 3 2 2
-3563.9 -3532.0 -64.4 206 0 11.0 8.6 5.0 2.5 2 0 2 3 3
-3324.4 -3643.6 -27.0 310 0 9.7 9.8 5.0 2.5 2 1 2 0 0
-3670.7 -3618.2 -65.0 289 0 10.2 29.4 10.0 0.0 0 1 4 3 3
-3593.0 -3601.5 -60.9 284 0 9.9 14.1 7.5 2.5 2 1 3 1 1
-3125.5 -3980.2 11.9 301 0 21.7 11.1 7.5 2.5 4 0 3 2 2
-3321.5 -3633.8 -31.2 45 0 19.4 11.5 14.0 3.5 2 0 4 3 3
-3781.8 -3595.1 -54.4 0 0 8.4 17.7 5.0 2.5 2 1 2 2 2
-3539.7 -3205.8 -66.0 182 0 6.6 17.0 7.5 2.5 4 1 3 1 1
-3471.0 -3226.0 -52.2 122 0 11.3 7.5 7.5 2.5 2 0 3 4 4
-2442.5 -3318.2 -54.2 247 0 8.0 11.6 2.5 2.5 2 1 1 2 2
-3501.9 -3214.8 -60.8 125 0 12.6 15.0 10.0 2.5 2 1 4 1 1
-2370.7 -3258.7 -49.7 247 0 8.4 16.0 7.5 2.5 2 1 3 0 0
-2442.7 -3280.3 -47.6 71 0 20.5 5.1 7.5 2.5 2 0 3 2 2
-2031.4 -9556.1 -69.5 116 0 6.8 29.0 7.5 2.5 2 1 3 0 0
-1992.3 -9539.1 -69.6 117 0 7.8 53.1 7.5 2.5 2 1 3 1 1
-1934.4 -9492.6 -67.9 34 0 20.0 11.1 10.0 2.5 2 0 4 0 0
-1951.5 -9487.0 -65.9 34 0 8.7 16.7 5.0 0.0 0 1 2 3 3
-3082.6 -3499.0 -30.5 257 0 9.8 17.7 7.5 2.5 2 1 3 4 4
-1809.5 -10110.7 -65.9 269 0 24.7 8.8 5.0 0.0 0 0 2 0 0
-3573.6 -9895.3 -53.4 181 0 22.1 6.6 5.0 2.5 2 0 2 3 3
-3749.7 -10268.6 -62.4 67 0 10.3 29.0 12.5 2.5 4 1 5 4 4
-740.0 -11029.2 -73.1 171 0 15.0 25.3 10.0 2.5 2 1 4 1 1
-3273.5 -4115.5 24.3 138 0 11.4 10.6 5.0 2.5 2 0 2 1 1
-3008.3 -3937.7 18.1 270 0 6.6 7.8 2.5 2.5 2 1 1 2 2
-2995.6 -3944.8 18.6 268 0 7.3 28.6 5.0 2.5 4 1 2 3 3
-2980.6 -3976.2 19.5 267 0 7.7 5.2 2.5 0.0 0 0 1 5 5
-2978.6 -3936.7 19.4 272 0 8.2 5.1 7.5 2.5 2 0 3 4 4
-3017.3 -4036.3 16.1 179 0 14.4 9.9 5.0 2.5 2 0 2 2 2
-3195.3 -4122.3 21.8 18 0 10.4 14.3 2.5 2.5 2 1 1 2 2
-3319.9 -4061.8 24.2 211 0 7.0 12.3 7.5 2.5 4 1 3 1 1
-2910.7 -4068.4 21.4 355 0 10.1 11.0 2.5 2.5 2 1 1 0 0
-2999.5 -3907.5 17.9 282 0 14.5 15.0 5.0 2.5 2 1 2 4 4
-3027.1 -3930.0 16.9 72 0 9.7 14.3 7.5 2.5 4 1 3 5 5
-3289.5 -4111.8 25.5 110 0 15.5 10.3 2.5 0.0 0 0 1 1 1
-3166.0 -9388.7 -58.8 102 0 5.8 11.8 5.0 0.0 0 1 2 1 1
-3166.9 -9376.3 -59.0 131 0 8.4 6.4 5.0 0.0 0 0 2 5 5
-6454.1 -5982.0 -47.2 41 0 11.6 20.4 5.0 2.5 2 1 2 0 0
-5394.5 -5267.4 -66.8 76 0 9.7 20.0 7.5 2.5 4 1 3 3 3
-6092.4 -5683.8 -61.7 33 0 18.4 11.6 7.5 2.5 2 0 3 3 3
-6114.9 -5492.5 -57.2 314 0 8.7 8.0 5.0 2.5 4 0 2 5 5
-6270.6 -5400.4 -65.7 132 0 20.2 8.3 7.5 2.5 2 0 3 4 4
-5421.6 -5255.9 -64.2 108 0 14.9 17.6 15.0 0.0 0 1 6 0 0
-6349.1 -5819.2 -61.3 78 0 23.0 11.7 12.5 2.5 2 0 5 0 0
-6140.4 -5579.6 -65.1 312 0 11.8 13.3 5.0 2.5 2 1 2 2 2
-6521.6 -6038.3 -39.9 183 0 11.7 7.3 2.5 2.5 2 0 1 0 0
-5661.4 -5735.7 -22.7 125 0 10.3 10.6 7.5 2.5 2 1 3 5 5
-5554.1 -5302.1 -47.4 349 0 24.4 18.0 10.0 2.5 2 0 4 4 4
-5510.8 -5185.0 -57.4 217 0 7.5 10.3 7.5 2.5 4 1 3 0 0
-5538.8 -5337.9 -46.2 311 0 34.0 14.0 12.5 2.5 2 0 5 2 2
-5501.3 -5227.9 -55.9 96 0 13.3 15.7 10.0 2.5 2 1 4 3 3
-5895.2 -5112.4 -63.0 181 0 5.2 37.5 2.5 2.5 2 1 1 0 0
-6360.0 -5916.1 -49.4 107 0 11.6 5.1 7.5 0.0 0 0 3 0 0
-5523.0 -5301.4 -48.6 49 0 13.2 21.7 10.0 2.5 2 1 4 4 4
-6089.4 -5832.8 -57.1 173 0 8.4 3.9 2.5 2.5 2 0 1 5 5
-5382.9 -5275.8 -69.9 144 0 16.2 19.5 10.0 0.0 0 1 4 5 5
-6211.0 -5583.1 -66.3 128 0 6.6 30.8 5.0 2.5 2 1 2 2 2
-6166.7 -5556.7 -66.1 310 0 22.2 15.7 12.5 2.5 2 0 5 0 0
-5536.1 -5268.7 -49.2 343 0 23.2 13.9 12.5 2.5 2 0 5 4 4
-6149.6 -5509.7 -64.6 220 0 11.2 39.3 10.0 2.5 2 0 4 2 2
-6078.0 -5788.0 -58.6 192 0 19.9 11.1 10.0 2.5 2 0 4 5 5
-5967.3 -5627.6 -50.2 119 0 46.5 17.4 12.5 2.5 2 0 5 1 1
-6842.9 -5878.8 -61.7 96 0 12.2 11.6 7.5 2.5 2 0 3 2 2
-6797.1 -5955.5 -55.8 24 0 11.2 34.6 7.5 2.5 2 1 3 1 1
-6736.3 -5906.0 -60.2 91 0 16.1 18.0 10.0 2.5 2 1 4 1 1
-6632.2 -5879.9 -61.0 283 0 13.4 17.4 10.0 2.5 2 1 4 2 2
-6466.9 -5819.7 -62.2 331 0 8.7 11.0 7.5 2.5 2 1 3 2 2
-6636.9 -5924.7 -57.9 268 0 16.9 8.2 5.0 2.5 2 0 2 4 4
-6420.5 -5878.4 -55.8 250 0 10.4 17.7 5.0 0.0 0 1 2 2 2
-6508.8 -5777.7 -66.0 52 0 12.8 16.1 7.5 0.0 0 1 3 3 3
-6512.9 -5710.1 -68.5 277 0 4.9 9.5 5.0 2.5 2 1 2 5 5
-6448.7 -5629.6 -68.7 216 0 5.3 12.1 7.5 2.5 2 1 3 0 0
-6530.3 -5887.7 -60.4 85 0 15.3 14.7 5.0 2.5 2 0 2 2 2
-6257.2 -5642.7 -66.0 350 0 7.0 14.1 5.0 2.5 2 1 2 1 1
-6796.1 -5866.1 -63.4 164 0 25.1 12.8 10.0 2.5 2 0 4 1 1
-6632.2 -5941.3 -56.5 359 0 3.2 9.3 5.0 2.5 2 1 2 2 2
-6283.2 -5676.8 -65.9 358 0 27.0 9.3 7.5 0.0 0 0 3 0 0
-6420.7 -5987.6 -44.2 74 0 24.5 11.7 12.5 2.5 2 0 5 0 0
-6483.7 -5945.0 -50.7 259 0 9.5 23.6 7.5 2.5 2 1 3 4 4
-6496.4 -5934.1 -54.2 75 0 15.3 11.3 5.0 2.5 2 0 2 4 4
-6802.9 -5865.3 -63.2 340 0 32.3 14.9 12.5 2.5 2 0 5 4 4
-6469.2 -5927.1 -54.1 74 0 12.9 11.4 7.5 2.5 2 0 3 0 0
-6680.3 -5880.1 -62.5 27 0 7.9 18.4 7.5 2.5 2 0 3 1 1
-6678.2 -5928.2 -57.4 258 0 9.1 9.9 5.0 2.5 2 1 2 4 4
-6419.9 -5921.6 -51.7 335 0 13.1 22.9 10.0 2.5 2 1 4 2 2
-6780.3 -5895.8 -60.0 157 0 16.4 11.7 7.5 2.5 2 0 3 4 4
-6385.7 -5826.6 -59.6 0 0 9.3 20.5 7.5 2.5 2 1 3 2 2
-6502.8 -5871.5 -60.6 71 0 29.0 15.0 12.5 2.5 2 0 5 2 2
-6515.1 -6105.4 -30.2 177 0 9.5 16.8 5.0 2.5 2 1 2 1 1
-6502.1 -5993.0 -46.2 24 0 7.6 12.4 7.5 2.5 4 1 3 5 5
-6462.4 -6142.6 -23.1 15 0 6.4 4.9 5.0 2.5 2 0 2 2 2
-6527.7 -6147.8 -26.9 100 0 8.2 20.9 5.0 2.5 4 1 2 4 4
-6495.5 -6081.2 -32.2 273 0 6.0 6.1 5.0 2.5 2 1 2 1 1
-6479.0 -6158.0 -23.4 105 0 14.6 16.9 10.0 2.5 2 1 4 1 1
-6506.3 -6126.9 -26.5 270 0 9.2 12.0 7.5 2.5 2 1 3 0 0
-6493.8 -6067.8 -34.1 282 0 9.0 8.6 2.5 2.5 2 0 1 2 2
-6556.6 -6073.4 -37.8 105 0 6.6 18.7 7.5 0.0 0 1 3 4 4
-5020.0 -5484.1 -63.6 150 0 10.7 22.1 7.5 0.0 0 1 3 2 2
-5551.3 -5850.9 -24.9 182 0 5.5 9.7 7.5 2.5 2 1 3 4 4
-4077.5 -4174.1 61.4 108 0 20.6 14.7 12.5 0.0 0 0 5 3 3
-5630.2 -5870.1 -23.8 180 0 6.8 8.6 5.0 2.5 4 1 2 0 0
-5056.3 -5628.1 -58.7 110 0 5.1 11.3 5.0 2.5 2 1 2 1 1
-5033.0 -5590.4 -61.1 237 0 50.4 17.0 12.5 2.5 2 0 5 0 0
-5048.1 -6773.9 33.2 355 0 59.7 11.4 12.5 2.5 2 0 5 3 3
-5215.3 -6012.2 -28.0 227 0 8.1 4.3 5.0 2.5 2 0 2 5 5
-4839.1 -5733.4 -14.0 139 0 14.6 12.2 5.0 2.5 2 0 2 0 0
-3096.9 -4088.2 17.7 242 0 14.1 9.0 2.5 0.0 0 0 1 0 0
-1435.1 -6296.5 -41.0 22 0 7.9 4.9 7.5 2.5 2 0 3 3 3
-2114.4 -4247.7 -44.9 350 0 10.0 7.3 7.5 0.0 0 0 3 0 0
-2148.2 -3808.8 -51.3 55 0 6.2 8.9 2.5 2.5 2 1 1 0 0
-2133.4 -4174.8 -46.7 175 0 11.7 17.0 5.0 2.5 2 1 2 3 3
-2156.2 -4396.2 -39.4 156 0 22.2 13.0 17.5 0.0 0 0 7 3 3
-2180.8 -4366.0 -36.0 156 0 13.5 19.9 12.5 0.0 0 1 5 1 1
-1803.9 -4897.5 -47.9 207 0 10.3 7.2 5.0 2.5 2 0 2 5 5
-2113.2 -4473.2 -38.5 157 0 5.1 8.2 7.5 2.5 2 1 3 4 4
-1792.9 -4858.4 -49.8 105 0 6.2 7.6 7.5 2.5 2 1 3 4 4
-1929.3 -4565.2 -45.2 101 0 15.8 19.7 10.0 2.5 2 1 4 5 5
-2033.4 -3799.7 -71.0 337 0 7.5 4.0 7.5 2.5 4 0 3 5 5
-1797.0 -4901.0 -48.0 207 0 10.3 7.2 5.0 2.5 2 0 2 5 5
-2127.1 -4441.6 -40.1 64 0 4.9 15.3 5.0 2.5 2 1 2 3 3
-1620.0 -4762.4 -52.3 277 0 5.2 10.7 7.5 2.5 2 1 3 4 4
-2021.4 -3960.1 -63.2 169 0 17.6 8.0 2.5 2.5 2 0 1 2 2
-1814.0 -4877.6 -48.1 25 0 6.4 12.2 2.5 2.5 2 1 1 2 2
-2134.9 -3847.4 -50.6 239 0 10.5 11.7 5.0 2.5 2 1 2 2 2
-1659.9 -4767.6 -53.8 189 0 3.8 17.4 5.0 2.5 2 1 2 1 1
-2116.0 -4001.0 -51.5 200 0 9.5 13.0 5.0 2.5 2 1 2 5 5
-2073.9 -5057.3 -23.9 215 0 7.0 8.3 7.5 0.0 0 1 3 5 5
-2049.7 -5028.9 -25.8 209 0 9.6 12.2 5.0 0.0 0 1 2 4 4
-2117.2 -4630.3 -25.5 159 0 10.0 13.9 5.0 0.0 0 1 2 0 0
-2119.7 -4855.1 -25.4 56 0 4.6 16.0 2.5 0.0 0 1 1 3 3
-2187.6 -4574.2 -14.9 66 0 5.8 6.6 7.5 0.0 0 1 3 4 4
-2034.8 -5000.8 -27.7 226 0 6.6 4.8 7.5 2.5 2 0 3 1 1
-2180.4 -4524.3 -21.1 243 0 7.3 5.7 7.5 2.5 2 0 3 0 0
-2165.8 -4700.8 -17.6 254 0 7.5 5.9 5.0 2.5 2 0 2 5 5
-2156.9 -4659.5 -17.2 67 0 6.1 10.0 2.5 2.5 2 0 1 3 3
-2151.7 -4668.3 -18.0 68 0 6.9 10.2 5.0 2.5 2 0 2 0 0
-2073.1 -4744.3 -28.5 158 0 12.2 10.5 10.0 2.5 2 0 4 3 3
-2151.5 -4703.1 -20.9 259 0 6.5 9.9 7.5 2.5 2 0 3 2 2
-2142.7 -4738.5 -21.8 81 0 6.1 9.6 5.0 2.5 2 0 2 5 5
-2126.9 -4802.3 -24.1 75 0 6.3 9.8 7.5 2.5 2 0 3 5 5
-2154.3 -4694.1 -19.5 259 0 5.8 9.4 5.0 2.5 2 0 2 5 5
-2137.8 -4769.8 -23.1 255 0 6.3 9.8 7.5 2.5 2 0 3 3 3
-1635.5 -5918.3 21.1 52 0 9.2 15.1 5.0 2.5 2 1 2 3 3
-1697.8 -5215.3 -24.0 351 0 5.0 21.6 7.5 2.5 2 1 3 1 1
-1619.3 -6292.1 -12.1 338 0 13.3 10.2 2.5 2.5 2 0 1 1 1
-1481.9 -6275.0 -32.1 305 0 6.5 14.0 5.0 2.5 2 1 2 1 1
-1445.3 -6258.7 -36.0 214 0 13.4 5.1 7.5 2.5 2 0 3 4 4
-1613.9 -6576.4 -69.7 26 0 14.9 8.7 5.0 2.5 2 0 2 2 2
-1603.9 -6548.9 -57.0 18 0 12.3 15.8 5.0 0.0 0 1 2 2 2
-1561.1 -5928.9 18.4 273 0 8.8 15.6 2.5 2.5 2 1 1 3 3
-1851.4 -5346.3 -17.5 199 0 10.3 17.5 2.5 2.5 2 1 1 1 1
-1227.3 -5894.8 14.1 246 0 9.1 13.9 7.5 2.5 2 1 3 5 5
-725.9 -6205.6 -55.3 315 0 18.0 13.6 5.0 2.5 2 0 2 5 5
-352.8 -6154.7 -69.9 359 0 12.5 21.4 12.5 2.5 2 1 5 2 2
-437.9 -6040.9 -56.4 36 0 15.9 24.0 12.5 0.0 0 1 5 2 2
-385.1 -6002.7 -62.3 41 0 10.2 41.2 5.0 2.5 2 1 2 3 3
-619.3 -5982.4 -35.8 90 0 21.4 20.8 12.5 0.0 0 0 5 3 3
-1316.9 -5915.0 12.3 258 0 28.5 13.7 10.0 2.5 2 0 4 0 0
-1059.5 -5823.4 5.0 269 0 13.2 14.5 5.0 0.0 0 1 2 0 0
-1343.3 -5920.8 12.3 258 0 21.4 10.7 2.5 2.5 2 0 1 3 3
-950.0 -5826.0 -7.5 279 0 28.1 18.2 10.0 0.0 0 0 4 0 0
-1453.7 -5871.4 24.3 204 0 6.5 23.2 7.5 0.0 0 1 3 2 2
-635.1 -5939.5 -31.2 225 0 6.8 11.8 2.5 2.5 2 1 1 3 3
-776.6 -6221.6 -56.5 240 0 14.3 8.2 7.5 2.5 2 0 3 3 3
-464.9 -5988.2 -52.4 214 0 10.7 6.3 7.5 2.5 2 0 3 1 1
-719.1 -6238.5 -57.7 320 0 7.1 4.6 7.5 0.0 0 0 3 2 2
-432.3 -6113.4 -59.5 216 0 9.1 9.7 5.0 2.5 2 1 2 2 2
-434.6 -5960.6 -55.5 202 0 10.9 5.9 2.5 2.5 4 0 1 4 4
-674.5 -6031.4 -41.2 356 0 18.7 8.1 5.0 0.0 0 0 2 4 4
-671.9 -6049.9 -43.2 352 0 14.9 8.4 5.0 2.5 2 0 2 1 1
-456.0 -6009.1 -53.3 34 0 11.4 6.6 7.5 2.5 2 0 3 4 4
-1376.9 -5875.6 23.4 356 0 19.3 10.6 7.5 2.5 2 0 3 0 0
-396.9 -6089.3 -62.7 302 0 7.9 10.9 5.0 2.5 2 1 2 3 3
-413.6 -6175.7 -62.1 40 0 10.4 21.7 5.0 2.5 2 1 2 5 5
-633.8 -5924.2 -31.0 223 0 6.6 11.7 7.5 2.5 4 1 3 0 0
-382.4 -6110.6 -65.1 303 0 11.0 23.8 12.5 2.5 2 1 5 2 2
-468.5 -5969.2 -51.5 214 0 11.6 6.2 7.5 2.5 4 0 3 4 4
-649.6 -6208.1 -55.1 250 0 5.5 10.2 7.5 2.5 4 1 3 5 5
-675.0 -6005.9 -37.3 102 0 17.9 9.8 7.5 2.5 4 0 3 0 0
-614.7 -6016.7 -41.5 275 0 13.0 9.8 7.5 2.5 2 0 3 2 2
-1578.1 -5811.5 20.6 142 0 9.0 10.9 7.5 2.5 2 1 3 4 4
-961.5 -5690.7 18.7 71 0 6.4 10.3 5.0 0.0 0 1 2 3 3
-923.0 -5859.0 -12.4 332 0 9.9 20.3 2.5 2.5 2 1 1 3 3
-377.3 -5937.5 -62.2 273 0 4.8 33.2 5.0 2.5 2 1 2 4 4
-909.1 -5891.3 -17.9 343 0 9.6 24.6 7.5 2.5 2 1 3 3 3
-663.3 -6210.7 -55.1 342 0 7.8 13.9 5.0 2.5 2 1 2 1 1
-981.5 -5699.9 17.7 345 0 8.9 15.5 2.5 2.5 2 1 1 4 4
-1360.4 -6276.0 -50.0 145 0 7.4 17.4 5.0 2.5 2 1 2 1 1
-1643.8 -6503.7 -22.8 195 0 16.5 11.8 5.0 0.0 0 0 2 4 4
-1623.2 -6469.5 -21.6 286 0 7.8 22.7 5.0 0.0 0 1 2 1 1
-1522.2 -6402.7 -37.4 21 0 19.0 9.4 5.0 0.0 0 0 2 3 3
-1549.7 -6429.1 -36.5 180 0 15.0 11.4 5.0 2.5 2 0 2 3 3
-1407.5 -6380.9 -56.2 288 0 8.0 8.1 7.5 2.5 2 1 3 0 0
-1448.6 -6385.0 -48.8 18 0 50.2 19.2 12.5 2.5 4 0 5 2 2
-1632.1 -6455.6 -16.1 55 0 11.3 13.6 5.0 2.5 2 1 2 1 1
-1279.4 -6346.4 -66.7 124 0 14.1 15.0 2.5 2.5 2 1 1 5 5
-1485.1 -5994.6 5.9 317 0 3.7 8.7 2.5 2.5 2 1 1 4 4
-1771.6 -6121.7 26.0 87 0 6.8 11.9 5.0 2.5 2 1 2 3 3
-1316.2 -6305.9 -57.8 149 0 10.1 8.3 7.5 0.0 0 0 3 3 3
-1288.8 -6401.2 -74.7 216 0 6.9 6.0 5.0 2.5 2 0 2 4 4
-1279.3 -6391.0 -73.7 216 0 6.1 5.8 5.0 2.5 2 0 2 2 2
-1363.6 -6249.6 -48.1 235 0 16.1 16.8 12.5 2.5 2 1 5 4 4
-1328.9 -6296.6 -56.0 147 0 16.5 14.1 7.5 2.5 2 0 3 5 5
-1081.9 -6178.0 -50.1 107 0 8.0 9.0 5.0 2.5 2 1 2 1 1
-1114.0 -6246.8 -62.3 335 0 3.5 8.8 5.0 2.5 2 1 2 1 1
-1226.7 -6279.3 -59.0 42 0 6.0 8.7 5.0 2.5 2 1 2 5 5
-1215.0 -6208.1 -50.3 128 0 10.3 6.1 7.5 2.5 2 0 3 5 5
-1225.2 -6250.1 -54.9 52 0 17.3 13.4 5.0 2.5 2 0 2 0 0
-1133.3 -6271.6 -65.3 146 0 9.9 21.4 7.5 2.5 2 1 3 5 5
-1447.6 -6226.9 -34.3 128 0 17.5 11.2 7.5 2.5 4 0 3 5 5
-1270.9 -6098.5 -31.9 131 0 9.2 13.9 5.0 2.5 2 1 2 4 4
-1418.3 -6178.8 -32.9 274 0 23.2 17.2 10.0 2.5 2 0 4 3 3
-1390.5 -6213.5 -38.9 320 0 14.7 17.6 10.0 0.0 0 0 4 0 0
-1370.8 -6223.4 -41.0 39 0 8.2 6.4 5.0 2.5 2 0 2 4 4
-1458.9 -6197.7 -29.1 215 0 9.2 8.8 5.0 2.5 2 0 2 4 4
-1330.6 -6097.0 -27.9 174 0 11.1 19.6 5.0 2.5 2 1 2 3 3
-1224.0 -6066.6 -24.8 47 0 13.2 13.4 5.0 0.0 0 1 2 2 2
-1439.4 -6071.2 -10.6 147 0 8.7 21.8 7.5 2.5 4 1 3 4 4
-912.8 -6276.8 -66.2 337 0 12.7 13.3 2.5 2.5 2 1 1 0 0
-951.0 -6223.4 -60.1 325 0 5.8 5.3 7.5 2.5 2 0 3 3 3
-876.0 -6338.0 -71.4 214 0 16.6 7.4 5.0 2.5 2 0 2 1 1
-932.1 -6262.7 -65.0 13 0 12.9 21.0 10.0 2.5 2 1 4 2 2
-463.4 -6360.2 -67.3 62 0 13.0 18.0 10.0 2.5 2 1 4 3 3
-968.0 -5970.5 -23.6 70 0 19.1 23.1 10.0 2.5 2 1 4 0 0
-624.4 -6064.8 -44.2 128 0 7.3 9.2 2.5 2.5 2 1 1 4 4
-929.1 -5955.1 -26.6 230 0 9.4 7.5 7.5 2.5 2 0 3 0 0
-806.2 -5895.0 -18.7 13 0 6.6 21.5 2.5 0.0 0 1 1 5 5
-1001.5 -5971.0 -19.5 1 0 10.0 23.8 10.0 2.5 2 1 4 4 4
-854.2 -5984.7 -32.5 282 0 20.8 19.7 10.0 0.0 0 0 4 3 3
-901.0 -5953.3 -26.4 121 0 15.6 18.8 12.5 0.0 0 1 5 2 2
-1014.7 -6009.8 -22.0 359 0 11.3 9.9 5.0 2.5 2 0 2 3 3
-839.9 -5941.5 -28.1 256 0 12.9 18.4 12.5 0.0 0 1 5 5 5
-366.8 -6014.7 -66.4 224 0 17.7 13.5 10.0 0.0 0 0 4 5 5
-891.2 -5978.9 -29.9 238 0 6.6 4.5 7.5 2.5 2 0 3 0 0
-319.4 -5902.5 -68.9 181 0 5.4 5.9 2.5 0.0 0 1 1 0 0
-736.1 -6077.5 -44.3 350 0 3.7 11.9 7.5 2.5 2 1 3 1 1
-843.5 -6063.4 -39.6 83 0 7.1 5.6 5.0 2.5 2 0 2 1 1
-498.0 -6291.3 -61.1 222 0 8.8 8.0 5.0 2.5 2 0 2 4 4
-697.6 -6002.6 -36.0 13 0 3.7 10.2 2.5 2.5 2 1 1 5 5
-822.8 -6250.6 -58.7 53 0 10.8 7.7 7.5 2.5 2 0 3 0 0
-562.4 -6294.1 -63.8 328 0 9.8 22.8 5.0 2.5 4 1 2 1 1
-855.0 -5978.1 -30.7 275 0 8.8 7.2 7.5 0.0 0 0 3 5 5
-605.6 -6308.0 -64.6 62 0 11.0 9.6 2.5 2.5 2 0 1 1 1
-531.7 -5952.8 -42.2 27 0 7.2 11.0 2.5 2.5 4 1 1 3 3
-384.1 -6028.7 -63.1 311 0 8.3 12.8 5.0 2.5 2 1 2 4 4
-514.1 -6148.1 -50.9 329 0 9.5 6.1 2.5 2.5 2 0 1 2 2
-489.7 -6332.2 -63.7 142 0 6.6 10.9 2.5 2.5 2 1 1 3 3
-581.9 -6091.2 -46.7 240 0 9.4 7.1 7.5 2.5 2 0 3 4 4
-334.2 -5795.4 -64.3 91 0 7.2 4.5 5.0 2.5 2 0 2 4 4
-834.9 -6011.4 -34.5 266 0 6.2 6.1 7.5 2.5 2 0 3 3 3
-496.7 -5917.3 -45.9 356 0 17.3 11.0 2.5 2.5 2 0 1 1 1
-936.9 -5977.4 -27.1 52 0 3.4 10.2 5.0 2.5 2 1 2 1 1
-334.2 -6084.2 -71.5 121 0 4.8 14.2 7.5 2.5 4 1 3 5 5
-391.0 -6066.8 -62.6 36 0 4.8 11.1 7.5 0.0 0 1 3 2 2
-901.8 -5995.9 -32.4 243 0 7.5 11.7 5.0 2.5 4 1 2 2 2
-910.9 -6098.3 -43.7 175 0 21.7 21.2 10.0 2.5 2 0 4 4 4
-874.9 -6081.5 -41.0 82 0 14.2 17.0 2.5 2.5 2 1 1 5 5
-365.2 -6273.9 -72.9 232 0 7.9 5.4 5.0 2.5 2 0 2 2 2
-596.5 -6113.1 -47.7 150 0 6.4 9.7 7.5 2.5 2 0 3 3 3
-981.4 -5998.9 -26.1 228 0 8.0 10.4 7.5 2.5 2 1 3 5 5
-820.4 -5987.5 -33.1 280 0 16.1 16.1 10.0 2.5 2 0 4 2 2
-641.2 -6385.4 -70.2 347 0 9.5 14.2 2.5 2.5 2 1 1 0 0
-386.9 -5703.4 -56.4 185 0 3.6 10.7 5.0 0.0 0 1 2 4 4
-341.4 -5818.6 -64.9 278 0 20.1 10.8 5.0 0.0 0 0 2 0 0
-1415.6 -6348.7 -50.8 129 0 8.5 7.2 7.5 2.5 2 0 3 4 4
-243.9 -4862.3 -38.3 145 0 6.5 10.6 7.5 2.5 2 1 3 4 4
-284.6 -4745.1 -20.7 117 0 6.3 13.0 7.5 2.5 2 1 3 3 3
-1802.0 -8777.9 -67.0 27 0 21.4 11.1 5.0 2.5 2 0 2 1 1
-1914.0 -8894.7 -59.4 196 0 5.4 8.2 7.5 2.5 2 1 3 2 2
-1841.3 -9448.1 -71.1 142 0 8.0 50.0 7.5 2.5 2 1 3 0 0
-2091.2 -9402.6 -54.1 162 0 6.8 5.0 7.5 2.5 2 0 3 2 2
-1879.2 -8868.0 -61.7 285 0 6.0 12.2 7.5 2.5 2 1 3 4 4
-2300.5 -9271.0 -34.9 249 0 10.8 10.8 2.5 2.5 2 1 1 0 0
-1730.5 -9677.6 -72.5 277 0 11.3 12.3 10.0 2.5 2 1 4 0 0
-1545.3 -9415.3 -77.0 166 0 12.9 9.8 7.5 2.5 2 0 3 5 5
-1831.5 -9672.9 -71.0 112 0 5.8 8.3 7.5 2.5 2 1 3 4 4
-1829.2 -9464.0 -71.6 53 0 30.4 3.6 7.5 2.5 2 0 3 2 2
-1569.7 -9494.3 -76.4 355 0 4.8 9.5 7.5 0.0 0 1 3 0 0
-1927.6 -9058.8 -61.7 180 0 19.7 10.9 2.5 2.5 2 0 1 2 2
-1958.2 -9257.7 -56.5 202 0 16.4 25.4 10.0 0.0 0 1 4 0 0
-1965.6 -9241.9 -54.6 176 0 13.0 18.2 7.5 0.0 0 0 3 1 1
-1875.9 -9064.4 -63.5 356 0 8.9 23.0 7.5 2.5 2 1 3 3 3
-1921.7 -9077.2 -62.4 177 0 6.5 24.4 2.5 2.5 2 1 1 5 5
-2192.6 -9410.8 -48.2 277 0 4.4 10.2 5.0 0.0 0 1 2 4 4
-1916.2 -8942.4 -57.6 14 0 5.0 7.1 7.5 2.5 2 1 3 3 3
-1861.2 -9129.5 -62.9 357 0 14.3 21.0 10.0 2.5 2 1 4 5 5
-2201.4 -9410.6 -47.9 278 0 5.8 6.0 5.0 2.5 2 1 2 2 2
-1903.8 -8952.8 -58.8 38 0 5.1 10.4 7.5 2.5 2 1 3 5 5
-2068.6 -9545.0 -69.1 204 0 8.6 5.1 7.5 2.5 2 0 3 3 3
-1796.3 -9103.6 -67.4 356 0 19.2 7.7 5.0 2.5 2 0 2 3 3
-1829.7 -9097.4 -66.0 180 0 23.8 11.1 2.5 0.0 0 0 1 3 3
-1848.5 -8996.5 -65.8 179 0 9.4 21.4 7.5 0.0 0 1 3 3 3
-1808.7 -9002.4 -66.9 350 0 9.9 9.3 2.5 2.5 2 0 1 4 4
-1779.3 -9039.4 -69.4 259 0 12.9 24.0 12.5 0.0 0 1 5 1 1
-1754.8 -9011.0 -69.7 284 0 9.3 5.1 2.5 2.5 2 0 1 5 5
-1821.3 -9230.0 -66.4 1 0 21.8 21.4 7.5 2.5 2 0 3 1 1
-1780.7 -9028.2 -69.0 81 0 16.1 15.4 10.0 2.5 2 0 4 3 3
-1852.1 -9359.4 -68.7 177 0 17.8 29.5 17.5 0.0 0 1 7 1 1
-1775.0 -9258.4 -69.8 271 0 38.9 6.6 7.5 0.0 0 0 3 1 1
-1784.7 -9375.6 -69.9 57 0 26.3 14.6 10.0 2.5 2 0 4 4 4
-1758.3 -9273.1 -69.6 87 0 10.3 4.7 7.5 2.5 4 0 3 3 3
-1719.5 -9292.8 -71.1 266 0 26.0 11.9 12.5 2.5 2 0 5 2 2
-1676.5 -9242.5 -73.6 270 0 7.3 4.8 5.0 2.5 2 0 2 3 3
-1824.3 -9390.2 -69.9 147 0 14.2 26.2 7.5 2.5 2 1 3 1 1
-1679.8 -9324.0 -72.1 238 0 24.8 13.4 10.0 2.5 2 0 4 2 2
-1702.0 -9292.1 -72.5 175 0 9.6 25.7 7.5 2.5 2 1 3 5 5
-1659.0 -9275.8 -74.1 265 0 28.7 12.0 12.5 2.5 2 0 5 1 1
-1747.0 -9296.2 -69.8 266 0 24.5 12.5 10.0 2.5 2 0 4 1 1
-1748.4 -9395.0 -71.6 97 0 13.2 19.7 5.0 2.5 2 1 2 0 0
-1659.1 -9250.4 -74.5 90 0 15.3 11.1 7.5 2.5 2 0 3 0 0
-1792.9 -9291.1 -67.7 262 0 10.5 26.0 7.5 0.0 0 1 3 5 5
-1709.1 -9330.8 -70.8 238 0 26.9 12.5 7.5 0.0 0 0 3 0 0
-1779.2 -9320.1 -69.1 263 0 11.6 26.4 12.5 0.0 0 1 5 1 1
-1734.9 -9238.9 -71.6 269 0 25.4 12.1 10.0 2.5 4 0 4 5 5
-1676.4 -9386.8 -72.8 59 0 42.7 10.3 7.5 2.5 4 0 3 3 3
-1728.1 -9332.6 -70.2 253 0 20.4 18.6 7.5 2.5 4 0 3 5 5
-1770.4 -9364.2 -70.0 100 0 11.3 21.0 7.5 2.5 2 1 3 3 3
-1721.5 -9374.2 -71.7 88 0 24.2 8.8 7.5 2.5 2 0 3 1 1
-1807.1 -9333.8 -68.3 172 0 8.1 11.4 2.5 2.5 2 1 1 0 0
-1756.2 -9079.7 -71.1 183 0 6.4 9.3 7.5 2.5 2 1 3 1 1
-1669.0 -9084.9 -76.4 91 0 15.9 5.0 5.0 2.5 2 0 2 5 5
-1979.4 -9375.8 -57.8 267 0 9.8 21.8 5.0 2.5 2 1 2 3 3
-1705.7 -9200.6 -73.7 95 0 21.9 14.7 12.5 2.5 2 0 5 3 3
-1974.9 -9358.1 -57.2 197 0 13.3 12.2 10.0 0.0 0 0 4 5 5
-2016.9 -9447.2 -61.9 188 0 18.6 9.5 5.0 0.0 0 0 2 4 4
-2077.6 -9488.5 -63.9 263 0 13.9 9.9 2.5 2.5 2 0 1 3 3
-1785.6 -9188.8 -68.8 201 0 7.5 5.7 5.0 0.0 0 0 2 4 4
-2081.5 -9514.0 -65.8 170 0 9.3 13.8 7.5 2.5 2 1 3 1 1
-1633.3 -9253.9 -75.3 178 0 8.7 4.7 7.5 2.5 4 0 3 3 3
-2029.0 -9500.1 -65.7 265 0 7.3 7.7 5.0 2.5 2 1 2 4 4
-1647.7 -9136.9 -77.2 273 0 7.8 4.3 5.0 2.5 2 0 2 3 3
-1687.9 -9081.7 -74.9 360 0 5.0 16.1 2.5 2.5 2 1 1 4 4
-2033.0 -9484.1 -64.3 263 0 6.5 9.4 7.5 2.5 2 1 3 3 3
-2020.4 -9481.0 -64.2 242 0 6.2 9.3 7.5 2.5 2 1 3 3 3
-1988.5 -9472.7 -63.9 214 0 7.0 8.7 2.5 2.5 2 1 1 2 2
-2082.5 -9531.1 -67.4 166 0 9.9 7.9 5.0 0.0 0 0 2 1 1
-2052.7 -9486.5 -64.3 262 0 27.8 10.0 7.5 2.5 2 0 3 1 1
-2019.4 -9518.3 -67.8 295 0 7.0 9.4 5.0 2.5 2 1 2 3 3
-2614.1 -9531.0 -66.7 107 0 5.1 6.1 5.0 2.5 2 1 2 4 4
-2658.7 -9491.1 -64.4 348 0 9.1 16.8 7.5 2.5 4 1 3 0 0
-3643.0 -9900.6 -49.8 223 0 3.5 12.7 5.0 2.5 2 1 2 4 4
-2289.2 -9877.6 -67.7 136 0 5.3 6.2 2.5 2.5 2 1 1 3 3
-2987.9 -9632.2 -53.8 23 0 18.7 23.4 10.0 0.0 0 1 4 5 5
-2314.8 -9866.0 -68.8 126 0 25.0 9.5 5.0 2.5 2 0 2 1 1
-2237.9 -9988.9 -65.1 106 0 15.0 17.5 5.0 2.5 2 1 2 5 5
-2051.8 -10071.8 -69.5 286 0 10.9 6.1 2.5 2.5 2 0 1 4 4
-1698.5 -10041.0 -72.2 92 0 22.7 23.6 10.0 0.0 0 1 4 2 2
-1564.0 -9720.0 -75.0 87 0 5.9 25.3 7.5 0.0 0 1 3 3 3
-1774.3 -10039.9 -71.0 113 0 6.3 20.2 7.5 2.5 2 1 3 4 4
-1601.2 -9974.0 -73.5 292 0 7.8 10.4 5.0 2.5 4 1 2 4 4
-2282.0 -10148.4 -53.1 68 0 11.8 6.0 5.0 2.5 2 0 2 2 2
-1757.5 -10103.3 -68.0 288 0 10.5 9.1 7.5 2.5 2 0 3 0 0
-1575.5 -9860.7 -74.4 184 0 8.0 11.6 7.5 2.5 2 1 3 0 0
-1470.4 -9796.7 -76.0 262 0 4.3 10.3 7.5 2.5 4 1 3 4 4
-1579.0 -9876.9 -74.3 184 0 7.9 11.6 5.0 2.5 2 1 2 3 3
-2265.4 -9885.4 -68.2 44 0 26.8 15.2 12.5 0.0 0 0 5 5 5
-1853.8 -10012.5 -71.4 195 0 29.7 9.9 7.5 0.0 0 0 3 2 2
-1598.1 -9722.9 -74.5 80 0 16.9 19.5 10.0 0.0 0 1 4 0 0
-1979.5 -10411.1 -31.8 149 0 9.0 24.7 7.5 2.5 2 1 3 4 4
-1572.8 -9695.0 -74.8 267 0 5.9 25.2 7.5 2.5 2 1 3 3 3
-1848.9 -9780.1 -70.3 203 0 4.7 8.2 2.5 2.5 2 1 1 5 5
-1572.1 -9845.0 -74.5 184 0 7.9 11.6 5.0 2.5 2 1 2 0 0
-1583.8 -9697.5 -74.7 263 0 13.0 4.2 5.0 2.5 2 0 2 1 1
-1872.1 -9994.6 -71.9 344 0 9.8 9.2 5.0 2.5 2 0 2 5 5
-1856.7 -9932.7 -70.8 344 0 19.9 9.3 5.0 2.5 2 0 2 5 5
-1862.1 -9960.3 -71.4 344 0 10.2 9.1 5.0 2.5 2 0 2 4 4
-2356.0 -9918.8 -67.4 58 0 9.1 9.5 5.0 2.5 2 1 2 2 2
-1858.6 -9948.8 -71.1 344 0 10.0 9.3 5.0 2.5 2 0 2 3 3
-1868.8 -9983.5 -71.9 344 0 9.9 9.3 5.0 2.5 2 0 2 4 4
-1923.6 -10029.1 -70.8 184 0 17.1 30.2 10.0 2.5 2 0 4 0 0
-2160.4 -10021.0 -67.3 289 0 9.8 11.5 2.5 2.5 2 1 1 4 4
-2180.6 -9946.9 -69.4 108 0 15.5 20.6 10.0 2.5 2 1 4 4 4
-2298.1 -10086.1 -55.6 240 0 12.2 22.2 7.5 2.5 2 1 3 0 0
-2463.9 -10275.8 -40.3 176 0 5.0 10.3 5.0 2.5 2 1 2 1 1
-2543.5 -10303.1 -44.8 1 0 7.9 5.6 2.5 2.5 2 0 1 3 3
-1386.4 -10047.7 -70.7 65 0 22.9 14.1 2.5 2.5 2 0 1 5 5
-747.3 -11102.2 -66.0 340 0 26.3 16.4 12.5 0.0 0 0 5 5 5
-1754.0 -9518.5 -73.3 326 0 6.2 10.5 7.5 0.0 0 1 3 5 5
-1790.6 -4352.9 -59.1 220 0 9.3 31.5 7.5 2.5 2 1 3 5 5
-1669.2 -4488.2 -60.5 128 0 11.0 38.8 10.0 0.0 0 1 4 0 0
-4433.5 -5093.5 -22.1 198 0 11.3 7.9 5.0 2.5 2 0 2 5 5
-4415.8 -5126.1 -19.7 20 0 10.5 8.8 7.5 2.5 2 0 3 5 5
-4424.6 -5035.9 -19.2 212 0 15.0 9.5 5.0 2.5 2 0 2 4 4
-4417.1 -5006.8 -17.0 212 0 20.4 8.8 2.5 2.5 2 0 1 4 4
-4351.7 -4701.5 11.0 147 0 6.7 11.3 7.5 2.5 2 1 3 2 2
-4745.5 -5078.3 -71.6 224 0 11.1 22.8 12.5 2.5 2 0 5 4 4
-4682.7 -5052.4 -63.9 277 0 7.9 18.0 2.5 2.5 2 1 1 0 0
-4798.6 -5161.4 -69.9 129 0 12.0 16.5 10.0 2.5 2 1 4 2 2
-4983.8 -5294.6 -67.8 328 0 21.6 11.4 7.5 2.5 2 0 3 4 4
-5015.2 -5388.0 -65.7 131 0 13.3 15.7 5.0 2.5 2 1 2 0 0
-4790.0 -5398.7 -59.7 143 0 9.4 34.7 7.5 2.5 4 1 3 3 3
-4396.9 -5329.3 0.6 61 0 9.2 17.2 7.5 2.5 2 1 3 3 3
-4390.1 -5301.8 -0.6 329 0 4.4 8.8 7.5 2.5 2 1 3 4 4
-4700.1 -5631.5 -12.0 322 0 10.3 13.6 7.5 2.5 2 1 3 3 3
-4707.5 -5665.8 -10.5 312 0 15.4 15.8 15.0 0.0 0 1 6 4 4
-4684.3 -5706.3 -8.4 26 0 8.1 13.1 5.0 2.5 2 1 2 5 5
-4477.8 -5283.1 -17.2 315 0 9.9 15.5 7.5 2.5 2 1 3 2 2
-4637.9 -5144.1 -50.0 217 0 10.5 10.1 7.5 2.5 2 0 3 3 3
-5214.6 -7377.0 41.6 146 0 7.7 13.0 7.5 2.5 2 1 3 2 2
-3086.9 -4034.8 14.4 309 0 8.5 16.0 7.5 2.5 2 1 3 2 2
-3239.7 -4144.5 24.1 118 0 23.6 12.9 10.0 2.5 2 0 4 2 2
-6797.1 -5219.1 -74.4 194 0 17.2 9.9 2.5 2.5 2 0 1 1 1
-6737.4 -5181.4 -74.1 283 0 7.3 9.7 5.0 2.5 4 1 2 0 0
-3570.1 -9343.0 -59.1 314 0 9.2 11.6 7.5 0.0 0 1 3 5 5
-3581.3 -9543.7 -60.6 112 0 20.8 12.6 7.5 2.5 2 0 3 4 4
-3752.3 -9353.4 -59.4 136 0 8.3 8.1 7.5 2.5 2 0 3 5 5
-3652.4 -9195.9 -51.2 201 0 10.5 12.5 5.0 2.5 2 1 2 2 2
-4970.4 -6996.6 33.3 123 0 14.1 11.9 5.0 0.0 0 0 2 5 5
-5027.0 -6851.4 39.7 351 0 7.6 11.6 2.5 0.0 0 1 1 4 4
-5035.9 -6912.9 34.9 238 0 10.0 13.6 7.5 0.0 0 1 3 2 2
-5019.9 -6939.6 34.3 326 0 10.0 6.1 5.0 2.5 2 0 2 0 0
-5185.5 -7580.5 38.4 151 0 6.9 24.2 2.5 2.5 2 1 1 5 5
-4564.6 -7389.8 42.1 230 0 16.2 16.1 2.5 0.0 0 0 1 3 3
-4566.9 -7339.6 43.1 297 0 3.5 7.9 7.5 0.0 0 1 3 4 4
-4687.9 -7340.9 38.1 111 0 12.4 10.4 2.5 2.5 2 0 1 1 1
-4755.2 -7194.3 41.6 69 0 8.6 21.9 5.0 2.5 2 1 2 4 4
-5061.6 -6705.2 26.8 354 0 13.0 14.3 5.0 2.5 4 1 2 0 0
-2130.3 -4378.8 -40.4 245 0 7.0 14.7 5.0 0.0 0 1 2 5 5
-6633.9 -5319.3 -71.9 188 0 18.0 33.1 7.5 2.5 2 1 3 2 2
-3324.8 -9763.4 -65.5 31 0 10.7 15.3 10.0 2.5 2 1 4 5 5
-4025.5 -9964.7 -35.4 192 0 8.1 26.2 5.0 2.5 2 1 2 4 4
-3866.1 -9765.2 -59.4 154 0 12.5 15.3 7.5 0.0 0 1 3 0 0
-3810.5 -9771.1 -60.6 231 0 9.6 13.9 5.0 2.5 2 1 2 2 2
-3604.8 -9793.5 -58.6 194 0 13.7 15.2 5.0 2.5 2 1 2 3 3
-3624.0 -9790.0 -59.1 194 0 14.7 14.1 2.5 2.5 4 0 1 0 0
-3624.9 -9844.1 -55.4 100 0 16.6 13.4 7.5 2.5 2 0 3 1 1
-3573.6 -9743.5 -61.5 268 0 13.7 12.1 7.5 2.5 2 0 3 4 4
-3533.4 -9738.2 -61.8 283 0 10.4 15.8 7.5 2.5 2 1 3 0 0
-3663.5 -9753.0 -61.2 272 0 9.3 9.4 5.0 2.5 2 1 2 2 2
-3640.9 -9747.6 -61.7 273 0 8.2 14.1 7.5 2.5 2 1 3 2 2
-3704.6 -9667.5 -61.3 37 0 10.5 23.1 7.5 2.5 4 1 3 1 1
-3591.2 -9652.3 -61.4 101 0 4.7 30.7 5.0 2.5 2 1 2 4 4
-3971.2 -9616.5 -56.9 17 0 12.5 10.0 7.5 2.5 2 0 3 2 2
-3326.2 -8637.1 -41.1 289 0 5.1 9.9 5.0 2.5 2 1 2 2 2
-4626.3 -7418.6 39.4 223 0 13.2 13.4 7.5 2.5 2 1 3 2 2
-4593.0 -7446.4 40.5 145 0 15.1 14.5 2.5 2.5 2 0 1 0 0
-4587.8 -7456.2 40.6 145 0 10.2 19.5 7.5 2.5 2 1 3 5 5
-4570.4 -7461.4 41.1 144 0 9.1 33.4 7.5 2.5 2 1 3 0 0
-4552.8 -7468.4 41.2 142 0 8.8 19.7 2.5 2.5 2 1 1 4 4
-4656.0 -7339.7 39.1 69 0 12.8 10.9 2.5 2.5 2 0 1 1 1
-4706.7 -7344.9 37.3 224 0 13.8 9.0 7.5 2.5 2 0 3 4 4
-5164.1 -5829.5 -27.6 121 0 4.3 8.5 7.5 2.5 2 1 3 5 5
-5136.1 -5802.3 -27.9 151 0 10.2 19.3 2.5 2.5 2 1 1 1 1
-5235.5 -5730.2 -39.5 112 0 26.0 10.1 10.0 2.5 2 0 4 5 5
-5034.5 -5702.9 -43.0 61 0 32.5 6.0 5.0 2.5 4 0 2 3 3
-5002.6 -5685.2 -42.6 61 0 35.8 5.9 2.5 2.5 2 0 1 2 2
-4978.6 -5671.7 -39.5 60 0 14.4 5.6 2.5 2.5 2 0 1 1 1
-4958.0 -5617.8 -42.7 318 0 7.8 19.8 7.5 2.5 2 1 3 2 2
-4637.3 -5441.2 -25.1 157 0 8.4 6.4 5.0 2.5 2 0 2 5 5
-4646.5 -5418.2 -32.3 157 0 8.4 6.4 7.5 2.5 2 0 3 1 1
-4532.6 -5007.5 -40.6 17 0 10.6 4.1 5.0 2.5 2 0 2 3 3
-5634.9 -6854.1 44.3 76 0 7.6 13.5 5.0 2.5 2 1 2 1 1
-5609.5 -5307.3 -45.6 125 0 3.8 10.8 7.5 2.5 2 1 3 4 4
-5585.9 -5372.2 -42.0 83 0 17.4 14.6 12.5 2.5 2 0 5 0 0
-3390.1 -3692.3 -36.2 40 0 7.5 10.7 7.5 2.5 2 0 3 2 2
-3435.5 -3792.4 -32.5 202 0 8.0 11.7 2.5 2.5 2 1 1 0 0
-3414.5 -3593.6 -46.5 11 0 8.3 6.2 5.0 0.0 0 0 2 1 1
-2974.1 -3470.9 -32.6 233 0 12.2 11.5 10.0 0.0 0 0 4 4 4
-1169.5 -5826.5 19.2 45 0 5.6 7.3 7.5 0.0 0 1 3 1 1
-1162.2 -5819.9 19.3 50 0 5.5 9.3 5.0 2.5 2 1 2 3 3
-2860.0 -4208.8 20.4 337 0 29.5 10.6 12.5 2.5 4 0 5 3 3
-4667.8 -5608.5 -12.5 56 0 10.6 10.6 10.0 2.5 2 1 4 3 3
-4640.5 -5596.5 -12.3 106 0 7.1 30.8 5.0 2.5 2 1 2 1 1
-4622.8 -5550.8 -14.0 287 0 8.6 13.4 5.0 2.5 4 1 2 5 5
-4610.8 -5611.3 -10.8 26 0 10.0 17.5 7.5 0.0 0 1 3 3 3
-4659.2 -5628.4 -11.3 105 0 7.8 15.3 5.0 2.5 2 1 2 5 5
-4615.4 -5668.4 -7.3 321 0 7.8 12.3 5.0 2.5 2 1 2 5 5
-4646.6 -5653.7 -9.0 293 0 10.5 3.8 5.0 2.5 2 0 2 1 1
-4594.9 -5829.1 -0.6 121 0 18.3 14.8 15.0 0.0 0 0 6 1 1
-3903.2 -6456.2 66.9 186 0 3.5 17.8 7.5 2.5 2 1 3 4 4
-2878.4 -3968.0 23.9 355 0 13.7 12.7 7.5 0.0 0 0 3 5 5
-2787.4 -4007.8 28.5 70 0 15.6 16.1 10.0 0.0 0 1 4 2 2
-2815.8 -4026.6 26.8 69 0 24.5 11.2 17.5 0.0 0 0 7 0 0
-2765.4 -4008.1 30.2 257 0 14.2 31.9 12.5 2.5 2 1 5 5 5
-2745.5 -4066.6 34.4 355 0 38.8 12.1 10.0 2.5 2 0 4 2 2
-2781.3 -4088.7 29.2 177 0 38.8 11.0 10.0 2.5 2 0 4 0 0
-2800.0 -4078.7 28.1 118 0 9.2 10.0 7.5 2.5 2 1 3 0 0
-2858.2 -4057.2 24.7 329 0 29.6 9.4 7.5 2.5 2 0 3 1 1
-2828.5 -4102.9 25.7 345 0 8.6 13.5 5.0 2.5 2 1 2 3 3
-2813.2 -4436.4 34.8 142 0 11.9 43.1 10.0 2.5 2 1 4 3 3
-2845.0 -4333.1 27.1 161 0 9.0 9.2 2.5 2.5 4 1 1 3 3
-2841.2 -4401.2 29.8 148 0 18.4 10.8 10.0 2.5 2 0 4 2 2
-2891.8 -4440.0 31.3 133 0 36.4 17.9 12.5 2.5 2 0 5 3 3
-2870.5 -4315.7 24.3 161 0 25.4 9.2 2.5 2.5 2 0 1 5 5
-2850.7 -4270.6 23.2 346 0 9.6 12.9 2.5 2.5 2 1 1 4 4
-2882.0 -4281.5 23.9 166 0 9.8 9.7 5.0 2.5 2 0 2 1 1
-2893.8 -4284.7 25.3 169 0 9.8 8.4 5.0 2.5 2 0 2 3 3
-2906.0 -4287.3 26.5 167 0 11.0 9.9 7.5 2.5 2 0 3 5 5
-2917.5 -4291.4 27.9 166 0 10.5 8.4 5.0 2.5 2 0 2 5 5
-2904.1 -4210.4 20.5 166 0 18.7 16.9 10.0 2.5 2 0 4 3 3
-1775.1 -9633.8 -71.9 342 0 17.1 24.7 7.5 2.5 2 1 3 3 3
