6220.4 5850.2 -27.5 209 0 16.3 44.2 10.0 2.5 2 1 4 3 3
6318.4 5787.9 -28.0 41 0 15.9 27.3 7.5 0.0 0 1 3 4 4
6501.2 5995.4 -28.8 43 0 16.0 13.3 7.5 2.5 2 0 3 5 5
6502.0 6116.7 -26.3 314 0 18.7 19.5 10.0 2.5 2 1 4 1 1
5905.7 7380.0 1.6 356 0 10.2 14.0 5.0 0.0 0 1 2 1 1
5907.7 7349.9 -2.2 0 0 6.6 16.0 2.5 2.5 2 1 1 5 5
6493.7 6023.1 -28.3 310 0 14.3 13.1 2.5 0.0 0 0 1 4 4
6446.8 6060.4 -27.2 312 0 30.1 12.1 10.0 2.5 2 0 4 0 0
6480.5 6036.2 -27.9 311 0 13.0 13.4 5.0 2.5 4 1 2 4 4
5952.2 6507.1 -19.1 334 0 9.7 11.9 7.5 2.5 2 1 3 3 3
5903.9 6565.2 -18.1 268 0 13.3 12.3 7.5 2.5 2 0 3 4 4
5885.6 6374.6 -22.2 299 0 9.2 14.6 7.5 2.5 4 1 3 5 5
5952.8 5922.4 -19.2 19 0 12.3 17.3 12.5 0.0 0 1 5 2 2
6151.0 6001.7 -27.0 293 0 7.2 15.5 7.5 2.5 2 1 3 0 0
6141.4 6050.5 -26.6 293 0 13.9 26.0 7.5 0.0 0 1 3 4 4
6585.7 6111.0 -27.4 140 0 14.6 16.4 5.0 2.5 2 1 2 0 0
6043.9 5504.5 -21.2 180 0 13.9 22.1 7.5 2.5 2 1 3 0 0
6061.9 5487.4 -20.7 120 0 9.2 6.8 5.0 2.5 2 0 2 4 4
6599.1 6003.0 -29.7 157 0 12.3 16.3 10.0 2.5 2 1 4 4 4
6606.4 5986.3 -30.2 155 0 15.8 15.8 2.5 0.0 0 0 1 1 1
6590.1 6002.3 -30.1 340 0 49.8 15.4 12.5 2.5 2 0 5 4 4
6385.1 5832.1 -29.5 309 0 23.8 10.7 7.5 2.5 2 0 3 4 4
6354.1 5807.5 -29.1 219 0 27.8 14.3 15.0 0.0 0 0 6 1 1
6417.8 5909.4 -30.2 209 0 26.3 20.0 10.0 2.5 2 0 4 1 1
6404.0 5908.3 -29.6 26 0 9.6 16.5 5.0 2.5 2 1 2 2 2
6565.9 6138.2 -26.5 65 0 19.8 19.4 10.0 2.5 4 0 4 4 4
6419.3 5885.8 -30.2 295 0 24.6 14.3 7.5 2.5 2 0 3 3 3
6420.2 5986.4 -28.3 307 0 14.0 11.0 10.0 2.5 4 0 4 0 0
6431.0 5931.4 -29.6 208 0 8.7 16.6 7.5 2.5 2 1 3 5 5
6358.4 6358.7 -21.0 130 0 11.1 25.9 10.0 2.5 2 1 4 1 1
6598.3 6186.7 -26.5 153 0 20.3 18.6 10.0 2.5 2 0 4 5 5
6405.0 6342.7 -21.5 64 0 32.6 15.9 10.0 2.5 4 0 4 4 4
6591.2 6211.5 -26.0 140 0 17.0 18.9 7.5 2.5 2 1 3 3 3
6379.7 6327.5 -21.2 65 0 23.5 15.0 5.0 0.0 0 0 2 0 0
6480.7 6468.2 -18.2 332 0 10.8 17.3 2.5 2.5 2 1 1 4 4
6436.9 6368.5 -21.7 333 0 14.1 15.6 2.5 0.0 0 1 1 3 3
6478.0 6378.9 -22.4 150 0 14.4 22.7 10.0 2.5 2 1 4 0 0
6423.9 6385.0 -21.6 329 0 14.0 20.6 10.0 2.5 2 1 4 3 3
6367.2 5823.8 -29.3 219 0 14.0 16.5 5.0 2.5 2 0 2 1 1
6632.7 6142.9 -27.7 127 0 18.0 27.3 7.5 2.5 2 1 3 4 4
6114.8 4780.7 -10.8 48 0 8.9 20.1 2.5 2.5 2 0 1 3 3
6332.1 4735.1 -19.0 321 0 11.9 8.5 5.0 2.5 2 0 2 3 3
6152.7 5741.3 -21.8 203 0 24.9 17.1 10.0 0.0 0 0 4 4 4
6704.8 6163.4 -28.7 226 0 12.4 24.9 7.5 2.5 2 1 3 0 0
6289.7 4859.1 -24.1 27 0 7.1 15.8 7.5 2.5 2 1 3 4 4
6297.9 4775.0 -18.0 329 0 10.4 8.3 7.5 2.5 2 0 3 3 3
6060.1 4802.2 -16.4 196 0 7.0 36.8 7.5 0.0 0 1 3 5 5
6369.5 4657.4 -11.3 307 0 17.0 11.2 5.0 0.0 0 0 2 2 2
6678.2 6104.4 -29.0 135 0 25.4 19.0 10.0 0.0 0 0 4 5 5
6302.4 4982.6 -29.5 204 0 10.1 22.6 7.5 2.5 2 1 3 0 0
6210.2 5226.5 -28.2 83 0 12.7 20.2 12.5 2.5 2 1 5 3 3
6287.1 5785.8 -26.9 141 0 7.9 11.5 5.0 2.5 2 1 2 2 2
5937.7 4839.0 -13.5 215 0 19.1 76.0 10.0 2.5 2 1 4 0 0
5975.7 4675.9 -4.7 299 0 24.6 8.3 2.5 2.5 4 0 1 5 5
6308.2 4991.2 -29.6 176 0 10.6 20.2 10.0 2.5 2 1 4 1 1
6759.5 6109.5 -30.0 89 0 18.7 18.9 7.5 2.5 2 1 3 4 4
5963.5 4642.3 -4.7 118 0 14.8 8.6 7.5 2.5 2 0 3 0 0
5937.8 4673.8 -4.9 119 0 17.2 16.0 10.0 2.5 2 0 4 0 0
6705.8 6052.6 -30.4 157 0 25.9 19.4 7.5 2.5 4 0 3 3 3
6230.3 5285.2 -28.1 353 0 20.7 17.3 7.5 2.5 2 0 3 2 2
6139.2 4797.3 -19.3 46 0 48.9 34.8 12.5 0.0 0 0 5 5 5
6795.1 6113.0 -30.6 315 0 18.2 27.8 7.5 2.5 2 1 3 0 0
6274.9 5594.4 -29.5 31 0 15.0 26.9 12.5 2.5 2 1 5 4 4
6289.6 5706.7 -28.0 203 0 9.1 10.2 5.0 0.0 0 1 2 0 0
6287.2 5659.5 -28.5 134 0 9.1 3.5 7.5 2.5 2 0 3 0 0
6344.4 5702.6 -30.0 25 0 14.6 12.6 7.5 2.5 2 0 3 3 3
6269.8 5676.3 -27.5 212 0 8.7 7.6 7.5 2.5 2 0 3 0 0
6296.7 5649.8 -29.3 134 0 12.3 3.7 7.5 2.5 2 0 3 2 2
6300.7 5725.5 -28.7 208 0 12.8 19.3 7.5 2.5 2 0 3 3 3
6309.1 5741.5 -29.0 208 0 7.0 24.8 7.5 2.5 2 0 3 1 1
5117.6 -6293.6 -14.6 98 0 18.5 53.3 17.5 3.5 2 1 5 1 1
5038.5 -6399.6 -14.1 98 0 30.8 26.3 17.5 0.0 0 0 5 5 5
5177.9 -6362.3 -15.9 275 0 15.6 19.2 17.5 3.5 2 1 5 5 5
5035.7 -6460.4 -14.1 97 0 23.0 18.4 14.0 3.5 2 0 4 5 5
5145.5 -6357.6 -15.8 278 0 12.5 19.7 17.5 3.5 2 1 5 3 3
5089.7 -6417.5 -14.3 277 0 34.9 29.2 14.0 0.0 0 0 4 2 2
5084.3 -6410.0 -15.5 98 0 22.1 56.8 14.0 0.0 0 1 4 3 3
5222.6 -6401.6 -16.0 6 0 21.6 10.6 17.5 3.5 2 0 5 3 3
2950.9 -6321.7 -10.1 241 0 12.3 40.5 12.5 2.5 2 1 5 3 3
1033.6 -5596.5 -2.1 346 0 21.5 20.1 10.0 2.5 2 0 4 3 3
6468.0 6046.5 -27.5 310 0 7.6 16.0 5.0 2.5 2 1 2 0 0
6810.3 5999.7 -32.1 133 0 6.0 5.9 5.0 2.5 2 0 2 5 5
-3762.0 -10521.4 -7.9 234 0 37.3 58.6 14.0 0.0 0 1 4 5 5
-1483.9 -7652.3 -9.4 326 0 13.2 17.9 5.0 2.5 2 1 2 4 4
-2141.4 -8544.6 -11.1 35 0 19.0 24.9 17.5 3.5 2 0 5 1 1
-2587.5 -9836.1 -7.5 203 0 59.8 46.2 14.0 0.0 0 0 4 5 5
-2808.9 -9863.9 -6.1 303 0 82.2 109.3 17.5 0.0 0 1 5 2 2
-2803.2 -9722.9 -5.5 358 0 18.5 23.4 14.0 0.0 0 1 4 0 0
-3640.2 -10661.6 -9.7 221 0 13.2 15.5 14.0 3.5 2 1 4 1 1
-3669.5 -10636.1 -9.4 221 0 15.7 30.7 14.0 3.5 2 1 4 4 4
-4210.6 -9529.3 -2.4 327 0 15.2 23.3 14.0 3.5 2 1 4 3 3
5269.8 -6072.1 -16.1 326 0 16.6 26.9 14.0 3.5 2 1 4 4 4
4843.2 -5506.9 -16.9 97 0 45.2 57.1 17.5 0.0 0 1 5 1 1
2859.4 -6178.6 -8.1 61 0 20.5 13.7 7.5 2.5 2 0 3 5 5
2370.4 -5822.4 -7.4 20 0 10.8 15.5 7.5 2.5 2 1 3 1 1
2362.8 -5832.4 -7.4 20 0 9.3 16.9 7.5 2.5 2 0 3 0 0
2345.6 -5854.4 -7.4 110 0 17.0 22.0 10.0 2.5 2 0 4 0 0
1644.8 -5682.6 -3.6 352 0 20.3 20.0 10.0 2.5 2 0 4 2 2
1164.7 -5735.9 -3.3 2 0 11.6 14.4 5.0 2.5 4 1 2 3 3
1129.2 -5740.7 -3.1 92 0 20.9 11.6 7.5 2.5 2 0 3 5 5
1138.5 -5745.4 -3.2 272 0 39.8 10.6 7.5 2.5 4 0 3 5 5
306.0 -5641.3 -0.3 329 0 18.4 20.5 7.5 2.5 2 1 3 4 4
63.9 -5975.3 2.1 295 0 15.2 10.4 7.5 2.5 2 0 3 3 3
-227.1 -6169.7 0.9 311 0 14.6 45.8 10.0 0.0 0 1 4 4 4
-832.7 -6919.5 -3.1 39 0 12.7 14.3 5.0 2.5 2 0 2 3 3
-823.1 -6907.6 -3.0 39 0 17.9 9.9 5.0 2.5 2 0 2 1 1
-806.6 -6920.9 -3.8 39 0 17.9 21.2 7.5 2.5 2 0 3 1 1
-890.7 -7000.1 -5.3 313 0 17.7 20.6 10.0 2.5 2 0 4 3 3
-1432.8 -7755.7 -10.4 132 0 6.6 8.9 5.0 2.5 2 1 2 2 2
-1436.4 -7725.9 -10.2 191 0 5.8 12.4 7.5 0.0 0 1 3 1 1
-1403.0 -7750.4 -10.4 31 0 16.9 13.6 5.0 2.5 4 0 2 2 2
-1441.4 -7770.5 -10.3 132 0 15.7 16.0 10.0 2.5 2 0 4 1 1
4678.5 -10950.2 -25.0 237 0 20.2 12.2 7.5 2.5 2 0 3 5 5
5115.7 -5976.9 -15.4 273 0 18.7 36.8 17.5 3.5 2 1 5 0 0
5145.4 -6055.2 -15.6 92 0 14.4 31.4 17.5 3.5 2 1 5 0 0
5116.0 -6053.4 -15.5 94 0 26.5 17.3 17.5 3.5 2 0 5 5 5
5170.4 -6731.4 -15.7 266 0 19.8 14.3 14.0 3.5 2 0 4 3 3
6938.2 -6424.6 -24.4 327 0 13.2 24.5 10.0 2.5 2 1 4 4 4
5740.2 -7646.4 -21.2 174 0 51.1 10.6 7.5 2.5 4 0 3 0 0
5725.1 -7519.5 -19.7 173 0 23.3 10.5 8.0 2.5 2 0 2 1 1
5850.9 -7576.1 -21.3 260 0 8.9 29.1 7.5 2.5 2 1 3 1 1
5856.9 -7608.9 -21.0 260 0 8.9 26.7 4.0 2.5 2 1 1 0 0
5826.4 -7781.7 -21.2 186 0 11.8 12.4 12.0 2.5 2 1 3 0 0
5800.2 -7758.7 -21.5 173 0 9.2 34.8 7.5 2.5 2 0 3 4 4
5708.1 -7765.3 -21.6 83 0 4.9 93.0 7.5 2.5 2 1 3 0 0
5668.3 -7723.2 -21.5 173 0 93.0 5.1 7.5 2.5 2 0 3 3 3
5692.8 -7767.1 -21.6 83 0 11.8 93.0 7.5 2.5 2 1 3 4 4
5720.5 -7625.0 -21.2 352 0 8.9 50.4 7.5 2.5 2 1 3 5 5
5714.8 -7583.0 -20.7 352 0 13.6 25.6 10.0 2.5 2 0 4 5 5
5716.7 -7597.0 -21.0 352 0 14.5 47.1 7.5 2.5 2 0 3 0 0
5732.2 -7576.5 -21.3 173 0 51.3 10.5 10.0 2.5 2 0 4 1 1
5795.7 -7520.3 -20.4 356 0 9.7 29.7 7.5 2.5 2 1 3 5 5
5755.8 -7463.8 -19.9 263 0 8.8 27.7 12.0 2.5 2 1 3 0 0
5770.6 -7478.0 -20.2 173 0 26.9 17.3 10.0 2.5 2 0 4 3 3
5750.3 -7808.7 -21.7 354 0 13.6 64.7 7.5 2.5 2 1 3 3 3
5813.6 -7828.6 -21.1 170 0 12.5 29.6 7.5 2.5 2 1 3 1 1
5851.3 -7870.8 -21.3 351 0 9.2 29.9 7.5 2.5 2 1 3 4 4
5859.5 -7913.1 -21.0 351 0 9.2 29.9 7.5 2.5 2 1 3 1 1
5858.9 -7767.5 -21.2 167 0 9.3 29.9 7.5 0.0 0 1 3 0 0
5895.0 -7796.5 -20.9 347 0 9.2 29.9 7.5 2.5 2 1 3 1 1
5903.7 -7839.7 -20.9 347 0 9.2 29.9 7.5 2.5 2 1 3 4 4
5910.6 -7872.8 -21.0 347 0 9.2 29.9 7.5 0.0 0 1 3 2 2
5763.0 -7792.4 -21.4 264 0 12.7 84.4 10.0 2.5 2 1 4 1 1
5716.2 -7864.3 -21.4 263 0 59.9 19.3 10.0 2.5 2 0 4 5 5
5711.9 -7951.5 -20.8 172 0 14.0 46.1 7.5 2.5 2 1 3 4 4
5827.4 -7993.5 -20.8 83 0 94.0 14.0 7.5 2.5 2 0 3 2 2
5878.9 -7679.6 -21.2 251 0 29.6 60.2 10.0 0.0 0 1 4 4 4
5154.0 -4561.2 -8.0 26 0 8.7 10.8 7.5 0.0 0 1 3 4 4
5260.8 -4551.0 1.0 306 0 8.7 10.8 7.5 2.5 2 1 3 5 5
5245.3 -4544.1 0.8 288 0 8.7 10.8 7.5 2.5 2 1 3 2 2
5201.0 -4542.5 -2.9 243 0 8.7 10.8 7.5 2.5 4 1 3 1 1
5167.1 -4578.8 -4.8 216 0 8.7 10.8 7.5 2.5 4 1 3 2 2
5179.3 -4587.9 -2.5 224 0 8.7 10.8 7.5 2.5 2 1 3 1 1
5202.9 -4567.3 -1.6 221 0 8.7 10.8 7.5 2.5 2 1 3 5 5
5219.7 -4557.1 -0.9 252 0 8.7 10.8 7.5 2.5 2 1 3 4 4
5211.1 -4452.9 -8.0 20 0 6.7 24.4 8.0 2.5 2 1 2 1 1
5203.8 -4626.7 -5.0 11 0 11.7 10.0 7.5 0.0 0 0 3 3 3
5152.2 -4600.1 -5.5 306 0 10.0 11.7 7.5 2.5 2 1 3 2 2
5159.2 -4618.0 -4.6 126 0 10.0 11.7 7.5 0.0 0 1 3 2 2
6834.5 -6002.9 -22.6 56 0 18.2 20.2 10.0 2.5 2 1 4 0 0
5077.8 -7237.6 -18.3 20 0 9.4 9.9 12.0 3.5 2 0 3 4 4
5114.2 -7234.0 -18.7 286 0 13.5 42.3 14.0 3.5 4 1 4 4 4
5127.5 -7277.3 -18.8 17 0 12.7 9.5 12.0 3.5 4 0 3 5 5
5135.2 -7258.2 -18.6 17 0 14.3 11.5 16.0 0.0 0 0 4 1 1
5150.5 -7180.9 -18.2 286 0 7.8 27.9 12.0 3.5 2 1 3 5 5
5145.6 -7224.7 -18.4 16 0 23.5 11.1 14.0 3.5 4 0 4 5 5
5082.7 -7180.1 -18.0 10 0 18.3 31.7 14.0 3.5 2 0 4 3 3
5028.6 -7067.8 -16.6 291 0 11.8 41.6 14.0 3.5 2 1 4 4 4
5151.2 -7020.4 -16.2 216 0 13.4 17.7 4.0 2.5 2 1 1 3 3
5157.4 -7062.9 -16.9 126 0 15.9 21.1 10.0 2.5 2 1 4 0 0
5138.8 -7079.6 -17.3 216 0 38.8 17.9 14.0 3.5 2 0 4 2 2
5184.9 -7246.6 -18.6 188 0 8.6 83.7 7.5 2.5 2 0 3 5 5
5157.6 -7234.0 -18.6 197 0 7.6 26.2 10.5 3.5 2 1 3 5 5
5244.7 -7235.5 -18.5 102 0 23.8 12.5 7.5 2.5 2 0 3 3 3
5198.8 -7219.1 -18.5 192 0 12.5 24.1 7.5 0.0 0 1 3 4 4
5371.3 -7068.3 -17.1 254 0 8.3 35.6 7.5 2.5 2 1 3 2 2
5390.5 -7227.8 -18.1 103 0 50.3 16.0 10.0 2.5 4 0 4 5 5
4766.8 -6924.2 -13.1 292 0 18.2 26.3 14.0 3.5 2 1 4 3 3
4739.7 -7141.7 -17.8 191 0 53.6 17.8 14.0 3.5 2 0 4 3 3
5004.1 -7155.5 -17.9 283 0 23.7 13.0 14.0 3.5 2 0 4 1 1
4972.1 -7076.8 -16.6 295 0 6.5 21.0 12.0 0.0 0 1 3 2 2
5018.8 -6995.9 -15.5 294 0 7.9 28.4 12.0 3.5 2 1 3 3 3
4955.8 -6975.7 -15.3 293 0 13.2 35.2 14.0 0.0 0 1 4 1 1
4969.6 -6981.6 -15.3 293 0 13.2 35.2 14.0 3.5 2 1 4 4 4
4983.4 -6987.4 -15.4 293 0 13.3 35.2 14.0 3.5 2 1 4 3 3
4997.6 -6993.4 -15.5 293 0 13.7 35.2 14.0 3.5 2 1 4 1 1
4936.4 -6970.4 -15.1 296 0 17.5 26.9 14.0 3.5 2 1 4 1 1
4900.6 -6970.4 -15.5 294 0 9.4 50.8 10.5 3.5 2 1 3 2 2
4883.1 -7032.8 -16.1 296 0 11.5 26.2 14.0 3.5 2 1 4 5 5
4918.2 -7007.4 -15.7 296 0 17.5 25.5 14.0 3.5 2 1 4 1 1
4903.4 -7057.4 -16.2 26 0 26.2 17.6 14.0 3.5 2 0 4 3 3
4928.5 -7069.8 -16.4 26 0 26.2 17.6 14.0 3.5 4 0 4 0 0
4950.0 -7065.8 -16.6 296 0 16.0 26.2 14.0 3.5 4 1 4 4 4
4935.8 -7104.3 -17.1 296 0 7.6 27.4 12.0 3.5 4 1 3 3 3
4921.9 -7097.4 -17.0 296 0 8.3 27.4 12.0 3.5 4 1 3 3 3
4906.8 -7090.0 -17.0 296 0 12.8 31.3 14.0 3.5 2 1 4 4 4
4883.7 -7078.6 -16.8 296 0 17.4 25.4 14.0 3.5 2 1 4 4 4
4871.3 -7111.1 -17.2 296 0 11.0 21.6 16.0 3.5 2 1 4 1 1
4858.4 -7104.7 -17.2 296 0 10.6 25.4 14.0 3.5 2 1 4 3 3
4846.2 -7098.7 -17.1 296 0 6.2 25.4 12.0 3.5 2 0 3 1 1
4850.9 -7063.6 -16.8 296 0 16.3 40.6 14.0 3.5 2 0 4 2 2
4915.1 -7150.0 -17.7 284 0 11.9 33.1 14.0 3.5 2 1 4 1 1
5523.8 -6780.0 -17.4 357 0 18.7 32.1 14.0 3.5 2 0 4 2 2
5467.1 -6785.9 -17.6 177 0 19.2 24.7 14.0 3.5 2 0 4 5 5
5172.4 -6688.8 -15.0 92 0 18.7 24.8 14.0 3.5 4 1 4 0 0
4664.5 -6658.4 -15.1 270 0 11.4 9.4 10.5 3.5 2 0 3 3 3
4664.6 -6667.8 -15.0 269 0 13.8 21.5 14.0 3.5 2 0 4 2 2
5226.0 -7120.2 -17.7 13 0 5.3 58.4 7.5 2.5 2 1 3 0 0
3601.9 -6527.3 -11.9 202 0 7.5 30.5 10.5 3.5 2 1 3 4 4
3562.6 -6620.6 -13.6 202 0 7.2 38.4 10.5 3.5 2 1 3 5 5
3704.8 -6527.5 -13.1 24 0 40.8 20.6 14.0 0.0 0 0 4 1 1
3673.7 -6490.3 -12.6 294 0 45.7 46.4 14.0 0.0 0 0 4 0 0
3726.1 -6577.6 -14.7 295 0 18.7 35.7 14.0 0.0 0 1 4 2 2
3827.5 -6396.7 -12.6 276 0 17.9 12.1 2.5 2.5 4 0 1 3 3
1994.8 -5626.5 -6.2 180 0 13.6 25.3 7.5 2.5 2 1 3 5 5
1989.1 -5663.3 -5.9 74 0 14.3 24.9 7.5 2.5 2 1 3 4 4
2012.2 -5652.5 -6.0 88 0 14.0 9.5 7.5 0.0 0 0 3 4 4
1865.1 -4856.6 -8.0 56 0 22.4 13.6 10.0 2.5 4 0 4 0 0
4176.5 -6048.1 -14.7 327 0 16.5 31.1 10.5 3.5 2 1 3 0 0
4215.1 -6710.1 -15.1 287 0 35.3 14.4 14.0 3.5 2 0 4 1 1
4391.5 -6673.3 -13.6 101 0 59.7 21.3 14.0 3.5 4 0 4 4 4
3576.7 -5331.8 -13.1 145 0 11.9 17.5 7.5 0.0 0 1 3 5 5
3569.5 -6460.9 -10.6 193 0 7.3 15.5 10.5 3.5 2 1 3 5 5
3600.3 -6444.3 -10.8 283 0 10.4 15.7 14.0 3.5 2 0 4 4 4
3556.9 -6442.2 -10.7 193 0 15.7 37.6 14.0 3.5 2 0 4 1 1
5370.9 -2553.6 10.8 344 0 11.9 19.6 7.5 0.0 0 1 3 3 3
2706.1 -3683.3 -8.7 329 0 20.9 13.9 7.5 2.5 2 0 3 1 1
2239.2 -6029.2 -7.1 288 0 22.7 12.4 10.0 2.5 2 0 4 2 2
2238.3 -6014.1 -7.1 288 0 42.2 12.5 7.5 2.5 2 0 3 2 2
2322.8 -6047.8 -7.8 198 0 9.5 35.1 7.5 2.5 4 1 3 0 0
2278.1 -6033.9 -7.5 198 0 11.0 39.1 10.0 2.5 2 1 4 1 1
2169.7 -6094.7 -6.8 198 0 5.1 24.4 2.5 2.5 2 0 1 1 1
2181.8 -6057.5 -6.9 198 0 9.4 24.4 7.5 2.5 2 0 3 5 5
2175.4 -6077.1 -6.9 198 0 31.7 24.4 10.0 0.0 0 0 4 0 0
2237.7 -6074.7 -7.2 288 0 30.7 27.7 7.5 0.0 0 0 3 5 5
2341.6 -6105.1 -7.9 288 0 17.5 64.8 10.0 2.5 2 1 4 3 3
2268.8 -6069.0 -7.7 198 0 17.5 64.6 7.5 2.5 2 1 3 1 1
2157.8 -6131.2 -7.0 198 0 17.5 64.6 7.5 2.5 4 1 3 5 5
2261.6 -6174.6 -7.5 108 0 64.6 17.5 12.5 2.5 2 0 5 4 4
2001.4 -6054.4 -5.5 57 0 22.6 26.2 7.5 2.5 2 1 3 5 5
2009.9 -6006.5 -5.5 57 0 22.6 26.2 7.5 2.5 4 1 3 1 1
2017.9 -5958.1 -5.4 57 0 22.6 26.2 7.5 2.5 2 1 3 3 3
2058.9 -5914.2 -5.8 237 0 22.6 26.2 10.0 2.5 2 1 4 1 1
2026.7 -5909.6 -5.4 57 0 22.6 26.2 7.5 0.0 0 1 3 4 4
2085.4 -5861.2 -5.4 327 0 26.2 22.6 7.5 0.0 0 0 3 2 2
2020.0 -5839.7 -5.5 237 0 22.6 26.2 10.0 2.5 4 1 4 2 2
3320.4 -5364.9 -12.0 163 0 38.0 19.1 12.5 0.0 0 0 5 3 3
4582.8 -4546.7 -16.7 274 0 11.1 12.6 4.0 0.0 0 1 1 3 3
4575.7 -4497.2 -16.8 271 0 19.8 20.5 7.5 2.5 2 1 3 4 4
4517.3 -4489.8 -16.7 271 0 77.7 33.8 10.0 0.0 0 0 4 5 5
4389.7 -4503.5 -16.9 181 0 33.8 80.4 10.0 0.0 0 1 4 2 2
4516.2 -4542.0 -16.7 271 0 78.1 31.7 15.0 0.0 0 0 6 2 2
4388.4 -4554.6 -16.9 181 0 31.7 80.4 7.5 0.0 0 1 3 2 2
4642.7 -4612.3 -16.7 1 0 31.7 79.7 7.5 0.0 0 1 3 2 2
4514.3 -4624.9 -16.7 91 0 77.2 31.7 7.5 0.0 0 0 3 4 4
4388.3 -4605.7 -17.0 181 0 31.7 80.4 10.0 0.0 0 1 4 3 3
4390.1 -4656.1 -17.0 181 0 31.5 79.1 7.5 0.0 0 1 3 3 3
4647.1 -4662.7 -16.7 1 0 31.5 80.3 7.5 0.0 0 1 3 0 0
4517.7 -4675.1 -16.6 91 0 79.8 31.5 12.5 0.0 0 0 5 5 5
9.2 -6065.8 5.6 210 0 32.2 19.4 10.0 0.0 0 0 4 3 3
4840.9 -10906.5 -25.1 106 0 29.2 40.0 7.5 0.0 0 1 3 2 2
1683.4 -6930.8 -9.1 358 0 46.4 33.7 7.5 0.0 0 0 3 1 1
1684.8 -6981.1 -9.5 358 0 21.8 33.7 10.0 0.0 0 1 4 2 2
1296.5 -7013.0 -10.2 88 0 34.3 51.8 7.5 0.0 0 1 3 2 2
1130.1 -6695.4 -7.9 268 0 26.4 55.6 10.0 2.5 2 1 4 3 3
1225.5 -6542.3 -5.5 178 0 79.8 15.5 10.0 2.5 2 0 4 0 0
1244.1 -6523.1 -5.6 178 0 117.1 37.9 15.0 0.0 0 0 6 4 4
1516.2 -6457.2 -3.5 358 0 19.3 14.9 7.5 2.5 2 0 3 1 1
1556.7 -6456.8 -3.6 358 0 20.6 22.7 12.5 0.0 0 1 5 5 5
1558.2 -6510.9 -4.8 358 0 13.0 37.4 10.0 2.5 2 1 4 1 1
1554.3 -6560.9 -6.7 268 0 29.3 40.6 10.0 0.0 0 1 4 0 0
1478.8 -6492.0 -4.4 358 0 36.1 35.2 7.5 0.0 0 0 3 2 2
1601.1 -6390.2 -3.0 358 0 72.5 146.9 7.5 0.0 0 1 3 4 4
1599.3 -6321.1 -3.7 358 0 45.6 154.6 7.5 0.0 0 1 3 4 4
1586.9 -6074.5 -3.6 358 0 23.5 155.9 12.5 0.0 0 1 5 4 4
1515.1 -6118.5 -3.5 358 0 46.3 82.9 10.0 0.0 0 1 4 5 5
1417.5 -6196.3 -3.4 358 0 125.0 18.7 7.5 0.0 0 0 3 3 3
1422.6 -6352.0 -2.9 358 0 27.9 9.6 7.5 2.5 2 0 3 2 2
1241.1 -6156.6 -3.6 178 0 162.2 150.6 10.0 0.0 0 0 4 1 1
2058.3 -4550.9 -5.8 127 0 6.6 20.5 7.5 2.5 2 0 3 1 1
2070.6 -4534.6 -5.9 127 0 6.6 5.1 2.5 2.5 2 0 1 2 2
2055.3 -4509.2 -6.0 217 0 13.2 24.2 10.0 2.5 2 0 4 1 1
396.0 -5655.3 -0.7 171 0 12.0 42.3 7.5 2.5 2 1 3 3 3
340.7 -5663.7 -0.5 180 0 17.9 35.5 7.5 0.0 0 1 3 4 4
1618.4 -5719.1 -3.6 169 0 26.6 35.0 10.0 0.0 0 1 4 1 1
1512.3 -6201.4 -3.4 358 0 28.4 19.4 7.5 2.5 2 0 3 3 3
1543.7 -6200.5 -3.4 358 0 28.4 21.1 7.5 2.5 2 0 3 4 4
1573.4 -6199.7 -3.4 358 0 28.4 21.9 7.5 0.0 0 0 3 5 5
1228.5 -6692.9 -7.4 178 0 42.4 164.7 7.5 0.0 0 1 3 5 5
1299.5 -6476.5 -3.6 178 0 29.2 48.0 10.0 0.0 0 0 4 2 2
1347.5 -6475.2 -3.7 178 0 29.2 45.5 7.5 0.0 0 0 3 2 2
1757.1 -7315.5 -11.1 280 0 38.6 43.6 10.0 0.0 0 1 4 3 3
1722.1 -7385.3 -10.9 192 0 8.9 40.3 7.5 2.5 2 1 3 5 5
1705.7 -7396.2 -10.7 192 0 8.5 54.1 7.5 0.0 0 1 3 5 5
1782.6 -7424.1 -11.1 16 0 21.2 12.5 12.5 2.5 2 0 5 5 5
1820.5 -7393.8 -11.5 11 0 43.2 31.8 7.5 0.0 0 0 3 3 3
1836.2 -7309.3 -11.2 11 0 10.1 31.8 7.5 2.5 2 1 3 3 3
1832.1 -7331.6 -11.2 11 0 10.0 31.8 7.5 2.5 2 1 3 1 1
1827.9 -7353.9 -11.3 11 0 10.0 31.8 7.5 2.5 2 1 3 5 5
1864.6 -7495.8 -11.9 20 0 6.4 33.4 8.0 2.5 4 1 2 2 2
1806.1 -7478.1 -11.0 294 0 21.8 28.2 7.5 0.0 0 1 3 1 1
1701.4 -7442.8 -9.9 202 0 13.7 36.1 10.0 2.5 2 1 4 1 1
1692.8 -7463.7 -9.5 202 0 13.1 36.1 10.0 2.5 4 1 4 5 5
1781.2 -7474.5 -10.6 22 0 13.1 36.1 10.0 2.5 2 1 4 4 4
1753.2 -7495.0 -10.2 113 0 36.1 12.8 15.0 0.0 0 0 6 3 3
1744.2 -7516.8 -9.9 112 0 36.1 12.8 7.5 2.5 2 0 3 1 1
1615.7 -7608.3 -6.6 198 0 17.8 16.8 7.5 2.5 2 0 3 4 4
1619.8 -7591.5 -7.0 198 0 16.7 26.8 7.5 2.5 2 0 3 5 5
1643.0 -7520.3 -8.1 199 0 16.1 32.0 7.5 2.5 2 1 3 0 0
1690.9 -7644.4 -7.3 304 0 12.0 55.5 7.5 2.5 2 1 3 4 4
1602.7 -7643.4 -6.7 199 0 16.6 27.7 10.0 2.5 2 0 4 0 0
1595.7 -7663.3 -7.3 199 0 25.6 27.7 10.0 0.0 0 0 4 0 0
1585.4 -7696.5 -7.9 200 0 9.1 50.7 7.5 2.5 2 1 3 5 5
1593.0 -7736.1 -8.5 110 0 41.6 16.3 7.5 2.5 2 0 3 0 0
2567.4 -3586.0 -8.0 54 0 17.0 8.6 2.5 2.5 4 0 1 0 0
3551.8 -3112.2 18.7 85 0 25.3 20.2 17.5 0.0 0 0 7 3 3
-4045.9 -6546.5 21.0 173 0 24.7 11.2 12.5 2.5 2 0 5 1 1
-1447.5 -7635.4 -9.2 219 0 14.9 17.0 7.5 2.5 2 0 3 5 5
-866.4 -6852.6 -3.2 303 0 40.9 64.4 12.5 0.0 0 0 5 1 1
-944.0 -6928.4 -3.3 218 0 9.2 41.1 7.5 0.0 0 0 3 0 0
-929.3 -6909.4 -3.3 218 0 38.6 41.1 12.5 0.0 0 0 5 5 5
-972.5 -6990.7 -4.2 134 0 29.0 9.3 7.5 2.5 2 0 3 1 1
-930.1 -7006.0 -4.2 44 0 19.5 53.2 15.0 0.0 0 0 6 0 0
-251.1 -6257.4 8.2 132 0 23.1 23.5 15.0 0.0 0 1 6 1 1
-2185.4 -9967.5 -10.4 166 0 31.6 18.4 14.0 3.5 2 0 4 4 4
-2102.3 -9294.2 -10.0 338 0 12.3 16.0 14.0 3.5 2 1 4 3 3
-3029.8 -9810.9 -4.2 214 0 11.7 11.7 14.0 3.5 2 0 4 2 2
-2995.5 -9820.8 -4.3 34 0 31.3 12.8 14.0 3.5 2 0 4 0 0
-4259.2 -9396.4 -1.6 337 0 49.9 27.5 10.0 0.0 0 0 4 4 4
-5227.3 -7599.9 10.4 269 0 32.2 60.4 7.5 0.0 0 1 3 5 5
-3457.4 -11085.4 -13.9 150 0 13.4 14.9 10.5 3.5 4 1 3 5 5
-2956.3 -9279.6 -3.3 233 0 10.0 16.4 10.5 0.0 0 1 3 4 4
-4369.7 -9804.5 -3.9 160 0 19.4 34.7 7.5 0.0 0 1 3 3 3
-4317.5 -10105.5 -3.8 322 0 24.4 36.5 15.0 0.0 0 0 6 5 5
-4360.1 -10123.3 -2.3 232 0 16.0 28.9 12.5 2.5 2 0 5 3 3
-4476.3 -10182.8 -0.0 168 0 25.3 84.1 10.0 0.0 0 0 4 0 0
-4370.5 -10162.4 -1.7 52 0 44.4 24.4 12.5 0.0 0 0 5 0 0
-3801.5 -10922.0 -13.5 134 0 19.5 23.1 14.0 3.5 2 0 4 4 4
-3771.2 -10948.8 -14.2 134 0 61.3 21.1 14.0 3.5 2 0 4 4 4
-3782.2 -11031.3 -15.1 223 0 11.9 27.1 7.5 2.5 2 1 3 3 3
-3772.9 -11073.4 -15.2 133 0 14.1 10.4 8.0 2.5 2 0 2 0 0
-3765.9 -11065.8 -15.1 133 0 40.4 20.2 7.5 2.5 2 0 3 0 0
6605.3 6087.2 -28.3 160 0 17.7 25.6 10.0 2.5 2 0 4 4 4
5944.3 7225.1 -4.6 285 0 15.1 6.4 2.5 2.5 2 0 1 5 5
6448.4 6347.1 -22.1 242 0 14.3 32.2 7.5 2.5 2 0 3 2 2
6023.6 5937.9 -25.3 294 0 50.5 18.4 10.0 2.5 2 0 4 4 4
5990.3 5925.5 -21.9 204 0 13.1 50.5 12.5 2.5 2 0 5 2 2
6059.9 6029.5 -26.7 205 0 7.6 39.6 7.5 2.5 2 1 3 0 0
6212.7 5873.2 -27.5 209 0 21.2 16.8 10.0 2.5 2 0 4 4 4
6025.1 5324.6 -20.0 111 0 7.8 26.0 7.5 2.5 2 1 3 5 5
-2455.2 -9040.0 -7.0 30 0 18.5 16.4 17.5 3.5 2 0 5 5 5
-2244.1 -8871.6 -5.1 308 0 20.8 35.4 17.5 0.0 0 1 5 3 3
4851.9 -6612.9 -14.3 187 0 11.2 30.7 14.0 3.5 2 1 4 1 1
6228.4 4992.0 -23.8 67 0 11.4 23.8 7.5 2.5 2 1 3 0 0
6195.9 4984.6 -21.9 67 0 11.4 23.8 10.0 2.5 2 1 4 0 0
6167.6 5051.6 -20.9 247 0 11.4 23.8 12.5 2.5 4 1 5 4 4
6187.6 5085.2 -25.6 247 0 11.4 23.8 10.0 2.5 2 1 4 1 1
6246.9 5039.5 -26.0 67 0 11.4 23.8 12.5 2.5 2 1 5 1 1
6155.9 4997.8 -19.3 67 0 11.4 23.8 12.5 2.5 2 1 5 1 1
6171.8 4960.1 -20.8 67 0 11.4 23.8 10.0 2.5 4 1 4 4 4
6128.2 5058.5 -19.3 247 0 11.4 23.8 17.5 0.0 0 1 7 4 4
6132.4 4962.8 -18.4 67 0 11.4 23.8 10.0 2.5 2 1 4 2 2
6105.1 5025.0 -16.8 247 0 11.4 23.8 10.0 2.5 4 1 4 2 2
6091.5 5059.3 -17.2 247 0 11.4 23.8 10.0 2.5 2 1 4 2 2
6073.8 5017.0 -14.9 157 0 23.8 11.4 12.5 2.5 2 0 5 3 3
6099.8 4970.5 -16.3 67 0 11.4 23.8 7.5 2.5 2 1 3 0 0
6056.7 5070.3 -16.3 247 0 11.4 23.8 10.0 2.5 2 1 4 2 2
6082.5 4938.4 -15.7 67 0 11.4 23.8 12.5 2.5 2 1 5 3 3
6056.9 5000.2 -14.1 247 0 11.4 23.8 10.0 2.5 2 1 4 3 3
6039.8 5026.3 -12.8 157 0 23.8 11.4 10.0 0.0 0 0 4 4 4
6024.6 5073.9 -14.9 247 0 11.4 23.8 10.0 2.5 2 1 4 1 1
6051.6 4947.4 -13.7 67 0 11.4 23.8 10.0 2.5 2 1 4 5 5
6007.4 4975.5 -11.5 247 0 11.4 23.8 10.0 2.5 2 1 4 1 1
5476.1 -5541.5 -18.0 90 0 13.8 18.0 17.5 3.5 2 1 5 2 2
