-5635.8 -8958.7 -294.4 271 0 31.2 23.2 17.5 0.0 0 0 5 0 0
-5724.6 -9025.5 -294.9 129 0 31.2 23.2 17.5 0.0 0 0 5 4 4
-5751.0 -8953.4 -292.5 272 0 23.1 31.3 17.5 0.0 0 1 5 5 5
-5678.2 -8957.4 -294.6 272 0 23.1 31.3 17.5 0.0 0 1 5 5 5
-5647.4 -9060.2 -296.8 111 0 31.2 23.2 17.5 0.0 0 0 5 5 5
-5783.0 -8952.1 -291.6 272 0 23.1 31.3 17.5 0.0 0 1 5 3 3
-5631.9 -8994.1 -296.3 272 0 23.1 31.3 17.5 0.0 0 1 5 2 2
-5714.4 -8955.9 -293.6 272 0 23.1 31.3 17.5 0.0 0 1 5 3 3
-3594.1 -10793.6 -308.9 226 0 26.2 46.1 14.0 0.0 0 1 4 0 0
-4549.4 -8568.2 -303.3 190 0 26.8 14.8 17.5 0.0 0 0 5 0 0
-4408.4 -8381.6 -301.5 102 0 4.2 12.4 10.5 3.5 2 1 3 0 0
-5438.0 -9260.6 -300.8 96 0 17.2 21.5 17.5 3.5 2 1 5 2 2
-4524.9 -8493.7 -302.8 10 0 10.4 43.8 14.0 3.5 4 1 4 1 1
-4519.7 -8533.5 -303.3 280 0 12.8 23.9 17.5 3.5 2 1 5 4 4
-4518.7 -8528.2 -303.2 101 0 9.7 39.1 10.5 3.5 2 1 3 5 5
-4533.6 -8609.9 -303.6 103 0 12.0 25.2 17.5 3.5 2 1 5 4 4
-4713.3 -8527.4 -296.5 52 0 17.4 10.4 14.0 3.5 2 0 4 4 4
-4678.6 -8517.1 -296.7 52 0 20.4 11.5 14.0 3.5 2 0 4 4 4
-4661.6 -8499.8 -295.0 51 0 14.9 12.8 14.0 3.5 2 0 4 5 5
-4566.6 -8470.2 -302.3 201 0 14.3 8.7 10.5 0.0 0 0 3 4 4
-4527.1 -8640.6 -304.3 189 0 14.9 25.5 14.0 3.5 2 1 4 1 1
-4633.8 -8480.5 -295.3 53 0 14.1 10.7 14.0 3.5 2 0 4 3 3
-4761.4 -8586.4 -297.6 50 0 18.1 12.6 14.0 3.5 2 0 4 2 2
-5599.2 -9013.1 -296.6 280 0 9.1 9.7 10.5 3.5 2 1 3 3 3
-5470.5 -9242.9 -300.5 125 0 17.9 19.5 17.5 3.5 2 1 5 3 3
-5303.2 -8879.3 -284.0 241 0 32.3 24.6 14.0 0.0 0 0 4 5 5
-4148.8 -8364.5 -303.1 310 0 15.2 16.4 17.5 3.5 2 1 5 4 4
-4143.7 -8390.5 -304.0 130 0 15.2 16.4 17.5 0.0 0 1 5 5 5
-4162.5 -8398.9 -303.7 131 0 36.7 13.6 17.5 3.5 4 0 5 4 4
-4078.6 -8409.7 -305.7 44 0 9.5 11.0 10.5 3.5 2 0 3 1 1
-4087.7 -8363.7 -304.1 311 0 11.7 19.9 17.5 3.5 2 1 5 2 2
-4107.8 -8421.4 -305.3 132 0 11.6 21.6 17.5 3.5 2 1 5 0 0
-4288.7 -8359.2 -300.9 47 0 7.2 6.5 10.5 3.5 4 0 3 3 3
-4114.3 -8375.8 -304.3 222 0 9.6 8.7 10.5 3.5 2 0 3 0 0
-4311.8 -8344.3 -300.6 276 0 13.9 4.9 10.5 3.5 2 0 3 2 2
-5350.8 -8906.5 -287.4 241 0 32.9 25.1 14.0 0.0 0 0 4 3 3
-5276.8 -8921.5 -285.2 331 0 25.0 32.2 14.0 0.0 0 1 4 0 0
-5486.4 -9224.5 -300.3 125 0 20.4 16.3 17.5 3.5 2 0 5 0 0
-515.0 -6152.1 -303.9 252 0 10.5 20.4 7.5 2.5 2 1 3 5 5
-676.1 -6161.0 -303.9 78 0 6.3 9.7 7.5 0.0 0 1 3 1 1
-538.3 -6190.1 -303.9 171 0 17.4 29.7 12.5 2.5 2 1 5 2 2
-548.2 -6206.5 -304.0 173 0 7.2 14.8 7.5 2.5 2 1 3 2 2
-4009.8 -10672.8 -306.0 54 0 22.4 12.7 14.0 3.5 2 0 4 2 2
-3955.8 -10409.0 -308.0 236 0 27.5 13.7 14.0 3.5 2 0 4 3 3
-4035.8 -10691.0 -305.8 53 0 27.9 12.6 14.0 3.5 2 0 4 1 1
-4055.0 -10724.8 -305.4 233 0 20.0 21.0 14.0 3.5 2 1 4 4 4
-3939.5 -10764.9 -306.2 49 0 16.5 18.8 14.0 0.0 0 1 4 3 3
-4100.3 -10682.8 -305.2 228 0 18.0 15.9 14.0 0.0 0 0 4 2 2
-4131.5 -10713.9 -304.9 134 0 17.0 11.9 14.0 3.5 2 0 4 3 3
-4120.3 -10692.7 -305.0 226 0 12.7 17.8 14.0 3.5 2 1 4 0 0
-3936.3 -10456.9 -308.0 138 0 17.8 23.1 14.0 3.5 2 1 4 3 3
-4075.5 -10800.3 -304.9 319 0 26.9 8.4 10.5 3.5 2 0 3 5 5
-4050.6 -10641.6 -305.8 225 0 10.1 14.7 14.0 3.5 2 1 4 5 5
-4057.6 -10777.1 -305.2 47 0 14.4 17.7 14.0 3.5 2 1 4 3 3
-4086.1 -10668.3 -305.4 235 0 11.4 17.7 14.0 3.5 2 1 4 2 2
-4111.7 -10733.3 -305.0 130 0 22.5 14.8 14.0 3.5 2 0 4 0 0
-3925.6 -10752.6 -306.4 47 0 11.4 18.0 14.0 3.5 2 1 4 2 2
-4043.9 -10851.3 -305.0 54 0 10.3 20.3 10.5 3.5 2 1 3 0 0
-3953.2 -10780.0 -306.0 51 0 14.6 15.0 14.0 3.5 2 1 4 5 5
-4056.2 -10705.8 -305.5 52 0 11.5 20.4 14.0 0.0 0 1 4 0 0
-3952.9 -10437.4 -307.9 147 0 12.0 14.9 14.0 3.5 4 1 4 0 0
-3931.1 -10390.8 -308.2 234 0 14.1 17.2 14.0 3.5 2 1 4 2 2
-4085.4 -10810.3 -304.8 319 0 27.6 13.5 10.5 3.5 2 0 3 5 5
-4076.5 -10656.7 -305.5 234 0 10.9 26.1 14.0 3.5 2 1 4 0 0
-3907.1 -10409.5 -308.3 327 0 11.1 17.8 14.0 3.5 4 1 4 5 5
-4014.9 -10646.2 -306.0 321 0 12.2 18.2 14.0 3.5 2 1 4 1 1
-3869.5 -10727.9 -307.0 227 0 26.5 25.4 14.0 0.0 0 0 4 5 5
-4124.0 -10839.5 -304.7 142 0 18.8 32.3 10.5 3.5 2 1 3 1 1
-3736.5 -10509.4 -308.9 46 0 12.9 24.5 10.5 3.5 2 1 3 4 4
-3850.2 -10560.8 -307.9 140 0 11.2 21.6 14.0 0.0 0 1 4 1 1
-3900.2 -10366.0 -308.7 234 0 12.2 38.3 14.0 3.5 2 1 4 4 4
-3712.0 -10393.9 -309.9 319 0 7.8 15.2 10.5 3.5 2 1 3 1 1
-3821.3 -10446.1 -308.8 232 0 17.4 35.0 10.5 3.5 2 1 3 2 2
-3766.7 -10793.2 -307.8 135 0 9.3 29.2 10.5 0.0 0 1 3 4 4
-3706.3 -10778.9 -308.2 46 0 33.0 18.3 10.5 3.5 2 0 3 3 3
-4089.6 -10006.9 -308.1 321 0 14.8 14.3 14.0 3.5 2 0 4 3 3
-3984.9 -10303.9 -306.0 331 0 13.8 9.1 10.5 3.5 2 0 3 1 1
-4121.9 -9960.2 -308.4 321 0 22.5 11.9 14.0 3.5 4 0 4 3 3
-3933.2 -10700.3 -306.5 229 0 5.3 9.6 10.5 3.5 2 1 3 5 5
-3696.1 -10559.8 -309.1 49 0 17.5 13.1 14.0 3.5 2 0 4 1 1
-3909.5 -10706.5 -306.6 319 0 8.8 5.8 10.5 0.0 0 0 3 1 1
-3863.6 -10687.0 -307.3 135 0 15.1 21.8 14.0 0.0 0 1 4 5 5
-3707.7 -10570.0 -308.9 48 0 13.5 32.9 14.0 3.5 2 0 4 5 5
-4185.6 -8374.6 -302.5 131 0 14.8 8.6 10.5 3.5 2 0 3 3 3
-4627.8 -9360.4 -305.7 197 0 16.1 14.2 14.0 3.5 2 0 4 3 3
-4819.9 -9239.8 -302.0 271 0 14.3 17.3 17.5 3.5 2 0 5 0 0
-4903.1 -9354.3 -302.9 193 0 12.8 37.3 17.5 3.5 2 0 5 5 5
-4684.9 -9244.8 -302.8 252 0 14.6 19.8 17.5 0.0 0 1 5 4 4
-4723.2 -9176.4 -302.8 271 0 16.4 20.7 17.5 3.5 4 1 5 1 1
-4777.5 -9138.8 -302.9 336 0 21.4 23.5 17.5 3.5 2 1 5 3 3
-4622.1 -9337.7 -305.3 186 0 18.8 12.2 14.0 3.5 2 0 4 4 4
-4769.0 -9184.4 -303.2 65 0 20.2 25.8 17.5 3.5 2 1 5 3 3
-4699.5 -9242.6 -302.7 71 0 15.8 21.3 17.5 0.0 0 1 5 3 3
-4620.7 -9320.1 -304.4 183 0 15.7 13.5 14.0 3.5 2 0 4 0 0
-4827.3 -9189.7 -302.5 180 0 9.7 15.7 10.5 3.5 2 1 3 5 5
-4715.9 -9248.8 -303.1 70 0 13.5 21.2 17.5 3.5 2 1 5 1 1
-4841.2 -9243.4 -301.9 179 0 17.8 14.1 17.5 3.5 2 0 5 1 1
-4799.0 -9244.4 -302.7 271 0 18.1 14.9 17.5 3.5 2 0 5 2 2
-4499.1 -8372.5 -298.3 271 0 8.5 7.8 10.5 3.5 2 0 3 5 5
-4901.9 -8787.6 -302.1 242 0 47.8 17.9 14.0 3.5 2 0 4 0 0
-4359.2 -10121.8 -304.5 226 0 24.2 25.7 10.5 0.0 0 1 3 4 4
-286.5 -7750.6 -298.4 328 0 11.4 34.7 10.0 2.5 2 1 4 0 0
-315.6 -7743.4 -297.9 303 0 11.1 9.0 7.5 2.5 2 0 3 4 4
-280.2 -7839.6 -299.9 50 0 4.5 9.0 7.5 0.0 0 1 3 1 1
-283.2 -7745.2 -291.0 135 0 10.4 13.5 15.0 0.0 0 1 6 2 2
-300.2 -7814.6 -299.0 226 0 5.0 12.7 7.5 2.5 2 1 3 2 2
-319.3 -7771.2 -305.0 326 0 11.6 43.0 10.0 2.5 2 1 4 1 1
-372.4 -7707.8 -299.3 220 0 10.1 38.1 10.0 2.5 2 1 4 3 3
-4412.0 -9732.8 -309.1 55 0 18.1 20.4 17.5 3.5 2 1 5 0 0
-4429.1 -9657.8 -309.2 53 0 8.7 25.6 10.5 3.5 2 1 3 2 2
-4474.4 -9635.0 -309.1 152 0 27.1 8.8 10.5 3.5 2 0 3 5 5
-4495.0 -9537.4 -308.8 259 0 8.9 13.9 10.5 3.5 2 1 3 3 3
-4577.4 -9376.6 -306.2 85 0 18.7 25.2 14.0 0.0 0 1 4 4 4
-3997.9 -10197.6 -306.5 60 0 26.5 12.9 14.0 3.5 2 0 4 5 5
-4020.7 -10127.0 -305.9 325 0 16.3 27.7 14.0 3.5 2 1 4 2 2
-3791.9 -10510.9 -308.7 140 0 17.0 19.5 10.5 0.0 0 1 3 4 4
-3774.5 -10530.8 -308.6 136 0 21.1 15.1 10.5 3.5 2 0 3 3 3
-3740.3 -10520.0 -308.9 46 0 13.1 4.8 10.5 3.5 2 0 3 4 4
-5924.5 8482.6 -293.6 149 0 13.0 8.5 2.5 2.5 2 0 1 3 3
-6033.1 8392.7 -302.4 209 0 9.1 14.0 5.0 0.0 0 1 2 4 4
-6040.1 8354.3 -303.1 275 0 14.1 9.1 7.5 2.5 2 0 3 0 0
-5917.3 8467.5 -294.4 232 0 10.8 11.1 5.0 2.5 2 1 2 2 2
5965.6 -9632.5 -294.8 334 0 25.9 20.2 12.5 2.5 2 0 5 2 2
-4418.2 -9128.5 -304.7 315 0 28.5 27.4 14.0 0.0 0 0 4 3 3
-4875.7 -9229.8 -301.9 272 0 29.2 24.5 14.0 0.0 0 0 4 4 4
-3805.4 -10373.5 -309.5 39 0 18.4 20.9 14.0 3.5 2 1 4 1 1
-3555.0 -10773.0 -309.7 136 0 45.3 58.0 14.0 0.0 0 1 4 5 5
-3958.9 -10589.3 -306.9 129 0 15.3 24.0 14.0 3.5 2 1 4 5 5
-4281.9 -10553.8 -304.1 224 0 11.2 17.7 14.0 0.0 0 1 4 2 2
-4270.8 -10540.3 -304.2 225 0 12.7 17.5 14.0 0.0 0 1 4 4 4
-4248.8 -10529.4 -304.3 316 0 15.8 12.2 14.0 3.5 2 0 4 4 4
-4236.7 -10507.8 -304.7 225 0 10.7 30.1 10.5 3.5 2 1 3 0 0
-4312.2 -10533.1 -303.6 132 0 22.7 17.5 14.0 3.5 2 0 4 5 5
-4991.0 -10457.4 -294.3 120 0 11.6 18.1 14.0 0.0 0 1 4 1 1
-4993.2 -10432.1 -295.0 181 0 18.1 16.9 14.0 3.5 2 0 4 2 2
-4991.7 -10412.4 -295.5 181 0 10.2 18.6 14.0 3.5 4 1 4 0 0
-4987.9 -10485.6 -294.6 273 0 18.4 23.5 14.0 3.5 2 1 4 1 1
-3981.2 -10493.8 -307.4 231 0 49.7 20.2 10.5 3.5 2 0 3 2 2
-6397.4 -9962.7 -290.7 339 0 17.6 17.2 10.5 3.5 2 0 3 0 0
-6416.6 -9937.9 -295.0 249 0 17.2 17.6 10.5 3.5 2 1 3 1 1
-4744.2 -7583.7 -286.9 184 0 40.8 20.8 10.5 0.0 0 0 3 2 2
-5738.2 -4935.4 296.4 79 0 18.5 23.9 15.0 0.0 0 1 6 5 5
-5693.7 -5178.2 282.1 92 0 18.9 21.9 10.0 2.5 2 1 4 1 1
-6849.7 -9732.2 -284.2 325 0 11.5 18.8 10.0 0.0 0 1 4 4 4
-5124.3 -9823.6 -305.5 76 0 14.6 16.8 17.5 3.5 2 1 5 3 3
-4982.0 -8768.2 -293.9 57 0 12.0 18.5 17.5 3.5 2 1 5 3 3
-6397.3 -9739.8 -295.5 153 0 11.8 25.8 14.0 3.5 4 1 4 4 4
-6405.4 -9725.9 -294.9 153 0 11.8 25.8 14.0 3.5 2 1 4 1 1
-6411.4 -9712.2 -294.4 153 0 11.8 25.8 14.0 3.5 2 1 4 4 4
-6418.7 -9697.8 -293.9 153 0 11.8 25.8 14.0 3.5 2 1 4 3 3
-6438.1 -9665.2 -292.1 144 0 14.4 24.4 14.0 3.5 2 1 4 3 3
-4901.7 -8883.4 -304.0 338 0 34.9 24.4 17.5 0.0 0 0 5 1 1
-6838.7 -9990.8 -283.2 96 0 18.4 23.7 10.0 2.5 4 1 4 3 3
-6867.4 -9979.2 -281.7 175 0 24.5 9.8 7.5 2.5 2 0 3 5 5
-6873.6 -9980.8 -280.8 357 0 19.5 11.3 10.0 2.5 2 0 4 4 4
-6887.8 -10013.0 -279.7 271 0 14.4 25.4 10.0 2.5 2 1 4 5 5
-6844.1 -10006.5 -282.1 269 0 22.4 12.2 12.5 2.5 2 0 5 5 5
-6730.8 -9666.1 -285.5 18 0 13.7 29.7 12.5 2.5 4 1 5 1 1
-6912.5 -9662.0 -284.0 275 0 10.5 5.3 2.5 2.5 2 0 1 4 4
-4610.0 -8617.8 -302.8 61 0 20.1 36.4 14.0 0.0 0 1 4 1 1
-4907.2 -7505.5 -284.7 319 0 17.5 12.2 8.0 0.0 0 0 2 3 3
-4902.9 -7558.9 -284.5 48 0 10.5 12.6 4.0 2.5 2 0 1 2 2
-4922.1 -7545.7 -284.4 138 0 20.1 10.5 8.0 2.5 2 0 2 1 1
-4783.9 -7652.6 -282.0 280 0 10.3 18.3 12.0 0.0 0 1 3 1 1
-4824.3 -7677.7 -280.3 126 0 21.3 23.2 10.5 3.5 2 1 3 2 2
-4600.6 -7688.3 -288.7 3 0 16.4 31.0 10.5 3.5 2 1 3 3 3
-4592.7 -7622.6 -290.7 94 0 19.4 42.3 10.5 3.5 2 1 3 4 4
-4686.6 -7665.1 -287.2 274 0 37.3 11.2 10.5 3.5 2 0 3 0 0
-4674.1 -7694.6 -286.5 5 0 8.9 30.8 10.5 3.5 2 1 3 2 2
-4671.8 -7714.4 -286.3 5 0 21.5 36.6 10.5 0.0 0 1 3 0 0
-4734.5 -7730.4 -283.0 112 0 31.8 11.4 10.5 3.5 2 0 3 3 3
-4723.3 -7714.7 -284.2 94 0 11.9 27.3 10.5 3.5 2 0 3 1 1
-4719.8 -7627.6 -286.2 274 0 15.5 59.8 10.5 3.5 2 0 3 1 1
-4748.8 -7643.8 -284.2 274 0 20.8 38.1 10.5 0.0 0 1 3 3 3
-3737.0 -10705.4 -308.1 316 0 18.6 31.0 14.0 3.5 2 1 4 4 4
-3774.7 -10718.1 -307.8 46 0 17.1 17.7 14.0 3.5 2 0 4 4 4
-4010.1 -10515.4 -306.8 230 0 11.0 7.4 10.5 3.5 2 0 3 5 5
-4156.9 -10549.0 -305.5 229 0 16.6 14.3 14.0 3.5 2 0 4 3 3
-4027.6 -8283.4 -305.9 5 0 12.2 22.5 14.0 3.5 4 1 4 3 3
-4108.0 -8260.0 -302.0 271 0 18.0 12.9 14.0 3.5 2 0 4 5 5
-4077.4 -8258.7 -304.1 271 0 33.0 14.6 14.0 3.5 2 0 4 3 3
-4053.4 -8233.3 -305.4 181 0 8.7 19.7 10.5 3.5 2 1 3 3 3
-4074.5 -8244.4 -304.0 91 0 27.5 15.7 14.0 3.5 2 0 4 5 5
-4108.6 -8244.0 -302.3 91 0 32.7 15.7 14.0 3.5 2 0 4 3 3
-5133.7 -10749.9 -298.1 319 0 9.1 15.9 10.5 0.0 0 1 3 3 3
-5144.8 -10737.3 -298.0 319 0 8.7 15.8 10.5 3.5 2 1 3 1 1
-5154.5 -10804.2 -297.4 49 0 9.5 15.7 10.5 3.5 2 1 3 0 0
-5224.2 -10771.3 -296.8 139 0 16.8 17.3 10.5 3.5 2 1 3 4 4
-5173.1 -10820.7 -296.8 49 0 22.9 39.8 10.5 0.0 0 1 3 0 0
-5265.4 -11036.0 -287.9 47 0 30.1 45.7 10.5 0.0 0 1 3 1 1
-4788.7 -9357.9 -303.4 0 0 23.9 13.0 17.5 3.5 2 0 5 2 2
-5561.5 -8966.5 -296.7 282 0 14.9 41.1 17.5 0.0 0 1 5 0 0
-5856.5 -8983.7 -290.3 202 0 9.4 21.3 10.5 3.5 2 1 3 2 2
-5514.9 -9179.5 -299.9 220 0 19.6 16.9 17.5 3.5 2 0 5 1 1
-5558.3 -9158.7 -299.0 53 0 12.7 24.6 17.5 3.5 2 1 5 4 4
-5040.6 -8907.9 -299.9 271 0 12.2 9.2 10.5 3.5 2 0 3 2 2
-5218.2 -9291.7 -301.8 90 0 9.9 22.9 10.5 3.5 2 1 3 1 1
-5533.8 -10925.1 -279.7 132 0 29.4 12.3 10.5 3.5 2 0 3 3 3
-4800.5 -10163.4 -304.2 247 0 27.3 12.2 14.0 3.5 2 0 4 4 4
-5221.5 -10716.1 -297.0 229 0 5.3 34.9 10.5 3.5 2 1 3 5 5
-5101.8 -10653.4 -299.0 185 0 20.1 13.8 14.0 3.5 2 0 4 3 3
-5066.1 -10655.7 -299.0 5 0 16.3 21.9 14.0 3.5 2 0 4 4 4
-4475.6 -10483.5 -302.6 188 0 30.3 10.6 14.0 3.5 2 0 4 4 4
-4425.0 -10520.7 -303.0 36 0 59.0 20.4 14.0 3.5 2 0 4 0 0
-4775.5 -9813.5 -306.8 331 0 16.1 38.1 17.5 3.5 2 0 5 4 4
-4814.8 -9891.4 -306.0 90 0 9.6 5.1 10.5 3.5 2 0 3 0 0
-4811.5 -9886.3 -306.4 90 0 16.2 37.9 17.5 3.5 2 0 5 2 2
-3101.5 -10999.1 -304.2 196 0 30.6 8.0 7.5 2.5 2 0 3 4 4
-3108.3 -10983.1 -304.6 196 0 57.6 8.6 7.5 2.5 2 0 3 2 2
-3071.9 -10929.1 -307.1 309 0 12.1 21.2 12.5 0.0 0 1 5 4 4
-3008.0 -10982.2 -308.8 309 0 12.1 21.2 10.0 0.0 0 1 4 0 0
-3055.2 -11133.0 -304.7 8 0 13.3 10.9 2.5 2.5 2 0 1 5 5
-5188.7 -10381.9 -296.0 328 0 16.5 18.9 14.0 3.5 2 1 4 3 3
-5183.5 -10399.2 -291.3 328 0 10.4 10.1 14.0 3.5 2 0 4 4 4
-5252.2 -10385.2 -287.2 238 0 15.2 16.9 14.0 3.5 2 0 4 1 1
-4434.8 -10735.4 -301.8 219 0 20.0 17.7 14.0 3.5 2 0 4 3 3
-4396.4 -10702.2 -302.3 309 0 17.7 18.8 14.0 3.5 2 0 4 0 0
-4421.1 -10718.4 -302.0 219 0 18.8 17.7 14.0 3.5 2 0 4 5 5
-4447.5 -10750.9 -301.5 219 0 20.0 17.7 14.0 3.5 2 0 4 5 5
-4974.3 -10863.6 -299.3 12 0 9.4 47.5 10.5 3.5 2 0 3 1 1
-5025.9 -10839.2 -299.3 192 0 17.3 55.5 14.0 3.5 2 0 4 2 2
-5018.4 -10783.0 -299.6 188 0 36.9 38.7 14.0 0.0 0 1 4 0 0
-5015.0 -10741.8 -299.7 189 0 24.0 50.7 14.0 3.5 2 1 4 3 3
-5561.3 -10841.4 -277.7 180 0 39.9 14.9 10.5 3.5 2 0 3 2 2
-5563.4 -10897.3 -274.9 169 0 10.8 22.8 10.5 3.5 2 1 3 2 2
-5644.4 -10971.0 -265.2 207 0 16.5 30.9 14.0 0.0 0 1 4 0 0
-5589.5 -10974.8 -272.9 3 0 48.0 31.7 14.0 0.0 0 0 4 3 3
-5864.6 -9400.6 -298.9 326 0 20.5 39.0 10.5 0.0 0 0 3 0 0
-5957.4 -9650.7 -299.3 337 0 29.8 46.5 14.0 0.0 0 1 4 1 1
-6783.3 -9692.8 -284.0 276 0 9.7 25.5 2.5 2.5 2 1 1 1 1
-2394.5 1217.1 -300.9 49 0 33.6 17.9 7.5 0.0 0 0 3 5 5
-2151.0 1284.3 -295.2 4 0 52.9 12.1 12.5 0.0 0 0 5 4 4
-2172.9 1280.2 -295.8 5 0 41.0 23.0 10.0 0.0 0 0 4 5 5
-2288.0 1285.5 -297.7 185 0 33.1 75.8 15.0 0.0 0 1 6 2 2
-2273.2 1333.6 -297.2 183 0 32.2 62.7 12.5 0.0 0 1 5 5 5
-2235.4 1549.9 -297.3 183 0 21.5 26.6 7.5 2.5 2 1 3 4 4
-2233.7 1613.0 -297.5 183 0 64.0 71.5 12.5 0.0 0 1 5 5 5
-2120.5 1419.0 -294.9 3 0 41.1 14.5 10.0 2.5 4 0 4 3 3
-2203.0 1405.0 -296.9 3 0 22.3 41.9 10.0 0.0 0 1 4 1 1
-2240.8 1482.6 -297.2 183 0 43.0 92.2 10.0 0.0 0 1 4 4 4
-1271.4 1034.5 -251.4 136 0 50.9 19.3 10.0 2.5 2 0 4 1 1
-1595.1 1502.4 -284.7 4 0 20.9 102.1 10.0 0.0 0 1 4 1 1
-1496.5 1527.8 -278.4 113 0 7.3 7.2 8.0 2.5 2 0 2 1 1
-1481.3 1560.7 -277.8 293 0 9.4 25.4 8.0 2.5 2 1 2 0 0
-1443.4 1503.5 -276.6 23 0 10.6 16.0 4.0 2.5 2 1 1 4 4
-1465.4 1508.9 -277.0 113 0 7.2 35.9 7.5 2.5 2 0 3 2 2
-1478.8 1514.7 -278.1 113 0 22.1 35.9 15.0 0.0 0 0 6 4 4
-1236.8 1537.5 -263.8 100 0 11.2 23.4 10.0 2.5 2 1 4 2 2
-441.6 1769.8 -226.9 85 0 31.5 11.8 10.0 2.5 2 0 4 4 4
-504.7 1806.1 -227.6 340 0 63.4 11.7 10.0 2.5 2 0 4 4 4
-548.1 1824.4 -228.1 250 0 25.5 63.4 17.5 0.0 0 1 7 1 1
-581.9 1812.3 -229.6 250 0 24.6 85.6 12.5 0.0 0 1 5 2 2
-614.4 1800.8 -230.0 250 0 24.0 85.6 12.5 0.0 0 1 5 5 5
-679.6 1737.7 -232.2 159 0 39.7 46.4 12.5 0.0 0 1 5 2 2
-3194.3 130.6 -283.6 165 0 11.9 31.1 7.5 2.5 2 1 3 2 2
-3315.6 49.1 -288.2 254 0 20.5 39.7 12.5 0.0 0 1 5 4 4
-3999.5 578.0 -295.6 79 0 22.8 12.7 10.0 2.5 2 0 4 2 2
-4135.5 642.9 -287.7 283 0 21.4 9.6 7.5 2.5 2 0 3 4 4
-2155.9 1212.2 -293.9 6 0 17.5 42.2 12.5 2.5 4 1 5 5 5
-2157.5 1173.0 -287.8 29 0 25.3 19.2 12.5 2.5 2 0 5 0 0
-2213.3 1127.0 -288.1 96 0 23.7 15.9 10.0 2.5 2 0 4 1 1
-2206.5 1142.2 -287.9 96 0 33.8 14.6 12.5 2.5 2 0 5 3 3
-2189.3 1172.5 -289.3 6 0 19.2 32.2 12.5 0.0 0 1 5 0 0
-2424.2 918.6 -283.4 38 0 25.1 10.3 7.5 2.5 2 0 3 2 2
-2456.7 942.3 -288.3 218 0 47.3 6.7 7.5 2.5 2 0 3 5 5
-2445.6 938.6 -286.5 218 0 30.6 14.7 12.5 2.5 2 0 5 1 1
-2375.5 976.2 -288.7 44 0 49.1 20.7 10.0 2.5 2 0 4 5 5
-2325.7 1007.7 -296.2 37 0 10.6 52.0 12.5 2.5 2 1 5 1 1
-2335.8 1081.1 -296.3 230 0 16.4 38.6 10.0 2.5 2 1 4 1 1
-2315.7 1100.3 -295.1 230 0 25.0 13.0 10.0 2.5 2 0 4 1 1
-2295.3 1128.6 -293.0 184 0 37.9 29.2 10.0 0.0 0 0 4 5 5
-2288.7 1221.9 -298.1 185 0 12.3 16.8 4.0 2.5 2 1 1 2 2
-2294.1 1161.1 -292.7 185 0 11.7 45.7 12.5 2.5 2 1 5 1 1
-2292.3 1181.2 -293.2 185 0 12.0 29.6 12.5 2.5 2 1 5 5 5
-2290.5 1201.6 -296.5 185 0 12.5 41.4 10.0 0.0 0 1 4 3 3
-2582.5 1971.8 -301.3 51 0 9.4 20.2 5.0 2.5 2 1 2 3 3
-2065.8 1352.1 -293.2 185 0 14.1 39.7 10.0 2.5 2 0 4 1 1
-2069.2 1335.7 -293.4 275 0 11.6 13.8 8.0 2.5 2 1 2 4 4
-2003.2 1311.1 -291.3 95 0 18.0 24.7 15.0 0.0 0 1 6 5 5
-2025.0 1305.6 -291.5 95 0 9.5 40.0 7.5 2.5 2 0 3 2 2
-2030.3 1299.1 -293.2 5 0 13.9 39.7 12.5 2.5 2 0 5 5 5
-3131.4 77.1 -285.3 346 0 16.9 30.1 10.0 0.0 0 0 4 3 3
-3171.4 87.2 -285.4 256 0 12.6 16.9 8.0 2.5 2 0 2 3 3
-3121.8 90.9 -284.8 346 0 16.9 12.6 8.0 2.5 2 0 2 3 3
-2120.8 1112.5 -281.8 311 0 31.8 44.8 12.5 0.0 0 1 5 0 0
-1919.6 1322.4 -291.0 63 0 28.6 15.1 10.0 2.5 2 0 4 5 5
-1946.6 1308.8 -291.3 63 0 31.8 15.0 10.0 2.5 2 0 4 0 0
-1878.2 1345.1 -290.6 101 0 22.7 9.6 8.0 2.5 2 0 2 3 3
-1849.8 1359.4 -290.4 11 0 17.4 32.7 15.0 0.0 0 1 6 4 4
-1869.9 1404.9 -289.9 282 0 13.3 26.1 10.0 2.5 2 1 4 5 5
-2956.2 2560.7 -299.4 71 0 11.7 29.4 12.5 2.5 2 1 5 2 2
-2550.7 620.0 -272.1 53 0 23.3 15.3 12.5 2.5 2 0 5 5 5
-2590.3 600.2 -272.7 143 0 15.2 31.9 12.5 2.5 2 0 5 2 2
-1701.0 1439.6 -287.4 109 0 10.6 20.9 8.0 2.5 2 1 2 3 3
-1214.5 1557.2 -263.2 280 0 9.6 23.4 8.0 2.5 2 1 2 3 3
-986.5 1356.8 -258.3 186 0 4.8 20.8 8.0 0.0 0 1 2 2 2
-5732.5 -11151.0 -264.4 60 0 18.2 15.7 10.0 0.0 0 0 4 4 4
-5738.6 -11112.6 -251.3 240 0 18.2 15.7 12.5 2.5 2 0 5 0 0
-5712.3 -11101.0 -255.4 253 0 18.2 15.7 10.0 2.5 2 0 4 5 5
-5707.1 -11135.7 -260.0 63 0 18.2 15.7 12.5 2.5 2 0 5 0 0
-5682.0 -11126.8 -265.7 81 0 18.2 15.7 12.5 2.5 4 0 5 5 5
-5689.7 -11150.7 -270.3 71 0 18.2 15.7 10.0 2.5 2 0 4 3 3
-5667.5 -11144.8 -272.6 62 0 18.2 15.7 10.0 2.5 2 0 4 5 5
-5647.8 -11151.9 -277.6 344 0 15.7 18.2 12.5 2.5 2 1 5 5 5
-5721.0 -11157.6 -270.2 151 0 15.7 18.2 12.5 2.5 2 1 5 5 5
-4938.1 -10441.8 -288.8 91 0 15.3 25.0 14.0 3.5 2 1 4 2 2
-5104.1 -10944.5 -297.8 233 0 23.7 30.7 14.0 0.0 0 1 4 0 0
-5140.9 -10979.8 -296.9 227 0 32.3 34.9 14.0 0.0 0 1 4 4 4
-5098.9 -11055.7 -295.3 5 0 39.3 24.7 14.0 0.0 0 0 4 3 3
-5138.3 -10577.0 -297.5 314 0 21.1 11.9 10.5 3.5 2 0 3 1 1
-5150.9 -10588.6 -297.8 314 0 21.1 11.9 10.5 3.5 2 0 3 3 3
-5156.8 -10560.7 -292.3 315 0 11.8 21.1 10.5 3.5 2 1 3 1 1
-5165.8 -10549.1 -290.2 315 0 11.9 21.1 10.5 3.5 2 1 3 3 3
-5175.4 -10628.4 -298.9 135 0 11.9 21.1 10.5 3.5 2 1 3 2 2
-5186.4 -10616.5 -296.6 135 0 11.9 21.1 10.5 3.5 2 1 3 2 2
-5194.4 -10591.6 -293.3 225 0 21.1 11.9 10.5 0.0 0 0 3 2 2
-5286.9 -9669.2 -304.1 344 0 23.1 21.0 17.5 3.5 2 0 5 2 2
-5447.9 -10240.1 -297.1 162 0 12.0 21.0 14.0 3.5 2 1 4 4 4
-5397.1 -10221.3 -299.4 37 0 21.0 11.9 14.0 3.5 2 0 4 4 4
-5372.4 -10179.4 -302.0 307 0 11.9 21.0 14.0 3.5 2 1 4 1 1
-5576.7 -10318.1 -296.6 49 0 9.7 13.7 7.5 2.5 2 1 3 4 4
-5587.6 -10327.5 -294.0 49 0 9.7 13.7 7.5 0.0 0 1 3 3 3
-5605.6 -10337.1 -291.2 139 0 13.7 9.7 7.5 0.0 0 0 3 2 2
-5332.9 -10320.1 -296.0 129 0 11.1 13.0 14.0 3.5 2 1 4 5 5
-5295.3 -10329.4 -296.3 213 0 9.7 10.3 10.5 3.5 2 1 3 0 0
-5284.1 -10315.6 -297.9 166 0 9.7 10.2 10.5 3.5 2 1 3 0 0
-5232.9 -10296.9 -299.9 345 0 9.7 10.2 10.5 3.5 2 1 3 0 0
-5229.8 -10329.0 -297.9 76 0 10.2 9.7 10.5 3.5 2 0 3 5 5
-5173.9 -10325.1 -299.3 120 0 21.3 13.2 10.5 3.5 2 0 3 3 3
-5105.8 -10298.7 -301.0 339 0 10.1 11.9 10.5 0.0 0 1 3 0 0
-5128.8 -10302.6 -300.4 253 0 10.1 12.0 10.5 3.5 2 1 3 0 0
-5143.0 -10323.3 -299.9 114 0 11.9 10.1 10.5 3.5 2 0 3 1 1
-5133.7 -10349.0 -299.8 115 0 10.1 12.0 10.5 3.5 2 1 3 3 3
-2339.7 1915.1 -294.9 129 0 15.2 28.2 10.0 2.5 2 0 4 3 3
-2314.3 1894.8 -292.9 129 0 15.2 28.1 10.0 2.5 2 0 4 0 0
-2316.7 1788.1 -293.5 34 0 8.1 29.6 7.5 2.5 2 0 3 3 3
-2564.3 2046.8 -295.8 224 0 12.3 12.3 5.0 2.5 2 1 2 1 1
-1989.1 1584.9 -285.4 5 0 5.8 7.9 5.0 2.5 2 0 2 5 5
-2044.6 1589.8 -288.0 185 0 5.8 7.9 7.5 2.5 2 0 3 1 1
-2045.3 1536.6 -289.1 95 0 7.9 5.8 2.5 2.5 2 0 1 5 5
-2052.9 1548.0 -289.3 138 0 11.0 11.7 10.0 2.5 2 0 4 2 2
-2648.1 861.0 -299.6 227 0 9.8 34.6 7.5 0.0 0 0 3 1 1
-3056.5 561.2 -278.6 89 0 32.8 25.5 12.5 0.0 0 0 5 2 2
-2788.8 63.7 -276.2 190 0 29.8 21.0 12.5 0.0 0 0 5 0 0
-2907.1 -112.2 -278.3 359 0 22.3 16.1 15.0 0.0 0 0 6 5 5
-2937.4 -161.7 -281.3 180 0 16.2 23.8 10.0 0.0 0 1 4 2 2
-3280.7 -240.2 -282.1 202 0 13.4 19.2 10.0 2.5 2 1 4 2 2
-3252.6 -240.5 -282.9 202 0 14.4 34.3 12.5 2.5 2 1 5 0 0
-3220.5 -290.3 -279.8 112 0 28.4 14.9 15.0 0.0 0 0 6 2 2
-3246.7 -279.7 -280.5 112 0 28.4 14.9 12.5 2.5 2 0 5 5 5
-487.2 -6347.4 -298.8 53 0 36.8 15.9 10.0 2.5 2 0 4 5 5
-3395.1 -11051.1 -299.1 23 0 10.8 20.2 10.0 2.5 2 1 4 1 1
-4093.9 -10770.4 -304.8 318 0 22.5 14.1 10.5 3.5 2 0 3 0 0
-4120.0 -10775.1 -304.7 229 0 9.4 23.9 10.5 3.5 2 1 3 3 3
-3720.8 -10737.8 -308.2 224 0 15.3 13.8 10.5 3.5 4 0 3 5 5
-3733.8 -10752.6 -308.0 227 0 14.7 15.2 10.5 3.5 2 1 3 2 2
-5332.6 -10501.5 -248.7 354 0 13.7 8.8 7.5 2.5 2 0 3 5 5
-5336.7 -10522.0 -250.5 83 0 4.4 11.6 2.5 2.5 2 1 1 5 5
-4627.2 -9332.2 -305.1 13 0 15.7 9.9 10.5 3.5 2 0 3 1 1
-4636.2 -9364.5 -305.4 102 0 9.9 22.4 10.5 3.5 2 1 3 3 3
-3543.7 -10680.3 -309.8 146 0 10.4 18.7 14.0 3.5 2 1 4 5 5
-4930.0 -9611.0 -307.0 178 0 11.7 22.5 17.5 3.5 2 1 5 0 0
-6754.2 -9965.0 -285.2 354 0 27.2 16.3 10.0 2.5 2 0 4 5 5
-6783.9 -9979.9 -285.2 235 0 17.8 22.5 10.0 2.5 2 1 4 0 0
-6698.0 -9976.9 -287.6 16 0 27.9 17.9 10.0 2.5 4 0 4 0 0
-6706.0 -10010.2 -287.3 16 0 13.5 18.7 15.0 0.0 0 1 6 1 1
-6044.8 -9625.1 -299.5 206 0 20.5 19.6 14.0 3.5 2 0 4 3 3
-6060.3 -9654.9 -299.4 206 0 18.6 20.2 14.0 3.5 2 1 4 0 0
-6077.1 -9694.6 -297.8 205 0 14.6 18.6 10.5 3.5 2 1 3 1 1
-6077.9 -9736.8 -296.7 69 0 13.1 23.4 10.5 0.0 0 1 3 4 4
-6057.7 -9726.6 -294.7 70 0 23.0 12.2 10.5 3.5 2 0 3 1 1
-4717.4 -9661.1 -307.9 139 0 16.6 28.6 17.5 0.0 0 1 5 4 4
-4379.9 -9745.1 -309.2 143 0 30.6 27.6 17.5 0.0 0 0 5 5 5
-4301.8 -9840.5 -309.2 140 0 32.6 25.5 17.5 0.0 0 0 5 3 3
-4312.9 -9807.6 -309.2 230 0 25.5 15.9 17.5 3.5 2 0 5 0 0
-4358.1 -9773.4 -309.2 142 0 41.0 27.7 17.5 0.0 0 0 5 0 0
-4928.3 -9636.1 -307.3 266 0 12.1 15.4 14.0 0.0 0 1 4 5 5
-4941.7 -9736.7 -306.6 183 0 12.6 18.2 14.0 3.5 2 1 4 2 2
-4959.8 -9676.8 -306.7 349 0 12.3 19.6 17.5 3.5 2 1 5 0 0
-4949.0 -9162.0 -303.0 73 0 18.7 24.4 17.5 3.5 4 1 5 3 3
-5011.7 -8799.1 -295.4 240 0 17.8 17.8 17.5 3.5 2 0 5 5 5
-4635.7 -8921.9 -302.2 344 0 25.2 13.9 14.0 3.5 2 0 4 1 1
-4659.9 -8947.6 -302.2 167 0 26.1 10.8 14.0 3.5 2 0 4 3 3
-4627.6 -8945.7 -302.0 346 0 18.2 14.1 14.0 3.5 4 0 4 0 0
-4710.6 -9040.2 -300.4 249 0 13.4 14.9 17.5 3.5 2 1 5 1 1
-4733.9 -9052.7 -300.8 238 0 10.7 18.7 17.5 3.5 2 1 5 3 3
-4904.6 -9118.8 -302.9 2 0 17.2 29.5 17.5 0.0 0 1 5 0 0
-4990.7 -9160.7 -302.0 72 0 11.4 24.4 17.5 3.5 2 1 5 5 5
-3403.8 -11001.9 -300.0 330 0 12.2 15.5 5.0 2.5 2 1 2 0 0
-3419.9 -10973.8 -302.0 323 0 13.6 17.4 10.0 2.5 4 1 4 0 0
-3394.6 -11018.0 -299.5 360 0 9.7 14.9 5.0 2.5 2 1 2 2 2
-3433.7 -10955.3 -303.6 324 0 16.7 12.4 2.5 2.5 4 0 1 2 2
-3481.2 -10962.4 -305.0 138 0 12.2 18.4 5.0 2.5 2 1 2 2 2
-3460.4 -10918.0 -307.1 323 0 32.5 12.1 15.0 0.0 0 0 6 1 1
-3478.3 -10896.2 -308.3 320 0 13.7 8.1 5.0 2.5 2 0 2 3 3
-3445.8 -10893.3 -308.2 143 0 42.3 23.4 10.0 0.0 0 0 4 1 1
-3429.8 -11094.4 -298.3 252 0 8.2 15.5 7.5 2.5 2 1 3 5 5
-3476.1 -11039.8 -300.6 247 0 11.3 15.0 7.5 2.5 2 1 3 5 5
-3460.1 -11033.8 -300.4 252 0 10.9 14.4 7.5 2.5 2 1 3 1 1
-3444.5 -11028.2 -300.1 248 0 12.3 17.7 5.0 2.5 2 1 2 0 0
-3430.5 -11016.7 -300.0 244 0 11.5 16.8 7.5 2.5 2 1 3 4 4
-3482.8 -10984.9 -303.7 317 0 11.3 23.3 7.5 2.5 2 1 3 4 4
-3532.7 -10931.9 -308.0 228 0 11.1 21.2 2.5 2.5 2 1 1 0 0
-3595.6 -11023.5 -306.3 130 0 15.2 19.7 12.5 2.5 4 1 5 4 4
-3581.5 -11035.3 -305.1 131 0 15.3 19.3 12.5 2.5 2 1 5 5 5
-4208.7 -10087.8 -305.0 174 0 19.7 26.6 14.0 3.5 2 1 4 1 1
-4316.6 -10175.9 -303.1 226 0 42.7 19.3 14.0 3.5 2 0 4 3 3
-4274.7 -10224.6 -302.2 73 0 8.4 26.8 10.5 3.5 2 1 3 2 2
-4366.5 -10311.2 -302.3 316 0 28.1 15.1 14.0 3.5 2 0 4 5 5
-4359.3 -10172.1 -303.6 45 0 17.8 21.9 10.5 3.5 2 1 3 1 1
-4380.8 -10068.9 -305.9 236 0 13.7 25.5 17.5 3.5 2 1 5 5 5
-4849.1 -9398.9 -303.8 285 0 17.6 15.0 17.5 3.5 2 0 5 5 5
-4872.4 -9392.4 -303.5 281 0 15.0 17.8 17.5 3.5 2 1 5 1 1
-4914.5 -9235.2 -302.3 4 0 21.7 13.9 17.5 3.5 2 0 5 3 3
-4919.3 -9194.9 -302.4 271 0 13.7 25.0 17.5 3.5 2 1 5 4 4
-4937.7 -9190.4 -302.7 281 0 14.5 31.0 17.5 3.5 4 1 5 5 5
-4995.1 -9280.7 -302.6 359 0 19.3 13.6 17.5 3.5 2 0 5 3 3
-5106.7 -9166.8 -298.5 89 0 17.5 25.6 17.5 3.5 4 1 5 1 1
-5128.7 -9166.4 -298.4 89 0 18.2 23.3 17.5 3.5 2 1 5 0 0
-5072.9 -8711.0 -285.3 232 0 28.6 15.7 14.0 3.5 2 0 4 0 0
-4950.8 -8859.2 -303.6 241 0 24.8 21.2 17.5 3.5 2 0 5 1 1
-4947.5 -8669.9 -290.3 59 0 16.5 19.1 14.0 3.5 2 1 4 0 0
-4439.8 -9107.7 -302.1 329 0 14.5 20.3 17.5 3.5 2 1 5 4 4
-5355.8 -9210.2 -300.4 348 0 18.2 29.4 17.5 3.5 2 1 5 5 5
-5057.0 -10058.4 -305.2 250 0 30.7 27.0 14.0 0.0 0 0 4 3 3
-4963.4 -9959.3 -304.9 181 0 22.1 18.3 17.5 3.5 2 0 5 2 2
-4916.6 -9943.6 -305.1 273 0 16.4 18.0 17.5 3.5 2 1 5 3 3
-4929.3 -9985.0 -304.8 76 0 23.2 11.2 17.5 3.5 4 0 5 2 2
-4895.5 -9933.0 -305.3 267 0 12.9 9.5 10.5 3.5 2 0 3 1 1
-4856.2 -9963.1 -305.2 355 0 12.0 17.5 17.5 3.5 2 1 5 1 1
-4893.6 -9997.7 -304.7 245 0 10.8 12.8 17.5 3.5 2 1 5 2 2
-4864.6 -9994.7 -304.9 268 0 9.2 11.4 10.5 3.5 2 1 3 5 5
-4858.6 -10020.1 -304.7 358 0 20.5 14.4 17.5 3.5 2 0 5 0 0
-4853.0 -10098.9 -304.1 360 0 21.3 14.6 17.5 3.5 2 0 5 1 1
-4858.3 -10054.8 -304.5 359 0 37.9 14.8 17.5 0.0 0 0 5 4 4
-4902.3 -10054.0 -304.4 157 0 12.9 23.5 17.5 3.5 2 1 5 4 4
-4911.8 -10026.0 -304.6 180 0 20.7 15.4 17.5 3.5 2 0 5 4 4
-4915.2 -10075.4 -304.1 181 0 24.0 15.7 17.5 3.5 2 0 5 5 5
-4916.9 -10105.5 -304.5 181 0 24.6 16.9 17.5 3.5 4 0 5 4 4
-4922.9 -10014.7 -304.5 0 0 16.4 23.2 17.5 3.5 2 1 5 2 2
-4925.5 -10036.7 -304.3 0 0 9.7 19.9 10.5 3.5 4 1 3 5 5
-4949.0 -10130.3 -304.9 90 0 8.1 16.8 10.5 3.5 2 1 3 0 0
-2896.0 -11119.5 -309.9 311 0 12.4 17.9 10.0 2.5 2 1 4 5 5
-545.7 -5956.9 -303.7 355 0 12.7 17.5 10.0 2.5 2 1 4 2 2
-813.7 -6087.9 -303.9 74 0 4.8 19.5 7.5 2.5 2 1 3 1 1
-3123.8 -10954.6 -303.0 18 0 7.1 29.4 5.0 0.0 0 1 2 4 4
-3134.5 -10975.9 -302.1 12 0 19.5 15.8 10.0 2.5 2 0 4 4 4
