-2224.4 -2694.1 -109.2 5 0 30.9 16.2 5.0 2.5 2 0 2 3 3
-2101.6 -2876.2 -105.2 30 0 15.3 14.3 10.0 0.0 0 0 4 3 3
-2088.6 -2831.8 -105.7 3 0 10.2 11.6 2.5 0.0 0 1 1 4 4
-2151.8 -2792.2 -109.3 179 0 11.5 16.4 5.0 2.5 2 1 2 1 1
-2230.1 -2752.0 -109.3 91 0 10.4 8.4 7.5 2.5 2 0 3 5 5
-2068.2 -2681.8 -109.2 266 0 15.5 9.0 2.5 2.5 2 0 1 3 3
-2073.3 -2767.4 -107.0 274 0 15.5 16.4 12.5 2.5 2 1 5 5 5
-2168.4 -2862.0 -109.3 206 0 24.9 21.2 12.5 2.5 2 0 5 5 5
-2100.2 -2764.8 -108.5 268 0 10.2 8.4 7.5 2.5 2 0 3 3 3
-2226.1 -2641.3 -109.2 285 0 18.4 8.7 5.0 2.5 2 0 2 3 3
-2245.5 -2733.6 -109.3 189 0 14.4 10.7 5.0 2.5 2 0 2 0 0
-3500.6 10376.5 -103.6 359 0 6.5 7.8 7.5 0.0 0 1 3 0 0
-3529.2 10338.5 -98.6 179 0 6.5 7.8 5.0 2.5 2 1 2 2 2
-3525.0 10406.1 -104.5 183 0 6.7 8.6 5.0 2.5 2 1 2 1 1
-3498.8 10411.1 -106.9 359 0 6.4 7.9 7.5 2.5 2 1 3 3 3
-3537.2 9990.9 -97.3 91 0 10.0 22.4 2.5 0.0 0 1 1 5 5
-3463.6 10465.9 -104.6 183 0 7.7 7.9 7.5 2.5 2 1 3 1 1
-3536.9 10387.9 -103.0 269 0 7.8 6.5 7.5 2.5 2 0 3 2 2
-2971.6 10004.5 -90.3 272 0 4.9 22.6 7.5 2.5 2 1 3 5 5
-3453.1 10385.5 -111.6 0 0 8.4 5.8 7.5 2.5 2 0 3 4 4
-3467.3 10402.3 -111.0 183 0 10.7 6.1 2.5 2.5 2 0 1 2 2
-3452.6 10401.8 -111.9 2 0 11.0 6.0 7.5 2.5 2 0 3 3 3
-3476.1 10402.2 -110.1 181 0 8.7 6.0 7.5 2.5 2 0 3 4 4
-3036.3 9947.5 -108.6 94 0 12.3 10.7 7.5 2.5 2 0 3 4 4
-3524.6 10396.9 -103.7 186 0 6.5 7.1 7.5 2.5 2 1 3 2 2
-3025.0 9989.2 -103.7 99 0 10.4 19.7 5.0 2.5 2 1 2 3 3
-3447.4 10430.0 -112.6 1 0 8.0 6.0 2.5 2.5 2 0 1 5 5
-3165.8 9992.6 -113.3 181 0 23.0 13.6 12.5 2.5 4 0 5 4 4
-3544.0 10348.6 -99.9 179 0 6.5 7.8 7.5 2.5 2 1 3 2 2
-3168.2 9788.9 -106.3 19 0 10.4 6.9 7.5 2.5 2 0 3 2 2
-3540.1 10412.4 -103.2 62 0 6.2 7.6 5.0 2.5 2 1 2 5 5
-3543.4 10358.0 -100.7 179 0 6.5 7.8 5.0 2.5 4 1 2 3 3
-3503.0 10338.4 -99.8 359 0 6.5 7.8 7.5 0.0 0 1 3 2 2
-3560.2 10035.6 -102.0 181 0 9.8 30.6 7.5 2.5 2 1 3 2 2
-3185.9 9795.4 -102.5 194 0 7.3 4.6 5.0 2.5 4 0 2 2 2
-3478.3 10447.5 -107.2 181 0 7.5 7.8 7.5 2.5 2 1 3 1 1
-3528.7 10020.9 -100.7 1 0 9.8 30.6 7.5 2.5 4 1 3 0 0
-3393.7 10201.9 -113.6 37 0 10.2 4.7 2.5 2.5 2 0 1 5 5
-3454.4 10429.1 -111.9 1 0 8.3 5.0 2.5 2.5 2 0 1 1 1
-2987.7 10001.2 -95.9 97 0 17.4 17.9 12.5 2.5 2 1 5 2 2
-3500.8 10435.5 -105.7 82 0 7.5 6.8 5.0 2.5 2 0 2 0 0
-3563.9 9992.3 -100.3 91 0 10.0 22.4 5.0 2.5 2 1 2 5 5
-3501.1 10357.9 -101.9 359 0 6.5 7.8 5.0 2.5 2 1 2 4 4
-3520.3 10424.8 -104.9 62 0 6.2 7.6 2.5 2.5 2 1 1 5 5
-3482.8 10353.6 -105.1 89 0 7.8 6.5 7.5 2.5 4 0 3 1 1
-2987.6 9960.5 -92.3 183 0 24.0 7.0 2.5 2.5 4 0 1 1 1
-3558.0 10352.3 -100.6 179 0 6.5 7.8 7.5 2.5 2 1 3 1 1
-3511.3 10336.6 -98.4 359 0 6.5 7.8 7.5 0.0 0 1 3 5 5
-3494.6 10450.5 -99.4 37 0 9.1 6.8 2.5 2.5 2 0 1 3 3
-2992.3 9879.2 -100.5 12 0 14.5 8.8 7.5 2.5 2 0 3 2 2
-3212.3 10009.0 -109.1 274 0 6.9 11.1 7.5 2.5 2 0 3 5 5
-3191.1 9805.3 -101.8 185 0 5.2 7.2 7.5 2.5 2 0 3 4 4
-3331.4 10032.6 -109.8 92 0 4.8 36.6 2.5 2.5 2 1 1 4 4
-3519.6 10070.1 -102.8 261 0 7.6 15.2 5.0 2.5 4 1 2 4 4
-3513.7 10037.5 -102.7 34 0 7.3 17.4 2.5 2.5 2 1 1 2 2
-3485.8 10092.7 -106.0 203 0 8.0 16.5 7.5 2.5 2 1 3 0 0
-3025.9 10035.0 -107.3 193 0 4.5 6.3 7.5 2.5 2 1 3 1 1
-3010.3 9992.7 -99.8 100 0 10.9 11.8 7.5 2.5 2 1 3 2 2
-482.2 -7266.4 -111.4 164 0 13.1 17.1 10.0 2.5 2 1 4 1 1
15.8 -7057.6 -115.4 19 0 12.9 16.7 7.5 2.5 2 1 3 2 2
-1072.8 -7165.9 -103.4 355 0 18.4 25.4 7.5 2.5 2 1 3 1 1
-2136.6 -2742.3 -109.2 95 0 13.1 9.6 7.5 2.5 2 0 3 2 2
-2039.0 -3256.0 -91.0 205 0 8.0 12.1 5.0 0.0 0 1 2 0 0
-2041.2 -3219.4 -95.2 313 0 14.4 15.2 7.5 2.5 2 1 3 5 5
-4034.8 -3449.7 -93.3 85 0 10.9 12.0 7.5 2.5 4 1 3 4 4
-2037.5 -2957.4 -99.2 195 0 11.1 12.5 5.0 2.5 2 1 2 1 1
-3440.6 -3559.1 -98.9 287 0 17.3 9.9 2.5 2.5 2 0 1 2 2
-2070.8 -2972.1 -103.0 5 0 8.9 19.2 5.0 2.5 2 1 2 0 0
-3450.0 -3544.3 -100.7 293 0 10.5 16.1 5.0 2.5 2 1 2 0 0
-2953.0 4862.4 109.0 277 0 18.6 32.4 12.5 0.0 0 1 5 4 4
1172.1 -5357.4 -99.1 132 0 45.8 16.2 10.0 2.5 2 0 4 2 2
1357.7 -5655.8 -106.2 330 0 12.2 55.5 12.5 2.5 2 1 5 5 5
1337.3 -5527.1 -110.2 104 0 31.4 34.8 12.5 0.0 0 1 5 1 1
1397.5 -5431.5 -110.2 293 0 50.6 30.3 7.5 0.0 0 0 3 5 5
-1942.9 -2516.3 -107.2 182 0 11.8 15.5 5.0 2.5 2 1 2 3 3
3943.8 -1944.4 76.3 19 0 14.9 15.3 7.5 2.5 2 1 3 0 0
-4548.9 1897.6 -43.7 279 0 9.4 12.2 2.5 2.5 2 1 1 0 0
-5037.5 2078.7 -48.8 292 0 13.7 15.5 5.0 2.5 2 1 2 4 4
