-6594.9 2998.2 -261.0 193 0 24.3 18.2 10.0 2.5 2 0 4 4 4
-4649.6 2132.8 -263.9 118 0 16.0 16.4 7.5 0.0 0 1 3 2 2
-4849.2 2279.3 -260.3 57 0 17.5 19.7 7.5 2.5 2 1 3 4 4
-3098.7 -753.9 -106.2 306 0 11.9 31.0 14.0 3.5 2 1 4 4 4
-3139.8 -725.6 -108.0 311 0 10.0 31.7 10.5 3.5 2 1 3 5 5
-3200.7 -710.1 -109.8 222 0 7.7 7.4 10.5 0.0 0 0 3 1 1
-3133.5 -847.4 -105.1 205 0 30.5 19.8 14.0 0.0 0 0 4 3 3
-6698.7 3193.5 -260.3 10 0 37.3 11.8 15.0 0.0 0 0 6 0 0
-2601.8 1538.1 -265.6 328 0 7.4 8.5 7.5 2.5 4 1 3 4 4
-2184.7 1292.3 -261.1 272 0 14.2 14.2 2.5 2.5 2 1 1 5 5
-2509.3 1408.7 -264.1 212 0 16.0 33.3 7.5 2.5 2 1 3 4 4
-2421.3 1385.3 -264.1 295 0 15.5 9.7 5.0 2.5 2 0 2 0 0
-2728.0 1473.7 -261.3 3 0 14.1 18.1 12.5 2.5 2 1 5 2 2
-2668.2 1488.7 -263.0 259 0 6.1 9.5 7.5 2.5 2 1 3 0 0
-2463.1 1230.9 -257.6 107 0 6.9 10.0 2.5 0.0 0 1 1 0 0
-2707.6 1460.9 -261.2 184 0 7.2 13.3 5.0 0.0 0 1 2 3 3
-2930.9 1565.3 -260.3 101 0 4.1 8.7 7.5 2.5 2 1 3 1 1
-2832.7 1503.2 -259.7 309 0 6.5 6.9 5.0 2.5 2 1 2 4 4
-2695.0 1217.2 -250.4 176 0 8.5 16.7 7.5 2.5 2 1 3 1 1
-2156.4 1275.4 -261.1 192 0 25.4 9.7 5.0 2.5 2 0 2 2 2
-2096.9 1270.8 -261.4 101 0 6.5 16.2 7.5 2.5 2 0 3 4 4
-3175.1 1661.5 -243.1 277 0 10.5 10.1 2.5 2.5 2 0 1 1 1
-2551.7 1367.2 -262.6 292 0 14.6 15.8 7.5 2.5 2 1 3 2 2
-2801.0 1376.1 -233.7 128 0 10.6 9.7 7.5 2.5 4 0 3 5 5
-2264.5 1191.0 -255.9 99 0 19.1 9.6 2.5 2.5 2 0 1 3 3
-2599.5 1345.9 -261.7 183 0 6.8 10.9 5.0 0.0 0 1 2 2 2
-2276.4 1246.3 -258.5 107 0 10.2 7.9 7.5 2.5 2 0 3 1 1
-3025.0 1647.6 -251.3 327 0 7.1 8.4 5.0 2.5 2 1 2 0 0
-2339.7 1333.8 -262.0 11 0 9.5 9.8 7.5 2.5 4 1 3 4 4
-2318.1 1218.9 -256.9 1 0 12.5 7.0 7.5 2.5 2 0 3 3 3
-2092.2 1278.1 -261.3 191 0 16.2 8.2 5.0 2.5 2 0 2 1 1
-2522.7 1354.6 -262.4 286 0 8.5 16.7 5.0 2.5 4 1 2 5 5
-2349.4 1144.7 -250.2 275 0 7.7 6.9 7.5 0.0 0 0 3 3 3
-3188.2 1661.3 -243.7 268 0 12.9 9.5 5.0 2.5 2 0 2 2 2
-2075.9 1280.5 -261.2 283 0 8.0 7.3 5.0 2.5 2 0 2 1 1
-2643.9 1502.6 -264.1 64 0 6.1 10.4 7.5 2.5 2 1 3 0 0
-2962.4 1576.2 -254.1 128 0 8.1 7.6 5.0 2.5 2 0 2 0 0
-2409.2 1368.5 -263.3 294 0 7.5 6.3 5.0 2.5 2 0 2 5 5
-3033.5 1654.6 -250.7 328 0 6.4 7.6 2.5 2.5 2 1 1 0 0
-2407.8 1278.4 -259.4 202 0 8.6 13.0 2.5 2.5 2 1 1 0 0
-2402.3 1167.3 -254.8 93 0 10.2 10.5 5.0 0.0 0 1 2 4 4
-2939.0 1554.0 -252.1 322 0 7.1 5.0 5.0 0.0 0 0 2 5 5
-2670.6 1266.3 -248.1 266 0 18.1 11.1 7.5 2.5 2 0 3 3 3
-2507.3 1364.0 -263.1 202 0 13.6 37.4 5.0 2.5 4 1 2 1 1
-2737.9 1442.0 -260.1 85 0 7.4 13.3 7.5 2.5 2 1 3 0 0
-2445.9 1395.1 -264.4 294 0 4.5 8.2 2.5 2.5 2 1 1 4 4
-2723.2 1459.1 -260.9 184 0 11.0 14.3 7.5 2.5 2 1 3 0 0
-2358.3 1146.2 -250.1 276 0 7.1 8.7 5.0 2.5 2 1 2 5 5
-2090.4 1209.9 -260.8 102 0 9.5 61.0 7.5 2.5 2 1 3 5 5
-2686.5 1439.8 -260.6 2 0 12.0 7.2 5.0 2.5 2 0 2 0 0
-2627.2 1512.3 -264.7 61 0 5.0 7.3 2.5 2.5 4 1 1 2 2
-2609.0 1493.5 -264.5 358 0 7.8 6.9 5.0 0.0 0 0 2 5 5
-2802.0 1490.8 -260.2 13 0 9.7 13.9 7.5 2.5 2 1 3 1 1
-2405.2 1216.1 -256.7 1 0 10.2 10.8 10.0 2.5 2 1 4 3 3
-2981.3 1586.9 -251.1 123 0 8.0 6.6 2.5 2.5 2 0 1 2 2
-3079.2 1667.9 -241.9 257 0 7.2 4.7 5.0 2.5 2 0 2 2 2
-2248.8 1271.9 -259.8 195 0 11.9 9.4 2.5 2.5 2 0 1 3 3
-2621.3 1531.6 -265.3 332 0 8.6 10.6 7.5 2.5 2 1 3 0 0
-2769.3 1353.0 -232.1 40 0 7.6 11.9 7.5 2.5 2 1 3 0 0
-2369.7 1317.8 -261.4 34 0 11.6 8.2 5.0 0.0 0 0 2 1 1
-2237.6 1214.4 -256.8 280 0 15.8 12.7 7.5 2.5 2 0 3 0 0
-2933.4 1578.1 -260.1 301 0 5.2 9.2 7.5 2.5 4 1 3 2 2
-2098.9 1254.6 -260.4 192 0 18.9 9.3 5.0 2.5 2 0 2 2 2
-2264.3 1239.1 -258.2 96 0 11.3 8.8 2.5 2.5 2 0 1 5 5
-2509.8 1415.1 -263.4 14 0 6.2 4.9 2.5 2.5 2 0 1 2 2
-2286.5 1276.0 -259.9 110 0 18.4 8.3 7.5 2.5 2 0 3 3 3
-2347.0 1319.7 -261.7 14 0 17.1 17.6 10.0 2.5 2 1 4 5 5
-2234.7 1304.8 -261.3 287 0 15.7 10.4 5.0 2.5 2 0 2 0 0
-2286.6 1322.2 -261.8 292 0 18.1 15.1 7.5 2.5 2 0 3 0 0
-2799.9 1513.3 -261.0 290 0 37.3 12.3 7.5 2.5 2 0 3 0 0
-2305.4 1329.8 -262.0 292 0 22.4 15.1 7.5 2.5 2 0 3 0 0
-2789.3 1445.7 -252.4 284 0 19.2 11.4 5.0 2.5 2 0 2 1 1
-2685.5 1488.6 -262.7 252 0 10.3 9.4 2.5 2.5 4 0 1 5 5
-2263.0 1304.5 -261.6 22 0 15.1 19.5 7.5 2.5 2 0 3 5 5
-2452.1 1397.0 -264.4 288 0 4.5 7.7 7.5 2.5 2 1 3 1 1
-2755.6 1445.0 -258.3 20 0 16.2 11.0 5.0 2.5 2 0 2 2 2
-1731.6 1466.7 -258.2 166 0 5.8 8.7 5.0 2.5 2 1 2 2 2
-1705.6 1243.9 -245.6 296 0 7.3 13.6 7.5 2.5 2 1 3 3 3
-2040.6 1212.9 -258.7 73 0 8.3 5.1 5.0 0.0 0 0 2 4 4
-2061.7 1178.9 -256.8 165 0 6.6 9.4 2.5 2.5 4 1 1 2 2
-2001.6 1249.5 -260.5 103 0 9.5 8.2 5.0 2.5 2 0 2 5 5
-1746.6 1375.7 -259.9 195 0 10.2 8.8 5.0 2.5 2 0 2 0 0
-2030.9 1228.2 -259.3 6 0 3.9 12.3 7.5 2.5 2 1 3 2 2
-2003.7 1285.9 -261.5 274 0 7.2 13.3 7.5 2.5 2 1 3 2 2
-1973.5 1290.7 -261.8 269 0 5.9 11.0 2.5 2.5 2 0 1 1 1
-1958.1 1291.2 -261.8 271 0 3.8 12.7 7.5 2.5 2 1 3 0 0
-2018.2 1209.9 -258.4 278 0 8.6 13.3 5.0 2.5 2 1 2 3 3
-1982.4 1228.0 -259.9 97 0 9.2 13.4 5.0 2.5 2 1 2 3 3
-2053.7 1128.3 -245.9 90 0 8.7 4.9 7.5 2.5 2 0 3 3 3
-1745.1 1406.7 -261.5 198 0 19.3 13.9 10.0 2.5 2 0 4 2 2
-1894.1 1239.0 -258.8 241 0 28.3 8.3 5.0 2.5 2 0 2 3 3
-1966.2 1288.3 -261.7 269 0 6.7 10.1 7.5 2.5 2 1 3 5 5
-1900.1 1264.4 -260.4 305 0 5.5 6.7 7.5 2.5 2 1 3 3 3
-5232.1 1368.0 -207.2 259 0 14.2 21.9 17.5 0.0 0 1 7 3 3
-5272.3 1296.9 -206.7 70 0 12.1 18.3 7.5 2.5 2 1 3 5 5
-5355.2 1324.9 -205.3 59 0 14.2 18.4 10.0 2.5 2 1 4 1 1
-6393.0 3196.0 -264.2 283 0 30.5 43.3 7.5 0.0 0 1 3 0 0
-6629.9 -6431.1 261.8 87 0 9.5 9.9 5.0 0.0 0 1 2 1 1
-1672.7 -5148.2 -198.5 176 0 26.1 8.9 7.5 2.5 2 0 3 5 5
1612.6 -2370.2 -264.1 116 0 15.4 8.1 7.5 2.5 2 0 3 5 5
1403.5 -2540.0 -257.8 116 0 9.2 37.6 7.5 0.0 0 1 3 0 0
2212.7 -2504.1 -262.3 18 0 10.3 26.3 12.5 2.5 2 1 5 1 1
1594.6 -2379.4 -263.7 36 0 8.2 16.1 7.5 2.5 4 1 3 0 0
1432.1 -2483.5 -255.0 226 0 25.4 12.8 12.5 0.0 0 0 5 3 3
2152.8 -2389.8 -245.3 60 0 6.1 5.6 5.0 2.5 4 0 2 4 4
2204.5 -2471.8 -260.2 307 0 7.8 7.1 5.0 2.5 2 0 2 3 3
2063.3 -2299.7 -217.2 14 0 10.3 9.7 7.5 2.5 4 0 3 4 4
2309.2 -2811.6 -265.6 74 0 7.6 9.5 5.0 2.5 2 1 2 5 5
-6137.6 672.5 -159.7 198 0 8.5 7.7 7.5 2.5 2 0 3 3 3
-6013.7 845.9 -183.4 204 0 12.9 14.5 7.5 2.5 2 1 3 1 1
-5349.2 2250.0 6.7 7 0 11.2 11.6 2.5 2.5 2 1 1 4 4
-5415.2 943.3 -190.4 334 0 16.8 8.2 5.0 2.5 2 0 2 3 3
-4325.2 755.3 -122.6 19 0 7.0 26.3 5.0 2.5 2 1 2 2 2
-5177.5 949.5 -196.8 302 0 11.3 22.6 7.5 0.0 0 1 3 4 4
-4719.3 826.4 -144.6 1 0 5.8 9.7 5.0 2.5 2 1 2 0 0
-5777.1 1450.2 -194.5 180 0 6.0 15.6 7.5 2.5 2 1 3 5 5
-4789.1 871.7 -156.4 88 0 9.2 21.6 2.5 2.5 2 1 1 5 5
-3951.2 -180.0 -80.6 24 0 9.2 6.6 7.5 2.5 2 0 3 1 1
-4604.9 1309.4 -225.0 44 0 10.2 9.4 7.5 2.5 2 0 3 3 3
-3923.7 -21.3 -76.1 137 0 5.4 7.9 2.5 2.5 2 1 1 3 3
-3604.1 1014.9 -132.3 300 0 5.2 10.8 5.0 2.5 2 1 2 0 0
-3716.5 763.1 -112.4 276 0 4.9 12.8 5.0 2.5 2 1 2 3 3
-4773.9 886.4 -155.2 93 0 18.6 6.9 2.5 2.5 2 0 1 3 3
-5215.3 1564.9 -173.8 135 0 6.0 7.0 7.5 2.5 2 1 3 0 0
-5855.1 -1237.0 -68.7 19 0 10.1 8.0 7.5 2.5 2 0 3 0 0
-3967.9 -199.6 -81.6 10 0 11.1 14.8 5.0 2.5 2 1 2 2 2
-3187.0 -584.2 -109.5 126 0 16.8 14.1 10.5 3.5 2 0 3 5 5
-2703.1 1113.6 -242.2 328 0 11.9 5.7 7.5 2.5 2 0 3 2 2
-3967.6 -86.7 -76.5 119 0 6.6 7.7 2.5 2.5 4 1 1 0 0
-4663.8 996.0 -166.5 347 0 13.1 8.0 5.0 2.5 2 0 2 5 5
-4642.8 1246.3 -212.9 49 0 12.2 13.1 7.5 2.5 2 1 3 5 5
-3904.2 72.9 -75.3 254 0 11.1 10.0 5.0 2.5 2 0 2 4 4
-5855.9 -1274.4 -68.9 91 0 8.1 15.4 7.5 0.0 0 1 3 5 5
-5490.5 -703.1 -63.7 115 0 6.0 9.8 2.5 2.5 2 1 1 4 4
-3803.6 577.6 -95.1 205 0 10.0 21.5 5.0 2.5 2 1 2 5 5
-4409.9 -451.6 -93.7 264 0 8.1 15.8 7.5 2.5 2 1 3 4 4
-4790.9 827.1 -151.8 277 0 18.4 11.1 2.5 2.5 2 0 1 1 1
-5530.5 -1442.6 -65.2 130 0 4.4 15.5 7.5 2.5 2 1 3 5 5
-4771.3 827.3 -149.5 257 0 17.8 11.6 2.5 0.0 0 0 1 2 2
-4347.2 842.9 -134.9 198 0 7.5 20.5 5.0 2.5 2 0 2 4 4
-3697.9 -701.3 -104.9 242 0 12.5 14.1 14.0 3.5 2 1 4 4 4
-3876.8 -908.0 -103.0 237 0 15.7 23.8 5.0 2.5 2 1 2 5 5
-3688.9 -183.0 -76.9 68 0 12.3 19.5 10.0 2.5 2 1 4 5 5
-3757.7 -756.0 -103.7 354 0 15.9 21.9 2.5 2.5 2 1 1 4 4
-3730.6 -639.8 -102.7 150 0 9.8 22.7 10.5 3.5 2 1 3 0 0
-3897.3 -981.3 -101.5 322 0 14.8 13.1 5.0 2.5 2 0 2 3 3
-3653.7 -823.4 -105.6 77 0 11.1 43.9 14.0 3.5 2 1 4 5 5
-3553.4 -649.3 -105.5 262 0 14.5 19.8 14.0 3.5 2 1 4 5 5
-3679.6 -249.1 -65.9 176 0 14.9 16.4 5.0 2.5 2 1 2 1 1
-3636.8 -655.7 -104.1 73 0 11.2 17.6 10.5 0.0 0 1 3 3 3
-3725.0 -504.3 -97.2 270 0 15.6 34.8 10.5 3.5 2 1 3 2 2
-3751.3 -263.7 -75.6 175 0 10.2 12.4 5.0 2.5 2 1 2 5 5
-3531.2 -610.2 -103.0 76 0 11.2 11.2 10.5 0.0 0 1 3 5 5
-3399.8 -469.5 -100.5 269 0 4.8 9.1 10.5 0.0 0 1 3 5 5
-3744.9 -158.3 -78.7 313 0 29.6 15.1 15.0 0.0 0 0 6 3 3
-3736.8 -379.8 -80.6 258 0 19.2 16.1 10.5 0.0 0 0 3 1 1
-3517.0 -461.0 -97.7 286 0 13.3 14.2 10.5 3.5 4 1 3 4 4
-3674.1 -1071.8 -102.9 244 0 15.4 20.8 5.0 0.0 0 1 2 4 4
-4286.9 -143.5 -77.7 246 0 16.3 13.0 5.0 0.0 0 0 2 0 0
-3410.5 -540.9 -103.0 214 0 6.9 5.7 10.5 3.5 2 0 3 0 0
-3751.2 -351.4 -77.5 160 0 5.8 9.6 7.5 2.5 2 1 3 5 5
-3646.8 -319.8 -65.7 350 0 16.9 17.6 10.0 2.5 2 1 4 1 1
-3656.9 -393.7 -77.8 286 0 14.8 16.1 10.5 3.5 2 1 3 4 4
-3710.8 -397.8 -77.6 273 0 3.4 10.7 10.5 3.5 2 1 3 3 3
-3495.1 -461.9 -98.1 279 0 15.8 13.2 10.5 3.5 2 0 3 3 3
-3728.9 -339.8 -76.0 60 0 11.5 20.1 7.5 0.0 0 1 3 1 1
-3645.4 -630.2 -103.1 67 0 12.0 14.7 10.5 0.0 0 1 3 0 0
-3788.7 -880.0 -103.9 65 0 15.2 17.0 7.5 2.5 2 1 3 3 3
-3802.1 -963.1 -102.8 56 0 5.2 6.1 5.0 0.0 0 1 2 2 2
-3790.7 -579.1 -96.0 334 0 8.2 14.5 2.5 2.5 2 0 1 1 1
-3682.5 -623.2 -102.4 124 0 5.2 10.3 10.5 3.5 2 1 3 2 2
-3700.5 -360.1 -72.9 252 0 10.1 4.0 10.5 3.5 2 0 3 2 2
-3697.6 -153.0 -78.8 244 0 10.9 3.4 7.5 2.5 2 0 3 0 0
-3911.8 -1006.9 -101.0 62 0 6.8 5.9 2.5 2.5 2 0 1 4 4
-3481.0 -625.9 -104.5 81 0 4.8 6.3 10.5 3.5 2 1 3 1 1
-3718.0 -199.0 -73.3 252 0 13.8 17.3 5.0 2.5 2 1 2 4 4
-3487.3 -627.2 -104.4 70 0 6.8 5.8 10.5 3.5 2 0 3 5 5
-3799.8 -759.2 -101.4 83 0 20.8 7.6 5.0 2.5 2 0 2 3 3
-3707.7 -775.6 -105.3 174 0 24.4 19.8 14.0 3.5 2 0 4 3 3
-3649.2 -674.6 -105.0 235 0 16.1 12.1 14.0 3.5 2 0 4 1 1
-3682.8 -778.5 -105.4 166 0 17.9 9.9 10.5 3.5 2 0 3 0 0
-3731.0 -624.4 -102.1 330 0 6.9 6.8 10.5 3.5 2 0 3 3 3
-3711.0 -370.7 -75.8 252 0 10.2 20.8 10.5 3.5 2 1 3 3 3
-3453.3 -497.4 -99.7 95 0 16.0 7.0 10.5 3.5 2 0 3 4 4
-4460.1 45.8 -52.1 41 0 7.4 6.3 2.5 2.5 2 0 1 3 3
-3598.5 -578.8 -101.2 176 0 9.8 22.1 10.5 0.0 0 1 3 0 0
-3743.9 -298.1 -75.7 206 0 5.7 7.2 7.5 2.5 2 1 3 3 3
-3683.7 -835.8 -105.3 78 0 12.6 17.4 14.0 3.5 2 1 4 3 3
-3475.6 -329.1 -62.1 267 0 4.3 8.5 5.0 2.5 2 1 2 2 2
-3362.9 -500.9 -103.9 248 0 3.7 11.0 10.5 3.5 2 1 3 0 0
-3647.3 -1087.6 -103.0 260 0 6.1 6.8 7.5 2.5 2 1 3 3 3
-3697.3 -807.5 -105.3 168 0 13.1 11.6 14.0 3.5 2 0 4 5 5
-3481.6 -567.8 -102.3 285 0 7.4 6.1 10.5 3.5 2 0 3 5 5
-3581.9 -616.9 -103.3 182 0 10.8 32.9 10.5 3.5 2 1 3 0 0
-3638.1 -255.9 -62.6 358 0 18.4 13.1 5.0 0.0 0 0 2 0 0
-3966.9 -471.8 -63.6 129 0 12.4 17.1 10.0 0.0 0 1 4 3 3
-3913.6 -1048.1 -100.6 51 0 6.0 6.2 5.0 2.5 2 1 2 3 3
-3640.8 -689.1 -105.3 238 0 12.3 17.5 14.0 3.5 2 1 4 0 0
-3592.8 -674.1 -105.6 243 0 10.8 16.2 14.0 3.5 2 0 4 4 4
-3668.1 -832.1 -105.5 76 0 13.4 15.1 14.0 3.5 2 1 4 4 4
-5209.3 -178.2 -63.0 3 0 10.1 8.0 7.5 2.5 2 0 3 0 0
-3641.8 -335.5 -65.3 260 0 5.9 14.0 7.5 2.5 2 1 3 0 0
-3971.5 -933.2 -101.6 8 0 6.9 10.3 2.5 2.5 2 1 1 4 4
-3796.5 -697.3 -101.3 69 0 18.5 13.9 2.5 2.5 2 0 1 4 4
-3474.7 -495.7 -99.4 99 0 26.8 12.3 10.5 3.5 2 0 3 5 5
-3828.2 -582.2 -94.5 189 0 14.0 24.8 12.5 2.5 2 0 5 2 2
-3758.5 -878.8 -103.9 245 0 14.8 27.6 5.0 2.5 2 1 2 4 4
-3804.3 -835.5 -104.2 331 0 12.6 17.8 5.0 2.5 2 1 2 4 4
-4274.0 -55.7 -74.8 334 0 16.4 15.2 5.0 2.5 2 0 2 1 1
-3825.2 -876.0 -103.5 68 0 10.0 14.5 5.0 2.5 2 1 2 5 5
-3571.7 -639.7 -104.2 81 0 15.9 12.7 10.5 3.5 4 0 3 5 5
-3756.4 -867.0 -104.3 77 0 15.3 12.8 5.0 2.5 2 0 2 3 3
-3698.9 -343.7 -72.2 265 0 19.4 13.5 10.5 3.5 2 0 3 2 2
-3747.2 -285.1 -75.8 160 0 11.7 12.7 5.0 2.5 4 1 2 2 2
-4111.2 -974.3 -99.4 256 0 11.0 14.1 7.5 2.5 2 1 3 0 0
-4039.3 -938.0 -100.7 256 0 4.8 15.3 5.0 2.5 2 1 2 1 1
-3785.7 -994.1 -102.4 297 0 11.5 15.5 5.0 2.5 2 1 2 3 3
-4006.9 -999.4 -100.2 66 0 7.7 10.6 2.5 2.5 2 1 1 2 2
-4174.4 -1084.3 -97.6 76 0 3.9 9.3 2.5 0.0 0 1 1 4 4
-3695.7 -1287.6 -99.6 119 0 6.6 4.8 7.5 0.0 0 0 3 4 4
-4144.4 -1075.3 -98.0 177 0 8.5 8.3 5.0 2.5 4 0 2 4 4
-3855.4 -1291.0 -99.1 159 0 4.6 8.9 2.5 2.5 2 1 1 3 3
-4152.9 -1120.5 -97.7 170 0 5.5 10.0 5.0 2.5 2 1 2 5 5
-3916.5 -1115.4 -99.9 308 0 4.7 9.4 5.0 2.5 4 1 2 5 5
-4151.7 -1144.1 -97.6 257 0 11.9 6.3 7.5 2.5 2 0 3 2 2
-3804.4 -1038.6 -101.8 54 0 3.6 8.9 7.5 2.5 4 1 3 5 5
-4092.8 -1056.8 -98.6 71 0 9.4 7.6 2.5 2.5 2 0 1 3 3
-3879.7 -1116.3 -100.2 319 0 12.4 13.0 5.0 0.0 0 1 2 0 0
-4150.6 -1110.1 -97.7 173 0 5.0 6.0 5.0 2.5 2 1 2 0 0
-4021.9 -1020.4 -99.7 243 0 14.3 14.0 7.5 2.5 2 0 3 5 5
-3837.4 -1175.6 -100.4 222 0 9.0 12.2 5.0 2.5 2 1 2 1 1
-3894.1 -1137.9 -100.1 49 0 7.3 13.3 7.5 2.5 2 1 3 0 0
-3853.9 -964.5 -102.4 146 0 4.5 12.1 5.0 2.5 2 1 2 2 2
-3625.2 -931.5 -104.7 251 0 13.1 14.3 14.0 3.5 2 1 4 2 2
-3656.5 -1078.7 -103.1 223 0 15.8 24.8 10.0 0.0 0 1 4 5 5
-3657.8 -930.0 -104.4 69 0 13.7 10.2 5.0 2.5 2 0 2 2 2
-3443.8 -1429.3 -100.5 75 0 26.4 12.5 10.0 2.5 2 0 4 4 4
-3594.8 -997.8 -104.4 342 0 36.2 8.4 10.5 3.5 4 0 3 4 4
-3641.2 -959.3 -104.3 81 0 6.3 6.0 10.5 3.5 2 0 3 2 2
-3658.2 -910.0 -104.6 339 0 13.6 15.3 7.5 2.5 2 1 3 5 5
-3655.8 -940.0 -104.2 255 0 5.4 14.2 10.5 3.5 2 1 3 0 0
-3572.7 -912.5 -105.6 259 0 9.9 24.9 10.5 3.5 2 1 3 0 0
-3646.6 -935.4 -104.4 257 0 8.5 17.6 10.5 3.5 2 1 3 1 1
-2834.5 -1895.1 -94.2 328 0 11.1 12.3 2.5 2.5 2 1 1 3 3
-2862.6 -643.0 -96.8 343 0 23.9 13.8 14.0 3.5 2 0 4 1 1
-3141.8 -1820.3 -98.3 22 0 7.5 10.1 2.5 2.5 2 1 1 5 5
-3071.4 -3079.2 -25.1 93 0 6.0 14.8 7.5 0.0 0 1 3 5 5
-2843.0 -2925.4 -24.4 14 0 10.0 12.5 10.0 2.5 2 1 4 5 5
-2418.8 -2893.7 -35.4 331 0 5.6 5.4 5.0 2.5 2 0 2 3 3
-2564.5 -2428.3 -42.9 284 0 7.6 14.9 7.5 2.5 4 1 3 0 0
699.4 -4171.1 -241.0 260 0 5.8 7.5 5.0 0.0 0 1 2 2 2
1715.1 -3860.3 -245.4 88 0 6.6 11.4 2.5 2.5 2 1 1 4 4
2559.8 -3227.1 -266.7 307 0 20.1 8.9 5.0 2.5 2 0 2 1 1
2622.3 -3212.0 -267.1 217 0 5.6 18.1 5.0 0.0 0 1 2 1 1
1389.8 -4319.0 -240.8 268 0 4.1 8.0 2.5 2.5 4 1 1 0 0
2705.8 -3290.0 -267.5 125 0 15.8 10.2 7.5 2.5 2 0 3 3 3
2647.0 -3266.8 -267.2 128 0 10.6 10.8 5.0 2.5 4 1 2 1 1
2583.8 -3245.9 -266.7 307 0 20.2 9.1 7.5 0.0 0 0 3 3 3
2750.1 -3352.7 -267.6 36 0 8.1 23.6 7.5 2.5 2 1 3 1 1
2664.7 -3260.4 -267.2 43 0 4.9 12.6 5.0 2.5 4 1 2 5 5
-241.7 -6618.0 20.8 152 0 9.7 8.5 5.0 2.5 2 0 2 2 2
2528.1 -4448.6 -260.8 292 0 4.3 7.7 5.0 2.5 2 1 2 0 0
1476.0 -4425.7 -248.2 296 0 24.0 11.2 7.5 2.5 2 0 3 3 3
6078.8 -5785.0 -257.4 9 0 44.6 18.7 5.0 2.5 2 0 2 0 0
4385.6 -8349.1 -133.8 330 0 4.4 12.2 5.0 2.5 2 1 2 5 5
6075.1 -6069.9 -245.1 290 0 6.3 6.2 7.5 0.0 0 0 3 5 5
4906.3 -6128.1 -240.2 8 0 9.3 4.8 5.0 2.5 2 0 2 4 4
6162.1 -6039.5 -247.2 340 0 4.1 7.6 2.5 2.5 2 1 1 0 0
3216.4 -5418.5 -259.4 199 0 8.6 11.8 5.0 2.5 2 1 2 3 3
6069.1 -6075.8 -244.0 291 0 5.6 14.4 7.5 2.5 2 1 3 3 3
6172.5 -6009.8 -248.1 7 0 25.6 6.9 5.0 2.5 2 0 2 5 5
6128.2 -6084.2 -247.4 75 0 21.2 13.6 12.5 2.5 2 0 5 4 4
2666.3 -6159.9 -250.7 5 0 14.1 7.5 7.5 2.5 2 0 3 4 4
3697.3 -6768.0 -242.8 32 0 10.6 22.1 5.0 2.5 2 1 2 1 1
6810.3 -5965.5 -252.9 148 0 9.3 4.7 5.0 2.5 4 0 2 3 3
6656.3 -5824.3 -261.7 269 0 8.5 23.3 5.0 2.5 2 1 2 0 0
6607.5 -6032.3 -241.6 269 0 7.5 20.7 5.0 2.5 2 1 2 4 4
6913.9 -5879.6 -259.8 287 0 19.7 25.3 12.5 2.5 4 1 5 5 5
6801.5 -5725.4 -267.0 274 0 8.4 32.0 7.5 2.5 2 1 3 0 0
6199.4 -5715.5 -262.5 179 0 9.9 7.0 2.5 2.5 4 0 1 4 4
6495.2 -5865.4 -255.2 338 0 8.4 15.2 2.5 2.5 2 1 1 3 3
6324.9 -5777.7 -261.0 272 0 14.7 28.2 10.0 2.5 2 1 4 4 4
6661.1 -5768.8 -265.5 59 0 11.2 35.3 10.0 2.5 2 1 4 3 3
6608.4 -5766.0 -264.5 95 0 9.1 10.9 5.0 2.5 2 1 2 4 4
4125.0 -5137.7 -266.6 129 0 17.9 11.4 2.5 2.5 2 0 1 1 1
6623.4 -5343.6 -269.6 182 0 21.1 12.7 10.0 2.5 4 0 4 5 5
5583.0 -4990.9 -266.3 203 0 3.1 36.9 5.0 2.5 2 1 2 4 4
4156.6 -5121.9 -266.7 41 0 12.7 14.8 5.0 2.5 2 1 2 1 1
4829.7 -4533.2 -270.4 320 0 6.6 5.3 7.5 2.5 2 0 3 5 5
-4764.0 2244.0 -268.1 312 0 15.8 16.9 7.5 2.5 2 1 3 1 1
-4745.5 2190.7 -266.3 121 0 14.4 19.0 7.5 2.5 2 1 3 0 0
-4436.4 2038.3 -266.1 296 0 13.6 17.7 10.0 0.0 0 1 4 3 3
-6151.1 3049.6 -265.4 149 0 9.0 9.5 5.0 0.0 0 1 2 5 5
-6092.5 3016.3 -265.5 330 0 12.3 20.3 7.5 2.5 2 1 3 4 4
-6075.3 3036.6 -266.0 328 0 10.3 20.8 5.0 2.5 2 1 2 4 4
-6062.8 3063.0 -266.7 13 0 40.4 11.9 12.5 2.5 4 0 5 2 2
-6136.2 3087.4 -266.5 148 0 11.3 38.2 10.0 2.5 2 1 4 4 4
-6078.5 3140.7 -267.2 328 0 11.0 20.1 5.0 2.5 2 1 2 3 3
-6059.3 3096.3 -267.0 57 0 13.6 34.0 7.5 2.5 2 1 3 3 3
-6139.3 3002.2 -265.0 151 0 8.0 11.6 5.0 2.5 2 1 2 4 4
-6158.6 3017.8 -264.9 148 0 9.3 9.5 7.5 2.5 2 1 3 5 5
-5981.4 3242.2 -261.5 164 0 5.8 10.5 7.5 2.5 2 1 3 1 1
-3147.0 -1930.1 -95.8 105 0 14.7 14.0 10.0 2.5 2 0 4 2 2
2200.1 -2713.1 -257.6 353 0 15.1 7.9 7.5 2.5 2 0 3 3 3
2211.3 -2682.0 -259.7 346 0 30.7 8.7 7.5 2.5 4 0 3 2 2
2260.5 -2808.0 -264.4 239 0 10.5 16.5 5.0 2.5 2 1 2 2 2
2288.0 -2850.4 -265.1 329 0 7.8 19.4 5.0 2.5 2 1 2 3 3
2287.2 -2845.1 -265.1 331 0 4.5 22.3 5.0 2.5 2 1 2 1 1
2111.9 -2917.0 -263.1 39 0 7.8 11.2 5.0 2.5 4 1 2 1 1
2174.8 -2769.8 -258.8 159 0 6.9 8.9 5.0 2.5 2 1 2 3 3
2171.6 -2773.0 -258.6 250 0 3.9 8.9 5.0 2.5 2 1 2 4 4
2111.1 -2656.0 -250.6 266 0 8.8 13.6 7.5 2.5 2 1 3 5 5
2151.3 -2682.0 -253.5 168 0 4.8 7.6 2.5 0.0 0 1 1 5 5
1699.2 -2784.1 -251.3 94 0 9.9 11.3 2.5 2.5 2 1 1 4 4
1689.8 -2800.1 -251.4 274 0 4.1 7.5 5.0 2.5 2 1 2 2 2
2124.5 -2460.7 -255.8 204 0 17.0 8.4 5.0 2.5 2 0 2 5 5
1220.6 -2402.6 -265.3 120 0 10.6 10.5 7.5 2.5 2 0 3 4 4
1245.3 -3168.7 -246.1 8 0 16.6 13.3 2.5 2.5 2 0 1 2 2
1247.5 -3145.1 -244.1 7 0 9.0 13.2 7.5 2.5 2 1 3 5 5
2515.2 -3173.8 -267.0 44 0 11.9 18.6 7.5 0.0 0 1 3 5 5
2475.6 -3253.7 -266.1 345 0 9.0 13.9 7.5 2.5 2 1 3 4 4
6722.8 -5353.3 -270.3 195 0 9.6 14.4 5.0 2.5 2 1 2 5 5
6684.6 -5165.0 -271.6 108 0 13.9 6.1 2.5 0.0 0 0 1 1 1
6766.2 -5404.8 -270.3 104 0 20.4 9.6 7.5 2.5 2 0 3 1 1
6934.3 -5154.2 -272.0 12 0 9.7 11.7 7.5 2.5 2 1 3 1 1
6934.2 -5157.4 -272.1 192 0 20.5 14.9 7.5 2.5 4 0 3 4 4
6783.5 -5508.3 -269.4 281 0 10.6 18.9 5.0 2.5 2 1 2 5 5
-6448.9 3287.0 -264.7 15 0 17.5 36.2 7.5 2.5 2 1 3 2 2
-6542.5 3170.0 -262.3 104 0 21.8 13.8 7.5 2.5 4 0 3 5 5
1113.9 -4737.2 -243.7 231 0 5.2 18.7 7.5 0.0 0 1 3 2 2
857.4 -4728.2 -241.2 126 0 18.9 20.1 5.0 2.5 2 1 2 5 5
1519.0 -4553.6 -248.6 327 0 7.7 40.5 7.5 2.5 2 1 3 1 1
1398.3 -4655.1 -247.4 143 0 10.7 15.5 2.5 2.5 2 1 1 5 5
1303.4 -4685.4 -246.2 233 0 13.1 8.6 7.5 0.0 0 0 3 5 5
1187.7 -4775.1 -244.4 15 0 12.2 8.0 7.5 2.5 2 0 3 1 1
1619.0 -4569.9 -249.7 60 0 8.7 18.9 5.0 0.0 0 1 2 4 4
2404.5 -2874.6 -266.4 58 0 12.0 17.6 5.0 2.5 2 1 2 4 4
-9.7 -3138.6 -197.9 169 0 5.9 7.3 7.5 2.5 2 1 3 5 5
33.3 -3119.0 -203.4 170 0 35.0 9.7 7.5 2.5 2 0 3 5 5
38.8 -3159.5 -202.9 169 0 8.9 9.8 5.0 2.5 2 1 2 2 2
-71.1 -3074.2 -193.5 260 0 24.7 8.1 7.5 2.5 2 0 3 5 5
-70.8 -3213.6 -190.8 169 0 13.4 21.9 10.0 2.5 2 1 4 0 0
-96.9 -3190.8 -186.0 349 0 24.5 9.0 5.0 2.5 2 0 2 2 2
-102.4 -3221.7 -186.7 80 0 8.8 12.7 7.5 2.5 2 1 3 4 4
-102.3 -3119.4 -187.4 349 0 11.2 20.4 2.5 2.5 4 1 1 3 3
-120.2 -3096.1 -187.3 80 0 19.8 9.6 5.0 2.5 2 0 2 4 4
-124.9 -3150.9 -184.8 303 0 20.8 17.5 12.5 0.0 0 0 5 4 4
265.0 -8478.2 -135.8 265 0 9.4 27.3 7.5 0.0 0 0 3 5 5
-567.8 -9639.8 -108.4 296 0 4.7 6.8 5.0 2.5 2 1 2 5 5
-408.9 -9485.6 -112.1 101 0 5.3 9.1 2.5 2.5 4 1 1 3 3
6538.1 -5063.1 -271.4 115 0 5.1 19.7 7.5 2.5 2 1 3 5 5
6521.4 -4956.4 -272.1 245 0 9.9 13.5 7.5 2.5 2 1 3 5 5
6812.1 -5171.2 -271.8 44 0 9.4 10.5 5.0 2.5 2 1 2 4 4
6831.6 -5142.2 -272.0 41 0 10.8 14.6 2.5 2.5 4 1 1 2 2
6881.4 -5179.0 -271.7 20 0 5.8 11.8 5.0 2.5 2 1 2 3 3
6875.4 -5157.6 -271.7 200 0 5.5 11.8 5.0 2.5 2 1 2 0 0
6876.9 -5145.2 -271.8 200 0 5.5 11.8 2.5 2.5 2 1 1 4 4
6872.3 -5212.5 -271.5 69 0 13.6 17.2 5.0 0.0 0 1 2 0 0
1370.3 -4058.2 -229.3 61 0 5.2 8.5 7.5 2.5 4 1 3 0 0
-1868.6 1188.3 -253.7 30 0 15.8 10.9 10.0 0.0 0 0 4 3 3
-1766.1 1101.9 -237.7 154 0 14.3 16.9 12.5 0.0 0 1 5 1 1
-1831.1 1088.7 -240.2 181 0 9.5 31.8 7.5 0.0 0 1 3 0 0
-1851.5 1072.0 -241.5 39 0 19.8 13.2 15.0 0.0 0 0 6 5 5
-6137.3 2818.7 -262.8 281 0 14.9 101.4 10.0 2.5 2 1 4 0 0
-6202.7 2825.7 -262.3 280 0 13.9 67.2 10.0 2.5 2 1 4 1 1
-6178.3 2844.7 -262.9 95 0 34.2 10.2 7.5 2.5 2 0 3 2 2
-6141.8 2841.4 -263.3 102 0 28.1 14.3 12.5 2.5 2 0 5 1 1
-6170.4 2891.1 -263.7 100 0 11.2 34.0 7.5 2.5 2 1 3 2 2
-6072.5 2730.7 -261.8 12 0 61.4 20.3 15.0 2.5 2 0 6 5 5
-1510.7 -7821.4 -168.1 90 0 15.4 13.0 5.0 2.5 2 0 2 2 2
36.2 -5695.6 -179.6 93 0 21.5 14.3 12.5 2.5 2 0 5 1 1
48.4 611.4 -262.8 5 0 12.3 13.5 5.0 2.5 2 1 2 0 0
29.7 431.8 -254.1 88 0 8.7 13.4 5.0 0.0 0 1 2 5 5
15.7 330.1 -239.3 57 0 9.2 9.1 7.5 2.5 4 0 3 2 2
160.6 629.6 -268.6 350 0 9.0 7.0 2.5 0.0 0 0 1 1 1
105.5 755.0 -258.8 30 0 11.5 7.8 5.0 2.5 2 0 2 4 4
93.4 732.6 -260.6 30 0 9.6 7.4 7.5 2.5 2 0 3 0 0
138.8 793.0 -257.4 36 0 8.9 10.5 2.5 2.5 2 1 1 2 2
19.9 -458.1 -256.0 340 0 7.5 8.3 2.5 2.5 2 1 1 3 3
-18.1 -466.0 -228.8 257 0 6.5 5.9 5.0 2.5 2 0 2 0 0
-4.6 -520.4 -224.4 170 0 5.9 9.7 5.0 2.5 2 1 2 4 4
