-2349.6 1631.0 -262.0 331 0 17.9 13.8 2.5 2.5 2 0 1 0 0
-2320.6 1616.5 -261.8 154 0 13.0 13.1 7.5 2.5 2 1 3 2 2
-2295.9 1659.9 -261.8 250 0 12.7 19.0 2.5 2.5 2 1 1 3 3
-2534.4 1792.1 -261.9 234 0 10.6 32.9 10.0 2.5 2 1 4 4 4
-2486.1 1669.1 -262.1 64 0 34.0 17.4 10.0 2.5 2 0 4 2 2
-2249.2 1651.0 -261.7 340 0 13.0 10.4 5.0 2.5 2 0 2 1 1
-2521.0 1605.4 -261.7 3 0 17.1 14.3 5.0 2.5 2 0 2 4 4
-2283.3 1624.9 -261.8 64 0 18.9 13.0 2.5 2.5 2 0 1 0 0
-2560.5 1749.1 -261.8 151 0 18.8 17.8 12.5 2.5 2 0 5 3 3
-2294.7 1709.9 -262.0 257 0 9.9 10.8 7.5 2.5 2 1 3 4 4
-2310.1 1705.7 -262.0 258 0 14.0 25.2 7.5 2.5 2 1 3 4 4
-2366.8 1552.3 -261.8 354 0 19.8 11.6 2.5 2.5 2 0 1 2 2
-2508.8 1607.6 -262.0 183 0 29.4 27.5 5.0 0.0 0 0 2 3 3
-2639.0 1517.1 -261.7 65 0 10.1 16.9 5.0 2.5 2 1 2 3 3
-2587.8 1604.4 -261.6 135 0 12.6 12.3 10.0 2.5 2 0 4 3 3
-2397.2 1719.3 -262.3 331 0 43.4 13.3 15.0 0.0 0 0 6 3 3
-2573.6 1560.7 -261.4 272 0 15.4 15.5 7.5 2.5 4 1 3 3 3
-2488.6 1710.0 -262.1 332 0 31.8 10.8 10.0 2.5 2 0 4 2 2
-2578.7 1579.2 -261.5 273 0 14.5 13.3 5.0 2.5 2 0 2 3 3
-2590.5 1761.4 -261.9 242 0 15.0 13.0 7.5 2.5 4 0 3 2 2
-2437.4 1779.7 -262.5 62 0 12.2 16.4 7.5 2.5 2 1 3 2 2
-2610.8 1680.6 -261.8 304 0 10.6 11.0 2.5 2.5 2 1 1 3 3
-2592.8 1668.9 -261.7 304 0 22.7 29.5 15.0 0.0 0 1 6 0 0
-2568.6 1649.9 -261.6 181 0 11.4 12.0 7.5 0.0 0 1 3 1 1
-2609.7 1734.3 -261.9 209 0 10.0 11.1 7.5 2.5 2 1 3 3 3
-2560.2 1609.8 -261.5 170 0 21.8 12.0 12.5 2.5 2 0 5 1 1
-2497.3 1778.5 -262.2 153 0 11.3 18.9 7.5 2.5 2 1 3 2 2
-2566.1 1633.4 -261.6 164 0 10.7 12.3 7.5 2.5 2 1 3 5 5
-2573.1 1524.4 -261.4 95 0 10.3 11.6 5.0 2.5 2 1 2 0 0
-2596.8 1705.6 -261.8 106 0 8.5 12.3 5.0 2.5 2 1 2 2 2
-2627.7 1632.5 -261.8 126 0 12.6 12.1 5.0 2.5 2 0 2 0 0
-2440.2 1672.3 -262.3 152 0 16.1 45.9 10.0 2.5 2 1 4 2 2
-2458.0 1746.4 -262.3 245 0 14.9 10.1 7.5 2.5 2 0 3 4 4
-2562.8 1700.8 -261.7 252 0 21.7 15.8 7.5 2.5 2 0 3 4 4
-2469.3 1744.7 -262.3 245 0 15.1 15.7 5.0 2.5 2 1 2 4 4
-2548.0 1646.5 -261.6 174 0 12.7 11.1 5.0 2.5 2 0 2 5 5
-2331.7 1375.9 -263.8 151 0 15.4 25.4 10.0 2.5 4 1 4 0 0
-2160.1 1283.6 -263.1 36 0 35.1 34.9 10.0 0.0 0 0 4 2 2
-2191.6 1255.1 -262.6 40 0 11.0 12.7 7.5 2.5 2 1 3 1 1
-2213.5 1227.4 -262.0 41 0 13.4 17.0 5.0 2.5 2 1 2 0 0
-2206.8 1315.6 -263.3 303 0 30.1 14.3 7.5 2.5 2 0 3 0 0
-2226.4 1349.6 -263.8 303 0 14.3 29.4 7.5 2.5 2 1 3 0 0
-2268.2 1470.0 -263.1 33 0 25.5 23.0 10.0 2.5 2 0 4 2 2
-2289.3 1449.2 -263.2 36 0 18.3 18.1 7.5 2.5 2 0 3 0 0
-2238.7 1291.1 -263.3 125 0 30.8 18.1 10.0 2.5 2 0 4 4 4
1057.6 1758.6 -264.5 148 0 13.0 11.3 5.0 2.5 2 0 2 1 1
1137.3 1791.5 -264.6 326 0 13.3 17.5 7.5 2.5 4 1 3 2 2
-2261.4 1518.6 -262.7 215 0 11.0 12.7 5.0 2.5 2 1 2 1 1
-2018.8 1963.9 -261.3 307 0 11.2 14.4 7.5 2.5 2 1 3 5 5
-2306.9 1875.0 -262.3 214 0 24.0 11.4 10.0 2.5 2 0 4 2 2
-2072.6 1870.4 -261.7 250 0 10.9 11.2 10.0 2.5 2 1 4 2 2
-2159.0 2026.0 -262.2 106 0 16.3 17.5 7.5 0.0 0 1 3 2 2
-2353.1 1774.9 -262.3 57 0 13.4 15.3 5.0 0.0 0 1 2 5 5
-2373.0 1970.7 -262.7 191 0 14.0 17.7 7.5 2.5 2 1 3 5 5
-2210.9 1556.1 -262.5 201 0 14.0 14.0 7.5 2.5 4 1 3 2 2
-2233.1 1703.8 -261.8 185 0 9.1 20.7 5.0 2.5 2 1 2 1 1
-2057.8 1869.4 -261.7 217 0 12.4 10.3 2.5 2.5 2 0 1 5 5
-2068.3 1634.7 -262.2 92 0 19.7 11.9 5.0 2.5 2 0 2 4 4
-2095.8 1633.4 -262.2 107 0 17.4 10.2 7.5 2.5 2 0 3 1 1
-2261.4 1981.3 -262.5 283 0 12.3 15.1 5.0 2.5 2 1 2 5 5
-2222.2 1742.5 -261.8 258 0 11.2 10.8 5.0 2.5 4 0 2 5 5
-2339.1 1892.5 -262.5 143 0 32.0 16.3 10.0 2.5 4 0 4 4 4
-2060.6 1887.3 -261.7 252 0 12.2 9.2 7.5 2.5 2 0 3 2 2
-2298.4 1811.0 -262.2 125 0 8.2 16.5 7.5 2.5 2 1 3 0 0
-2420.0 1972.7 -262.9 100 0 7.5 9.4 5.0 2.5 2 1 2 2 2
-2181.3 1820.4 -261.9 224 0 9.8 10.3 5.0 2.5 2 1 2 2 2
-2059.5 1679.3 -262.1 275 0 12.0 25.8 10.0 2.5 2 1 4 2 2
-2400.3 1924.5 -262.7 323 0 8.6 7.7 5.0 2.5 2 0 2 3 3
-2151.3 1959.1 -262.2 26 0 12.1 13.6 10.0 2.5 2 1 4 3 3
-2273.3 2088.8 -262.8 111 0 10.4 11.1 7.5 2.5 2 1 3 4 4
-2245.0 1979.4 -262.4 287 0 13.2 17.8 7.5 2.5 4 1 3 5 5
-2043.4 1930.4 -261.5 150 0 14.7 13.9 7.5 2.5 2 0 3 0 0
-2231.5 1756.5 -261.9 73 0 23.1 14.0 7.5 2.5 2 0 3 3 3
-2528.5 1944.6 -262.1 67 0 12.1 12.6 2.5 2.5 2 1 1 5 5
-2438.4 1863.9 -262.6 68 0 19.2 13.3 7.5 2.5 2 0 3 4 4
-2385.9 1996.9 -262.9 26 0 13.7 11.1 5.0 0.0 0 0 2 1 1
-2162.9 1837.2 -261.9 224 0 11.2 14.1 7.5 2.5 2 1 3 3 3
-2523.9 1833.1 -261.9 159 0 32.0 12.5 10.0 2.5 2 0 4 1 1
-2070.1 1697.0 -261.7 299 0 13.5 15.5 10.0 2.5 2 1 4 1 1
-2373.5 1990.9 -262.8 196 0 18.0 12.2 5.0 2.5 2 0 2 5 5
-2059.3 1764.1 -261.5 275 0 17.2 14.1 7.5 2.5 2 0 3 5 5
-2461.4 1856.6 -262.5 68 0 23.7 14.1 10.0 2.5 2 0 4 1 1
-2397.9 1959.2 -262.8 105 0 12.0 12.1 5.0 2.5 2 1 2 3 3
-2149.1 1847.3 -261.9 241 0 11.3 14.2 7.5 0.0 0 1 3 1 1
-2464.5 1943.1 -262.6 187 0 12.9 18.7 7.5 2.5 4 1 3 4 4
-2163.4 1561.0 -262.7 349 0 18.4 26.9 10.0 2.5 2 1 4 4 4
-2349.3 1975.7 -262.7 189 0 8.1 9.6 7.5 2.5 2 1 3 4 4
-2224.2 1859.0 -262.1 224 0 10.0 12.7 7.5 2.5 2 1 3 3 3
-2059.3 1941.8 -261.6 91 0 7.3 10.5 2.5 2.5 2 1 1 5 5
-2121.1 1854.3 -261.8 159 0 17.4 12.7 5.0 2.5 2 0 2 3 3
-2239.2 1925.3 -262.3 211 0 10.8 12.7 5.0 2.5 2 1 2 2 2
-2189.8 1841.4 -262.0 48 0 10.9 16.0 2.5 2.5 2 1 1 0 0
-2163.7 1474.2 -263.3 85 0 18.1 10.7 5.0 0.0 0 0 2 2 2
-2239.3 1606.4 -261.7 257 0 13.2 11.8 7.5 2.5 2 0 3 1 1
-2118.2 1748.7 -261.6 118 0 16.8 26.2 7.5 0.0 0 1 3 3 3
-2249.5 1920.8 -262.3 261 0 8.8 13.4 2.5 2.5 4 1 1 5 5
-2245.0 2111.1 -262.6 16 0 9.7 14.1 5.0 2.5 2 1 2 3 3
-2359.6 2109.6 -263.0 275 0 6.8 9.7 5.0 2.5 2 1 2 1 1
-2340.7 1758.0 -262.2 245 0 12.5 19.3 5.0 2.5 2 1 2 3 3
-2269.2 1560.9 -262.2 189 0 21.2 19.9 12.5 2.5 2 0 5 3 3
-2393.3 2176.1 -263.2 287 0 18.2 13.6 5.0 2.5 2 0 2 4 4
-2389.0 1937.7 -262.7 327 0 10.1 10.0 2.5 2.5 2 0 1 0 0
-2086.3 1706.2 -261.5 295 0 11.1 25.6 10.0 2.5 2 1 4 2 2
-2345.6 2023.3 -262.8 107 0 14.5 20.6 7.5 0.0 0 1 3 1 1
-2162.4 1864.7 -262.0 55 0 13.6 18.8 7.5 2.5 2 1 3 4 4
-2209.5 1529.9 -263.0 286 0 14.8 36.3 7.5 2.5 2 1 3 1 1
-2331.0 2120.9 -263.0 193 0 11.4 10.1 10.0 2.5 2 0 4 2 2
-2235.8 1725.7 -261.8 169 0 12.8 14.0 5.0 2.5 2 1 2 5 5
-2368.5 2107.9 -263.0 275 0 6.8 8.8 7.5 2.5 2 1 3 0 0
-2452.3 1978.8 -262.7 104 0 12.4 14.3 5.0 2.5 2 1 2 3 3
-2090.1 1931.6 -261.9 309 0 13.0 11.2 7.5 2.5 4 0 3 5 5
-2090.9 2004.9 -261.6 217 0 12.2 17.9 10.0 2.5 2 1 4 2 2
-2009.3 1940.4 -261.2 47 0 12.7 14.6 2.5 2.5 4 1 1 2 2
-2192.2 1807.1 -261.9 215 0 9.2 10.6 5.0 2.5 2 1 2 1 1
-2075.2 1912.0 -261.9 37 0 10.3 12.3 2.5 2.5 2 1 1 3 3
-2368.0 1893.4 -262.5 234 0 15.9 6.9 5.0 2.5 2 0 2 3 3
-2095.9 2023.5 -261.7 39 0 9.9 16.0 7.5 2.5 2 1 3 5 5
-2258.6 1772.1 -262.0 255 0 11.7 23.5 10.0 2.5 2 1 4 3 3
-2186.9 1475.7 -263.3 103 0 12.4 11.2 5.0 2.5 2 0 2 5 5
-2270.9 1939.7 -262.4 142 0 10.6 10.8 7.5 2.5 2 1 3 4 4
-2395.2 1850.1 -262.5 236 0 11.9 13.0 5.0 2.5 2 1 2 2 2
-2135.9 1944.2 -262.1 219 0 12.4 11.1 7.5 2.5 4 0 3 2 2
-2263.4 1881.4 -262.3 299 0 10.7 20.9 5.0 2.5 2 1 2 4 4
-2321.8 1722.4 -262.1 56 0 12.1 15.7 5.0 2.5 2 1 2 0 0
-2275.2 1951.4 -262.5 103 0 10.7 10.5 2.5 2.5 2 0 1 4 4
-2287.9 2071.7 -262.7 279 0 7.4 9.2 7.5 2.5 4 1 3 0 0
-2374.2 2051.7 -262.9 9 0 14.3 10.6 5.0 2.5 2 0 2 1 1
-2425.0 1952.0 -262.8 279 0 12.0 15.2 5.0 2.5 2 1 2 1 1
-2176.3 1520.7 -263.2 263 0 21.0 28.1 7.5 2.5 2 1 3 2 2
-2317.6 1665.5 -262.0 73 0 25.9 16.2 7.5 2.5 2 0 3 4 4
-2296.9 1583.0 -261.7 154 0 20.4 10.2 5.0 2.5 2 0 2 5 5
-2422.6 1926.8 -262.7 272 0 10.6 11.1 2.5 2.5 2 1 1 4 4
-2135.4 1897.6 -262.0 136 0 8.7 8.2 7.5 2.5 2 0 3 4 4
-2212.1 1661.9 -261.7 57 0 11.5 11.9 2.5 2.5 4 1 1 4 4
-2349.5 2069.2 -262.9 21 0 16.1 17.9 10.0 2.5 2 1 4 3 3
-2348.5 1879.1 -262.5 325 0 9.6 8.3 5.0 2.5 2 0 2 3 3
-2542.7 1915.4 -262.1 246 0 18.8 8.0 5.0 0.0 0 0 2 1 1
-2359.5 1922.5 -262.6 236 0 8.7 6.6 7.5 2.5 4 0 3 3 3
-2857.3 3030.8 -262.1 190 0 9.4 5.6 7.5 0.0 0 0 3 0 0
-2814.3 3020.9 -262.1 8 0 9.9 7.9 5.0 2.5 2 0 2 4 4
-1358.8 3831.6 -255.9 279 0 11.7 12.2 2.5 2.5 2 1 1 3 3
-2718.6 3299.8 -261.3 167 0 7.7 23.7 2.5 2.5 2 1 1 1 1
-2706.6 3179.1 -261.6 153 0 10.3 16.5 5.0 2.5 2 1 2 3 3
-2697.0 3039.8 -261.9 136 0 11.6 16.3 5.0 2.5 4 1 2 0 0
-2758.8 3265.6 -261.4 352 0 10.1 6.8 5.0 2.5 2 0 2 2 2
-2736.7 3303.9 -261.3 166 0 17.2 9.9 7.5 2.5 4 0 3 4 4
-2816.8 3130.7 -261.8 108 0 24.0 10.0 10.0 2.5 2 0 4 3 3
-2766.1 2938.5 -262.2 275 0 13.4 13.1 5.0 2.5 2 0 2 5 5
-775.8 3752.4 -244.1 306 0 9.6 14.8 7.5 2.5 4 1 3 2 2
-1416.2 3840.0 -253.0 265 0 11.4 10.7 5.0 2.5 2 0 2 0 0
-2700.4 3004.3 -262.0 178 0 11.3 19.0 2.5 2.5 2 1 1 1 1
-2702.8 3260.6 -261.4 248 0 20.2 7.6 7.5 2.5 4 0 3 0 0
-1310.9 3799.9 -260.9 91 0 10.3 11.7 5.0 2.5 2 1 2 5 5
-2778.8 3002.3 -262.1 327 0 9.1 7.9 7.5 2.5 2 0 3 4 4
-2787.0 3141.0 -261.8 5 0 13.2 12.4 5.0 0.0 0 0 2 1 1
-1280.1 3798.7 -260.2 98 0 12.0 17.6 5.0 2.5 2 1 2 0 0
-2532.1 3048.8 -261.0 152 0 18.2 11.5 2.5 2.5 2 0 1 5 5
-871.4 3765.6 -250.8 88 0 9.8 8.8 2.5 2.5 2 0 1 4 4
-2465.3 3040.7 -261.5 279 0 25.9 7.9 7.5 0.0 0 0 3 3 3
-841.2 3774.5 -246.9 73 0 8.6 6.9 5.0 2.5 2 0 2 0 0
-2378.5 3129.0 -261.9 107 0 14.0 18.9 12.5 2.5 2 1 5 1 1
-2885.2 3039.4 -262.1 189 0 11.4 14.8 7.5 2.5 2 1 3 1 1
-1774.0 891.4 -262.5 40 0 13.7 25.2 7.5 2.5 4 1 3 0 0
-2087.2 1514.4 -263.2 0 0 13.0 20.4 7.5 2.5 2 1 3 3 3
-2014.7 1245.0 -261.8 110 0 14.0 12.4 7.5 2.5 2 0 3 2 2
-2085.8 1496.4 -263.4 354 0 13.5 14.9 5.0 2.5 2 1 2 1 1
-2123.5 1232.2 -262.0 32 0 18.4 12.1 5.0 2.5 2 0 2 1 1
-1993.4 1526.7 -263.4 269 0 13.2 14.5 7.5 2.5 2 1 3 2 2
-1740.1 1225.8 -259.5 220 0 9.1 8.4 7.5 2.5 2 0 3 5 5
-1722.3 1215.2 -260.6 310 0 8.4 9.1 5.0 2.5 2 1 2 4 4
-2030.8 1460.9 -263.9 272 0 12.1 18.4 7.5 2.5 2 1 3 0 0
-1808.6 1428.0 -263.6 202 0 11.8 13.4 7.5 2.5 2 1 3 3 3
-1708.8 1204.0 -260.6 310 0 8.4 9.1 7.5 2.5 2 1 3 0 0
-1759.7 905.2 -262.6 36 0 10.6 23.0 2.5 2.5 2 1 1 2 2
-2089.6 1345.6 -263.5 103 0 18.3 14.8 7.5 2.5 2 0 3 4 4
-1768.8 794.8 -262.4 311 0 20.2 15.0 10.0 2.5 4 0 4 0 0
-2043.1 1474.9 -263.7 271 0 15.2 7.2 7.5 2.5 2 0 3 1 1
-1739.2 935.0 -262.5 37 0 12.7 24.3 10.0 2.5 2 1 4 2 2
-2111.1 1430.6 -263.9 178 0 9.6 12.9 5.0 2.5 2 1 2 3 3
-2076.1 1283.3 -262.7 114 0 31.0 15.8 7.5 2.5 2 0 3 3 3
-2023.9 1526.6 -263.3 266 0 10.1 12.9 2.5 2.5 2 1 1 1 1
-2024.1 1487.1 -263.5 87 0 10.9 13.7 7.5 2.5 2 1 3 0 0
-1733.2 907.9 -262.8 216 0 11.6 12.9 5.0 2.5 2 1 2 1 1
-2165.2 1256.1 -262.4 220 0 22.4 22.5 7.5 2.5 4 1 3 4 4
-2122.5 1332.6 -263.3 192 0 17.0 14.3 2.5 2.5 2 0 1 3 3
-1749.3 1184.5 -260.9 130 0 8.4 9.1 2.5 2.5 2 1 1 3 3
-1790.6 759.7 -262.5 135 0 12.7 6.8 2.5 2.5 2 0 1 5 5
-1714.7 1097.6 -261.5 224 0 9.1 8.4 7.5 2.5 2 0 3 0 0
-2133.6 1215.5 -261.8 30 0 11.4 21.7 2.5 2.5 2 1 1 3 3
-2181.6 1241.8 -262.1 223 0 12.2 24.7 10.0 2.5 2 1 4 1 1
-2057.2 1450.0 -263.8 186 0 10.2 15.8 10.0 2.5 2 1 4 1 1
-2137.4 1516.5 -263.1 172 0 22.1 10.1 10.0 2.5 2 0 4 1 1
-1691.1 1120.2 -260.8 118 0 9.1 8.4 5.0 2.5 2 0 2 2 2
-2121.4 1366.8 -263.8 177 0 22.4 15.7 5.0 2.5 2 0 2 3 3
-2042.5 1403.2 -264.0 98 0 13.9 22.0 10.0 2.5 2 1 4 5 5
-1743.9 1121.9 -261.2 79 0 16.1 16.1 10.0 2.5 2 1 4 5 5
-2055.8 1487.1 -263.5 81 0 13.6 20.2 10.0 2.5 2 1 4 3 3
-1631.7 1018.3 -261.8 31 0 9.4 14.4 5.0 2.5 2 1 2 1 1
-1719.3 1418.0 -260.4 234 0 15.1 11.0 7.5 2.5 2 0 3 4 4
-2044.7 1527.2 -263.3 271 0 19.6 12.6 2.5 2.5 2 0 1 4 4
-2016.8 1399.3 -264.0 100 0 13.9 21.9 10.0 2.5 2 1 4 2 2
-1697.6 860.9 -263.2 134 0 12.2 10.9 5.0 2.5 4 0 2 4 4
-2113.5 1251.2 -262.3 28 0 14.0 18.8 10.0 0.0 0 1 4 1 1
-1802.3 855.4 -262.6 41 0 11.1 11.6 7.5 2.5 2 1 3 4 4
-2000.7 1446.5 -264.0 4 0 12.5 17.4 7.5 0.0 0 1 3 5 5
-2089.2 1265.2 -262.2 200 0 12.8 28.6 12.5 2.5 2 1 5 5 5
-2190.8 1229.1 -261.9 223 0 12.2 24.7 10.0 2.5 2 1 4 3 3
-2123.1 1201.1 -261.5 25 0 13.4 9.6 7.5 2.5 2 0 3 2 2
-1788.7 1175.9 -261.2 294 0 11.4 11.0 2.5 2.5 2 0 1 1 1
-2050.2 1243.0 -261.8 284 0 9.6 21.0 7.5 0.0 0 1 3 0 0
-1745.4 1273.9 -258.6 125 0 11.6 13.6 7.5 2.5 2 1 3 1 1
-1895.4 1389.7 -263.3 26 0 5.9 11.3 7.5 2.5 2 1 3 3 3
-2093.0 1458.2 -263.7 331 0 10.2 8.2 5.0 2.5 2 0 2 0 0
-1707.5 1076.4 -261.9 135 0 10.3 19.6 7.5 2.5 2 1 3 3 3
-1621.1 1034.3 -262.1 33 0 13.0 14.2 5.0 2.5 2 1 2 4 4
-1762.2 1199.8 -260.9 220 0 10.0 8.2 7.5 2.5 2 0 3 1 1
-1811.1 843.6 -262.9 39 0 11.2 12.7 7.5 2.5 2 1 3 4 4
-1994.5 1489.9 -263.6 88 0 12.8 14.3 7.5 2.5 2 1 3 2 2
-1660.8 970.0 -262.6 28 0 8.9 22.5 7.5 2.5 2 1 3 4 4
-1968.0 1273.3 -262.1 275 0 14.1 10.9 7.5 2.5 2 0 3 3 3
-2078.3 1459.7 -263.7 349 0 19.5 10.7 5.0 2.5 2 0 2 3 3
-2099.6 1299.6 -262.9 112 0 13.7 16.8 5.0 2.5 2 0 2 3 3
-2853.9 1680.0 -262.9 207 0 10.2 10.9 7.5 2.5 4 1 3 4 4
-2903.3 1367.7 -263.5 264 0 13.4 19.1 12.5 0.0 0 1 5 0 0
-2654.8 1515.6 -261.7 63 0 7.2 12.2 5.0 2.5 2 1 2 5 5
-2857.4 1341.8 -263.6 334 0 9.5 7.5 7.5 2.5 2 0 3 0 0
-2795.2 1444.6 -263.2 356 0 8.3 10.5 5.0 0.0 0 1 2 2 2
-2806.3 1491.7 -263.0 6 0 7.3 16.9 7.5 2.5 2 1 3 5 5
-2737.5 1471.3 -262.2 95 0 12.6 42.6 7.5 2.5 2 0 3 3 3
-2732.7 1619.3 -262.1 100 0 9.3 11.7 2.5 2.5 4 1 1 2 2
-2833.4 1335.3 -263.5 183 0 10.9 17.9 7.5 2.5 2 1 3 5 5
-2875.7 1368.7 -263.5 266 0 10.7 18.4 7.5 0.0 0 1 3 5 5
-2822.8 1694.5 -262.6 298 0 10.7 14.9 7.5 2.5 2 1 3 2 2
-2775.1 1477.5 -262.6 100 0 11.0 12.5 7.5 2.5 2 1 3 3 3
-2814.2 1667.7 -262.6 297 0 8.8 16.0 7.5 2.5 2 1 3 4 4
-2839.0 1319.2 -263.7 191 0 14.8 17.3 7.5 2.5 2 1 3 1 1
-2717.4 1565.2 -262.3 4 0 21.5 15.1 10.0 2.5 2 0 4 3 3
-2705.0 1489.1 -262.0 6 0 14.8 15.1 7.5 2.5 2 1 3 1 1
-2916.3 1608.7 -263.0 274 0 13.5 10.3 7.5 2.5 2 0 3 1 1
-2784.3 1459.4 -263.0 185 0 13.8 21.6 10.0 0.0 0 1 4 4 4
-2900.9 1299.1 -263.9 95 0 18.1 12.7 5.0 2.5 4 0 2 5 5
-2783.3 1333.1 -263.5 358 0 14.0 12.1 7.5 2.5 2 0 3 3 3
-2753.9 1453.1 -262.9 276 0 13.3 19.4 10.0 0.0 0 1 4 3 3
-2868.8 1473.3 -263.3 87 0 8.9 8.8 5.0 2.5 2 0 2 3 3
-2812.1 1328.4 -263.6 177 0 16.5 11.2 5.0 2.5 4 0 2 5 5
-2940.9 1334.9 -263.7 191 0 7.3 8.9 5.0 2.5 2 1 2 1 1
-2897.1 1583.0 -263.0 3 0 12.9 9.4 2.5 0.0 0 0 1 5 5
-2736.1 1455.7 -262.7 277 0 16.7 22.5 10.0 2.5 2 1 4 4 4
-2790.4 1282.6 -263.8 93 0 10.8 18.6 2.5 2.5 2 1 1 0 0
-2941.2 1352.2 -263.6 169 0 12.1 8.4 5.0 2.5 2 0 2 3 3
-2694.4 1408.7 -262.5 95 0 23.2 15.9 7.5 2.5 4 0 3 5 5
-2658.9 1425.8 -261.8 8 0 10.5 9.1 7.5 2.5 2 0 3 0 0
-2566.3 1819.1 -261.9 243 0 10.1 16.5 2.5 2.5 2 1 1 1 1
-2617.1 1797.7 -262.1 42 0 9.5 16.3 5.0 2.5 2 1 2 1 1
-2566.7 1763.8 -261.8 150 0 14.3 11.6 2.5 0.0 0 0 1 2 2
-2624.2 1910.1 -262.3 117 0 8.7 11.9 5.0 2.5 2 1 2 5 5
-2661.9 1796.2 -262.2 304 0 12.8 13.0 10.0 2.5 2 1 4 4 4
-2622.4 1752.5 -262.0 31 0 10.0 11.1 2.5 2.5 4 1 1 2 2
-2558.8 1839.4 -262.0 69 0 13.8 22.6 10.0 2.5 2 1 4 5 5
-2641.2 1907.4 -262.4 118 0 8.7 10.9 7.5 0.0 0 1 3 0 0
-2616.8 1924.9 -262.3 115 0 8.5 11.1 7.5 2.5 2 1 3 5 5
-2555.4 1831.4 -261.9 242 0 12.9 28.1 7.5 0.0 0 1 3 5 5
-2631.9 1967.0 -262.5 299 0 11.5 11.5 5.0 2.5 2 0 2 5 5
-2679.5 2320.4 -261.9 85 0 5.9 10.5 7.5 2.5 2 1 3 1 1
-2550.3 2050.8 -262.4 4 0 15.9 13.6 2.5 2.5 2 0 1 3 3
-2700.5 1916.8 -262.6 297 0 10.2 13.1 5.0 2.5 2 1 2 3 3
-2626.3 2294.6 -261.9 178 0 10.7 12.0 5.0 2.5 2 1 2 4 4
-2564.5 2079.4 -262.5 14 0 12.4 19.8 2.5 2.5 2 1 1 0 0
-2695.9 2062.6 -262.9 119 0 9.2 11.3 5.0 2.5 2 1 2 2 2
-2776.0 2152.4 -262.3 310 0 18.5 12.1 7.5 2.5 2 0 3 0 0
-2598.4 2324.2 -262.1 87 0 8.9 10.8 5.0 2.5 4 1 2 0 0
-2604.9 2066.0 -262.6 169 0 12.5 10.5 7.5 2.5 2 0 3 4 4
-2660.7 2303.3 -261.9 264 0 16.7 10.4 5.0 2.5 2 0 2 2 2
-2587.7 2215.5 -262.5 273 0 11.4 10.4 5.0 2.5 2 0 2 3 3
-2550.1 1936.5 -262.2 68 0 15.7 17.1 7.5 2.5 2 1 3 3 3
-2511.5 2261.7 -262.2 0 0 6.3 12.1 7.5 2.5 2 1 3 1 1
-2531.2 1996.0 -262.2 185 0 9.1 20.2 7.5 2.5 2 1 3 2 2
-2583.1 1982.7 -262.3 161 0 21.2 10.8 7.5 2.5 2 0 3 1 1
-2503.6 2241.4 -262.4 354 0 14.4 9.4 5.0 2.5 2 0 2 4 4
-2381.0 2015.0 -262.9 12 0 7.0 11.7 5.0 2.5 2 1 2 0 0
-2649.3 2121.6 -262.8 348 0 13.7 17.7 10.0 2.5 2 1 4 3 3
-2407.1 1975.2 -262.8 102 0 6.2 9.9 7.5 2.5 2 1 3 0 0
-2683.7 2073.4 -262.9 115 0 16.2 9.4 7.5 2.5 2 0 3 0 0
-2583.0 2247.5 -262.2 86 0 12.8 16.1 7.5 2.5 2 1 3 5 5
-2695.4 2300.1 -261.8 265 0 10.3 16.0 5.0 2.5 2 1 2 5 5
-2612.8 2111.8 -262.7 181 0 11.5 14.5 5.0 2.5 2 1 2 5 5
-2488.0 2236.6 -262.5 176 0 12.9 4.9 2.5 2.5 2 0 1 5 5
-2713.8 2150.2 -262.7 170 0 30.3 31.2 10.0 0.0 0 1 4 3 3
-2607.8 2167.9 -262.7 178 0 9.4 11.7 2.5 2.5 2 1 1 3 3
-2643.8 2017.1 -262.6 120 0 10.6 10.1 7.5 2.5 2 0 3 2 2
-2665.5 2242.8 -261.9 83 0 12.3 13.1 2.5 2.5 2 1 1 5 5
-2728.9 2073.3 -263.0 122 0 8.2 9.6 7.5 2.5 2 1 3 3 3
5902.7 2284.9 -56.9 311 0 7.8 8.9 5.0 2.5 4 1 2 1 1
6307.6 2383.3 -41.7 252 0 8.8 9.4 7.5 2.5 2 1 3 3 3
-2679.7 2892.8 -262.2 178 0 11.1 14.2 7.5 2.5 2 1 3 0 0
5887.3 2295.0 -54.2 303 0 6.1 9.5 5.0 2.5 2 1 2 0 0
6228.7 2433.9 -40.7 344 0 8.1 8.1 7.5 2.5 2 1 3 2 2
6095.0 2472.9 -30.8 232 0 13.4 8.4 5.0 2.5 2 0 2 0 0
6274.2 2321.3 -41.6 160 0 7.4 10.5 5.0 2.5 2 1 2 5 5
4925.0 972.3 263.5 13 0 14.1 19.8 10.0 0.0 0 1 4 1 1
6394.3 2368.9 -35.4 238 0 6.5 7.8 2.5 2.5 4 1 1 2 2
-1163.2 460.7 -265.4 63 0 6.1 16.5 5.0 2.5 2 1 2 5 5
3890.9 572.9 -265.4 82 0 6.0 8.6 5.0 0.0 0 1 2 5 5
5853.2 2265.1 -60.1 124 0 7.9 12.8 2.5 2.5 4 1 1 3 3
6226.7 2417.7 -40.5 344 0 5.7 5.5 7.5 2.5 2 0 3 3 3
6393.0 2408.7 -36.8 230 0 4.5 7.0 5.0 2.5 4 1 2 3 3
4092.8 642.5 -254.4 74 0 6.3 7.9 2.5 2.5 2 1 1 0 0
6262.0 2336.4 -43.2 138 0 9.3 9.8 7.5 2.5 4 1 3 0 0
3885.9 563.2 -265.4 352 0 5.7 7.2 5.0 2.5 2 1 2 4 4
3931.3 573.9 -265.4 260 0 5.3 7.5 2.5 2.5 2 1 1 5 5
5723.4 2309.6 -50.8 276 0 11.7 15.0 5.0 0.0 0 1 2 1 1
5432.1 3322.1 52.3 107 0 8.5 11.2 5.0 2.5 4 1 2 5 5
6002.4 2394.3 -29.5 2 0 9.5 10.5 5.0 2.5 2 1 2 3 3
6389.6 2472.6 -37.9 2 0 8.9 8.4 7.5 2.5 4 0 3 1 1
-2670.5 2925.5 -262.1 218 0 6.6 10.8 7.5 2.5 4 1 3 3 3
6114.2 2397.5 -33.8 223 0 10.2 10.1 5.0 2.5 2 0 2 2 2
6315.9 2242.5 -23.3 355 0 8.4 14.9 7.5 2.5 2 1 3 1 1
5945.1 2347.4 -40.7 304 0 7.2 8.8 5.0 2.5 2 1 2 1 1
1348.4 -1470.9 -265.0 29 0 6.8 8.4 5.0 2.5 2 1 2 0 0
-1221.3 -197.9 -255.1 230 0 9.5 6.4 7.5 0.0 0 0 3 4 4
-1188.9 -31.3 -229.0 315 0 13.2 9.4 5.0 2.5 2 0 2 0 0
-1341.2 631.7 -264.1 49 0 31.6 11.4 10.0 2.5 2 0 4 1 1
-1208.1 506.4 -265.5 245 0 7.1 6.0 5.0 2.5 4 0 2 2 2
-1102.2 512.8 -265.6 72 0 6.8 7.4 2.5 2.5 2 1 1 0 0
-1226.0 455.4 -265.5 65 0 8.7 14.4 5.0 2.5 2 1 2 4 4
-1226.9 498.2 -265.5 246 0 14.7 5.5 5.0 2.5 2 0 2 5 5
-1191.0 458.7 -265.5 67 0 9.8 9.6 7.5 0.0 0 0 3 3 3
-1417.2 634.8 -263.6 142 0 12.0 12.0 5.0 2.5 2 0 2 1 1
-1242.1 491.4 -265.6 246 0 14.7 5.5 2.5 2.5 2 0 1 0 0
-1152.6 456.8 -265.4 332 0 8.4 10.2 7.5 2.5 2 1 3 5 5
-1366.0 676.6 -264.1 331 0 7.1 18.4 2.5 2.5 2 1 1 0 0
-1281.0 451.0 -265.6 147 0 18.9 9.6 5.0 2.5 2 0 2 5 5
-1283.6 470.7 -265.6 158 0 4.2 9.1 7.5 2.5 2 1 3 2 2
-1513.1 -830.9 -255.4 91 0 10.2 7.2 2.5 2.5 2 0 1 1 1
-1429.5 -788.8 -254.9 233 0 20.7 9.8 2.5 2.5 2 0 1 3 3
-2765.0 2493.9 -261.3 356 0 11.0 14.8 10.0 2.5 4 1 4 2 2
-2650.3 2544.1 -262.2 182 0 13.7 10.1 7.5 2.5 2 0 3 1 1
-3003.0 1857.7 -263.4 118 0 8.7 8.6 2.5 0.0 0 0 1 1 1
-2830.1 1837.0 -262.8 207 0 10.4 11.2 5.0 2.5 4 1 2 5 5
-3079.8 1553.3 -263.4 333 0 8.6 8.7 5.0 2.5 2 1 2 0 0
-2851.4 2210.2 -261.7 315 0 10.2 9.4 2.5 2.5 2 0 1 5 5
-2828.7 2688.7 -262.1 105 0 10.1 9.5 2.5 2.5 2 0 1 4 4
-2694.8 2589.0 -262.2 92 0 12.2 16.5 10.0 2.5 2 1 4 1 1
-2752.7 1826.9 -262.5 209 0 11.5 11.5 7.5 2.5 2 1 3 3 3
-2862.5 3243.3 -261.6 196 0 11.8 10.4 7.5 2.5 2 0 3 5 5
-2851.9 1872.3 -263.0 25 0 9.4 16.2 2.5 2.5 2 1 1 0 0
-2839.1 3166.0 -261.7 99 0 10.4 11.8 5.0 2.5 2 1 2 5 5
-2778.3 2591.0 -261.7 93 0 10.1 9.5 5.0 0.0 0 0 2 4 4
-3090.4 1712.5 -263.6 202 0 8.6 8.7 7.5 2.5 2 1 3 5 5
-2829.8 2421.5 -261.5 263 0 10.1 9.5 5.0 2.5 2 0 2 5 5
-2952.0 1647.5 -263.0 21 0 10.0 10.0 5.0 2.5 2 1 2 5 5
-2801.2 3414.1 -260.5 173 0 9.4 8.3 7.5 2.5 2 0 3 5 5
-2941.4 3024.9 -262.2 104 0 11.2 23.0 12.5 2.5 2 1 5 0 0
-2973.0 1830.6 -263.2 191 0 9.4 9.5 7.5 2.5 2 1 3 3 3
-2987.6 1872.7 -263.4 48 0 9.9 10.0 5.0 2.5 2 1 2 5 5
-3115.3 1557.4 -263.4 191 0 8.6 8.7 5.0 2.5 2 1 2 2 2
-2757.9 2657.3 -262.4 106 0 12.3 11.5 5.0 2.5 2 0 2 3 3
-2798.3 2594.2 -261.6 100 0 10.1 9.5 7.5 2.5 2 0 3 0 0
-2857.7 2435.1 -261.4 85 0 7.3 13.2 7.5 2.5 2 1 3 4 4
-2747.2 1760.7 -262.4 119 0 11.5 11.5 5.0 2.5 2 0 2 0 0
-2680.7 2378.9 -262.3 263 0 10.1 9.5 2.5 2.5 2 0 1 0 0
-2591.6 2546.5 -262.7 181 0 13.1 9.7 2.5 2.5 2 0 1 3 3
-2844.1 1826.8 -262.8 210 0 9.4 16.2 2.5 2.5 2 1 1 1 1
-2834.3 2195.5 -261.8 315 0 10.2 9.5 5.0 0.0 0 0 2 1 1
-2710.2 2381.9 -262.2 263 0 8.8 8.2 7.5 2.5 2 0 3 2 2
-3012.9 1662.7 -263.4 191 0 8.6 8.7 2.5 2.5 4 1 1 1 1
-2779.7 1802.9 -262.6 209 0 11.5 11.5 2.5 2.5 2 1 1 1 1
-2753.3 1844.7 -262.6 207 0 7.8 14.2 7.5 2.5 2 1 3 0 0
-2881.4 3189.4 -261.8 191 0 19.4 11.5 7.5 2.5 2 0 3 0 0
-2872.7 3211.2 -261.7 195 0 11.8 10.4 2.5 2.5 2 0 1 3 3
-2741.3 3386.1 -260.4 172 0 10.1 6.8 5.0 2.5 2 0 2 0 0
-3083.4 1640.7 -263.5 281 0 8.7 8.6 2.5 0.0 0 0 1 0 0
-2828.8 2575.2 -261.2 276 0 10.1 9.5 5.0 2.5 2 0 2 2 2
-2092.3 2111.2 -261.2 217 0 12.2 17.9 7.5 2.5 2 1 3 1 1
-2083.1 2050.8 -261.3 128 0 10.1 11.3 5.0 2.5 2 1 2 5 5
-2064.0 2168.5 -261.5 211 0 10.0 13.2 5.0 2.5 2 1 2 5 5
-1953.7 1972.4 -260.5 198 0 8.4 7.1 7.5 2.5 2 0 3 0 0
-2180.6 1932.4 -262.2 299 0 10.9 8.4 5.0 2.5 2 0 2 1 1
-2202.8 1915.0 -262.2 26 0 9.4 9.4 5.0 2.5 2 0 2 0 0
-1888.0 2112.2 -261.7 15 0 10.5 20.2 10.0 2.5 2 1 4 5 5
-2253.8 2077.4 -262.7 100 0 13.7 5.2 5.0 2.5 2 0 2 1 1
-1928.9 2011.3 -257.5 214 0 9.8 9.8 2.5 2.5 2 1 1 5 5
-1916.3 1808.4 -258.0 10 0 10.4 10.1 7.5 2.5 2 0 3 1 1
-1923.0 2022.0 -257.8 209 0 8.8 17.8 7.5 2.5 2 1 3 0 0
-2306.0 2398.2 -261.7 123 0 6.4 9.3 5.0 2.5 2 1 2 3 3
-2210.7 2237.4 -261.9 44 0 9.2 13.6 5.0 2.5 2 1 2 4 4
-1974.8 1704.6 -261.9 186 0 11.6 23.5 7.5 2.5 2 1 3 0 0
-1910.8 1721.3 -261.9 1 0 17.7 9.2 5.0 2.5 2 0 2 2 2
-2228.6 2227.1 -262.0 53 0 19.0 12.0 7.5 2.5 2 0 3 2 2
-2033.0 1658.5 -262.3 182 0 22.8 15.0 7.5 0.0 0 0 3 4 4
-2208.0 2052.0 -262.5 278 0 14.8 7.8 7.5 2.5 2 0 3 5 5
-1949.3 2112.6 -261.4 19 0 9.3 9.7 7.5 2.5 2 1 3 1 1
-1932.6 1870.0 -260.8 337 0 20.6 11.3 5.0 2.5 2 0 2 4 4
-2101.9 2287.1 -261.6 115 0 6.9 9.5 5.0 2.5 2 1 2 1 1
-2099.4 2200.3 -261.7 217 0 22.3 11.0 5.0 2.5 2 0 2 4 4
-1970.4 1813.6 -261.3 184 0 10.5 20.9 10.0 0.0 0 1 4 3 3
-2011.9 2118.9 -261.2 207 0 8.4 12.1 5.0 2.5 2 1 2 3 3
-2064.5 2229.3 -262.0 306 0 6.7 24.5 2.5 2.5 2 1 1 0 0
-2188.1 2366.3 -261.3 297 0 8.7 18.2 2.5 2.5 4 1 1 1 1
-1924.1 2123.0 -261.6 191 0 7.0 11.6 5.0 2.5 2 1 2 1 1
-1938.9 2001.4 -260.2 210 0 10.1 9.5 5.0 2.5 2 0 2 0 0
-1978.9 1620.7 -262.5 96 0 7.8 16.1 5.0 2.5 2 1 2 2 2
-2318.1 2404.3 -261.8 123 0 6.4 9.3 5.0 2.5 2 1 2 2 2
-2248.2 2274.6 -262.0 233 0 11.4 9.3 5.0 2.5 2 0 2 1 1
-2220.5 1986.4 -262.4 106 0 13.3 28.9 5.0 2.5 2 1 2 0 0
-2205.1 1821.5 -262.0 13 0 13.3 27.1 10.0 2.5 2 1 4 3 3
-1992.0 1875.0 -261.3 131 0 10.6 26.9 10.0 2.5 2 1 4 5 5
-2206.4 2031.4 -262.5 359 0 9.8 23.7 7.5 2.5 4 1 3 2 2
-2029.6 2173.7 -261.7 205 0 8.4 4.2 7.5 0.0 0 0 3 0 0
-1956.6 1755.2 -261.4 98 0 21.9 13.8 7.5 2.5 2 0 3 3 3
-1958.4 1623.6 -262.5 95 0 8.8 20.0 7.5 0.0 0 1 3 1 1
-2036.6 2242.1 -261.8 107 0 9.4 9.4 2.5 2.5 2 0 1 3 3
-1978.7 1864.8 -261.2 135 0 9.5 26.0 7.5 2.5 2 1 3 1 1
-1974.9 1723.1 -261.7 184 0 9.7 8.5 5.0 2.5 2 0 2 0 0
-2332.6 2249.1 -262.8 328 0 10.3 7.8 7.5 2.5 2 0 3 5 5
-1893.4 1781.6 -257.9 182 0 13.1 14.7 2.5 2.5 4 1 1 2 2
-1892.1 1752.9 -259.5 179 0 7.5 21.7 7.5 2.5 2 1 3 5 5
-2331.8 2412.5 -261.9 123 0 6.4 9.3 7.5 2.5 2 1 3 4 4
-2114.2 2253.8 -261.9 302 0 7.7 12.5 7.5 2.5 2 1 3 2 2
-2056.1 2174.3 -261.5 208 0 5.3 7.4 5.0 2.5 2 1 2 0 0
-1965.4 1836.4 -261.2 185 0 10.6 13.4 2.5 2.5 4 1 1 0 0
-1830.7 1610.4 -263.0 290 0 8.2 11.1 7.5 0.0 0 1 3 1 1
-2226.8 2379.5 -261.4 309 0 5.9 8.3 7.5 0.0 0 1 3 3 3
-1962.0 2003.0 -260.6 35 0 21.1 10.5 5.0 2.5 2 0 2 2 2
-2103.5 2322.5 -261.3 194 0 5.1 7.7 5.0 2.5 2 1 2 4 4
-1937.1 1684.8 -262.1 92 0 11.9 21.5 7.5 2.5 2 1 3 3 3
-2127.5 2198.2 -261.5 36 0 10.1 8.7 7.5 2.5 2 0 3 0 0
-2116.3 2320.0 -261.5 202 0 14.3 15.4 10.0 0.0 0 1 4 5 5
-2234.9 2067.6 -262.6 276 0 8.1 7.8 2.5 2.5 2 0 1 4 4
-2018.0 2165.7 -261.6 26 0 6.9 6.6 2.5 2.5 2 0 1 4 4
-1701.8 2657.8 -262.7 36 0 12.0 10.5 2.5 2.5 2 0 1 1 1
-1903.0 2179.6 -262.2 185 0 9.0 6.8 5.0 2.5 2 0 2 2 2
-1625.4 2814.4 -263.1 220 0 6.2 15.7 5.0 2.5 2 1 2 0 0
-1393.3 1778.7 -263.9 298 0 14.5 12.1 7.5 2.5 2 0 3 4 4
-1575.6 1953.5 -263.4 29 0 18.6 18.6 7.5 2.5 2 0 3 2 2
-1182.6 2095.1 -263.7 300 0 13.0 8.7 5.0 2.5 2 0 2 5 5
-1587.8 2036.0 -263.4 206 0 13.0 20.7 7.5 2.5 2 1 3 5 5
-1007.8 2405.0 -262.8 246 0 11.4 9.6 5.0 2.5 2 0 2 3 3
-1095.8 2469.5 -263.0 299 0 9.6 9.5 5.0 2.5 2 0 2 5 5
-1128.0 2625.6 -263.4 163 0 7.7 9.4 5.0 2.5 2 1 2 5 5
-1848.5 2334.6 -262.5 106 0 8.8 9.2 7.5 2.5 2 1 3 1 1
-1864.0 2267.2 -262.4 285 0 10.4 9.0 5.0 2.5 4 0 2 2 2
-1880.3 2162.5 -262.2 280 0 9.8 6.1 5.0 2.5 4 0 2 1 1
-1143.1 2604.1 -263.4 181 0 8.7 6.9 7.5 2.5 2 0 3 5 5
-796.5 2361.0 -261.6 292 0 7.5 10.3 7.5 2.5 2 1 3 5 5
-1347.3 2699.0 -263.5 211 0 11.8 14.7 10.0 2.5 2 1 4 2 2
-1788.9 2469.3 -262.0 11 0 9.0 8.1 7.5 2.5 2 0 3 5 5
-1630.2 2765.1 -262.9 49 0 14.7 7.9 7.5 2.5 2 0 3 3 3
-841.3 2404.8 -262.2 295 0 9.3 9.5 7.5 2.5 2 1 3 0 0
-938.7 2386.7 -262.6 301 0 6.5 9.9 7.5 0.0 0 1 3 2 2
-1830.4 2457.1 -262.1 17 0 5.3 8.6 5.0 2.5 2 1 2 0 0
-1646.3 2683.8 -262.4 227 0 11.8 9.6 7.5 2.5 2 0 3 4 4
-1046.7 2435.6 -262.8 280 0 9.0 7.3 7.5 2.5 4 0 3 4 4
-1468.0 2854.1 -262.9 110 0 29.1 4.7 7.5 0.0 0 0 3 3 3
-1564.1 1936.3 -263.5 213 0 7.9 9.4 7.5 0.0 0 1 3 3 3
-1421.4 2614.9 -262.7 207 0 8.9 7.8 7.5 2.5 2 0 3 4 4
-972.3 2429.3 -262.8 297 0 8.2 10.8 5.0 0.0 0 1 2 5 5
-924.3 2301.4 -262.2 36 0 8.5 8.2 7.5 2.5 2 0 3 5 5
-790.6 2378.6 -261.5 287 0 10.1 10.7 10.0 0.0 0 1 4 1 1
-1009.1 2387.9 -262.8 292 0 10.9 12.2 7.5 2.5 4 1 3 4 4
-1869.0 2174.4 -262.3 110 0 6.8 8.1 7.5 2.5 2 1 3 4 4
-1839.8 2312.8 -262.5 284 0 10.0 10.2 2.5 2.5 2 1 1 5 5
-1147.0 2246.1 -262.4 236 0 7.4 8.7 2.5 2.5 2 1 1 0 0
-1371.6 2753.4 -263.5 291 0 8.3 8.6 5.0 2.5 2 1 2 1 1
-1846.2 2419.9 -262.2 182 0 7.7 7.7 5.0 2.5 2 0 2 0 0
-1430.5 2570.9 -262.4 205 0 8.1 6.0 5.0 2.5 2 0 2 4 4
-1834.5 2480.0 -262.2 20 0 8.6 5.3 7.5 2.5 4 0 3 0 0
-1666.1 2401.5 -262.0 297 0 9.2 5.3 7.5 2.5 4 0 3 2 2
-950.8 2366.0 -262.5 119 0 7.7 9.6 5.0 2.5 2 1 2 1 1
-1757.8 2206.1 -262.5 109 0 8.1 8.7 2.5 2.5 2 1 1 5 5
-1826.9 2477.4 -262.2 20 0 8.6 5.3 5.0 2.5 2 0 2 3 3
-1472.6 2675.7 -263.1 204 0 6.4 14.4 2.5 2.5 2 1 1 1 1
-1569.8 2756.0 -262.5 216 0 10.9 8.8 7.5 2.5 2 0 3 4 4
-1561.8 2725.8 -262.5 133 0 6.8 18.2 7.5 2.5 2 1 3 0 0
-1076.6 2467.9 -263.0 298 0 9.4 11.1 7.5 2.5 2 1 3 0 0
-1195.1 2168.7 -263.7 224 0 11.5 40.0 10.0 2.5 2 1 4 1 1
-1481.9 2681.4 -262.9 115 0 10.1 11.4 2.5 0.0 0 1 1 2 2
-1000.4 2372.0 -262.8 114 0 9.1 8.9 7.5 2.5 2 0 3 3 3
-1566.3 2710.1 -262.4 312 0 4.6 15.9 5.0 0.0 0 1 2 2 2
-1510.6 2675.0 -262.8 130 0 11.2 10.6 7.5 2.5 2 0 3 1 1
-1296.8 2751.4 -263.9 305 0 7.7 10.1 2.5 2.5 2 1 1 1 1
-1302.7 2707.9 -263.5 296 0 11.6 11.3 5.0 2.5 2 0 2 3 3
-1796.9 2488.4 -262.1 208 0 9.5 7.5 7.5 0.0 0 0 3 1 1
-1414.0 2640.1 -263.0 214 0 7.8 6.5 7.5 2.5 2 0 3 5 5
-1768.8 2456.4 -261.7 203 0 7.0 9.0 5.0 2.5 2 1 2 0 0
-805.5 2389.6 -261.8 294 0 10.0 11.7 2.5 2.5 2 1 1 1 1
-1719.4 2565.0 -262.1 224 0 9.1 13.4 2.5 2.5 2 1 1 5 5
-1811.8 2222.7 -262.5 185 0 6.3 10.7 7.5 2.5 2 1 3 4 4
-1765.7 2473.5 -261.8 192 0 4.8 7.1 7.5 2.5 2 1 3 3 3
-857.3 2411.5 -262.4 295 0 6.4 18.2 5.0 2.5 2 1 2 5 5
-1756.5 2102.0 -260.6 256 0 8.6 9.4 5.0 2.5 2 1 2 2 2
-1619.1 2753.2 -262.8 47 0 10.8 10.1 7.5 2.5 2 0 3 1 1
-1844.1 2064.4 -248.5 88 0 8.3 10.4 7.5 2.5 2 1 3 2 2
-777.3 2378.1 -261.5 287 0 7.5 7.7 7.5 2.5 4 1 3 2 2
-1155.5 2632.8 -263.2 173 0 8.1 5.6 5.0 2.5 2 0 2 5 5
-1498.3 2590.0 -262.7 129 0 7.2 8.4 5.0 2.5 2 1 2 0 0
-1209.8 2676.0 -263.0 293 0 8.6 7.7 2.5 2.5 2 0 1 4 4
-1086.1 2585.2 -263.7 315 0 10.9 10.5 7.5 0.0 0 0 3 3 3
-1813.5 2372.3 -262.5 14 0 8.6 8.7 5.0 2.5 2 1 2 5 5
-1665.5 2380.2 -262.1 33 0 5.1 10.9 5.0 2.5 4 1 2 2 2
-1680.1 2422.3 -261.9 297 0 7.1 14.4 7.5 2.5 2 1 3 0 0
-1808.8 2131.7 -261.0 94 0 8.0 6.8 2.5 2.5 2 0 1 1 1
-1541.3 2819.7 -262.8 45 0 12.2 10.7 5.0 2.5 2 0 2 5 5
-1185.1 2178.9 -263.7 224 0 10.3 39.0 15.0 0.0 0 1 6 2 2
-1178.7 2478.4 -262.9 310 0 10.7 10.0 2.5 2.5 2 0 1 2 2
-934.3 2399.2 -262.7 302 0 11.4 7.4 5.0 2.5 2 0 2 1 1
-1153.9 2603.3 -263.4 172 0 12.0 6.3 7.5 2.5 4 0 3 1 1
-1764.1 2191.9 -262.4 104 0 10.5 9.4 2.5 2.5 2 0 1 4 4
-1026.2 2440.7 -262.8 298 0 9.9 12.4 5.0 2.5 2 1 2 0 0
-1536.6 1921.2 -263.5 126 0 10.4 10.5 7.5 0.0 0 1 3 5 5
-1495.3 2820.4 -262.8 220 0 10.6 13.1 10.0 2.5 2 1 4 1 1
-1149.3 2581.6 -263.5 179 0 10.1 11.4 10.0 2.5 2 1 4 5 5
-1024.8 2419.0 -262.8 219 0 6.2 8.1 2.5 2.5 2 1 1 5 5
-1224.1 2671.1 -263.0 293 0 12.3 9.6 2.5 2.5 2 0 1 5 5
-1491.3 2650.6 -262.9 228 0 10.2 6.9 5.0 2.5 2 0 2 1 1
-983.8 2295.5 -262.0 125 0 6.2 7.8 5.0 2.5 2 1 2 4 4
-1345.3 2654.9 -263.0 203 0 11.1 8.8 5.0 2.5 2 0 2 3 3
-1804.5 2184.6 -262.4 277 0 17.3 8.8 5.0 2.5 2 0 2 4 4
-1725.8 2610.5 -262.5 13 0 11.7 10.3 7.5 2.5 2 0 3 2 2
-1730.1 2551.5 -262.1 215 0 12.2 10.9 7.5 2.5 2 0 3 1 1
-1735.6 2065.9 -258.7 120 0 9.1 13.4 5.0 2.5 2 1 2 3 3
-1219.8 2245.2 -262.8 52 0 7.7 19.4 7.5 2.5 2 1 3 5 5
-1194.0 2702.9 -263.3 125 0 8.4 6.3 2.5 2.5 2 0 1 0 0
-1900.0 2193.2 -262.2 196 0 8.3 6.6 5.0 2.5 2 0 2 0 0
-1100.1 2529.4 -263.5 136 0 8.2 7.1 5.0 2.5 2 0 2 3 3
-1473.7 2875.2 -262.9 289 0 9.7 8.2 7.5 2.5 2 0 3 0 0
-1814.7 2419.5 -262.1 289 0 6.2 8.0 7.5 2.5 2 1 3 1 1
-1897.0 1224.1 -262.0 301 0 8.7 8.8 2.5 2.5 2 1 1 0 0
-1441.8 863.2 -263.8 230 0 8.9 8.3 5.0 2.5 2 0 2 5 5
-1639.2 1303.6 -256.5 246 0 11.4 13.7 5.0 2.5 2 1 2 1 1
-1293.2 926.1 -264.5 349 0 26.2 11.5 5.0 2.5 4 0 2 1 1
-1882.7 1133.6 -262.8 113 0 14.3 9.9 5.0 2.5 2 0 2 1 1
-1529.2 752.9 -264.4 46 0 7.9 11.6 2.5 2.5 4 1 1 0 0
-1447.4 999.0 -263.2 135 0 9.4 7.5 7.5 2.5 2 0 3 1 1
-1647.2 1215.4 -260.2 74 0 11.4 15.2 7.5 2.5 2 1 3 4 4
-1566.1 983.2 -262.9 46 0 11.5 11.7 2.5 2.5 2 1 1 4 4
-1583.3 944.4 -263.2 224 0 9.3 10.6 7.5 2.5 2 1 3 1 1
-1309.1 917.0 -264.4 349 0 25.5 10.2 12.5 2.5 2 0 5 1 1
-1963.1 1207.4 -262.3 297 0 18.7 10.9 5.0 2.5 2 0 2 4 4
-1453.0 907.8 -263.6 136 0 19.1 12.5 7.5 2.5 2 0 3 0 0
-1468.8 997.9 -263.1 134 0 12.1 17.8 5.0 2.5 2 1 2 3 3
-1952.0 1221.1 -261.9 114 0 9.4 8.6 5.0 0.0 0 0 2 5 5
-1718.8 1052.3 -261.7 352 0 12.3 17.3 7.5 2.5 2 1 3 3 3
-1498.1 795.1 -264.4 311 0 8.8 13.5 2.5 2.5 2 1 1 2 2
-1610.9 1028.5 -262.1 220 0 9.7 8.9 7.5 2.5 2 0 3 1 1
-1553.4 916.2 -263.5 229 0 10.6 17.2 7.5 2.5 2 1 3 5 5
-1670.2 674.6 -263.2 297 0 30.4 10.9 12.5 2.5 4 0 5 1 1
-1325.1 895.5 -264.2 78 0 9.5 22.1 7.5 0.0 0 1 3 1 1
-1607.2 668.3 -263.4 253 0 11.1 30.6 12.5 2.5 2 1 5 3 3
-1500.2 957.1 -263.4 139 0 11.1 14.4 5.0 2.5 2 1 2 1 1
-1937.2 1212.9 -261.9 119 0 15.9 10.7 2.5 2.5 4 0 1 4 4
-1727.1 1069.2 -261.8 348 0 13.4 13.1 5.0 2.5 2 0 2 1 1
-1507.7 931.5 -263.5 320 0 11.0 8.9 2.5 2.5 2 0 1 2 2
-1637.4 673.8 -263.5 255 0 29.8 10.7 7.5 2.5 2 0 3 2 2
-1508.6 1065.1 -262.2 85 0 9.1 12.4 7.5 0.0 0 1 3 4 4
-1802.1 1086.6 -262.0 122 0 13.4 18.7 5.0 0.0 0 1 2 3 3
-1535.3 954.5 -263.3 224 0 10.1 10.1 7.5 2.5 2 0 3 5 5
-1413.6 1085.0 -262.9 73 0 8.3 11.3 5.0 2.5 2 1 2 1 1
-1642.8 945.2 -262.9 129 0 10.1 10.2 5.0 2.5 2 1 2 2 2
-1710.8 1035.3 -261.6 350 0 16.9 23.5 10.0 2.5 2 1 4 3 3
-1815.9 1124.8 -262.3 297 0 22.6 23.8 10.0 2.5 2 1 4 0 0
-2229.1 1432.2 -263.6 111 0 9.5 12.2 2.5 2.5 2 1 1 2 2
-2023.7 1471.3 -263.7 272 0 8.3 7.1 7.5 0.0 0 0 3 3 3
-2148.7 1317.7 -263.2 122 0 9.5 12.2 2.5 2.5 2 1 1 3 3
-2244.4 1436.8 -263.5 111 0 9.5 12.2 5.0 2.5 2 1 2 1 1
-2036.5 1483.0 -263.5 92 0 8.3 7.1 5.0 2.5 2 0 2 3 3
-2182.2 1269.3 -262.7 38 0 10.1 9.4 5.0 2.5 2 0 2 3 3
-2198.5 1445.9 -263.6 197 0 15.1 15.5 10.0 2.5 2 1 4 3 3
-2202.6 1429.7 -263.8 194 0 10.7 23.4 12.5 2.5 2 1 5 4 4
-1988.7 1270.2 -262.0 297 0 12.2 9.9 5.0 2.5 2 0 2 4 4
-2031.3 1251.6 -261.9 105 0 9.5 9.9 7.5 2.5 2 1 3 5 5
-2024.1 1231.6 -261.7 284 0 9.8 17.1 7.5 2.5 2 1 3 3 3
-2037.1 1240.7 -261.7 286 0 8.4 14.7 7.5 2.5 2 1 3 1 1
-1989.5 1218.8 -261.9 291 0 14.1 10.9 5.0 2.5 2 0 2 3 3
-2254.3 1472.3 -263.3 215 0 29.8 13.9 10.0 2.5 2 0 4 0 0
-3159.0 2461.0 -261.2 217 0 9.4 8.3 5.0 2.5 2 0 2 3 3
-2704.0 2661.7 -262.7 90 0 9.2 8.6 5.0 2.5 2 0 2 3 3
-2654.2 2619.5 -262.6 169 0 9.5 10.1 5.0 2.5 2 1 2 0 0
-2676.7 2753.0 -260.8 183 0 8.9 9.5 7.5 2.5 2 1 3 2 2
-2699.0 2707.7 -261.7 355 0 9.2 9.8 7.5 2.5 2 1 3 4 4
-2701.1 2736.8 -261.6 9 0 8.9 9.5 7.5 2.5 2 1 3 4 4
-2641.0 2748.9 -261.2 99 0 9.5 8.9 7.5 2.5 2 0 3 1 1
-2703.9 2723.6 -261.5 11 0 9.5 10.1 7.5 2.5 2 1 3 4 4
-2720.5 2695.2 -262.7 11 0 10.2 10.9 7.5 2.5 2 1 3 5 5
-3253.3 2239.9 -262.6 207 0 10.6 11.9 7.5 2.5 4 1 3 1 1
-3201.6 2214.5 -262.7 205 0 9.8 12.5 5.0 2.5 2 1 2 2 2
-2848.6 2072.7 -262.9 192 0 12.1 18.5 5.0 2.5 2 1 2 3 3
-2943.8 2177.3 -261.6 34 0 9.5 10.2 5.0 2.5 2 1 2 3 3
-3028.8 2180.0 -261.5 128 0 13.7 12.8 5.0 2.5 2 0 2 2 2
-3248.0 2194.3 -263.0 27 0 13.2 9.7 7.5 2.5 2 0 3 3 3
-3235.9 2185.5 -263.1 206 0 11.9 9.9 2.5 2.5 2 0 1 2 2
-3241.8 2212.1 -262.8 26 0 9.5 10.2 2.5 2.5 2 1 1 3 3
-2934.3 2013.8 -263.1 294 0 12.2 11.3 5.0 0.0 0 0 2 4 4
-2878.2 2091.7 -262.5 196 0 13.2 21.9 10.0 2.5 2 1 4 4 4
-2948.7 1978.9 -263.3 114 0 12.2 11.3 2.5 2.5 2 0 1 3 3
-2922.1 2028.3 -262.8 114 0 12.2 11.3 5.0 2.5 2 0 2 0 0
-2158.9 1376.4 -264.0 290 0 48.3 11.8 7.5 2.5 2 0 3 2 2
-2051.2 1351.1 -263.2 180 0 8.3 7.1 7.5 0.0 0 0 3 1 1
5869.3 2385.8 -28.1 176 0 10.6 10.5 7.5 2.5 2 0 3 5 5
5651.7 2409.0 -23.8 79 0 6.9 8.4 5.0 2.5 4 1 2 3 3
5785.7 2380.0 -28.0 77 0 10.8 7.7 7.5 2.5 2 0 3 1 1
5818.6 2372.6 -30.0 86 0 6.0 8.5 5.0 2.5 2 1 2 1 1
-3197.1 1995.3 -262.4 222 0 9.9 10.0 7.5 2.5 2 1 3 1 1
-3187.7 2013.8 -262.3 234 0 9.9 10.0 5.0 2.5 2 1 2 0 0
-3207.6 1820.9 -263.5 288 0 10.4 10.3 5.0 2.5 2 0 2 0 0
-3175.3 2019.4 -262.3 244 0 9.9 10.0 5.0 2.5 2 1 2 4 4
-3177.7 1985.6 -262.2 203 0 9.9 10.0 7.5 2.5 2 1 3 5 5
-3146.9 1939.7 -262.2 23 0 10.0 10.0 5.0 2.5 2 1 2 5 5
-3211.3 1972.2 -262.5 203 0 10.0 10.0 2.5 2.5 2 1 1 2 2
-3272.6 1843.1 -262.9 203 0 10.3 10.4 2.5 0.0 0 1 1 3 3
-3338.0 1824.1 -262.9 19 0 9.0 11.5 5.0 0.0 0 1 2 3 3
-3122.8 1982.9 -261.8 24 0 10.0 10.0 7.5 2.5 2 1 3 3 3
-3228.3 1815.6 -263.5 293 0 10.4 10.3 2.5 2.5 2 0 1 3 3
-3190.2 1960.9 -262.3 203 0 9.9 10.0 7.5 2.5 2 1 3 5 5
-3243.6 1895.1 -262.6 201 0 8.1 20.1 2.5 0.0 0 1 1 2 2
-3113.1 2006.0 -261.9 342 0 10.0 10.0 5.0 2.5 2 1 2 3 3
-3262.0 1869.6 -262.8 201 0 13.7 13.8 7.5 2.5 2 1 3 3 3
-3233.6 1793.3 -263.6 23 0 10.3 10.4 5.0 2.5 4 1 2 2 2
-3177.3 1954.9 -262.1 203 0 9.9 10.0 7.5 2.5 2 1 3 5 5
-3328.0 1843.8 -262.7 23 0 12.8 12.9 5.0 2.5 2 1 2 4 4
-3215.6 1918.0 -262.4 203 0 9.9 10.0 7.5 2.5 2 1 3 0 0
-3307.7 1813.2 -263.0 21 0 11.5 9.0 2.5 2.5 2 0 1 3 3
-3256.9 1890.3 -262.7 203 0 8.1 8.2 5.0 2.5 2 1 2 0 0
-3158.5 1919.8 -262.4 23 0 10.0 10.0 5.0 2.5 2 1 2 0 0
-2181.3 1152.3 -261.9 98 0 19.1 9.9 5.0 2.5 2 0 2 3 3
-3188.8 1656.2 -263.5 113 0 11.8 16.4 10.0 0.0 0 1 4 4 4
-3266.1 1574.9 -263.4 200 0 13.7 18.3 7.5 0.0 0 1 3 1 1
-3059.2 1616.1 -263.5 19 0 9.8 9.9 7.5 2.5 2 1 3 1 1
-3186.4 1605.2 -263.4 192 0 9.5 7.6 5.0 2.5 2 0 2 3 3
-3373.2 1549.5 -263.3 212 0 25.8 16.9 10.0 2.5 2 0 4 2 2
-3387.5 1404.8 -263.9 279 0 9.9 10.8 5.0 2.5 2 1 2 5 5
-3307.7 1466.5 -263.2 188 0 10.1 21.9 5.0 2.5 2 1 2 2 2
-3184.6 1697.9 -263.6 198 0 10.1 21.9 5.0 0.0 0 1 2 4 4
-3133.5 1681.5 -263.5 18 0 10.1 21.9 7.5 2.5 4 1 3 5 5
-2163.8 1406.6 -263.9 85 0 16.6 9.4 2.5 2.5 2 0 1 3 3
-3201.1 1564.7 -263.4 195 0 13.1 10.4 5.0 2.5 2 0 2 5 5
-2151.7 1439.6 -263.7 355 0 9.4 16.6 2.5 0.0 0 1 1 5 5
-3302.7 1508.9 -263.3 99 0 8.2 9.1 7.5 2.5 2 1 3 2 2
-2191.3 1409.2 -263.9 201 0 13.0 13.4 5.0 2.5 2 1 2 5 5
-3221.9 1697.1 -263.6 199 0 6.9 10.2 5.0 2.5 2 1 2 0 0
-3314.2 1436.4 -263.4 98 0 3.6 13.3 2.5 2.5 2 1 1 5 5
-3376.2 1521.9 -263.3 208 0 13.0 26.2 7.5 0.0 0 1 3 3 3
-2986.2 1301.2 -264.0 266 0 11.7 10.1 7.5 2.5 2 0 3 3 3
-3090.8 1286.5 -264.1 179 0 12.0 12.5 10.0 2.5 2 1 4 5 5
-3018.5 1494.1 -263.3 106 0 16.8 10.1 7.5 2.5 2 0 3 1 1
-3037.3 1245.9 -263.4 356 0 9.9 9.8 5.0 2.5 2 0 2 1 1
-3084.1 1382.0 -263.6 184 0 12.7 12.5 5.0 2.5 2 0 2 3 3
-2997.6 1274.1 -263.8 180 0 11.5 13.2 7.5 2.5 2 1 3 0 0
-3240.9 1011.4 -263.1 93 0 21.8 25.8 7.5 2.5 4 1 3 2 2
-3089.7 991.4 -261.9 217 0 13.4 19.5 5.0 2.5 2 1 2 5 5
-3238.1 1071.2 -263.3 269 0 14.3 26.0 7.5 0.0 0 1 3 5 5
-3213.4 1024.2 -263.1 95 0 20.7 24.4 7.5 0.0 0 1 3 5 5
-3234.4 909.9 -263.0 45 0 15.2 14.4 5.0 0.0 0 0 2 0 0
-3396.1 850.6 -264.2 176 0 16.8 16.0 7.5 2.5 2 0 3 5 5
-3221.3 1150.1 -263.5 189 0 8.2 14.1 2.5 2.5 2 1 1 5 5
-3361.9 919.8 -264.1 170 0 11.9 6.8 7.5 2.5 2 0 3 5 5
-3393.5 925.7 -264.3 180 0 19.7 10.1 5.0 2.5 2 0 2 1 1
-3167.0 1410.9 -263.4 2 0 10.3 10.2 5.0 2.5 2 0 2 2 2
-3303.0 1301.7 -264.4 182 0 10.7 9.9 7.5 2.5 2 0 3 4 4
-3165.2 1427.5 -263.3 3 0 9.5 9.4 7.5 0.0 0 0 3 3 3
-3308.3 1015.0 -263.5 92 0 30.8 27.2 7.5 0.0 0 0 3 5 5
-3325.9 860.6 -263.1 266 0 13.7 16.7 5.0 2.5 2 1 2 1 1
-3152.7 1200.2 -263.0 179 0 14.7 11.0 2.5 2.5 2 0 1 2 2
-3139.2 1107.4 -263.0 96 0 12.9 10.3 2.5 2.5 2 0 1 1 1
-3265.3 857.3 -262.1 240 0 7.8 22.5 2.5 2.5 2 1 1 4 4
-3358.3 944.1 -263.8 171 0 11.4 6.5 5.0 2.5 2 0 2 4 4
-3285.2 799.6 -262.5 70 0 7.3 20.8 7.5 2.5 2 1 3 5 5
-3083.3 1109.0 -262.5 184 0 8.3 5.4 5.0 0.0 0 0 2 1 1
-3303.5 1257.7 -264.0 93 0 24.0 16.7 7.5 2.5 2 0 3 0 0
-3111.9 1051.7 -262.5 281 0 8.1 24.0 5.0 2.5 2 1 2 0 0
-3297.7 851.8 -262.7 252 0 12.9 25.6 7.5 2.5 2 1 3 0 0
-3060.9 966.2 -261.6 40 0 14.2 10.9 7.5 2.5 2 0 3 5 5
-3168.1 1085.8 -263.1 94 0 10.1 19.5 10.0 2.5 2 1 4 5 5
-3557.8 -128.0 -239.4 197 0 7.7 12.8 2.5 2.5 2 1 1 3 3
-1684.4 -1726.8 -217.7 133 0 10.4 15.7 5.0 2.5 4 1 2 3 3
-3692.8 181.0 -258.4 127 0 6.7 7.3 7.5 2.5 2 1 3 5 5
-1660.1 -1149.1 -252.2 173 0 9.9 9.9 7.5 2.5 2 1 3 4 4
-1503.7 -1379.6 -254.8 262 0 10.1 11.4 7.5 2.5 4 1 3 0 0
-1593.9 -1714.5 -225.8 279 0 9.1 15.8 7.5 2.5 2 1 3 4 4
-1501.9 -1593.0 -240.8 348 0 8.1 12.6 2.5 2.5 2 1 1 1 1
-1626.7 -1713.4 -222.7 284 0 7.6 8.6 5.0 2.5 2 1 2 3 3
-1606.5 -1361.5 -253.1 192 0 10.1 20.4 7.5 2.5 2 1 3 1 1
-1655.8 -905.2 -252.1 346 0 11.2 11.0 2.5 2.5 2 0 1 3 3
-1443.6 -1277.2 -255.5 258 0 5.1 6.4 2.5 2.5 2 1 1 2 2
-1549.0 -1724.4 -226.3 249 0 7.5 6.6 7.5 2.5 2 0 3 5 5
-3707.3 190.1 -259.0 120 0 7.8 8.3 2.5 2.5 2 1 1 2 2
-3498.4 -147.8 -243.3 29 0 11.5 9.9 7.5 2.5 2 0 3 4 4
-1660.8 -872.8 -251.1 144 0 7.3 6.8 7.5 0.0 0 0 3 4 4
-1549.2 -1387.4 -254.0 258 0 10.7 8.8 5.0 2.5 2 0 2 5 5
-1594.1 -1539.7 -240.8 153 0 12.1 11.4 7.5 2.5 2 0 3 3 3
-1570.2 -1243.6 -253.6 81 0 12.6 10.7 2.5 2.5 2 0 1 4 4
-1706.3 -1627.5 -224.0 355 0 7.2 9.2 2.5 2.5 4 1 1 2 2
-1684.4 -1538.4 -232.7 186 0 10.3 10.3 5.0 2.5 2 0 2 5 5
-1506.2 -1294.6 -254.3 276 0 11.9 6.1 5.0 2.5 4 0 2 3 3
-3556.0 -156.1 -241.6 181 0 23.4 12.0 12.5 2.5 2 0 5 5 5
-1533.5 -1492.3 -251.8 84 0 6.5 11.5 5.0 2.5 2 1 2 0 0
-3661.4 238.8 -260.6 18 0 8.0 7.5 5.0 2.5 4 0 2 0 0
-3692.2 157.5 -257.3 123 0 6.1 5.9 7.5 2.5 2 0 3 5 5
-1542.3 -1540.3 -244.8 147 0 8.6 8.5 2.5 2.5 2 0 1 4 4
-3525.2 -166.8 -243.1 107 0 11.7 8.3 2.5 2.5 2 0 1 2 2
-1643.3 -1498.0 -240.2 333 0 7.3 10.1 2.5 2.5 2 1 1 1 1
-1674.2 -1509.3 -236.5 230 0 11.3 9.6 7.5 2.5 2 0 3 2 2
-4637.7 -152.1 -241.3 262 0 11.4 7.7 7.5 2.5 2 0 3 5 5
-1436.2 -1316.6 -255.4 356 0 8.1 9.2 7.5 2.5 2 1 3 1 1
-1586.5 -1420.5 -253.6 205 0 9.6 11.7 5.0 2.5 4 1 2 5 5
-1656.0 -1547.5 -234.6 86 0 12.0 12.4 5.0 2.5 4 1 2 3 3
-1449.6 -1439.0 -255.9 5 0 12.1 12.2 7.5 2.5 2 1 3 5 5
-3595.0 132.6 -255.3 156 0 6.0 11.3 2.5 2.5 2 1 1 2 2
-1479.8 -1374.6 -255.3 252 0 15.8 14.7 5.0 2.5 4 0 2 0 0
-1579.2 -1614.9 -234.9 169 0 13.8 14.0 2.5 2.5 2 1 1 1 1
-1844.9 -1287.7 -241.1 213 0 11.2 9.5 7.5 2.5 2 0 3 3 3
-1749.7 -1245.0 -250.2 326 0 10.3 12.4 5.0 2.5 2 1 2 0 0
-1496.9 -1660.5 -238.5 124 0 14.9 13.8 7.5 2.5 2 0 3 0 0
-3455.2 -14.4 -252.5 301 0 11.0 8.7 2.5 2.5 2 0 1 0 0
-3466.0 -100.3 -248.3 248 0 7.3 7.6 5.0 2.5 2 1 2 5 5
-723.9 1888.8 -263.1 9 0 12.1 22.4 7.5 0.0 0 1 3 3 3
-1166.1 2560.9 -263.5 358 0 10.9 10.7 5.0 0.0 0 0 2 4 4
-1698.1 2431.8 -261.8 295 0 9.8 8.3 5.0 2.5 2 0 2 3 3
-1153.2 2322.2 -262.9 66 0 11.5 9.2 5.0 2.5 2 0 2 5 5
-1121.8 2487.6 -262.9 306 0 10.5 12.1 7.5 2.5 2 1 3 2 2
-1214.5 2130.5 -263.6 334 0 7.6 11.1 2.5 2.5 2 1 1 5 5
-689.5 2073.1 -263.3 96 0 11.0 20.0 7.5 2.5 2 1 3 3 3
-1123.3 2381.2 -262.8 162 0 12.6 8.4 7.5 2.5 2 0 3 1 1
-1290.9 2111.3 -263.6 207 0 10.3 13.5 2.5 2.5 2 1 1 1 1
-1024.3 1950.8 -264.0 207 0 16.4 13.3 7.5 2.5 2 0 3 2 2
-1176.2 2109.1 -263.7 299 0 11.4 7.6 7.5 2.5 2 0 3 1 1
-1108.3 1834.8 -263.9 109 0 10.1 13.3 2.5 2.5 2 1 1 5 5
-1274.7 2125.3 -263.6 215 0 8.5 13.8 5.0 2.5 2 1 2 1 1
4396.2 8445.8 -259.5 341 0 8.4 8.7 2.5 0.0 0 1 1 1 1
4355.2 8520.8 -259.9 264 0 7.0 7.7 5.0 2.5 2 1 2 3 3
4397.9 8368.8 -259.2 39 0 5.4 8.1 5.0 2.5 2 1 2 1 1
4296.4 8636.0 -261.7 273 0 11.4 7.4 5.0 2.5 2 0 2 4 4
4351.5 8394.8 -259.1 207 0 12.3 10.7 2.5 2.5 2 0 1 0 0
4264.6 8340.8 -250.5 268 0 7.7 12.8 7.5 2.5 2 1 3 3 3
4267.1 8593.9 -261.2 192 0 10.0 7.5 5.0 2.5 2 0 2 4 4
4339.2 8512.0 -259.8 171 0 8.7 11.6 5.0 2.5 2 1 2 1 1
4260.2 8383.2 -256.3 287 0 9.2 8.4 7.5 0.0 0 0 3 1 1
4350.3 8450.1 -259.3 5 0 6.3 18.2 5.0 2.5 2 1 2 1 1
4298.9 8380.8 -257.9 37 0 8.9 10.6 2.5 2.5 2 1 1 0 0
4259.1 8258.2 -243.7 128 0 8.7 11.5 5.0 2.5 2 1 2 5 5
4330.3 8530.4 -260.2 74 0 8.2 11.3 5.0 0.0 0 1 2 1 1
4277.7 8540.8 -260.6 99 0 10.2 8.9 7.5 2.5 2 0 3 1 1
4231.7 8336.5 -253.1 33 0 15.8 9.0 2.5 2.5 2 0 1 2 2
4412.8 8409.9 -259.4 348 0 7.1 11.0 2.5 2.5 2 1 1 3 3
4339.6 8320.6 -239.8 44 0 8.8 6.8 2.5 2.5 2 0 1 3 3
4357.7 8407.7 -259.2 220 0 6.5 11.9 5.0 2.5 2 1 2 5 5
4287.9 8596.4 -261.2 187 0 7.5 8.4 2.5 2.5 2 1 1 4 4
4289.0 8276.1 -237.4 225 0 13.5 6.8 2.5 2.5 2 0 1 0 0
4353.9 8480.4 -259.5 167 0 9.6 9.1 2.5 2.5 2 0 1 5 5
4238.9 8349.1 -253.8 33 0 5.7 7.2 7.5 2.5 2 1 3 1 1
4338.5 8539.1 -260.3 77 0 6.4 8.0 7.5 2.5 2 1 3 0 0
4242.0 8362.1 -255.6 112 0 8.2 9.7 7.5 2.5 2 1 3 2 2
4295.3 8539.1 -260.5 98 0 8.6 9.6 7.5 2.5 2 1 3 0 0
4355.9 8431.9 -259.2 25 0 10.1 6.8 5.0 2.5 2 0 2 3 3
4322.5 8391.3 -258.9 15 0 10.2 9.4 5.0 2.5 4 0 2 0 0
4370.8 8453.2 -259.4 183 0 8.9 10.1 2.5 2.5 2 1 1 2 2
4355.6 8563.6 -260.6 341 0 23.8 14.8 10.0 2.5 2 0 4 0 0
-2261.5 1674.9 -261.8 250 0 9.3 11.7 5.0 0.0 0 1 2 2 2
-2272.0 1733.4 -261.9 256 0 10.3 11.5 5.0 2.5 2 1 2 0 0
-2278.6 1667.4 -261.8 250 0 12.7 19.0 7.5 2.5 2 1 3 4 4
-3361.8 855.1 -263.6 265 0 13.4 6.8 5.0 2.5 2 0 2 1 1
1256.6 -1690.2 -265.0 204 0 9.1 9.6 7.5 0.0 0 1 3 3 3
-2154.0 -6631.4 -266.6 203 0 4.1 6.5 5.0 0.0 0 1 2 3 3
-2176.4 -6611.7 -266.4 173 0 4.1 6.5 7.5 0.0 0 1 3 5 5
-2186.7 -6601.6 -266.4 173 0 4.2 6.5 7.5 0.0 0 1 3 0 0
-2165.6 -6622.2 -266.5 173 0 4.1 6.5 5.0 0.0 0 1 2 0 0
-2172.1 -6635.5 -266.0 203 0 5.2 8.2 5.0 0.0 0 1 2 0 0
-2202.8 -6580.2 -266.2 23 0 4.1 6.5 5.0 0.0 0 1 2 2 2
-2315.0 -6791.0 -259.8 230 0 13.0 12.7 7.5 2.5 2 0 3 0 0
-2258.5 -6789.3 -260.1 300 0 14.4 15.4 5.0 2.5 2 1 2 5 5
-2095.8 -6698.2 -267.0 92 0 25.4 9.9 5.0 2.5 2 0 2 4 4
-2153.1 -6537.3 -267.8 67 0 7.5 5.0 5.0 2.5 2 0 2 0 0
-1320.7 -5254.5 -245.8 249 0 9.1 12.6 5.0 2.5 2 1 2 0 0
-2278.6 -6724.4 -261.2 43 0 10.2 23.9 5.0 2.5 4 1 2 1 1
-2214.9 -6540.3 -266.8 160 0 10.9 7.3 5.0 2.5 2 0 2 4 4
-1242.7 -5208.7 -240.6 253 0 16.2 12.5 10.0 2.5 2 0 4 0 0
-1284.7 -5203.8 -228.5 243 0 6.7 6.6 5.0 2.5 2 0 2 3 3
-2239.0 -6879.7 -248.7 208 0 12.7 15.8 7.5 2.5 2 1 3 4 4
-3069.6 -6664.1 -240.8 76 0 22.6 14.6 10.0 0.0 0 0 4 4 4
-2257.2 -6838.9 -256.7 232 0 8.9 16.9 7.5 2.5 2 1 3 2 2
-944.3 -171.2 -265.3 76 0 5.6 8.0 5.0 2.5 2 1 2 3 3
-1706.2 -5369.7 -247.7 186 0 8.1 8.5 5.0 2.5 2 1 2 3 3
-2102.1 -6626.4 -268.0 340 0 46.2 9.8 7.5 2.5 2 0 3 2 2
3995.5 845.5 -259.2 260 0 10.2 19.8 2.5 2.5 2 1 1 4 4
-2257.6 -6702.7 -262.0 43 0 10.2 23.9 5.0 2.5 2 1 2 3 3
-2194.3 -6494.6 -267.5 253 0 16.0 11.7 7.5 2.5 2 0 3 2 2
-2954.0 1853.2 -263.2 191 0 9.4 9.5 5.0 2.5 2 1 2 2 2
-2894.2 1762.8 -262.9 117 0 10.9 10.2 7.5 2.5 2 0 3 5 5
-2820.7 1851.6 -262.8 207 0 10.2 10.9 7.5 2.5 2 1 3 2 2
-2852.4 1849.8 -262.9 27 0 10.2 10.9 2.5 0.0 0 1 1 2 2
-2732.1 1777.6 -262.4 29 0 9.5 9.6 2.5 2.5 2 1 1 1 1
-2858.5 1835.9 -262.9 27 0 10.2 10.9 7.5 2.5 4 1 3 2 2
-2877.2 1849.6 -263.0 117 0 10.9 10.2 10.0 2.5 2 0 4 5 5
-2978.9 1636.6 -263.2 111 0 10.0 10.0 7.5 2.5 2 0 3 3 3
-2841.1 1769.8 -262.7 31 0 10.5 14.5 2.5 2.5 2 1 1 3 3
-2830.5 1888.7 -262.9 27 0 10.2 10.9 2.5 2.5 2 1 1 4 4
-2809.5 1721.4 -262.5 118 0 10.7 14.9 5.0 2.5 2 1 2 0 0
-2105.8 1551.3 -262.8 89 0 14.5 19.1 7.5 2.5 2 1 3 2 2
-2997.4 1739.5 -264.0 191 0 10.3 10.3 2.5 2.5 2 1 1 2 2
-2865.1 1705.3 -262.9 27 0 10.2 10.9 2.5 2.5 2 1 1 0 0
-2837.0 1790.4 -262.7 301 0 14.5 10.5 7.5 2.5 2 0 3 0 0
-2939.5 1808.9 -263.1 11 0 10.3 10.3 5.0 2.5 2 1 2 3 3
-2933.1 1846.7 -263.2 11 0 9.4 9.5 5.0 2.5 2 1 2 5 5
-2793.3 1750.9 -262.5 299 0 11.5 11.5 2.5 2.5 2 0 1 3 3
-2883.2 1721.1 -263.0 297 0 10.9 10.2 7.5 2.5 2 0 3 5 5
-2967.8 1889.7 -263.4 319 0 9.4 9.5 7.5 2.5 2 1 3 1 1
-2747.9 1804.8 -262.5 209 0 9.5 9.6 7.5 0.0 0 1 3 0 0
-2908.5 1759.4 -263.0 117 0 10.9 10.2 7.5 2.5 2 0 3 4 4
-2079.1 1678.9 -261.8 298 0 9.4 15.7 7.5 2.5 2 1 3 0 0
-1929.4 1811.3 -260.7 10 0 10.4 10.1 5.0 2.5 2 0 2 4 4
-1949.3 2048.3 -260.7 300 0 11.9 12.0 5.0 2.5 2 1 2 2 2
-1817.1 1310.6 -262.7 314 0 8.5 9.5 2.5 2.5 2 1 1 5 5
-1872.1 1355.9 -262.9 293 0 12.5 7.6 7.5 0.0 0 0 3 1 1
-1828.4 1267.2 -262.4 28 0 5.1 10.3 7.5 2.5 2 1 3 2 2
-1927.5 1346.5 -262.8 208 0 9.5 11.1 2.5 2.5 2 1 1 3 3
-1874.3 1283.2 -262.5 223 0 7.8 13.2 2.5 2.5 2 1 1 4 4
-2191.5 2109.3 -262.1 285 0 6.6 11.6 7.5 2.5 2 1 3 5 5
-2040.7 2423.6 -262.3 102 0 23.9 18.1 10.0 2.5 2 0 4 5 5
-2047.4 1373.5 -263.6 169 0 14.4 9.8 7.5 2.5 2 0 3 3 3
-2188.7 2264.4 -261.9 45 0 7.1 8.7 7.5 2.5 2 1 3 4 4
-1997.5 1481.6 -263.6 88 0 7.9 4.7 7.5 2.5 2 0 3 3 3
-2056.6 1474.5 -263.7 265 0 6.3 11.8 2.5 2.5 2 1 1 5 5
-1857.4 2191.0 -262.3 20 0 8.1 6.8 2.5 2.5 2 0 1 1 1
-2155.4 2339.3 -261.3 211 0 10.0 10.3 2.5 2.5 2 1 1 0 0
-2015.0 1896.7 -261.4 132 0 9.8 8.6 7.5 2.5 2 0 3 5 5
-2199.4 2225.9 -261.8 44 0 9.2 13.6 5.0 2.5 2 1 2 2 2
-2006.7 1529.9 -263.2 272 0 9.5 5.1 5.0 2.5 2 0 2 0 0
-2191.7 2241.4 -261.7 47 0 8.7 7.1 5.0 2.5 2 0 2 5 5
-2172.2 2086.3 -262.0 201 0 13.7 16.3 7.5 2.5 4 1 3 2 2
-2167.3 2264.2 -261.9 45 0 7.1 8.7 5.0 0.0 0 1 2 0 0
-2170.9 2291.3 -261.7 315 0 8.7 7.1 5.0 2.5 2 0 2 5 5
-2169.8 2225.5 -261.6 216 0 9.9 7.7 5.0 2.5 2 0 2 2 2
-2092.2 2364.5 -261.6 283 0 9.1 10.1 5.0 2.5 2 1 2 5 5
-3761.0 483.0 -264.8 160 0 11.6 11.9 5.0 2.5 2 1 2 3 3
-3604.3 403.7 -264.6 264 0 12.4 27.1 10.0 2.5 2 1 4 1 1
-3759.5 440.2 -264.1 225 0 12.0 10.0 7.5 2.5 4 0 3 4 4
-3810.3 469.8 -265.3 6 0 10.8 12.2 5.0 2.5 2 1 2 3 3
-3535.4 520.9 -254.5 252 0 6.4 6.5 5.0 2.5 2 1 2 3 3
-3813.5 362.5 -263.4 180 0 6.9 12.5 5.0 2.5 4 1 2 5 5
-3695.5 937.1 -265.1 87 0 5.2 10.8 5.0 2.5 2 1 2 4 4
-3593.3 278.6 -262.3 68 0 10.1 20.2 2.5 2.5 2 1 1 0 0
-3775.5 429.0 -264.2 17 0 9.7 12.2 7.5 2.5 2 1 3 2 2
-3744.6 710.8 -265.5 167 0 18.1 30.7 7.5 2.5 2 0 3 3 3
5217.9 6596.4 -263.0 4 0 9.5 9.9 7.5 2.5 2 1 3 3 3
4962.8 6430.3 -248.7 101 0 23.2 11.0 7.5 2.5 2 0 3 5 5
5388.8 6429.3 -250.4 4 0 8.0 12.8 7.5 2.5 2 1 3 5 5
5346.6 6525.3 -259.3 7 0 11.7 8.5 2.5 2.5 2 0 1 0 0
4915.5 6710.6 -255.1 195 0 13.6 12.0 5.0 2.5 2 0 2 5 5
5053.4 6764.7 -258.5 278 0 11.5 9.1 7.5 2.5 2 0 3 3 3
5274.6 6307.5 -253.8 105 0 7.5 20.8 7.5 2.5 4 1 3 2 2
5128.6 6519.1 -261.7 100 0 11.5 11.5 5.0 2.5 2 0 2 4 4
5270.7 6681.9 -263.8 196 0 13.4 8.2 2.5 2.5 2 0 1 1 1
5214.9 6530.7 -261.4 9 0 16.6 9.6 5.0 2.5 2 0 2 5 5
5095.4 6663.3 -259.3 27 0 6.2 15.1 7.5 2.5 2 1 3 1 1
5357.6 6447.8 -253.8 330 0 9.4 8.5 7.5 2.5 2 0 3 4 4
5257.4 6626.3 -263.3 187 0 13.1 13.9 7.5 0.0 0 1 3 4 4
5134.9 6457.8 -259.5 86 0 10.4 7.1 2.5 2.5 2 0 1 5 5
5194.5 6504.6 -260.7 360 0 7.9 7.5 5.0 2.5 2 0 2 4 4
5042.8 6486.6 -257.9 112 0 22.2 10.8 5.0 2.5 4 0 2 0 0
5241.0 6642.2 -263.2 41 0 5.9 9.5 5.0 2.5 2 1 2 1 1
4962.8 6465.0 -252.1 110 0 10.1 29.9 12.5 0.0 0 1 5 3 3
4890.3 6647.3 -247.0 183 0 11.4 7.7 5.0 2.5 2 0 2 0 0
5369.6 6518.3 -259.5 360 0 13.1 11.5 2.5 2.5 2 0 1 2 2
4937.6 6500.6 -249.1 210 0 8.7 8.4 5.0 2.5 2 0 2 5 5
5077.0 6769.2 -259.0 277 0 11.0 18.0 5.0 2.5 2 1 2 4 4
5270.7 6535.3 -260.4 185 0 9.8 18.2 5.0 2.5 2 1 2 3 3
6334.2 8233.2 -251.9 173 0 20.5 17.1 10.0 0.0 0 0 4 1 1
6368.0 8248.1 -252.1 299 0 16.4 12.3 5.0 2.5 2 0 2 3 3
6307.5 8268.2 -253.8 20 0 9.8 15.9 5.0 2.5 2 1 2 0 0
6361.0 8182.4 -249.2 178 0 9.6 8.4 5.0 2.5 2 0 2 3 3
6377.9 8166.5 -248.4 163 0 13.8 9.9 5.0 2.5 2 0 2 5 5
6357.6 8218.8 -250.8 158 0 5.0 6.5 5.0 0.0 0 1 2 4 4
6333.6 8259.7 -252.9 177 0 7.7 17.8 7.5 2.5 2 1 3 1 1
6263.3 8369.4 -245.8 192 0 8.2 6.4 2.5 2.5 2 0 1 1 1
6421.0 8403.8 -248.5 30 0 13.5 10.5 7.5 2.5 2 0 3 1 1
6188.3 8172.5 -251.1 151 0 14.7 19.8 12.5 2.5 2 1 5 1 1
6382.2 8387.7 -251.0 207 0 8.0 6.7 7.5 2.5 2 0 3 5 5
6263.6 8317.3 -247.3 103 0 6.0 17.3 5.0 2.5 2 1 2 5 5
6466.9 8338.1 -252.4 277 0 13.6 11.6 2.5 2.5 2 0 1 0 0
6416.3 8382.1 -250.5 358 0 7.3 10.2 7.5 2.5 2 1 3 0 0
6198.3 8223.6 -252.4 247 0 11.5 13.2 2.5 2.5 2 1 1 3 3
-1469.7 1108.8 -261.8 243 0 8.7 12.9 2.5 2.5 2 1 1 5 5
-1479.2 1127.5 -260.9 242 0 9.2 7.5 2.5 2.5 2 0 1 0 0
-1454.7 1083.1 -262.4 64 0 8.5 9.9 2.5 2.5 2 1 1 1 1
-1002.6 1379.7 -264.7 255 0 11.9 11.0 10.0 2.5 4 0 4 2 2
-1435.6 1117.8 -262.4 256 0 8.1 13.4 2.5 2.5 2 1 1 3 3
-1780.4 1489.1 -264.0 232 0 7.6 11.6 5.0 2.5 2 1 2 2 2
-1735.0 1521.0 -261.1 320 0 12.9 6.3 7.5 2.5 2 0 3 1 1
-1764.5 1358.0 -261.4 208 0 8.2 16.0 7.5 0.0 0 1 3 5 5
-1788.9 812.8 -262.5 311 0 20.2 15.0 7.5 2.5 2 0 3 2 2
-3237.2 1554.1 -263.3 107 0 9.4 8.6 5.0 2.5 2 0 2 5 5
-3257.3 1593.7 -263.4 203 0 6.0 5.9 7.5 2.5 2 0 3 3 3
-3355.7 1679.3 -263.2 286 0 9.9 11.8 5.0 2.5 2 1 2 5 5
-3230.7 1674.1 -263.5 200 0 8.1 14.3 5.0 2.5 2 1 2 0 0
-3372.9 1672.1 -263.2 286 0 8.4 9.4 2.5 2.5 2 1 1 5 5
-3321.5 1635.0 -263.4 201 0 10.7 14.6 7.5 0.0 0 1 3 1 1
-3457.8 1669.8 -262.9 196 0 8.5 11.1 5.0 2.5 2 1 2 4 4
-3408.4 1651.6 -263.1 106 0 7.7 11.6 7.5 2.5 2 1 3 5 5
-3216.4 1566.0 -263.4 19 0 8.5 14.8 2.5 0.0 0 1 1 5 5
-2050.1 1256.1 -262.0 147 0 8.5 17.2 7.5 2.5 2 1 3 3 3
-3015.3 2219.6 -261.5 215 0 16.1 12.4 7.5 2.5 2 0 3 0 0
-2020.0 740.1 -263.4 140 0 10.8 11.0 5.0 2.5 4 1 2 5 5
-2092.3 822.7 -264.2 148 0 20.5 13.1 10.0 2.5 4 0 4 2 2
-2257.4 1020.2 -263.4 208 0 12.0 12.0 5.0 2.5 2 0 2 1 1
-2664.0 1754.5 -262.1 120 0 13.2 11.5 5.0 2.5 2 0 2 4 4
-2175.0 1196.0 -261.7 132 0 18.9 26.2 7.5 2.5 2 1 3 4 4
-1620.7 -1382.3 -252.7 336 0 11.3 12.6 5.0 2.5 2 1 2 0 0
-1740.8 2686.6 -262.6 236 0 21.0 12.7 5.0 2.5 2 0 2 5 5
-1199.3 2485.8 -263.1 132 0 11.5 11.3 7.5 2.5 2 0 3 2 2
-1215.8 2471.9 -263.0 132 0 9.5 21.4 7.5 2.5 2 0 3 3 3
368.1 1507.8 -265.4 243 0 7.6 5.8 7.5 2.5 2 0 3 5 5
-2203.9 3415.8 -261.8 188 0 49.6 12.9 7.5 2.5 2 0 3 5 5
-2166.0 3468.9 -261.9 278 0 12.3 90.0 7.5 2.5 2 1 3 5 5
-2144.5 3413.1 -262.0 8 0 104.1 17.8 7.5 0.0 0 0 3 5 5
-2977.6 3084.2 -262.1 21 0 46.4 46.3 10.0 0.0 0 0 4 3 3
-3737.6 1815.8 -263.0 254 0 12.6 34.0 10.0 2.5 2 1 4 5 5
-3641.1 1349.8 -265.2 107 0 11.3 37.3 7.5 2.5 2 1 3 5 5
-2411.7 1481.8 -262.2 165 0 13.1 21.2 12.5 2.5 2 1 5 4 4
-2415.2 1655.9 -262.2 242 0 21.4 22.2 5.0 2.5 2 1 2 3 3
-6863.3 6920.7 -238.9 78 0 15.0 12.1 5.0 2.5 2 0 2 1 1
316.3 10603.1 -254.5 343 0 6.5 6.9 2.5 2.5 2 1 1 1 1
231.8 10519.6 -254.6 73 0 12.0 20.5 7.5 2.5 2 1 3 2 2
-1283.2 11123.5 -254.2 327 0 12.0 18.5 5.0 2.5 2 1 2 0 0
6239.8 11125.8 -269.2 264 0 14.1 7.5 5.0 2.5 2 0 2 2 2
3711.6 2724.9 -157.3 52 0 16.6 10.8 2.5 2.5 2 0 1 0 0
1564.7 10541.4 -261.0 144 0 10.5 20.7 7.5 2.5 2 1 3 0 0
-4618.6 5254.8 -257.7 332 0 11.0 16.0 5.0 2.5 2 1 2 0 0
-2864.2 11087.9 -251.8 150 0 13.4 18.6 5.0 2.5 2 1 2 2 2
-4213.4 9859.1 -253.3 145 0 10.7 15.1 7.5 2.5 4 1 3 5 5
-2747.7 1675.8 -262.2 190 0 13.3 17.0 5.0 2.5 2 1 2 4 4
-2746.7 1692.5 -262.2 190 0 8.9 11.7 5.0 2.5 4 1 2 1 1
-2731.8 1689.7 -262.2 189 0 8.7 12.0 2.5 2.5 2 1 1 5 5
-2712.3 1670.1 -262.1 8 0 13.2 14.7 5.0 2.5 2 1 2 0 0
-2750.4 1657.6 -262.2 190 0 13.6 16.8 5.0 0.0 0 1 2 4 4
-2686.2 2241.3 -261.9 84 0 17.3 13.1 12.5 2.5 2 0 5 2 2
