6932.9 -9533.5 -447.7 1 0 65.5 52.6 7.5 0.0 0 0 3 4 4
6353.5 5793.2 -385.3 48 0 19.4 17.1 12.5 2.5 2 0 5 1 1
5715.1 -3783.2 465.4 214 0 9.9 14.3 5.0 0.0 0 1 2 2 2
-332.6 -8486.7 -428.9 112 0 15.5 36.5 12.5 0.0 0 1 5 0 0
-4282.0 -9581.6 -463.4 240 0 14.7 12.5 5.0 2.5 2 0 2 5 5
1376.7 -8527.1 -411.2 265 0 31.9 19.5 7.5 0.0 0 0 3 3 3
1341.1 -8531.7 -411.0 267 0 13.3 7.4 7.5 2.5 2 0 3 0 0
1348.0 -8521.6 -414.2 357 0 17.5 19.0 10.0 2.5 2 1 4 4 4
-318.3 -8368.3 -441.1 114 0 21.9 17.4 7.5 2.5 2 0 3 4 4
6173.2 -9970.1 -441.4 261 0 5.6 19.7 7.5 2.5 2 1 3 5 5
5579.1 -10177.7 -414.5 9 0 20.1 11.2 12.5 2.5 2 0 5 5 5
5557.3 -10152.2 -412.4 189 0 20.1 11.2 10.0 2.5 2 0 4 5 5
5593.4 -9944.7 -408.8 230 0 20.0 11.3 12.5 2.5 2 0 5 5 5
5616.7 -9957.1 -412.8 320 0 11.3 20.0 12.5 2.5 2 1 5 5 5
5629.0 -9972.1 -417.0 320 0 11.3 20.0 15.0 0.0 0 1 6 1 1
5640.8 -9985.8 -420.2 320 0 11.3 20.0 10.0 2.5 2 1 4 2 2
5475.4 -10104.2 -394.4 282 0 15.0 11.5 10.0 2.5 2 0 4 3 3
5464.1 -10124.5 -395.3 192 0 11.5 15.0 10.0 2.5 2 1 4 0 0
5504.7 -10121.7 -402.4 282 0 15.0 11.5 12.5 2.5 2 0 5 5 5
5519.6 -10295.9 -402.3 67 0 16.6 18.2 10.0 2.5 2 1 4 2 2
5474.1 -10298.4 -394.9 157 0 18.2 16.6 7.5 2.5 2 0 3 4 4
5517.7 -10159.6 -406.4 189 0 26.7 13.6 12.5 2.5 2 0 5 2 2
5512.9 -10191.1 -405.9 189 0 26.2 13.6 10.0 2.5 2 0 4 5 5
5508.2 -10222.2 -405.5 189 0 27.0 13.6 12.5 2.5 4 0 5 0 0
5503.3 -10254.4 -403.8 189 0 26.9 13.6 12.5 2.5 2 0 5 5 5
5486.7 -10165.7 -401.8 189 0 26.9 16.6 12.5 2.5 2 0 5 2 2
5482.0 -10196.2 -401.4 189 0 26.2 16.6 10.0 2.5 2 0 4 4 4
5477.2 -10227.8 -400.0 189 0 24.4 16.6 15.0 0.0 0 0 6 2 2
5472.5 -10258.7 -397.5 189 0 24.9 16.6 7.5 2.5 2 0 3 5 5
5443.3 -10351.8 -385.4 99 0 16.6 25.0 10.0 2.5 2 1 4 3 3
5441.8 -10307.1 -388.7 189 0 26.9 16.6 10.0 2.5 4 0 4 2 2
5458.1 -10150.0 -396.5 189 0 26.4 16.6 12.5 0.0 0 0 5 3 3
5453.2 -10181.6 -396.4 189 0 26.0 16.6 10.0 2.5 2 0 4 5 5
5448.5 -10212.6 -394.6 189 0 25.3 16.6 12.5 2.5 2 0 5 2 2
5443.8 -10243.8 -392.2 189 0 27.0 16.6 12.5 2.5 4 0 5 4 4
5439.0 -10275.3 -389.7 189 0 26.9 16.6 10.0 2.5 2 0 4 1 1
5673.2 -10299.2 -398.8 318 0 13.1 22.3 12.5 2.5 2 1 5 1 1
5637.3 -10346.2 -393.3 47 0 36.2 16.8 10.0 2.5 2 0 4 3 3
5901.1 -9683.8 -427.6 123 0 16.7 22.9 10.0 2.5 2 1 4 5 5
6041.3 6753.1 -467.4 2 0 26.8 11.2 12.5 2.5 2 0 5 3 3
6343.9 6222.1 -472.3 295 0 16.7 12.4 7.5 2.5 2 0 3 5 5
6371.5 6202.2 -472.0 306 0 16.7 12.3 7.5 2.5 2 0 3 5 5
6400.1 6170.9 -471.8 36 0 8.5 20.5 7.5 2.5 2 1 3 1 1
5990.4 6311.0 -466.6 0 0 17.9 10.3 5.0 2.5 2 0 2 4 4
5984.5 6325.2 -467.3 90 0 11.8 26.0 17.5 0.0 0 1 7 4 4
6043.6 6310.9 -469.8 92 0 11.1 19.1 7.5 2.5 2 1 3 2 2
6051.7 6343.0 -470.4 2 0 19.1 11.1 2.5 2.5 2 0 1 3 3
6411.9 7047.7 -476.2 197 0 7.5 31.8 5.0 2.5 4 1 2 4 4
5996.6 7231.5 -469.9 311 0 20.8 15.2 7.5 2.5 2 0 3 0 0
6006.7 7253.9 -470.3 311 0 10.7 22.2 5.0 2.5 4 1 2 2 2
5999.2 7274.6 -470.3 311 0 8.9 62.3 7.5 0.0 0 1 3 2 2
5931.9 7216.2 -468.3 221 0 17.1 19.2 7.5 2.5 2 1 3 1 1
5977.8 7176.2 -468.2 41 0 17.1 40.4 10.0 2.5 2 1 4 3 3
5965.8 7171.2 -467.6 311 0 16.0 41.9 12.5 2.5 2 1 5 4 4
5880.6 7215.8 -467.5 221 0 40.8 16.8 10.0 2.5 4 0 4 4 4
5870.9 7161.8 -465.5 131 0 34.3 10.7 10.0 2.5 2 0 4 5 5
5893.9 7130.8 -465.6 131 0 32.5 19.0 17.5 0.0 0 0 7 2 2
5917.5 7107.5 -463.8 131 0 18.6 11.1 2.5 2.5 2 0 1 3 3
5986.1 7130.6 -466.6 311 0 9.0 12.7 5.0 2.5 2 1 2 3 3
5980.2 7086.4 -464.0 41 0 28.9 31.6 12.5 0.0 0 1 5 3 3
6095.4 6617.1 -472.1 91 0 48.4 7.2 7.5 2.5 2 0 3 5 5
6024.4 7199.3 -470.1 39 0 30.9 21.0 10.0 0.0 0 0 4 1 1
6041.7 6966.0 -471.0 79 0 16.2 26.4 7.5 2.5 2 1 3 4 4
-6803.4 -6260.9 -400.8 90 0 30.0 16.8 7.5 2.5 2 0 3 3 3
-3432.6 -8112.7 -453.7 105 0 10.9 8.3 7.5 2.5 2 0 3 5 5
