4318.7 2037.5 -440.9 323 0 15.7 42.8 7.5 2.5 2 1 3 0 0
-4939.3 -10620.3 490.6 198 0 14.2 21.8 7.5 2.5 2 1 3 1 1
3277.2 -9191.7 -493.4 183 0 12.1 3.6 5.0 2.5 2 0 2 0 0
3280.9 -9190.1 -493.4 183 0 36.0 16.1 10.0 2.5 2 0 4 2 2
3253.1 -9124.6 -493.3 325 0 14.1 24.2 7.5 2.5 2 1 3 3 3
3195.1 -9624.1 -496.0 82 0 17.3 30.7 12.5 2.5 2 1 5 2 2
3078.0 -10172.2 -510.2 90 0 11.9 22.4 7.5 2.5 2 1 3 0 0
3139.5 -10014.9 -508.2 261 0 20.0 39.9 7.5 2.5 2 1 3 1 1
3059.2 -10167.0 -510.1 99 0 9.9 20.3 7.5 2.5 2 0 3 4 4
3033.5 -10154.2 -510.0 189 0 17.4 22.3 5.0 2.5 2 0 2 5 5
1782.0 -3973.6 -383.6 152 0 11.8 21.9 15.0 0.0 0 1 6 2 2
2604.5 -7766.4 -454.8 337 0 57.1 26.6 12.5 2.5 2 0 5 1 1
3651.5 -8979.5 -492.2 324 0 9.7 12.7 2.5 2.5 2 1 1 5 5
