-6441.0 6128.9 -107.5 222 0 28.8 17.1 12.5 2.5 2 0 5 5 5
-6456.5 6056.0 -116.3 237 0 15.3 14.8 2.5 2.5 2 0 1 0 0
-297.8 -6920.2 -46.1 180 0 17.7 11.3 5.0 2.5 2 0 2 3 3
-374.2 -7213.2 -81.2 225 0 12.1 16.9 2.5 2.5 2 1 1 0 0
-329.4 -6925.9 -44.8 335 0 10.7 12.5 5.0 2.5 2 1 2 5 5
-312.3 -6931.8 -46.9 179 0 13.8 10.5 5.0 2.5 2 0 2 5 5
-269.6 -6816.4 -45.0 269 0 12.9 12.1 7.5 2.5 2 0 3 0 0
-306.0 -6841.7 -40.5 90 0 13.2 13.0 10.0 2.5 2 0 4 3 3
-341.0 -7195.0 -80.3 309 0 12.8 11.2 7.5 2.5 2 0 3 1 1
-347.8 -6961.9 -48.6 40 0 9.2 18.4 2.5 2.5 2 1 1 5 5
-38.7 -7677.4 -112.7 331 0 11.4 22.0 12.5 2.5 4 1 5 2 2
-254.0 -6850.8 -43.9 90 0 12.7 14.4 7.5 2.5 2 1 3 0 0
-99.2 -7658.8 -112.0 150 0 15.1 27.1 10.0 2.5 2 1 4 0 0
-349.5 -7244.7 -82.8 51 0 7.8 18.6 7.5 2.5 4 1 3 2 2
-332.9 -7211.0 -81.8 317 0 11.7 19.0 7.5 2.5 4 1 3 0 0
-6858.6 6236.8 -94.6 71 0 17.6 11.6 10.0 2.5 2 0 4 2 2
-6818.0 6259.2 -96.7 270 0 9.5 16.1 3.5 0.0 0 1 1 2 2
-6642.7 4521.2 -85.6 133 0 5.2 5.1 7.5 2.5 2 0 3 2 2
-6371.2 4401.4 -102.6 111 0 18.7 9.3 5.0 2.5 2 0 2 3 3
-6686.5 4478.2 -100.9 123 0 3.7 7.6 7.5 2.5 2 1 3 1 1
-6796.1 6279.6 -91.7 139 0 9.9 9.3 7.5 2.5 2 0 3 1 1
-6373.5 4388.6 -97.7 109 0 14.3 6.8 5.0 0.0 0 0 2 4 4
-6778.1 4395.6 -94.5 235 0 4.0 7.5 5.0 2.5 2 1 2 3 3
-6684.1 6164.0 -106.7 131 0 5.9 6.2 7.5 2.5 2 1 3 4 4
-6817.8 6266.7 -92.7 84 0 7.5 7.1 5.0 2.5 2 0 2 5 5
-6750.4 6216.7 -104.0 125 0 5.6 5.0 2.5 2.5 2 0 1 1 1
-6683.1 6229.4 -97.5 44 0 5.3 21.3 5.0 2.5 2 1 2 1 1
-6688.8 6221.6 -99.8 45 0 8.5 17.7 7.5 2.5 2 1 3 1 1
-6606.0 4509.1 -86.9 348 0 20.3 14.6 10.0 2.5 2 0 4 0 0
-6312.7 4387.8 -108.6 86 0 12.5 15.1 5.0 2.5 4 1 2 4 4
-6664.5 4487.3 -97.1 289 0 4.9 10.9 5.0 2.5 2 1 2 3 3
-6770.3 4415.8 -100.2 237 0 4.8 6.8 5.0 2.5 2 1 2 4 4
-6764.7 4401.3 -95.0 229 0 4.0 8.2 5.0 0.0 0 1 2 5 5
-6723.0 6193.7 -105.8 144 0 7.5 5.6 2.5 2.5 2 0 1 1 1
-6350.8 4385.3 -102.5 121 0 7.0 12.6 5.0 2.5 2 1 2 3 3
-6802.0 4386.8 -95.1 149 0 4.8 5.4 7.5 2.5 4 1 3 4 4
-6704.1 6185.9 -105.9 126 0 12.5 10.0 7.5 2.5 2 0 3 1 1
-6728.6 6231.9 -102.9 224 0 7.0 11.8 5.0 2.5 2 1 2 1 1
-6699.5 6200.0 -103.3 124 0 6.8 4.9 5.0 2.5 2 0 2 3 3
-6703.7 6255.6 -95.8 315 0 9.5 6.6 5.0 2.5 2 0 2 5 5
-6688.4 6171.2 -106.3 112 0 6.7 5.8 7.5 0.0 0 0 3 2 2
-6712.7 6192.9 -105.8 125 0 6.3 6.0 7.5 2.5 4 0 3 3 3
-6630.8 6139.7 -105.5 104 0 12.0 6.6 7.5 2.5 2 0 3 2 2
-6718.4 6275.5 -95.1 277 0 6.6 14.1 7.5 2.5 2 1 3 5 5
-6695.3 6269.2 -93.2 318 0 7.2 7.0 7.5 2.5 2 0 3 0 0
-6781.5 6256.4 -99.4 151 0 14.6 22.7 12.5 0.0 0 1 5 3 3
-6714.2 6208.3 -103.8 131 0 17.3 10.5 7.5 2.5 2 0 3 2 2
-3516.7 -5811.6 -108.9 61 0 11.2 11.7 5.0 2.5 2 1 2 5 5
-6726.4 6184.0 -106.4 118 0 5.1 10.5 5.0 2.5 2 1 2 4 4
-6487.9 10464.3 -90.1 163 0 10.1 14.4 7.5 2.5 2 1 3 1 1
-4148.6 -5734.4 -105.8 52 0 20.5 14.7 7.5 2.5 2 0 3 0 0
-4226.6 -5825.5 -105.2 53 0 5.5 9.7 7.5 2.5 2 1 3 3 3
-4198.5 -5804.1 -105.4 53 0 10.3 15.2 10.0 2.5 2 0 4 2 2
-4213.6 -5810.8 -105.3 53 0 21.8 11.5 10.0 2.5 4 0 4 4 4
-2634.9 -5159.0 -108.0 232 0 10.0 40.0 7.5 2.5 2 1 3 2 2
-2646.4 -5216.4 -107.9 52 0 4.3 9.1 10.5 2.5 2 0 3 5 5
-2633.3 -5208.7 -108.0 52 0 25.8 18.5 7.5 2.5 2 0 3 3 3
-2090.4 -4697.8 -107.9 81 0 18.1 12.3 7.5 2.5 2 0 3 5 5
-6139.3 -5946.6 -107.5 1 0 8.9 13.4 5.0 2.5 2 1 2 2 2
-6155.3 -5944.0 -107.5 1 0 13.6 10.9 5.0 2.5 2 0 2 3 3
-4504.9 -4685.7 -44.8 237 0 10.2 36.6 12.5 0.0 0 1 5 2 2
-3184.6 -5296.4 -107.0 0 0 10.1 15.1 8.0 2.5 2 1 2 1 1
-3219.6 -5339.9 -107.5 61 0 12.6 31.5 7.5 2.5 4 1 3 3 3
-3240.3 -5245.3 -107.1 242 0 6.0 17.8 4.0 2.5 2 1 1 3 3
-3205.2 -5249.6 -107.0 332 0 35.6 22.3 7.5 0.0 0 0 3 0 0
-3254.1 -5252.5 -107.4 242 0 19.3 57.4 10.0 2.5 2 1 4 1 1
-1482.2 -5498.9 -108.0 201 0 13.2 30.6 12.5 2.5 2 1 5 3 3
1441.3 3727.7 -101.9 160 0 14.2 4.1 12.0 2.5 2 0 3 4 4
1476.0 3840.5 -92.0 339 0 13.9 21.1 12.5 2.5 2 1 5 2 2
1419.0 3797.2 -101.9 159 0 17.5 25.8 12.5 2.5 2 1 5 4 4
5255.8 1240.2 -66.8 73 0 8.8 9.1 7.5 2.5 2 1 3 2 2
2266.7 2218.9 -103.4 221 0 7.2 4.7 5.0 2.5 2 0 2 5 5
2278.3 2208.4 -99.5 42 0 9.5 5.3 5.0 2.5 2 0 2 2 2
-2130.4 434.0 109.7 270 0 16.3 13.8 5.0 2.5 2 0 2 0 0
-2110.3 449.9 107.3 268 0 8.7 15.7 7.5 0.0 0 1 3 5 5
-2370.7 -4856.8 -106.3 89 0 11.8 11.5 7.5 2.5 2 0 3 3 3
