-1503.4 5811.6 -8.8 333 0 14.2 19.7 12.5 2.5 2 1 5 0 0
-1563.3 5779.4 11.1 166 0 9.6 18.5 7.5 0.0 0 1 3 2 2
-1494.5 5792.4 -6.5 332 0 13.5 18.7 10.0 2.5 2 1 4 1 1
-1563.6 5683.0 29.2 147 0 13.2 18.7 12.5 0.0 0 1 5 5 5
-1617.9 5701.3 42.1 176 0 16.2 18.3 10.0 0.0 0 1 4 1 1
-1559.3 5720.4 23.3 187 0 16.3 15.5 10.0 0.0 0 0 4 5 5
-1414.0 5707.5 -13.0 323 0 13.0 16.9 7.5 0.0 0 1 3 0 0
-1463.5 5722.7 -8.9 154 0 11.4 12.3 7.5 2.5 2 1 3 2 2
-1453.5 5709.2 -8.4 206 0 15.5 17.8 10.0 2.5 2 1 4 4 4
-1469.9 5715.5 -2.6 63 0 30.5 46.2 17.5 2.5 2 1 7 3 3
-1668.5 5407.9 47.6 271 0 17.6 33.2 12.5 2.5 2 0 5 4 4
-1378.1 5727.9 -29.2 248 0 10.9 9.7 7.5 2.5 4 0 3 5 5
-1403.7 5694.5 -17.2 179 0 16.6 16.6 10.0 0.0 0 0 4 1 1
-1494.3 5869.2 -24.6 118 0 5.4 6.6 5.0 2.5 2 1 2 1 1
-1585.7 5987.0 -26.1 70 0 15.8 17.4 10.0 2.5 2 1 4 1 1
-1412.9 5675.1 -5.7 271 0 11.8 23.0 10.0 0.0 0 1 4 1 1
-1454.1 5668.9 4.9 5 0 13.9 20.8 12.5 0.0 0 1 5 3 3
-1475.3 5687.4 4.0 60 0 15.7 22.7 10.0 2.5 2 1 4 0 0
-1567.2 5654.4 35.5 16 0 13.2 22.1 10.0 0.0 0 1 4 1 1
-1545.7 5625.8 36.3 346 0 17.3 19.0 12.5 0.0 0 1 5 5 5
-1480.5 5671.4 14.0 314 0 16.8 16.7 12.5 2.5 2 0 5 2 2
-2145.5 6519.8 -41.4 298 0 6.0 8.9 5.0 2.5 2 1 2 3 3
-2686.4 6938.3 -50.7 111 0 8.9 23.5 7.5 2.5 4 1 3 5 5
-2907.9 7004.3 -35.7 290 0 17.1 14.1 5.0 2.5 2 0 2 5 5
-2322.7 6521.5 -45.9 225 0 9.3 18.1 2.5 2.5 2 1 1 1 1
-2885.9 6994.0 -37.3 295 0 17.8 15.3 15.0 0.0 0 0 6 2 2
-2757.7 6962.9 -46.2 210 0 11.9 14.4 15.0 0.0 0 1 6 1 1
-2702.9 6944.2 -49.5 56 0 14.2 19.8 12.5 0.0 0 1 5 5 5
-2719.4 6984.5 -50.1 268 0 14.3 14.8 12.5 2.5 2 1 5 0 0
-2736.0 6947.8 -47.4 107 0 15.0 12.3 12.5 2.5 2 0 5 3 3
-2745.2 6977.8 -48.2 179 0 16.9 11.6 12.5 2.5 2 0 5 0 0
-2588.2 7645.3 -39.1 178 0 27.1 13.1 10.0 2.5 2 0 4 3 3
-2581.0 7696.3 -35.6 268 0 13.1 22.6 15.0 0.0 0 1 6 1 1
-1616.7 5460.4 49.5 350 0 41.2 16.3 10.0 0.0 0 0 4 1 1
-2945.6 7056.8 -39.6 148 0 8.8 12.8 2.5 2.5 2 1 1 3 3
-2517.5 8427.1 -55.6 179 0 19.1 31.7 10.0 0.0 0 1 4 2 2
-2761.6 8984.6 -58.7 52 0 9.9 32.6 7.5 0.0 0 1 3 2 2
-2860.0 9009.4 -59.0 87 0 14.8 7.9 8.0 2.5 2 0 2 1 1
-2882.9 9021.3 -59.0 104 0 22.7 20.7 7.5 2.5 2 0 3 1 1
-2866.5 9073.1 -58.1 187 0 7.2 14.5 4.0 2.5 2 1 1 0 0
-2832.7 9064.6 -58.8 284 0 14.0 8.2 8.0 2.5 4 0 2 5 5
-2842.8 9015.6 -58.9 104 0 10.5 30.2 7.5 2.5 2 1 3 1 1
-2811.0 9064.4 -59.0 284 0 10.2 35.3 10.0 2.5 4 1 4 3 3
-2800.4 9042.2 -58.9 284 0 10.8 33.1 10.0 2.5 2 1 4 2 2
-2786.3 9041.1 -58.9 284 0 10.6 35.3 7.5 2.5 2 1 3 2 2
-6092.3 7127.5 -54.2 327 0 9.7 16.8 2.5 2.5 2 1 1 0 0
-1616.4 6135.0 -29.8 5 0 12.1 20.6 12.5 0.0 0 1 5 2 2
