5747.0 8733.1 81.2 319 0 6.7 12.4 7.5 2.5 2 1 3 3 3
5907.2 -5709.2 -88.2 62 0 7.0 5.7 7.5 2.5 2 0 3 1 1
5884.5 -5785.6 -87.7 61 0 7.6 9.1 5.0 2.5 2 1 2 3 3
2164.3 1630.0 -83.6 103 0 25.4 14.9 7.5 2.5 4 0 3 0 0
2235.5 1571.0 -87.5 252 0 18.4 21.5 12.5 0.0 0 1 5 5 5
1418.1 1367.3 -90.1 32 0 17.5 12.2 10.0 2.5 2 0 4 5 5
3367.1 3036.2 -86.5 59 0 11.9 15.9 10.0 2.5 2 1 4 2 2
3153.1 4974.8 -74.6 117 0 7.7 10.3 7.5 2.5 2 1 3 4 4
3216.0 5030.0 -81.7 24 0 14.4 11.7 5.0 2.5 2 0 2 1 1
3236.6 5070.7 -81.8 19 0 14.2 10.2 5.0 2.5 2 0 2 4 4
3208.4 5076.5 -79.4 278 0 5.1 11.1 7.5 0.0 0 1 3 0 0
3179.8 5028.3 -76.9 216 0 9.0 8.7 5.0 2.5 2 0 2 5 5
3220.2 5194.4 -70.5 9 0 45.3 16.8 10.0 2.5 2 0 4 2 2
804.6 6424.7 -69.4 309 0 10.6 16.8 5.0 2.5 2 1 2 5 5
1285.0 6596.6 -59.0 47 0 9.9 18.0 7.5 2.5 2 1 3 4 4
