6048.2 -1592.6 -27.2 81 0 12.8 89.3 12.5 0.0 0 1 5 1 1
6104.9 -1479.8 -26.3 261 0 39.2 22.2 7.5 0.0 0 0 3 4 4
6066.9 -1500.1 -26.7 261 0 24.1 71.2 12.5 2.5 2 1 5 3 3
-4135.5 9397.8 -17.0 337 0 18.4 32.7 10.0 2.5 4 1 4 2 2
-4464.1 8399.6 -23.6 155 0 6.7 7.6 7.5 0.0 0 1 3 2 2
4096.3 -8848.3 -31.4 292 0 30.7 42.7 10.0 0.0 0 1 4 3 3
3731.0 -8448.6 -31.9 202 0 27.4 22.6 7.5 0.0 0 0 3 3 3
3604.9 -8362.7 -32.0 112 0 51.6 63.5 12.5 0.0 0 1 5 4 4
3545.2 -8629.8 -18.9 292 0 31.9 41.6 10.0 0.0 0 1 4 0 0
3683.1 -8373.4 -32.2 113 0 97.3 12.8 7.5 2.5 2 0 3 4 4
3778.8 -8361.6 -32.1 293 0 38.9 22.6 10.0 0.0 0 0 4 1 1
3732.4 -8603.3 -28.4 293 0 40.9 23.5 15.0 0.0 0 0 6 3 3
3480.2 -8336.3 -26.7 25 0 29.6 59.3 10.0 0.0 0 1 4 1 1
-862.0 -1605.4 -23.9 193 0 50.5 279.0 15.0 0.0 0 1 6 1 1
-706.1 -1549.8 -23.5 283 0 260.6 57.8 5.0 0.0 0 0 2 0 0
6565.5 -3374.0 -26.8 9 0 16.0 15.8 10.0 2.5 2 0 4 4 4
-98.3 -1809.7 -23.6 121 0 11.5 14.4 5.0 2.5 2 0 2 5 5
1946.9 1403.0 -23.5 342 0 9.3 14.2 2.5 2.5 2 1 1 2 2
5248.4 -8697.5 -25.0 355 0 7.5 7.3 7.5 2.5 2 0 3 1 1
5210.3 -8525.7 -27.1 353 0 5.9 6.7 7.5 2.5 2 1 3 1 1
5213.9 -8551.7 -26.9 174 0 9.4 4.9 7.5 2.5 2 0 3 1 1
5224.4 -8645.5 -26.1 266 0 5.2 17.9 2.5 2.5 2 0 1 1 1
5238.0 -8656.7 -25.8 355 0 5.6 10.2 5.0 2.5 2 0 2 2 2
5248.9 -8650.3 -25.8 355 0 5.4 12.6 5.0 2.5 2 0 2 4 4
5253.1 -8692.3 -24.9 354 0 7.5 5.2 5.0 2.5 2 0 2 5 5
5251.1 -8730.3 -24.3 355 0 7.4 8.3 5.0 2.5 4 1 2 0 0
5255.9 -8719.6 -24.5 358 0 8.7 11.0 7.5 0.0 0 1 3 5 5
5186.9 -8783.7 -23.7 235 0 4.7 8.1 5.0 2.5 4 1 2 1 1
5200.6 -8801.9 -23.4 88 0 6.2 5.4 7.5 2.5 2 0 3 3 3
5210.4 -8742.5 -24.9 70 0 8.3 10.6 5.0 2.5 4 1 2 2 2
5211.2 -8750.7 -24.7 355 0 10.7 8.5 5.0 0.0 0 0 2 5 5
5216.0 -8783.0 -23.8 2 0 5.8 8.0 5.0 2.5 2 1 2 0 0
5231.0 -8808.9 -23.0 351 0 10.0 9.5 5.0 2.5 2 0 2 3 3
5231.2 -8823.9 -22.6 351 0 7.2 6.9 5.0 2.5 2 0 2 5 5
5211.0 -8848.1 -22.3 359 0 9.9 8.6 5.0 2.5 2 0 2 3 3
5171.2 -8810.3 -23.2 189 0 9.8 7.0 2.5 2.5 2 0 1 3 3
5165.8 -8822.7 -22.8 194 0 5.5 9.5 7.5 2.5 4 1 3 1 1
5167.3 -8839.6 -22.4 93 0 7.6 5.3 2.5 2.5 4 0 1 4 4
5176.8 -8860.1 -22.1 186 0 18.6 6.0 7.5 2.5 2 0 3 1 1
5240.3 -8856.7 -21.7 174 0 6.4 10.5 7.5 0.0 0 1 3 5 5
5261.6 -8858.8 -21.5 83 0 9.9 8.9 2.5 2.5 2 0 1 3 3
5251.1 -8829.4 -22.1 263 0 17.2 4.6 7.5 2.5 2 0 3 0 0
5278.0 -8857.0 -21.2 82 0 9.4 8.9 5.0 0.0 0 0 2 1 1
5292.9 -8823.9 -21.7 266 0 15.3 5.8 5.0 2.5 2 0 2 0 0
5330.8 -8845.5 -21.0 356 0 9.5 9.9 7.5 2.5 2 1 3 1 1
5328.6 -8822.2 -21.2 265 0 9.1 7.8 7.5 2.5 2 0 3 4 4
5306.4 -8824.0 -21.5 266 0 8.6 4.4 2.5 2.5 2 0 1 4 4
5301.8 -8835.1 -21.3 266 0 6.8 7.0 2.5 2.5 2 0 1 1 1
5387.4 -8829.1 -20.7 86 0 18.4 11.2 2.5 2.5 2 0 1 1 1
5391.0 -8830.8 -20.3 356 0 3.9 8.4 7.5 2.5 2 0 3 5 5
5271.1 -8809.6 -22.3 174 0 5.1 13.4 5.0 2.5 2 1 2 4 4
5268.9 -8796.0 -22.7 175 0 10.2 11.3 5.0 2.5 2 1 2 0 0
5285.9 -8787.0 -22.7 179 0 9.9 11.3 5.0 2.5 2 1 2 4 4
5291.5 -8769.4 -22.9 177 0 9.7 4.5 5.0 2.5 4 0 2 1 1
5272.9 -8761.1 -23.4 178 0 9.9 9.3 2.5 2.5 2 0 1 0 0
5266.0 -8733.7 -23.9 177 0 7.4 13.7 7.5 2.5 2 1 3 1 1
5286.1 -8732.0 -23.6 177 0 7.7 7.7 5.0 2.5 2 1 2 2 2
5270.1 -8715.7 -24.2 177 0 9.4 7.4 5.0 2.5 2 0 2 1 1
5264.0 -8707.1 -24.4 177 0 8.4 10.9 7.5 2.5 2 0 3 4 4
5268.3 -8699.0 -24.5 177 0 7.3 9.5 2.5 2.5 2 0 1 3 3
5265.3 -8660.4 -25.0 177 0 9.0 7.6 2.5 2.5 2 0 1 4 4
5263.8 -8643.1 -25.3 176 0 9.2 8.0 5.0 2.5 2 0 2 4 4
5261.7 -8627.7 -25.6 176 0 7.4 9.0 2.5 2.5 2 1 1 5 5
5284.2 -8659.3 -24.6 177 0 9.0 4.6 2.5 2.5 2 0 1 0 0
5283.1 -8650.2 -24.8 176 0 8.6 5.7 5.0 0.0 0 0 2 5 5
5259.3 -8607.7 -26.0 176 0 10.3 7.9 5.0 2.5 4 0 2 5 5
5256.4 -8573.8 -26.4 175 0 7.7 7.7 5.0 2.5 2 0 2 5 5
5253.5 -8547.6 -26.5 263 0 7.2 6.1 5.0 2.5 2 0 2 2 2
5264.4 -8547.2 -26.5 264 0 6.9 9.3 5.0 2.5 2 1 2 0 0
5287.3 -8535.6 -26.3 86 0 5.0 7.9 7.5 2.5 2 0 3 1 1
5304.5 -8531.2 -26.2 82 0 8.1 6.8 2.5 2.5 2 0 1 3 3
5313.8 -8490.6 -26.3 265 0 10.2 13.4 5.0 2.5 2 1 2 4 4
5365.4 -8512.8 -25.6 354 0 11.2 7.3 2.5 2.5 2 0 1 3 3
5367.8 -8492.7 -25.8 357 0 11.1 6.6 5.0 0.0 0 0 2 3 3
5380.5 -8476.2 -25.7 176 0 10.0 10.2 7.5 2.5 2 0 3 1 1
5460.8 -8479.7 -24.3 86 0 18.8 11.6 10.0 2.5 2 0 4 1 1
5476.5 -8495.8 -23.7 177 0 24.5 11.0 10.0 2.5 2 0 4 3 3
5509.3 -8417.2 -25.0 266 0 11.4 7.8 7.5 2.5 2 0 3 4 4
5531.5 -8498.2 -23.2 91 0 19.2 6.2 2.5 2.5 2 0 1 1 1
5553.2 -8475.2 -23.7 90 0 8.3 10.8 7.5 2.5 2 0 3 4 4
5582.8 -8499.3 -22.7 93 0 9.2 4.3 5.0 2.5 2 0 2 1 1
5590.8 -8506.8 -22.5 92 0 7.2 5.4 5.0 2.5 2 0 2 4 4
5588.5 -8522.0 -22.3 92 0 9.8 9.2 5.0 2.5 2 0 2 5 5
5631.4 -8505.9 -21.9 93 0 7.5 8.5 5.0 2.5 2 1 2 4 4
5613.3 -8523.7 -21.7 95 0 7.1 8.1 7.5 2.5 2 1 3 2 2
5621.3 -8525.0 -21.5 95 0 8.8 8.3 5.0 2.5 2 0 2 1 1
5637.5 -8531.3 -21.3 94 0 10.0 13.4 10.0 2.5 2 1 4 5 5
5673.5 -8476.1 -22.1 1 0 12.3 10.7 5.0 2.5 2 0 2 5 5
5676.2 -8526.0 -20.7 5 0 8.6 9.5 7.5 2.5 4 1 3 2 2
5685.2 -8529.8 -20.3 183 0 10.2 7.4 5.0 2.5 2 0 2 3 3
5701.9 -8526.2 -20.3 179 0 18.4 4.6 5.0 2.5 2 0 2 4 4
5700.7 -8509.6 -20.7 177 0 14.5 5.1 5.0 2.5 2 0 2 4 4
5696.4 -8548.3 -19.8 178 0 16.9 11.1 2.5 2.5 4 0 1 0 0
5705.1 -8620.4 -17.6 179 0 9.7 3.7 7.5 2.5 2 0 3 1 1
5237.3 -8901.0 -19.8 259 0 11.8 11.0 10.0 2.5 4 0 4 3 3
5309.0 -8906.7 -18.8 78 0 6.4 10.3 5.0 2.5 2 1 2 3 3
5328.1 -8957.9 -15.9 167 0 6.3 4.9 7.5 2.5 4 0 3 1 1
5298.2 -8951.7 -16.4 260 0 8.0 7.5 5.0 2.5 2 0 2 0 0
5294.1 -8931.8 -17.3 259 0 10.1 7.1 7.5 2.5 2 0 3 0 0
5408.5 -8981.1 -13.0 271 0 14.3 12.2 5.0 2.5 4 0 2 1 1
5380.1 -8894.8 -18.2 179 0 11.4 30.4 7.5 2.5 2 1 3 4 4
5534.2 -8884.9 -14.8 181 0 14.5 12.8 5.0 2.5 2 0 2 4 4
5848.0 -9209.5 4.5 87 0 5.4 8.0 7.5 0.0 0 1 3 5 5
5849.8 -9161.5 2.5 264 0 15.3 35.4 7.5 2.5 2 1 3 3 3
5884.0 -9199.8 4.0 180 0 16.9 64.3 15.0 2.5 2 1 6 1 1
5970.6 -9225.7 5.4 76 0 20.7 6.1 5.0 2.5 2 0 2 4 4
5908.5 -8965.3 -4.4 276 0 4.8 6.4 5.0 2.5 2 1 2 0 0
5904.8 -8894.4 -6.5 359 0 8.9 15.1 2.5 2.5 4 1 1 1 1
5968.7 -8808.8 -9.1 179 0 9.5 16.1 7.5 2.5 2 0 3 3 3
6011.6 -8819.5 -8.5 88 0 7.1 10.8 5.0 2.5 2 1 2 4 4
5971.6 -8794.1 -9.8 178 0 6.7 9.7 5.0 0.0 0 1 2 4 4
5990.8 -8756.2 -11.3 268 0 10.6 21.0 7.5 2.5 4 1 3 0 0
5989.2 -8678.0 -14.5 267 0 11.3 5.6 7.5 2.5 2 0 3 4 4
5615.9 -8427.0 -24.0 270 0 19.9 9.0 5.0 2.5 2 0 2 4 4
5662.6 -8405.8 -23.7 271 0 11.4 10.4 2.5 2.5 2 0 1 0 0
5769.8 -8467.7 -20.7 269 0 6.6 14.0 5.0 2.5 2 1 2 0 0
5749.9 -8471.7 -20.7 269 0 5.1 7.2 5.0 2.5 2 1 2 3 3
5800.2 -8473.8 -20.8 358 0 6.1 6.1 5.0 2.5 2 1 2 5 5
5794.0 -8484.2 -20.5 358 0 8.1 7.5 7.5 2.5 2 0 3 1 1
5833.7 -8470.8 -21.1 265 0 7.8 9.6 7.5 2.5 2 1 3 4 4
5857.2 -8467.3 -21.4 269 0 8.7 8.2 7.5 2.5 4 0 3 4 4
5875.6 -8472.8 -21.4 181 0 5.6 10.0 5.0 2.5 2 1 2 0 0
5915.5 -8541.6 -19.8 357 0 11.9 4.8 2.5 2.5 2 0 1 5 5
5880.4 -8601.9 -17.8 176 0 11.2 7.9 7.5 2.5 4 0 3 5 5
5908.1 -8603.3 -17.8 359 0 4.9 7.5 7.5 2.5 2 1 3 3 3
5941.4 -8599.9 -18.2 355 0 8.7 5.3 5.0 2.5 4 0 2 4 4
5942.7 -8592.8 -18.4 356 0 4.9 7.7 5.0 0.0 0 1 2 3 3
5884.1 -8681.0 -15.4 178 0 10.2 5.9 5.0 0.0 0 0 2 2 2
5891.1 -8748.3 -11.7 174 0 9.7 9.4 7.5 0.0 0 0 3 0 0
5917.0 -8762.3 -11.0 355 0 9.5 4.8 5.0 2.5 2 0 2 5 5
5915.4 -8738.4 -11.9 358 0 6.3 8.8 7.5 2.5 2 1 3 4 4
5895.6 -8778.7 -10.2 175 0 7.0 8.2 5.0 2.5 2 1 2 3 3
5917.5 -8799.9 -9.7 88 0 4.7 9.5 7.5 2.5 2 1 3 1 1
5898.6 -8800.5 -9.6 121 0 7.4 11.3 2.5 2.5 2 1 1 3 3
5903.6 -8818.5 -8.4 270 0 10.1 7.9 5.0 2.5 2 0 2 3 3
5903.0 -8804.7 -9.0 268 0 8.7 6.8 5.0 2.5 2 0 2 2 2
5889.0 -8818.2 -8.4 268 0 9.1 8.9 5.0 2.5 2 0 2 4 4
5883.6 -8808.2 -8.9 179 0 5.1 9.5 2.5 2.5 2 0 1 5 5
5876.2 -8807.9 -8.9 179 0 7.1 7.4 2.5 2.5 2 0 1 5 5
5866.9 -8807.5 -9.0 183 0 4.6 9.1 2.5 2.5 2 0 1 4 4
5817.5 -8809.2 -9.6 179 0 5.6 9.7 5.0 2.5 2 0 2 0 0
5812.0 -8816.5 -9.4 179 0 6.0 5.7 7.5 2.5 2 0 3 3 3
5801.3 -8809.5 -10.0 179 0 4.5 8.1 2.5 2.5 2 1 1 1 1
5778.6 -8821.3 -9.9 270 0 4.2 9.4 5.0 2.5 4 1 2 2 2
5777.8 -8793.7 -11.8 89 0 3.9 12.5 7.5 2.5 2 1 3 3 3
5763.1 -8815.8 -11.0 89 0 8.7 9.6 7.5 2.5 2 1 3 1 1
5742.6 -8802.1 -11.9 360 0 7.2 12.6 5.0 2.5 2 0 2 0 0
5715.2 -8813.9 -11.9 269 0 4.3 9.3 2.5 2.5 2 1 1 2 2
5715.3 -8832.1 -11.8 90 0 4.3 8.7 2.5 2.5 2 1 1 4 4
5704.2 -8828.7 -12.5 2 0 13.3 18.2 7.5 0.0 0 0 3 4 4
5685.9 -8812.0 -12.7 185 0 5.9 9.3 7.5 0.0 0 1 3 3 3
5657.3 -8807.4 -13.6 273 0 8.0 5.4 2.5 2.5 2 0 1 2 2
5649.2 -8821.0 -13.4 271 0 7.1 7.6 2.5 2.5 2 1 1 1 1
5648.5 -8808.1 -13.8 272 0 9.2 4.9 5.0 2.5 2 0 2 0 0
5639.8 -8807.0 -14.0 272 0 7.8 5.8 7.5 2.5 2 0 3 5 5
5628.0 -8815.5 -14.2 91 0 6.2 8.7 7.5 2.5 2 0 3 5 5
5618.1 -8806.5 -14.6 271 0 17.0 4.6 5.0 2.5 2 0 2 0 0
5593.5 -8805.1 -15.2 271 0 16.9 4.4 5.0 2.5 2 0 2 4 4
5605.0 -8818.5 -14.5 272 0 6.4 8.7 7.5 0.0 0 1 3 4 4
5580.7 -8815.2 -15.1 273 0 10.3 11.7 5.0 2.5 2 1 2 0 0
5564.2 -8804.0 -15.7 273 0 8.7 4.0 7.5 2.5 2 0 3 4 4
5529.9 -8816.7 -16.7 267 0 9.8 9.8 2.5 2.5 2 1 1 0 0
5507.8 -8819.8 -17.3 177 0 8.5 10.1 7.5 2.5 2 1 3 3 3
5495.7 -8819.4 -17.8 266 0 9.3 8.0 5.0 2.5 2 0 2 5 5
5478.6 -8822.2 -18.5 264 0 8.8 6.6 5.0 2.5 2 0 2 1 1
5463.7 -8822.9 -19.0 262 0 4.5 9.2 5.0 2.5 2 1 2 5 5
5445.2 -8679.8 -21.2 267 0 27.1 25.5 10.0 0.0 0 0 4 2 2
5458.9 -8664.6 -21.2 358 0 6.4 10.8 2.5 2.5 2 1 1 3 3
5311.4 -8793.0 -22.2 356 0 4.9 6.8 2.5 2.5 2 0 1 2 2
5321.1 -8764.0 -22.7 355 0 3.8 10.2 7.5 2.5 2 0 3 0 0
5305.8 -8756.0 -23.1 358 0 9.7 8.5 7.5 2.5 2 0 3 1 1
5318.9 -8754.4 -22.9 358 0 9.9 7.0 2.5 2.5 2 0 1 3 3
5304.2 -8782.8 -22.6 359 0 8.4 4.6 5.0 2.5 2 0 2 5 5
5323.3 -8725.7 -23.3 357 0 5.7 8.4 5.0 2.5 4 1 2 4 4
5298.5 -8697.7 -24.2 358 0 19.4 4.8 5.0 2.5 2 0 2 2 2
5315.5 -8682.0 -23.8 356 0 9.8 10.2 7.5 2.5 2 1 3 2 2
5313.5 -8663.4 -24.1 357 0 9.6 7.6 2.5 2.5 2 0 1 4 4
5303.4 -8666.6 -24.2 355 0 5.1 7.2 7.5 2.5 2 0 3 3 3
5296.0 -8647.4 -24.7 356 0 9.6 6.0 2.5 2.5 2 0 1 4 4
5297.2 -8636.3 -24.9 356 0 11.9 8.0 2.5 2.5 2 0 1 2 2
5308.2 -8618.2 -25.1 356 0 11.9 12.4 2.5 2.5 2 0 1 4 4
5310.3 -8605.8 -25.2 356 0 8.6 9.2 5.0 2.5 2 0 2 2 2
5289.7 -8602.2 -25.6 356 0 9.3 4.2 2.5 2.5 2 0 1 5 5
5283.1 -8555.2 -26.3 266 0 4.8 7.2 5.0 2.5 2 0 2 3 3
5323.6 -8552.5 -25.6 175 0 9.4 7.5 7.5 2.5 2 0 3 1 1
5335.7 -8566.4 -25.2 176 0 13.4 4.1 5.0 2.5 4 0 2 3 3
5345.8 -8610.9 -24.2 174 0 8.2 5.9 2.5 2.5 2 0 1 4 4
5329.3 -8613.5 -24.5 176 0 9.2 7.8 5.0 2.5 2 0 2 4 4
5340.9 -8632.6 -24.0 174 0 16.3 13.0 7.5 2.5 2 0 3 3 3
5334.3 -8665.3 -23.5 178 0 9.6 7.9 7.5 2.5 2 0 3 1 1
5387.6 -8730.8 -21.5 357 0 9.8 9.0 7.5 2.5 2 0 3 2 2
5357.0 -8724.7 -22.0 177 0 8.3 4.2 5.0 2.5 2 0 2 4 4
5359.4 -8770.3 -21.9 178 0 9.1 4.1 2.5 2.5 2 0 1 4 4
5339.6 -8762.0 -22.3 179 0 10.7 9.1 7.5 2.5 2 0 3 3 3
5341.1 -8780.0 -22.0 179 0 9.5 8.4 2.5 2.5 2 0 1 2 2
5341.5 -8798.8 -21.6 175 0 10.7 11.6 2.5 0.0 0 1 1 2 2
5392.4 -8794.9 -21.2 357 0 12.0 13.0 7.5 2.5 2 0 3 4 4
5372.2 -8809.3 -21.1 87 0 7.6 9.3 7.5 2.5 2 0 3 2 2
5379.0 -8740.2 -21.9 358 0 8.3 14.0 7.5 2.5 2 0 3 5 5
5392.2 -8744.2 -21.2 356 0 17.6 7.9 5.0 2.5 2 0 2 3 3
5363.9 -8691.7 -22.4 266 0 4.1 9.5 5.0 2.5 2 0 2 5 5
5362.8 -8656.4 -23.4 86 0 7.9 19.2 7.5 2.5 2 0 3 1 1
5362.8 -8664.4 -23.1 86 0 6.5 8.0 7.5 2.5 2 0 3 5 5
5363.4 -8673.2 -22.9 86 0 6.6 8.8 7.5 2.5 2 0 3 0 0
5360.7 -8624.6 -23.8 354 0 9.8 4.7 5.0 2.5 2 0 2 5 5
5378.4 -8576.2 -24.4 355 0 9.7 16.9 7.5 2.5 2 0 3 1 1
5357.2 -8578.0 -24.6 354 0 8.9 6.3 5.0 2.5 2 0 2 3 3
5356.4 -8570.7 -24.7 354 0 5.8 6.3 2.5 2.5 2 0 1 5 5
5371.1 -8561.1 -24.7 354 0 10.5 7.6 5.0 2.5 2 0 2 1 1
5350.9 -8553.4 -25.0 264 0 5.1 8.3 5.0 2.5 2 0 2 0 0
5349.9 -8543.7 -25.2 265 0 5.0 9.7 7.5 2.5 2 0 3 1 1
5414.8 -8597.5 -23.2 175 0 17.7 7.2 7.5 2.5 2 0 3 4 4
5426.4 -8577.2 -23.2 355 0 9.6 4.1 7.5 2.5 2 0 3 3 3
5414.6 -8546.9 -23.8 265 0 5.4 17.7 7.5 2.5 4 1 3 2 2
5421.0 -8537.2 -23.9 266 0 4.1 9.3 5.0 0.0 0 1 2 4 4
5389.0 -8588.6 -23.7 174 0 8.3 15.6 5.0 2.5 2 1 2 4 4
5390.8 -8533.3 -24.5 265 0 4.9 7.2 5.0 2.5 2 0 2 5 5
5390.8 -8606.9 -23.3 175 0 9.5 13.2 7.5 2.5 2 0 3 5 5
5397.5 -8623.2 -22.9 174 0 9.7 8.0 5.0 2.5 2 0 2 5 5
5415.2 -8627.6 -22.5 177 0 13.3 8.8 7.5 2.5 2 0 3 0 0
5432.4 -8630.5 -22.2 357 0 6.4 5.6 7.5 2.5 2 0 3 1 1
5429.3 -8603.3 -22.7 356 0 9.6 4.6 5.0 2.5 2 0 2 3 3
5401.6 -8658.1 -22.3 175 0 10.1 7.7 5.0 2.5 2 0 2 5 5
5422.4 -8669.9 -21.8 85 0 10.7 9.3 5.0 2.5 2 0 2 0 0
5424.1 -8651.0 -22.0 86 0 4.3 9.0 7.5 2.5 2 0 3 0 0
5407.2 -8751.8 -20.6 177 0 12.8 10.9 2.5 2.5 2 0 1 1 1
5422.1 -8741.9 -20.4 177 0 6.4 11.2 7.5 2.5 2 0 3 3 3
5427.5 -8734.4 -20.4 176 0 8.0 5.4 7.5 2.5 2 0 3 4 4
5425.9 -8749.3 -20.2 178 0 9.1 7.7 7.5 2.5 2 0 3 3 3
5443.7 -8734.2 -20.3 358 0 11.4 8.1 7.5 2.5 4 0 3 0 0
5441.6 -8760.8 -19.8 358 0 9.6 4.6 5.0 2.5 2 0 2 0 0
5411.1 -8776.3 -20.5 178 0 9.5 8.1 2.5 2.5 2 0 1 2 2
5423.1 -8756.7 -20.1 178 0 5.5 6.3 7.5 2.5 2 0 3 1 1
5432.0 -8778.3 -19.8 90 0 5.7 7.2 7.5 2.5 2 0 3 2 2
5460.7 -8794.9 -18.8 87 0 4.5 7.9 2.5 2.5 2 1 1 0 0
5463.3 -8751.4 -19.6 359 0 7.5 11.3 7.5 2.5 2 0 3 4 4
5463.2 -8744.1 -19.8 359 0 7.0 12.4 2.5 2.5 2 0 1 0 0
5451.1 -8602.7 -22.4 357 0 9.4 8.4 5.0 2.5 2 0 2 5 5
5454.8 -8576.8 -22.7 357 0 6.2 8.4 5.0 2.5 2 1 2 3 3
5450.7 -8585.6 -22.7 359 0 9.9 12.1 5.0 0.0 0 1 2 3 3
5448.5 -8567.6 -23.0 357 0 9.6 7.5 2.5 2.5 2 0 1 4 4
5491.1 -8555.7 -22.5 3 0 12.5 16.3 10.0 2.5 2 1 4 5 5
5494.7 -8554.5 -22.3 96 0 6.4 12.4 7.5 2.5 2 1 3 4 4
5498.7 -8527.2 -22.6 277 0 9.0 12.9 2.5 2.5 2 1 1 2 2
5508.4 -8557.3 -21.9 183 0 6.0 9.1 5.0 2.5 4 1 2 5 5
5524.6 -8558.4 -21.7 182 0 5.9 13.8 7.5 0.0 0 1 3 4 4
5517.7 -8558.3 -21.7 183 0 4.9 6.8 2.5 2.5 2 1 1 0 0
5514.9 -8534.2 -22.3 273 0 9.6 7.7 7.5 2.5 2 0 3 1 1
5529.1 -8530.7 -22.3 273 0 4.8 8.6 5.0 2.5 4 1 2 5 5
5556.4 -8559.6 -21.4 181 0 5.6 5.9 2.5 2.5 2 1 1 3 3
5605.8 -8503.8 -22.4 92 0 9.8 7.8 5.0 2.5 2 0 2 3 3
5601.4 -8542.3 -21.4 274 0 7.1 12.2 5.0 2.5 2 1 2 0 0
5609.6 -8542.9 -21.2 274 0 8.8 8.5 2.5 2.5 2 0 1 1 1
5618.1 -8539.1 -21.1 273 0 6.7 5.8 7.5 2.5 4 0 3 5 5
5635.5 -8565.2 -20.5 5 0 5.9 16.0 7.5 2.5 4 1 3 4 4
5635.9 -8565.1 -20.0 184 0 6.2 6.5 5.0 2.5 2 1 2 2 2
5641.9 -8546.0 -20.4 275 0 9.6 8.2 7.5 2.5 2 0 3 1 1
5655.4 -8569.9 -19.9 95 0 7.5 12.1 5.0 2.5 2 1 2 0 0
5664.0 -8570.0 -19.7 96 0 9.1 8.9 5.0 2.5 2 0 2 4 4
5666.7 -8573.9 -19.3 274 0 8.6 5.1 7.5 0.0 0 0 3 4 4
5661.1 -8595.4 -19.1 95 0 9.0 7.7 5.0 2.5 2 0 2 4 4
5648.7 -8594.6 -19.2 96 0 6.8 10.9 2.5 2.5 2 1 1 5 5
5634.1 -8598.5 -19.6 92 0 10.2 12.8 5.0 2.5 2 1 2 1 1
5618.4 -8592.4 -20.0 94 0 9.4 10.8 5.0 2.5 2 0 2 4 4
5539.2 -8591.3 -21.1 92 0 10.3 12.3 5.0 2.5 2 0 2 1 1
5506.4 -8587.8 -21.3 90 0 10.2 8.0 2.5 2.5 2 0 1 5 5
5501.2 -8564.6 -21.8 4 0 5.2 5.9 7.5 2.5 2 0 3 0 0
5476.0 -8560.8 -22.2 271 0 9.4 7.6 5.0 2.5 2 0 2 2 2
5489.6 -8601.1 -21.3 271 0 16.7 16.7 10.0 2.5 2 0 4 1 1
5488.9 -8631.6 -21.1 90 0 15.4 12.8 7.5 0.0 0 0 3 5 5
5479.8 -8629.4 -21.4 2 0 5.3 12.5 2.5 2.5 4 1 1 0 0
5502.4 -8606.5 -20.7 270 0 9.0 7.6 5.0 2.5 2 0 2 1 1
5543.4 -8630.8 -20.0 90 0 8.8 5.1 7.5 2.5 2 0 3 0 0
5551.2 -8607.4 -20.3 270 0 7.3 10.6 7.5 2.5 2 1 3 2 2
5558.4 -8629.7 -19.8 181 0 6.0 10.4 2.5 2.5 2 1 1 3 3
5580.3 -8622.4 -20.0 91 0 6.4 7.5 5.0 2.5 2 1 2 2 2
5581.7 -8603.9 -20.2 271 0 8.4 10.7 2.5 2.5 2 1 1 5 5
5658.9 -8636.5 -18.0 94 0 7.1 8.2 5.0 2.5 2 1 2 3 3
5663.0 -8614.2 -18.3 272 0 10.3 8.7 5.0 0.0 0 0 2 3 3
5661.3 -8639.3 -17.6 269 0 6.1 10.6 7.5 2.5 2 1 3 4 4
5516.2 -8633.8 -20.0 270 0 5.9 9.4 7.5 2.5 2 0 3 1 1
5497.8 -8662.4 -20.1 90 0 10.2 7.6 5.0 2.5 2 0 2 4 4
5490.1 -8634.8 -20.6 269 0 3.9 9.2 7.5 2.5 2 1 3 0 0
5475.6 -8635.2 -21.1 268 0 9.6 11.1 5.0 2.5 2 0 2 5 5
5466.3 -8641.1 -21.2 178 0 11.1 4.7 5.0 2.5 2 0 2 5 5
5483.5 -8727.4 -19.6 91 0 9.8 7.7 7.5 2.5 2 0 3 0 0
5493.2 -8727.6 -19.4 91 0 9.6 7.7 5.0 2.5 2 0 2 0 0
5521.9 -8702.5 -18.4 180 0 4.6 9.9 5.0 2.5 2 1 2 4 4
5488.1 -8709.6 -19.8 360 0 4.6 9.0 7.5 2.5 2 0 3 2 2
5480.6 -8704.8 -20.0 89 0 11.0 7.3 7.5 0.0 0 0 3 5 5
5504.2 -8709.9 -19.2 0 0 5.4 5.9 5.0 2.5 2 1 2 4 4
5506.7 -8730.4 -18.8 90 0 5.6 11.6 7.5 0.0 0 1 3 4 4
5509.7 -8682.8 -19.3 270 0 9.8 12.2 2.5 2.5 2 1 1 2 2
5528.6 -8709.6 -18.7 360 0 5.3 18.0 2.5 2.5 2 1 1 2 2
5509.8 -8704.7 -19.1 90 0 9.2 7.2 5.0 0.0 0 0 2 2 2
5550.8 -8710.9 -18.0 0 0 6.8 8.8 2.5 2.5 2 0 1 1 1
5578.2 -8708.1 -17.8 270 0 14.9 14.9 7.5 2.5 2 1 3 4 4
5590.7 -8728.7 -17.2 91 0 9.7 8.6 2.5 0.0 0 0 1 1 1
5607.1 -8682.6 -17.7 270 0 4.6 7.1 5.0 2.5 2 1 2 3 3
5612.5 -8728.6 -16.8 90 0 9.4 8.1 2.5 2.5 2 0 1 3 3
5630.5 -8710.3 -16.5 181 0 6.9 10.8 2.5 2.5 2 0 1 4 4
5646.1 -8734.2 -15.9 90 0 6.3 12.7 5.0 2.5 2 1 2 0 0
5644.5 -8698.6 -17.0 90 0 9.7 15.4 7.5 2.5 2 0 3 2 2
5651.9 -8708.4 -16.2 270 0 13.1 11.8 7.5 2.5 2 0 3 1 1
5670.5 -8726.3 -15.6 360 0 12.3 12.0 5.0 2.5 2 0 2 3 3
5673.2 -8690.2 -16.8 0 0 6.8 23.9 5.0 0.0 0 0 2 4 4
5487.2 -8774.7 -18.7 357 0 7.9 11.0 7.5 2.5 2 1 3 0 0
5501.8 -8746.6 -18.7 268 0 10.7 8.1 7.5 2.5 2 0 3 4 4
5502.9 -8770.3 -18.3 267 0 10.5 11.1 2.5 2.5 2 0 1 0 0
5494.8 -8770.8 -18.4 266 0 5.7 12.2 5.0 2.5 2 0 2 4 4
5496.6 -8797.5 -18.2 86 0 5.8 14.4 5.0 2.5 2 0 2 2 2
5512.8 -8766.9 -18.2 88 0 10.4 11.5 7.5 2.5 2 0 3 2 2
5533.0 -8771.1 -17.7 357 0 4.6 17.4 2.5 2.5 2 1 1 0 0
5519.4 -8741.9 -18.0 268 0 6.3 14.9 7.5 2.5 2 0 3 4 4
5533.2 -8771.6 -17.0 177 0 5.8 9.0 5.0 2.5 2 1 2 2 2
5543.2 -8763.7 -17.1 358 0 4.2 8.9 7.5 2.5 2 0 3 4 4
5558.0 -8746.1 -17.0 271 0 8.7 8.5 7.5 2.5 2 0 3 4 4
5557.4 -8740.5 -17.2 269 0 8.6 4.2 7.5 2.5 4 0 3 2 2
5562.7 -8763.9 -16.6 180 0 4.3 9.7 7.5 2.5 2 0 3 5 5
5561.1 -8773.9 -16.4 272 0 5.5 7.3 5.0 2.5 2 0 2 3 3
5558.4 -8771.2 -16.5 182 0 5.3 8.2 2.5 2.5 2 0 1 3 3
5574.8 -8771.4 -16.4 2 0 5.2 7.1 7.5 2.5 2 1 3 4 4
5615.2 -8773.0 -15.5 2 0 6.8 7.1 5.0 2.5 2 0 2 3 3
5601.6 -8765.1 -15.8 182 0 5.3 10.3 2.5 2.5 2 0 1 1 1
5611.8 -8765.5 -15.6 181 0 5.3 7.9 2.5 2.5 2 0 1 2 2
5625.8 -8766.3 -15.4 5 0 5.3 5.7 2.5 2.5 2 1 1 3 3
5643.7 -8794.0 -14.5 92 0 9.5 8.3 2.5 2.5 2 0 1 5 5
5653.1 -8741.3 -15.3 270 0 9.4 28.7 7.5 2.5 2 0 3 3 3
5659.5 -8775.1 -14.6 1 0 4.8 12.1 7.5 2.5 2 1 3 4 4
5672.5 -8768.5 -14.5 2 0 5.1 14.7 5.0 2.5 2 1 2 0 0
5660.6 -8747.1 -14.9 271 0 5.6 12.5 7.5 2.5 2 0 3 3 3
5690.8 -8807.4 -12.9 91 0 6.1 7.3 5.0 2.5 2 0 2 0 0
5707.5 -8781.3 -13.2 90 0 5.0 6.8 7.5 2.5 2 0 3 2 2
5683.8 -8745.8 -14.6 180 0 10.9 11.2 5.0 2.5 2 1 2 0 0
5709.2 -8741.7 -14.2 271 0 5.1 14.9 5.0 2.5 2 0 2 3 3
5708.9 -8736.8 -14.4 360 0 9.9 4.3 5.0 2.5 2 0 2 5 5
5734.6 -8732.7 -13.9 0 0 6.7 8.3 5.0 2.5 2 1 2 1 1
5708.0 -8719.2 -15.1 90 0 7.9 9.8 7.5 2.5 2 1 3 5 5
5714.5 -8714.3 -14.6 226 0 10.8 16.2 7.5 2.5 2 1 3 5 5
5718.0 -8684.7 -15.5 179 0 10.0 8.8 2.5 2.5 2 0 1 1 1
5763.9 -8768.4 -12.2 179 0 4.8 14.5 5.0 2.5 2 1 2 2 2
5761.7 -8764.5 -12.4 89 0 10.4 9.6 2.5 2.5 2 0 1 3 3
5776.5 -8763.3 -12.5 89 0 4.4 9.0 5.0 2.5 2 0 2 2 2
5775.5 -8754.3 -13.0 89 0 6.0 14.7 7.5 2.5 2 0 3 4 4
5757.3 -8745.1 -12.8 178 0 9.8 8.2 2.5 2.5 2 0 1 4 4
5771.2 -8726.4 -13.4 179 0 4.9 6.6 7.5 2.5 2 0 3 0 0
5755.3 -8727.9 -13.3 178 0 5.2 9.0 2.5 2.5 2 1 1 5 5
5770.8 -8717.2 -13.8 179 0 14.2 7.0 5.0 0.0 0 0 2 2 2
5772.0 -8705.8 -14.0 179 0 8.4 5.6 5.0 2.5 2 0 2 1 1
5714.5 -8659.3 -16.4 90 0 4.9 9.1 5.0 2.5 2 0 2 2 2
5719.5 -8636.9 -17.0 0 0 6.9 7.5 7.5 2.5 2 0 3 0 0
5716.4 -8616.3 -17.6 359 0 18.2 4.3 7.5 2.5 2 0 3 3 3
5734.4 -8637.4 -16.5 358 0 9.7 7.9 7.5 2.5 2 0 3 5 5
5733.9 -8603.4 -17.4 359 0 9.8 7.8 5.0 2.5 2 0 2 5 5
5716.4 -8602.7 -17.8 358 0 7.6 4.7 2.5 2.5 4 0 1 2 2
5715.2 -8589.0 -18.6 358 0 12.9 4.0 7.5 2.5 2 0 3 0 0
5725.7 -8584.1 -18.2 359 0 4.8 10.7 7.5 2.5 2 0 3 4 4
5724.8 -8562.8 -18.8 358 0 6.1 9.0 5.0 2.5 2 0 2 1 1
5722.8 -8550.9 -19.1 358 0 5.2 6.6 7.5 2.5 2 0 3 3 3
5784.1 -8772.9 -12.0 268 0 4.4 9.1 5.0 2.5 2 0 2 2 2
5784.1 -8772.9 -12.3 88 0 4.4 8.8 5.0 2.5 2 0 2 2 2
5808.8 -8770.1 -12.5 359 0 6.1 10.7 5.0 2.5 2 1 2 1 1
5784.9 -8804.6 -11.3 89 0 4.0 9.1 2.5 2.5 2 1 1 4 4
5783.8 -8764.1 -12.5 89 0 4.5 7.3 5.0 2.5 2 0 2 2 2
5787.2 -8719.5 -13.7 358 0 8.8 6.8 7.5 0.0 0 0 3 1 1
5802.9 -8718.6 -13.9 357 0 9.1 9.1 5.0 2.5 2 1 2 5 5
5802.3 -8702.4 -14.3 358 0 8.4 7.6 5.0 2.5 2 0 2 5 5
5782.3 -8691.3 -14.4 268 0 6.0 9.7 2.5 2.5 2 0 1 1 1
5784.2 -8683.2 -14.6 268 0 8.8 8.0 7.5 2.5 2 0 3 3 3
5752.3 -8557.1 -18.4 180 0 9.9 7.3 7.5 2.5 2 0 3 5 5
5763.9 -8544.8 -18.6 179 0 8.4 3.9 5.0 2.5 2 0 2 1 1
5770.8 -8603.9 -17.0 180 0 8.8 4.7 2.5 2.5 2 0 1 1 1
5771.7 -8595.3 -17.2 180 0 8.3 3.7 7.5 2.5 2 0 3 5 5
5774.0 -8649.2 -15.8 89 0 5.3 8.7 7.5 2.5 2 0 3 1 1
5774.1 -8660.7 -15.6 89 0 4.3 11.5 5.0 2.5 2 0 2 2 2
5782.2 -8665.8 -15.4 89 0 5.8 7.8 7.5 2.5 2 0 3 1 1
5782.1 -8658.0 -15.6 89 0 5.8 8.4 7.5 2.5 2 0 3 1 1
5782.5 -8612.2 -16.7 360 0 7.0 4.5 5.0 2.5 2 0 2 1 1
5782.5 -8604.4 -17.0 359 0 8.8 4.5 7.5 2.5 2 0 3 1 1
5782.1 -8579.6 -17.7 359 0 9.6 4.5 7.5 2.5 2 0 3 4 4
5792.1 -8558.7 -18.5 360 0 16.0 14.8 5.0 2.5 2 0 2 2 2
5784.2 -8544.2 -18.8 360 0 12.9 7.0 7.5 2.5 2 0 3 1 1
5799.3 -8536.0 -19.0 359 0 10.2 11.6 7.5 2.5 2 0 3 0 0
5794.9 -8517.0 -19.5 269 0 6.8 9.1 7.5 2.5 2 0 3 0 0
5788.6 -8517.1 -19.4 269 0 5.9 6.3 7.5 2.5 2 0 3 0 0
5817.8 -8515.8 -19.7 269 0 9.2 5.1 2.5 2.5 2 0 1 5 5
5824.0 -8542.8 -19.3 89 0 7.0 10.5 5.0 0.0 0 1 2 5 5
5871.0 -8589.9 -18.0 359 0 7.0 10.3 7.5 2.5 2 1 3 3 3
5818.4 -8578.5 -18.0 179 0 6.8 7.9 7.5 0.0 0 1 3 4 4
5835.0 -8583.4 -18.0 177 0 6.8 5.4 7.5 2.5 2 0 3 0 0
5836.6 -8589.2 -17.8 179 0 4.9 4.0 5.0 2.5 2 0 2 4 4
5815.9 -8607.0 -17.2 179 0 6.5 10.5 2.5 2.5 2 0 1 0 0
5814.1 -8642.1 -16.4 178 0 11.7 29.1 7.5 2.5 2 0 3 3 3
5828.5 -8666.5 -15.6 178 0 5.9 10.7 7.5 2.5 2 0 3 2 2
5822.0 -8708.4 -14.3 178 0 7.0 7.9 5.0 0.0 0 1 2 4 4
5840.0 -8722.6 -14.0 178 0 8.9 6.2 5.0 2.5 2 0 2 2 2
5822.0 -8698.1 -14.6 178 0 7.8 9.7 7.5 0.0 0 1 3 3 3
5839.7 -8697.0 -14.8 177 0 8.8 5.4 7.5 2.5 2 0 3 4 4
5838.1 -8769.0 -11.8 88 0 21.0 4.0 7.5 2.5 2 0 3 2 2
5849.1 -8631.9 -16.7 359 0 9.0 4.1 5.0 2.5 2 0 2 3 3
5866.8 -8613.7 -17.3 1 0 6.9 8.0 5.0 2.5 2 1 2 1 1
5686.4 -8714.3 -15.4 180 0 10.0 8.1 2.5 2.5 2 0 1 4 4
5840.6 -8801.7 -9.7 359 0 4.7 9.4 2.5 2.5 2 0 1 2 2
5824.6 -8782.7 -10.9 268 0 6.5 8.1 2.5 2.5 2 1 1 3 3
5855.0 -8802.7 -9.6 89 0 6.9 5.6 7.5 2.5 2 0 3 1 1
5447.6 -8554.9 -23.2 357 0 8.9 7.9 7.5 2.5 2 0 3 4 4
5256.6 -8619.6 -25.8 177 0 5.5 5.9 7.5 2.5 2 1 3 1 1
5871.5 -8800.8 -9.4 358 0 3.8 9.2 7.5 2.5 2 0 3 0 0
5881.4 -8800.5 -9.3 359 0 3.8 9.9 5.0 2.5 2 0 2 4 4
5881.4 -8800.0 -9.3 179 0 4.8 7.0 5.0 2.5 2 0 2 3 3
5852.7 -8766.9 -11.5 88 0 5.1 8.9 5.0 2.5 2 1 2 3 3
5861.0 -8740.9 -13.1 358 0 16.8 11.5 2.5 0.0 0 0 1 4 4
5871.6 -8753.8 -11.7 358 0 9.8 8.5 7.5 2.5 2 0 3 0 0
5871.3 -8746.8 -11.9 358 0 4.3 7.2 7.5 2.5 2 0 3 4 4
5853.1 -8712.7 -14.4 357 0 10.1 4.5 5.0 0.0 0 0 2 2 2
5852.5 -8696.8 -14.8 358 0 9.3 4.7 7.5 2.5 2 0 3 3 3
5850.1 -8663.8 -15.8 357 0 8.7 3.8 7.5 2.5 2 0 3 5 5
5231.0 -8763.5 -23.9 176 0 9.4 7.9 5.0 2.5 2 0 2 1 1
5253.7 -8763.0 -23.7 355 0 7.2 8.2 7.5 2.5 2 1 3 3 3
5256.9 -8812.2 -22.5 357 0 6.6 7.8 2.5 2.5 2 1 1 0 0
5255.8 -8795.8 -23.0 355 0 7.3 8.1 7.5 2.5 2 1 3 5 5
5252.0 -8787.5 -23.2 356 0 5.6 8.1 7.5 2.5 2 1 3 4 4
6411.1 -9031.7 5.9 318 0 35.5 14.9 10.0 2.5 2 0 4 3 3
6446.1 -9073.8 8.3 312 0 6.5 6.0 2.5 2.5 2 0 1 2 2
5896.5 -7678.5 -26.7 14 0 17.9 17.9 10.0 2.5 2 0 4 5 5
5866.6 -7655.7 -27.0 99 0 10.7 5.4 7.5 2.5 4 0 3 0 0
5847.8 -7900.8 -25.9 71 0 10.5 6.1 7.5 2.5 2 0 3 0 0
5840.8 -7909.6 -26.0 71 0 8.4 9.2 7.5 2.5 2 0 3 5 5
6111.1 -8383.7 -20.9 1 0 4.5 6.8 5.0 2.5 2 1 2 1 1
6710.3 -7627.9 -21.5 12 0 11.8 23.4 10.0 2.5 2 0 4 3 3
6656.4 -7401.7 -22.8 301 0 7.9 11.2 2.5 2.5 2 1 1 4 4
6621.1 -7425.8 -23.2 113 0 6.7 32.4 7.5 2.5 2 1 3 0 0
6680.7 -7633.9 -21.3 192 0 12.2 14.1 5.0 2.5 2 0 2 2 2
6435.6 -6251.1 -29.2 100 0 20.2 12.8 7.5 2.5 2 0 3 2 2
6604.8 -6466.1 -21.2 100 0 5.3 11.6 5.0 0.0 0 1 2 4 4
6318.1 -7002.6 -28.2 110 0 24.1 10.5 5.0 2.5 2 0 2 2 2
6316.8 -6980.3 -28.0 202 0 7.1 5.2 5.0 2.5 4 0 2 1 1
6105.5 -5997.6 -30.8 186 0 6.3 23.5 2.5 2.5 2 1 1 4 4
5870.3 -7668.1 -26.9 283 0 20.2 10.9 5.0 2.5 2 0 2 2 2
6305.7 -8110.0 -21.4 75 0 5.5 8.2 2.5 2.5 2 1 1 1 1
6935.6 -7839.9 -17.9 288 0 7.6 7.6 7.5 2.5 2 1 3 2 2
6821.6 -9389.8 14.8 50 0 16.5 20.2 12.5 2.5 2 1 5 3 3
6822.3 -9404.0 15.1 301 0 14.8 27.3 10.0 2.5 2 1 4 4 4
359.5 -2020.9 -22.5 198 0 18.4 14.7 7.5 2.5 2 0 3 2 2
4006.1 -8597.3 -30.6 154 0 19.4 19.6 7.5 2.5 2 0 3 2 2
