861.1 9994.3 -24.8 66 0 18.3 15.6 12.5 2.5 2 0 5 1 1
-1227.4 10685.4 31.8 273 0 10.2 30.4 10.0 2.5 2 1 4 4 4
-1320.4 10640.6 30.1 232 0 16.1 10.6 5.0 0.0 0 0 2 4 4
1963.6 10385.7 -33.3 188 0 5.5 46.0 7.5 2.5 2 1 3 0 0
3825.1 11081.0 -51.4 272 0 42.9 14.7 12.5 2.5 2 0 5 4 4
3974.0 11104.9 -51.4 82 0 25.3 15.8 7.5 2.5 2 0 3 2 2
3996.6 11105.6 -51.6 263 0 16.0 28.1 10.0 2.5 2 1 4 3 3
3913.7 11080.6 -51.5 173 0 26.3 15.5 7.5 2.5 2 0 3 0 0
3938.8 11116.1 -51.4 261 0 26.1 15.7 7.5 2.5 2 0 3 0 0
4029.0 11095.3 -51.6 353 0 27.8 15.7 7.5 2.5 2 0 3 2 2
3656.5 11113.1 -51.0 269 0 22.6 23.0 10.0 2.5 2 1 4 2 2
3710.6 11110.6 -51.1 285 0 20.7 25.2 10.0 2.5 2 1 4 1 1
3581.6 11067.8 -51.0 102 0 11.5 8.7 5.0 2.5 2 0 2 0 0
4066.9 11066.2 -51.7 95 0 17.3 21.2 7.5 2.5 2 1 3 1 1
3099.3 10707.4 -36.7 182 0 15.7 16.8 12.5 2.5 2 1 5 4 4
865.8 9851.8 -46.5 177 0 13.9 19.0 10.0 2.5 2 1 4 0 0
