-5599.1 -2311.9 -42.8 171 0 24.8 13.8 10.0 2.5 2 0 4 3 3
-5497.8 -2369.0 -41.7 295 0 15.9 14.0 7.5 2.5 2 0 3 2 2
-5557.6 -2359.5 -46.0 244 0 10.2 18.9 2.5 2.5 2 1 1 1 1
-5537.7 -2402.3 -47.8 202 0 44.7 28.6 12.5 0.0 0 0 5 4 4
-5569.6 -2365.1 -46.6 243 0 13.8 18.9 12.5 2.5 2 1 5 0 0
-5525.0 -3195.5 -53.7 330 0 4.6 6.1 5.0 2.5 2 1 2 2 2
-5526.0 -3181.7 -53.7 27 0 15.4 9.9 7.5 2.5 2 0 3 3 3
-5493.8 -3083.0 -48.0 15 0 6.9 8.9 5.0 2.5 4 1 2 0 0
-5607.1 -2262.3 -37.2 171 0 12.8 8.7 7.5 2.5 2 0 3 2 2
-5505.4 -3080.9 -49.2 20 0 6.8 7.8 2.5 2.5 2 1 1 5 5
-5084.3 -3081.1 -37.5 44 0 5.5 5.3 7.5 2.5 4 0 3 5 5
-5603.1 -2283.6 -39.4 167 0 14.9 21.6 12.5 2.5 2 1 5 4 4
-5516.5 -3162.8 -53.1 29 0 10.2 12.6 5.0 2.5 2 1 2 3 3
-5082.3 -3089.4 -40.6 42 0 6.1 6.8 7.5 2.5 4 1 3 4 4
-5095.6 -3019.2 -36.0 223 0 5.8 5.8 2.5 2.5 2 0 1 5 5
-5090.5 -3033.8 -35.2 226 0 5.3 6.2 7.5 2.5 4 1 3 2 2
-5481.5 -3083.2 -46.5 17 0 12.3 7.0 7.5 2.5 2 0 3 0 0
-5092.4 -3025.7 -35.6 221 0 6.4 6.2 7.5 2.5 2 0 3 1 1
-5471.9 -3040.2 -44.3 9 0 16.0 11.4 10.0 0.0 0 0 4 3 3
-5094.1 -3053.5 -34.3 225 0 6.3 7.8 5.0 2.5 2 1 2 4 4
-5074.3 -2953.3 -33.0 284 0 15.4 8.3 2.5 2.5 2 0 1 0 0
-5085.6 -3069.6 -35.0 310 0 5.9 6.1 5.0 2.5 2 1 2 0 0
-5491.0 -3111.3 -48.1 23 0 11.3 15.5 10.0 2.5 2 1 4 1 1
-5086.9 -3061.9 -33.9 313 0 6.4 6.2 7.5 2.5 2 0 3 2 2
-5565.8 -2224.6 -33.1 90 0 19.1 10.8 7.5 2.5 2 0 3 1 1
-5474.1 -3057.8 -44.7 14 0 8.2 8.9 5.0 0.0 0 1 2 1 1
-5609.9 -2247.0 -35.5 190 0 6.9 8.3 5.0 2.5 2 1 2 2 2
-5506.0 -3139.3 -50.6 28 0 8.7 12.0 7.5 2.5 2 1 3 2 2
-5638.2 -2203.5 -32.5 164 0 10.8 18.2 5.0 2.5 2 1 2 2 2
-5519.2 -3075.8 -49.9 200 0 6.7 6.9 2.5 2.5 2 1 1 0 0
-5047.2 -3063.4 -42.2 191 0 10.8 24.5 12.5 2.5 2 1 5 0 0
-5511.2 -3151.7 -52.0 29 0 9.5 14.8 7.5 2.5 2 1 3 3 3
-5070.3 -3058.9 -33.6 307 0 5.8 5.3 2.5 2.5 2 0 1 5 5
-5061.9 -2973.0 -34.1 10 0 6.7 18.3 5.0 2.5 2 1 2 3 3
-5078.7 -3051.9 -34.1 312 0 4.4 5.4 7.5 2.5 2 1 3 1 1
-5498.4 -3126.6 -49.4 27 0 14.3 13.7 7.5 0.0 0 0 3 1 1
-5476.2 -3069.3 -45.3 15 0 5.1 7.9 7.5 2.5 2 1 3 3 3
-5084.5 -3042.3 -34.8 316 0 6.0 4.9 5.0 2.5 2 0 2 4 4
-5075.3 -3055.9 -33.9 313 0 5.2 5.8 7.5 2.5 2 1 3 5 5
-5135.9 -3089.1 -33.9 133 0 6.4 6.2 5.0 2.5 2 0 2 1 1
-5122.5 -3093.0 -36.9 134 0 5.3 5.5 7.5 2.5 2 1 3 4 4
-5116.3 -3096.0 -38.9 132 0 6.8 6.1 2.5 2.5 2 0 1 4 4
-5129.1 -3091.8 -35.6 130 0 5.9 6.1 5.0 2.5 2 1 2 5 5
-5474.7 -2376.6 -35.6 212 0 10.0 14.8 2.5 2.5 2 1 1 2 2
-5650.2 -2321.0 -43.2 145 0 17.0 10.0 2.5 2.5 2 0 1 0 0
-5620.1 -2315.8 -42.5 59 0 16.4 17.5 10.0 2.5 2 0 4 3 3
-5633.8 -2414.1 -49.9 273 0 7.3 6.7 5.0 2.5 4 0 2 5 5
-5607.5 -2304.9 -41.6 350 0 18.5 11.1 7.5 2.5 2 0 3 0 0
-5632.0 -2324.3 -43.1 59 0 7.4 28.5 7.5 2.5 2 0 3 3 3
-5849.1 -1847.0 -30.9 224 0 16.9 29.7 10.0 2.5 2 1 4 0 0
-5693.7 -2381.7 -49.3 187 0 13.9 29.6 10.0 2.5 2 1 4 3 3
-5542.8 -2713.6 -47.2 349 0 21.3 6.1 5.0 2.5 2 0 2 0 0
-5687.1 -2358.2 -45.3 38 0 25.7 33.4 12.5 0.0 0 1 5 2 2
-5569.8 -2456.5 -50.9 306 0 17.0 14.3 10.0 0.0 0 0 4 4 4
-4632.2 4844.0 -46.1 2 0 48.5 20.3 7.5 2.5 2 0 3 3 3
-4469.8 5929.4 -43.3 9 0 7.4 7.2 5.0 2.5 2 0 2 4 4
-4477.5 5904.1 -43.3 98 0 8.0 22.5 5.0 2.5 4 0 2 3 3
-4479.5 5896.0 -43.3 278 0 15.3 13.1 5.0 2.5 2 0 2 5 5
-4876.9 4301.2 -44.4 57 0 13.3 6.6 5.0 2.5 2 0 2 5 5
-6532.2 2823.2 -52.0 99 0 11.5 7.2 7.5 2.5 2 0 3 3 3
-6525.9 2844.8 -51.9 199 0 10.2 11.0 5.0 2.5 2 1 2 2 2
-6497.9 2883.0 -51.7 25 0 5.7 4.0 2.5 2.5 2 0 1 0 0
-3369.0 5554.1 -27.6 331 0 10.1 17.7 5.0 2.5 2 1 2 3 3
-5364.2 7277.0 -44.9 40 0 43.0 25.0 7.5 0.0 0 0 3 0 0
104.7 -2122.4 -51.5 139 0 18.8 12.3 8.0 2.5 2 0 2 2 2
107.1 -2091.5 -51.6 228 0 8.6 36.7 7.5 2.5 2 0 3 1 1
116.5 -2083.2 -51.6 229 0 14.8 36.7 10.0 2.5 4 0 4 4 4
-1257.3 -1019.1 -40.1 229 0 44.3 16.3 15.0 0.0 0 0 6 3 3
5376.7 -3744.1 -33.1 148 0 10.6 23.5 7.5 2.5 2 1 3 5 5
2188.6 -2724.5 -48.2 137 0 14.1 9.5 7.5 2.5 2 0 3 2 2
1020.6 -1396.3 -49.2 131 0 14.2 9.7 7.5 2.5 2 0 3 0 0
1021.3 -1406.2 -49.2 130 0 13.1 7.1 2.5 2.5 2 0 1 3 3
155.1 -1030.1 -49.7 209 0 30.6 16.6 7.5 2.5 2 0 3 0 0
116.8 -847.7 -48.6 27 0 17.3 20.2 15.0 0.0 0 0 6 1 1
96.0 -865.9 -48.6 118 0 20.2 17.1 7.5 2.5 2 0 3 3 3
106.2 -871.2 -48.7 118 0 16.3 11.0 5.0 2.5 2 0 2 4 4
-920.5 96.6 -42.0 157 0 19.9 14.7 5.0 2.5 2 0 2 3 3
-1316.2 606.2 -38.2 147 0 35.2 9.5 7.5 2.5 2 0 3 4 4
-2203.1 1952.2 -24.8 233 0 8.6 14.4 7.5 2.5 2 1 3 0 0
-3011.1 2756.0 -10.5 323 0 11.4 10.6 5.0 2.5 2 0 2 3 3
-3550.4 3299.8 3.0 38 0 15.7 10.7 2.5 2.5 2 0 1 2 2
-3853.0 3438.6 -1.8 308 0 27.3 10.3 10.0 2.5 2 0 4 5 5
-4348.2 3835.5 -38.3 309 0 12.4 17.3 7.5 2.5 2 1 3 2 2
-4524.1 6604.5 -42.7 129 0 34.8 36.8 10.0 0.0 0 0 4 1 1
-4464.6 6655.6 -42.7 309 0 62.3 40.5 12.5 0.0 0 0 5 2 2
5074.3 -4224.1 -12.4 291 0 5.8 7.2 7.5 2.5 2 1 3 1 1
5085.4 -4269.8 -17.1 25 0 8.7 15.2 7.5 2.5 2 1 3 0 0
5025.3 -4205.2 -9.1 289 0 8.1 13.1 2.5 2.5 2 1 1 4 4
5014.3 -4196.7 -10.2 288 0 9.4 16.3 7.5 2.5 4 1 3 5 5
-6853.6 -229.1 -49.3 196 0 78.1 36.7 12.5 0.0 0 0 5 0 0
-6895.9 -289.0 -51.6 234 0 83.5 36.6 10.0 0.0 0 0 4 4 4
-6750.5 -461.9 -43.4 330 0 63.5 89.6 12.5 0.0 0 1 5 4 4
-6080.3 -766.6 48.3 352 0 11.0 60.9 12.5 2.5 2 1 5 1 1
-5862.2 973.5 -43.5 206 0 7.9 6.0 5.0 2.5 2 0 2 2 2
-5860.8 957.2 -43.3 206 0 15.0 11.7 7.5 2.5 2 0 3 2 2
-5821.6 934.3 -42.8 21 0 30.4 24.6 12.5 0.0 0 0 5 5 5
-6009.8 808.6 -46.7 25 0 16.0 35.1 10.0 2.5 2 1 4 5 5
-6024.9 774.5 -47.1 24 0 20.2 43.4 10.0 2.5 2 1 4 1 1
-6079.9 837.7 -47.4 207 0 13.7 18.3 7.5 2.5 2 1 3 1 1
-6046.0 859.0 -47.5 26 0 7.6 34.2 7.5 2.5 2 1 3 0 0
-5894.9 853.0 -43.3 203 0 65.9 41.5 10.0 0.0 0 0 4 1 1
-5852.1 793.4 -42.7 113 0 42.1 71.3 10.0 0.0 0 0 4 2 2
-5739.4 784.6 -40.6 23 0 71.3 71.1 10.0 0.0 0 0 4 1 1
-5517.1 1284.6 -44.3 33 0 23.9 152.6 10.0 0.0 0 1 4 1 1
-5564.9 1201.1 -43.0 17 0 90.4 83.0 12.5 0.0 0 0 5 4 4
-5719.4 1226.3 -45.2 206 0 129.6 36.7 15.0 0.0 0 0 6 1 1
-5660.5 2221.4 -51.2 180 0 7.8 15.0 12.0 2.5 2 1 3 5 5
-5658.7 2265.3 -51.0 270 0 8.4 4.4 8.0 2.5 2 0 2 0 0
-5620.2 2261.2 -50.3 0 0 13.5 18.7 7.5 2.5 2 0 3 1 1
-5490.4 1911.3 -43.5 358 0 36.4 31.9 10.0 0.0 0 0 4 5 5
-5536.4 2202.6 -41.1 181 0 37.1 21.8 12.5 0.0 0 0 5 3 3
-5738.5 1928.6 -51.3 182 0 15.4 24.1 7.5 0.0 0 1 3 3 3
-5709.4 1975.8 -51.3 187 0 14.7 30.0 10.0 2.5 2 1 4 4 4
-5636.0 1979.1 -50.6 0 0 22.6 34.0 12.5 0.0 0 1 5 4 4
-5681.6 2064.6 -51.5 189 0 12.8 8.1 4.0 2.5 2 0 1 3 3
-5683.4 2020.4 -51.3 195 0 11.8 18.8 4.0 2.5 4 0 1 5 5
-5629.3 2033.8 -50.9 16 0 66.6 29.8 10.0 0.0 0 0 4 4 4
-5618.4 2128.4 -50.8 2 0 38.1 18.1 7.5 2.5 2 0 3 5 5
-6365.9 2715.8 -52.8 10 0 6.3 14.1 8.0 2.5 2 0 2 5 5
-6395.1 2732.0 -52.8 190 0 14.8 31.7 7.5 2.5 4 0 3 4 4
-6402.2 2933.1 -51.8 290 0 6.6 19.3 12.0 2.5 2 1 3 2 2
-6419.2 2904.4 -51.9 199 0 14.9 11.5 4.0 2.5 4 0 1 5 5
-6426.5 2885.8 -52.0 203 0 23.0 17.7 7.5 2.5 2 0 3 2 2
-6372.2 2905.9 -51.9 16 0 32.5 13.8 7.5 2.5 2 0 3 1 1
-2031.0 1864.1 -28.8 71 0 12.4 21.6 10.0 2.5 2 1 4 3 3
-2057.3 1865.8 -28.7 161 0 21.0 12.7 12.5 0.0 0 0 5 0 0
-4918.2 4068.7 -48.6 271 0 31.2 59.9 10.0 0.0 0 1 4 3 3
-5574.0 2721.8 -48.0 274 0 12.0 16.4 8.0 2.5 2 1 2 3 3
-5572.5 2628.8 -48.0 109 0 19.6 9.4 8.0 2.5 2 0 2 5 5
-5631.8 2634.5 -49.7 109 0 20.0 23.7 15.0 0.0 0 0 6 2 2
1627.3 1412.2 -18.3 344 0 8.4 16.5 5.0 2.5 2 1 2 2 2
2009.0 941.6 -37.2 143 0 29.8 51.4 10.0 0.0 0 1 4 4 4
1244.5 406.8 -40.3 222 0 23.9 8.1 12.0 2.5 2 0 3 0 0
1250.6 401.5 -40.5 221 0 23.8 79.9 10.0 0.0 0 0 4 2 2
786.7 -1529.8 -49.2 47 0 35.5 17.6 10.0 2.5 4 0 4 4 4
876.6 -1457.1 -48.8 127 0 20.9 11.8 8.0 2.5 2 0 2 0 0
1738.3 -1925.1 -50.1 146 0 14.6 12.6 12.0 2.5 2 0 3 2 2
1713.9 -1877.7 -50.2 236 0 12.6 42.0 7.5 2.5 2 1 3 3 3
1791.8 -1835.6 -50.1 329 0 12.1 51.4 10.0 2.5 2 0 4 3 3
1732.3 -1864.4 -50.1 239 0 30.8 12.1 7.5 2.5 2 0 3 0 0
1782.2 -1964.1 -49.8 59 0 26.5 13.9 7.5 2.5 4 0 3 0 0
1745.2 -1874.9 -50.1 239 0 26.9 81.5 10.0 0.0 0 0 4 2 2
5547.1 775.4 -6.1 324 0 8.4 14.0 7.5 2.5 2 1 3 2 2
-3737.4 10840.6 -18.1 164 0 9.7 16.0 5.0 2.5 2 1 2 0 0
-5952.8 -2110.7 -48.3 282 0 36.2 18.9 12.5 0.0 0 0 5 5 5
-5988.8 -2148.3 -49.2 110 0 24.6 17.3 10.0 2.5 2 0 4 0 0
-5947.6 -2157.1 -49.1 25 0 17.4 22.8 10.0 2.5 2 1 4 4 4
-5963.1 -2182.2 -50.1 27 0 14.7 23.7 10.0 2.5 4 1 4 4 4
-6000.6 -2154.1 -50.1 291 0 24.3 16.2 7.5 2.5 2 0 3 4 4
-5999.0 -2183.1 -50.7 21 0 14.0 21.6 10.0 2.5 2 1 4 3 3
-6010.6 -2210.8 -52.0 21 0 26.3 20.7 12.5 2.5 4 0 5 3 3
-6002.7 -2210.6 -51.7 204 0 22.3 24.6 5.0 0.0 0 1 2 4 4
-5944.4 -2182.7 -49.6 294 0 16.3 10.4 5.0 2.5 2 0 2 4 4
-5934.1 -2176.5 -48.8 106 0 11.8 17.2 10.0 2.5 2 1 4 5 5
-5979.2 -2082.5 -47.2 355 0 11.7 13.9 5.0 2.5 2 1 2 0 0
-6030.4 -2142.1 -50.1 284 0 25.3 16.5 12.5 2.5 2 0 5 3 3
-5883.3 -2409.3 -53.7 164 0 12.6 9.0 5.0 2.5 4 0 2 4 4
-5913.7 -2305.9 -50.4 167 0 19.0 11.9 5.0 2.5 4 0 2 5 5
-5974.4 -2155.1 -49.2 100 0 4.9 16.0 3.5 2.5 2 1 1 1 1
-5967.3 -2208.4 -50.6 200 0 9.2 14.2 7.5 2.5 2 1 3 2 2
-5973.1 -2221.2 -51.2 197 0 13.4 12.9 2.5 2.5 2 0 1 4 4
-5611.2 -2358.3 -46.7 8 0 16.8 37.2 10.0 0.0 0 1 4 3 3
-5826.3 -2221.6 -47.1 298 0 15.2 32.1 12.5 2.5 4 1 5 4 4
-5853.4 -2260.7 -47.0 200 0 16.6 20.2 10.0 2.5 4 1 4 1 1
-5922.5 -2231.9 -50.3 34 0 15.5 13.8 7.5 2.5 2 0 3 0 0
-6119.2 -2125.1 -41.7 196 0 10.2 13.5 7.5 2.5 2 1 3 3 3
-6108.0 -2213.5 -51.7 199 0 17.8 9.6 7.5 2.5 2 0 3 0 0
-5746.9 -2433.8 -53.6 94 0 15.6 29.3 10.0 2.5 2 1 4 2 2
-5752.4 -2446.0 -53.6 46 0 13.1 8.0 7.5 2.5 2 0 3 5 5
-5869.4 -1845.7 -32.8 43 0 38.5 13.9 10.0 2.5 4 0 4 0 0
-5720.5 -2062.7 -40.2 319 0 32.7 18.1 12.5 2.5 2 0 5 4 4
-5700.5 -2198.6 -38.4 77 0 16.1 13.0 5.0 2.5 2 0 2 5 5
-6029.4 -2171.4 -50.8 21 0 15.9 8.6 7.5 2.5 2 0 3 1 1
-6037.8 -2192.0 -51.6 23 0 18.8 10.7 7.5 2.5 2 0 3 0 0
-5818.7 -2143.5 -45.7 319 0 12.8 27.0 10.0 2.5 2 1 4 1 1
-5810.2 -2274.8 -43.4 14 0 13.7 10.2 5.0 2.5 2 0 2 5 5
-6050.6 -1973.5 -31.5 168 0 28.5 14.4 12.5 2.5 4 0 5 3 3
-6052.2 -1941.6 -28.6 176 0 27.1 10.8 12.5 2.5 2 0 5 3 3
-6275.4 -892.1 45.6 88 0 7.8 24.9 2.5 2.5 2 1 1 4 4
-5559.4 -2426.9 -49.0 37 0 16.2 10.5 5.0 2.5 2 0 2 4 4
-5580.2 -2419.4 -48.7 127 0 12.2 10.1 2.5 2.5 2 0 1 4 4
-6842.6 -7227.3 -49.0 71 0 14.5 34.0 10.0 2.5 2 1 4 1 1
