4820.6 -8476.9 126.2 101 0 13.7 24.9 7.5 2.5 2 1 3 2 2
5735.7 -9926.5 -63.6 333 0 10.2 10.4 7.5 2.5 2 1 3 2 2
6930.7 -10416.5 -58.9 4 0 19.1 4.9 7.5 2.5 2 0 3 4 4
5924.9 -10253.8 -81.1 270 0 13.3 12.9 5.0 2.5 2 0 2 5 5
5582.7 -9757.0 -37.9 149 0 32.3 19.4 12.5 0.0 0 0 5 2 2
6786.3 -10507.3 -75.6 269 0 9.2 12.2 2.5 0.0 0 1 1 4 4
5756.2 -10030.9 -64.7 0 0 12.2 8.2 5.0 2.5 2 0 2 0 0
6575.7 -10216.1 -75.7 0 0 15.7 10.5 7.5 2.5 2 0 3 4 4
5721.9 -10286.7 -59.8 268 0 13.1 7.9 2.5 2.5 2 0 1 1 1
5912.7 -10226.7 -80.1 90 0 14.6 27.1 12.5 2.5 2 1 5 0 0
5729.0 -9853.8 -66.0 160 0 9.1 9.5 7.5 2.5 2 1 3 1 1
5761.4 -10260.5 -66.4 359 0 17.4 14.1 5.0 2.5 2 0 2 5 5
6182.1 -10247.1 -83.9 90 0 18.1 13.5 7.5 2.5 2 0 3 3 3
4726.1 -8767.7 161.0 72 0 17.4 22.1 12.5 2.5 2 1 5 3 3
5755.9 -10011.2 -64.4 1 0 11.1 6.6 7.5 0.0 0 0 3 4 4
6559.3 -10284.4 -76.2 86 0 13.4 8.8 5.0 2.5 2 0 2 1 1
5762.1 -10433.0 -60.1 267 0 10.7 16.5 5.0 2.5 2 1 2 5 5
6820.9 -10453.6 -72.4 85 0 6.6 7.3 7.5 2.5 2 1 3 3 3
5724.9 -9792.9 -65.8 302 0 7.0 14.4 2.5 0.0 0 1 1 5 5
6395.2 -10838.1 -89.4 90 0 14.2 12.1 5.0 2.5 4 0 2 5 5
5895.7 -10025.1 -79.8 91 0 49.4 22.6 10.0 2.5 2 0 4 3 3
4799.3 -8913.7 171.4 347 0 8.0 6.5 5.0 2.5 2 0 2 3 3
6767.9 -10512.1 -75.8 4 0 9.4 7.4 7.5 2.5 4 0 3 0 0
6630.7 -10102.8 -74.1 268 0 10.2 13.4 7.5 2.5 2 1 3 0 0
5791.5 -10348.5 -67.2 168 0 10.5 6.2 2.5 2.5 2 0 1 2 2
5993.3 -10283.4 -87.5 187 0 11.2 21.4 5.0 2.5 2 1 2 1 1
4870.1 -10817.2 -12.1 283 0 7.6 9.5 7.5 0.0 0 1 3 3 3
6556.6 -10084.5 -75.6 84 0 13.4 9.3 7.5 2.5 2 0 3 5 5
6636.2 -10486.7 -77.2 1 0 7.8 15.3 7.5 2.5 2 1 3 1 1
6035.2 -10945.6 -61.8 328 0 24.5 19.1 10.0 2.5 2 0 4 2 2
4543.8 -10579.6 30.8 148 0 32.6 17.8 10.0 2.5 2 0 4 5 5
5688.1 -10213.0 -57.8 60 0 16.9 13.4 2.5 2.5 2 0 1 4 4
6088.5 -10817.1 -81.5 153 0 18.3 15.6 7.5 0.0 0 0 3 2 2
6341.6 -10274.1 -80.6 90 0 12.1 16.7 5.0 2.5 2 1 2 3 3
5672.2 -10251.6 -52.4 182 0 8.4 12.8 7.5 2.5 2 1 3 4 4
6291.8 -10800.3 -89.5 175 0 17.0 15.0 7.5 0.0 0 0 3 4 4
6159.8 -10378.5 -84.6 269 0 10.1 16.0 7.5 2.5 2 1 3 2 2
6106.9 -10943.4 -72.9 45 0 18.1 11.1 5.0 2.5 2 0 2 3 3
6083.8 -10749.3 -83.8 327 0 15.6 14.9 5.0 2.5 2 0 2 5 5
6830.1 -10531.3 -72.7 0 0 18.5 13.3 7.5 0.0 0 0 3 4 4
6058.4 -10882.7 -70.0 344 0 11.5 14.0 5.0 2.5 2 1 2 2 2
6412.5 -10054.4 -78.5 275 0 13.5 15.7 5.0 2.5 2 1 2 2 2
6901.2 -10470.9 -64.6 334 0 5.9 10.4 7.5 2.5 4 1 3 5 5
6865.7 -10517.2 -68.7 66 0 20.9 10.7 5.0 2.5 2 0 2 3 3
6163.9 -10269.6 -84.4 274 0 21.0 8.8 5.0 0.0 0 0 2 2 2
6310.3 -10053.0 -80.6 105 0 16.0 22.1 10.0 0.0 0 1 4 2 2
6487.6 -10226.6 -77.6 1 0 19.1 13.6 10.0 2.5 2 0 4 2 2
5556.2 -10268.6 -39.4 70 0 11.3 4.9 5.0 2.5 2 0 2 1 1
6028.9 -10061.2 -87.1 269 0 20.0 18.8 7.5 2.5 2 0 3 0 0
6599.8 -10171.2 -75.1 1 0 21.2 10.7 5.0 2.5 2 0 2 5 5
6248.9 -9747.2 -86.0 300 0 14.3 10.6 7.5 2.5 2 0 3 1 1
4841.8 -10833.1 -10.0 98 0 10.6 10.4 5.0 2.5 2 0 2 2 2
6525.2 -10091.5 -76.2 95 0 10.0 24.1 7.5 2.5 2 1 3 0 0
5710.7 -9859.8 -59.8 342 0 10.2 9.6 7.5 2.5 2 0 3 5 5
6866.5 -10445.9 -68.9 28 0 11.3 8.3 2.5 0.0 0 0 1 4 4
5697.0 -10326.8 -51.6 125 0 13.8 7.8 5.0 0.0 0 0 2 5 5
6672.7 -10984.3 -89.6 19 0 10.9 7.9 5.0 0.0 0 0 2 1 1
5856.6 -10222.2 -75.6 70 0 16.0 13.4 2.5 2.5 2 0 1 1 1
5756.0 -10220.0 -67.0 9 0 9.4 6.8 2.5 2.5 2 0 1 1 1
5757.5 -9986.8 -64.4 345 0 14.5 16.7 5.0 0.0 0 1 2 5 5
6616.2 -10300.4 -75.0 88 0 7.5 11.2 7.5 2.5 2 1 3 3 3
5983.5 -10771.0 -71.3 220 0 14.9 16.8 5.0 2.5 2 1 2 2 2
6882.1 -10545.5 -65.6 282 0 12.5 12.3 7.5 2.5 2 0 3 5 5
6137.6 -10464.2 -85.3 90 0 7.1 12.1 5.0 2.5 2 1 2 4 4
4743.0 -8715.5 160.3 165 0 8.5 7.9 5.0 2.5 4 0 2 4 4
5683.3 -10166.3 -48.6 180 0 10.0 11.7 7.5 2.5 4 1 3 4 4
6188.3 -10280.9 -83.8 274 0 10.7 10.7 5.0 2.5 2 1 2 2 2
5726.0 -10195.0 -64.4 95 0 12.4 11.8 5.0 0.0 0 0 2 0 0
6123.8 -10235.2 -85.4 0 0 10.3 19.5 7.5 2.5 2 1 3 1 1
6108.9 -10342.4 -85.6 89 0 8.6 15.7 7.5 2.5 4 1 3 2 2
6080.5 -10882.6 -74.3 235 0 17.1 19.6 12.5 2.5 2 1 5 1 1
6770.5 -10304.9 -72.2 93 0 39.9 44.0 10.0 0.0 0 1 4 2 2
5706.7 -10199.2 -58.7 57 0 11.8 9.9 7.5 2.5 2 0 3 1 1
6099.2 -10284.5 -85.6 183 0 11.4 19.5 10.0 2.5 2 1 4 2 2
5544.6 -9342.7 -66.9 341 0 9.4 6.6 5.0 0.0 0 0 2 0 0
6282.8 -10299.4 -81.9 273 0 11.5 12.8 7.5 2.5 2 1 3 5 5
5784.0 -9728.1 -68.7 101 0 11.6 12.8 7.5 2.5 2 1 3 4 4
6201.8 -10535.2 -86.4 86 0 14.2 10.9 5.0 2.5 2 0 2 1 1
3977.1 -10797.0 -169.1 68 0 15.5 17.2 10.0 2.5 2 1 4 2 2
4020.3 -10790.6 -142.3 267 0 13.2 14.8 7.5 2.5 2 1 3 0 0
-3970.1 10646.6 -166.8 4 0 12.4 7.2 5.0 2.5 2 0 2 0 0
-3064.4 10687.2 -145.4 103 0 18.0 72.2 10.0 2.5 2 1 4 4 4
-4920.5 10785.1 -167.9 274 0 31.0 24.7 10.0 0.0 0 0 4 2 2
-5042.0 10805.2 -157.8 274 0 30.1 10.4 10.0 2.5 2 0 4 5 5
-5080.1 10807.1 -161.7 273 0 24.5 9.2 7.5 2.5 2 0 3 1 1
-5672.5 10802.9 -191.1 278 0 15.9 18.4 7.5 2.5 4 1 3 5 5
-4968.9 10810.8 -155.8 73 0 4.1 9.1 7.5 2.5 2 1 3 3 3
-4948.2 10839.7 -154.2 272 0 29.1 9.7 7.5 2.5 4 0 3 0 0
