-5691.5 1062.8 -9.2 143 0 8.1 9.3 7.5 2.5 2 1 3 1 1
-5719.2 1046.5 -3.5 119 0 6.4 8.4 7.5 2.5 2 1 3 1 1
-5788.2 887.9 2.7 297 0 6.2 7.3 5.0 2.5 2 1 2 0 0
-5716.5 1022.6 0.8 317 0 7.3 9.2 2.5 0.0 0 1 1 5 5
-5774.3 998.4 5.0 286 0 8.5 6.9 5.0 2.5 2 0 2 1 1
-5722.4 1074.4 -8.1 103 0 7.9 10.4 7.5 2.5 2 1 3 3 3
-5931.5 1111.4 6.8 192 0 31.1 31.1 10.0 0.0 0 1 4 2 2
-5732.5 1075.9 -8.2 90 0 7.7 10.4 7.5 2.5 2 1 3 2 2
-5733.9 902.6 2.8 76 0 6.8 11.0 5.0 2.5 2 1 2 0 0
-5732.5 1023.9 -0.4 124 0 7.4 10.4 7.5 2.5 2 1 3 2 2
-5774.7 913.7 6.3 126 0 8.0 11.9 5.0 2.5 2 1 2 2 2
-5694.5 1022.0 -5.2 214 0 6.0 10.1 5.0 2.5 2 1 2 5 5
-5798.8 893.2 2.4 311 0 6.9 7.0 7.5 0.0 0 1 3 4 4
-5753.4 1076.9 -8.1 82 0 6.6 8.7 5.0 2.5 2 1 2 3 3
-5710.0 912.2 -2.1 175 0 9.7 10.4 2.5 2.5 2 1 1 5 5
-5752.8 1040.7 -1.3 270 0 6.1 9.9 5.0 2.5 2 1 2 4 4
-5777.1 985.0 7.0 282 0 10.4 6.0 7.5 2.5 2 0 3 2 2
-5741.8 885.3 -0.9 261 0 6.9 10.2 7.5 2.5 2 1 3 0 0
-5720.1 915.8 1.9 326 0 9.6 9.3 7.5 2.5 2 0 3 0 0
-5739.2 1039.3 -1.2 290 0 6.5 10.3 7.5 2.5 2 1 3 2 2
-5808.6 909.0 2.7 346 0 7.5 9.5 5.0 2.5 2 1 2 1 1
-5736.9 1063.8 -4.9 279 0 6.0 9.3 7.5 2.5 2 1 3 4 4
-5730.8 888.4 -2.5 252 0 7.4 10.4 7.5 2.5 2 1 3 2 2
-5715.0 930.2 1.4 172 0 12.3 10.5 7.5 2.5 2 0 3 0 0
-5813.5 978.2 7.6 6 0 7.2 8.6 7.5 2.5 2 1 3 0 0
-5814.2 947.3 5.3 1 0 7.5 9.4 2.5 2.5 2 1 1 4 4
-5787.9 940.9 7.3 171 0 7.1 9.3 7.5 2.5 2 1 3 3 3
-5776.8 886.3 3.1 282 0 7.8 9.4 7.5 2.5 2 1 3 2 2
-5805.6 1014.5 1.6 29 0 5.8 9.8 5.0 2.5 2 1 2 5 5
-5772.7 1022.7 -0.2 61 0 5.6 11.1 5.0 2.5 2 1 2 2 2
-5700.5 1067.1 -8.6 114 0 6.3 9.4 7.5 2.5 4 1 3 3 3
-5670.6 938.0 -10.9 279 0 5.8 9.8 5.0 2.5 2 1 2 4 4
-5789.5 956.3 8.3 188 0 8.0 10.5 7.5 2.5 4 1 3 4 4
-5752.9 883.5 1.2 272 0 6.3 9.9 5.0 2.5 2 1 2 0 0
-5765.0 884.8 3.6 276 0 6.7 10.5 5.0 2.5 2 1 2 3 3
-5749.4 1299.6 -3.1 203 0 9.2 5.7 2.5 2.5 2 0 1 4 4
-5742.0 1313.3 -2.3 109 0 6.1 7.0 5.0 2.5 2 0 2 1 1
-5751.5 1304.8 -1.7 105 0 8.0 10.8 5.0 2.5 2 0 2 2 2
-6829.6 -300.7 2.7 107 0 57.8 42.8 12.5 0.0 0 0 5 0 0
-6076.2 505.4 -13.9 301 0 137.5 127.0 12.5 0.0 0 0 5 5 5
-5935.2 5498.7 -16.0 357 0 93.6 19.5 10.0 0.0 0 0 4 3 3
-6643.2 -105.9 -2.4 43 0 12.7 14.6 2.5 2.5 2 1 1 0 0
-6351.1 499.1 -4.4 303 0 31.8 40.5 15.0 0.0 0 1 6 4 4
