-3303.0 -11004.5 -29.4 117 0 10.6 19.8 7.5 2.5 2 1 3 3 3
2095.9 -5321.2 39.4 277 0 12.7 25.7 12.5 2.5 2 1 5 4 4
-5655.5 2436.3 -13.2 232 0 16.0 14.0 14.0 3.5 2 0 4 2 2
5908.5 -375.7 -44.7 10 0 16.3 16.1 10.0 2.5 2 0 4 0 0
-6903.4 2780.3 -9.6 191 0 26.8 21.2 17.5 3.5 2 0 5 3 3
-5569.8 -7400.5 -2.4 65 0 24.3 6.9 7.5 0.0 0 0 3 0 0
-6939.0 -6616.9 -13.1 230 0 39.2 40.2 12.5 0.0 0 0 5 2 2
-6912.6 -6688.9 -13.2 140 0 39.5 44.8 12.5 0.0 0 0 5 4 4
-6891.4 -6739.0 -13.6 140 0 40.7 54.1 10.0 0.0 0 0 4 0 0
-6826.7 -6778.3 -14.2 50 0 60.2 39.0 10.0 0.0 0 0 4 3 3
-6878.7 -6592.4 -12.6 320 0 40.3 42.3 12.5 0.0 0 0 5 2 2
-6845.5 -6632.1 -12.5 320 0 39.5 43.1 17.5 0.0 0 0 7 5 5
-6812.1 -6672.1 -12.8 320 0 40.8 49.6 7.5 0.0 0 0 3 5 5
-6778.6 -6712.0 -13.7 320 0 39.0 49.3 10.0 0.0 0 0 4 5 5
-5633.4 -7252.4 0.1 262 0 15.4 35.9 10.0 2.5 2 1 4 2 2
-5006.1 -7829.6 1.1 239 0 17.9 14.2 10.0 0.0 0 0 4 4 4
-4344.8 1552.7 -24.4 33 0 12.9 20.6 14.0 3.5 2 0 4 3 3
-4757.3 1867.2 -22.5 121 0 17.1 12.5 14.0 3.5 2 0 4 5 5
-4755.1 1854.2 -22.1 31 0 19.9 17.1 14.0 3.5 2 0 4 2 2
-4819.2 1898.2 -21.3 52 0 16.5 7.0 10.5 3.5 2 0 3 0 0
-6396.9 2808.8 -5.3 328 0 12.8 21.1 14.0 3.5 2 1 4 5 5
-6066.0 2775.3 -15.7 204 0 13.7 50.5 12.5 2.5 2 1 5 1 1
-5991.0 2748.9 -16.5 294 0 50.8 13.7 17.5 2.5 2 0 7 3 3
-6928.8 3611.9 -19.3 184 0 19.9 7.4 10.5 3.5 2 0 3 0 0
-6518.0 3301.5 -17.1 319 0 15.4 20.2 17.5 3.5 2 1 5 4 4
-5600.2 2623.9 -16.2 47 0 23.7 16.2 14.0 0.0 0 0 4 4 4
-3949.7 1301.4 -28.3 39 0 17.8 8.2 7.0 2.5 4 0 2 2 2
-3996.0 1301.2 -25.8 219 0 18.2 35.9 12.5 0.0 0 1 5 4 4
-5868.7 4941.1 -35.3 127 0 8.9 13.2 10.5 3.5 2 0 3 1 1
-5885.0 4961.4 -35.7 217 0 15.5 20.8 14.0 3.5 2 0 4 5 5
-6273.7 3120.4 -13.0 135 0 18.4 14.8 17.5 3.5 2 0 5 0 0
-6297.7 3157.1 -12.7 225 0 15.7 30.4 17.5 3.5 2 1 5 5 5
-5852.2 2071.5 6.6 221 0 15.5 24.6 14.0 3.5 2 0 4 3 3
-5831.3 2034.6 6.1 139 0 34.5 18.6 14.0 0.0 0 0 4 5 5
-5979.5 2253.7 -0.4 7 0 19.9 38.9 17.5 0.0 0 1 5 2 2
-6047.6 2252.4 -1.3 97 0 39.6 20.0 17.5 0.0 0 0 5 5 5
-6795.6 2154.0 7.0 269 0 50.8 21.8 17.5 3.5 2 0 5 3 3
-3612.4 1235.1 -31.7 29 0 22.9 16.7 7.5 2.5 2 0 3 0 0
-3664.1 1159.7 -27.3 67 0 10.4 17.7 7.5 0.0 0 1 3 1 1
-4468.5 1921.2 -26.0 330 0 10.7 18.4 10.5 0.0 0 1 3 0 0
-6933.9 -8819.5 -39.0 194 0 9.3 45.6 7.5 2.5 2 1 3 0 0
-4662.2 -8839.0 -13.3 218 0 9.8 23.9 12.0 2.5 4 1 3 2 2
-4693.2 -8751.8 -11.1 211 0 39.9 40.9 10.0 0.0 0 1 4 3 3
-5291.6 -7455.9 -0.0 27 0 78.4 67.6 12.5 0.0 0 0 5 0 0
-2188.3 827.0 -37.1 189 0 7.6 27.0 5.0 2.5 2 1 2 0 0
-2180.1 778.7 -37.1 30 0 18.1 40.7 10.0 2.5 2 1 4 1 1
-2406.8 861.3 -36.8 277 0 108.9 33.8 10.0 0.0 0 0 4 4 4
-2354.8 859.0 -36.8 101 0 14.1 14.7 7.5 0.0 0 1 3 1 1
-2407.0 638.1 -34.6 18 0 23.5 12.5 10.0 2.5 2 0 4 3 3
-1092.8 -765.4 -29.1 314 0 105.1 80.5 12.5 0.0 0 0 5 3 3
-1268.0 -915.2 -11.6 223 0 35.5 19.5 12.5 2.5 4 0 5 2 2
-1191.0 -975.1 -11.5 44 0 11.8 19.0 5.0 2.5 2 1 2 5 5
-1401.9 -868.4 -4.1 312 0 25.0 16.7 12.5 2.5 2 0 5 5 5
-3607.0 1280.6 -33.8 117 0 29.8 13.4 7.5 2.5 2 0 3 5 5
-3639.5 1297.7 -33.6 117 0 29.8 13.4 10.0 2.5 4 0 4 4 4
-3665.8 1325.5 -34.2 297 0 29.8 13.4 7.5 2.5 2 0 3 3 3
-3695.9 1342.6 -34.7 297 0 29.8 13.4 10.0 2.5 4 0 4 4 4
-3729.8 1358.7 -34.7 297 0 29.8 13.4 7.5 0.0 0 0 3 5 5
-3783.4 1377.6 -34.6 207 0 13.4 29.8 7.5 2.5 2 1 3 5 5
-3008.2 954.3 -35.4 21 0 16.8 10.7 5.0 2.5 2 0 2 1 1
-3070.0 944.1 -35.0 203 0 46.3 13.9 15.0 0.0 0 0 6 3 3
-6749.0 3739.0 -23.2 114 0 21.7 8.4 7.0 3.5 4 0 2 5 5
-6743.6 3544.2 -20.7 22 0 17.4 16.3 17.5 3.5 2 0 5 0 0
-6564.6 3469.0 -19.6 32 0 17.5 33.2 10.5 0.0 0 1 3 3 3
-6550.8 3492.1 -20.0 32 0 17.5 33.2 10.5 0.0 0 1 3 4 4
-6604.7 3494.8 -19.9 32 0 17.5 33.2 10.5 0.0 0 1 3 3 3
-6781.0 3560.4 -20.8 202 0 17.3 17.4 17.5 3.5 4 1 5 2 2
-6789.5 3537.9 -20.5 202 0 19.1 16.2 17.5 3.5 2 0 5 0 0
-6765.7 3513.5 -20.4 115 0 15.5 18.9 17.5 3.5 2 1 5 5 5
-6627.6 3559.0 -20.7 25 0 17.0 20.3 14.0 3.5 2 1 4 2 2
-6681.1 3540.5 -20.3 203 0 19.1 19.2 14.0 3.5 2 1 4 1 1
-6618.8 3535.9 -20.3 214 0 14.8 8.0 10.5 3.5 2 0 3 3 3
-6602.4 3515.0 -20.3 33 0 17.4 17.6 17.5 3.5 2 0 5 3 3
-6631.5 3712.4 -23.0 294 0 17.8 25.8 10.5 3.5 2 1 3 1 1
-6686.6 3708.2 -22.6 118 0 9.5 10.0 10.5 3.5 2 1 3 2 2
-6704.9 3716.8 -22.7 116 0 12.2 10.4 14.0 3.5 2 0 4 0 0
-6606.5 3686.8 -22.7 24 0 13.3 19.1 14.0 0.0 0 1 4 5 5
-6752.2 3733.0 -23.2 114 0 16.8 5.1 10.5 3.5 2 0 3 2 2
-6824.2 3875.1 -23.5 295 0 11.5 18.1 14.0 3.5 2 0 4 4 4
-6816.4 3746.5 -21.9 23 0 6.2 23.2 3.5 3.5 2 1 1 5 5
-6810.3 3814.3 -23.2 25 0 17.7 8.8 3.5 3.5 2 0 1 2 2
-6789.7 3837.6 -23.7 24 0 26.0 14.8 14.0 3.5 4 0 4 0 0
-6825.6 3903.5 -23.7 294 0 21.1 10.5 7.0 0.0 0 0 2 3 3
-6865.9 3887.4 -23.4 204 0 10.5 23.3 7.0 3.5 2 1 2 2 2
-6884.9 3869.4 -22.9 204 0 10.5 23.3 7.0 3.5 2 1 2 1 1
-6900.1 3819.6 -22.8 111 0 18.1 20.7 7.0 0.0 0 1 2 0 0
-6907.7 3341.9 -15.8 292 0 7.1 7.5 10.5 3.5 2 0 3 3 3
-6923.2 3348.2 -15.9 292 0 25.3 8.8 10.5 3.5 2 0 3 0 0
-6918.5 3279.6 -15.1 33 0 10.1 10.5 14.0 3.5 2 0 4 5 5
-6913.5 3287.1 -15.2 33 0 7.9 13.7 10.5 3.5 2 0 3 1 1
-6917.7 3302.5 -15.4 303 0 23.9 6.7 10.5 3.5 2 0 3 5 5
-6737.8 3492.0 -19.7 121 0 3.4 3.9 10.5 0.0 0 1 3 5 5
-6802.6 3549.4 -20.0 24 0 14.1 14.9 14.0 3.5 2 1 4 4 4
-6794.7 3567.8 -20.4 24 0 14.1 14.9 14.0 3.5 2 1 4 0 0
-6811.4 3523.3 -19.5 299 0 15.5 16.3 14.0 3.5 2 1 4 0 0
-6794.1 3513.4 -19.9 299 0 15.5 16.3 14.0 3.5 2 1 4 2 2
-6846.9 3493.3 -18.6 125 0 15.2 15.7 14.0 3.5 2 1 4 1 1
-6131.4 -10158.4 -52.6 175 0 8.9 4.3 7.5 2.5 4 0 3 1 1
-5138.8 -8128.5 -8.4 360 0 50.9 20.8 7.5 2.5 2 0 3 4 4
-6066.7 -10122.4 -51.9 203 0 10.2 12.7 5.0 2.5 2 1 2 1 1
-6085.8 -10085.8 -51.8 203 0 10.2 12.7 5.0 0.0 0 1 2 0 0
-6101.6 -10108.2 -52.0 203 0 10.1 12.6 5.0 2.5 2 1 2 4 4
-6070.3 -10146.5 -52.2 23 0 10.4 12.6 2.5 2.5 2 1 1 1 1
-6063.5 -10147.8 -52.2 205 0 10.4 12.6 2.5 2.5 2 1 1 4 4
-6046.2 -10154.7 -52.1 203 0 10.2 12.6 2.5 0.0 0 1 1 1 1
-6021.2 -10158.5 -52.1 293 0 12.6 10.3 5.0 2.5 2 0 2 1 1
-6031.9 -10136.9 -51.9 203 0 10.2 12.6 5.0 2.5 4 1 2 2 2
-6118.1 -10189.1 -52.9 25 0 10.4 12.6 2.5 2.5 2 1 1 1 1
-6111.9 -10190.7 -52.8 203 0 10.2 12.7 5.0 2.5 2 1 2 4 4
-6075.0 -10204.1 -52.8 203 0 10.1 12.7 5.0 2.5 2 1 2 0 0
-6056.9 -10211.2 -52.7 203 0 10.2 12.7 5.0 2.5 2 1 2 2 2
-6122.5 -10206.2 -53.1 293 0 4.1 10.2 2.5 2.5 2 1 1 1 1
-6005.3 -10117.8 -51.5 200 0 12.8 10.3 5.0 2.5 2 0 2 1 1
-6011.5 -10117.0 -51.6 22 0 8.3 7.2 2.5 0.0 0 0 1 4 4
-4604.0 -9494.3 -29.4 246 0 7.4 11.0 5.0 0.0 0 1 2 2 2
-4591.3 -9515.5 -29.2 336 0 11.0 7.5 2.5 2.5 4 0 1 1 1
-4581.9 -9537.1 -28.8 336 0 11.0 7.4 5.0 2.5 2 0 2 0 0
-4619.3 -9501.2 -29.9 246 0 7.4 11.0 5.0 2.5 2 1 2 5 5
-4654.7 -9518.0 -30.8 246 0 7.4 11.0 7.5 2.5 2 1 3 0 0
-4471.2 -9657.4 -25.4 336 0 11.0 7.4 5.0 2.5 2 0 2 1 1
-4459.8 -9675.9 -24.8 336 0 11.0 7.4 5.0 2.5 2 0 2 0 0
-4494.7 -9689.0 -26.5 66 0 7.5 11.0 5.0 2.5 2 1 2 2 2
-4498.7 -9643.9 -26.8 336 0 11.0 7.5 5.0 2.5 2 0 2 1 1
-4514.9 -9621.4 -26.9 246 0 7.4 11.0 7.5 2.5 2 1 3 4 4
-4545.0 -9630.6 -28.3 246 0 7.4 11.0 5.0 2.5 2 1 2 2 2
-4538.2 -9651.0 -28.4 246 0 7.4 11.0 7.5 2.5 2 1 3 0 0
-4526.7 -9683.0 -28.1 66 0 7.4 11.0 5.0 2.5 2 1 2 1 1
-4549.6 -9667.0 -29.2 66 0 7.4 11.0 7.5 2.5 4 1 3 2 2
-4593.5 -9681.9 -31.2 66 0 7.4 11.0 5.0 2.5 2 1 2 0 0
-4614.6 -9661.5 -31.7 66 0 7.4 11.0 7.5 2.5 2 1 3 1 1
-4630.5 -9666.7 -32.4 66 0 7.5 11.0 5.0 2.5 4 1 2 5 5
-4651.3 -9667.8 -33.1 156 0 11.0 7.4 2.5 2.5 2 0 1 3 3
-4631.9 -9691.1 -33.0 66 0 7.4 11.0 5.0 2.5 2 1 2 4 4
-4671.6 -9608.6 -32.7 156 0 11.0 7.4 7.5 2.5 2 0 3 0 0
-4676.5 -9631.4 -33.3 156 0 11.0 7.4 7.5 2.5 2 0 3 5 5
-4692.4 -9664.4 -34.7 167 0 11.0 7.4 7.5 2.5 2 0 3 0 0
-4687.8 -9692.9 -35.1 167 0 11.0 7.4 7.5 0.0 0 0 3 3 3
-4651.3 -9716.3 -34.4 51 0 7.5 11.0 5.0 2.5 2 1 2 3 3
-4668.9 -9691.9 -34.5 231 0 7.5 11.0 7.5 2.5 2 1 3 2 2
-4617.8 -9713.0 -32.5 81 0 7.4 11.0 7.5 0.0 0 1 3 4 4
-4601.3 -9709.8 -31.7 80 0 7.4 11.0 7.5 2.5 4 1 3 4 4
-1315.2 639.2 -36.5 97 0 21.2 14.8 10.0 2.5 2 0 4 0 0
-1322.0 668.9 -36.5 191 0 13.2 20.2 7.5 2.5 2 1 3 3 3
-1317.7 687.4 -36.5 193 0 13.8 16.4 2.5 2.5 2 1 1 4 4
-1250.4 664.6 -36.7 44 0 7.5 9.6 2.5 2.5 2 1 1 1 1
-5127.3 -6560.0 23.1 328 0 9.2 15.5 7.5 2.5 4 1 3 4 4
-5840.0 1725.7 13.1 231 0 26.2 13.1 10.5 3.5 2 0 3 0 0
-5927.3 2691.6 -16.5 25 0 29.7 30.3 12.5 0.0 0 1 5 5 5
-6224.1 1630.4 18.8 46 0 18.1 44.8 14.0 3.5 2 1 4 5 5
-5095.0 1548.9 18.2 111 0 18.0 27.7 14.0 3.5 4 1 4 4 4
-6081.4 4032.2 -26.8 139 0 43.4 39.5 14.0 0.0 0 0 4 2 2
-6438.0 3664.5 -22.2 298 0 70.3 86.9 17.5 0.0 0 1 5 3 3
