5250.4 10952.8 9.2 50 0 14.8 18.9 12.5 2.5 2 1 5 4 4
4301.0 10229.9 -12.3 119 0 15.2 15.8 12.5 2.5 2 0 5 1 1
5090.4 10171.1 -11.9 317 0 14.6 39.9 7.5 2.5 2 1 3 2 2
5104.8 10155.5 -12.3 317 0 14.6 39.9 7.5 2.5 2 1 3 4 4
5024.3 10102.4 -11.9 137 0 14.6 39.9 10.0 2.5 2 1 4 4 4
5010.4 10116.4 -11.3 137 0 14.6 39.9 10.0 2.5 2 1 4 3 3
4977.1 10154.8 -9.6 130 0 16.4 39.2 10.0 2.5 2 1 4 1 1
4992.3 10137.2 -10.3 135 0 16.3 28.3 12.5 2.5 2 1 5 4 4
5060.4 10190.0 -11.0 284 0 27.4 15.6 7.5 0.0 0 0 3 5 5
5027.2 10198.9 -10.5 284 0 27.4 16.2 7.5 2.5 2 0 3 5 5
5068.4 10056.6 -13.9 135 0 27.4 15.7 15.0 0.0 0 0 6 1 1
5044.2 10081.4 -12.8 136 0 27.6 15.8 12.5 2.5 2 0 5 5 5
5123.5 10134.1 -12.4 318 0 28.6 16.5 7.5 2.5 2 0 3 2 2
5146.6 10108.7 -13.1 318 0 28.1 16.2 7.5 2.5 2 0 3 3 3
5151.5 10066.2 -13.9 59 0 40.2 15.8 10.0 2.5 2 0 4 5 5
5088.4 10038.4 -14.4 149 0 15.9 39.4 7.5 2.5 2 1 3 5 5
5208.0 10266.8 -8.5 0 0 19.9 28.2 12.5 2.5 2 1 5 2 2
5146.5 10261.6 -8.6 180 0 18.9 27.0 7.5 2.5 2 1 3 3 3
4698.3 8429.3 -19.4 322 0 11.7 13.6 7.5 2.5 2 1 3 4 4
4907.9 10708.9 -0.2 321 0 10.1 15.2 5.0 2.5 2 1 2 3 3
4891.4 10690.5 -0.9 51 0 15.5 10.2 5.0 2.5 2 0 2 0 0
4839.2 10739.3 0.1 285 0 16.0 16.3 12.5 2.5 2 0 5 1 1
3965.5 9262.0 -25.4 142 0 8.3 123.0 7.5 2.5 2 1 3 1 1
4004.0 9317.7 -25.2 54 0 126.6 22.0 10.0 0.0 0 0 4 0 0
3943.1 9369.1 -26.8 54 0 156.1 20.7 10.0 0.0 0 0 4 2 2
3902.5 9388.8 -28.9 52 0 175.7 20.3 10.0 0.0 0 0 4 0 0
3869.7 9404.6 -22.4 52 0 38.9 19.4 10.0 2.5 2 0 4 4 4
3867.8 9445.0 -19.1 51 0 36.7 20.2 10.0 0.0 0 0 4 4 4
4736.7 9621.1 -22.1 120 0 9.1 16.3 2.5 2.5 2 1 1 1 1
