-4815.1 -4584.6 -273.2 92 0 38.7 17.4 5.0 2.5 2 0 2 0 0
-4814.1 -4533.2 -272.7 271 0 17.9 16.0 12.5 2.5 2 0 5 4 4
-3244.2 -8844.0 -96.1 74 0 10.4 18.0 5.0 0.0 0 1 2 1 1
61.0 -9584.5 270.5 214 0 7.9 25.4 7.5 2.5 2 1 3 1 1
4679.8 10690.9 -264.7 260 0 28.4 27.0 10.0 0.0 0 0 4 5 5
-4040.6 2527.2 -174.5 181 0 10.1 6.1 7.5 0.0 0 0 3 3 3
-6153.2 -2596.7 -281.2 77 0 13.6 8.7 7.5 2.5 2 0 3 4 4
-5189.3 -4577.4 -276.6 342 0 10.3 14.8 2.5 2.5 2 1 1 1 1
-6233.4 -854.7 -277.4 57 0 16.0 13.6 8.0 2.5 2 0 2 2 2
-6339.4 -819.3 -276.4 127 0 14.2 12.3 12.0 2.5 2 0 3 4 4
-6354.6 -828.5 -276.4 36 0 33.0 16.9 10.0 2.5 2 0 4 4 4
-6319.7 -855.1 -275.9 248 0 64.1 22.2 10.0 2.5 2 0 4 3 3
5022.7 8600.4 -226.8 88 0 26.0 32.0 12.5 0.0 0 1 5 1 1
5166.9 8567.6 -220.4 181 0 38.6 17.2 10.0 2.5 2 0 4 4 4
5382.1 8643.1 -214.8 266 0 16.0 42.5 12.5 2.5 4 1 5 5 5
5385.4 8735.8 -222.2 90 0 18.1 37.7 10.0 2.5 2 1 4 5 5
5499.1 8735.5 -219.5 245 0 28.1 18.7 10.0 2.5 2 0 4 1 1
5673.1 8792.8 -216.6 242 0 22.5 14.4 17.5 0.0 0 0 7 5 5
5592.1 8612.7 -217.1 180 0 32.8 15.1 10.0 2.5 2 0 4 2 2
5595.7 8649.2 -217.3 271 0 12.8 11.6 8.0 0.0 0 0 2 3 3
-310.8 10369.3 -242.5 182 0 14.9 22.0 10.0 2.5 2 1 4 5 5
