-6669.1 9664.8 -8.1 109 0 14.8 29.5 5.0 2.5 2 1 2 3 3
-6369.3 9734.8 -17.2 48 0 20.1 11.0 7.5 2.5 2 0 3 5 5
-6641.2 9657.0 -8.3 337 0 12.1 15.5 2.5 2.5 2 1 1 0 0
6708.2 5919.9 -44.6 296 0 16.2 37.0 10.0 2.5 4 1 4 4 4
6726.1 5910.3 -44.5 25 0 5.8 8.8 7.5 2.5 2 1 3 1 1
6734.6 5898.7 -44.5 205 0 6.8 7.0 7.5 2.5 2 1 3 3 3
6614.8 5710.7 -44.8 297 0 5.9 12.1 7.5 0.0 0 1 3 5 5
6621.4 5709.4 -44.8 203 0 4.6 9.3 5.0 2.5 2 1 2 2 2
6708.2 1580.7 -46.3 90 0 9.9 9.8 2.5 2.5 2 0 1 2 2
6723.5 5807.7 -44.6 202 0 3.1 3.6 5.0 2.5 2 1 2 1 1
-4709.5 8256.7 -22.6 142 0 9.2 16.8 7.5 2.5 2 1 3 4 4
6773.2 9039.3 -38.7 132 0 10.5 8.8 7.5 2.5 2 0 3 4 4
5703.9 9840.6 -36.7 44 0 41.2 31.1 10.0 0.0 0 0 4 5 5
5667.6 9803.5 -36.5 45 0 49.6 31.1 10.0 0.0 0 0 4 5 5
5632.4 9767.5 -36.1 45 0 40.3 31.1 12.5 0.0 0 0 5 0 0
5589.2 9817.0 -34.8 135 0 31.7 45.5 10.0 0.0 0 1 4 1 1
5629.9 9881.2 -35.3 225 0 45.5 31.7 7.5 0.0 0 0 3 2 2
5687.8 9895.1 -35.4 45 0 45.4 31.7 15.0 0.0 0 0 6 0 0
5721.8 9929.8 -35.5 45 0 41.0 31.7 7.5 0.0 0 0 3 4 4
5573.1 9894.4 -33.0 224 0 30.6 31.3 12.5 0.0 0 1 5 0 0
5596.9 9918.7 -33.3 224 0 25.3 31.3 10.0 0.0 0 1 4 2 2
5657.3 9980.5 -34.3 224 0 25.7 31.3 12.5 0.0 0 1 5 4 4
5699.6 10001.2 -34.5 315 0 31.3 26.1 12.5 0.0 0 0 5 5 5
5657.9 10006.5 -32.9 45 0 51.0 32.1 12.5 0.0 0 0 5 3 3
5622.1 9970.0 -32.2 44 0 40.9 32.1 12.5 0.0 0 0 5 3 3
5586.6 9933.6 -31.6 45 0 51.0 32.1 10.0 0.0 0 0 4 5 5
5556.9 10119.1 -26.4 44 0 31.4 31.9 12.5 0.0 0 1 5 1 1
5533.6 10094.4 -26.3 44 0 26.4 31.9 12.5 0.0 0 1 5 0 0
5527.2 10061.2 -28.1 223 0 40.0 31.4 12.5 0.0 0 0 5 4 4
5592.2 10107.2 -28.5 314 0 31.4 52.1 10.0 0.0 0 1 4 5 5
5628.6 10071.4 -30.7 315 0 31.3 41.6 7.5 0.0 0 1 3 5 5
5595.5 10037.6 -30.3 314 0 31.3 35.2 12.5 0.0 0 1 5 1 1
5538.8 9979.7 -29.9 135 0 31.3 39.8 12.5 0.0 0 1 5 0 0
2784.9 7629.0 -21.6 327 0 10.4 14.5 5.0 2.5 2 1 2 5 5
4088.1 1620.4 -39.1 229 0 45.3 24.3 7.5 0.0 0 0 3 2 2
4122.3 1580.4 -39.7 49 0 45.3 23.7 7.5 0.0 0 0 3 5 5
3981.6 1778.8 -41.4 136 0 47.7 85.7 12.5 0.0 0 1 5 4 4
4065.3 1770.8 -41.7 43 0 100.4 35.2 12.5 0.0 0 0 5 0 0
4067.1 1762.4 -41.1 223 0 110.2 39.6 12.5 0.0 0 0 5 4 4
5867.6 -8753.3 -42.5 328 0 10.7 17.5 5.0 2.5 2 1 2 0 0
6867.2 -522.2 -35.5 152 0 19.9 35.6 15.0 0.0 0 0 6 2 2
6849.1 -509.2 -36.7 152 0 20.2 45.5 10.0 2.5 2 0 4 4 4
6829.6 -497.3 -38.4 152 0 19.1 57.1 10.0 2.5 2 0 4 3 3
4201.3 7798.0 -41.6 88 0 27.9 182.7 12.5 0.0 0 1 5 5 5
3903.6 6778.0 -41.6 247 0 21.8 37.6 7.5 0.0 0 1 3 2 2
3379.6 7320.0 -39.8 209 0 10.9 10.3 8.0 2.5 4 0 2 0 0
3391.6 7275.3 -40.1 136 0 35.5 9.3 7.5 2.5 2 0 3 4 4
3423.1 7362.7 -39.9 297 0 10.8 28.8 15.0 0.0 0 1 6 5 5
3451.5 7299.5 -40.2 26 0 17.8 6.6 8.0 2.5 2 0 2 2 2
3452.2 7350.8 -40.2 296 0 28.8 49.9 10.0 0.0 0 1 4 0 0
4381.3 8057.3 -41.0 358 0 41.9 20.6 10.0 2.5 2 0 4 3 3
4265.8 7859.5 -41.7 358 0 48.8 31.4 10.0 0.0 0 0 4 3 3
4260.5 7925.5 -41.0 358 0 60.9 28.1 12.5 0.0 0 0 5 0 0
4194.8 8034.2 -41.5 358 0 76.6 28.9 12.5 0.0 0 0 5 3 3
4140.5 7994.3 -41.7 88 0 28.4 76.6 10.0 0.0 0 1 4 2 2
4038.4 8007.5 -41.1 357 0 53.1 25.1 12.5 2.5 2 0 5 5 5
4042.3 7941.3 -40.0 357 0 62.8 25.1 7.5 0.0 0 0 3 3 3
4101.5 7779.6 -41.2 88 0 44.5 65.5 10.0 0.0 0 1 4 5 5
3581.2 -3764.1 -36.5 70 0 11.0 17.1 2.5 2.5 2 1 1 1 1
5361.7 10973.2 32.2 90 0 12.8 11.6 5.0 2.5 2 0 2 3 3
6388.8 -1573.2 -42.2 94 0 12.3 9.8 7.5 2.5 2 0 3 1 1
6448.7 -1545.5 -45.5 234 0 12.6 8.4 7.5 2.5 2 0 3 5 5
6264.9 -1464.5 -46.3 107 0 6.7 14.8 7.5 2.5 2 1 3 4 4
6274.8 -1443.4 -43.2 15 0 14.3 6.6 7.5 2.5 2 0 3 5 5
6290.2 -1483.5 -47.2 319 0 9.4 7.1 5.0 2.5 2 0 2 2 2
6617.0 -1599.7 -40.6 215 0 9.6 23.4 7.5 2.5 2 1 3 4 4
6633.6 -1635.1 -45.1 170 0 10.5 17.8 2.5 2.5 2 1 1 4 4
6647.6 -1618.1 -42.0 350 0 12.3 9.4 5.0 2.5 2 0 2 3 3
6390.0 -1553.3 -38.8 271 0 7.9 6.2 2.5 2.5 2 0 1 3 3
6561.6 -383.8 -42.0 279 0 151.0 103.6 10.0 0.0 0 0 4 3 3
-3267.1 -10541.3 -10.9 34 0 17.1 11.1 7.5 2.5 2 0 3 5 5
226.5 5358.9 -23.7 169 0 8.5 11.8 7.5 2.5 2 1 3 4 4
