6338.0 3102.8 -137.9 293 0 47.6 17.1 14.0 0.0 0 0 4 1 1
6324.5 3069.0 -137.5 295 0 47.7 14.7 14.0 0.0 0 0 4 4 4
6523.0 3045.2 -137.3 265 0 15.5 11.7 14.0 3.5 2 0 4 0 0
6363.3 3037.7 -136.7 111 0 28.9 11.6 14.0 3.5 2 0 4 0 0
6759.7 3076.7 -141.3 127 0 41.7 23.7 17.5 0.0 0 0 5 4 4
-355.1 -8917.7 -163.9 128 0 139.1 29.8 10.0 0.0 0 0 4 5 5
6387.5 3251.5 -141.2 316 0 85.5 82.1 17.5 0.0 0 0 5 5 5
6403.4 3123.5 -139.4 141 0 24.0 50.7 17.5 3.5 2 1 5 4 4
6521.0 3259.6 -141.8 323 0 50.4 60.7 17.5 0.0 0 1 5 0 0
6401.5 3249.8 -140.6 225 0 14.3 37.0 17.5 3.5 2 1 5 3 3
6529.8 3280.9 -142.3 323 0 70.4 17.8 17.5 3.5 2 0 5 5 5
6360.7 3138.0 -139.3 142 0 49.4 75.1 17.5 0.0 0 1 5 5 5
6429.8 3222.3 -139.9 232 0 25.6 53.0 17.5 3.5 2 1 5 4 4
6420.0 3104.2 -139.3 142 0 24.5 73.8 17.5 0.0 0 1 5 5 5
4963.3 4523.7 -147.3 142 0 84.9 98.5 10.0 0.0 0 0 4 2 2
2158.9 3458.1 169.5 178 0 14.4 7.4 7.5 2.5 2 0 3 3 3
-6461.8 -9723.2 -177.0 90 0 23.7 61.9 14.0 3.5 2 1 4 4 4
5356.5 2752.8 -103.3 330 0 15.9 21.7 14.0 3.5 4 1 4 2 2
6820.6 3439.3 -144.2 323 0 16.0 15.7 14.0 3.5 2 0 4 2 2
6309.0 2854.4 -128.3 49 0 22.5 29.7 14.0 0.0 0 1 4 4 4
6242.0 2848.7 -125.1 137 0 21.8 36.2 14.0 0.0 0 1 4 4 4
6288.6 2894.0 -127.1 318 0 24.6 21.0 14.0 3.5 2 0 4 4 4
6014.9 3032.9 -129.3 265 0 14.2 19.6 14.0 3.5 2 1 4 2 2
5209.4 3201.3 -108.0 218 0 12.6 21.6 14.0 0.0 0 1 4 1 1
-1384.2 -10149.2 -175.3 220 0 40.3 21.9 12.5 0.0 0 0 5 4 4
6746.1 -10088.3 -177.7 326 0 13.6 18.0 5.0 2.5 2 1 2 4 4
-795.6 -9512.4 -157.0 313 0 11.9 17.2 7.5 2.5 2 0 3 3 3
-808.1 -9500.8 -159.1 313 0 22.2 17.2 10.0 2.5 2 0 4 4 4
-1252.5 -9829.7 -170.1 238 0 23.9 14.9 10.0 2.5 2 0 4 5 5
-1246.6 -9855.8 -171.7 134 0 20.9 19.1 15.0 0.0 0 0 6 5 5
-2687.8 -10210.9 -107.3 16 0 20.6 17.7 10.0 2.5 2 0 4 3 3
-3011.8 -10136.5 -111.4 80 0 9.8 13.0 7.5 2.5 2 0 3 3 3
-3007.7 -10131.8 -111.0 170 0 18.1 21.3 10.0 2.5 2 0 4 1 1
6941.2 -6557.2 -140.2 232 0 56.3 21.0 10.0 2.5 2 0 4 4 4
-3995.3 -10218.1 -147.6 271 0 16.6 25.0 10.0 2.5 4 1 4 1 1
-269.3 -8564.4 -163.6 226 0 20.5 12.5 12.5 2.5 2 0 5 5 5
-248.8 -8575.7 -164.0 316 0 19.8 15.9 12.5 2.5 2 0 5 2 2
-36.6 -8390.8 -162.4 327 0 28.2 20.4 12.5 2.5 2 0 5 1 1
343.7 -8217.5 -163.4 325 0 22.0 15.7 7.5 2.5 2 0 3 0 0
746.1 -7914.8 -155.8 339 0 14.8 23.0 12.5 2.5 2 0 5 0 0
2409.9 -8481.2 -163.4 59 0 14.7 19.6 12.5 0.0 0 1 5 0 0
-1498.8 -10235.1 -169.0 44 0 11.0 6.5 7.5 2.5 2 0 3 3 3
-1502.1 -10299.5 -174.3 220 0 7.0 14.1 7.5 2.5 2 1 3 5 5
-1476.5 -10323.1 -176.2 130 0 12.8 7.4 5.0 2.5 2 0 2 0 0
-1319.8 -10163.3 -178.6 304 0 16.3 19.7 10.0 2.5 2 1 4 5 5
-5019.8 -9448.7 -154.7 250 0 21.0 20.4 14.0 3.5 2 0 4 1 1
-4538.2 -10134.9 -159.2 161 0 20.1 14.4 7.5 2.5 2 0 3 4 4
-5064.8 -10166.4 -169.0 249 0 18.0 13.7 5.0 2.5 2 0 2 3 3
-5182.3 10875.6 -134.1 85 0 18.0 7.6 12.0 2.5 2 0 3 3 3
-5186.8 10926.0 -134.8 265 0 18.0 43.0 10.0 2.5 2 0 4 0 0
-5144.5 10905.8 -134.8 175 0 25.4 39.9 10.0 0.0 0 1 4 2 2
-5045.4 11007.2 -136.9 175 0 43.5 10.7 7.5 2.5 2 0 3 2 2
-5045.4 11007.2 -137.0 355 0 43.5 63.6 10.0 0.0 0 0 4 4 4
-5387.7 10827.3 -133.0 175 0 19.8 12.1 4.0 2.5 2 0 1 5 5
6598.4 2479.1 -129.1 151 0 21.0 18.5 17.5 3.5 2 0 5 1 1
6681.8 2621.1 -132.0 339 0 15.4 20.6 17.5 3.5 2 1 5 0 0
6933.6 3598.0 -146.4 94 0 21.9 17.0 17.5 3.5 2 0 5 5 5
6189.2 3400.2 -141.7 83 0 16.1 23.0 10.5 3.5 2 0 3 1 1
6178.4 3457.4 -141.7 253 0 21.1 35.7 10.5 0.0 0 0 3 5 5
6234.6 3386.4 -142.3 343 0 38.1 17.9 10.5 3.5 2 0 3 2 2
6316.9 3954.8 -146.7 103 0 27.8 16.5 14.0 3.5 2 0 4 2 2
6322.7 3942.7 -146.1 12 0 20.9 16.6 14.0 3.5 2 0 4 0 0
5264.8 6829.8 -167.9 24 0 8.8 23.1 7.5 2.5 4 1 3 2 2
3869.5 6838.4 -162.1 235 0 18.3 25.0 12.5 2.5 2 1 5 2 2
3888.3 6686.9 -157.8 328 0 9.2 16.1 7.5 2.5 2 1 3 4 4
3923.3 6870.4 -163.6 231 0 19.0 11.6 2.5 2.5 4 0 1 4 4
3115.9 7799.6 -159.0 305 0 45.9 17.0 10.0 2.5 2 0 4 2 2
1656.9 8459.7 -164.3 289 0 14.4 14.6 5.0 2.5 2 0 2 0 0
1682.2 8450.7 -164.2 289 0 39.3 14.6 10.0 2.5 2 0 4 0 0
1700.9 8392.6 -164.4 20 0 20.1 15.6 7.5 2.5 2 0 3 5 5
1620.3 8228.3 -163.6 130 0 45.8 67.9 12.5 0.0 0 1 5 2 2
411.0 9424.1 -164.9 219 0 52.0 21.1 7.5 2.5 2 0 3 2 2
17.8 9691.0 -166.0 142 0 10.3 48.4 7.5 2.5 2 0 3 3 3
62.5 9712.4 -166.0 322 0 11.5 40.1 5.0 2.5 2 0 2 5 5
72.6 9698.6 -165.9 324 0 11.6 30.1 7.5 2.5 2 1 3 4 4
123.1 9640.1 -165.7 220 0 10.0 31.2 7.5 2.5 2 1 3 4 4
-808.6 9966.5 -163.0 93 0 22.0 9.7 7.5 2.5 2 0 3 0 0
-831.2 9967.2 -163.0 93 0 20.6 11.2 10.0 2.5 2 0 4 1 1
-829.6 9953.2 -162.7 2 0 27.1 10.0 7.5 2.5 2 0 3 1 1
-1279.6 10066.3 -158.8 253 0 12.3 11.5 7.5 2.5 2 0 3 2 2
-1310.2 10081.9 -159.0 38 0 24.8 14.8 12.5 2.5 2 0 5 2 2
5992.6 4052.4 -141.2 283 0 34.9 12.7 14.0 3.5 2 0 4 5 5
5248.0 3910.5 -122.1 334 0 24.9 24.0 10.0 0.0 0 0 4 3 3
5203.2 3928.5 -122.2 154 0 39.8 18.0 7.5 2.5 2 0 3 3 3
5357.1 3339.1 -105.6 179 0 22.5 15.4 14.0 3.5 2 0 4 0 0
5365.5 3323.0 -103.5 244 0 19.0 39.3 14.0 3.5 2 1 4 5 5
5734.6 3728.2 -130.4 235 0 15.6 22.5 14.0 3.5 2 1 4 1 1
5766.6 3678.8 -131.2 325 0 18.3 41.6 14.0 3.5 4 1 4 3 3
5562.0 1419.3 -111.5 55 0 25.9 18.6 14.0 3.5 2 0 4 1 1
5645.5 1148.8 -112.8 140 0 16.6 33.9 10.5 3.5 2 0 3 5 5
5631.6 610.6 -103.1 256 0 17.6 16.4 12.5 2.5 2 0 5 3 3
5670.1 88.6 -100.0 262 0 18.3 85.5 12.5 0.0 0 1 5 4 4
5737.8 -1418.1 -65.7 329 0 9.6 12.9 2.5 2.5 2 1 1 2 2
5529.2 -120.3 -83.4 90 0 6.4 17.7 7.5 2.5 2 1 3 3 3
5560.5 -112.0 -89.9 0 0 13.6 26.1 12.5 0.0 0 1 5 3 3
5630.7 -141.0 -93.1 179 0 12.7 10.2 5.0 2.5 2 0 2 5 5
5609.2 -142.7 -92.7 179 0 15.6 21.5 12.5 2.5 2 0 5 0 0
5768.4 32.2 -100.6 160 0 48.5 31.3 10.0 0.0 0 0 4 4 4
1682.8 -6915.0 -88.7 115 0 27.6 64.1 12.5 0.0 0 1 5 2 2
6930.8 -8775.6 -165.7 194 0 42.2 77.0 7.5 0.0 0 1 3 4 4
5117.9 4578.9 -147.6 16 0 20.6 22.1 10.0 2.5 2 1 4 5 5
5144.6 4624.1 -148.6 0 0 44.3 22.2 10.0 2.5 2 0 4 5 5
4203.7 6013.4 -156.1 164 0 8.8 38.6 7.5 2.5 2 1 3 2 2
6717.7 3488.7 -144.1 39 0 28.5 20.4 17.5 0.0 0 0 5 4 4
6675.5 3511.8 -144.0 302 0 20.1 28.3 17.5 3.5 2 1 5 4 4
-1744.2 -3606.7 -1.7 34 0 10.6 25.7 5.0 0.0 0 1 2 0 0
3270.6 -6758.7 0.2 266 0 15.0 15.6 2.5 2.5 2 1 1 1 1
3273.5 -6788.3 -0.3 20 0 15.7 13.2 7.5 2.5 2 0 3 4 4
3253.4 -6757.3 0.2 265 0 13.6 15.6 2.5 2.5 2 1 1 5 5
3235.4 -6755.9 -0.2 265 0 13.3 15.3 7.5 2.5 2 1 3 2 2
3211.9 -6761.0 -2.4 176 0 15.4 13.3 10.0 2.5 2 0 4 2 2
3234.5 -6775.8 -0.2 277 0 13.7 15.1 5.0 0.0 0 1 2 0 0
3253.8 -6800.1 -0.6 12 0 15.3 14.1 5.0 2.5 2 0 2 1 1
3226.2 -6815.0 -0.8 105 0 13.8 14.9 10.0 2.5 2 1 4 2 2
4009.4 -7686.6 -115.2 38 0 15.6 9.0 5.0 2.5 2 0 2 0 0
3998.5 -7701.9 -116.4 36 0 12.8 10.3 5.0 2.5 2 0 2 2 2
3987.8 -7679.6 -114.5 216 0 14.4 9.3 2.5 2.5 2 0 1 3 3
3999.0 -7665.1 -113.5 219 0 15.7 10.1 7.5 2.5 2 0 3 5 5
4021.0 -7673.2 -114.2 38 0 15.2 10.3 5.0 0.0 0 0 2 4 4
4031.0 -7658.7 -113.1 33 0 14.4 9.4 5.0 2.5 2 0 2 1 1
4031.8 -7670.5 -115.2 216 0 14.7 9.3 2.5 2.5 2 0 1 4 4
4051.7 -7642.7 -113.2 218 0 17.5 10.6 5.0 2.5 2 0 2 4 4
4064.1 -7664.5 -114.9 36 0 13.3 10.5 2.5 0.0 0 0 1 3 3
4054.5 -7679.6 -116.3 37 0 15.7 11.0 7.5 2.5 2 0 3 1 1
4032.8 -7708.3 -118.5 38 0 13.7 11.2 7.5 2.5 2 0 3 4 4
4050.0 -7695.4 -118.8 219 0 13.6 11.1 5.0 0.0 0 0 2 0 0
4060.5 -7683.5 -117.8 216 0 14.1 9.6 2.5 2.5 4 0 1 2 2
4070.4 -7669.1 -116.6 217 0 13.4 9.7 5.0 2.5 2 0 2 5 5
4082.6 -7692.0 -118.7 36 0 13.8 10.9 5.0 2.5 2 0 2 2 2
4123.7 -7650.2 -116.6 217 0 14.9 9.5 7.5 2.5 2 0 3 5 5
4071.9 -7718.8 -121.4 219 0 13.9 10.0 5.0 2.5 2 0 2 0 0
4143.3 -7664.2 -117.6 39 0 15.7 11.0 5.0 2.5 2 0 2 2 2
4122.5 -7690.3 -119.3 37 0 12.7 11.0 5.0 2.5 2 0 2 3 3
4149.0 -7668.4 -118.4 216 0 14.1 10.7 5.0 2.5 2 0 2 0 0
4138.5 -7681.9 -119.7 217 0 13.1 11.5 10.0 2.5 2 0 4 3 3
4127.8 -7696.0 -120.6 217 0 13.0 10.0 5.0 2.5 2 0 2 1 1
4118.1 -7709.4 -121.5 218 0 13.6 9.2 7.5 2.5 2 0 3 2 2
4135.4 -7722.2 -122.3 39 0 14.6 9.4 5.0 2.5 2 0 2 3 3
4158.2 -7696.3 -119.9 40 0 13.5 10.2 7.5 2.5 4 0 3 2 2
4148.0 -7624.9 -115.3 224 0 24.8 11.8 15.0 0.0 0 0 6 1 1
4259.3 -7801.2 -114.6 142 0 20.3 17.5 10.0 2.5 2 0 4 4 4
4254.2 -7828.6 -118.2 53 0 18.0 22.6 12.5 2.5 2 1 5 2 2
4208.4 -7806.8 -120.1 144 0 18.9 17.0 15.0 0.0 0 0 6 1 1
4224.2 -7824.7 -121.4 318 0 20.0 16.4 12.5 2.5 2 0 5 0 0
4244.1 -7748.6 -113.4 144 0 19.5 16.0 10.0 2.5 2 0 4 2 2
4250.0 -7774.5 -114.0 144 0 19.9 16.2 10.0 2.5 2 0 4 0 0
4228.5 -7745.2 -116.2 323 0 18.6 14.2 10.0 2.5 4 0 4 1 1
4233.9 -7769.5 -117.1 322 0 18.8 14.5 12.5 2.5 2 0 5 0 0
4246.8 -7792.8 -117.1 325 0 19.1 14.7 12.5 2.5 2 0 5 3 3
6048.2 -5068.0 -40.8 266 0 6.9 12.1 7.5 2.5 2 1 3 4 4
6025.1 -5088.0 -40.1 180 0 10.3 8.5 7.5 2.5 2 0 3 0 0
6017.6 -5108.4 -40.3 204 0 19.1 11.4 10.0 2.5 2 0 4 3 3
5983.0 -5119.5 -37.7 180 0 12.9 8.9 7.5 2.5 2 0 3 4 4
6004.1 -5025.7 -33.7 275 0 10.1 9.4 7.5 0.0 0 0 3 1 1
6026.0 -4996.7 -37.4 6 0 10.0 11.0 5.0 2.5 2 1 2 1 1
6049.0 -5053.6 -39.1 129 0 9.6 5.7 7.5 0.0 0 0 3 2 2
6121.3 -5042.0 -45.2 313 0 13.3 9.3 7.5 2.5 4 0 3 3 3
6096.7 -5033.1 -43.3 46 0 10.7 10.6 2.5 2.5 2 0 1 5 5
6045.3 -5110.0 -41.4 13 0 10.6 12.1 5.0 2.5 2 1 2 4 4
6082.9 -5017.7 -42.9 230 0 10.6 10.1 5.0 2.5 2 0 2 2 2
6111.4 -4987.6 -47.0 281 0 6.4 15.6 7.5 2.5 2 1 3 2 2
6128.3 -5041.4 -46.7 135 0 7.7 7.6 7.5 2.5 2 0 3 1 1
6112.9 -5028.4 -45.0 36 0 6.4 8.4 2.5 2.5 2 1 1 0 0
6071.2 -5086.8 -43.1 315 0 6.0 8.4 5.0 2.5 4 1 2 4 4
6033.4 -5028.6 -37.1 186 0 8.5 6.1 2.5 2.5 2 0 1 5 5
5974.9 -4998.3 -32.7 210 0 10.2 10.3 7.5 0.0 0 1 3 1 1
6098.5 -5053.1 -42.7 35 0 6.9 5.6 5.0 2.5 2 0 2 1 1
5496.6 -6775.8 -109.6 39 0 18.1 33.0 12.5 2.5 2 1 5 5 5
6043.4 -5739.8 -82.1 84 0 17.8 24.0 7.5 2.5 2 1 3 0 0
6025.0 -5657.8 -79.1 181 0 15.1 21.8 10.0 2.5 4 1 4 3 3
5942.6 -5165.3 -35.8 180 0 13.1 10.8 5.0 0.0 0 0 2 3 3
4165.7 -4189.6 111.8 200 0 10.8 23.3 15.0 0.0 0 1 6 5 5
4106.1 -4198.5 116.2 207 0 9.8 9.1 7.5 2.5 2 0 3 4 4
4100.6 -4218.6 115.4 199 0 11.0 15.1 7.5 2.5 4 1 3 0 0
4073.8 -4280.0 114.6 44 0 6.3 9.6 7.5 0.0 0 1 3 0 0
3726.8 -4504.3 98.6 302 0 12.9 17.8 5.0 2.5 2 1 2 2 2
3738.2 -4432.4 106.3 137 0 10.2 15.9 5.0 2.5 2 1 2 0 0
3707.7 -4405.2 108.3 131 0 11.5 12.9 5.0 2.5 2 1 2 5 5
3785.1 -4330.7 113.9 314 0 11.4 9.7 2.5 2.5 2 0 1 4 4
3904.8 -4299.1 114.3 319 0 9.6 20.3 7.5 0.0 0 1 3 0 0
3893.3 -4252.7 118.5 175 0 10.3 8.9 7.5 2.5 2 0 3 2 2
3947.2 -4228.9 119.8 14 0 9.3 22.2 5.0 2.5 2 1 2 3 3
3991.0 -4274.5 116.4 47 0 10.8 8.5 5.0 2.5 2 0 2 0 0
4007.7 -4253.9 117.0 317 0 9.0 11.2 7.5 2.5 2 1 3 0 0
3981.8 -4190.3 120.7 197 0 10.1 5.5 2.5 2.5 4 0 1 4 4
4023.5 -4343.5 110.9 231 0 11.0 5.2 5.0 2.5 2 0 2 5 5
3792.7 -4524.4 98.0 260 0 10.2 10.1 5.0 2.5 2 0 2 5 5
3815.2 -4513.7 98.7 241 0 11.2 16.7 5.0 2.5 2 0 2 2 2
3169.6 -6664.8 -2.9 213 0 12.8 16.2 7.5 2.5 2 1 3 0 0
3219.5 -6659.9 2.2 137 0 15.8 11.9 7.5 2.5 2 0 3 4 4
3225.2 -6675.6 1.6 320 0 13.8 11.6 7.5 2.5 2 0 3 2 2
3247.2 -6652.1 3.0 280 0 12.3 9.4 5.0 2.5 2 0 2 5 5
3247.8 -6680.3 2.5 53 0 11.7 13.4 5.0 2.5 2 1 2 1 1
3271.3 -6673.9 3.5 61 0 12.5 13.8 7.5 0.0 0 1 3 2 2
3246.2 -6691.0 2.2 241 0 11.5 14.1 5.0 0.0 0 1 2 1 1
3266.9 -6688.3 3.0 239 0 12.5 14.6 7.5 2.5 2 1 3 1 1
3226.7 -6732.3 -0.3 67 0 13.1 15.4 2.5 2.5 2 1 1 2 2
3197.4 -6719.5 -2.4 148 0 15.1 10.9 7.5 2.5 2 0 3 2 2
3195.1 -6700.3 -1.5 132 0 13.9 12.0 10.0 2.5 4 0 4 4 4
3206.0 -6897.4 -2.8 345 0 12.2 9.9 7.5 2.5 2 0 3 2 2
3328.3 -6800.3 -0.5 72 0 10.1 21.8 10.0 2.5 2 1 4 3 3
3375.8 -6753.9 0.5 28 0 14.1 10.5 5.0 2.5 2 0 2 5 5
3435.6 -6672.6 6.7 162 0 12.5 10.3 7.5 2.5 2 0 3 0 0
3388.8 -6643.7 8.2 281 0 11.3 9.2 2.5 2.5 2 0 1 2 2
3305.3 -6723.1 2.6 19 0 10.4 8.1 5.0 2.5 2 0 2 1 1
3331.6 -6702.3 3.9 211 0 6.0 16.2 5.0 2.5 2 1 2 1 1
3292.2 -6745.9 1.0 111 0 11.7 11.6 7.5 0.0 0 0 3 2 2
3370.3 -6928.7 0.3 346 0 7.5 11.2 5.0 2.5 2 1 2 0 0
3377.0 -6937.3 -0.1 329 0 11.7 11.3 7.5 2.5 2 0 3 0 0
3512.0 -6436.1 10.8 15 0 10.2 20.2 7.5 2.5 2 1 3 4 4
3439.6 -6496.9 17.6 189 0 9.4 24.8 7.5 2.5 2 1 3 4 4
3845.0 -5222.9 64.7 226 0 16.7 15.2 10.0 2.5 2 0 4 4 4
3863.4 -5206.5 65.6 228 0 16.7 14.2 7.5 2.5 2 0 3 0 0
3878.1 -5167.2 69.7 21 0 7.4 8.9 7.5 2.5 2 1 3 1 1
3895.5 -5191.3 66.0 315 0 14.6 17.0 7.5 2.5 2 1 3 4 4
3903.7 -5213.1 63.5 227 0 16.0 14.8 7.5 0.0 0 0 3 2 2
3889.1 -5226.8 63.1 229 0 11.0 12.8 2.5 2.5 2 1 1 4 4
3858.9 -5254.3 61.6 226 0 16.2 13.6 5.0 2.5 2 0 2 2 2
3870.9 -5279.5 58.9 226 0 16.5 14.1 5.0 2.5 2 0 2 2 2
3918.1 -5235.8 61.0 225 0 17.6 13.8 5.0 2.5 2 0 2 1 1
2625.2 -8753.7 -168.2 174 0 59.0 51.3 10.0 0.0 0 0 4 5 5
2715.8 -8770.9 -168.2 24 0 31.4 33.1 10.0 0.0 0 1 4 2 2
4940.1 -8430.7 -159.9 252 0 8.5 13.9 5.0 0.0 0 1 2 4 4
4957.8 -8510.3 -161.1 162 0 10.5 12.8 5.0 0.0 0 1 2 1 1
4934.8 -8531.7 -162.0 73 0 8.6 13.3 7.5 0.0 0 1 3 1 1
4922.9 -8470.1 -161.0 343 0 10.8 13.0 7.5 0.0 0 1 3 0 0
4853.0 -8478.1 -162.0 244 0 9.8 13.3 2.5 0.0 0 1 1 2 2
4858.7 -8504.4 -162.3 153 0 11.1 13.0 2.5 0.0 0 1 1 4 4
4888.7 -8529.9 -162.8 332 0 10.8 13.0 7.5 0.0 0 1 3 2 2
4899.4 -8534.9 -162.6 210 0 8.9 13.9 2.5 0.0 0 1 1 4 4
4899.8 -8501.4 -161.7 162 0 10.8 13.0 5.0 0.0 0 1 2 3 3
4816.8 -8502.9 -162.9 239 0 8.6 13.3 7.5 0.0 0 1 3 0 0
4809.8 -8574.1 -164.2 148 0 10.8 13.0 5.0 0.0 0 1 2 1 1
4800.7 -8556.8 -164.0 148 0 10.7 13.0 7.5 0.0 0 1 3 0 0
4740.3 -8913.1 -169.0 175 0 7.1 7.3 7.5 2.5 2 1 3 3 3
4741.9 -8937.7 -169.3 175 0 7.1 7.3 7.5 2.5 2 1 3 5 5
4742.7 -8950.1 -169.4 175 0 7.1 7.3 7.5 0.0 0 1 3 0 0
4759.1 -8954.0 -169.4 85 0 7.3 7.1 5.0 2.5 2 0 2 0 0
4760.4 -8924.5 -169.1 355 0 7.1 7.3 7.5 2.5 2 1 3 3 3
4758.6 -8899.6 -168.8 355 0 7.1 7.3 2.5 2.5 2 1 1 0 0
4759.7 -8912.1 -169.0 355 0 7.1 7.3 7.5 2.5 2 1 3 0 0
4786.4 -8868.2 -168.3 175 0 7.1 7.3 2.5 2.5 2 1 1 3 3
4788.1 -8891.5 -168.6 175 0 7.1 7.3 7.5 2.5 2 1 3 3 3
4789.3 -8903.5 -168.7 175 0 7.1 7.3 5.0 2.5 2 1 2 1 1
4793.2 -8951.8 -169.2 175 0 7.1 7.3 7.5 2.5 2 1 3 5 5
4811.8 -8940.0 -169.1 355 0 7.1 7.3 7.5 2.5 2 1 3 4 4
4808.1 -8900.7 -168.6 355 0 7.1 7.3 7.5 2.5 4 1 3 4 4
4805.0 -8865.2 -168.3 355 0 7.1 7.3 7.5 2.5 4 1 3 5 5
4823.4 -8872.9 -168.2 184 0 7.1 7.3 2.5 2.5 2 1 1 5 5
4822.4 -8895.7 -168.5 184 0 7.1 7.3 5.0 2.5 2 1 2 5 5
4844.0 -8858.7 -168.0 4 0 7.1 7.3 7.5 2.5 2 1 3 3 3
4842.3 -8894.4 -168.4 4 0 7.1 7.3 2.5 2.5 4 1 1 4 4
4841.0 -8918.2 -168.7 4 0 7.1 7.3 7.5 2.5 2 1 3 2 2
4839.9 -8942.2 -169.0 4 0 7.1 7.3 7.5 2.5 2 1 3 2 2
4831.5 -8953.3 -169.1 184 0 7.1 7.3 5.0 0.0 0 1 2 2 2
4731.4 -8949.3 -169.5 355 0 7.1 7.3 7.5 2.5 2 1 3 1 1
4729.6 -8925.9 -169.3 355 0 7.1 7.3 7.5 2.5 2 1 3 5 5
4724.6 -8867.1 -168.6 355 0 7.1 7.3 7.5 2.5 2 1 3 5 5
4727.6 -8901.6 -169.0 355 0 7.1 7.3 5.0 2.5 2 1 2 4 4
4728.7 -8914.5 -169.1 355 0 7.1 7.3 5.0 2.5 2 1 2 0 0
4700.5 -8872.4 -168.8 355 0 7.1 7.3 7.5 2.5 2 1 3 3 3
4701.4 -8884.6 -168.9 355 0 7.1 7.3 2.5 2.5 2 1 1 4 4
4704.6 -8909.8 -169.2 355 0 7.1 7.3 5.0 2.5 2 1 2 1 1
4706.1 -8923.8 -169.3 355 0 7.1 7.3 5.0 2.5 2 1 2 0 0
4707.3 -8935.8 -169.5 355 0 7.1 7.3 5.0 2.5 4 1 2 5 5
4709.1 -8948.5 -169.6 355 0 7.1 7.3 5.0 2.5 2 1 2 3 3
4689.0 -8948.2 -169.6 175 0 7.1 7.3 2.5 2.5 2 1 1 0 0
4687.7 -8937.1 -169.5 175 0 7.1 7.3 5.0 2.5 2 1 2 3 3
4682.0 -8886.4 -169.0 175 0 7.1 7.3 5.0 2.5 2 1 2 2 2
4684.6 -8871.7 -168.8 265 0 7.3 7.1 5.0 2.5 2 0 2 5 5
4661.8 -8886.6 -169.0 262 0 5.6 7.3 7.5 2.5 2 1 3 5 5
4663.4 -8913.3 -169.3 171 0 7.3 5.6 7.5 2.5 2 0 3 5 5
4665.2 -8925.1 -169.4 171 0 7.3 5.6 7.5 2.5 2 0 3 3 3
4667.1 -8936.6 -169.6 172 0 7.3 5.6 7.5 2.5 2 0 3 3 3
4668.5 -8948.3 -169.7 172 0 7.3 5.6 5.0 2.5 2 0 2 1 1
4645.6 -8941.1 -169.6 351 0 8.1 5.4 5.0 2.5 2 0 2 1 1
4633.2 -8879.0 -168.9 261 0 5.4 8.1 2.5 2.5 2 1 1 1 1
4616.4 -8899.4 -169.1 171 0 8.1 5.4 7.5 2.5 2 0 3 4 4
4618.4 -8912.2 -169.2 171 0 8.1 5.4 2.5 2.5 2 0 1 2 2
4622.2 -8940.0 -169.6 171 0 8.1 5.4 2.5 0.0 0 0 1 2 2
-1603.6 -10903.9 -166.7 176 0 8.4 11.6 5.0 2.5 2 1 2 3 3
-1622.9 -10928.2 -163.2 176 0 8.4 11.6 2.5 2.5 4 1 1 1 1
-1624.6 -10900.1 -165.7 176 0 8.4 11.6 5.0 2.5 2 1 2 5 5
-1625.0 -10886.7 -166.5 176 0 8.4 11.6 5.0 2.5 2 1 2 5 5
-1628.1 -10830.9 -170.0 176 0 8.4 11.6 2.5 2.5 2 1 1 2 2
-1624.6 -10873.0 -167.5 176 0 8.4 11.6 5.0 2.5 2 1 2 2 2
-1638.9 -10830.1 -168.8 356 0 8.4 11.6 5.0 2.5 2 1 2 3 3
-1638.2 -10842.4 -168.1 356 0 8.4 11.6 5.0 2.5 2 1 2 3 3
-1636.8 -10915.4 -163.4 356 0 8.4 11.6 5.0 2.5 2 1 2 0 0
-1636.1 -10928.1 -162.2 356 0 8.4 11.6 2.5 2.5 2 1 1 0 0
-1634.0 -10942.1 -160.3 356 0 8.4 11.6 5.0 2.5 2 1 2 3 3
-1638.7 -10961.5 -158.2 86 0 11.6 8.4 5.0 2.5 2 0 2 0 0
-1664.5 -10928.0 -161.8 176 0 8.4 11.6 7.5 2.5 2 1 3 2 2
-1665.7 -10914.1 -162.6 176 0 8.4 11.6 5.0 2.5 2 1 2 3 3
-1667.1 -10901.8 -163.3 176 0 8.4 11.6 5.0 2.5 2 1 2 3 3
-1667.1 -10858.1 -166.2 176 0 8.4 11.6 7.5 2.5 2 1 3 1 1
-1668.5 -10843.7 -167.0 176 0 8.4 11.6 7.5 2.5 2 1 3 2 2
-1668.1 -10828.3 -168.0 176 0 8.4 11.6 7.5 2.5 2 1 3 2 2
-1662.8 -10811.2 -168.8 266 0 11.6 8.4 7.5 2.5 2 0 3 4 4
-1700.1 -10705.3 -171.4 176 0 8.4 11.6 2.5 2.5 2 1 1 4 4
-1699.1 -10731.7 -171.9 176 0 8.4 11.6 5.0 2.5 2 1 2 1 1
-1699.1 -10747.3 -172.1 176 0 8.4 11.6 7.5 2.5 2 1 3 4 4
-1690.9 -10793.6 -169.9 86 0 11.6 8.4 5.0 2.5 2 0 2 0 0
-1683.1 -10834.6 -166.7 356 0 8.4 11.6 7.5 2.5 2 1 3 3 3
-1687.6 -10867.3 -164.8 86 0 11.6 8.4 5.0 2.5 2 0 2 5 5
-1709.0 -10869.0 -164.3 86 0 11.6 8.4 5.0 2.5 2 0 2 0 0
-1713.9 -10837.3 -166.2 176 0 8.4 11.6 7.5 2.5 4 1 3 2 2
-1713.5 -10807.6 -168.3 176 0 8.4 11.6 5.0 2.5 2 1 2 4 4
-1712.3 -10759.2 -171.5 356 0 8.4 11.6 2.5 2.5 2 1 1 5 5
-1712.3 -10745.3 -171.4 356 0 8.4 11.6 7.5 2.5 2 1 3 0 0
-1710.9 -10731.8 -171.2 356 0 8.4 11.6 2.5 2.5 2 1 1 2 2
-1805.4 -10733.0 -168.7 356 0 8.4 11.6 7.5 2.5 2 1 3 4 4
-5600.1 -9998.4 -175.5 127 0 15.7 37.1 14.0 3.5 2 0 4 3 3
-5607.3 -9969.7 -175.5 217 0 37.1 15.2 14.0 3.5 2 0 4 3 3
-5322.5 -10629.5 -168.8 266 0 33.0 28.2 12.5 0.0 0 0 5 4 4
-5510.6 -9880.0 -170.6 91 0 13.3 13.7 14.0 3.5 2 1 4 3 3
6614.7 3884.5 -149.5 103 0 23.1 23.3 10.5 3.5 2 1 3 1 1
6795.3 3730.7 -145.5 14 0 28.5 15.9 17.5 3.5 2 0 5 4 4
6787.6 3701.2 -144.7 11 0 17.3 15.9 7.0 3.5 2 0 2 1 1
6854.5 3733.4 -144.8 283 0 16.7 14.2 17.5 0.0 0 0 5 4 4
6814.7 3734.9 -145.1 192 0 11.2 20.2 17.5 3.5 2 0 5 1 1
6826.0 3709.8 -144.6 180 0 21.1 11.8 17.5 3.5 2 0 5 3 3
6856.4 3704.7 -144.5 0 0 22.6 11.4 17.5 3.5 2 0 5 3 3
6829.6 3668.9 -144.4 90 0 14.8 22.9 17.5 3.5 2 1 5 0 0
6800.9 3680.2 -144.5 180 0 23.4 15.7 17.5 3.5 2 0 5 2 2
6635.6 3310.5 -143.0 337 0 16.7 26.3 38.5 0.0 0 1 11 1 1
6613.6 3282.7 -142.4 300 0 39.0 12.4 35.0 0.0 0 0 10 5 5
6606.9 3236.3 -141.8 125 0 14.5 15.4 14.0 3.5 2 1 4 4 4
6589.7 3244.6 -141.8 125 0 14.5 15.4 14.0 3.5 2 1 4 3 3
6574.7 3255.5 -141.9 125 0 14.5 15.4 14.0 3.5 2 1 4 3 3
6645.6 3133.2 -141.2 346 0 18.1 15.0 14.0 3.5 2 0 4 4 4
6637.0 3166.1 -141.4 256 0 15.0 18.1 14.0 3.5 2 1 4 2 2
6614.7 3160.7 -141.2 256 0 15.0 18.1 14.0 3.5 2 1 4 4 4
6610.1 3124.4 -140.9 166 0 18.1 15.0 14.0 3.5 2 0 4 5 5
6560.7 3163.7 -140.1 359 0 25.3 27.1 45.5 0.0 0 1 13 1 1
6549.4 3111.9 -139.3 88 0 27.1 25.3 45.5 0.0 0 0 13 1 1
6633.6 3346.8 -143.8 344 0 13.8 27.0 38.5 0.0 0 1 11 5 5
6522.1 3454.5 -144.2 120 0 27.8 22.0 31.5 0.0 0 0 9 5 5
6485.7 3477.7 -143.6 120 0 27.8 22.0 31.5 0.0 0 0 9 0 0
6604.4 3449.1 -144.4 220 0 23.7 23.0 45.5 0.0 0 0 13 5 5
6578.5 2986.6 -137.7 225 0 15.9 16.8 17.5 3.5 2 0 5 5 5
6566.7 2974.8 -137.3 225 0 17.6 16.4 17.5 3.5 2 0 5 4 4
6555.2 2963.3 -136.9 225 0 14.5 16.1 17.5 3.5 2 0 5 3 3
6543.9 2953.0 -136.6 230 0 16.2 17.0 17.5 3.5 2 0 5 0 0
6569.4 2925.6 -136.6 45 0 18.2 16.7 17.5 3.5 2 0 5 4 4
6581.1 2937.3 -136.9 45 0 14.9 15.9 17.5 3.5 2 0 5 4 4
6597.5 2953.6 -137.5 45 0 31.2 15.9 17.5 3.5 2 0 5 3 3
6614.8 2982.1 -137.9 315 0 15.9 16.8 17.5 3.5 2 0 5 2 2
6601.7 2997.8 -138.0 315 0 16.9 16.3 17.5 3.5 2 0 5 4 4
6631.5 3053.6 -139.7 353 0 36.5 15.5 17.5 3.5 2 0 5 0 0
6635.5 3018.7 -139.0 353 0 33.8 15.4 17.5 3.5 2 0 5 3 3
6599.2 3024.0 -138.8 173 0 16.9 14.6 17.5 3.5 2 0 5 1 1
6599.5 3063.1 -139.1 255 0 10.6 30.2 17.5 3.5 2 0 5 2 2
6585.5 2842.9 -135.4 137 0 10.3 24.6 14.0 3.5 2 1 4 3 3
6569.3 2858.7 -135.6 135 0 15.5 24.0 14.0 3.5 2 0 4 0 0
6552.4 2892.3 -135.7 227 0 21.9 28.2 14.0 0.0 0 0 4 4 4
6543.2 2999.5 -136.8 15 0 10.2 40.8 7.0 3.5 2 0 2 0 0
6540.3 2989.2 -136.6 16 0 11.0 40.7 7.0 3.5 2 0 2 5 5
6537.4 2979.0 -136.3 16 0 10.0 40.8 7.0 3.5 2 0 2 4 4
6534.6 2969.1 -136.1 16 0 10.5 40.9 7.0 3.5 2 0 2 3 3
6453.2 2982.4 -136.4 137 0 14.8 21.5 3.5 3.5 2 1 1 2 2
6480.2 2953.4 -135.9 137 0 21.7 17.4 21.0 0.0 0 0 6 3 3
6493.0 2939.8 -135.6 137 0 17.9 18.5 21.0 0.0 0 0 6 5 5
6507.2 2924.8 -135.3 137 0 23.5 19.4 21.0 0.0 0 0 6 5 5
6759.7 3035.2 -140.5 97 0 29.1 16.0 14.0 3.5 2 0 4 0 0
6782.4 3025.8 -140.2 277 0 74.8 32.1 7.0 0.0 0 0 2 0 0
6700.1 3042.7 -140.7 97 0 79.7 32.1 7.0 0.0 0 0 2 1 1
6699.4 3036.1 -140.1 277 0 79.8 32.1 7.0 0.0 0 0 2 1 1
6760.6 2942.4 -139.0 63 0 9.7 12.1 3.5 3.5 2 0 1 4 4
6794.7 2976.9 -139.4 271 0 28.3 25.5 21.0 0.0 0 0 6 5 5
6828.3 3243.8 -143.4 276 0 15.0 16.7 3.5 3.5 2 1 1 0 0
6846.1 3183.7 -143.1 96 0 7.5 37.3 3.5 3.5 2 1 1 1 1
6860.5 3188.8 -142.7 6 0 11.7 6.8 3.5 3.5 2 0 1 5 5
6861.6 3199.1 -142.8 6 0 9.1 6.9 3.5 3.5 2 0 1 1 1
6849.1 3223.0 -143.4 94 0 20.8 17.6 3.5 3.5 2 0 1 3 3
6862.7 3252.2 -143.6 6 0 5.1 8.6 3.5 3.5 2 1 1 4 4
6853.0 3292.4 -144.1 275 0 6.9 42.6 3.5 3.5 2 1 1 2 2
6863.9 3264.9 -143.8 6 0 19.1 9.3 3.5 3.5 2 0 1 3 3
6781.1 3310.5 -144.2 89 0 12.8 13.4 17.5 3.5 2 1 5 4 4
6769.5 3309.5 -144.1 89 0 9.4 14.4 7.0 3.5 2 0 2 4 4
6698.6 3306.4 -143.6 88 0 6.1 15.8 10.5 3.5 2 0 3 3 3
6711.4 3306.9 -143.7 88 0 7.8 15.8 7.0 3.5 2 0 2 1 1
6720.0 3308.2 -143.7 88 0 9.5 14.8 7.0 3.5 2 0 2 1 1
6709.1 3262.0 -142.6 279 0 13.3 14.3 3.5 3.5 4 1 1 5 5
6684.4 3290.9 -142.9 270 0 8.0 14.7 7.0 3.5 2 0 2 2 2
6671.4 3290.1 -142.8 270 0 10.6 14.4 7.0 3.5 4 1 2 2 2
6831.1 3020.7 -140.2 184 0 13.0 14.5 17.5 3.5 2 0 5 4 4
6849.1 3038.5 -140.6 14 0 26.9 16.0 17.5 3.5 2 0 5 5 5
6856.1 3078.3 -141.3 4 0 34.1 19.4 21.0 0.0 0 0 6 2 2
6770.1 2945.4 -139.2 64 0 10.3 18.8 14.0 3.5 2 0 4 3 3
6696.0 2956.0 -138.9 113 0 10.9 13.0 3.5 3.5 2 0 1 5 5
6684.6 2960.9 -138.7 113 0 14.0 13.1 7.0 3.5 2 0 2 2 2
6729.1 2948.5 -139.0 29 0 12.6 10.4 7.0 3.5 2 0 2 0 0
6635.9 2914.4 -136.9 24 0 10.8 6.8 10.5 3.5 2 0 3 4 4
6601.3 2910.4 -136.8 124 0 14.3 19.3 17.5 3.5 2 0 5 0 0
6607.0 2944.8 -137.2 230 0 12.1 14.0 17.5 3.5 2 0 5 4 4
6616.7 2952.9 -137.4 230 0 12.8 15.5 7.0 3.5 2 0 2 4 4
6639.5 2945.3 -137.7 146 0 7.8 13.8 7.0 3.5 2 0 2 3 3
6645.2 2969.6 -138.1 233 0 9.9 12.9 10.5 3.5 2 0 3 1 1
6715.3 2879.2 -137.3 217 0 12.1 11.2 17.5 3.5 2 0 5 2 2
6702.9 2885.5 -137.2 216 0 16.6 13.7 17.5 3.5 2 0 5 0 0
6764.6 2860.2 -137.7 23 0 9.7 8.8 10.5 3.5 2 0 3 2 2
6821.3 2883.9 -138.0 304 0 3.2 11.9 10.5 3.5 2 0 3 4 4
6828.8 2878.9 -137.9 304 0 5.5 7.0 10.5 3.5 2 0 3 0 0
6831.8 2862.9 -137.8 33 0 9.3 12.0 10.5 3.5 2 0 3 0 0
6809.6 2833.7 -137.3 124 0 5.2 7.3 10.5 3.5 2 0 3 5 5
6799.6 2819.0 -137.1 124 0 5.6 6.1 10.5 3.5 2 0 3 4 4
6803.0 2824.1 -137.2 124 0 5.5 11.7 10.5 3.5 2 0 3 2 2
6930.2 3529.5 -145.5 99 0 25.5 27.5 3.5 3.5 2 0 1 0 0
6695.8 2988.3 -139.3 281 0 11.3 16.0 17.5 3.5 2 0 5 2 2
6706.2 2986.3 -139.4 281 0 9.9 14.2 10.5 3.5 2 0 3 0 0
6677.7 2862.6 -136.6 68 0 12.9 15.8 7.0 3.5 4 1 2 1 1
6640.4 2891.6 -136.5 210 0 4.3 7.5 7.0 3.5 2 0 2 3 3
6641.0 2896.6 -136.6 210 0 4.8 7.6 10.5 3.5 2 0 3 5 5
6644.7 2903.0 -136.8 210 0 9.9 8.8 10.5 3.5 2 0 3 4 4
6648.0 2912.4 -137.0 210 0 9.6 11.3 7.0 3.5 2 0 2 3 3
6653.6 2921.9 -137.3 211 0 12.6 13.3 3.5 3.5 2 0 1 5 5
6659.7 2932.2 -137.5 210 0 11.3 14.3 7.0 3.5 2 0 2 2 2
6665.0 2941.1 -137.8 212 0 9.7 14.0 7.0 3.5 2 0 2 5 5
6652.5 2898.9 -136.8 210 0 6.7 5.9 10.5 3.5 2 0 3 3 3
6667.4 2919.1 -137.6 210 0 20.1 14.4 17.5 3.5 2 0 5 3 3
6691.1 2908.3 -137.6 30 0 19.6 11.4 17.5 3.5 2 0 5 3 3
6717.2 2930.2 -138.4 31 0 7.0 11.0 10.5 3.5 2 1 3 3 3
6927.4 3112.4 -140.2 316 0 8.1 9.7 10.5 3.5 2 0 3 4 4
6892.8 3097.8 -140.7 112 0 3.5 13.7 10.5 3.5 2 0 3 1 1
6898.9 3095.4 -140.6 112 0 9.6 5.4 10.5 3.5 2 0 3 5 5
6845.5 3119.9 -141.6 186 0 5.2 12.3 10.5 3.5 2 0 3 1 1
6867.7 3123.2 -141.7 7 0 6.3 10.5 10.5 3.5 2 0 3 3 3
6854.3 3016.3 -140.1 200 0 8.9 8.9 10.5 3.5 2 0 3 1 1
6858.1 2984.9 -139.6 208 0 7.6 10.7 10.5 3.5 2 1 3 1 1
6847.6 2997.7 -139.8 200 0 5.2 10.8 10.5 3.5 2 0 3 4 4
6845.2 2991.1 -139.7 200 0 7.7 10.9 10.5 3.5 2 0 3 3 3
6869.2 2956.0 -139.3 39 0 15.7 13.9 14.0 3.5 2 0 4 2 2
6877.6 2948.3 -139.2 32 0 11.1 11.2 14.0 3.5 2 0 4 3 3
6872.4 2939.9 -139.1 32 0 8.7 12.9 10.5 3.5 2 0 3 1 1
6864.6 2929.4 -139.0 48 0 7.1 23.1 7.0 3.5 2 0 2 2 2
6837.1 2941.3 -139.1 136 0 8.2 16.2 10.5 3.5 2 0 3 5 5
6858.6 2924.1 -138.9 48 0 8.9 23.0 10.5 0.0 0 0 3 1 1
6779.5 2876.3 -137.9 192 0 10.4 6.0 10.5 3.5 2 0 3 1 1
6775.3 2854.4 -137.6 192 0 19.6 11.5 3.5 3.5 2 0 1 0 0
6908.5 3437.3 -144.6 181 0 8.2 13.1 3.5 3.5 2 0 1 0 0
6877.6 3368.6 -144.6 2 0 6.9 6.6 7.0 3.5 2 0 2 5 5
6907.5 3425.5 -144.4 193 0 7.8 14.7 10.5 3.5 2 0 3 0 0
6930.1 3450.2 -144.3 271 0 11.7 10.5 10.5 3.5 2 0 3 1 1
6936.3 3460.3 -144.3 3 0 8.0 6.1 10.5 3.5 2 0 3 5 5
6909.2 3498.3 -145.3 184 0 10.1 10.9 7.0 3.5 2 0 2 3 3
6912.8 3527.5 -145.6 184 0 8.0 7.7 3.5 3.5 2 0 1 5 5
6902.3 3350.8 -143.6 245 0 5.0 8.6 3.5 3.5 2 0 1 3 3
6920.8 3326.8 -142.9 107 0 6.1 15.5 3.5 3.5 2 0 1 1 1
6932.2 3319.6 -142.7 112 0 16.2 17.8 10.5 3.5 2 0 3 0 0
6894.5 3283.3 -143.0 186 0 13.8 16.2 17.5 3.5 2 0 5 1 1
6937.3 3301.8 -142.2 209 0 11.3 7.0 10.5 3.5 2 0 3 5 5
6936.5 3288.7 -142.3 26 0 7.6 13.1 10.5 3.5 2 1 3 3 3
6932.7 3270.1 -142.4 36 0 8.0 18.5 10.5 3.5 2 1 3 3 3
6931.0 3238.0 -141.8 35 0 7.6 10.6 10.5 3.5 2 0 3 5 5
6914.0 3237.5 -142.2 29 0 8.7 9.6 10.5 3.5 2 0 3 4 4
6926.7 3231.0 -141.8 29 0 9.5 9.9 10.5 3.5 2 0 3 3 3
6915.0 3221.2 -142.2 28 0 6.8 18.9 10.5 0.0 0 1 3 4 4
6882.9 3188.9 -142.1 197 0 17.1 11.5 3.5 3.5 2 0 1 1 1
-4543.4 -10652.2 -120.6 63 0 24.9 19.3 7.5 2.5 2 0 3 3 3
-2100.1 -1235.0 6.4 263 0 7.4 7.6 2.5 2.5 2 1 1 4 4
-2063.5 -1132.1 7.5 167 0 11.9 10.0 5.0 2.5 2 0 2 3 3
-2044.0 -1121.0 7.8 91 0 9.2 12.3 5.0 2.5 2 1 2 4 4
-2020.0 -1062.9 8.3 341 0 21.1 12.5 5.0 2.5 2 0 2 3 3
-2063.3 -1068.8 8.0 257 0 13.4 23.3 12.5 2.5 2 1 5 3 3
-2158.7 -680.1 14.7 168 0 9.4 9.8 7.5 2.5 2 1 3 2 2
-2159.2 -743.1 14.1 72 0 8.4 15.1 2.5 2.5 2 1 1 1 1
-2130.8 -735.5 14.5 68 0 6.6 11.5 2.5 2.5 2 1 1 1 1
-2112.9 -735.9 14.8 71 0 5.0 15.1 2.5 2.5 4 1 1 3 3
-2091.6 -684.1 15.6 342 0 10.0 11.8 2.5 2.5 2 1 1 4 4
-2057.7 -669.7 16.4 69 0 5.4 10.2 5.0 2.5 2 1 2 0 0
-2096.7 -590.2 15.9 257 0 7.0 7.1 7.5 2.5 2 1 3 4 4
-2094.4 -598.9 15.9 253 0 7.0 6.8 5.0 2.5 2 0 2 3 3
-2139.1 -619.7 15.0 255 0 7.4 12.5 5.0 2.5 2 1 2 5 5
-2162.6 -632.7 14.6 256 0 7.2 5.2 2.5 2.5 2 0 1 1 1
-2138.0 -559.5 16.2 259 0 10.1 7.7 5.0 2.5 2 0 2 5 5
-2078.7 -441.4 17.7 77 0 12.6 10.3 7.5 2.5 2 0 3 4 4
-2108.4 -540.0 16.7 253 0 11.2 9.3 5.0 2.5 2 0 2 2 2
-2076.6 -548.8 17.0 78 0 6.3 4.9 7.5 2.5 2 0 3 3 3
-2096.0 -521.5 17.0 262 0 7.1 9.9 5.0 2.5 2 1 2 4 4
-2018.5 -561.4 17.3 64 0 9.3 9.4 2.5 2.5 2 1 1 4 4
-1817.5 -922.0 14.3 96 0 7.2 11.4 2.5 2.5 2 1 1 2 2
-1792.9 -279.8 39.3 171 0 6.4 10.7 5.0 2.5 2 1 2 0 0
-1737.1 -344.8 46.7 163 0 5.6 7.5 2.5 2.5 4 1 1 0 0
-1746.3 -341.9 45.6 200 0 5.3 5.8 5.0 2.5 2 1 2 4 4
-1754.2 -334.5 44.5 158 0 5.9 8.6 5.0 2.5 2 1 2 3 3
-1730.6 -268.2 45.1 264 0 11.9 17.0 5.0 2.5 4 1 2 5 5
-1713.0 -277.6 47.1 350 0 5.0 6.3 2.5 2.5 2 1 1 2 2
-1715.9 -282.1 47.5 266 0 9.0 9.6 7.5 2.5 2 1 3 0 0
-1721.8 -295.4 47.2 266 0 7.7 7.2 5.0 2.5 2 0 2 4 4
-1719.3 -307.9 46.5 1 0 4.6 14.3 7.5 0.0 0 1 3 3 3
-1691.4 -312.0 49.9 4 0 4.9 12.4 5.0 2.5 2 1 2 5 5
-1715.4 -329.2 48.2 358 0 4.6 6.8 7.5 2.5 2 1 3 0 0
-1682.2 -355.0 51.7 314 0 7.4 8.6 7.5 2.5 2 1 3 1 1
-1671.2 -348.1 53.4 326 0 7.9 7.1 2.5 0.0 0 0 1 5 5
-1667.4 -338.5 54.3 252 0 4.7 11.4 5.0 2.5 2 1 2 5 5
-1649.1 -345.4 55.9 340 0 9.4 5.9 2.5 2.5 4 0 1 4 4
-1623.5 -470.0 48.8 353 0 7.9 7.1 5.0 2.5 2 0 2 2 2
-1618.4 -457.6 51.0 5 0 10.3 5.0 5.0 2.5 2 0 2 3 3
-1626.3 -459.5 48.1 3 0 7.0 6.8 2.5 2.5 2 0 1 4 4
-1645.8 -489.0 42.6 10 0 6.7 7.6 2.5 2.5 2 1 1 0 0
-1656.0 -523.1 41.0 9 0 9.1 4.8 7.5 2.5 2 0 3 4 4
-1698.7 -603.9 48.1 188 0 5.2 8.8 5.0 0.0 0 1 2 4 4
-1706.6 -603.2 47.0 186 0 5.2 5.9 7.5 2.5 2 1 3 0 0
-1717.7 -604.6 45.7 185 0 9.0 6.1 5.0 2.5 2 0 2 1 1
-1717.7 -594.3 44.3 184 0 6.9 7.8 5.0 0.0 0 1 2 3 3
-1711.8 -545.3 36.1 85 0 5.1 10.9 7.5 2.5 2 1 3 5 5
-1756.7 -454.8 33.5 92 0 4.8 8.7 7.5 2.5 2 1 3 5 5
-1725.3 -460.2 36.6 103 0 8.0 7.0 7.5 2.5 2 0 3 5 5
-1744.6 -463.6 34.1 112 0 8.9 5.5 7.5 2.5 2 0 3 5 5
-1735.0 -449.0 36.5 99 0 8.4 9.4 5.0 2.5 2 1 2 0 0
-1743.5 -392.6 40.8 259 0 5.7 5.5 2.5 2.5 4 0 1 5 5
-1740.5 -404.4 40.1 245 0 6.4 6.1 7.5 0.0 0 0 3 5 5
-1705.2 -369.4 48.4 170 0 9.8 10.3 2.5 2.5 2 1 1 4 4
-1666.7 -362.6 53.0 313 0 11.2 7.2 5.0 0.0 0 0 2 4 4
-1668.5 -394.9 49.6 32 0 7.9 10.1 7.5 2.5 2 1 3 2 2
-1680.9 -382.8 49.6 44 0 7.9 10.8 5.0 2.5 2 1 2 4 4
-1709.3 -414.4 43.3 108 0 7.7 7.4 5.0 2.5 2 0 2 0 0
-1721.2 -443.1 39.0 98 0 4.3 9.5 5.0 2.5 2 1 2 2 2
-1713.7 -464.1 37.5 208 0 6.9 13.4 5.0 2.5 2 1 2 4 4
-1661.0 -445.7 44.7 355 0 8.1 10.0 5.0 0.0 0 1 2 0 0
-1656.4 -469.2 43.5 0 0 8.0 4.9 7.5 2.5 4 0 3 3 3
-1657.3 -477.6 42.4 5 0 4.9 8.1 2.5 0.0 0 1 1 3 3
-1665.8 -507.8 38.1 8 0 7.9 13.2 5.0 2.5 2 1 2 4 4
-1688.5 -508.0 37.3 259 0 7.7 19.6 5.0 2.5 2 1 2 3 3
-1692.5 -495.1 37.3 185 0 7.5 7.6 7.5 2.5 2 1 3 4 4
-1710.1 -514.8 36.2 174 0 8.7 9.2 2.5 2.5 2 1 1 5 5
-1700.1 -564.0 41.0 109 0 7.5 6.8 5.0 2.5 2 0 2 2 2
-1713.3 -573.8 41.8 196 0 8.5 10.5 7.5 2.5 2 1 3 3 3
-1739.3 -476.6 34.4 216 0 8.3 11.5 5.0 2.5 2 1 2 2 2
-1736.7 -501.2 34.4 270 0 5.1 6.9 7.5 2.5 2 1 3 2 2
-1745.2 -484.8 33.8 294 0 6.0 7.0 5.0 2.5 4 1 2 2 2
-1734.0 -548.4 34.4 94 0 3.7 9.4 7.5 2.5 2 1 3 1 1
-1735.1 -523.6 34.2 275 0 7.3 9.4 5.0 2.5 4 1 2 0 0
-1736.8 -510.3 34.3 266 0 9.9 7.6 7.5 2.5 2 0 3 5 5
-1748.9 -526.2 33.4 255 0 10.9 11.0 7.5 2.5 2 1 3 4 4
-1912.1 -528.3 23.6 247 0 8.0 9.6 7.5 2.5 2 1 3 5 5
-1932.5 -525.9 22.4 260 0 7.9 7.4 7.5 2.5 2 0 3 2 2
-1992.7 -590.0 18.0 161 0 13.6 9.6 7.5 2.5 2 0 3 5 5
-1894.8 -493.4 24.7 76 0 5.8 12.1 7.5 2.5 2 1 3 4 4
-1907.1 -492.9 24.0 84 0 7.2 7.2 2.5 2.5 2 1 1 2 2
-1898.6 -522.3 24.5 259 0 6.9 6.1 7.5 2.5 2 0 3 0 0
-1890.5 -534.8 24.5 348 0 7.1 8.9 7.5 2.5 2 1 3 5 5
-1898.3 -503.5 24.3 259 0 14.1 15.6 5.0 2.5 2 1 2 3 3
-1874.3 -659.2 31.4 42 0 4.0 9.7 7.5 2.5 2 1 3 4 4
-1886.2 -664.7 29.1 51 0 6.6 13.4 7.5 2.5 2 1 3 1 1
-1872.4 -576.5 25.1 353 0 7.0 6.4 5.0 2.5 2 0 2 4 4
-1870.2 -610.4 28.3 339 0 6.4 5.5 7.5 2.5 2 0 3 0 0
-1891.0 -569.2 23.8 344 0 10.2 10.7 7.5 2.5 2 1 3 5 5
-1901.7 -544.4 23.6 333 0 9.5 9.3 7.5 2.5 2 0 3 2 2
-1660.0 -721.1 57.4 0 0 11.3 6.0 7.5 2.5 4 0 3 5 5
-1740.4 -681.7 50.9 182 0 5.4 8.7 2.5 2.5 2 1 1 4 4
-1731.0 -643.8 50.1 189 0 8.4 7.2 5.0 0.0 0 0 2 0 0
-1773.1 -702.2 43.3 73 0 16.5 36.5 10.0 2.5 2 1 4 2 2
-1734.4 -606.8 40.9 10 0 19.4 17.9 7.5 2.5 2 0 3 3 3
-1816.7 -632.7 36.5 162 0 26.1 11.5 12.5 2.5 2 0 5 0 0
-1841.8 -585.8 28.4 163 0 5.3 5.7 7.5 0.0 0 1 3 1 1
-1829.7 -599.9 31.6 159 0 8.8 10.2 7.5 2.5 2 1 3 4 4
-1770.7 -555.5 31.5 6 0 4.6 9.1 7.5 2.5 4 1 3 0 0
-1803.9 -560.8 29.9 166 0 13.4 10.7 5.0 2.5 4 0 2 2 2
-1802.3 -588.8 33.1 167 0 9.6 9.6 5.0 2.5 4 0 2 2 2
-1785.6 -576.8 32.9 357 0 11.0 3.8 5.0 2.5 2 0 2 1 1
-1768.6 -577.1 35.1 342 0 7.1 6.5 5.0 0.0 0 0 2 4 4
-1758.1 -549.6 32.3 1 0 9.0 8.6 5.0 2.5 2 0 2 2 2
-1779.2 -526.1 31.6 270 0 4.8 10.8 5.0 2.5 2 1 2 2 2
-1762.5 -513.2 32.6 269 0 10.9 12.2 5.0 2.5 2 1 2 2 2
-1754.6 -495.5 33.4 269 0 4.8 9.9 2.5 2.5 2 1 1 0 0
-1768.0 -494.2 32.5 273 0 6.3 7.9 7.5 2.5 2 1 3 5 5
-1760.7 -482.3 32.9 277 0 8.2 5.2 7.5 2.5 2 0 3 0 0
-1779.8 -483.2 31.7 269 0 8.9 6.6 7.5 2.5 2 0 3 4 4
-1822.9 -499.6 29.2 261 0 4.4 7.3 5.0 2.5 2 1 2 1 1
-1819.1 -509.1 29.3 267 0 8.5 5.2 2.5 0.0 0 0 1 4 4
-1837.0 -526.5 28.4 169 0 7.7 11.0 7.5 2.5 2 1 3 5 5
-1857.7 -549.2 26.8 174 0 8.4 12.9 5.0 2.5 2 1 2 1 1
-1856.9 -536.9 27.0 174 0 9.7 11.2 5.0 2.5 2 1 2 5 5
-1837.3 -495.9 28.1 271 0 10.1 6.5 7.5 0.0 0 0 3 3 3
-1859.9 -479.5 27.1 183 0 12.1 6.2 2.5 2.5 2 0 1 2 2
-1858.0 -417.0 27.6 175 0 8.9 9.4 7.5 2.5 4 1 3 1 1
-1858.9 -430.2 27.5 173 0 7.3 11.1 5.0 2.5 2 1 2 2 2
-1852.8 -448.7 27.7 180 0 5.3 9.2 2.5 2.5 2 1 1 5 5
-1860.7 -462.1 27.1 175 0 12.7 13.8 2.5 2.5 2 1 1 1 1
-1835.6 -476.4 28.4 78 0 5.4 8.9 7.5 2.5 2 1 3 3 3
-1833.9 -484.7 28.4 69 0 7.0 6.2 7.5 2.5 2 0 3 1 1
-1802.4 -478.8 30.3 94 0 10.1 7.2 5.0 2.5 2 0 2 4 4
-1821.4 -474.9 29.3 89 0 6.6 7.9 5.0 2.5 2 1 2 0 0
-1817.1 -464.8 29.7 89 0 4.9 12.8 7.5 2.5 2 1 3 2 2
-1828.3 -422.3 29.3 245 0 4.5 13.4 7.5 2.5 2 1 3 0 0
-1805.5 -451.8 30.4 84 0 7.3 7.5 5.0 2.5 2 1 2 1 1
-1806.4 -441.0 30.3 86 0 12.4 7.8 5.0 2.5 2 0 2 4 4
-1804.3 -430.5 30.5 85 0 11.7 7.5 2.5 2.5 2 0 1 1 1
-1807.8 -357.8 36.0 337 0 5.5 7.4 7.5 0.0 0 1 3 3 3
-1833.8 -365.7 32.9 181 0 7.1 9.2 5.0 2.5 2 1 2 3 3
-1845.8 -283.8 33.3 171 0 8.4 7.7 5.0 2.5 4 0 2 3 3
-1851.1 -300.8 33.0 162 0 8.0 10.2 7.5 2.5 2 1 3 1 1
-1820.9 -301.4 35.7 0 0 11.3 6.9 2.5 2.5 2 0 1 5 5
-1831.7 -347.9 34.9 178 0 8.4 6.9 5.0 2.5 2 0 2 3 3
-1858.4 -390.0 27.8 179 0 10.6 19.3 10.0 2.5 2 1 4 5 5
-1800.9 -329.4 38.6 344 0 7.5 5.3 2.5 2.5 2 0 1 5 5
-1792.0 -347.6 39.2 353 0 5.1 6.9 5.0 2.5 2 1 2 1 1
-1790.1 -356.7 38.5 359 0 9.4 4.9 5.0 2.5 2 0 2 1 1
-1793.5 -369.2 36.4 351 0 7.7 8.3 7.5 2.5 4 1 3 4 4
-1762.2 -459.9 33.1 86 0 4.9 9.1 2.5 2.5 2 1 1 5 5
-1761.8 -477.2 33.0 89 0 3.9 11.2 5.0 2.5 2 1 2 2 2
-1777.4 -474.8 32.0 95 0 7.9 7.9 5.0 2.5 2 1 2 0 0
-1777.2 -461.1 32.0 89 0 9.8 9.3 7.5 0.0 0 0 3 5 5
-1778.3 -445.9 32.1 91 0 7.7 8.7 7.5 2.5 2 1 3 2 2
-1789.3 -394.8 34.2 269 0 11.4 8.2 7.5 2.5 2 0 3 0 0
-1782.5 -407.6 34.0 266 0 8.3 7.7 2.5 2.5 2 0 1 0 0
-1742.5 -426.7 37.6 86 0 10.0 8.3 2.5 2.5 2 0 1 1 1
-1760.1 -408.6 36.6 265 0 9.3 8.8 5.0 2.5 2 0 2 3 3
-1751.5 -382.3 41.4 180 0 6.5 13.0 5.0 2.5 2 1 2 3 3
-1770.7 -378.7 38.8 273 0 4.9 6.3 5.0 2.5 2 1 2 3 3
-1779.4 -377.7 37.3 273 0 8.1 8.7 7.5 2.5 2 1 3 2 2
-1776.0 -349.7 41.8 165 0 6.6 4.9 5.0 2.5 2 0 2 3 3
-1757.6 -354.3 43.5 169 0 9.7 6.0 7.5 0.0 0 0 3 5 5
-1771.6 -369.2 40.1 183 0 8.9 10.3 7.5 2.5 2 1 3 4 4
-1775.2 -359.6 40.9 171 0 7.0 9.9 5.0 2.5 2 1 2 1 1
-1783.9 -306.3 40.7 168 0 7.7 5.4 2.5 2.5 2 0 1 3 3
-1775.5 -317.0 41.8 162 0 8.2 3.7 7.5 0.0 0 0 3 5 5
-1806.7 -280.2 37.6 158 0 6.6 6.1 5.0 2.5 2 0 2 5 5
-1867.6 -163.0 32.5 355 0 12.3 8.1 7.5 0.0 0 0 3 3 3
-1902.4 -144.7 31.3 172 0 10.0 8.0 7.5 2.5 2 0 3 3 3
-1998.6 -48.3 31.5 165 0 4.8 6.3 7.5 2.5 2 1 3 2 2
-1983.1 -94.2 29.1 345 0 4.6 15.1 2.5 2.5 2 1 1 1 1
-1979.6 -130.4 28.1 173 0 4.0 11.2 5.0 2.5 2 1 2 4 4
-2069.1 -239.7 19.8 265 0 19.2 7.3 5.0 2.5 2 0 2 3 3
-2002.9 -195.2 24.0 347 0 5.2 8.9 7.5 2.5 2 1 3 0 0
-2003.8 -239.9 22.0 78 0 15.2 11.1 7.5 2.5 2 0 3 2 2
-1939.2 -246.6 24.6 168 0 7.5 6.9 7.5 2.5 2 0 3 3 3
-1942.7 -262.4 24.0 179 0 15.7 21.4 10.0 2.5 2 1 4 3 3
-1921.3 -234.6 25.8 174 0 25.9 6.4 2.5 2.5 2 0 1 5 5
-1877.6 -255.3 28.5 356 0 8.0 9.0 7.5 2.5 2 1 3 2 2
-1899.6 -269.4 26.7 352 0 7.7 7.5 5.0 2.5 2 0 2 4 4
-1896.2 -290.7 26.7 353 0 6.5 10.3 7.5 2.5 2 1 3 5 5
-1881.9 -309.0 28.6 358 0 6.3 10.4 7.5 2.5 2 1 3 0 0
-1864.6 -321.0 30.7 1 0 10.1 11.1 7.5 2.5 2 1 3 0 0
-1980.1 -362.7 20.8 176 0 8.8 4.9 7.5 2.5 2 0 3 4 4
-1917.0 -347.7 24.1 354 0 8.6 5.5 7.5 2.5 2 0 3 5 5
-1914.7 -365.6 24.0 357 0 7.7 8.1 7.5 2.5 2 1 3 2 2
-1899.6 -376.1 24.9 354 0 6.3 7.5 7.5 2.5 2 1 3 3 3
-1871.2 -481.3 25.9 8 0 7.3 8.6 2.5 2.5 2 1 1 4 4
-1876.1 -463.9 25.7 359 0 10.2 7.9 5.0 2.5 2 0 2 5 5
-1877.1 -442.2 25.5 350 0 11.1 11.1 2.5 2.5 2 1 1 2 2
-1913.1 -437.9 23.5 358 0 17.0 9.1 7.5 2.5 2 0 3 2 2
-1955.9 -525.7 20.7 62 0 9.0 10.2 2.5 2.5 2 1 1 2 2
-1981.9 -543.7 19.0 61 0 8.6 10.3 2.5 2.5 2 1 1 2 2
-1945.9 -557.5 21.1 249 0 8.1 8.6 7.5 2.5 4 1 3 0 0
-1942.8 -567.3 21.2 240 0 7.2 7.7 7.5 2.5 2 1 3 2 2
-1960.0 -574.3 20.1 248 0 7.2 9.4 5.0 2.5 2 1 2 5 5
-1972.5 -567.1 19.4 255 0 7.3 9.5 2.5 2.5 2 1 1 4 4
-1936.8 -593.9 21.3 159 0 9.8 9.4 2.5 2.5 2 0 1 3 3
-1931.5 -605.4 21.5 163 0 7.4 9.2 2.5 2.5 2 1 1 3 3
-1944.9 -619.9 20.9 164 0 10.4 7.4 5.0 2.5 2 0 2 5 5
-1896.2 -606.6 24.1 341 0 10.0 8.7 7.5 2.5 2 0 3 5 5
-1926.3 -617.8 23.0 166 0 8.5 6.8 7.5 2.5 2 0 3 1 1
-1899.9 -630.5 27.2 344 0 8.5 10.1 2.5 2.5 2 1 1 5 5
-1901.7 -651.7 26.6 339 0 10.3 12.3 5.0 2.5 4 1 2 5 5
-1915.8 -646.0 26.9 156 0 7.2 8.0 7.5 2.5 2 1 3 4 4
-1870.6 -730.6 26.1 320 0 9.0 10.5 7.5 2.5 2 1 3 1 1
-1867.9 -677.8 30.5 319 0 9.5 8.4 7.5 2.5 2 0 3 4 4
-1869.0 -698.0 28.6 318 0 9.4 10.2 5.0 2.5 2 1 2 2 2
-1902.3 -824.7 15.1 228 0 4.6 9.7 7.5 2.5 2 1 3 5 5
-1897.0 -823.9 15.4 126 0 9.6 10.2 7.5 2.5 2 1 3 5 5
-1887.0 -839.1 15.0 48 0 9.9 10.6 7.5 2.5 2 1 3 1 1
-1900.9 -803.5 16.0 135 0 10.9 11.3 2.5 2.5 2 1 1 2 2
-1820.3 -753.2 30.8 6 0 4.7 7.8 7.5 2.5 2 1 3 4 4
-1824.1 -725.8 35.3 157 0 8.7 16.3 7.5 2.5 2 1 3 0 0
-1841.6 -736.2 30.9 181 0 11.9 10.6 2.5 2.5 2 0 1 5 5
-1840.3 -749.1 29.3 180 0 10.5 9.2 7.5 2.5 2 0 3 0 0
-1804.1 -768.3 31.1 224 0 8.4 10.9 7.5 2.5 2 1 3 0 0
-1776.9 -785.1 33.6 187 0 5.0 9.5 7.5 2.5 2 1 3 0 0
-1780.7 -737.1 39.3 213 0 5.0 9.6 7.5 2.5 4 1 3 3 3
-1759.3 -713.7 45.8 190 0 4.8 11.1 5.0 2.5 2 1 2 0 0
-1745.9 -719.8 45.9 189 0 13.6 9.6 2.5 2.5 2 0 1 4 4
-1671.6 -740.5 52.7 356 0 14.7 9.6 5.0 2.5 2 0 2 0 0
-1730.1 -701.2 51.0 180 0 7.8 7.1 5.0 2.5 2 0 2 5 5
-1725.9 -776.6 42.0 88 0 8.8 7.9 7.5 2.5 2 0 3 3 3
-1738.0 -787.7 36.8 11 0 11.4 15.4 2.5 2.5 2 1 1 2 2
-1759.7 -825.1 27.7 7 0 12.2 14.2 2.5 2.5 2 1 1 1 1
-1756.9 -875.9 17.6 9 0 13.4 6.9 5.0 0.0 0 0 2 5 5
-1791.0 -908.2 15.4 84 0 9.4 9.1 7.5 2.5 2 0 3 2 2
-1781.8 -928.5 14.9 83 0 10.4 13.1 7.5 2.5 2 1 3 2 2
-5369.4 -10554.4 -172.7 143 0 15.6 10.9 10.0 2.5 2 0 4 1 1
-5698.8 -9790.9 -171.5 213 0 17.4 33.3 7.0 3.5 2 1 2 0 0
-5710.6 -9772.2 -169.1 232 0 26.6 16.7 10.5 3.5 4 0 3 0 0
-5689.0 -9758.1 -167.5 230 0 12.0 15.2 14.0 3.5 2 1 4 4 4
4717.8 1598.9 -75.3 305 0 82.8 34.2 17.5 0.0 0 0 5 0 0
5123.6 1618.5 -90.6 184 0 43.6 18.1 14.0 3.5 2 0 4 0 0
5630.7 1011.1 -104.3 180 0 23.3 24.8 10.5 3.5 2 1 3 4 4
6647.0 2497.8 -129.7 58 0 29.3 25.0 17.5 0.0 0 0 5 5 5
896.7 -9157.9 -176.8 3 0 6.3 9.6 5.0 2.5 2 1 2 1 1
894.8 -9197.7 -177.3 3 0 6.3 9.6 5.0 2.5 2 1 2 4 4
895.2 -9211.6 -177.5 3 0 6.3 9.6 7.5 2.5 2 1 3 5 5
872.0 -9200.5 -177.3 93 0 9.6 6.3 5.0 2.5 2 0 2 0 0
877.3 -9183.7 -177.1 3 0 6.3 9.6 2.5 2.5 2 1 1 5 5
874.5 -9167.1 -176.9 273 0 9.6 6.3 2.5 0.0 0 0 1 0 0
855.6 -9153.1 -176.7 273 0 9.6 6.3 5.0 0.0 0 0 2 0 0
848.5 -9168.5 -176.8 183 0 6.3 9.6 7.5 2.5 2 1 3 4 4
848.5 -9181.7 -177.0 183 0 6.3 9.6 2.5 2.5 2 1 1 1 1
847.4 -9195.3 -177.2 183 0 6.3 9.6 7.5 2.5 2 1 3 3 3
4406.5 284.9 -48.1 136 0 13.0 12.6 2.5 0.0 0 0 1 5 5
5278.1 2378.7 -85.8 344 0 15.8 17.3 10.5 3.5 2 1 3 5 5
5272.7 2401.2 -86.5 344 0 15.8 17.3 10.5 0.0 0 1 3 4 4
5266.8 2423.5 -87.1 344 0 15.8 17.3 10.5 3.5 2 1 3 1 1
5230.4 2365.6 -81.4 164 0 15.7 17.3 10.5 3.5 4 1 3 0 0
5229.8 2399.7 -83.3 201 0 15.8 17.3 10.5 3.5 4 1 3 5 5
5257.4 2450.8 -87.3 337 0 28.1 27.8 10.5 0.0 0 0 3 1 1
5308.2 2362.2 -92.3 170 0 24.0 31.4 10.5 0.0 0 1 3 2 2
5453.3 2259.8 -96.4 80 0 16.2 25.1 10.5 3.5 2 1 3 2 2
5436.4 2301.8 -95.9 170 0 25.1 16.2 10.5 3.5 2 0 3 3 3
5431.5 2334.0 -94.1 170 0 25.1 16.2 10.5 3.5 2 0 3 5 5
5443.3 2368.6 -92.3 350 0 25.1 16.2 10.5 3.5 2 0 3 0 0
5420.3 2403.8 -90.1 170 0 25.1 16.2 10.5 3.5 2 0 3 5 5
5413.7 2433.2 -88.7 170 0 20.8 16.4 10.5 3.5 2 0 3 3 3
5493.0 2019.0 -98.8 81 0 14.7 32.0 10.5 3.5 2 1 3 2 2
5470.8 2101.3 -95.3 171 0 32.0 14.7 10.5 3.5 2 0 3 3 3
5531.4 2125.9 -98.2 351 0 32.0 14.7 10.5 3.5 2 0 3 5 5
5539.3 2086.8 -100.3 351 0 32.0 14.7 10.5 0.0 0 0 3 5 5
-1390.9 -10262.6 -179.1 311 0 23.2 26.6 12.5 0.0 0 0 5 2 2
-1429.3 -10229.0 -174.6 311 0 12.1 16.4 7.5 2.5 2 1 3 2 2
-1388.1 -10215.1 -176.5 219 0 34.1 11.9 12.5 2.5 2 0 5 1 1
-1410.2 -10220.2 -174.7 42 0 20.7 10.6 5.0 2.5 2 0 2 0 0
-1428.7 -10190.7 -173.0 213 0 8.3 7.7 7.5 2.5 2 0 3 2 2
-1371.0 -10128.9 -175.5 122 0 23.5 14.8 10.0 2.5 2 0 4 0 0
