6139.6 -10465.3 -186.8 68 0 13.1 47.7 5.0 2.5 2 1 2 1 1
1533.5 1708.1 -123.8 284 0 69.4 34.4 10.0 0.0 0 0 4 3 3
6192.0 -10323.5 -185.8 250 0 47.9 31.4 5.0 0.0 0 0 2 3 3
6017.7 -9928.8 -178.4 249 0 30.7 48.4 5.0 0.0 0 1 2 0 0
6538.0 -10293.5 -187.9 179 0 46.5 26.1 5.0 0.0 0 0 2 5 5
5959.4 -10082.0 -179.1 172 0 28.2 43.1 5.0 0.0 0 1 2 1 1
3050.2 4236.4 -177.4 307 0 142.2 16.9 17.5 0.0 0 0 5 4 4
5868.7 -9713.6 -176.9 70 0 16.6 34.9 5.0 2.5 2 1 2 2 2
3964.8 -234.3 -168.2 174 0 9.8 26.9 7.5 0.0 0 1 3 0 0
4054.5 -225.3 -169.3 269 0 12.0 13.3 2.5 2.5 2 1 1 4 4
2173.6 434.1 -148.2 162 0 17.4 18.6 15.0 0.0 0 1 6 3 3
3320.0 4344.7 -178.8 202 0 60.5 5.4 10.5 3.5 2 0 3 0 0
3268.4 4320.3 -177.1 342 0 9.7 34.7 10.5 3.5 2 0 3 0 0
3329.5 4374.6 -176.9 110 0 18.3 31.4 17.5 3.5 2 1 5 2 2
3316.4 4356.2 -177.6 111 0 9.4 19.3 10.5 3.5 2 1 3 4 4
3301.3 4305.7 -178.8 215 0 19.9 8.3 10.5 3.5 2 0 3 2 2
3400.6 4703.0 -176.1 127 0 9.1 13.5 10.5 3.5 2 1 3 0 0
3237.3 4262.7 -176.9 75 0 9.6 33.8 10.5 3.5 2 0 3 4 4
3351.2 4434.9 -176.1 282 0 4.7 10.9 10.5 3.5 2 1 3 1 1
6073.8 -10395.0 -185.5 160 0 34.8 19.3 5.0 0.0 0 0 2 0 0
6221.5 -10420.3 -187.3 158 0 26.2 31.5 5.0 0.0 0 1 2 2 2
6138.1 -10537.3 -188.2 52 0 18.3 19.2 5.0 2.5 2 1 2 2 2
6043.9 -10406.6 -185.7 160 0 35.8 24.7 5.0 0.0 0 0 2 2 2
6009.2 -10334.8 -184.6 162 0 37.0 33.7 5.0 0.0 0 0 2 2 2
6077.2 -10329.2 -184.8 339 0 64.0 22.6 5.0 2.5 2 0 2 2 2
5951.5 -10348.8 -184.5 95 0 13.4 89.4 5.0 2.5 2 1 2 3 3
6187.0 -10508.1 -188.4 215 0 38.1 27.1 5.0 0.0 0 0 2 0 0
6057.9 -10524.2 -187.6 161 0 25.9 21.8 5.0 2.5 4 0 2 1 1
6134.0 -10276.4 -183.6 70 0 12.3 32.2 5.0 0.0 0 1 2 1 1
6029.2 -10454.1 -186.4 160 0 28.0 23.3 5.0 0.0 0 0 2 4 4
6023.5 -10456.7 -186.6 339 0 30.0 23.3 5.0 0.0 0 0 2 3 3
6217.7 -10450.1 -187.9 249 0 71.6 19.1 5.0 2.5 2 0 2 0 0
6094.5 -10562.4 -188.5 233 0 23.1 7.6 5.0 2.5 2 0 2 2 2
6264.9 -10390.3 -187.6 253 0 28.3 25.2 5.0 0.0 0 0 2 2 2
6148.7 -10284.5 -184.7 250 0 34.6 38.9 5.0 0.0 0 1 2 1 1
6020.3 -10481.5 -187.1 249 0 22.3 28.5 5.0 0.0 0 1 2 1 1
6070.8 -10579.8 -188.7 229 0 27.0 9.4 5.0 2.5 2 0 2 5 5
6015.4 -10417.1 -185.8 160 0 34.2 23.6 5.0 0.0 0 0 2 3 3
6054.5 -10360.6 -185.0 336 0 14.6 24.9 5.0 2.5 2 1 2 0 0
6059.6 -10281.6 -184.1 343 0 12.2 85.0 5.0 2.5 2 1 2 0 0
6203.0 -10385.3 -186.1 344 0 8.6 23.3 5.0 2.5 4 1 2 4 4
6144.2 -10505.2 -188.0 233 0 21.3 20.5 5.0 0.0 0 0 2 2 2
6047.6 -10471.1 -186.9 249 0 24.3 27.7 5.0 0.0 0 1 2 0 0
6079.8 -10561.3 -188.3 144 0 7.4 21.8 5.0 2.5 2 1 2 0 0
6256.1 -10360.1 -187.0 253 0 26.7 24.0 5.0 0.0 0 0 2 3 3
6074.0 -10484.6 -186.9 158 0 13.8 49.9 5.0 2.5 2 1 2 3 3
6083.1 -10328.4 -184.7 156 0 62.0 41.4 5.0 0.0 0 0 2 4 4
5944.9 -10363.4 -185.5 274 0 17.6 52.1 5.0 2.5 2 1 2 2 2
6028.1 -10530.5 -187.6 161 0 17.8 20.8 5.0 2.5 2 1 2 4 4
6103.0 -10591.5 -189.1 143 0 21.0 24.5 5.0 0.0 0 1 2 3 3
6066.5 -10552.1 -188.2 327 0 14.8 25.4 5.0 2.5 2 1 2 2 2
6008.4 -10418.3 -186.0 338 0 36.7 25.0 5.0 0.0 0 0 2 3 3
6085.9 -10513.7 -187.6 157 0 24.4 22.3 5.0 2.5 2 0 2 3 3
6013.4 -10251.0 -183.5 253 0 65.2 32.5 5.0 0.0 0 0 2 5 5
6063.9 -10569.7 -188.4 235 0 27.6 5.6 5.0 0.0 0 0 2 4 4
6089.2 -10539.1 -188.0 326 0 5.9 22.0 5.0 2.5 4 1 2 1 1
6106.9 -10528.9 -188.3 247 0 20.3 27.2 5.0 2.5 2 1 2 1 1
6125.2 -10569.9 -188.9 143 0 17.5 20.0 5.0 2.5 2 1 2 4 4
6380.2 -10318.3 -187.5 356 0 47.6 30.9 5.0 0.0 0 0 2 5 5
6335.3 -10353.8 -188.1 268 0 13.9 38.3 5.0 2.5 2 1 2 3 3
6354.9 -10432.6 -188.9 57 0 56.2 14.0 5.0 2.5 2 0 2 3 3
6387.6 -10366.9 -188.2 351 0 33.8 40.2 5.0 0.0 0 1 2 5 5
6337.3 -10345.3 -187.3 89 0 13.8 46.3 5.0 2.5 2 1 2 3 3
6157.6 -10490.9 -187.4 143 0 3.4 3.5 7.5 5.0 5 0 3 1 1
6169.1 -10506.2 -187.8 143 0 3.9 3.3 7.5 5.0 5 0 3 5 5
6445.2 -10346.0 -188.2 267 0 20.0 11.2 5.0 2.5 2 0 2 2 2
6342.3 -10239.8 -186.4 262 0 45.1 46.9 5.0 0.0 0 1 2 0 0
6403.7 -10348.5 -188.0 262 0 21.2 11.2 5.0 2.5 2 0 2 4 4
6475.8 -10265.7 -186.8 355 0 22.1 91.2 5.0 0.0 0 1 2 5 5
6303.4 -10244.5 -185.6 259 0 22.0 13.4 5.0 2.5 4 0 2 4 4
6437.6 -10338.1 -187.9 83 0 90.3 50.1 5.0 0.0 0 0 2 3 3
6263.9 -10259.2 -185.5 168 0 14.6 25.8 5.0 2.5 2 1 2 3 3
6501.3 -10352.2 -188.4 83 0 13.1 17.7 5.0 2.5 2 1 2 1 1
6269.9 -10286.7 -186.1 169 0 16.3 47.8 5.0 2.5 4 1 2 3 3
6530.1 -10318.8 -188.1 359 0 14.4 22.0 5.0 2.5 2 1 2 2 2
6287.6 -10349.1 -186.9 81 0 16.2 17.8 5.0 0.0 0 1 2 4 4
6475.0 -10355.7 -188.3 86 0 14.1 11.4 5.0 2.5 2 0 2 0 0
6319.9 -10345.1 -187.2 84 0 13.8 17.8 5.0 2.5 2 1 2 5 5
6490.1 -9826.4 -176.5 29 0 15.1 20.4 5.0 2.5 2 1 2 3 3
6504.4 -9832.0 -175.7 208 0 15.1 21.1 5.0 2.5 2 1 2 5 5
6065.0 -10228.2 -181.9 69 0 29.4 95.5 5.0 0.0 0 1 2 2 2
6032.2 -10111.9 -179.3 70 0 11.6 44.7 5.0 2.5 2 1 2 5 5
6107.1 -10127.3 -180.7 338 0 21.6 32.6 5.0 0.0 0 1 2 0 0
6535.8 -9909.3 -176.9 27 0 20.0 15.6 5.0 2.5 2 0 2 1 1
6455.2 -9869.8 -177.7 297 0 15.6 20.0 5.0 2.5 2 1 2 5 5
6104.3 -10166.8 -180.5 338 0 11.6 16.1 5.0 2.5 4 1 2 0 0
6461.2 -9799.9 -177.0 299 0 20.4 15.1 5.0 2.5 2 0 2 4 4
6551.3 -9890.4 -176.4 27 0 20.0 15.6 5.0 0.0 0 0 2 5 5
5889.4 -9641.3 -176.4 249 0 19.4 51.8 5.0 2.5 2 1 2 5 5
6502.7 -9855.2 -176.0 207 0 20.0 15.6 5.0 2.5 2 0 2 2 2
6553.0 -9858.1 -175.6 333 0 16.7 15.8 5.0 2.5 2 0 2 4 4
6112.8 -10212.6 -182.3 250 0 12.1 20.7 5.0 2.5 2 0 2 5 5
6465.3 -9852.7 -177.0 117 0 15.6 20.0 5.0 2.5 2 1 2 0 0
6429.3 -9858.0 -178.3 299 0 20.4 15.1 5.0 2.5 2 0 2 5 5
6497.4 -9878.9 -176.3 207 0 20.0 15.6 5.0 2.5 2 0 2 4 4
6536.3 -9839.8 -175.2 297 0 10.4 14.5 5.0 2.5 2 1 2 0 0
5978.6 -9945.5 -178.5 337 0 20.6 20.4 5.0 2.5 2 0 2 1 1
6040.1 -10025.3 -179.3 68 0 11.5 38.8 5.0 2.5 2 1 2 4 4
6107.5 -10197.4 -181.3 71 0 16.1 11.6 5.0 2.5 2 0 2 4 4
6441.6 -9834.9 -177.5 119 0 20.4 15.1 5.0 2.5 2 0 2 4 4
5973.7 -9964.9 -178.6 249 0 21.8 19.4 5.0 2.5 2 0 2 0 0
5979.5 -9868.2 -177.9 229 0 12.1 18.5 5.0 2.5 2 1 2 4 4
5918.3 -9830.8 -178.2 17 0 11.1 27.8 5.0 2.5 2 1 2 4 4
5744.8 -9643.3 -173.4 296 0 19.2 54.5 5.0 2.5 2 1 2 1 1
5822.8 -9655.3 -174.8 82 0 41.3 19.8 5.0 2.5 2 0 2 3 3
5769.7 -9656.6 -174.3 295 0 18.1 59.4 5.0 2.5 2 1 2 4 4
5728.6 -9608.0 -173.8 210 0 21.8 60.5 5.0 0.0 0 1 2 0 0
5880.1 -9615.5 -174.8 69 0 19.7 56.7 5.0 2.5 2 1 2 0 0
6733.2 -10309.0 -188.9 77 0 43.2 87.7 5.0 0.0 0 1 2 5 5
6437.3 -10160.9 -184.6 280 0 77.9 11.6 5.0 2.5 2 0 2 4 4
6420.2 -10210.1 -185.5 93 0 86.0 11.3 5.0 2.5 2 0 2 1 1
6278.7 -10516.2 -189.3 152 0 12.5 26.0 2.5 2.5 4 1 1 0 0
6306.2 -10474.8 -188.7 333 0 8.4 8.2 2.5 2.5 2 0 1 2 2
6390.7 -10395.5 -188.7 244 0 19.6 9.1 5.0 2.5 2 0 2 1 1
-1118.3 7606.5 -163.2 247 0 11.3 14.9 7.5 2.5 2 1 3 1 1
-1150.2 7531.4 -163.3 66 0 11.7 23.6 12.5 2.5 2 1 5 5 5
-1278.1 7604.5 -165.3 183 0 12.6 14.6 7.5 2.5 2 1 3 4 4
-1082.0 7566.4 -162.8 66 0 10.9 22.8 5.0 2.5 2 1 2 3 3
-1278.0 7582.7 -165.2 178 0 13.7 16.0 7.5 2.5 4 1 3 0 0
-1134.3 7599.1 -163.3 247 0 11.5 14.9 5.0 2.5 2 1 2 4 4
-1220.0 7581.7 -164.6 335 0 12.8 15.2 7.5 2.5 2 1 3 4 4
-1097.7 7557.7 -162.9 66 0 10.4 22.4 7.5 2.5 2 1 3 2 2
-1234.7 7593.2 -164.7 65 0 15.2 12.8 10.0 2.5 2 0 4 3 3
-1273.1 7561.4 -165.2 162 0 12.9 15.5 7.5 2.5 2 1 3 4 4
-1134.7 7541.2 -163.2 66 0 11.1 23.1 10.0 2.5 2 1 4 0 0
-1167.3 7523.3 -163.6 66 0 11.6 23.5 7.5 2.5 2 1 3 3 3
-1219.9 7514.9 -164.4 82 0 17.4 11.5 5.0 2.5 2 0 2 0 0
-1265.3 7541.6 -165.0 161 0 13.9 15.4 5.0 0.0 0 1 2 2 2
-1246.1 7511.5 -164.8 82 0 18.5 12.6 7.5 2.5 2 0 3 3 3
-1113.8 7550.4 -163.0 66 0 10.8 22.7 2.5 2.5 2 1 1 1 1
3401.2 4795.8 -178.6 114 0 25.7 13.6 14.0 0.0 0 0 4 3 3
-4492.3 -7190.9 -176.6 250 0 26.6 27.7 14.0 0.0 0 1 4 0 0
-2530.3 -10218.3 -111.7 254 0 9.8 10.7 7.5 2.5 4 1 3 4 4
-1804.4 -10676.3 -106.8 174 0 16.0 13.0 5.0 2.5 2 0 2 2 2
-2672.7 -10707.7 -183.2 201 0 14.6 29.4 10.0 2.5 2 1 4 3 3
-2678.0 -10721.5 -184.6 201 0 14.6 29.4 10.0 2.5 2 1 4 2 2
3679.0 4059.9 -169.8 254 0 3.4 25.1 10.5 3.5 2 1 3 0 0
2913.3 4494.1 -177.6 154 0 9.5 20.0 10.5 3.5 2 1 3 0 0
3700.7 4053.2 -175.1 344 0 16.2 13.6 14.0 3.5 2 0 4 0 0
2549.6 4012.2 -135.4 139 0 5.0 7.8 10.5 0.0 0 1 3 4 4
3383.1 4846.3 -178.4 32 0 7.9 9.3 10.5 3.5 2 1 3 1 1
6046.6 7601.0 -137.2 1 0 10.7 16.7 7.5 0.0 0 1 3 2 2
3701.7 3978.9 -170.1 211 0 6.5 6.7 10.5 3.5 2 1 3 1 1
3109.5 4967.1 -173.7 121 0 20.6 20.6 14.0 3.5 2 0 4 1 1
3709.5 3987.5 -171.3 316 0 6.7 6.5 10.5 3.5 2 0 3 2 2
3316.1 4781.7 -176.9 212 0 11.5 32.3 14.0 3.5 2 1 4 0 0
3646.8 2954.7 -178.5 37 0 15.2 22.8 14.0 3.5 2 1 4 1 1
-4863.0 -7335.5 -183.8 240 0 6.5 8.1 10.5 3.5 2 0 3 2 2
-4897.2 -7273.4 -180.5 264 0 8.6 6.2 10.5 3.5 2 0 3 3 3
-4707.5 -7259.2 -176.8 31 0 7.3 8.6 10.5 3.5 2 1 3 5 5
-4701.3 -7443.5 -182.0 144 0 28.3 37.0 14.0 0.0 0 1 4 1 1
-4871.0 -7312.0 -183.5 228 0 9.0 12.4 10.5 3.5 2 0 3 0 0
-4723.8 -7211.9 -172.3 324 0 6.2 15.8 10.5 0.0 0 1 3 4 4
-4891.3 -7306.4 -183.5 43 0 13.4 19.2 14.0 3.5 2 1 4 2 2
-4727.1 -7460.2 -183.1 237 0 9.2 10.1 10.5 3.5 2 1 3 1 1
-4774.1 -7150.5 -166.6 287 0 40.3 20.0 14.0 3.5 4 0 4 0 0
-4741.9 -7171.6 -168.0 290 0 22.6 13.2 14.0 3.5 2 0 4 5 5
-4852.6 -7353.8 -183.8 62 0 6.7 13.0 10.5 3.5 2 0 3 0 0
-4918.9 -7290.1 -182.6 132 0 17.0 12.9 14.0 3.5 2 0 4 2 2
-4863.7 -7305.4 -183.2 228 0 10.7 12.4 14.0 3.5 2 0 4 3 3
-4459.7 -7214.3 -176.5 71 0 12.7 35.5 14.0 3.5 2 1 4 0 0
-4746.2 -7245.2 -174.9 110 0 11.6 20.1 14.0 3.5 2 1 4 2 2
2147.7 727.1 -146.4 179 0 19.0 36.3 7.5 0.0 0 1 3 1 1
1629.7 2990.9 -67.7 301 1 15.0 12.5 14.0 3.5 2 0 4 3 3
1684.4 2948.3 -69.9 350 0 8.2 14.8 10.5 3.5 2 1 3 2 2
1537.1 2960.6 -77.6 178 1 11.2 12.5 14.0 3.5 2 1 4 2 2
1575.5 3000.6 -71.6 285 0 9.7 14.6 10.5 3.5 2 1 3 3 3
1557.2 2903.1 -85.9 21 0 13.5 11.5 7.5 0.0 0 0 3 0 0
1479.3 2973.2 -76.7 123 0 9.7 6.6 7.5 2.5 2 0 3 0 0
1486.9 3009.3 -71.8 301 0 9.5 6.7 5.0 2.5 2 0 2 1 1
1557.0 2665.7 -95.0 92 0 11.0 11.2 7.5 0.0 0 1 3 1 1
1541.9 2690.3 -92.9 183 0 5.7 12.1 7.5 2.5 2 1 3 4 4
1466.4 2982.2 -76.7 123 0 10.8 4.4 5.0 2.5 2 0 2 4 4
1444.8 2997.2 -76.8 125 0 10.9 4.0 5.0 2.5 2 0 2 1 1
1430.4 3005.9 -76.8 126 0 6.7 10.4 7.5 2.5 2 0 3 3 3
1429.9 3035.2 -73.8 280 0 9.3 6.8 7.5 2.5 2 0 3 4 4
1445.9 3035.3 -72.2 281 0 10.5 6.9 7.5 2.5 2 0 3 4 4
1466.3 3032.3 -70.4 232 0 6.6 11.8 7.5 2.5 2 1 3 3 3
1481.4 3027.4 -69.9 298 0 9.6 7.8 7.5 2.5 4 0 3 0 0
1456.5 2965.2 -81.9 302 0 8.7 8.7 7.5 2.5 2 0 3 2 2
1433.8 2933.5 -87.0 213 0 10.4 7.6 5.0 2.5 2 0 2 0 0
1428.6 2913.4 -88.4 120 0 6.8 6.4 5.0 2.5 2 0 2 2 2
1440.4 2906.7 -88.6 121 0 5.5 20.8 7.5 0.0 0 1 3 3 3
1253.1 2823.3 -96.5 304 0 6.6 10.3 10.5 3.5 2 1 3 4 4
1262.5 2827.5 -97.4 248 1 12.7 17.1 14.0 3.5 2 1 4 3 3
1300.6 2707.8 -105.4 2 1 12.5 12.3 14.0 3.5 2 0 4 0 0
1301.0 2690.7 -106.1 357 1 13.5 15.6 14.0 0.0 0 1 4 3 3
1301.1 2674.0 -106.7 359 1 13.5 13.8 14.0 3.5 4 1 4 0 0
1299.6 2644.7 -107.7 328 1 11.0 19.9 14.0 3.5 2 1 4 3 3
1300.1 2620.2 -109.0 56 1 21.0 10.8 14.0 3.5 2 0 4 5 5
1614.9 2528.7 -113.2 92 1 11.7 18.4 14.0 3.5 2 1 4 1 1
1634.3 2530.8 -113.5 93 1 16.3 11.4 14.0 3.5 2 0 4 0 0
1650.9 2526.9 -114.1 87 0 7.2 12.2 10.5 0.0 0 1 3 2 2
1615.9 2558.7 -111.0 192 0 8.3 24.4 10.5 3.5 4 1 3 4 4
1622.9 2571.0 -109.2 196 0 8.6 15.0 10.5 3.5 2 1 3 4 4
1644.4 2582.4 -107.7 16 1 14.7 10.4 14.0 3.5 2 0 4 5 5
2036.4 2628.0 -112.2 270 0 8.3 7.6 10.5 3.5 2 0 3 0 0
2033.4 2612.4 -113.1 167 0 7.8 6.2 10.5 3.5 2 0 3 1 1
2043.5 2596.3 -115.1 173 0 6.2 6.2 10.5 3.5 2 0 3 4 4
2054.4 2603.8 -115.2 353 0 6.1 5.7 10.5 3.5 2 0 3 5 5
2018.0 2574.3 -114.8 217 1 16.2 13.4 14.0 3.5 4 0 4 1 1
2006.7 2558.7 -115.0 217 1 13.6 10.7 14.0 3.5 2 0 4 2 2
1982.1 2528.5 -114.1 214 0 20.6 12.6 14.0 3.5 2 0 4 4 4
1967.2 2503.4 -113.7 216 1 14.6 12.1 14.0 3.5 2 0 4 3 3
1959.2 2476.6 -114.1 37 0 11.8 9.5 10.5 3.5 2 0 3 3 3
1948.5 2460.6 -114.4 38 0 16.7 8.8 10.5 3.5 2 0 3 0 0
1935.1 2443.9 -115.4 36 0 15.8 9.0 10.5 3.5 2 0 3 5 5
1930.6 2511.0 -113.5 287 0 20.1 13.2 14.0 3.5 2 0 4 4 4
1903.2 2512.3 -113.1 188 1 10.1 12.1 14.0 3.5 4 1 4 1 1
1702.6 2572.8 -109.2 99 1 17.3 14.4 14.0 3.5 2 0 4 1 1
1694.9 2539.3 -114.0 275 1 13.0 14.2 14.0 3.5 2 1 4 2 2
1756.4 2521.3 -113.1 189 0 12.7 15.7 7.5 2.5 2 1 3 4 4
1778.9 2492.9 -114.7 104 0 15.6 11.7 7.5 2.5 2 0 3 1 1
2008.8 2589.0 -111.2 36 0 9.4 11.8 7.5 2.5 2 1 3 1 1
1936.8 2553.2 -112.6 217 0 11.8 14.4 5.0 2.5 2 1 2 4 4
1943.6 2569.2 -113.2 216 0 11.9 15.0 5.0 2.5 2 1 2 3 3
1974.6 2538.8 -113.5 36 0 10.6 13.5 5.0 2.5 2 1 2 4 4
1968.7 2596.0 -110.8 214 0 10.9 15.4 5.0 2.5 2 1 2 3 3
1996.2 2574.5 -113.0 37 0 10.2 9.9 5.0 2.5 2 0 2 0 0
1873.4 2489.8 -113.6 292 0 15.3 8.4 10.5 3.5 2 0 3 0 0
1908.0 2404.6 -118.2 36 0 8.0 13.4 10.5 3.5 2 1 3 3 3
1814.6 2459.4 -118.0 204 1 11.1 14.9 14.0 3.5 4 1 4 4 4
1858.6 2445.6 -117.9 294 1 14.2 10.8 14.0 3.5 2 0 4 2 2
1875.7 2438.3 -117.8 296 1 13.5 11.6 14.0 3.5 2 0 4 5 5
1840.9 2415.8 -119.5 106 1 13.5 11.0 14.0 3.5 2 0 4 1 1
1860.6 2411.6 -119.1 102 1 13.1 10.1 14.0 3.5 2 0 4 0 0
1948.5 2611.6 -106.6 1 0 9.7 12.5 5.0 2.5 2 1 2 0 0
1912.9 2569.9 -111.6 36 0 11.2 14.0 5.0 2.5 2 1 2 3 3
1860.1 2553.9 -109.9 126 0 10.1 11.9 5.0 2.5 2 1 2 2 2
1875.0 2542.4 -110.9 124 0 9.7 12.6 7.5 2.5 2 1 3 4 4
1870.1 2520.9 -112.7 126 0 9.7 15.1 7.5 2.5 2 1 3 2 2
1847.2 2579.7 -109.5 163 0 9.6 11.1 7.5 2.5 2 1 3 5 5
1843.5 2594.2 -109.2 163 0 9.4 10.3 7.5 2.5 2 1 3 3 3
1858.5 2610.0 -107.1 158 0 9.2 10.4 5.0 2.5 2 1 2 2 2
1854.9 2373.9 -122.4 79 0 12.0 9.9 5.0 2.5 2 0 2 5 5
1825.0 2366.9 -123.5 100 0 19.8 15.0 12.5 0.0 0 0 5 1 1
1839.7 2536.6 -112.3 11 0 21.8 18.6 12.5 2.5 2 0 5 4 4
1756.8 2544.9 -111.8 188 0 15.8 10.4 7.5 2.5 2 0 3 4 4
1787.6 2542.1 -112.1 282 0 6.8 15.3 5.0 2.5 2 1 2 2 2
1825.9 2639.3 -102.1 39 0 8.2 10.8 5.0 2.5 2 1 2 0 0
1839.9 2649.9 -100.6 36 0 10.9 9.9 7.5 2.5 2 0 3 1 1
1828.2 2661.9 -98.5 34 0 9.3 9.2 7.5 2.5 2 0 3 5 5
1792.0 2634.4 -102.9 47 0 8.9 10.8 7.5 2.5 2 1 3 4 4
1772.3 2622.5 -105.0 136 0 10.8 8.1 7.5 2.5 2 0 3 4 4
1758.5 2654.2 -100.6 225 0 8.8 8.2 7.5 2.5 2 0 3 0 0
1770.1 2665.9 -98.6 225 0 8.9 7.8 7.5 2.5 2 0 3 2 2
1753.2 2469.3 -119.9 346 0 18.8 16.4 14.0 3.5 2 0 4 0 0
1750.0 2438.4 -121.2 76 1 14.9 13.6 14.0 3.5 2 0 4 3 3
1728.3 2441.0 -121.8 72 1 13.6 18.0 14.0 3.5 2 1 4 5 5
1711.1 2495.6 -118.8 271 0 23.8 18.4 14.0 3.5 2 0 4 0 0
1710.6 2435.6 -122.9 74 1 17.0 10.8 14.0 3.5 2 0 4 1 1
1671.7 2447.2 -123.1 92 1 14.1 14.7 14.0 3.5 2 1 4 5 5
1681.9 2475.7 -120.8 272 0 21.7 8.7 10.5 3.5 4 0 3 4 4
1687.4 2491.5 -118.8 273 0 12.5 9.8 10.5 3.5 2 0 3 2 2
1640.0 2499.8 -119.9 264 0 5.8 22.7 10.5 3.5 2 1 3 3 3
1733.7 2424.2 -122.7 279 0 10.3 9.5 10.5 3.5 2 0 3 1 1
1717.8 2424.0 -124.3 254 0 8.3 20.3 10.5 3.5 4 1 3 4 4
1735.1 2392.4 -124.3 73 0 10.2 9.6 10.5 3.5 2 0 3 4 4
1693.0 2413.8 -124.7 256 0 10.0 14.3 10.5 0.0 0 1 3 2 2
1691.4 2362.8 -126.4 73 1 10.7 19.3 14.0 3.5 2 1 4 5 5
1706.0 2376.5 -125.3 70 1 15.7 16.4 14.0 3.5 2 1 4 2 2
1549.5 2369.6 -124.7 193 0 9.1 14.4 7.5 0.0 0 1 3 5 5
1542.8 2350.1 -122.3 193 0 9.0 13.9 5.0 0.0 0 1 2 2 2
1573.5 2300.7 -119.7 34 0 4.5 10.6 5.0 2.5 2 1 2 5 5
1380.6 2430.0 -109.8 184 0 16.1 8.0 5.0 2.5 2 0 2 3 3
1376.2 2382.1 -107.0 184 0 17.0 8.3 7.5 2.5 2 0 3 2 2
1405.2 2403.1 -110.3 184 0 16.6 7.9 7.5 2.5 2 0 3 1 1
1424.7 2420.1 -112.6 100 0 8.4 16.4 7.5 2.5 2 1 3 5 5
1435.7 2409.6 -114.2 188 0 16.5 8.0 7.5 2.5 2 0 3 2 2
1640.9 2188.9 -120.8 338 0 8.9 12.0 5.0 0.0 0 1 2 2 2
1574.8 2198.9 -118.2 194 0 10.3 11.7 5.0 2.5 2 1 2 1 1
1563.9 2175.6 -117.4 165 0 9.8 12.1 7.5 0.0 0 1 3 3 3
680.5 -598.5 -91.2 10 0 49.8 23.5 12.5 0.0 0 0 5 4 4
3788.5 3603.9 -154.9 4 0 10.2 25.4 14.0 3.5 2 1 4 2 2
3751.1 3601.4 -154.0 96 0 13.1 10.8 14.0 3.5 2 0 4 0 0
3763.4 3633.1 -160.9 7 0 33.5 33.0 14.0 0.0 0 0 4 5 5
3812.8 3621.7 -158.4 6 0 18.3 13.4 14.0 3.5 2 0 4 1 1
2722.4 4399.1 -167.6 86 0 18.0 5.7 10.5 3.5 2 0 3 5 5
3712.2 1462.3 -115.0 239 0 13.6 28.7 10.0 2.5 2 1 4 0 0
3747.1 1450.5 -121.8 79 0 13.8 21.9 10.0 2.5 2 1 4 4 4
3744.7 1404.0 -115.3 36 0 28.2 26.6 12.5 0.0 0 0 5 3 3
3703.2 1416.3 -117.3 126 0 28.6 8.5 5.0 2.5 2 0 2 0 0
3693.6 1430.7 -117.0 126 0 19.8 14.5 12.5 2.5 2 0 5 0 0
678.6 -978.6 -76.8 279 0 15.0 12.8 7.0 2.5 2 0 2 5 5
5052.2 6681.0 -176.1 186 0 13.0 11.8 14.0 3.5 2 0 4 1 1
5065.5 6741.7 -175.1 203 0 18.8 11.0 14.0 3.5 4 0 4 3 3
5059.0 6789.7 -170.9 1 0 40.1 20.3 10.5 0.0 0 0 3 4 4
5542.0 7087.0 -171.9 187 0 22.5 33.2 10.0 0.0 0 1 4 5 5
5535.0 7158.1 -167.4 18 0 11.8 4.6 2.5 2.5 2 0 1 5 5
5736.2 6851.0 -182.0 289 0 14.4 10.9 14.0 3.5 2 0 4 3 3
5091.1 7028.4 -153.6 238 0 8.2 27.7 7.5 2.5 2 1 3 3 3
5122.7 7133.2 -143.7 256 0 6.9 13.4 7.5 2.5 2 1 3 4 4
5297.1 6958.0 -158.6 353 0 11.6 19.5 5.0 0.0 0 1 2 0 0
5215.8 7155.7 -144.5 268 0 7.7 9.2 7.5 2.5 2 1 3 5 5
5340.0 6945.8 -165.7 236 0 9.9 8.9 5.0 2.5 4 0 2 5 5
6357.2 7598.0 -171.6 120 0 16.6 28.0 7.5 0.0 0 0 3 0 0
6058.9 7723.2 -121.8 241 0 35.7 12.0 10.0 2.5 4 0 4 4 4
6195.6 7795.3 -118.9 139 0 13.8 23.7 12.5 2.5 2 1 5 0 0
6232.3 7817.5 -124.2 231 0 19.0 19.7 12.5 2.5 2 1 5 5 5
6286.9 7844.2 -130.7 318 0 7.3 46.8 7.5 2.5 2 1 3 3 3
6198.4 7770.5 -122.9 139 0 14.3 38.2 10.0 2.5 4 1 4 5 5
6071.0 -10080.8 -180.2 344 0 15.5 15.0 7.5 2.5 2 0 3 0 0
6141.2 -10216.0 -182.4 353 0 10.8 15.8 7.5 2.5 2 1 3 2 2
5968.9 -10109.6 -179.2 166 0 15.3 13.7 5.0 2.5 2 0 2 3 3
6011.6 -10118.9 -179.2 82 0 6.8 18.4 5.0 2.5 2 1 2 4 4
4588.3 -10989.9 -188.5 351 0 14.1 11.6 5.0 2.5 2 0 2 2 2
4610.0 -11005.8 -188.7 140 0 13.7 12.8 10.0 2.5 2 0 4 3 3
4609.3 -10973.2 -188.4 119 0 15.6 11.4 2.5 2.5 2 0 1 1 1
4567.0 -11015.6 -188.5 11 0 14.4 10.6 5.0 2.5 2 0 2 5 5
4598.7 -10984.7 -188.5 134 0 15.1 11.7 5.0 2.5 2 0 2 0 0
4596.2 -10926.8 -188.1 219 0 24.1 12.2 7.5 2.5 2 0 3 0 0
4599.2 -10956.3 -188.3 167 0 6.6 11.1 2.5 2.5 2 1 1 3 3
4644.0 -10940.8 -188.4 226 0 16.1 12.8 7.5 2.5 2 0 3 2 2
4610.2 -10905.2 -188.0 228 0 11.3 15.2 5.0 2.5 2 1 2 1 1
4637.1 -10963.7 -188.5 204 0 7.1 11.8 2.5 0.0 0 1 1 3 3
4579.4 -10945.9 -188.1 190 0 5.9 9.6 5.0 2.5 2 1 2 0 0
4404.6 -10905.0 -187.1 109 0 11.3 8.1 5.0 2.5 2 0 2 1 1
4199.7 -10929.2 -186.6 14 0 17.5 12.2 2.5 2.5 4 0 1 5 5
4128.5 -10979.8 -187.3 166 0 65.6 15.1 7.5 2.5 2 0 3 0 0
4191.9 -10975.7 -187.3 11 0 65.1 15.5 7.5 2.5 2 0 3 2 2
4183.0 -10902.2 -186.4 248 0 40.7 12.4 7.5 2.5 2 0 3 5 5
4134.4 -10922.7 -186.5 247 0 42.2 13.1 12.5 2.5 4 0 5 5 5
3829.6 -11052.5 -187.5 264 0 23.0 10.4 10.0 2.5 2 0 4 2 2
3819.0 -11090.1 -187.8 178 0 16.0 24.4 10.0 2.5 2 0 4 1 1
4035.6 -11106.8 -188.3 82 0 25.2 15.6 5.0 2.5 2 0 2 0 0
4066.0 -11088.6 -188.3 262 0 24.9 15.4 10.0 2.5 2 0 4 4 4
6427.5 -10240.3 -186.2 267 0 15.0 16.0 7.5 2.5 2 1 3 5 5
6470.5 -10244.2 -186.3 352 0 16.6 14.7 5.0 2.5 4 0 2 2 2
6393.0 -10243.3 -186.0 266 0 15.6 14.9 5.0 2.5 2 0 2 5 5
6398.0 -10173.2 -184.2 12 0 9.4 9.8 7.5 0.0 0 1 3 1 1
6563.5 -10146.8 -183.5 277 0 8.6 13.1 7.5 2.5 2 1 3 1 1
6503.5 -10145.6 -184.0 187 0 13.2 8.7 5.0 2.5 2 0 2 3 3
6531.8 -10160.0 -183.8 274 0 14.3 9.1 5.0 2.5 2 0 2 2 2
6649.1 -10156.4 -184.9 277 0 8.3 14.4 7.5 2.5 2 1 3 0 0
6649.5 -10181.7 -185.5 7 0 14.0 7.9 5.0 0.0 0 0 2 2 2
6628.3 -10170.2 -185.2 276 0 11.2 8.5 5.0 2.5 2 0 2 3 3
6586.6 -10148.0 -183.7 277 0 9.1 13.5 5.0 2.5 2 1 2 5 5
6630.3 -10155.0 -184.3 276 0 12.1 9.4 7.5 2.5 2 0 3 5 5
6580.7 -10170.8 -184.5 186 0 8.6 11.2 5.0 2.5 2 1 2 4 4
6533.7 -10065.8 -181.4 189 0 7.5 13.0 7.5 2.5 2 1 3 1 1
6574.7 -10100.4 -181.2 10 0 14.3 9.8 5.0 2.5 2 0 2 0 0
6514.1 -10077.0 -182.0 189 0 7.1 12.7 5.0 2.5 2 1 2 1 1
6508.0 -10107.2 -182.9 189 0 6.6 12.1 7.5 2.5 4 1 3 5 5
6571.1 -10119.9 -181.7 10 0 14.2 9.7 5.0 2.5 2 0 2 3 3
6597.8 -10079.9 -179.7 193 0 9.6 11.9 2.5 0.0 0 1 1 0 0
6641.7 -10141.0 -183.1 98 0 14.6 10.8 5.0 2.5 2 0 2 2 2
6874.2 -10212.8 -186.6 334 0 9.3 23.0 2.5 2.5 2 1 1 4 4
6849.6 -10159.9 -183.8 326 0 12.9 13.1 2.5 0.0 0 1 1 4 4
6813.8 -10123.7 -182.6 291 0 9.1 13.5 2.5 2.5 2 1 1 3 3
6936.7 -10227.1 -186.7 98 0 14.0 22.3 10.0 2.5 2 1 4 1 1
6425.2 -10065.3 -181.1 287 0 8.0 6.6 2.5 2.5 2 0 1 4 4
6420.9 -10150.2 -183.5 91 0 7.4 23.0 5.0 2.5 2 1 2 1 1
6401.7 -10101.5 -181.9 99 0 9.5 11.5 5.0 0.0 0 1 2 5 5
6430.0 -10151.8 -183.6 103 0 7.6 7.9 7.5 2.5 2 1 3 5 5
6413.1 -10064.0 -181.4 287 0 8.1 22.1 2.5 2.5 2 1 1 4 4
4868.6 -10796.6 -187.1 237 0 9.8 23.6 5.0 2.5 2 0 2 5 5
4914.2 -10818.6 -187.1 55 0 13.5 28.3 10.0 2.5 2 1 4 5 5
4761.4 -10882.7 -188.6 238 0 10.4 23.9 5.0 2.5 4 1 2 4 4
104.9 -5805.4 175.2 217 0 22.6 13.5 10.0 2.5 2 0 4 4 4
6140.4 -9420.3 -168.0 245 0 9.0 15.7 5.0 2.5 2 1 2 1 1
3739.6 1669.5 -152.6 350 0 14.3 9.5 10.5 3.5 2 0 3 0 0
3736.4 1806.9 -173.9 98 0 4.7 7.7 10.5 3.5 2 1 3 4 4
3723.7 1775.0 -170.2 54 0 16.0 10.4 14.0 3.5 2 0 4 1 1
3693.3 1734.6 -163.6 350 0 9.5 16.3 10.5 3.5 2 1 3 5 5
3713.3 1722.8 -161.8 349 0 9.5 16.3 10.5 3.5 4 1 3 0 0
3699.5 1703.0 -159.3 98 0 9.5 11.4 10.5 3.5 2 1 3 1 1
3681.4 1699.4 -158.5 98 0 9.5 11.4 10.5 3.5 4 1 3 2 2
3654.4 1681.9 -153.2 282 0 7.7 10.4 10.5 3.5 2 1 3 4 4
3630.3 1660.2 -150.7 102 0 8.7 10.4 10.5 3.5 2 1 3 1 1
3640.3 1711.0 -160.2 145 0 9.5 10.3 10.5 3.5 2 1 3 4 4
3636.7 1704.7 -158.7 323 0 9.4 10.1 10.5 3.5 4 1 3 5 5
3636.6 1683.6 -154.6 315 0 9.4 10.1 10.5 3.5 2 1 3 2 2
3750.5 1755.1 -166.6 218 0 14.6 10.7 14.0 3.5 2 0 4 1 1
3730.5 1741.0 -165.6 67 0 9.5 11.4 10.5 3.5 2 1 3 5 5
3725.2 1766.9 -167.5 238 0 9.0 10.4 10.5 3.5 2 1 3 0 0
3738.0 1761.5 -167.5 218 0 14.7 10.7 14.0 3.5 4 0 4 5 5
3737.4 1780.5 -169.4 232 0 8.3 11.3 10.5 0.0 0 1 3 5 5
3798.2 1790.3 -170.0 267 0 10.5 21.1 14.0 0.0 0 1 4 4 4
3820.7 1776.7 -171.2 70 0 9.3 20.1 10.5 0.0 0 1 3 4 4
3847.8 1769.5 -171.4 158 0 17.1 32.2 14.0 0.0 0 1 4 2 2
3907.3 1780.2 -178.0 136 0 8.9 28.1 10.5 0.0 0 1 3 5 5
3862.5 1804.0 -173.2 351 0 5.1 19.0 10.5 3.5 2 0 3 4 4
3581.7 3587.7 -138.9 140 0 9.3 13.8 10.5 0.0 0 1 3 3 3
3577.4 3631.5 -142.8 215 0 12.2 17.1 14.0 3.5 2 1 4 0 0
3632.3 3571.0 -141.1 128 0 17.4 10.7 14.0 3.5 2 0 4 3 3
3624.0 3554.8 -138.7 129 0 18.3 13.2 14.0 3.5 4 0 4 5 5
3649.1 3558.4 -141.0 127 0 17.1 10.5 14.0 3.5 4 0 4 5 5
3601.3 3570.4 -138.6 158 0 10.5 20.0 14.0 3.5 2 1 4 5 5
3640.0 3541.4 -138.7 133 0 16.2 14.4 14.0 3.5 4 0 4 0 0
3652.0 3490.8 -134.6 152 0 23.7 22.7 14.0 3.5 2 0 4 2 2
3315.8 6627.3 -38.7 223 0 5.6 9.9 10.5 0.0 0 1 3 3 3
2627.1 9309.8 -82.4 63 0 13.6 14.4 5.0 2.5 2 1 2 3 3
2641.7 9324.0 -82.6 64 0 11.3 12.3 2.5 2.5 2 1 1 2 2
2675.3 9337.3 -82.7 63 0 12.9 13.6 2.5 2.5 2 1 1 0 0
2628.2 5381.3 -160.2 355 0 9.4 18.6 10.5 3.5 2 1 3 5 5
3989.0 -7740.2 -150.7 253 0 15.0 8.0 7.5 2.5 2 0 3 4 4
3649.1 -7150.3 -144.9 147 0 11.9 16.5 2.5 2.5 2 1 1 3 3
3201.5 -6359.5 -119.4 211 0 30.0 10.1 10.0 2.5 2 0 4 3 3
3223.0 -6372.7 -120.0 29 0 31.1 14.2 10.0 2.5 2 0 4 2 2
3280.7 -6442.2 -120.8 133 0 18.7 12.3 5.0 0.0 0 0 2 4 4
3303.4 -6417.6 -123.2 313 0 18.6 21.2 10.0 0.0 0 1 4 0 0
3271.7 -6327.0 -123.7 140 0 16.7 20.7 10.0 2.5 2 1 4 5 5
3311.9 -6346.2 -124.6 28 0 12.1 12.4 5.0 2.5 2 1 2 1 1
3307.3 -6279.6 -125.5 159 0 20.2 8.5 5.0 2.5 4 0 2 0 0
3300.2 -6263.9 -125.4 158 0 11.3 10.1 5.0 2.5 2 0 2 2 2
3353.0 -6312.0 -127.3 228 0 9.0 10.9 5.0 2.5 2 1 2 3 3
3333.7 -6326.8 -126.6 205 0 9.1 19.0 7.5 2.5 2 1 3 4 4
3341.4 -6367.7 -126.1 227 0 9.4 12.0 5.0 2.5 2 1 2 3 3
3328.6 -6364.5 -125.2 235 0 3.5 8.8 5.0 2.5 2 1 2 2 2
3366.3 -6344.4 -127.1 317 0 3.6 16.1 7.5 2.5 2 1 3 0 0
3188.8 -6434.2 -110.5 26 0 6.6 14.2 7.5 2.5 2 1 3 3 3
3536.9 -6824.8 -135.3 268 0 9.2 9.7 7.5 2.5 2 1 3 1 1
3550.0 -6781.5 -138.7 343 0 19.5 17.1 10.0 2.5 2 0 4 2 2
3563.3 -6664.3 -138.0 242 0 19.3 4.7 5.0 2.5 2 0 2 0 0
-4976.4 -7232.4 -180.7 178 0 36.3 17.5 10.5 3.5 4 0 3 4 4
-4493.6 -7389.2 -176.4 230 0 12.2 30.0 14.0 3.5 2 1 4 0 0
-4737.3 -7329.1 -181.1 248 0 32.4 11.5 10.5 3.5 2 0 3 5 5
-4753.1 -7363.0 -181.7 156 0 29.8 16.4 10.5 3.5 2 0 3 1 1
-4730.2 -7390.7 -181.7 128 0 13.6 57.6 10.5 3.5 2 1 3 5 5
-4597.2 -7459.8 -180.2 222 0 15.7 26.2 14.0 3.5 2 1 4 3 3
-4580.3 -7419.7 -179.0 63 0 19.8 46.3 10.5 3.5 2 1 3 0 0
-4621.6 -7404.5 -179.6 232 0 13.1 28.8 14.0 3.5 2 1 4 1 1
-4504.7 -7697.2 -181.6 311 0 34.9 18.8 7.5 0.0 0 0 3 1 1
-4739.1 -6766.4 -175.5 46 0 38.3 16.9 10.5 3.5 2 0 3 1 1
-4758.1 -7049.4 -168.5 150 0 22.0 11.9 14.0 3.5 2 0 4 2 2
-4832.6 -7052.5 -163.8 176 0 14.1 14.3 10.5 3.5 2 1 3 2 2
-4702.7 -7146.8 -167.8 356 0 14.1 14.3 10.5 3.5 2 1 3 0 0
-4711.4 -7127.2 -166.6 356 0 14.1 14.3 10.5 0.0 0 1 3 5 5
-4731.6 -7114.0 -166.1 86 0 14.3 14.1 10.5 0.0 0 0 3 5 5
-4753.3 -7104.0 -165.4 86 0 14.3 14.1 10.5 3.5 2 0 3 0 0
-4771.8 -7095.5 -164.7 86 0 14.3 14.1 10.5 3.5 4 0 3 0 0
-4791.5 -7080.6 -164.5 86 0 14.3 14.1 10.5 3.5 2 0 3 3 3
-4810.8 -7079.4 -163.3 86 0 14.3 14.1 10.5 3.5 2 0 3 3 3
-4836.2 -7074.0 -162.1 176 0 14.1 14.3 10.5 3.5 2 1 3 0 0
-4823.5 -7095.2 -162.6 356 0 14.1 14.3 10.5 3.5 2 1 3 4 4
-4844.5 -7126.1 -163.5 176 0 14.1 14.3 10.5 3.5 2 1 3 5 5
-4816.4 -7124.8 -162.7 266 0 14.3 14.1 10.5 3.5 2 0 3 2 2
-4797.1 -7124.0 -162.4 266 0 14.3 14.1 10.5 3.5 2 0 3 2 2
-4776.7 -7125.4 -163.0 266 0 14.3 14.1 10.5 3.5 2 0 3 1 1
-4736.9 -7133.1 -165.9 266 0 14.3 14.1 10.5 3.5 2 0 3 0 0
-4756.4 -7146.8 -164.6 86 0 14.3 14.1 10.5 0.0 0 0 3 3 3
-4044.9 -8789.3 -184.3 62 0 25.2 22.3 7.5 2.5 2 0 3 1 1
-4698.7 -7468.1 -182.7 322 0 15.1 9.2 10.5 3.5 2 0 3 2 2
-4668.4 -7583.9 -183.3 157 0 18.7 11.4 10.5 3.5 2 0 3 0 0
-4653.7 -7625.3 -183.4 153 0 10.6 20.2 10.5 3.5 2 1 3 2 2
-5016.3 -7176.7 -181.8 198 0 13.3 25.5 14.0 3.5 2 1 4 4 4
-4973.9 -7204.8 -177.6 139 0 16.2 13.6 10.5 0.0 0 0 3 1 1
-4989.7 -7232.7 -182.2 3 0 39.8 18.3 10.5 3.5 2 0 3 0 0
-4783.7 -7102.7 -162.3 304 0 23.5 23.2 14.0 3.5 2 0 4 4 4
-4249.2 -6321.1 -128.0 330 0 13.6 39.9 10.0 2.5 2 1 4 4 4
-4811.0 -7291.3 -181.5 259 0 25.5 5.4 10.5 3.5 2 0 3 3 3
-5227.7 -7162.4 -182.0 178 0 13.6 20.3 7.5 2.5 2 1 3 0 0
-5182.2 -7172.8 -182.3 360 0 21.3 10.4 7.5 2.5 2 0 3 5 5
-4563.2 -7210.1 -176.9 329 0 16.6 24.9 10.5 3.5 2 1 3 3 3
-4645.2 -7173.6 -173.3 228 0 14.1 14.5 10.5 3.5 2 1 3 4 4
-4620.9 -7200.0 -174.8 48 0 14.1 14.5 10.5 3.5 2 1 3 0 0
-4651.6 -7665.5 -184.0 221 0 9.5 57.9 7.5 2.5 2 0 3 0 0
-4849.4 -7278.9 -179.8 163 0 10.4 8.9 10.5 3.5 2 0 3 0 0
-4936.5 -7288.5 -183.2 88 0 14.5 11.7 10.5 3.5 2 0 3 0 0
-2588.2 -10135.6 -115.4 343 0 16.3 16.4 12.5 2.5 2 1 5 3 3
-4401.3 -8072.7 -182.7 342 0 30.6 6.9 5.0 2.5 2 0 2 2 2
-4414.5 -8098.5 -183.8 251 0 18.0 14.0 7.5 2.5 2 0 3 5 5
-4601.1 -7196.9 -176.8 145 0 7.3 23.4 10.5 3.5 2 1 3 0 0
-4551.1 -7375.0 -177.3 234 0 7.7 14.0 10.5 3.5 2 1 3 1 1
-4559.2 -7381.4 -177.6 232 0 7.8 14.5 10.5 3.5 4 1 3 0 0
-4471.5 -7488.1 -177.7 57 0 7.4 27.2 10.5 3.5 2 1 3 3 3
-3293.2 9782.8 -166.4 344 0 27.1 7.8 7.5 2.5 2 0 3 0 0
-3478.0 10489.3 -151.7 227 0 11.8 21.4 10.0 2.5 2 1 4 2 2
-3503.0 10444.9 -157.3 138 0 16.4 28.9 10.0 2.5 2 1 4 4 4
-3507.3 10522.0 -154.1 275 0 23.1 11.9 12.5 2.5 2 0 5 5 5
-3613.0 10502.9 -151.4 150 0 10.1 34.7 10.0 2.5 2 1 4 3 3
-3639.7 10496.9 -150.7 94 0 20.5 18.4 12.5 2.5 2 0 5 0 0
-3610.9 10471.2 -157.7 4 0 12.5 21.7 12.5 2.5 2 1 5 0 0
-3646.4 10472.6 -155.8 4 0 18.4 20.5 10.0 0.0 0 1 4 5 5
-3650.4 10445.3 -162.1 184 0 15.8 21.8 12.5 2.5 2 1 5 0 0
-3689.1 10447.3 -159.6 185 0 18.8 22.5 15.0 0.0 0 1 6 4 4
-3635.8 10390.6 -171.0 106 0 14.3 27.2 10.0 0.0 0 1 4 0 0
-3460.0 10448.2 -154.2 323 0 15.1 16.2 2.5 0.0 0 1 1 2 2
-3420.2 10443.8 -150.3 322 0 16.3 16.2 7.5 0.0 0 0 3 3 3
-3441.9 10429.9 -154.3 321 0 15.1 15.6 10.0 0.0 0 1 4 3 3
-3423.6 10408.4 -153.1 329 0 15.7 15.5 5.0 0.0 0 0 2 0 0
-3411.7 10408.9 -148.6 141 0 29.2 14.1 10.0 2.5 2 0 4 4 4
-3376.9 10388.8 -145.3 329 0 27.4 14.9 12.5 2.5 2 0 5 3 3
-3364.2 10352.5 -144.3 341 0 29.6 15.5 10.0 2.5 4 0 4 1 1
-3355.4 10317.4 -144.2 350 0 27.6 14.9 12.5 0.0 0 0 5 4 4
-3377.2 10252.2 -150.4 187 0 14.2 14.4 7.5 2.5 2 1 3 5 5
-3372.1 10282.4 -147.0 187 0 28.8 15.8 10.0 2.5 2 0 4 4 4
-3407.5 10283.1 -153.2 186 0 16.8 25.6 10.0 2.5 2 1 4 0 0
-3419.6 10348.8 -152.0 157 0 17.0 22.4 12.5 2.5 2 1 5 3 3
-3432.7 10373.1 -153.5 149 0 16.6 25.5 15.0 0.0 0 1 6 3 3
-3436.1 10372.3 -157.3 330 0 15.6 16.7 12.5 2.5 2 1 5 3 3
-3427.0 10347.7 -156.6 336 0 17.3 16.1 12.5 2.5 2 0 5 3 3
-3416.6 10311.8 -156.2 350 0 15.9 15.7 10.0 2.5 2 0 4 4 4
-3412.7 10286.9 -156.9 359 0 17.0 16.0 12.5 0.0 0 0 5 4 4
-3386.4 10254.9 -157.6 11 0 15.8 36.6 10.0 2.5 4 1 4 0 0
-4233.3 10307.9 -165.3 337 0 22.2 13.0 10.0 2.5 2 0 4 2 2
-4220.5 10289.2 -162.9 320 0 19.1 15.4 15.0 0.0 0 0 6 5 5
-4204.6 10259.2 -160.9 38 0 19.6 16.1 7.5 2.5 2 0 3 5 5
-2605.3 9082.9 -178.8 296 0 5.0 6.4 5.0 2.5 2 1 2 0 0
-2614.1 9069.4 -180.2 199 0 16.3 7.7 7.5 2.5 2 0 3 3 3
-2610.9 9055.9 -180.6 212 0 8.4 16.6 7.5 2.5 2 1 3 4 4
-2572.5 9107.2 -175.5 52 0 9.6 27.0 7.5 0.0 0 1 3 2 2
-2594.3 9142.5 -174.7 295 0 6.5 8.5 5.0 2.5 2 1 2 4 4
-2595.6 9155.5 -174.2 295 0 6.5 11.3 7.5 2.5 2 1 3 1 1
-2616.6 9156.5 -174.6 205 0 8.2 13.9 5.0 2.5 4 1 2 0 0
-2619.0 9149.7 -176.1 305 0 6.8 15.7 2.5 2.5 2 1 1 0 0
-2860.9 9385.4 -171.8 243 0 8.2 14.0 5.0 2.5 2 1 2 0 0
-2875.3 9409.4 -169.1 243 0 7.7 15.5 2.5 2.5 2 1 1 4 4
-2883.2 9372.9 -172.8 243 0 10.9 12.2 7.5 2.5 4 1 3 5 5
-2841.4 9378.6 -171.3 63 0 8.1 15.3 5.0 2.5 2 1 2 0 0
-2817.8 9391.2 -170.4 63 0 9.4 15.7 5.0 0.0 0 1 2 4 4
-2860.3 9416.2 -168.2 243 0 8.4 11.9 7.5 2.5 2 1 3 1 1
-2838.8 9428.9 -167.8 243 0 6.4 14.4 7.5 2.5 2 1 3 4 4
-2828.5 9436.2 -168.3 243 0 9.5 19.7 7.5 2.5 2 1 3 1 1
-2795.9 9446.8 -167.8 254 0 11.3 17.2 5.0 2.5 2 1 2 5 5
-2810.1 9441.7 -168.3 254 0 13.5 17.8 2.5 2.5 4 1 1 4 4
-2705.0 9357.8 -171.5 107 0 7.0 8.9 5.0 2.5 2 1 2 2 2
-2713.0 9344.9 -173.1 271 0 13.8 8.1 2.5 2.5 2 0 1 2 2
-2742.6 9334.2 -174.8 235 0 8.9 7.4 7.5 2.5 2 0 3 3 3
-2749.7 9325.7 -175.9 302 0 5.7 9.6 5.0 2.5 2 1 2 3 3
-2612.8 9364.6 -166.4 300 0 11.8 9.6 5.0 2.5 2 0 2 5 5
-2589.8 9321.8 -166.5 30 0 10.6 11.2 5.0 0.0 0 1 2 4 4
-2613.0 9330.9 -167.1 120 0 16.4 7.7 7.5 2.5 4 0 3 3 3
-2630.6 9375.3 -167.1 29 0 8.4 17.0 2.5 0.0 0 1 1 1 1
-2667.3 9346.1 -169.7 126 0 15.9 8.6 5.0 2.5 2 0 2 1 1
-2668.7 9438.4 -162.9 10 0 8.7 17.8 5.0 2.5 2 1 2 1 1
-2654.9 9429.7 -163.5 284 0 16.6 8.8 7.5 2.5 2 0 3 0 0
-2613.5 9411.5 -163.8 288 0 13.7 9.0 2.5 2.5 2 0 1 0 0
-2615.4 9254.6 -171.0 300 0 36.9 12.3 7.5 2.5 2 0 3 1 1
-2745.6 9107.0 -184.2 55 0 13.3 10.4 2.5 2.5 2 0 1 2 2
-2759.9 9096.4 -184.9 57 0 14.0 11.2 2.5 2.5 2 0 1 4 4
-2781.1 9159.0 -182.7 218 0 11.4 13.4 10.0 2.5 2 1 4 3 3
-2759.7 9154.0 -182.5 277 0 11.9 11.2 5.0 2.5 2 0 2 4 4
-2736.5 9141.7 -182.0 7 0 10.9 12.8 10.0 2.5 2 1 4 5 5
-2791.2 9121.1 -185.0 117 0 12.0 12.8 7.5 2.5 2 1 3 2 2
-2783.5 9108.4 -185.0 141 0 13.7 8.9 7.5 2.5 2 0 3 2 2
-2809.7 9124.7 -185.0 124 0 16.2 12.5 10.0 2.5 2 0 4 4 4
-2733.3 8979.5 -181.6 34 0 6.6 13.5 2.5 2.5 2 1 1 4 4
-2744.8 8969.7 -177.6 319 0 12.1 9.5 5.0 2.5 2 0 2 1 1
-2694.7 8987.9 -184.7 146 0 15.1 31.5 7.5 0.0 0 1 3 1 1
-2509.3 9041.6 -179.3 296 0 21.3 37.0 15.0 0.0 0 1 6 3 3
-2880.2 9074.2 -182.9 207 0 17.9 12.3 5.0 0.0 0 0 2 2 2
-2895.8 9043.5 -181.8 176 0 16.3 13.4 7.5 2.5 2 0 3 4 4
-2883.1 9016.7 -179.9 165 0 17.2 13.5 7.5 2.5 2 0 3 2 2
-2864.8 8993.1 -178.9 147 0 17.1 13.2 2.5 2.5 2 0 1 2 2
-2846.1 8971.8 -177.8 135 0 16.2 13.9 7.5 2.5 4 0 3 2 2
-2821.9 8956.2 -176.7 123 0 18.8 11.0 7.5 2.5 2 0 3 0 0
-2766.9 8932.5 -176.7 92 0 18.4 11.9 7.5 2.5 2 0 3 4 4
-2734.1 8915.6 -180.4 62 0 10.6 18.9 12.5 0.0 0 1 5 4 4
-2709.6 8947.1 -181.6 14 0 15.6 18.0 10.0 0.0 0 1 4 5 5
-2703.6 8981.3 -184.7 322 0 13.1 17.7 2.5 0.0 0 1 1 5 5
-2253.0 9057.3 -166.0 111 0 19.3 15.5 10.0 0.0 0 0 4 1 1
-2276.5 9074.8 -165.5 106 0 13.2 17.7 5.0 0.0 0 1 2 0 0
-2259.5 9263.3 -151.3 109 0 32.2 8.8 7.5 2.5 2 0 3 1 1
-2185.0 9151.1 -156.6 193 0 15.3 12.4 7.5 2.5 2 0 3 4 4
-2153.5 9128.3 -156.7 103 0 12.0 17.0 7.5 0.0 0 1 3 4 4
-2157.9 9188.0 -153.2 290 0 14.0 14.6 5.0 2.5 2 1 2 0 0
-2074.1 8976.7 -168.4 287 0 37.5 22.0 12.5 0.0 0 0 5 3 3
-1954.6 8763.9 -161.1 327 0 8.2 19.6 2.5 0.0 0 1 1 2 2
-2181.5 8867.7 -181.4 201 0 14.3 18.2 10.0 2.5 2 1 4 1 1
-1928.5 8712.9 -164.3 329 0 7.3 15.4 7.5 2.5 2 1 3 1 1
-1946.7 8720.3 -165.3 352 0 8.2 17.1 2.5 2.5 2 1 1 5 5
-1935.4 8748.7 -160.9 326 0 12.1 18.8 5.0 2.5 4 1 2 1 1
-1949.7 8800.4 -153.9 312 0 7.8 11.6 7.5 2.5 4 1 3 0 0
-1945.8 8844.8 -146.7 311 0 6.8 11.0 5.0 2.5 4 1 2 2 2
-1924.8 8810.8 -148.3 41 0 13.1 10.4 5.0 2.5 4 0 2 1 1
-1914.3 8805.8 -147.5 198 0 11.8 9.1 5.0 2.5 2 0 2 5 5
-1897.5 8832.5 -142.1 18 0 13.4 7.0 5.0 0.0 0 0 2 3 3
-1937.8 8886.4 -145.4 348 0 6.6 13.0 7.5 2.5 2 1 3 5 5
-1923.8 8855.0 -140.6 153 0 8.0 14.5 7.5 2.5 2 1 3 5 5
-1889.2 8853.7 -138.0 29 0 13.9 12.6 7.5 2.5 2 0 3 3 3
-1972.8 9115.3 -152.1 303 0 11.6 16.3 7.5 2.5 2 1 3 4 4
-1958.9 9120.0 -148.5 120 0 12.2 12.9 5.0 2.5 2 1 2 5 5
-1940.1 9104.0 -147.4 104 0 12.1 11.2 5.0 2.5 2 0 2 2 2
-1899.2 9026.4 -143.8 13 0 9.4 12.6 7.5 2.5 2 1 3 4 4
-1903.4 9005.7 -144.3 13 0 7.7 15.6 5.0 2.5 2 1 2 4 4
-1915.2 8956.5 -145.0 18 0 6.5 18.2 7.5 2.5 2 1 3 2 2
-1954.0 8898.4 -146.7 170 0 7.6 12.2 5.0 2.5 2 1 2 4 4
-2007.9 8870.2 -158.5 1 0 8.7 11.8 5.0 2.5 2 1 2 2 2
-1982.2 8859.9 -153.5 339 0 7.1 15.2 5.0 0.0 0 1 2 3 3
-1974.5 8893.1 -153.2 359 0 8.7 13.4 7.5 2.5 2 1 3 2 2
-1963.7 8923.9 -151.9 358 0 8.4 11.5 2.5 2.5 2 1 1 1 1
-1955.5 8989.5 -151.1 234 0 10.7 20.3 5.0 2.5 2 1 2 0 0
-1954.3 9094.6 -150.9 283 0 13.7 15.0 2.5 2.5 2 1 1 3 3
-1931.6 9043.9 -150.9 347 0 18.7 15.2 10.0 2.5 2 0 4 0 0
-1975.0 8960.4 -156.2 19 0 21.5 13.5 12.5 2.5 2 0 5 3 3
-2012.5 8989.1 -163.8 289 0 12.8 17.4 2.5 2.5 2 1 1 1 1
-2014.4 9024.9 -161.4 251 0 18.3 16.3 12.5 2.5 2 0 5 0 0
-2036.5 9028.4 -160.8 89 0 12.4 15.7 2.5 2.5 2 1 1 5 5
-2011.7 9054.5 -157.9 89 0 17.0 13.7 7.5 2.5 2 0 3 1 1
-2013.5 9089.6 -156.1 269 0 14.4 12.9 7.5 2.5 2 0 3 5 5
-2010.2 9130.5 -152.0 31 0 16.1 13.2 5.0 2.5 2 0 2 1 1
-2497.5 9264.7 -162.7 191 0 16.8 61.5 7.5 2.5 2 1 3 3 3
-2400.7 9297.0 -155.6 193 0 18.1 12.1 5.0 2.5 2 0 2 4 4
-2405.0 9274.9 -156.7 192 0 12.1 11.6 10.0 2.5 2 0 4 1 1
-2358.9 9271.6 -154.8 103 0 13.9 11.6 7.5 2.5 2 0 3 1 1
-2318.9 9042.6 -171.0 262 0 10.9 14.5 5.0 2.5 2 1 2 3 3
-2354.2 8995.3 -175.8 340 0 8.7 15.1 7.5 2.5 2 1 3 5 5
-2382.4 8971.1 -178.0 207 0 15.1 9.5 2.5 2.5 2 0 1 2 2
-2331.0 8964.2 -178.0 297 0 9.8 15.7 5.0 2.5 2 1 2 5 5
-2064.0 8844.0 -167.4 347 0 14.8 16.6 7.5 2.5 2 1 3 3 3
-2038.2 8784.1 -168.9 327 0 23.3 21.6 10.0 2.5 2 0 4 1 1
-2009.8 8730.7 -171.9 327 0 20.7 16.7 12.5 2.5 2 0 5 3 3
-1984.0 8693.1 -173.8 329 0 20.5 19.0 10.0 2.5 2 0 4 1 1
-1971.4 8646.5 -173.9 269 0 18.1 20.0 12.5 2.5 2 1 5 0 0
-1948.2 8584.7 -174.4 357 0 21.0 19.3 17.5 0.0 0 0 7 2 2
-1865.9 8661.2 -162.1 258 0 38.0 11.2 17.5 0.0 0 0 7 0 0
-2072.8 9083.3 -157.9 180 0 11.7 13.5 5.0 2.5 2 1 2 0 0
-2066.5 9056.1 -159.7 90 0 15.4 13.4 2.5 2.5 2 0 1 2 2
-2099.7 9075.4 -159.8 18 0 14.9 12.5 5.0 2.5 2 0 2 0 0
-2087.0 9112.3 -156.3 18 0 14.8 13.2 7.5 2.5 2 0 3 4 4
-2136.3 9106.3 -158.0 86 0 12.1 14.1 5.0 2.5 2 1 2 0 0
-2127.1 9070.3 -160.5 107 0 14.3 14.9 5.0 2.5 2 1 2 1 1
-2143.8 9081.8 -160.3 97 0 14.5 14.2 2.5 2.5 2 0 1 2 2
-2177.2 9092.8 -161.2 16 0 15.5 15.5 5.0 0.0 0 0 2 3 3
-2149.9 9065.4 -163.1 286 0 14.8 16.0 7.5 2.5 4 1 3 1 1
-2171.4 9065.7 -163.8 286 0 12.7 15.1 2.5 2.5 2 1 1 5 5
-2225.7 9067.6 -164.2 106 0 12.6 15.3 2.5 2.5 2 1 1 4 4
-2199.1 9095.6 -161.8 16 0 16.2 14.0 7.5 2.5 2 0 3 2 2
-2223.2 9111.0 -162.0 286 0 13.2 16.0 5.0 2.5 2 1 2 0 0
-3894.1 10802.7 -141.1 339 0 6.0 12.1 5.0 2.5 2 1 2 0 0
-3952.6 10835.7 -149.7 249 0 12.7 8.5 7.5 2.5 2 0 3 1 1
-3923.7 10827.0 -147.2 339 0 7.0 15.3 7.5 2.5 2 1 3 1 1
-3917.8 10845.4 -150.3 339 0 9.4 13.9 5.0 2.5 2 1 2 2 2
-3969.0 10860.2 -155.0 254 0 14.3 8.9 7.5 0.0 0 0 3 1 1
-4029.7 10854.1 -155.6 253 0 9.8 8.8 7.5 2.5 2 0 3 1 1
-4061.3 10863.3 -158.2 254 0 16.0 7.6 5.0 2.5 2 0 2 2 2
-4049.7 10848.6 -154.1 253 0 14.6 9.0 7.5 2.5 2 0 3 5 5
-4016.4 10795.3 -141.7 74 0 10.8 10.3 2.5 2.5 2 0 1 1 1
-4019.1 10818.7 -147.7 74 0 14.4 7.5 5.0 2.5 2 0 2 2 2
-3990.7 10796.9 -142.5 65 0 13.5 9.7 5.0 2.5 2 0 2 4 4
-3965.7 10789.9 -139.9 82 0 16.3 7.8 7.5 2.5 2 0 3 1 1
-3940.3 10802.3 -143.8 82 0 14.4 8.3 7.5 2.5 2 0 3 1 1
-4000.0 10770.1 -133.9 106 0 13.5 7.3 2.5 2.5 2 0 1 1 1
-4036.4 10794.2 -140.9 71 0 12.8 8.6 5.0 2.5 2 0 2 0 0
-4094.4 10837.3 -153.5 232 0 11.6 5.6 5.0 2.5 2 0 2 1 1
-4090.5 10816.2 -147.2 232 0 16.3 8.8 2.5 2.5 4 0 1 2 2
-4066.9 10792.0 -140.2 72 0 15.1 9.0 5.0 2.5 2 0 2 0 0
-4095.9 10778.1 -140.2 57 0 20.6 10.9 7.5 2.5 2 0 3 0 0
-4116.6 10760.2 -137.1 41 0 17.0 8.2 5.0 2.5 2 0 2 5 5
-4113.4 10743.1 -144.7 13 0 16.5 46.6 10.0 2.5 2 1 4 1 1
-4206.0 10698.8 -144.9 31 0 15.8 9.0 7.5 2.5 2 0 3 3 3
-4213.1 10677.6 -143.1 33 0 12.9 10.4 5.0 2.5 2 0 2 5 5
-4271.9 10717.8 -161.7 222 0 8.9 23.7 2.5 2.5 4 1 1 0 0
-4230.2 10664.6 -147.2 40 0 13.1 8.3 7.5 2.5 2 0 3 2 2
-4251.4 10649.7 -152.2 73 0 8.1 16.2 5.0 2.5 2 1 2 1 1
-4210.6 10447.7 -166.0 28 0 20.4 14.7 12.5 2.5 2 0 5 2 2
-4222.3 10203.7 -172.2 300 0 15.4 8.4 2.5 0.0 0 0 1 3 3
-4147.6 10542.0 -142.1 334 0 17.1 13.2 7.5 2.5 2 0 3 1 1
-4138.5 10514.5 -143.8 348 0 18.6 16.7 7.5 2.5 2 0 3 2 2
-4134.2 10486.9 -146.4 357 0 18.6 16.5 12.5 2.5 2 0 5 2 2
-4136.9 10458.5 -149.2 12 0 18.2 16.1 12.5 2.5 2 0 5 5 5
-4175.3 10529.3 -151.7 341 0 15.5 17.1 2.5 2.5 2 1 1 1 1
-4224.7 10532.7 -159.5 68 0 11.1 25.1 10.0 2.5 4 1 4 4 4
-4210.1 10514.9 -160.0 342 0 25.7 9.4 7.5 2.5 2 0 3 4 4
-4289.3 10526.1 -175.2 135 0 26.7 11.5 12.5 2.5 2 0 5 3 3
-4226.3 10423.8 -168.6 37 0 17.1 15.4 10.0 0.0 0 0 4 5 5
-4202.6 10480.2 -163.6 8 0 18.3 14.8 12.5 2.5 2 0 5 0 0
-4179.1 10463.6 -156.7 96 0 11.2 20.3 10.0 2.5 2 1 4 0 0
-4272.0 10413.3 -177.2 21 0 9.2 12.5 5.0 2.5 2 1 2 1 1
-4277.6 10399.2 -177.4 11 0 9.5 11.4 7.5 2.5 4 1 3 1 1
-4280.5 10383.7 -176.9 11 0 9.9 10.9 5.0 2.5 2 1 2 1 1
-4282.2 10369.0 -176.7 358 0 10.7 11.6 2.5 2.5 2 1 1 1 1
-4282.7 10351.7 -175.6 358 0 9.4 10.8 5.0 2.5 4 1 2 4 4
-4271.0 10308.5 -172.6 338 0 10.9 11.4 2.5 2.5 2 1 1 3 3
-4264.2 10295.8 -171.4 332 0 10.8 12.6 7.5 2.5 4 1 3 5 5
-4257.9 10282.9 -170.0 327 0 11.3 12.4 7.5 2.5 2 1 3 2 2
-4076.8 10261.3 -170.8 237 0 21.0 13.2 12.5 2.5 2 0 5 2 2
-4123.6 10250.2 -165.3 265 0 16.2 14.8 7.5 2.5 2 0 3 4 4
-4146.8 10251.4 -161.4 276 0 20.8 13.9 10.0 2.5 2 0 4 3 3
-4183.8 10249.1 -159.4 202 0 13.0 21.7 12.5 2.5 2 1 5 5 5
-3803.4 10516.9 -144.2 266 0 13.5 18.8 7.5 2.5 2 1 3 1 1
-3786.8 10516.6 -144.2 266 0 11.5 17.5 7.5 2.5 2 1 3 0 0
-3770.0 10517.2 -144.0 266 0 13.4 16.6 2.5 2.5 4 1 1 4 4
-3752.5 10518.5 -144.5 266 0 12.4 18.3 5.0 2.5 2 1 2 4 4
-3737.2 10523.3 -143.6 266 0 10.8 16.6 5.0 0.0 0 1 2 1 1
-3720.6 10524.6 -144.4 266 0 13.7 18.5 12.5 2.5 2 1 5 4 4
-3432.0 10471.0 -145.1 137 0 26.4 17.3 12.5 2.5 2 0 5 2 2
-3403.7 10437.5 -139.3 135 0 23.6 13.7 10.0 2.5 2 0 4 1 1
-3364.9 10100.9 -151.9 324 0 8.5 7.9 5.0 2.5 4 0 2 2 2
-3383.6 10153.2 -152.4 219 0 8.8 6.1 5.0 2.5 2 0 2 1 1
-3383.8 10146.1 -154.0 275 0 6.9 15.8 5.0 2.5 2 1 2 0 0
-3316.5 10008.0 -151.5 319 0 11.7 6.0 5.0 2.5 2 0 2 5 5
-3320.6 10024.8 -150.4 324 0 6.6 8.0 5.0 2.5 2 1 2 2 2
-3326.9 10035.7 -149.8 325 0 9.9 6.2 7.5 2.5 2 0 3 1 1
-3333.5 10046.5 -149.9 323 0 10.6 6.4 7.5 2.5 2 0 3 4 4
-3340.1 10060.1 -150.0 322 0 13.2 6.9 7.5 2.5 2 0 3 4 4
-3350.0 10073.0 -150.8 342 0 7.7 7.5 7.5 2.5 2 0 3 3 3
-3346.9 10088.4 -148.6 346 0 13.1 7.0 7.5 2.5 2 0 3 1 1
-3374.7 10084.4 -155.0 355 0 11.2 7.1 7.5 2.5 2 0 3 5 5
-3342.2 10036.9 -153.2 326 0 13.2 7.5 5.0 2.5 2 0 2 0 0
-3301.1 9974.7 -154.4 28 0 8.2 20.3 5.0 2.5 2 1 2 3 3
-3280.9 9961.6 -151.0 316 0 11.9 6.5 5.0 2.5 2 0 2 5 5
-3304.9 9941.2 -159.8 52 0 18.8 11.7 5.0 2.5 2 0 2 4 4
-3328.4 10062.3 -147.1 326 0 11.6 6.6 7.5 2.5 2 0 3 0 0
-3274.0 9738.9 -161.9 245 0 8.4 23.9 2.5 2.5 2 1 1 1 1
-3223.7 9625.7 -163.8 57 0 13.8 50.1 10.0 2.5 2 1 4 4 4
-3229.8 9605.8 -168.1 328 0 13.8 9.3 5.0 2.5 4 0 2 3 3
-3217.1 9577.5 -165.9 61 0 7.8 19.1 7.5 2.5 2 1 3 5 5
-3184.9 9574.4 -159.2 328 0 20.9 10.3 5.0 2.5 2 0 2 4 4
-3266.4 9698.6 -162.9 248 0 10.6 25.0 12.5 2.5 2 1 5 2 2
-3231.6 9698.9 -155.0 338 0 32.3 8.3 7.5 2.5 2 0 3 3 3
-3256.7 9761.2 -157.5 244 0 14.4 34.7 12.5 2.5 4 1 5 4 4
-3450.1 10393.9 -158.9 323 0 14.7 15.3 2.5 0.0 0 1 1 3 3
-3762.3 10553.4 -135.9 131 0 20.0 17.0 10.0 0.0 0 0 4 1 1
2190.4 4802.1 -156.0 94 0 41.5 42.4 17.5 0.0 0 1 5 2 2
2333.5 5405.9 -147.8 270 0 30.8 18.6 17.5 3.5 2 0 5 5 5
2279.8 5564.4 -147.1 153 0 14.6 34.1 17.5 3.5 2 1 5 2 2
2260.6 5524.3 -144.8 17 0 42.1 29.0 17.5 0.0 0 0 5 4 4
2168.9 4757.6 -155.3 83 0 49.7 10.3 17.5 3.5 2 0 5 5 5
2207.2 4783.0 -155.3 14 0 11.3 49.8 17.5 0.0 0 1 5 3 3
2219.2 4904.3 -156.9 4 0 8.7 38.8 10.5 3.5 2 1 3 5 5
2495.4 5196.6 -159.3 60 0 11.9 36.6 17.5 3.5 2 1 5 3 3
2425.7 5177.8 -160.8 62 0 19.7 31.7 17.5 0.0 0 1 5 3 3
2546.3 3605.0 -147.0 168 0 26.5 19.2 14.0 0.0 0 0 4 2 2
2468.0 3270.7 -160.3 243 0 18.3 12.0 10.5 3.5 2 0 3 4 4
2505.1 2556.0 -144.6 270 0 53.4 40.9 14.0 0.0 0 0 4 3 3
2507.8 2791.5 -149.6 233 0 31.7 35.7 10.5 0.0 0 1 3 5 5
664.8 -405.3 -93.8 271 0 35.3 48.7 10.0 0.0 0 0 4 4 4
721.9 -63.6 -95.6 97 0 62.2 15.4 12.5 2.5 2 0 5 5 5
734.9 -755.4 -96.4 180 0 32.4 22.4 10.0 0.0 0 0 4 0 0
773.7 -696.4 -98.0 355 0 14.7 29.1 10.0 2.5 2 1 4 1 1
742.6 -675.6 -99.0 175 0 14.7 29.1 10.0 2.5 2 1 4 1 1
742.8 -625.5 -99.8 175 0 14.7 29.1 12.5 2.5 2 1 5 1 1
745.5 -649.8 -99.8 175 0 14.7 29.1 10.0 2.5 2 1 4 3 3
843.1 -591.4 -105.3 355 0 19.4 35.6 12.5 0.0 0 1 5 1 1
762.7 -566.6 -101.9 175 0 20.0 25.0 12.5 2.5 2 1 5 3 3
756.5 -597.2 -101.3 175 0 21.7 27.2 10.0 0.0 0 1 4 1 1
2072.6 2551.1 -119.5 306 0 15.3 24.7 14.0 3.5 2 1 4 2 2
1599.8 2023.2 -118.3 148 0 11.2 20.2 2.5 2.5 2 1 1 3 3
1542.7 1608.9 -124.9 19 0 21.2 23.6 17.5 0.0 0 1 7 3 3
1270.6 1816.9 -106.4 114 0 42.9 102.0 10.0 0.0 0 1 4 4 4
1430.2 1394.5 -124.7 112 0 36.2 26.7 12.5 0.0 0 0 5 1 1
1474.9 1452.5 -125.3 201 0 19.7 24.4 12.5 2.5 2 1 5 2 2
1339.8 872.7 -115.2 201 0 23.6 23.6 12.5 2.5 4 1 5 2 2
1291.0 1074.6 -116.5 253 0 20.5 19.8 12.5 2.5 2 0 5 4 4
1304.5 1028.9 -115.5 73 0 20.5 19.8 7.5 2.5 2 0 3 0 0
1157.8 744.7 -104.8 299 0 23.1 22.2 12.5 2.5 2 0 5 1 1
1129.5 761.5 -104.1 299 0 23.1 22.2 12.5 2.5 2 0 5 0 0
534.7 -337.3 -82.5 13 0 75.0 34.6 10.0 0.0 0 0 4 2 2
1020.3 535.8 -100.1 34 0 17.0 40.1 15.0 2.5 2 1 6 3 3
883.4 -185.9 -106.6 6 0 20.0 54.0 10.0 2.5 2 1 4 4 4
847.4 -216.5 -105.5 96 0 62.1 21.9 10.0 2.5 2 0 4 2 2
1496.2 1235.8 -126.7 270 0 26.1 22.9 12.5 2.5 2 0 5 1 1
1547.0 1222.6 -127.6 1 0 23.4 21.8 10.0 2.5 2 0 4 4 4
-293.7 -3245.2 -102.3 135 0 48.8 61.8 12.5 0.0 0 1 5 0 0
2836.2 4389.3 -172.3 344 0 23.1 33.2 17.5 0.0 0 1 5 3 3
3274.1 4860.5 -177.7 160 0 14.1 18.5 14.0 3.5 2 1 4 4 4
-5934.8 -3943.5 -122.3 84 0 63.7 26.4 10.0 0.0 0 0 4 4 4
-5933.3 -3951.8 -118.8 264 0 63.7 26.4 12.5 0.0 0 0 5 2 2
-5926.6 -4014.2 -113.9 84 0 63.7 26.4 10.0 0.0 0 0 4 3 3
-5779.0 -4390.6 -135.9 226 0 29.2 60.6 10.0 0.0 0 1 4 3 3
-5530.8 -4619.6 -129.4 311 0 18.5 20.2 12.5 2.5 2 1 5 3 3
-5495.2 -4656.5 -125.9 42 0 16.7 26.4 12.5 2.5 2 1 5 3 3
-5469.9 -4721.4 -121.7 132 0 39.1 37.8 12.5 0.0 0 0 5 3 3
-5404.2 -4664.0 -118.3 124 0 34.4 7.7 7.5 2.5 2 0 3 2 2
-5056.1 -4958.7 -131.6 38 0 13.8 28.2 12.5 2.5 2 1 5 3 3
-4613.7 -5188.3 -141.9 33 0 49.1 42.5 10.0 0.0 0 0 4 2 2
-4500.2 -5341.4 -140.1 46 0 16.5 15.2 12.5 2.5 2 0 5 2 2
-4530.2 -5412.9 -145.2 47 0 37.2 41.4 10.0 0.0 0 1 4 3 3
-4193.6 -5927.5 -103.0 72 0 17.3 43.1 12.5 2.5 2 1 5 0 0
-4351.4 -5473.1 -132.5 133 0 18.7 18.7 12.5 2.5 2 1 5 1 1
-4352.7 -5382.4 -131.1 317 0 49.5 33.8 10.0 0.0 0 0 4 3 3
-5754.0 -4330.1 -131.7 140 0 31.9 14.4 10.0 2.5 2 0 4 1 1
-5614.9 -4545.0 -126.0 225 0 8.1 84.7 7.5 2.5 2 1 3 2 2
-5708.0 -4355.1 -131.5 229 0 22.8 14.8 10.0 2.5 2 0 4 5 5
-5699.5 -4383.4 -131.5 139 0 14.8 22.8 10.0 2.5 2 1 4 0 0
-4304.4 -5508.9 -134.6 327 0 27.2 13.8 12.5 2.5 2 0 5 2 2
-4576.0 -5029.3 -130.0 141 0 12.9 24.4 12.5 2.5 2 1 5 0 0
-4543.0 -4535.3 -87.6 120 0 38.3 15.8 7.5 2.5 2 0 3 2 2
-4121.3 -6140.5 -105.3 212 0 17.3 13.8 7.5 2.5 2 0 3 4 4
6014.5 -9923.1 -178.3 71 0 32.5 17.8 7.5 0.0 0 0 3 4 4
3448.0 4837.2 -179.8 179 0 8.1 13.8 10.5 3.5 2 1 3 4 4
3452.2 4828.1 -179.6 279 0 18.3 8.0 10.5 3.5 2 0 3 5 5
3462.0 4875.8 -180.5 101 0 25.9 10.9 14.0 3.5 2 0 4 0 0
3417.6 4895.5 -179.7 228 0 6.4 5.5 10.5 3.5 2 0 3 2 2
3314.2 4915.5 -179.1 68 0 8.6 17.4 10.5 3.5 2 1 3 1 1
3459.0 4851.1 -180.1 186 0 12.9 10.8 14.0 3.5 2 0 4 0 0
3475.0 4840.4 -180.1 7 0 12.8 6.2 10.5 3.5 2 0 3 0 0
3249.8 5026.1 -179.6 160 0 21.9 13.8 14.0 3.5 2 0 4 0 0
3268.2 5457.9 -179.3 293 0 13.3 38.3 17.5 3.5 2 1 5 2 2
-4025.4 -5918.7 -97.8 192 0 24.4 7.3 7.5 2.5 2 0 3 0 0
-4749.6 -6893.2 -177.2 265 0 18.2 20.4 14.0 3.5 2 1 4 4 4
-4551.9 -7324.3 -176.4 231 0 9.4 35.7 10.5 0.0 0 1 3 1 1
-3978.8 -5791.3 -98.7 119 0 16.7 39.7 15.0 2.5 2 1 6 2 2
-4140.6 -5930.8 -104.8 160 0 32.4 18.9 7.5 0.0 0 0 3 1 1
-4086.7 -5871.7 -105.0 183 0 25.8 13.9 5.0 2.5 2 0 2 5 5
-4041.7 -5808.1 -108.5 17 0 62.5 10.6 10.0 2.5 2 0 4 2 2
-4021.2 -5738.7 -111.2 15 0 19.4 19.2 12.5 2.5 2 0 5 2 2
-4002.3 -5673.9 -108.7 227 0 15.3 16.3 7.5 2.5 2 1 3 2 2
-4181.1 -5708.8 -128.3 76 0 31.3 14.4 12.5 2.5 2 0 5 5 5
-4590.8 -5340.5 -145.4 224 0 28.3 48.3 10.0 0.0 0 1 4 5 5
-896.4 7579.7 -156.7 224 0 12.9 9.8 7.5 2.5 2 0 3 2 2
-889.0 7555.7 -156.1 134 0 21.1 18.6 12.5 2.5 2 0 5 1 1
6120.6 -9661.7 -173.0 178 0 11.1 15.4 5.0 2.5 2 0 2 5 5
5804.2 -9606.4 -173.5 157 0 10.2 6.6 5.0 2.5 2 0 2 4 4
5809.9 -9602.8 -173.6 157 0 11.1 19.6 12.5 2.5 2 0 5 1 1
5937.1 -9706.0 -176.5 69 0 11.7 19.0 2.5 2.5 2 1 1 5 5
5919.6 -9707.8 -177.1 69 0 21.4 10.1 5.0 2.5 2 0 2 5 5
6139.0 -9654.7 -172.6 178 0 15.5 21.3 10.0 2.5 2 1 4 4 4
-1113.5 -4044.7 -85.9 245 0 43.1 36.6 12.5 0.0 0 0 5 2 2
74.7 -3115.0 -105.9 138 0 13.7 9.9 5.0 2.5 2 0 2 0 0
2071.9 -3362.1 -129.4 15 0 10.2 7.9 5.0 2.5 2 0 2 2 2
2042.6 -3354.5 -127.8 195 0 17.8 17.1 12.5 2.5 2 0 5 2 2
2661.6 -8123.8 -148.9 112 0 41.8 21.0 7.5 0.0 0 0 3 2 2
2718.7 -6270.5 -96.9 61 0 62.3 13.7 10.0 2.5 2 0 4 3 3
2670.2 -6246.7 -100.1 151 0 61.0 83.4 10.0 0.0 0 0 4 3 3
2747.9 -4670.0 -37.5 58 0 14.8 13.5 7.5 2.5 2 0 3 4 4
2554.5 2527.2 -143.8 360 0 17.3 17.7 14.0 3.5 2 1 4 5 5
765.2 2213.8 -78.4 142 0 14.4 32.9 15.0 0.0 0 1 6 0 0
1446.9 2626.6 -103.9 255 0 30.9 30.0 10.5 0.0 0 0 3 3 3
6814.2 8197.6 -167.6 176 0 17.2 42.8 12.5 2.5 2 0 5 5 5
1698.8 1920.2 -122.9 199 0 14.4 7.2 5.0 2.5 4 0 2 4 4
1345.8 913.7 -115.2 200 0 10.1 9.8 5.0 2.5 2 0 2 1 1
709.4 -415.1 -96.4 281 0 10.1 32.5 12.5 2.5 4 1 5 3 3
1654.7 662.8 -128.6 233 0 13.1 16.3 2.5 2.5 2 1 1 1 1
2276.8 5482.0 -146.1 279 0 17.1 7.4 10.5 3.5 2 0 3 1 1
2282.2 5515.5 -146.7 279 0 17.2 33.9 17.5 3.5 2 0 5 5 5
2477.2 5059.1 -168.7 271 0 72.0 9.8 10.5 3.5 2 0 3 5 5
2463.1 4962.5 -166.3 95 0 45.3 10.3 17.5 3.5 4 0 5 1 1
2404.5 4980.3 -167.3 91 0 8.7 61.1 10.5 3.5 2 1 3 3 3
6373.8 8031.5 -151.7 97 0 25.6 12.3 10.0 2.5 2 0 4 1 1
6348.4 8034.4 -150.9 97 0 25.6 12.3 10.0 2.5 2 0 4 4 4
6321.1 8039.3 -150.0 103 0 26.2 12.3 17.5 0.0 0 0 7 4 4
6280.9 8059.9 -148.0 202 0 12.3 29.9 12.5 0.0 0 1 5 4 4
6645.6 8008.6 -158.0 64 0 19.9 12.8 12.5 0.0 0 0 5 3 3
6617.7 7998.6 -157.4 64 0 19.9 12.8 7.5 0.0 0 0 3 5 5
6558.9 7962.6 -162.3 163 0 6.9 24.3 7.5 0.0 0 1 3 3 3
6809.1 8218.2 -168.0 188 0 21.2 57.1 12.5 2.5 2 0 5 2 2
6815.3 8180.2 -166.3 176 0 14.4 22.7 12.5 2.5 2 0 5 0 0
6823.9 8160.8 -169.2 194 0 19.7 50.6 10.0 2.5 2 0 4 2 2
6874.7 8125.0 -170.9 14 0 20.3 51.8 12.5 2.5 4 1 5 1 1
6850.1 8094.9 -172.8 259 0 41.3 12.4 12.5 2.5 2 0 5 3 3
6791.9 8073.1 -172.5 281 0 28.8 54.4 10.0 0.0 0 1 4 5 5
6915.2 8162.3 -172.5 9 0 49.3 13.3 10.0 2.5 2 0 4 3 3
6928.6 8154.9 -174.3 9 0 59.6 14.4 10.0 2.5 2 0 4 1 1
3463.9 6019.6 -142.0 50 0 13.8 10.3 14.0 3.5 2 0 4 3 3
2092.1 5983.2 -107.5 277 0 17.3 13.5 17.5 3.5 2 0 5 3 3
2070.9 5985.8 -107.1 277 0 17.2 13.5 17.5 3.5 2 0 5 4 4
2050.1 5988.4 -106.4 277 0 16.5 13.5 17.5 3.5 4 0 5 0 0
2028.1 5991.2 -103.6 277 0 16.1 13.5 17.5 3.5 2 0 5 2 2
2006.1 5980.3 -100.6 97 0 19.2 13.5 17.5 3.5 2 0 5 1 1
3032.0 6205.6 -138.5 177 0 8.4 26.9 10.5 0.0 0 1 3 4 4
3023.9 6228.7 -137.3 176 0 9.4 14.2 10.5 3.5 2 1 3 1 1
3041.4 6229.9 -136.5 176 0 9.4 14.2 10.5 3.5 2 1 3 2 2
3064.1 6252.2 -133.7 176 0 9.4 14.2 10.5 3.5 2 1 3 5 5
3031.6 6271.4 -132.8 176 0 9.4 14.2 10.5 3.5 2 1 3 0 0
3095.0 6247.6 -132.6 43 0 9.1 16.8 10.5 3.5 2 1 3 3 3
3060.0 6230.8 -135.3 176 0 9.4 13.8 10.5 3.5 2 1 3 5 5
3115.5 6270.1 -129.9 43 0 9.1 16.8 10.5 3.5 2 1 3 2 2
3049.1 6293.3 -127.9 176 0 9.4 14.2 10.5 3.5 2 1 3 2 2
3450.9 6172.0 -128.2 139 0 10.3 13.8 14.0 3.5 2 1 4 1 1
3475.8 6116.0 -133.1 320 0 10.3 13.8 14.0 3.5 2 1 4 3 3
3448.8 6074.7 -134.9 140 0 10.3 13.8 14.0 3.5 2 1 4 3 3
3469.3 6039.9 -140.3 50 0 13.8 10.3 14.0 3.5 2 0 4 5 5
3436.5 6008.5 -141.0 140 0 10.3 13.8 14.0 3.5 2 1 4 3 3
5029.1 6644.8 -167.6 255 0 8.6 13.8 10.5 3.5 2 1 3 5 5
4994.9 6637.2 -165.4 255 0 17.6 16.8 10.5 3.5 2 0 3 4 4
5540.1 6899.5 -175.2 268 0 16.0 39.7 14.0 3.5 2 0 4 2 2
5534.8 6863.5 -177.3 213 0 36.2 16.5 14.0 3.5 2 0 4 2 2
5567.0 6742.2 -181.3 117 0 22.4 42.2 14.0 3.5 2 0 4 4 4
5626.3 6853.8 -175.8 313 0 12.5 21.6 14.0 3.5 2 1 4 0 0
5521.3 6978.3 -174.4 347 0 15.5 30.7 10.0 2.5 2 0 4 4 4
5532.7 6997.9 -174.4 353 0 18.3 38.6 7.5 2.5 2 0 3 0 0
5320.9 7085.7 -159.3 311 0 15.6 19.5 10.0 2.5 2 1 4 1 1
5310.8 7102.1 -158.8 283 0 9.2 11.8 8.0 2.5 2 1 2 1 1
5369.3 7062.8 -163.1 288 0 33.1 21.8 10.0 0.0 0 0 4 2 2
5505.2 7067.5 -170.5 45 0 30.8 16.5 10.0 2.5 2 0 4 4 4
5578.1 7307.1 -157.6 172 0 15.1 34.4 12.5 2.5 2 0 5 5 5
5560.1 7292.0 -160.4 190 0 13.4 20.0 10.0 2.5 2 0 4 4 4
5580.2 7291.1 -158.9 174 0 13.8 18.4 12.5 2.5 2 0 5 4 4
5622.8 7256.2 -160.4 350 0 25.9 39.6 15.0 0.0 0 1 6 4 4
5578.4 7202.8 -164.1 174 0 19.8 50.7 10.0 2.5 2 0 4 3 3
5580.5 7181.6 -165.1 174 0 19.2 46.7 12.5 2.5 2 1 5 3 3
5591.0 7144.5 -166.3 96 0 12.3 11.2 10.0 2.5 2 0 4 1 1
5595.7 7139.2 -166.3 186 0 9.6 36.6 7.5 2.5 2 0 3 3 3
5591.4 7124.4 -167.6 186 0 20.6 39.3 12.5 0.0 0 0 5 0 0
5592.3 7094.7 -166.2 184 0 13.1 44.3 7.5 2.5 2 1 3 4 4
5589.2 7081.5 -165.4 184 0 12.6 35.7 15.0 0.0 0 0 6 3 3
5588.4 7067.9 -165.4 184 0 14.6 37.6 15.0 0.0 0 0 6 1 1
5120.3 6910.3 -164.2 57 0 9.3 23.5 8.0 2.5 4 1 2 3 3
4998.5 6844.6 -160.1 311 0 20.1 17.4 10.5 3.5 2 0 3 0 0
4985.9 6911.0 -154.9 304 0 7.3 24.2 12.0 3.5 2 1 3 2 2
4998.0 6896.5 -158.1 295 0 27.0 10.0 10.5 3.5 4 0 3 4 4
5019.8 6777.1 -165.5 69 0 14.7 37.1 10.5 3.5 2 1 3 3 3
5174.2 6825.7 -181.2 257 0 24.9 54.0 14.0 3.5 2 1 4 5 5
5126.4 6849.9 -178.4 263 0 48.4 61.3 14.0 0.0 0 1 4 2 2
2040.3 5906.3 -101.8 150 0 15.5 31.6 17.5 3.5 2 1 5 0 0
1938.4 5937.5 -96.1 8 0 9.5 12.3 10.5 3.5 4 1 3 1 1
1902.5 5939.1 -97.3 188 0 20.3 19.2 17.5 3.5 2 0 5 0 0
1890.6 6079.0 -96.5 267 0 18.6 35.8 17.5 0.0 0 1 5 5 5
1838.9 6016.0 -87.4 25 0 8.7 9.4 10.5 3.5 2 1 3 4 4
1825.4 6027.2 -85.8 24 0 15.6 32.7 17.5 3.5 4 1 5 1 1
306.9 -344.5 -59.0 236 0 17.7 37.9 10.0 2.5 2 0 4 0 0
407.7 -294.2 -75.6 241 0 33.8 88.7 12.5 0.0 0 1 5 5 5
349.2 -286.9 -67.6 260 0 25.6 51.8 10.0 2.5 4 1 4 4 4
398.3 -403.7 -67.2 59 0 25.6 51.8 15.0 2.5 2 1 6 3 3
688.1 -94.6 -94.3 188 0 10.9 34.4 12.5 2.5 2 1 5 0 0
690.4 -78.7 -95.7 188 0 10.9 56.4 10.0 2.5 2 1 4 1 1
824.8 997.1 -94.1 334 0 30.2 70.4 12.5 0.0 0 1 5 1 1
833.1 894.0 -96.1 0 0 38.7 76.4 10.0 0.0 0 1 4 0 0
844.9 721.2 -94.6 90 0 14.5 96.0 15.0 2.5 2 1 6 3 3
818.4 721.4 -95.0 90 0 30.0 96.0 12.5 0.0 0 1 5 2 2
783.5 721.6 -95.1 90 0 29.7 96.0 15.0 0.0 0 1 6 1 1
665.1 1048.1 -87.1 250 0 36.4 80.1 10.0 0.0 0 1 4 1 1
670.7 940.7 -89.3 180 0 36.0 45.5 12.5 0.0 0 1 5 2 2
644.5 893.0 -90.8 180 0 36.9 71.5 10.0 0.0 0 1 4 5 5
644.2 845.2 -92.3 180 0 36.4 71.5 12.5 0.0 0 1 5 4 4
643.8 749.8 -92.6 180 0 36.1 89.3 10.0 0.0 0 1 4 0 0
644.0 797.3 -93.5 180 0 35.4 71.5 10.0 0.0 0 1 4 3 3
625.6 744.8 -89.4 0 0 28.0 18.3 12.5 2.5 2 0 5 0 0
625.8 795.9 -89.1 0 0 44.0 18.3 10.0 2.5 2 0 4 2 2
626.8 997.2 -84.1 0 0 80.2 36.6 10.0 0.0 0 0 4 4 4
626.3 888.3 -88.0 0 0 117.0 36.6 10.0 0.0 0 0 4 0 0
2748.4 5291.9 -168.0 57 0 10.5 28.3 17.5 3.5 2 1 5 1 1
2741.8 5215.6 -169.6 181 0 13.7 17.3 17.5 3.5 2 0 5 2 2
2766.9 5222.0 -170.0 271 0 15.4 13.7 17.5 3.5 2 0 5 3 3
2749.7 5187.9 -169.8 91 0 12.2 20.6 17.5 3.5 2 0 5 3 3
2761.6 5187.7 -170.2 91 0 16.2 20.6 17.5 3.5 2 0 5 1 1
2326.8 5029.5 -166.1 99 0 26.9 47.0 17.5 0.0 0 1 5 0 0
2339.7 5127.8 -162.8 96 0 19.2 30.4 17.5 0.0 0 1 5 1 1
2309.2 5115.6 -163.9 186 0 54.3 9.2 10.5 3.5 2 0 3 4 4
2325.6 5103.6 -164.9 186 0 35.7 20.5 17.5 0.0 0 0 5 3 3
2501.3 5101.7 -169.1 277 0 23.9 15.0 17.5 3.5 2 0 5 3 3
2470.0 5094.7 -168.8 187 0 21.5 18.2 17.5 3.5 2 0 5 5 5
2422.5 5101.3 -167.7 187 0 18.2 37.0 17.5 3.5 2 1 5 0 0
2390.1 5114.5 -165.4 277 0 37.9 18.3 17.5 3.5 2 0 5 3 3
2382.4 5122.8 -163.9 97 0 20.6 19.0 17.5 3.5 2 0 5 1 1
2422.9 5117.8 -165.3 97 0 55.0 25.8 17.5 3.5 2 0 5 1 1
2503.6 5109.9 -168.1 96 0 55.6 22.4 17.5 3.5 4 0 5 1 1
3885.2 1452.7 -143.4 106 0 7.8 12.9 7.5 2.5 2 0 3 2 2
3877.2 1453.0 -142.5 106 0 7.8 12.9 7.5 2.5 2 0 3 3 3
3906.0 1447.1 -145.0 106 0 7.8 12.9 7.5 2.5 2 0 3 5 5
3907.8 1524.3 -156.0 197 0 10.9 11.5 12.5 2.5 2 0 5 5 5
3906.3 1502.2 -152.3 196 0 10.9 11.4 12.5 2.5 2 0 5 3 3
567.8 796.7 -85.1 177 0 12.4 21.8 10.0 0.0 0 1 4 1 1
275.4 736.3 -57.8 345 0 6.2 19.2 8.0 2.5 2 0 2 4 4
272.8 746.0 -56.9 345 0 13.9 36.8 12.5 2.5 2 0 5 4 4
-541.2 -3469.5 -102.1 58 0 20.8 10.9 8.0 2.5 2 0 2 2 2
-364.6 -3507.3 -97.7 79 0 24.3 13.5 10.0 2.5 2 0 4 4 4
-418.4 -3448.3 -106.5 334 0 13.3 24.5 10.0 2.5 2 1 4 1 1
-213.9 -3494.0 -110.7 321 0 42.0 36.9 10.0 0.0 0 0 4 4 4
691.7 -1725.2 -100.8 179 0 6.7 24.2 5.0 2.5 2 1 2 5 5
691.5 -1708.9 -100.6 179 0 6.5 24.2 5.0 0.0 0 1 2 5 5
691.2 -1676.8 -100.3 179 0 6.5 24.2 5.0 0.0 0 1 2 3 3
691.0 -1660.6 -100.2 179 0 7.0 24.2 5.0 2.5 2 1 2 2 2
690.9 -1644.6 -100.3 180 0 6.5 24.2 2.5 2.5 2 1 1 1 1
704.8 -1531.1 -104.5 179 0 11.1 20.2 7.5 2.5 2 1 3 0 0
705.1 -1548.0 -106.4 179 0 11.1 30.1 12.5 2.5 2 1 5 1 1
705.4 -1565.9 -106.9 179 0 11.2 35.1 10.0 2.5 2 1 4 3 3
705.8 -1584.5 -105.8 179 0 11.5 35.1 12.5 2.5 2 1 5 0 0
706.1 -1602.4 -104.7 179 0 11.2 35.1 12.5 2.5 2 1 5 3 3
286.3 -384.5 -53.7 146 0 36.2 12.9 15.0 0.0 0 0 6 4 4
1535.3 1007.8 -122.5 271 0 18.2 49.0 7.5 2.5 2 1 3 1 1
1070.9 873.8 -103.5 352 0 49.7 16.3 10.0 2.5 2 0 4 4 4
955.6 770.3 -98.8 175 0 12.1 15.1 8.0 2.5 2 1 2 2 2
992.4 809.2 -99.8 349 0 9.3 22.4 12.0 2.5 2 1 3 4 4
986.8 762.0 -99.5 78 0 10.4 22.8 8.0 2.5 2 0 2 3 3
999.7 776.5 -99.9 348 0 22.8 10.5 8.0 2.5 2 0 2 3 3
945.0 748.1 -98.2 166 0 36.6 11.1 5.0 2.5 2 0 2 3 3
873.1 574.6 -90.3 323 0 15.8 43.3 10.0 2.5 2 0 4 4 4
800.4 611.2 -85.9 163 0 15.1 41.6 10.0 2.5 2 1 4 0 0
722.3 675.2 -86.7 271 0 49.0 31.4 17.5 0.0 0 0 7 5 5
449.1 681.9 -72.7 266 0 32.4 26.5 12.5 0.0 0 0 5 0 0
349.2 671.3 -67.7 264 0 85.7 52.4 7.5 0.0 0 0 3 2 2
272.8 655.7 -66.0 252 0 68.1 52.3 12.5 0.0 0 0 5 5 5
38.6 577.8 -46.8 251 0 49.6 52.9 12.5 0.0 0 0 5 3 3
143.0 612.8 -56.7 251 0 170.6 52.9 12.5 0.0 0 0 5 2 2
559.8 959.0 -82.1 180 0 152.4 18.1 10.0 0.0 0 0 4 5 5
2808.9 2933.4 -167.1 308 0 47.2 38.5 10.5 0.0 0 0 3 5 5
2744.6 2965.8 -166.2 298 0 35.2 22.4 10.5 0.0 0 0 3 2 2
2209.4 4884.2 -155.9 4 0 9.6 14.9 10.5 3.5 4 1 3 3 3
991.2 5875.5 -29.5 181 0 12.0 32.1 12.5 2.5 2 1 5 4 4
5770.1 -4829.4 -54.6 234 0 21.0 12.9 10.0 2.5 2 0 4 1 1
560.7 -2062.1 -87.4 359 0 13.9 21.2 15.0 0.0 0 0 6 3 3
1231.3 -2367.5 -146.6 292 0 35.6 9.1 7.5 2.5 2 0 3 1 1
1276.9 -2385.6 -145.6 292 0 29.2 9.1 7.5 2.5 2 0 3 1 1
1506.2 -2520.5 -151.0 235 0 18.3 17.3 10.0 2.5 2 0 4 4 4
1456.4 -2555.8 -150.3 235 0 14.4 25.0 10.0 2.5 2 1 4 5 5
1480.3 -2538.9 -150.7 235 0 35.4 20.0 10.0 0.0 0 0 4 3 3
1439.1 -2568.1 -150.1 235 0 18.9 21.2 7.5 0.0 0 1 3 3 3
1136.7 -3386.6 -126.3 88 0 36.1 18.3 10.0 0.0 0 0 4 3 3
1896.6 -2482.2 -156.7 54 0 46.5 60.1 12.5 0.0 0 1 5 5 5
3388.5 4669.2 -179.1 185 0 45.3 8.1 10.5 3.5 2 0 3 1 1
3386.1 4643.0 -179.3 185 0 7.3 8.1 10.5 3.5 2 0 3 5 5
2947.6 4875.1 -172.5 218 0 13.1 33.2 17.5 3.5 2 1 5 4 4
888.2 1770.9 -83.2 297 0 16.9 33.7 10.0 2.5 2 1 4 0 0
925.2 1756.9 -85.8 330 0 23.9 41.7 12.5 0.0 0 1 5 3 3
1892.6 -1841.5 -109.3 142 0 16.7 41.1 12.5 2.5 2 1 5 5 5
972.0 -1365.5 -100.6 13 0 8.9 29.3 7.5 2.5 2 1 3 0 0
983.3 -1413.2 -102.1 56 0 5.7 17.7 4.0 2.5 2 1 1 1 1
946.2 -1414.1 -106.9 146 0 9.3 27.2 7.5 0.0 0 1 3 1 1
952.9 -1433.2 -105.9 146 0 9.0 32.2 7.5 0.0 0 1 3 2 2
987.7 232.6 -110.4 116 0 44.0 33.3 12.5 0.0 0 0 5 5 5
958.8 312.6 -106.3 295 0 23.5 15.7 12.5 2.5 2 0 5 4 4
960.2 255.4 -108.0 115 0 13.1 23.7 12.5 2.5 2 1 5 2 2
930.7 275.6 -107.2 205 0 32.7 22.4 12.5 0.0 0 0 5 5 5
2400.7 -1689.3 -143.7 238 0 37.4 28.3 12.5 0.0 0 0 5 0 0
664.9 -329.7 -93.6 93 0 52.7 8.3 7.5 2.5 2 0 3 5 5
602.9 -381.7 -89.3 93 0 44.4 39.6 12.5 0.0 0 0 5 5 5
691.5 -539.2 -93.0 10 0 25.4 12.2 12.5 2.5 2 0 5 5 5
701.3 -482.2 -94.8 10 0 19.8 12.2 5.0 2.5 2 0 2 1 1
696.6 -509.3 -94.2 10 0 30.6 12.2 10.0 2.5 2 0 4 3 3
687.1 -480.2 -93.1 10 0 20.6 12.2 12.5 2.5 2 0 5 3 3
682.4 -507.3 -92.5 10 0 30.6 12.2 10.0 2.5 2 0 4 4 4
676.9 -539.6 -91.5 10 0 30.3 12.2 7.5 2.5 2 0 3 0 0
756.2 -2162.6 -111.8 173 0 5.9 12.8 7.5 2.5 2 0 3 2 2
754.8 -2151.8 -111.5 173 0 15.8 12.8 2.5 2.5 2 0 1 0 0
729.2 -2140.6 -108.6 173 0 16.6 16.8 10.0 2.5 2 0 4 0 0
2077.3 -3284.2 -130.7 285 0 12.4 19.2 7.5 2.5 2 1 3 4 4
2063.4 -3312.7 -130.0 195 0 19.4 12.4 5.0 2.5 2 0 2 2 2
3590.6 -6683.2 -138.8 319 0 9.8 18.0 5.0 2.5 2 0 2 3 3
3556.7 -6696.1 -138.6 159 0 15.2 19.7 7.5 2.5 2 0 3 3 3
2117.9 2431.9 -124.0 155 0 8.2 16.5 10.5 0.0 0 0 3 1 1
-2040.7 -4142.2 -47.3 152 0 10.1 45.3 10.0 2.5 2 1 4 2 2
568.7 -3404.2 -126.8 75 0 49.5 23.8 12.5 2.5 2 0 5 1 1
619.9 -3383.1 -132.0 345 0 32.8 30.2 12.5 0.0 0 0 5 4 4
3826.0 199.3 -178.5 350 0 10.7 14.5 5.0 2.5 2 1 2 0 0
4299.5 1297.7 -136.8 271 0 15.5 10.1 10.0 2.5 2 0 4 3 3
4257.1 1296.6 -138.7 267 0 15.5 10.1 12.5 2.5 2 0 5 0 0
4312.7 1307.4 -140.0 93 0 15.5 10.1 7.5 2.5 2 0 3 0 0
4282.2 1342.3 -147.7 274 0 15.5 10.1 10.0 2.5 2 0 4 5 5
4310.8 1350.3 -149.3 91 0 15.5 10.1 12.5 2.5 2 0 5 5 5
4369.4 1371.5 -150.9 278 0 15.5 10.1 10.0 2.5 4 0 4 5 5
4349.6 1378.9 -151.6 278 0 15.5 10.1 10.0 2.5 4 0 4 5 5
4328.2 1382.9 -152.8 273 0 15.5 10.1 15.0 0.0 0 0 6 3 3
4292.6 1398.4 -159.2 181 0 10.1 15.5 10.0 2.5 2 1 4 3 3
4322.0 1402.8 -157.6 277 0 15.5 10.1 12.5 2.5 2 0 5 2 2
4344.6 1425.1 -162.0 282 0 15.5 10.1 10.0 2.5 2 0 4 5 5
4364.3 1420.5 -161.7 282 0 15.5 10.1 12.5 2.5 4 0 5 3 3
4384.4 1415.6 -161.5 282 0 15.5 10.1 10.0 2.5 2 0 4 1 1
4416.6 1422.6 -167.6 117 0 15.5 10.1 10.0 2.5 2 0 4 3 3
4397.1 1422.8 -166.2 102 0 15.5 10.1 17.5 0.0 0 0 7 0 0
4379.2 1426.6 -166.0 100 0 15.5 10.1 12.5 2.5 2 0 5 0 0
4341.4 1434.7 -166.4 95 0 15.5 10.1 17.5 0.0 0 0 7 2 2
4321.6 1436.9 -166.9 90 0 15.5 10.1 10.0 2.5 2 0 4 0 0
4293.5 1423.7 -164.3 179 0 10.1 15.5 10.0 2.5 2 1 4 5 5
4343.7 -1412.3 -177.8 93 0 8.6 15.0 7.5 2.5 2 1 3 1 1
4319.6 -1411.3 -176.5 93 0 8.6 15.0 7.5 2.5 2 1 3 2 2
4296.2 -1410.3 -175.4 93 0 8.6 15.0 7.5 2.5 2 1 3 5 5
4272.0 -1409.3 -174.2 93 0 8.6 15.0 7.5 2.5 2 1 3 5 5
4174.9 -1263.3 -163.4 250 0 17.1 15.0 10.0 2.5 2 0 4 3 3
4212.0 -1261.8 -162.1 309 0 17.1 15.0 7.5 2.5 2 0 3 3 3
4234.7 -1271.0 -162.6 309 0 17.1 15.0 12.5 2.5 2 0 5 3 3
4256.2 -1281.4 -163.7 309 0 17.1 15.0 15.0 0.0 0 0 6 0 0
4271.1 -1306.4 -165.8 129 0 17.1 15.0 10.0 2.5 2 0 4 0 0
4294.6 -1315.4 -167.8 129 0 17.1 15.0 12.5 0.0 0 0 5 4 4
4327.8 -1324.9 -169.7 39 0 13.5 17.1 12.5 2.5 2 1 5 5 5
4154.5 -1285.3 -165.1 186 0 8.8 14.9 7.5 2.5 2 1 3 1 1
4224.9 -1402.0 -171.7 62 0 9.2 16.7 7.5 2.5 2 1 3 5 5
4198.1 -1378.4 -170.5 138 0 8.8 14.9 7.5 2.5 2 1 3 3 3
4182.0 -1361.8 -168.4 138 0 8.8 14.9 7.5 2.5 2 1 3 1 1
4167.5 -1343.9 -166.4 138 0 8.8 14.9 7.5 2.5 2 1 3 3 3
4152.2 -1318.1 -166.2 162 0 8.8 14.9 7.5 0.0 0 1 3 2 2
-827.2 8482.6 -124.4 129 0 9.0 14.6 5.0 2.5 2 0 2 1 1
2049.0 9349.9 -83.4 302 0 6.9 14.9 7.5 2.5 2 0 3 1 1
2066.0 9330.4 -83.4 32 0 14.9 21.3 10.0 2.5 2 0 4 0 0
-3929.2 -6048.5 -70.4 2 0 21.4 13.6 10.0 2.5 2 0 4 4 4
-3962.2 -6047.9 -75.7 182 0 21.4 13.6 10.0 2.5 2 0 4 0 0
-4201.0 -6691.5 -160.9 223 0 7.0 11.1 2.5 2.5 2 1 1 1 1
-4123.0 -6692.8 -155.0 313 0 11.1 7.0 5.0 2.5 2 0 2 2 2
-4120.5 -6718.0 -155.2 43 0 7.0 11.1 2.5 2.5 2 1 1 0 0
-4200.4 -6737.2 -162.2 131 0 7.0 11.1 2.5 2.5 2 1 1 4 4
1034.7 -2329.4 -141.3 227 0 22.7 22.2 7.5 2.5 2 0 3 5 5
2861.3 4628.2 -174.7 92 0 23.5 20.5 14.0 0.0 0 0 4 3 3
5336.6 -10724.0 -188.5 327 0 18.2 19.6 10.0 2.5 2 1 4 1 1
1278.7 181.7 -120.6 132 0 6.5 20.6 7.5 2.5 2 1 3 0 0
3088.6 5047.9 -173.7 225 0 11.0 11.4 14.0 0.0 0 1 4 5 5
