-187.8 -2994.6 -203.5 285 0 19.9 17.8 7.5 2.5 2 0 3 4 4
-113.4 -2910.8 -195.5 41 0 21.4 8.2 7.5 2.5 2 0 3 0 0
-664.6 4991.3 135.7 280 0 12.3 20.5 12.5 2.5 2 1 5 0 0
-531.4 4997.7 143.7 82 0 19.4 10.6 2.5 2.5 2 0 1 1 1
-445.0 5219.7 148.1 183 0 15.5 5.2 7.5 2.5 2 0 3 2 2
-693.6 5073.9 124.7 93 0 19.2 17.1 10.0 0.0 0 0 4 1 1
-552.2 5009.1 141.3 79 0 13.6 7.6 7.5 2.5 4 0 3 1 1
-383.4 5348.8 142.0 273 0 8.7 8.3 7.5 2.5 2 0 3 2 2
-766.8 5074.3 119.4 34 0 17.0 20.7 10.0 2.5 2 1 4 2 2
-396.0 5292.7 151.6 358 0 6.7 12.7 7.5 2.5 2 1 3 2 2
-516.9 4983.2 150.5 261 0 9.0 8.4 7.5 0.0 0 0 3 0 0
-393.3 5323.0 145.4 91 0 11.2 8.7 5.0 2.5 2 0 2 0 0
-554.1 5146.7 126.4 8 0 11.9 11.8 10.0 2.5 2 0 4 3 3
-754.5 4944.7 132.4 188 0 10.0 11.2 2.5 0.0 0 1 1 5 5
-414.1 5281.5 150.8 182 0 8.0 6.6 5.0 0.0 0 0 2 3 3
-422.1 5250.0 148.2 267 0 11.6 50.0 12.5 0.0 0 1 5 1 1
-574.0 5241.2 118.8 1 0 22.0 9.9 2.5 2.5 2 0 1 1 1
-523.7 5089.6 134.0 85 0 16.5 15.6 12.5 2.5 2 0 5 3 3
-185.8 5116.2 214.6 180 0 8.6 9.6 7.5 2.5 4 1 3 4 4
-457.8 5018.0 148.6 343 0 7.7 11.7 7.5 2.5 2 1 3 5 5
-442.2 5027.6 148.9 265 0 16.1 18.3 12.5 2.5 2 1 5 1 1
-648.8 5007.7 134.3 104 0 5.6 15.3 7.5 2.5 2 1 3 4 4
-402.5 5182.2 158.2 338 0 10.4 8.0 5.0 2.5 2 0 2 4 4
-653.0 5024.2 133.1 95 0 6.9 5.9 5.0 2.5 2 0 2 5 5
-453.3 5184.7 146.5 88 0 6.0 23.5 7.5 2.5 2 1 3 2 2
-545.2 5127.0 130.3 179 0 8.4 8.2 7.5 2.5 2 0 3 0 0
5673.4 994.8 18.7 330 0 13.7 20.5 12.5 2.5 2 1 5 3 3
6022.3 1339.7 -3.2 266 0 12.8 32.1 7.5 0.0 0 1 3 5 5
5755.1 417.9 15.0 216 0 30.3 9.4 7.5 2.5 2 0 3 0 0
-1493.3 -199.9 -195.3 264 0 29.4 13.1 14.0 0.0 0 0 4 3 3
-1121.7 -2654.3 -202.3 101 0 77.7 128.5 12.5 0.0 0 1 5 0 0
-239.8 -3166.1 -203.6 107 0 48.9 41.2 10.0 0.0 0 0 4 3 3
-703.4 -2939.4 -209.7 96 0 12.9 16.5 7.5 2.5 2 1 3 0 0
2934.1 -3595.2 192.5 159 0 11.4 20.4 7.5 2.5 2 1 3 2 2
2921.7 -3595.7 190.8 246 0 19.1 9.7 5.0 2.5 2 0 2 4 4
2793.5 -3716.7 187.9 66 0 15.7 14.2 5.0 2.5 2 0 2 3 3
-332.5 -8727.9 -221.9 264 0 32.8 18.2 7.5 2.5 2 0 3 4 4
-1616.7 -777.0 -202.3 282 0 20.6 51.0 17.5 0.0 0 1 5 3 3
2395.8 -1092.2 -150.5 71 0 21.7 29.6 10.0 0.0 0 1 4 5 5
-1363.5 -439.6 -199.1 200 0 15.7 41.2 17.5 3.5 2 1 5 5 5
2419.7 -1061.3 -149.5 346 0 13.3 11.6 7.5 2.5 2 0 3 3 3
2352.3 -1134.2 -149.2 329 0 16.4 9.9 7.5 0.0 0 0 3 2 2
2312.4 -1102.6 -152.0 150 0 7.9 16.7 2.5 2.5 2 1 1 0 0
2661.7 -9544.6 -175.8 60 0 14.9 62.0 10.0 0.0 0 1 4 3 3
117.8 -2848.4 -168.9 13 0 21.5 13.4 7.5 2.5 2 0 3 0 0
-1027.8 -2725.0 -194.2 286 0 55.4 58.8 12.5 0.0 0 1 5 2 2
67.5 -2684.6 -164.5 16 0 26.9 41.6 12.5 0.0 0 1 5 1 1
-151.0 -2921.5 -200.1 13 0 13.8 25.1 12.5 0.0 0 1 5 4 4
117.7 -2714.2 -163.0 284 0 16.6 20.8 10.0 2.5 2 1 4 3 3
119.0 -2609.0 -168.1 104 0 42.5 71.3 12.5 0.0 0 1 5 5 5
310.6 -2508.2 -171.1 263 0 11.2 17.5 7.5 2.5 2 1 3 2 2
-1512.1 -830.6 -205.6 258 0 32.0 20.8 10.0 0.0 0 0 4 0 0
-1332.4 -1008.7 -206.9 16 0 125.6 52.8 10.0 0.0 0 0 4 3 3
195.4 -2689.9 -168.4 194 0 40.9 18.2 12.5 2.5 2 0 5 0 0
42.5 -2768.3 -171.4 15 0 16.7 18.4 10.0 2.5 4 1 4 1 1
-198.6 -2983.3 -203.4 195 0 4.4 3.6 5.0 2.5 2 0 2 3 3
51.4 -2766.4 -167.6 195 0 16.7 18.4 12.5 2.5 2 1 5 4 4
-768.2 -540.2 -198.1 285 0 14.8 21.7 17.5 3.5 2 1 5 3 3
-1471.6 -333.8 -195.9 15 0 37.0 12.6 17.5 3.5 2 0 5 4 4
-1198.8 -693.1 -202.5 315 0 24.4 13.9 17.5 3.5 2 0 5 0 0
-6599.4 3668.3 -214.1 314 0 23.6 114.5 10.0 0.0 0 1 4 3 3
-6710.8 3551.5 -214.2 130 0 23.5 11.3 7.5 2.5 2 0 3 2 2
-414.6 -1377.6 -203.1 66 0 13.9 23.0 7.5 2.5 2 1 3 5 5
5901.3 474.0 12.0 248 0 16.8 12.4 2.5 2.5 2 0 1 2 2
-1432.5 -287.0 -194.6 14 0 10.7 15.4 17.5 3.5 2 1 5 1 1
3404.5 -9241.4 -223.5 189 0 14.9 10.4 5.0 2.5 2 0 2 2 2
1062.5 -8392.9 -220.4 263 0 18.3 97.7 17.5 0.0 0 1 7 1 1
-197.1 -8697.5 -222.2 265 0 66.6 10.2 7.5 2.5 2 0 3 0 0
1667.2 -8448.7 -222.4 197 0 7.0 9.0 5.0 2.5 2 0 2 4 4
1552.6 -8469.4 -222.4 195 0 47.6 23.2 7.5 2.5 2 0 3 5 5
1566.7 -8437.5 -222.3 193 0 8.5 9.3 5.0 2.5 2 0 2 0 0
1644.6 -8490.0 -222.4 204 0 13.0 8.5 7.5 2.5 2 0 3 4 4
1657.5 -8580.6 -222.2 198 0 17.1 10.8 5.0 2.5 2 0 2 4 4
1799.5 -8651.0 -218.1 79 0 14.6 43.7 12.5 2.5 2 1 5 1 1
1745.8 -8369.5 -221.6 204 0 35.6 35.9 10.0 0.0 0 1 4 2 2
1771.9 -8592.6 -219.2 140 0 37.6 12.9 10.0 2.5 2 0 4 2 2
1669.9 -8444.9 -222.4 105 0 14.8 44.7 10.0 2.5 2 0 4 5 5
2072.7 -7310.4 -138.2 225 0 9.5 20.7 5.0 2.5 2 1 2 5 5
2055.9 -7277.6 -137.1 350 0 8.6 5.8 7.5 2.5 2 0 3 1 1
2039.1 -7202.8 -137.7 339 0 23.4 11.2 10.0 2.5 2 0 4 1 1
1839.8 -8115.9 -218.5 15 0 71.4 20.5 10.0 2.5 2 0 4 0 0
1738.2 -8177.7 -219.8 3 0 19.4 34.2 7.5 0.0 0 1 3 1 1
1671.4 -8181.9 -220.1 189 0 33.6 25.1 12.5 2.5 2 0 5 2 2
-2782.3 -210.2 -203.1 233 0 15.7 18.6 7.5 2.5 2 1 3 1 1
-466.3 369.8 -184.3 44 0 58.9 68.5 14.0 0.0 0 1 4 1 1
-2180.5 -43.9 -198.5 189 0 24.3 17.7 7.5 2.5 2 0 3 4 4
-2175.8 -14.6 -198.1 189 0 24.3 17.7 7.5 2.5 4 0 3 1 1
-2169.9 23.5 -198.0 279 0 17.7 24.3 5.0 2.5 4 1 2 5 5
-2137.9 33.2 -197.9 279 0 17.7 24.3 5.0 2.5 2 1 2 0 0
-2167.6 68.6 -197.7 189 0 24.3 17.7 10.0 2.5 2 0 4 1 1
6803.0 -8616.5 -62.7 144 0 18.8 29.7 10.0 0.0 0 1 4 5 5
6764.9 -8620.5 -63.5 137 0 17.4 15.6 12.5 2.5 2 0 5 3 3
6389.3 -9183.3 -147.4 356 0 23.3 46.8 12.5 2.5 2 1 5 3 3
6297.5 -9179.9 -150.9 176 0 17.5 27.5 10.0 2.5 2 0 4 4 4
6380.8 -9139.9 -139.7 356 0 15.6 24.9 10.0 2.5 2 1 4 4 4
6356.7 -9136.9 -139.6 356 0 12.4 5.8 7.0 2.5 2 0 2 3 3
6359.1 -9121.0 -141.3 356 0 12.2 35.6 10.0 2.5 2 1 4 5 5
6314.7 -9141.8 -144.5 176 0 14.9 35.8 12.5 2.5 2 1 5 4 4
-870.5 -896.5 -202.9 183 0 12.0 18.1 17.5 3.5 2 0 5 5 5
-869.9 -884.3 -202.6 183 0 12.3 20.5 17.5 3.5 2 0 5 5 5
-820.7 -860.3 -202.1 1 0 10.6 20.1 17.5 3.5 2 1 5 4 4
-868.9 -859.8 -202.0 179 0 9.4 17.7 10.5 0.0 0 1 3 2 2
-867.5 -842.4 -201.6 182 0 10.4 18.4 17.5 3.5 2 1 5 5 5
-866.0 -780.9 -200.6 181 0 16.1 21.5 17.5 3.5 2 1 5 2 2
-818.6 -786.4 -200.9 1 0 22.3 21.1 17.5 0.0 0 0 5 1 1
-819.8 -812.6 -201.4 1 0 21.8 21.1 17.5 3.5 2 0 5 3 3
-866.1 -811.1 -201.1 181 0 21.9 16.9 17.5 3.5 2 0 5 0 0
-928.9 -800.4 -201.8 182 0 10.6 20.9 17.5 3.5 2 1 5 3 3
-878.3 -780.3 -201.0 3 0 20.1 22.2 17.5 3.5 2 1 5 3 3
-880.2 -813.6 -201.5 4 0 9.5 20.4 10.5 3.5 2 1 3 5 5
-927.3 -778.5 -201.1 181 0 22.5 21.6 17.5 3.5 2 0 5 2 2
-928.4 -826.6 -202.3 183 0 11.4 20.4 17.5 3.5 4 1 5 2 2
-920.1 -862.7 -203.1 93 0 21.4 25.7 17.5 3.5 2 1 5 4 4
-814.3 -113.5 -194.8 74 0 29.7 15.2 17.5 3.5 2 0 5 0 0
-837.0 -119.6 -194.9 75 0 12.3 18.1 17.5 3.5 2 1 5 2 2
-865.6 -128.2 -195.0 75 0 21.2 13.2 17.5 3.5 2 0 5 4 4
-889.6 -133.8 -195.1 75 0 20.1 11.2 17.5 3.5 2 0 5 0 0
-915.0 -140.7 -195.4 72 0 23.5 11.2 17.5 3.5 2 0 5 2 2
-889.2 -182.6 -195.5 90 0 15.8 14.9 17.5 3.5 2 0 5 3 3
-867.0 -175.4 -195.4 0 0 14.9 14.2 17.5 3.5 2 0 5 3 3
-788.7 -155.7 -195.1 347 0 10.0 15.3 10.5 3.5 2 0 3 0 0
-791.9 -179.3 -195.3 77 0 16.9 17.2 17.5 3.5 2 0 5 0 0
-791.8 -139.9 -195.1 345 0 12.9 16.4 17.5 3.5 2 1 5 2 2
-825.9 -133.0 -195.1 258 0 14.2 20.6 17.5 3.5 2 1 5 2 2
-814.9 -182.7 -195.3 85 0 20.0 18.6 17.5 3.5 2 0 5 0 0
-840.0 -183.3 -195.4 88 0 21.5 16.5 17.5 3.5 4 0 5 5 5
5601.1 10478.5 -166.2 214 0 19.2 8.2 5.0 2.5 2 0 2 0 0
5624.3 10463.0 -166.3 34 0 14.1 21.2 7.5 2.5 2 0 3 4 4
5708.1 10843.7 -168.4 280 0 23.4 14.8 10.0 2.5 2 0 4 4 4
4598.4 -8870.2 -218.9 112 0 18.0 15.7 7.5 2.5 4 0 3 4 4
5063.6 -8908.8 -211.9 280 0 22.8 12.7 12.5 2.5 2 0 5 3 3
5067.0 -8941.0 -212.7 10 0 25.3 19.2 12.5 2.5 2 0 5 3 3
-388.5 -5902.9 -204.0 276 0 28.3 38.2 7.5 0.0 0 1 3 4 4
-368.1 -5942.0 -203.7 95 0 7.4 16.3 7.5 2.5 2 1 3 4 4
-348.3 -5909.3 -203.7 275 0 29.5 9.9 7.5 2.5 2 0 3 5 5
-358.7 -5895.7 -203.6 185 0 13.0 19.5 10.0 2.5 2 1 4 0 0
-4009.9 -161.8 -211.7 98 0 10.4 41.0 7.5 0.0 0 1 3 3 3
-3849.1 -281.7 -211.7 8 0 15.0 63.2 12.5 2.5 2 1 5 4 4
-3905.4 -139.4 -211.8 278 0 32.0 105.0 10.0 0.0 0 1 4 5 5
-3847.4 -148.2 -211.6 278 0 31.8 112.2 7.5 0.0 0 1 3 1 1
-2697.7 -253.6 -203.0 285 0 15.8 15.8 2.5 2.5 2 0 1 2 2
-2703.5 -238.1 -202.5 198 0 21.8 17.6 10.0 2.5 2 0 4 4 4
-1132.4 7.5 -190.0 259 0 34.5 18.6 17.5 0.0 0 0 5 3 3
-1648.4 150.5 -174.9 285 0 33.0 17.0 14.0 0.0 0 0 4 4 4
-1930.9 -261.1 -200.7 96 0 25.8 16.7 14.0 3.5 2 0 4 1 1
-1886.6 -330.5 -201.0 182 0 12.9 26.7 14.0 3.5 2 1 4 0 0
-1405.6 -548.6 -196.0 40 0 15.9 42.8 14.0 3.5 2 1 4 3 3
-1298.9 -296.7 -196.9 265 0 18.8 19.2 17.5 3.5 2 1 5 0 0
5252.4 10179.9 -158.3 103 0 30.7 15.8 7.5 2.5 2 0 3 2 2
4614.0 9102.8 -136.8 95 0 18.1 45.8 12.5 2.5 2 0 5 5 5
5070.9 9762.1 -157.7 219 0 54.7 30.4 10.0 0.0 0 0 4 0 0
5120.0 9778.2 -157.9 309 0 17.8 16.0 10.0 2.5 2 0 4 4 4
5138.7 9752.7 -157.7 39 0 16.0 21.6 7.5 2.5 2 0 3 5 5
5963.8 979.7 6.7 24 0 16.6 16.1 10.0 2.5 2 0 4 1 1
6014.8 3649.4 1.0 164 0 14.1 15.8 5.0 2.5 2 1 2 0 0
-378.8 -918.4 -201.2 27 0 8.0 11.0 10.5 3.5 2 0 3 1 1
-1146.2 -455.3 -199.7 21 0 18.9 15.5 14.0 3.5 2 0 4 5 5
-1463.2 -130.1 -192.3 67 0 21.6 16.8 17.5 3.5 2 0 5 3 3
-3706.7 10974.2 145.5 252 0 17.0 14.2 5.0 2.5 2 0 2 3 3
-117.1 -8230.9 -218.9 82 0 14.1 9.0 5.0 2.5 2 0 2 4 4
-99.7 -8199.9 -216.8 262 0 14.1 9.0 5.0 2.5 2 0 2 4 4
-97.1 -8227.9 -218.3 83 0 14.1 9.0 5.0 2.5 4 0 2 4 4
-55.5 -8194.7 -216.9 263 0 14.1 9.0 5.0 2.5 2 0 2 1 1
-52.8 -8221.6 -218.3 82 0 14.1 9.0 5.0 2.5 2 0 2 2 2
-38.1 -8178.6 -215.3 82 0 14.1 9.0 5.0 0.0 0 0 2 2 2
-58.2 -8180.5 -215.1 82 0 14.1 9.0 5.0 2.5 2 0 2 2 2
-130.5 -8185.0 -216.2 172 0 8.9 14.1 5.0 2.5 2 1 2 3 3
-103.4 -8157.9 -214.1 262 0 14.1 9.0 5.0 2.5 2 0 2 3 3
-83.0 -8155.3 -213.6 262 0 14.1 9.0 5.0 2.5 2 0 2 2 2
-60.8 -8152.8 -213.7 262 0 14.1 9.0 5.0 2.5 2 0 2 5 5
-31.7 -8153.3 -213.8 353 0 9.0 14.1 5.0 2.5 2 1 2 4 4
-82.0 -8141.1 -211.8 82 0 14.1 9.0 5.0 2.5 4 0 2 0 0
-32.5 -8112.4 -210.7 353 0 9.0 14.1 5.0 2.5 2 1 2 5 5
-105.4 -8102.6 -209.8 83 0 14.1 9.0 5.0 2.5 2 0 2 5 5
-61.5 -8097.4 -208.7 82 0 14.1 9.0 5.0 2.5 2 0 2 2 2
-1332.5 -567.5 -201.2 303 0 12.4 20.7 17.5 3.5 2 1 5 0 0
-3398.8 -180.0 -211.6 97 0 167.0 88.5 10.0 0.0 0 0 4 2 2
-759.9 5085.6 117.6 40 0 5.7 33.4 7.5 0.0 0 1 3 0 0
5565.3 -9070.1 -192.2 190 0 8.6 18.3 7.5 2.5 2 1 3 4 4
