5682.5 -10765.2 -113.3 14 0 20.7 10.9 2.5 2.5 2 0 1 3 3
5966.7 -9498.8 -108.2 179 0 68.8 33.7 12.5 0.0 0 0 5 4 4
-369.1 887.9 104.9 284 0 17.1 21.4 12.5 2.5 2 1 5 0 0
5917.1 -10411.5 -118.2 138 0 12.9 18.8 7.5 2.5 2 1 3 0 0
5261.1 -10779.4 -102.7 261 0 18.5 41.9 10.0 2.5 2 1 4 5 5
5362.1 -10369.1 -107.5 183 0 39.0 19.2 7.5 2.5 2 0 3 4 4
6372.5 -7726.9 -121.7 22 0 12.9 17.7 2.5 2.5 2 1 1 0 0
6636.7 -10328.0 -129.3 243 0 23.3 19.2 10.0 2.5 2 0 4 0 0
6658.2 -10351.7 -129.3 333 0 17.7 16.5 7.5 2.5 2 0 3 1 1
6021.8 -10584.0 -119.9 270 0 18.0 10.7 7.5 2.5 2 0 3 1 1
6021.6 -10594.7 -120.0 270 0 17.2 14.7 10.0 2.5 2 0 4 3 3
6053.8 -10364.4 -120.8 174 0 44.6 17.3 10.0 2.5 2 0 4 3 3
6041.9 -10354.4 -120.2 264 0 19.7 25.4 7.5 2.5 2 1 3 3 3
5785.5 -10248.0 -116.5 146 0 19.5 46.5 12.5 2.5 4 1 5 1 1
5560.2 -9939.2 -109.5 86 0 19.1 33.2 10.0 0.0 0 1 4 3 3
5553.5 -9864.1 -109.6 261 0 36.1 19.1 15.0 0.0 0 0 6 0 0
5295.1 -9839.3 -108.2 347 0 92.2 53.2 10.0 0.0 0 0 4 1 1
-5896.9 -10641.3 -12.1 270 0 23.5 7.5 7.5 0.0 0 0 3 3 3
-5839.2 -10666.9 -8.1 91 0 12.0 23.9 7.5 2.5 2 1 3 0 0
-5839.6 -10688.1 -8.4 270 0 18.1 12.5 5.0 2.5 2 0 2 3 3
-5881.2 -10705.0 -10.9 90 0 16.1 14.6 10.0 2.5 2 0 4 2 2
-5920.5 -10670.8 -13.9 0 0 42.2 18.4 12.5 2.5 2 0 5 3 3
6862.3 -5657.7 -111.9 96 0 17.1 16.8 10.0 2.5 2 0 4 2 2
6865.0 -6051.5 -115.5 282 0 45.3 92.5 10.0 0.0 0 1 4 3 3
6078.5 -7502.0 -117.3 117 0 14.3 3.8 7.0 2.5 2 0 2 5 5
6077.7 -7497.4 -117.7 117 0 19.7 41.5 10.0 2.5 2 0 4 5 5
6340.1 -8002.9 -123.1 281 0 17.4 24.7 7.5 2.5 2 1 3 4 4
6359.6 -8012.6 -123.0 281 0 17.4 15.3 7.5 2.5 2 0 3 5 5
6466.0 7563.0 -89.6 290 0 11.6 20.0 15.0 0.0 0 1 6 5 5
5177.3 1730.5 115.2 323 0 12.2 15.1 2.5 2.5 2 1 1 3 3
4532.4 -1592.4 -58.4 232 0 16.9 9.9 7.5 0.0 0 0 3 1 1
5249.8 -3273.7 -66.9 327 0 11.2 15.8 10.0 2.5 2 1 4 1 1
5492.9 -3349.2 -76.8 239 0 22.6 15.7 5.0 2.5 2 0 2 2 2
5591.1 -3268.5 -78.6 63 0 14.7 14.0 10.5 2.5 2 0 3 1 1
5634.7 -3271.2 -79.6 252 0 8.6 15.0 7.5 2.5 4 1 3 0 0
