6197.1 -8515.4 -133.5 85 0 11.8 10.5 7.5 2.5 2 0 3 1 1
3732.7 1409.5 -248.2 179 0 18.9 9.6 7.5 2.5 2 0 3 2 2
4548.3 -9098.2 34.2 112 0 10.3 12.7 5.0 2.5 2 1 2 1 1
3353.9 2032.2 -231.0 12 0 17.6 12.9 8.0 2.5 2 0 2 2 2
3376.8 2086.8 -238.7 12 0 17.8 12.9 4.0 2.5 2 0 1 0 0
3374.3 2062.8 -236.6 12 0 30.3 18.9 12.5 2.5 2 0 5 5 5
3362.6 2014.1 -231.7 281 0 16.8 32.0 12.5 2.5 2 1 5 4 4
3483.6 2104.7 -242.5 12 0 21.2 19.0 12.5 2.5 2 0 5 1 1
3502.4 2100.7 -243.2 12 0 21.2 19.2 10.0 2.5 2 0 4 2 2
3527.6 2030.0 -244.9 192 0 45.2 12.3 10.0 2.5 2 0 4 0 0
3490.7 2001.8 -243.5 102 0 31.3 17.2 7.5 2.5 2 0 3 0 0
3513.1 2032.5 -243.6 12 0 17.0 31.3 10.0 2.5 2 1 4 4 4
3518.5 2057.8 -244.1 12 0 17.0 31.3 10.0 2.5 2 1 4 2 2
3401.4 2074.2 -242.2 192 0 33.6 68.4 10.0 0.0 0 1 4 5 5
3423.7 2014.0 -239.3 102 0 68.4 33.6 12.5 0.0 0 0 5 1 1
3473.9 2440.8 -240.9 74 0 11.0 33.2 10.0 2.5 2 1 4 5 5
3333.4 2413.2 -225.6 167 0 39.4 19.4 12.5 2.5 2 0 5 3 3
3374.4 2386.1 -233.0 77 0 67.4 16.2 12.5 2.5 2 0 5 0 0
3344.6 2352.6 -236.2 256 0 12.7 34.4 15.0 0.0 0 1 6 0 0
3353.7 2301.2 -236.7 166 0 20.5 10.8 5.0 2.5 2 0 2 4 4
3452.4 2278.0 -240.3 346 0 32.1 12.4 7.5 2.5 2 0 3 2 2
3453.9 2301.7 -240.0 346 0 11.8 33.6 12.5 2.5 2 1 5 3 3
3412.4 2306.2 -238.6 346 0 38.7 12.1 17.5 0.0 0 0 7 3 3
3678.0 3382.8 -246.1 226 0 14.6 22.1 10.0 2.5 2 1 4 3 3
3587.2 3276.2 -244.4 47 0 14.6 22.1 7.5 2.5 2 1 3 2 2
3586.3 3315.3 -244.6 47 0 14.6 22.1 7.5 0.0 0 1 3 1 1
3755.9 3493.0 -246.9 322 0 22.1 14.6 10.0 2.5 2 0 4 0 0
3735.8 3433.4 -247.1 140 0 22.1 14.6 10.0 2.5 2 0 4 2 2
3685.1 3446.4 -246.5 143 0 22.1 14.6 10.0 2.5 2 0 4 3 3
3700.8 3507.9 -246.8 323 0 22.1 14.6 7.5 2.5 2 0 3 0 0
3647.9 3529.4 -246.3 323 0 22.1 14.6 10.0 2.5 2 0 4 0 0
3638.3 3469.0 -246.0 50 0 14.6 22.1 10.0 2.5 2 1 4 3 3
3582.4 3546.7 -245.7 230 0 14.6 22.1 7.5 2.5 2 1 3 3 3
3573.7 3500.3 -245.4 232 0 14.6 22.1 12.5 2.5 4 1 5 0 0
3590.4 3439.2 -245.2 52 0 14.6 22.1 5.0 2.5 2 1 2 4 4
3578.6 3395.3 -244.8 48 0 14.6 22.1 7.5 2.5 2 1 3 5 5
3530.7 3308.5 -243.9 135 0 22.1 14.6 7.5 2.5 4 0 3 5 5
3501.9 3339.2 -243.7 135 0 22.1 14.6 10.0 0.0 0 0 4 0 0
3513.1 3425.5 -244.3 231 0 14.6 22.1 12.5 2.5 2 1 5 1 1
3521.9 3462.5 -244.6 141 0 13.0 14.6 10.0 2.5 2 1 4 1 1
3491.3 3513.5 -244.4 231 0 14.6 22.1 10.0 2.5 2 1 4 4 4
3431.1 3396.0 -243.1 136 0 22.1 14.6 10.0 2.5 2 0 4 2 2
3443.9 3451.5 -243.4 316 0 22.1 14.6 7.5 2.5 2 0 3 0 0
3382.7 3434.6 -242.7 136 0 22.1 14.6 5.0 0.0 0 0 2 1 1
3350.4 3469.6 -242.6 136 0 13.0 14.6 5.0 2.5 2 1 2 0 0
3716.5 3341.1 -246.4 136 0 22.1 14.6 7.5 0.0 0 0 3 4 4
3754.3 3307.8 -246.8 136 0 13.0 14.6 7.5 0.0 0 1 3 3 3
3775.6 3360.0 -247.1 316 0 22.1 14.6 10.0 2.5 2 0 4 4 4
3334.1 3318.3 -241.5 233 0 20.4 13.2 10.0 2.5 2 0 4 4 4
3953.0 2246.0 -249.7 198 0 18.0 54.3 10.0 0.0 0 1 4 4 4
4020.8 2541.9 -248.9 272 0 9.7 9.1 8.0 2.5 2 0 2 1 1
4068.7 2546.4 -249.8 272 0 45.5 15.0 10.0 2.5 2 0 4 4 4
3973.8 2575.7 -248.7 272 0 31.3 15.5 10.0 2.5 4 0 4 3 3
3908.5 2545.8 -248.0 183 0 25.1 47.2 7.5 0.0 0 1 3 3 3
2522.7 2611.9 -188.7 45 0 24.8 27.6 7.5 0.0 0 1 3 3 3
2975.5 2454.1 -234.5 53 0 19.8 24.4 15.0 0.0 0 0 6 2 2
2953.4 2499.0 -234.5 233 0 13.3 24.7 10.0 0.0 0 0 4 4 4
2936.8 2511.5 -233.1 323 0 40.0 13.3 10.0 2.5 2 0 4 3 3
2634.6 2288.9 -196.3 278 0 22.1 10.7 8.0 2.5 2 0 2 2 2
1856.8 2327.2 -117.8 76 0 17.3 14.0 8.0 0.0 0 0 2 4 4
1887.5 2356.4 -123.3 8 0 15.1 27.0 12.5 0.0 0 1 5 4 4
1382.5 2320.9 -62.6 131 0 11.4 9.0 4.0 0.0 0 0 1 0 0
1540.7 2494.4 -104.1 112 0 12.9 12.2 8.0 2.5 4 0 2 4 4
1584.6 2654.9 -120.0 45 0 14.9 28.4 12.5 0.0 0 1 5 5 5
3482.9 1927.0 -242.1 75 0 29.1 8.1 4.0 2.5 2 0 1 0 0
3492.1 1879.7 -242.0 80 0 13.8 26.3 7.5 2.5 2 1 3 1 1
3175.4 2028.4 -222.2 152 0 13.0 36.4 12.5 2.5 2 1 5 5 5
3122.3 2053.3 -214.9 112 0 12.6 19.8 12.0 2.5 2 1 3 1 1
3225.4 2499.7 -232.3 166 0 10.4 36.4 12.5 2.5 2 0 5 2 2
3230.5 2478.9 -228.3 166 0 6.1 36.4 4.0 2.5 2 0 1 5 5
3228.2 2488.2 -230.8 166 0 13.3 36.4 10.0 2.5 2 0 4 0 0
3207.3 2473.0 -224.1 341 0 13.9 41.1 12.5 2.5 2 1 5 1 1
3191.0 2448.7 -232.5 71 0 98.2 8.5 7.5 0.0 0 0 3 1 1
3141.0 2444.8 -216.9 256 0 26.9 18.4 15.0 0.0 0 0 6 1 1
3052.2 2457.2 -235.2 77 0 55.7 25.1 12.5 2.5 2 0 5 4 4
3878.0 3162.1 -247.5 136 0 20.3 6.0 7.5 2.5 2 0 3 0 0
3548.5 3209.6 -243.8 154 0 16.3 16.7 10.0 2.5 2 0 4 1 1
3564.8 3196.7 -244.0 229 0 11.5 22.3 7.5 2.5 2 0 3 0 0
3813.9 3069.7 -246.6 137 0 9.6 6.3 7.5 0.0 0 0 3 3 3
3951.4 3232.0 -248.4 46 0 11.5 22.3 7.5 2.5 2 0 3 3 3
3918.9 3262.6 -248.2 226 0 11.5 22.3 10.0 2.5 2 0 4 5 5
3852.9 3203.5 -247.4 136 0 22.3 11.5 5.0 2.5 2 0 2 4 4
3835.8 3217.9 -247.3 136 0 22.3 11.5 10.0 2.5 2 0 4 3 3
3850.6 3160.6 -247.1 317 0 22.3 11.5 10.0 2.5 2 0 4 2 2
3644.1 2932.3 -240.7 139 0 18.6 12.5 12.5 2.5 2 0 5 0 0
3657.6 2914.6 -241.6 139 0 22.3 11.5 12.5 2.5 2 0 5 1 1
3567.9 3022.5 -240.4 139 0 18.6 12.5 10.0 2.5 2 0 4 2 2
3581.4 3004.7 -240.0 139 0 22.3 11.5 10.0 2.5 2 0 4 5 5
3891.8 3192.0 -247.9 138 0 18.6 12.5 7.5 2.5 2 0 3 2 2
3917.3 3170.1 -248.0 48 0 11.5 22.3 12.5 2.5 2 0 5 5 5
3872.5 3031.9 -247.2 318 0 22.3 11.5 10.0 2.5 2 0 4 3 3
3844.3 3048.9 -247.0 153 0 16.5 15.7 7.5 2.5 2 0 3 0 0
3850.5 3092.4 -247.0 318 0 22.3 11.5 10.0 2.5 2 0 4 5 5
3828.1 3102.1 -246.8 138 0 18.6 12.5 7.5 2.5 2 0 3 1 1
3760.2 3143.1 -246.1 136 0 22.3 11.5 7.5 2.5 2 0 3 2 2
3777.3 3128.7 -246.3 136 0 22.3 11.5 5.0 2.5 2 0 2 5 5
3778.9 3075.5 -246.2 318 0 22.3 11.5 7.5 2.5 2 0 3 4 4
3765.8 3093.7 -246.0 318 0 22.3 12.5 7.5 2.5 2 0 3 5 5
3751.9 2974.2 -245.9 138 0 22.3 11.5 10.0 2.5 2 0 4 1 1
3706.3 3047.4 -245.4 138 0 22.3 11.5 10.0 2.5 2 0 4 3 3
3734.8 3028.2 -245.6 48 0 11.5 22.3 10.0 2.5 2 0 4 0 0
3657.7 3093.4 -245.0 230 0 11.5 22.3 7.5 2.5 2 0 3 4 4
3676.6 3065.6 -245.1 140 0 22.3 11.5 10.0 2.5 2 0 4 1 1
3694.5 3139.2 -245.3 323 0 22.3 11.5 10.0 2.5 2 0 4 5 5
3671.9 3164.0 -245.1 233 0 11.5 22.3 7.5 2.5 2 0 3 1 1
3638.9 3154.2 -244.6 49 0 11.5 22.3 5.0 2.5 2 0 2 2 2
3634.4 2972.8 -241.1 137 0 22.3 11.5 12.5 2.5 2 0 5 1 1
3562.2 3068.2 -242.4 227 0 11.5 22.3 12.5 2.5 4 1 5 0 0
3559.5 3101.9 -243.9 227 0 11.5 22.3 12.5 2.5 2 1 5 0 0
3556.1 3138.3 -243.9 227 0 11.5 22.3 10.0 2.5 2 1 4 1 1
3623.2 3184.9 -244.5 319 0 22.3 12.5 10.0 2.5 2 0 4 2 2
3857.1 3537.4 -249.2 213 0 19.4 24.4 7.5 2.5 2 0 3 4 4
3891.9 3571.2 -250.5 303 0 21.8 37.6 10.0 0.0 0 0 4 5 5
3870.1 3470.2 -248.8 124 0 17.0 23.9 10.0 2.5 2 0 4 4 4
3919.2 3493.1 -249.5 303 0 35.1 18.4 10.0 0.0 0 0 4 2 2
3996.1 3467.9 -250.7 359 0 15.0 32.4 10.0 2.5 2 1 4 3 3
3915.2 3553.4 -250.7 303 0 9.8 35.4 7.5 2.5 2 1 3 0 0
3838.6 3580.8 -249.6 143 0 6.6 14.5 7.5 0.0 0 1 3 3 3
3812.4 3614.3 -248.2 143 0 6.6 14.5 5.0 0.0 0 1 2 5 5
3749.6 3558.2 -247.0 141 0 11.6 11.3 2.5 2.5 2 0 1 2 2
3739.1 3584.4 -247.0 231 0 5.7 11.6 2.5 2.5 2 1 1 5 5
3488.7 5069.4 -250.2 36 0 5.1 20.1 4.0 0.0 0 1 1 3 3
3452.3 5095.5 -250.0 216 0 5.1 19.9 8.0 2.5 2 1 2 2 2
3445.4 5086.7 -249.9 218 0 4.9 20.0 8.0 2.5 2 1 2 4 4
3441.7 5082.0 -249.9 218 0 5.1 20.0 8.0 2.5 2 1 2 4 4
3471.8 5045.9 -250.0 33 0 4.7 45.9 4.0 2.5 2 1 1 3 3
3040.0 4193.5 -241.4 71 0 9.5 12.1 5.0 2.5 2 0 2 3 3
3025.8 4187.0 -241.2 71 0 21.6 13.6 10.0 2.5 2 0 4 0 0
3081.9 4146.0 -244.5 78 0 61.3 14.5 10.0 2.5 2 0 4 4 4
4213.6 2818.7 -250.7 71 0 27.5 17.4 7.5 2.5 2 0 3 0 0
2327.7 7254.2 -239.5 49 0 17.2 13.9 5.0 2.5 2 0 2 3 3
2731.6 8052.2 -246.5 286 0 17.3 26.8 15.0 0.0 0 1 6 5 5
2769.8 8002.8 -249.9 109 0 18.8 35.7 12.5 0.0 0 1 5 2 2
3156.4 8334.9 -252.8 56 0 16.1 12.6 5.0 0.0 0 0 2 4 4
-1161.3 -2029.1 248.3 331 0 8.1 13.5 7.5 2.5 2 1 3 2 2
