-4578.9 -7918.1 -508.3 150 0 12.0 20.6 7.5 2.5 2 1 3 5 5
-4599.8 -8007.1 -506.7 330 0 8.8 10.9 7.5 2.5 2 1 3 4 4
-4647.7 -7926.1 -512.2 250 0 9.9 10.4 5.0 2.5 2 1 2 2 2
-5072.2 -7980.4 -480.3 25 0 11.7 9.6 2.5 0.0 0 0 1 3 3
-5172.3 -7884.9 -500.6 16 0 14.7 14.4 5.0 2.5 2 0 2 5 5
-4591.8 -7892.0 -510.1 153 0 11.8 13.8 7.5 2.5 2 1 3 0 0
-4609.2 -7968.6 -508.7 60 0 13.6 8.2 2.5 2.5 2 0 1 0 0
-4884.4 -8061.7 -465.5 339 0 14.3 12.7 7.5 2.5 2 0 3 3 3
-4729.4 -8059.9 -496.0 158 0 12.3 17.4 5.0 2.5 2 1 2 3 3
-4615.6 -8124.3 -503.4 73 0 11.1 12.7 5.0 2.5 2 1 2 3 3
-4563.2 -8168.7 -500.1 161 0 12.1 11.2 5.0 2.5 2 0 2 5 5
-5017.5 -7948.3 -492.0 92 0 10.2 20.9 10.0 0.0 0 1 4 0 0
-5131.5 -7898.8 -499.2 155 0 15.1 12.7 5.0 2.5 2 0 2 3 3
-4533.8 -7951.0 -500.5 179 0 14.7 21.5 10.0 2.5 2 1 4 5 5
-4668.0 -7965.9 -511.5 144 0 11.5 13.8 5.0 2.5 2 1 2 3 3
-4624.4 -7936.5 -510.2 245 0 9.5 11.1 7.5 2.5 2 1 3 0 0
-4993.9 -7915.2 -497.8 8 0 19.8 11.6 7.5 2.5 2 0 3 0 0
-4545.0 -8106.8 -490.7 163 0 10.6 13.7 10.0 2.5 2 1 4 2 2
-4720.3 -8017.4 -503.5 165 0 10.9 11.6 7.5 2.5 2 1 3 4 4
-4663.9 -8098.9 -499.2 161 0 12.9 9.2 7.5 2.5 2 0 3 1 1
-4830.1 -7995.5 -486.5 228 0 9.5 11.0 5.0 2.5 2 1 2 0 0
-5672.7 -8487.4 -349.6 65 0 14.0 12.7 10.0 2.5 2 0 4 1 1
-4362.4 -7489.8 -512.0 273 0 14.8 14.3 7.5 2.5 2 0 3 2 2
-4731.5 -9026.1 -388.5 92 0 11.3 12.7 7.5 2.5 2 1 3 4 4
-3097.2 -6327.6 -449.1 138 0 12.1 11.5 7.5 2.5 2 0 3 5 5
-4147.4 -8793.3 -314.3 108 0 9.6 13.3 2.5 2.5 2 1 1 4 4
-3109.8 -6311.4 -454.7 142 0 12.9 10.7 10.0 2.5 2 0 4 4 4
-4137.5 -8824.3 -304.4 203 0 15.6 10.4 7.5 2.5 2 0 3 5 5
-3764.5 -7078.4 -394.9 332 0 13.6 25.3 10.0 2.5 2 1 4 2 2
-4289.7 -9358.9 -278.0 21 0 27.5 14.4 10.0 2.5 2 0 4 3 3
-4040.0 -8069.9 -345.6 68 0 9.6 12.2 5.0 2.5 4 1 2 4 4
-3751.2 -7110.4 -387.9 291 0 15.6 29.8 17.5 0.0 0 1 7 4 4
-2574.5 -6746.7 -499.8 92 0 14.9 8.6 5.0 0.0 0 0 2 2 2
-4222.2 -7086.1 -432.4 92 0 6.8 7.2 7.5 2.5 2 1 3 3 3
-2585.7 -6703.5 -495.1 276 0 12.8 15.7 5.0 2.5 4 1 2 4 4
-2503.9 -7068.0 -510.4 295 0 12.9 18.3 2.5 2.5 2 1 1 4 4
-3778.6 -7174.6 -380.5 104 0 13.2 20.7 10.0 2.5 4 1 4 3 3
-2498.3 -7037.7 -509.9 28 0 13.1 11.6 5.0 2.5 2 0 2 0 0
-2480.2 -6944.2 -509.8 272 0 19.1 13.0 5.0 2.5 2 0 2 5 5
-2635.9 -6673.5 -486.4 299 0 11.3 14.0 2.5 2.5 4 1 1 0 0
-4120.0 -7921.8 -385.0 91 0 16.4 33.3 10.0 0.0 0 1 4 5 5
-3641.3 -7132.8 -385.5 91 0 15.8 12.9 7.5 2.5 4 0 3 5 5
-2441.0 -10467.6 -502.9 340 0 9.8 10.4 5.0 2.5 2 1 2 4 4
-2394.0 -9588.8 -512.7 118 0 10.1 12.1 7.5 2.5 4 1 3 5 5
-2461.3 -10452.3 -499.9 148 0 8.3 7.1 2.5 2.5 4 0 1 1 1
-2435.5 -9667.5 -508.9 237 0 12.8 25.8 12.5 2.5 2 1 5 3 3
-3602.2 -6963.2 -402.2 353 0 6.9 10.0 7.5 2.5 2 1 3 3 3
-2423.2 -10529.5 -510.6 91 0 9.3 11.8 7.5 0.0 0 1 3 1 1
-2470.6 -10431.8 -498.4 171 0 10.6 9.0 2.5 2.5 2 0 1 3 3
-2427.7 -9590.5 -504.9 321 0 9.5 8.5 7.5 2.5 2 0 3 2 2
-2908.3 -8389.0 -281.7 86 0 7.0 5.6 5.0 0.0 0 0 2 3 3
-2372.5 -9597.3 -514.7 114 0 15.1 14.4 5.0 0.0 0 0 2 3 3
-2423.3 -9702.6 -510.0 149 0 11.7 22.4 10.0 2.5 2 1 4 3 3
-2897.7 -8381.5 -281.9 356 0 6.9 5.3 2.5 2.5 2 0 1 5 5
-3657.9 -6918.9 -408.4 171 0 10.2 11.6 5.0 2.5 4 1 2 0 0
-2503.6 -9597.4 -491.4 179 0 18.6 11.0 7.5 2.5 2 0 3 2 2
-5097.9 -10027.6 -355.4 30 0 13.1 13.3 2.5 2.5 2 1 1 3 3
-5039.4 -9525.6 -337.5 66 0 10.7 9.6 7.5 2.5 2 0 3 2 2
-4968.5 -9927.6 -352.6 111 0 22.1 13.7 12.5 2.5 2 0 5 5 5
-5204.1 -10049.2 -348.3 48 0 15.1 11.1 7.5 2.5 2 0 3 2 2
-4875.5 -10224.0 -318.2 214 0 9.6 12.6 7.5 2.5 2 1 3 2 2
-4742.2 -9279.1 -348.7 152 0 16.7 11.4 2.5 2.5 2 0 1 1 1
-5064.2 -9980.5 -353.7 22 0 11.5 12.0 5.0 2.5 2 1 2 5 5
-4984.6 -9689.5 -348.7 112 0 15.3 22.6 10.0 2.5 2 1 4 3 3
-5289.6 -9957.4 -340.2 134 0 12.6 10.0 2.5 2.5 2 0 1 0 0
-4704.5 -9539.0 -339.6 16 0 21.8 11.4 7.5 2.5 2 0 3 0 0
-5194.9 -9669.8 -338.5 91 0 13.6 10.7 7.5 2.5 2 0 3 0 0
-6749.5 -10300.0 -364.2 207 0 13.9 20.6 12.5 0.0 0 1 5 0 0
-6637.9 -10236.0 -342.2 86 0 12.2 16.4 7.5 2.5 2 1 3 3 3
-6652.6 -10377.8 -357.3 110 0 14.1 22.0 12.5 2.5 4 1 5 0 0
-6793.9 -10333.2 -370.3 281 0 14.0 18.6 12.5 2.5 2 1 5 5 5
-6307.5 -10607.2 -342.9 73 0 9.4 14.5 2.5 2.5 2 1 1 5 5
-6893.6 -10511.1 -378.8 118 0 6.8 11.6 2.5 2.5 2 1 1 2 2
-6709.7 -10311.3 -361.7 293 0 14.5 13.6 5.0 0.0 0 0 2 1 1
-6895.9 -10149.1 -371.6 153 0 14.0 9.5 7.5 2.5 2 0 3 4 4
-6545.9 -10384.8 -346.8 122 0 28.1 14.0 12.5 2.5 2 0 5 0 0
-3407.8 -6449.6 -421.5 236 0 16.1 14.2 10.0 2.5 2 0 4 4 4
-4045.7 -10182.1 -376.3 87 0 12.2 5.1 7.5 2.5 2 0 3 4 4
-2683.8 -9954.4 -494.7 313 0 13.1 12.5 5.0 2.5 2 0 2 4 4
-3925.3 -10300.6 -393.5 181 0 10.9 18.6 7.5 0.0 0 1 3 2 2
-3486.4 -9882.6 -396.6 147 0 14.8 13.1 7.5 2.5 2 0 3 5 5
-3532.2 -10499.2 -389.6 93 0 8.0 12.2 7.5 2.5 2 1 3 0 0
-3507.3 -10370.3 -398.6 225 0 8.4 9.9 7.5 2.5 2 1 3 3 3
-2616.4 -9889.5 -490.7 55 0 14.0 6.1 5.0 2.5 4 0 2 2 2
-4106.6 -10313.4 -383.6 185 0 11.3 5.1 5.0 2.5 2 0 2 5 5
-4341.4 -10975.8 -374.1 259 0 14.5 10.7 5.0 2.5 2 0 2 3 3
-3968.0 -6817.2 -407.4 287 0 10.1 7.8 2.5 2.5 2 0 1 5 5
3441.3 106.5 506.1 358 0 10.8 17.5 5.0 0.0 0 1 2 0 0
-3252.0 8360.3 -505.2 219 0 16.4 26.9 10.0 2.5 4 1 4 2 2
-3186.7 8291.1 -510.3 319 0 14.4 26.5 12.5 2.5 2 1 5 4 4
-3214.5 8406.5 -502.0 53 0 9.2 21.5 7.5 2.5 2 1 3 2 2
-3185.1 8448.2 -500.8 323 0 22.5 10.4 5.0 0.0 0 0 2 2 2
-3303.3 8395.3 -508.0 323 0 30.8 15.7 10.0 2.5 4 0 4 0 0
-3238.2 8461.4 -503.2 233 0 9.9 21.2 5.0 2.5 2 1 2 4 4
-3225.9 8469.0 -502.7 233 0 9.4 20.2 7.5 2.5 2 1 3 4 4
-3236.6 8388.4 -503.1 53 0 8.6 24.9 7.5 2.5 2 1 3 1 1
-3196.7 8437.9 -501.3 323 0 22.2 10.0 5.0 2.5 2 0 2 1 1
-3289.4 8408.2 -505.6 143 0 17.4 14.1 5.0 2.5 2 0 2 5 5
-3251.1 8452.2 -503.8 233 0 12.5 22.9 12.5 2.5 2 1 5 3 3
-3205.1 8473.8 -502.3 323 0 21.6 9.6 7.5 2.5 2 0 3 1 1
-3225.4 8397.7 -502.6 53 0 8.4 24.3 7.5 2.5 2 1 3 0 0
2496.5 7585.6 481.4 178 0 15.3 22.7 10.0 2.5 2 1 4 2 2
-4715.1 -8210.9 -479.3 347 0 8.8 9.1 2.5 2.5 2 0 1 4 4
-4690.0 -8251.3 -478.0 335 0 6.9 16.2 7.5 2.5 2 1 3 2 2
-5673.0 -10985.2 -371.1 2 0 7.6 23.1 5.0 2.5 2 1 2 0 0
-5564.1 -10882.0 -361.3 195 0 8.7 11.8 5.0 2.5 2 1 2 2 2
-5577.4 -10924.6 -366.4 190 0 17.3 11.5 5.0 2.5 2 0 2 4 4
-5585.2 -10913.7 -364.1 21 0 6.3 5.3 7.5 2.5 2 0 3 1 1
-5590.6 -10927.5 -366.0 12 0 14.6 5.4 5.0 2.5 2 0 2 3 3
-5605.2 -10908.7 -363.8 279 0 6.1 7.1 7.5 2.5 4 1 3 4 4
-5615.3 -10883.0 -364.1 291 0 13.2 9.1 2.5 2.5 2 0 1 4 4
-5719.3 -10895.5 -366.4 269 0 15.7 11.1 2.5 2.5 4 0 1 4 4
-5733.8 -10901.3 -366.9 281 0 8.0 20.1 5.0 2.5 2 1 2 5 5
-5703.5 -10964.6 -371.5 269 0 5.2 8.3 2.5 2.5 2 1 1 5 5
-5702.7 -11014.3 -373.5 107 0 7.3 7.1 7.5 2.5 2 0 3 4 4
-5737.9 -11004.9 -373.8 199 0 6.2 13.8 7.5 2.5 2 1 3 0 0
-5624.8 -10977.8 -370.6 107 0 6.1 7.6 7.5 2.5 2 1 3 4 4
-5587.2 -10981.5 -370.1 172 0 5.7 6.2 2.5 2.5 2 1 1 5 5
-5418.5 -10578.5 -347.0 229 0 8.5 4.6 7.5 2.5 4 0 3 5 5
-5442.4 -10741.6 -346.6 354 0 10.8 6.8 7.5 2.5 4 0 3 2 2
-5477.1 -10751.7 -349.3 203 0 8.5 18.0 5.0 2.5 2 1 2 0 0
-5453.4 -10819.6 -355.7 177 0 15.2 14.5 5.0 2.5 2 0 2 1 1
-5534.5 -10779.9 -356.5 23 0 13.5 5.9 5.0 2.5 2 0 2 2 2
-5600.7 -10469.0 -344.5 197 0 22.3 12.3 12.5 2.5 2 0 5 5 5
-5468.6 -10326.8 -335.7 179 0 5.6 10.9 5.0 2.5 4 1 2 2 2
-5500.6 -10568.8 -349.0 286 0 10.9 11.7 5.0 2.5 2 1 2 2 2
-5662.1 -10515.1 -340.7 320 0 13.0 10.3 2.5 2.5 2 0 1 2 2
-5727.0 -10563.4 -341.0 123 0 9.3 8.0 7.5 2.5 4 0 3 0 0
-5857.3 -10895.2 -356.4 305 0 14.2 11.4 2.5 2.5 4 0 1 1 1
-5796.6 -10992.7 -368.1 245 0 7.4 5.6 7.5 2.5 2 0 3 1 1
-5797.3 -11010.6 -369.6 159 0 5.3 5.7 7.5 2.5 2 1 3 4 4
-5571.3 -11023.4 -370.6 56 0 5.8 12.6 7.5 0.0 0 1 3 5 5
-5531.5 -10973.7 -368.9 346 0 6.3 10.1 2.5 2.5 2 1 1 3 3
-3009.0 9089.5 -492.5 55 0 22.5 14.3 12.5 2.5 2 0 5 0 0
-3362.7 10231.2 -504.8 248 0 8.8 34.6 7.5 2.5 2 0 3 1 1
-6154.3 -9701.4 -158.4 66 0 8.5 10.9 2.5 2.5 2 1 1 5 5
-5562.6 -10906.7 -363.9 179 0 6.5 7.0 2.5 2.5 2 1 1 5 5
-4524.5 10087.3 -516.3 226 0 27.5 19.0 7.5 2.5 2 0 3 0 0
-4383.0 10179.8 -515.3 130 0 29.1 25.9 7.5 0.0 0 0 3 0 0
643.0 -6184.1 -505.3 30 0 14.8 33.4 10.0 2.5 2 1 4 5 5
