6129.4 -4071.5 -23.1 160 0 24.0 71.5 7.5 0.0 0 1 3 3 3
5199.9 -2487.5 -25.6 346 0 43.4 16.2 12.5 2.5 2 0 5 0 0
5292.2 -2395.7 -18.7 221 0 13.4 31.7 10.0 2.5 2 1 4 0 0
-6592.0 -2641.2 18.5 188 0 43.8 32.1 14.0 0.0 0 0 4 4 4
5655.1 7509.6 -4.4 1 0 17.7 28.9 17.5 3.5 2 1 5 2 2
6033.2 6673.2 14.4 277 0 46.0 18.1 17.5 3.5 2 0 5 3 3
5867.3 7198.7 -5.1 348 0 18.2 14.6 17.5 3.5 2 0 5 3 3
5150.0 7301.5 -24.0 91 0 27.0 19.2 10.5 0.0 0 0 3 3 3
5689.5 5583.0 -21.0 15 0 57.2 95.8 5.0 0.0 0 1 2 2 2
5470.9 6983.3 -18.9 329 0 11.4 15.4 14.0 3.5 2 1 4 1 1
5641.2 6894.7 -13.8 173 0 27.0 84.4 17.5 0.0 0 1 5 0 0
5841.5 6923.1 -7.1 325 0 16.3 18.6 17.5 3.5 2 1 5 2 2
5520.5 6847.0 -20.3 264 0 18.4 48.8 14.0 3.5 2 1 4 3 3
5714.7 7219.6 -12.3 354 0 16.5 43.7 17.5 3.5 2 1 5 0 0
5546.8 6761.6 -20.1 332 0 12.6 15.9 14.0 3.5 2 1 4 0 0
-1161.4 1945.2 -19.7 264 0 38.8 427.2 10.0 0.0 0 1 4 3 3
-1006.6 1729.2 -20.0 263 0 34.0 190.7 10.0 0.0 0 1 4 3 3
-958.3 1962.6 -20.3 264 0 38.9 427.2 7.5 0.0 0 1 3 0 0
-1101.4 1952.1 -19.9 264 0 38.9 427.2 7.5 0.0 0 1 3 4 4
-2273.4 -550.2 -14.1 82 0 19.4 23.7 10.0 2.5 2 1 4 5 5
-4254.5 8545.7 -6.0 144 0 26.1 27.4 17.5 0.0 0 1 5 5 5
-4863.1 8380.9 -5.5 321 0 12.9 20.1 17.5 3.5 2 1 5 0 0
-4222.0 8365.9 -9.8 142 0 13.2 18.4 17.5 3.5 2 1 5 1 1
-4575.5 7957.5 -12.0 151 0 12.1 22.6 14.0 3.5 2 1 4 1 1
-5927.9 -1923.6 6.4 65 0 18.1 11.4 14.0 3.5 2 0 4 4 4
-6833.4 -1852.0 13.6 233 0 21.2 14.6 14.0 3.5 2 0 4 2 2
-6926.8 -2644.7 18.3 237 0 14.3 11.9 7.5 2.5 2 0 3 0 0
-3774.8 9497.3 -12.9 328 0 11.7 18.5 14.0 0.0 0 1 4 1 1
-4452.2 -8506.9 -15.9 239 0 17.9 8.7 7.0 2.5 4 0 2 0 0
-4438.8 -8500.3 -16.0 239 0 8.9 7.2 7.5 2.5 2 0 3 4 4
-4537.7 -8560.3 -17.9 250 0 40.9 78.6 7.5 0.0 0 1 3 3 3
-4425.9 -8632.7 -16.2 53 0 13.6 22.7 10.0 2.5 2 1 4 4 4
-4481.5 -8747.3 -17.7 90 0 73.3 19.8 10.0 2.5 2 0 4 4 4
-4564.3 -8711.3 -18.2 162 0 45.7 12.9 7.5 2.5 2 0 3 4 4
-4408.1 -8541.6 -15.1 160 0 21.6 26.2 12.5 2.5 4 1 5 1 1
-1836.3 -3411.4 -22.4 329 0 10.4 16.0 2.5 2.5 2 1 1 4 4
-6862.5 -5549.6 9.1 254 0 93.0 62.9 10.0 0.0 0 0 4 3 3
-5487.3 -10228.8 -14.9 85 0 40.1 49.9 10.0 0.0 0 1 4 3 3
-5135.9 -9356.9 -16.4 0 0 11.4 19.6 8.0 2.5 2 0 2 3 3
-5135.9 -9296.3 -16.9 0 0 109.8 37.5 10.0 0.0 0 0 4 2 2
-5197.5 -10205.2 -14.7 85 0 11.8 21.1 2.5 0.0 0 1 1 4 4
-5179.5 -10186.5 -14.8 86 0 10.9 13.6 2.5 2.5 2 1 1 3 3
-1868.3 -10295.9 -32.9 169 0 10.4 21.0 8.0 2.5 2 1 2 2 2
-1798.2 -10512.5 -34.0 79 0 56.2 215.6 7.5 0.0 0 0 3 4 4
-1741.9 -10501.4 -34.3 79 0 58.1 215.6 7.5 0.0 0 0 3 4 4
-1685.1 -10490.2 -34.6 79 0 57.4 223.6 10.0 0.0 0 0 4 0 0
-1622.1 -10363.9 -34.8 349 0 223.7 57.2 12.5 0.0 0 0 5 4 4
-2197.2 -10137.9 -27.5 259 0 4.7 10.7 7.5 0.0 0 1 3 5 5
-2162.7 -10137.6 -28.0 350 0 14.5 20.3 7.5 2.5 2 1 3 0 0
-2427.6 -8823.0 -24.0 350 0 32.6 53.3 10.0 0.0 0 1 4 1 1
-2660.4 -8363.7 -20.8 181 0 17.0 10.6 5.0 2.5 4 0 2 5 5
5823.6 -3778.8 -29.3 148 0 23.1 15.8 7.5 2.5 2 0 3 1 1
5819.1 -3724.4 -28.8 237 0 17.5 34.7 7.5 0.0 0 1 3 2 2
-6457.9 -615.1 9.6 96 0 10.0 14.7 2.5 2.5 2 0 1 5 5
-6508.6 -924.0 9.1 186 0 9.9 15.4 10.5 3.5 2 0 3 0 0
-6394.8 -1573.8 10.4 146 0 15.6 19.6 14.0 3.5 2 1 4 1 1
-4911.8 -1918.7 -3.1 179 0 10.9 26.6 7.5 2.5 2 1 3 1 1
-6392.2 -1956.7 11.1 235 0 19.1 15.2 14.0 3.5 2 0 4 1 1
-6842.2 -4121.1 20.9 275 0 7.7 6.8 7.5 2.5 2 0 3 4 4
-6862.1 -4139.3 21.1 185 0 9.6 20.4 5.0 2.5 2 1 2 0 0
4579.7 -1613.0 -25.9 265 0 14.7 19.0 7.5 2.5 2 0 3 1 1
4618.3 -1617.9 -25.9 355 0 9.1 30.7 7.5 2.5 2 0 3 0 0
-543.7 -7443.1 -28.5 173 0 7.7 11.7 7.5 2.5 2 1 3 3 3
5232.9 7384.6 -24.6 274 0 11.2 12.7 10.5 3.5 2 0 3 3 3
5221.4 7359.9 -24.1 94 0 8.1 12.8 10.5 3.5 2 0 3 5 5
5607.3 5689.4 -21.6 190 0 50.2 58.6 10.0 0.0 0 1 4 4 4
5551.6 5583.7 -20.8 195 0 58.4 18.4 7.5 2.5 2 0 3 3 3
5545.9 5502.7 -20.6 105 0 20.6 50.5 7.5 2.5 2 0 3 2 2
5564.5 5497.7 -20.6 105 0 18.0 17.2 7.5 2.5 2 0 3 0 0
5661.0 5465.6 -21.5 105 0 25.0 20.3 10.0 2.5 2 0 4 1 1
5616.2 5483.7 -21.5 105 0 68.3 17.2 7.5 2.5 2 0 3 2 2
5662.0 5522.7 -21.6 15 0 20.0 85.8 10.0 0.0 0 0 4 5 5
5680.9 5538.9 -21.6 15 0 21.0 99.9 10.0 0.0 0 0 4 2 2
5025.1 3811.4 -20.2 3 0 35.9 60.6 10.0 0.0 0 1 4 5 5
4982.7 3749.1 -20.2 102 0 65.8 34.9 7.5 0.0 0 0 3 3 3
4884.6 3864.4 -23.1 190 0 56.1 65.4 10.0 0.0 0 1 4 0 0
4877.5 3806.2 -21.4 190 0 15.6 62.5 10.0 2.5 2 0 4 5 5
4874.8 3790.4 -21.3 190 0 16.4 46.3 7.5 2.5 2 0 3 1 1
4872.1 3774.6 -21.3 190 0 15.8 73.2 12.5 2.5 2 0 5 2 2
4697.2 -2486.0 -28.0 252 0 97.7 90.0 10.0 0.0 0 0 4 5 5
-6180.0 2159.2 2.8 5 0 35.2 6.4 7.5 2.5 2 0 3 4 4
-6182.8 2129.2 2.2 5 0 25.2 6.4 2.5 2.5 2 0 1 5 5
-6210.7 2125.0 2.3 185 0 18.3 20.9 5.0 2.5 2 0 2 1 1
-6226.1 1707.7 2.1 5 0 15.7 7.1 2.5 2.5 2 0 1 3 3
-6232.9 1710.6 2.0 5 0 13.9 14.4 5.0 2.5 2 0 2 0 0
-5468.5 -466.8 2.3 278 0 25.4 15.0 10.0 2.5 2 0 4 4 4
-5517.8 -435.0 2.3 278 0 81.0 42.1 10.0 0.0 0 0 4 1 1
-5506.0 -659.4 2.3 98 0 101.3 161.2 10.0 0.0 0 0 4 5 5
-4915.8 6299.7 -3.9 4 0 6.2 141.0 7.5 2.5 2 0 3 1 1
-4555.3 10394.1 -5.8 161 0 12.2 22.4 14.0 3.5 2 1 4 2 2
-4949.9 8078.0 -8.2 285 0 8.8 17.2 10.5 3.5 2 1 3 1 1
-4950.5 8032.8 -8.7 15 0 35.4 15.8 17.5 3.5 2 0 5 0 0
-5297.4 8870.6 0.3 277 0 16.1 30.3 10.5 3.5 2 1 3 0 0
-4696.9 9209.9 -5.0 3 0 31.6 19.0 14.0 3.5 4 0 4 1 1
-4782.4 9243.3 -5.0 181 0 18.9 44.3 14.0 3.5 2 1 4 2 2
-4431.5 9161.9 -6.9 13 0 5.8 8.4 10.5 3.5 2 0 3 4 4
-4419.4 9137.9 -7.1 13 0 10.3 34.8 17.5 3.5 2 0 5 5 5
-3887.9 8663.9 -11.0 269 0 13.3 9.8 10.5 3.5 2 0 3 4 4
-2407.1 9411.8 -18.5 242 0 6.6 11.8 10.5 3.5 4 1 3 2 2
-2431.1 9372.6 -18.3 213 0 21.9 19.5 10.5 3.5 2 0 3 3 3
-1304.7 10270.0 -21.6 66 0 35.9 18.7 14.0 3.5 2 0 4 0 0
-1452.9 10556.1 -21.2 155 0 11.9 23.3 14.0 3.5 2 1 4 3 3
-4169.5 10184.3 -10.4 54 0 14.1 11.1 14.0 3.5 2 0 4 5 5
-4550.3 10265.6 -5.7 181 0 23.6 15.8 10.5 3.5 2 0 3 2 2
-4496.2 10237.8 -6.3 1 0 18.7 39.6 10.5 3.5 2 1 3 5 5
-4284.1 9990.8 -10.7 4 0 38.4 39.5 7.5 0.0 0 1 3 3 3
6030.4 304.7 8.6 351 0 12.3 16.8 7.5 2.5 2 1 3 2 2
5492.9 248.3 -12.1 326 0 11.4 14.5 2.5 2.5 2 1 1 4 4
5525.3 326.2 -9.3 115 0 12.8 26.8 10.0 0.0 0 1 4 4 4
5583.3 7143.3 -15.6 353 0 45.5 21.1 14.0 3.5 2 0 4 3 3
-4490.3 -8726.7 -17.6 90 0 16.7 6.2 7.5 2.5 2 0 3 3 3
-4407.3 -8392.5 -19.9 76 0 68.8 77.6 12.5 0.0 0 0 5 0 0
-4351.4 -8592.6 -14.3 166 0 18.4 11.6 2.5 2.5 2 0 1 4 4
-6881.4 -2063.5 15.4 185 0 15.7 41.4 14.0 3.5 2 1 4 0 0
6901.3 -4262.9 -16.3 331 0 10.9 14.2 5.0 0.0 0 1 2 3 3
6192.7 -3382.4 -20.1 265 0 10.5 10.7 5.0 2.5 2 1 2 5 5
