-6758.6 -9734.9 -38.8 152 0 70.2 37.9 14.0 0.0 0 0 4 4 4
-5784.2 -9260.8 -45.4 69 0 60.8 33.3 7.5 0.0 0 0 3 2 2
-2847.1 -10105.7 -73.9 271 0 25.1 8.4 7.5 2.5 2 0 3 0 0
-2782.1 -10106.2 -75.1 270 0 31.7 11.8 10.0 2.5 2 0 4 3 3
-2880.0 -10113.5 -72.3 271 0 31.1 9.0 7.5 0.0 0 0 3 5 5
-2927.8 -10143.1 -69.7 207 0 23.4 9.4 2.5 2.5 2 0 1 0 0
-2953.7 -10251.0 -71.5 180 0 33.4 60.3 10.0 0.0 0 1 4 1 1
-2836.5 -10355.1 -74.8 91 0 33.2 11.9 5.0 2.5 2 0 2 1 1
-2816.9 -10106.4 -75.1 271 0 27.4 12.0 15.0 0.0 0 0 6 3 3
-1949.3 -3813.5 -68.0 104 0 21.2 35.4 7.5 0.0 0 1 3 2 2
-4301.2 -9471.3 -51.2 172 0 38.3 32.5 7.5 0.0 0 0 3 1 1
-4886.1 -9543.9 -53.1 324 0 15.5 17.7 15.0 0.0 0 1 6 0 0
-4078.9 -8970.6 -65.9 44 0 12.2 19.2 10.0 2.5 2 1 4 2 2
-4089.1 -8982.2 -61.9 43 0 14.2 21.7 10.0 2.5 2 1 4 3 3
-4098.9 -8991.1 -60.2 46 0 13.3 22.7 10.0 2.5 2 1 4 1 1
-4129.7 -8988.7 -59.9 224 0 13.2 22.4 12.5 2.5 2 1 5 3 3
-3051.1 1184.2 -56.8 115 0 16.6 20.2 7.5 2.5 2 1 3 2 2
-6379.2 -10716.9 -43.4 343 0 19.2 23.3 10.0 2.5 2 1 4 2 2
-6373.7 -10735.3 -43.7 343 0 19.2 23.3 7.5 2.5 2 1 3 2 2
-6733.3 -9646.7 -39.7 242 0 17.4 35.8 14.0 0.0 0 1 4 4 4
-6435.8 -9211.2 -45.6 156 0 18.0 29.2 14.0 3.5 2 1 4 5 5
-6418.3 -10748.9 -43.8 163 0 19.2 23.3 10.0 2.5 2 1 4 4 4
-6423.8 -10730.4 -43.5 163 0 19.2 23.3 7.5 2.5 2 1 3 0 0
-6376.1 -10903.7 -45.4 154 0 10.9 9.7 5.0 2.5 4 0 2 2 2
-6400.0 -10835.3 -44.8 163 0 10.8 13.8 5.0 2.5 2 1 2 5 5
-6380.8 -10870.1 -45.2 71 0 13.9 29.2 7.5 2.5 2 1 3 2 2
-6406.7 -10813.8 -44.6 161 0 29.2 13.9 7.5 2.5 2 0 3 5 5
-6370.8 -10801.2 -44.7 341 0 29.2 13.9 10.0 2.5 2 0 4 1 1
-6358.2 -10862.4 -45.3 71 0 13.9 29.2 10.0 0.0 0 1 4 0 0
-6363.3 -10824.1 -44.9 343 0 10.8 13.8 5.0 2.5 2 1 2 5 5
-6327.0 -10995.7 -46.0 85 0 9.2 9.3 5.0 2.5 2 1 2 0 0
-6316.2 -10994.6 -46.3 86 0 9.2 9.3 5.0 2.5 2 1 2 3 3
-6351.9 -10951.3 -45.5 154 0 10.9 9.7 2.5 2.5 2 0 1 2 2
-6359.5 -10882.9 -45.7 250 0 8.6 9.7 5.0 2.5 2 1 2 1 1
-6313.6 -10874.0 -45.8 340 0 9.7 8.6 5.0 2.5 2 0 2 3 3
-6282.0 -10959.4 -47.1 341 0 8.9 9.4 5.0 0.0 0 1 2 5 5
-6290.5 -10933.9 -46.8 341 0 8.9 9.4 5.0 2.5 2 1 2 4 4
-5196.7 -8981.0 -55.3 66 0 23.9 35.5 10.0 0.0 0 1 4 5 5
-5433.8 -8962.2 -47.3 247 0 13.7 33.7 5.0 2.5 2 1 2 2 2
-5414.3 -8954.4 -48.0 247 0 13.7 33.7 10.0 2.5 4 1 4 5 5
-6856.5 -9601.2 -37.7 334 0 16.6 29.7 10.5 3.5 2 1 3 0 0
-6866.7 -9583.3 -38.0 335 0 15.7 29.2 10.5 3.5 2 1 3 5 5
-6875.1 -9564.7 -38.3 334 0 15.9 30.7 10.5 3.5 2 1 3 2 2
-6883.6 -9546.7 -38.5 334 0 14.3 29.1 10.5 3.5 4 1 3 2 2
-6891.9 -9528.7 -38.8 334 0 15.6 30.4 10.5 3.5 2 1 3 4 4
-6927.3 -9523.3 -39.3 154 0 14.4 30.1 10.5 0.0 0 1 3 1 1
-6916.9 -9483.5 -39.5 246 0 16.3 19.8 10.5 3.5 2 1 3 1 1
-6936.8 -9494.9 -39.6 242 0 7.8 17.4 10.5 3.5 2 1 3 1 1
-6864.9 -9639.2 -37.4 65 0 15.8 18.8 10.5 3.5 2 0 3 3 3
-6849.2 -9632.4 -37.6 68 0 19.1 18.8 10.5 3.5 2 0 3 1 1
-6884.8 -9648.8 -37.4 63 0 17.7 18.8 10.5 3.5 2 0 3 3 3
-6900.1 -9656.4 -37.4 64 0 16.3 18.7 10.5 3.5 2 0 3 5 5
-6918.2 -9630.6 -37.7 155 0 14.8 31.4 10.5 3.5 2 1 3 4 4
-6927.6 -9612.6 -38.2 154 0 15.5 31.0 10.5 3.5 2 1 3 2 2
-6936.1 -9594.7 -38.5 154 0 15.2 31.2 10.5 0.0 0 1 3 3 3
-6918.7 -9731.5 -37.4 243 0 13.4 40.1 10.5 3.5 2 1 3 5 5
-6900.9 -9722.7 -37.6 243 0 13.6 39.8 10.5 3.5 2 1 3 4 4
-4786.1 -9815.9 -57.0 161 0 11.7 41.6 7.5 0.0 0 1 3 3 3
-4778.8 -9836.6 -56.5 158 0 20.5 17.5 10.0 2.5 4 0 4 4 4
-4738.3 -9819.3 -56.9 339 0 17.4 22.1 7.5 2.5 2 1 3 5 5
-4770.3 -9860.4 -56.4 158 0 21.9 18.9 15.0 0.0 0 0 6 1 1
-4735.0 -9858.7 -56.7 69 0 21.4 18.4 10.0 0.0 0 0 4 1 1
-4792.8 -9837.3 -56.0 339 0 20.6 16.4 7.5 2.5 4 0 3 5 5
-4830.6 -9850.6 -55.7 160 0 20.5 15.5 7.5 2.5 2 0 3 4 4
-6443.6 -9873.2 -41.2 148 0 16.1 29.7 14.0 3.5 2 1 4 0 0
-6380.9 -9795.1 -41.4 149 0 19.3 20.4 14.0 0.0 0 1 4 4 4
-6864.2 -9538.5 -39.4 154 0 16.3 31.6 14.0 3.5 2 1 4 3 3
-6839.3 -9591.9 -39.0 156 0 14.3 31.6 14.0 3.5 2 1 4 4 4
-6751.5 -9570.9 -40.7 153 0 16.6 35.3 14.0 3.5 2 1 4 5 5
-6761.5 -9547.7 -40.9 152 0 17.9 17.5 14.0 0.0 0 0 4 2 2
-6879.2 -9466.5 -39.9 247 0 28.3 18.1 14.0 3.5 2 0 4 0 0
-6844.3 -9451.0 -41.2 244 0 30.5 17.8 14.0 0.0 0 0 4 4 4
-6820.1 -9473.4 -40.9 334 0 13.9 30.1 14.0 3.5 2 1 4 0 0
-6813.3 -9491.9 -40.7 336 0 11.7 27.3 14.0 3.5 2 1 4 0 0
-6805.1 -9510.3 -40.6 335 0 13.2 27.9 14.0 3.5 2 1 4 4 4
-6792.3 -9526.1 -40.7 334 0 13.6 32.3 14.0 3.5 2 1 4 4 4
-6787.5 -9546.2 -40.4 334 0 15.9 28.5 14.0 3.5 2 1 4 1 1
-4965.4 -9537.0 -52.3 337 0 18.2 21.1 10.0 0.0 0 1 4 4 4
-4974.6 -9515.4 -52.7 336 0 18.5 20.4 10.0 2.5 2 1 4 4 4
-6929.0 -9184.5 -43.9 155 0 21.6 14.7 14.0 3.5 2 0 4 1 1
-6902.7 -9333.5 -42.0 64 0 27.4 15.0 14.0 3.5 2 0 4 1 1
-6900.1 -9339.4 -41.8 244 0 28.0 13.7 14.0 3.5 2 0 4 2 2
-6885.6 -9368.8 -41.7 65 0 29.5 14.4 14.0 3.5 2 0 4 4 4
-6901.1 -9302.5 -42.1 334 0 14.3 27.8 14.0 0.0 0 1 4 3 3
-6935.6 -9296.3 -42.3 155 0 14.7 27.6 14.0 3.5 2 1 4 0 0
-6856.4 -9345.7 -42.5 156 0 15.2 25.2 14.0 3.5 2 1 4 5 5
-6856.5 -9313.8 -42.6 244 0 23.3 15.2 14.0 3.5 2 0 4 1 1
-6816.7 -9336.9 -42.7 65 0 18.5 16.2 14.0 3.5 4 0 4 5 5
-6375.3 -10097.5 -42.1 57 0 14.0 27.0 14.0 3.5 2 1 4 4 4
-6354.2 -10086.3 -42.4 57 0 27.1 13.0 14.0 3.5 2 0 4 3 3
-6354.1 -10059.3 -42.2 327 0 12.8 28.2 14.0 3.5 2 1 4 0 0
-6730.9 -10021.0 -37.4 234 0 32.1 14.1 14.0 3.5 2 0 4 4 4
-6752.1 -10035.8 -36.9 235 0 9.6 13.1 10.5 3.5 2 1 3 3 3
-6780.9 -10068.8 -36.7 162 0 13.5 31.4 14.0 3.5 2 1 4 0 0
-6774.2 -10089.7 -36.4 162 0 19.8 14.4 14.0 3.5 4 0 4 3 3
-6746.0 -10111.0 -36.9 73 0 31.6 14.7 14.0 3.5 2 0 4 1 1
-6718.4 -10103.3 -37.2 71 0 11.7 15.1 14.0 3.5 2 1 4 4 4
-6692.9 -10095.0 -37.9 71 0 32.0 13.8 14.0 3.5 2 0 4 3 3
-6690.1 -10060.8 -37.8 331 0 21.5 14.7 14.0 3.5 4 0 4 3 3
-6702.0 -10037.6 -37.6 332 0 21.0 15.0 14.0 3.5 2 0 4 4 4
-6501.5 -9887.8 -40.5 231 0 28.9 13.6 14.0 3.5 2 0 4 0 0
-6215.3 -8833.1 -50.5 335 0 14.4 29.7 14.0 3.5 2 1 4 4 4
-6239.1 -8813.9 -51.5 337 0 29.7 14.8 14.0 3.5 2 0 4 3 3
-6239.2 -8781.6 -52.1 335 0 14.8 26.0 14.0 3.5 2 1 4 5 5
-5275.5 -8811.6 -56.1 61 0 30.7 18.4 10.0 2.5 2 0 4 2 2
-5289.2 -8771.1 -56.6 240 0 31.7 18.3 12.5 2.5 2 0 5 5 5
-4833.3 -9030.1 -64.6 320 0 30.2 16.7 10.0 2.5 2 0 4 0 0
-4901.8 -10165.9 -59.7 99 0 19.2 21.3 12.5 2.5 2 1 5 3 3
-4924.1 -10162.3 -59.2 99 0 19.2 21.3 7.5 2.5 2 1 3 2 2
-4946.6 -10158.3 -58.7 99 0 19.2 21.3 10.0 2.5 2 1 4 0 0
-4969.3 -10153.8 -58.3 99 0 19.2 21.4 7.5 2.5 2 1 3 5 5
-4992.3 -10149.5 -58.2 99 0 19.2 21.4 7.5 2.5 2 1 3 1 1
-4707.3 -8995.4 -68.2 302 0 16.4 27.0 7.5 2.5 2 1 3 4 4
-4735.9 -8979.7 -67.9 259 0 18.1 30.3 7.5 2.5 2 1 3 0 0
-5188.2 -8939.5 -55.8 250 0 13.0 23.3 10.0 0.0 0 1 4 0 0
-5630.1 -9238.0 -46.6 156 0 18.7 10.8 10.0 2.5 2 0 4 3 3
-5594.7 -9234.8 -47.0 64 0 10.7 18.7 5.0 2.5 4 1 2 2 2
-5582.9 -9229.7 -47.1 66 0 10.3 17.9 5.0 2.5 2 1 2 5 5
-5580.4 -9251.9 -47.3 250 0 15.9 22.3 7.5 2.5 2 1 3 0 0
-5557.6 -9219.6 -47.1 66 0 8.7 19.0 5.0 2.5 2 1 2 4 4
-5574.7 -9179.5 -47.0 248 0 9.1 19.7 7.5 2.5 2 1 3 0 0
-5729.5 -9270.2 -45.4 156 0 21.5 11.9 10.0 2.5 2 0 4 0 0
-5650.9 -9146.6 -46.3 246 0 25.6 18.3 7.5 2.5 2 0 3 3 3
-5562.7 -9174.0 -47.0 248 0 10.1 20.5 5.0 2.5 4 1 2 0 0
-5599.2 -9189.4 -46.9 249 0 10.3 19.8 7.5 2.5 2 1 3 2 2
-5612.7 -9195.6 -46.8 249 0 8.6 19.3 7.5 2.5 2 1 3 3 3
-5610.6 -9176.2 -46.6 66 0 11.0 14.1 7.5 2.5 2 1 3 1 1
-5629.1 -9137.0 -46.4 246 0 12.5 20.5 10.0 2.5 4 1 4 1 1
-5595.4 -9170.0 -46.7 66 0 11.1 18.3 2.5 2.5 2 1 1 5 5
-5581.4 -9164.4 -46.7 66 0 11.3 20.3 2.5 2.5 2 1 1 5 5
-5567.4 -9158.2 -46.7 66 0 10.5 20.1 5.0 2.5 2 1 2 5 5
-5613.7 -9130.6 -46.5 246 0 11.6 19.5 5.0 2.5 2 1 2 3 3
-5599.4 -9124.3 -46.5 246 0 11.2 19.3 2.5 2.5 2 1 1 2 2
-5585.7 -9118.5 -46.5 246 0 11.1 19.9 10.0 2.5 2 1 4 3 3
-5705.1 -9175.3 -45.6 244 0 35.0 18.6 10.0 0.0 0 0 4 3 3
-5732.0 -9241.0 -45.1 69 0 12.8 25.0 12.5 2.5 2 1 5 3 3
-5713.0 -9231.7 -45.3 67 0 13.8 18.7 7.5 0.0 0 1 3 3 3
-5693.4 -9222.6 -45.6 65 0 15.5 16.7 10.0 2.5 2 1 4 0 0
-5674.0 -9214.5 -45.8 63 0 16.5 19.8 12.5 2.5 2 1 5 5 5
-5832.4 -8661.4 -55.3 66 0 12.1 22.4 10.0 0.0 0 1 4 5 5
-6052.7 -8710.4 -53.9 247 0 13.6 19.3 10.0 2.5 4 1 4 4 4
-5863.4 -8560.3 -59.3 241 0 31.5 13.3 7.5 2.5 2 0 3 1 1
-5580.1 -8797.4 -48.9 162 0 17.1 28.7 12.5 2.5 2 1 5 5 5
-5587.1 -8776.6 -49.5 162 0 17.9 28.6 12.5 0.0 0 1 5 2 2
-5488.5 -9180.8 -47.0 163 0 20.6 23.0 10.0 0.0 0 1 4 0 0
-5488.1 -9139.2 -46.7 251 0 23.9 24.1 7.5 2.5 2 1 3 1 1
-5453.0 -9178.5 -46.6 73 0 10.9 20.1 5.0 2.5 2 1 2 4 4
-5438.6 -9173.9 -46.5 74 0 11.0 20.6 5.0 2.5 2 1 2 3 3
-5466.7 -9130.1 -46.4 254 0 11.2 24.1 12.5 2.5 2 1 5 4 4
-5453.0 -9123.6 -46.2 254 0 10.4 23.8 7.5 2.5 2 1 3 1 1
-5439.1 -9118.4 -46.0 253 0 9.3 22.1 7.5 2.5 2 1 3 5 5
-5412.6 -9120.0 -45.9 345 0 23.0 15.8 7.5 2.5 2 0 3 1 1
-5303.8 -9167.8 -45.4 173 0 16.5 26.0 7.5 2.5 2 1 3 0 0
-5371.3 -9145.1 -45.7 74 0 21.8 12.4 7.5 2.5 2 0 3 0 0
-5378.3 -9058.5 -45.8 76 0 15.0 15.4 5.0 2.5 2 1 2 2 2
-5395.9 -9062.3 -45.6 74 0 11.8 14.8 5.0 2.5 2 1 2 3 3
-5361.2 -9052.8 -46.0 75 0 12.4 13.8 5.0 2.5 2 1 2 5 5
-5754.2 -9400.1 -45.8 259 0 11.5 21.1 5.0 0.0 0 1 2 5 5
-5739.6 -9396.6 -45.9 258 0 11.3 21.8 5.0 2.5 2 1 2 4 4
-5744.9 -9447.8 -46.0 79 0 12.1 21.4 7.5 2.5 2 1 3 3 3
-5729.9 -9444.6 -46.2 77 0 10.8 20.1 5.0 2.5 2 1 2 4 4
-5714.0 -9442.8 -46.3 78 0 10.9 21.7 7.5 2.5 2 1 3 3 3
-5770.4 -9402.6 -45.7 258 0 11.5 22.0 12.5 2.5 2 1 5 1 1
-5785.8 -9406.3 -45.8 257 0 12.3 21.1 10.0 2.5 2 1 4 1 1
-5697.0 -9438.5 -46.5 77 0 13.7 28.0 10.0 2.5 2 1 4 3 3
-6430.5 -9321.4 -44.1 237 0 23.6 13.0 14.0 3.5 4 0 4 2 2
-6494.8 -9258.5 -45.0 238 0 13.5 25.3 14.0 3.5 2 1 4 1 1
-6479.4 -9248.7 -45.3 236 0 13.6 25.5 14.0 0.0 0 1 4 2 2
-6446.7 -9183.3 -46.1 157 0 29.1 30.3 14.0 0.0 0 1 4 1 1
-4822.3 -9005.7 -66.6 141 0 19.7 15.3 12.5 2.5 2 0 5 5 5
-4700.2 -9057.8 -67.6 82 0 19.2 17.5 7.5 2.5 2 0 3 0 0
-4804.4 -9551.8 -56.3 173 0 19.3 15.8 7.5 2.5 2 0 3 0 0
-4777.9 -9558.3 -56.8 83 0 11.4 18.2 5.0 2.5 4 1 2 5 5
-4760.9 -9556.8 -57.4 86 0 15.5 17.9 7.5 2.5 2 1 3 3 3
-4739.8 -9555.1 -58.1 85 0 15.2 18.7 10.0 2.5 2 1 4 4 4
-4719.5 -9553.7 -58.8 86 0 16.2 17.8 12.5 2.5 2 1 5 0 0
-4693.4 -9542.2 -59.4 355 0 19.3 13.2 10.0 2.5 2 0 4 1 1
-4722.0 -9510.3 -58.4 265 0 15.9 19.4 7.5 2.5 2 1 3 1 1
-4741.3 -9512.7 -57.8 265 0 14.3 19.6 7.5 2.5 2 1 3 0 0
-4761.4 -9515.0 -57.1 266 0 14.4 17.3 2.5 2.5 2 1 1 0 0
-4782.7 -9516.2 -56.5 262 0 16.5 17.7 7.5 2.5 2 1 3 4 4
-4804.6 -9518.1 -55.9 254 0 13.5 19.1 10.0 2.5 2 1 4 0 0
-4791.6 -9595.2 -58.1 176 0 16.5 22.9 12.5 2.5 2 1 5 3 3
-4751.8 -9583.2 -59.0 263 0 23.0 16.6 10.0 0.0 0 0 4 4 4
-4722.4 -9580.2 -59.6 265 0 23.8 17.8 7.5 0.0 0 0 3 5 5
-4721.0 -9604.5 -59.5 265 0 18.0 27.1 12.5 2.5 2 1 5 5 5
-4761.0 -9623.9 -59.1 175 0 19.1 26.1 10.0 2.5 2 1 4 0 0
-4784.6 -9623.9 -58.5 176 0 25.4 17.9 7.5 2.5 2 0 3 1 1
-5627.0 -9447.1 -47.3 256 0 14.2 23.0 10.0 2.5 2 1 4 5 5
-5609.3 -9442.5 -47.5 256 0 14.6 23.7 10.0 2.5 2 1 4 0 0
-5501.5 -9387.6 -48.2 72 0 15.8 22.9 10.0 2.5 4 1 4 3 3
-5480.4 -9381.9 -48.5 72 0 15.6 23.7 5.0 0.0 0 1 2 3 3
-5446.7 -9321.8 -48.2 162 0 21.6 13.7 5.0 2.5 2 0 2 1 1
-5514.6 -9337.4 -48.2 250 0 20.4 21.9 10.0 2.5 2 1 4 4 4
-5519.3 -9394.0 -48.0 72 0 13.2 15.2 5.0 2.5 2 1 2 1 1
-5530.7 -9362.8 -47.9 250 0 14.5 14.3 5.0 2.5 2 0 2 0 0
-5536.2 -9347.3 -47.8 250 0 16.5 12.0 2.5 2.5 4 0 1 1 1
-5111.3 -9490.6 -51.8 72 0 20.4 14.3 7.5 2.5 2 0 3 4 4
-5122.6 -9459.8 -51.6 252 0 20.4 14.3 7.5 2.5 2 0 3 2 2
-5087.7 -9483.1 -52.0 70 0 17.4 33.0 10.0 2.5 2 1 4 1 1
-4990.1 -9575.1 -51.8 69 0 8.0 26.6 5.0 2.5 2 1 2 5 5
-5013.1 -9526.2 -52.3 159 0 14.0 14.2 2.5 2.5 2 1 1 4 4
-4115.1 -9033.2 -56.2 224 0 18.4 20.0 10.0 2.5 2 1 4 2 2
-4100.1 -9017.0 -56.6 223 0 17.4 20.5 12.5 2.5 2 1 5 4 4
-4807.5 -9056.9 -65.0 237 0 14.9 21.2 7.5 2.5 2 1 3 4 4
-4782.1 -9044.2 -66.0 247 0 27.0 12.1 7.5 2.5 2 0 3 5 5
-4750.2 -9031.4 -66.8 250 0 27.6 12.5 7.5 2.5 2 0 3 2 2
-4776.8 -9094.6 -64.9 350 0 19.1 24.3 12.5 0.0 0 1 5 1 1
-4797.8 -8707.3 -70.4 60 0 27.9 22.0 15.0 0.0 0 0 6 2 2
-6727.3 -9581.7 -40.4 244 0 22.4 10.7 14.0 3.5 2 0 4 1 1
-6694.3 -9577.5 -40.6 63 0 24.3 10.7 14.0 3.5 4 0 4 5 5
-6633.8 -9548.8 -41.1 63 0 25.9 10.2 14.0 3.5 2 0 4 4 4
-6851.5 -9807.4 -37.3 335 0 22.1 13.7 10.5 3.5 2 0 3 1 1
-6214.6 -9619.1 -42.0 327 0 37.6 29.6 10.5 0.0 0 0 3 3 3
-6247.9 -9595.2 -42.0 236 0 23.8 14.1 10.5 3.5 2 0 3 2 2
-6367.4 -9367.4 -43.1 157 0 14.9 21.1 14.0 3.5 2 1 4 2 2
-5701.1 -9118.8 -45.6 68 0 9.8 27.7 7.5 0.0 0 1 3 0 0
-5741.1 -9137.6 -44.9 69 0 14.4 18.4 10.0 2.5 2 1 4 4 4
-5756.9 -9145.9 -44.5 67 0 10.9 17.9 7.5 0.0 0 1 3 4 4
-5725.5 -9120.4 -45.3 157 0 17.2 12.6 5.0 2.5 2 0 2 5 5
-5734.6 -9096.7 -45.4 160 0 19.9 13.8 10.0 2.5 2 0 4 1 1
-5775.5 -9116.9 -44.6 160 0 19.4 12.9 10.0 2.5 4 0 4 5 5
-5745.4 -9104.3 -45.0 342 0 17.4 15.0 7.5 2.5 2 0 3 5 5
-5753.7 -9082.3 -45.0 339 0 18.3 12.9 5.0 2.5 2 0 2 3 3
-5782.7 -9093.6 -44.7 160 0 17.8 11.6 7.5 2.5 2 0 3 4 4
-6826.8 -9911.4 -36.6 66 0 17.6 27.2 10.5 3.5 4 1 3 3 3
-6861.2 -9863.8 -36.8 153 0 23.8 14.5 10.5 3.5 4 0 3 0 0
-6417.4 -9447.8 -42.7 64 0 17.5 18.1 14.0 3.5 2 1 4 2 2
-6447.4 -9438.6 -42.4 244 0 15.2 19.4 14.0 3.5 2 1 4 5 5
-6329.5 -9315.8 -43.3 65 0 23.4 14.0 14.0 3.5 2 0 4 5 5
-6307.0 -9292.0 -43.3 334 0 21.7 13.9 14.0 3.5 2 0 4 3 3
-6257.5 -9142.0 -44.8 167 0 12.4 30.0 12.5 2.5 2 1 5 4 4
-6261.6 -9124.7 -44.9 167 0 12.4 30.0 10.0 2.5 2 1 4 2 2
-6212.6 -9105.9 -44.8 257 0 30.0 12.4 10.0 2.5 2 0 4 5 5
-6269.7 -9098.7 -45.1 166 0 14.4 20.3 10.0 2.5 2 1 4 3 3
-6273.4 -9082.0 -45.2 166 0 13.2 20.1 10.0 2.5 2 1 4 3 3
-6233.8 -9097.1 -45.0 74 0 19.0 13.7 7.5 2.5 2 0 3 1 1
-6210.2 -9091.2 -44.9 75 0 20.4 12.7 12.5 0.0 0 0 5 2 2
-6566.8 -9127.8 -46.9 146 0 25.9 13.8 14.0 3.5 2 0 4 3 3
-6578.5 -9109.5 -47.0 143 0 11.0 14.3 14.0 0.0 0 1 4 1 1
-6594.4 -9086.0 -47.3 146 0 10.6 14.1 14.0 3.5 2 1 4 4 4
-6602.8 -9074.3 -47.5 145 0 9.9 15.7 10.5 3.5 2 1 3 3 3
-6623.2 -9118.5 -46.6 145 0 20.4 11.4 14.0 3.5 2 0 4 1 1
-6589.4 -9166.7 -46.0 143 0 24.8 11.6 14.0 3.5 2 0 4 1 1
-6591.9 -9113.6 -46.7 326 0 24.5 11.3 14.0 3.5 2 0 4 2 2
-6601.2 -9175.0 -45.6 327 0 24.1 11.2 14.0 0.0 0 0 4 5 5
-6644.6 -9162.4 -45.7 147 0 23.2 11.7 14.0 3.5 4 0 4 1 1
-6660.6 -9163.3 -45.4 325 0 24.0 12.3 10.5 0.0 0 0 3 3 3
-6691.8 -9194.3 -44.6 326 0 25.2 11.0 10.5 3.5 2 0 3 0 0
-6916.5 -9087.8 -43.9 245 0 18.7 17.3 14.0 3.5 2 0 4 4 4
-6910.3 -8976.3 -44.9 245 0 14.0 25.9 10.5 3.5 4 1 3 3 3
-6872.1 -8992.8 -45.8 328 0 26.0 14.3 10.5 3.5 2 0 3 3 3
-6814.9 -8966.3 -46.8 327 0 21.4 16.5 14.0 3.5 2 0 4 4 4
-6736.7 -9384.3 -42.4 52 0 18.1 17.0 10.5 3.5 2 0 3 4 4
-6638.4 -9388.9 -42.1 64 0 20.5 28.2 14.0 3.5 2 1 4 1 1
-6687.1 -9370.6 -42.2 158 0 35.7 18.2 14.0 0.0 0 0 4 3 3
-6131.9 -9075.1 -45.0 164 0 41.5 18.9 7.5 2.5 2 0 3 1 1
-6175.1 -9013.1 -46.2 164 0 12.3 24.3 10.0 2.5 2 1 4 2 2
-6643.7 -9439.6 -41.4 154 0 21.7 32.0 14.0 0.0 0 1 4 1 1
-6179.2 -9301.8 -43.4 155 0 12.5 11.8 10.0 2.5 2 0 4 2 2
-6172.7 -9315.5 -43.3 154 0 17.8 16.2 7.5 2.5 2 0 3 5 5
-5457.1 -9792.6 -52.5 3 0 19.1 39.2 7.5 2.5 2 1 3 0 0
-6940.1 -8667.4 -45.0 227 0 26.4 12.6 12.5 2.5 2 0 5 3 3
-6894.9 -8628.4 -46.5 317 0 19.9 39.4 15.0 0.0 0 1 6 2 2
-6570.5 10284.0 54.8 343 0 30.7 11.5 10.0 2.5 2 0 4 0 0
-4967.8 -9158.1 -55.7 149 0 12.3 18.5 7.0 2.5 2 1 2 4 4
-4972.6 -9114.1 -57.4 160 0 31.4 17.2 12.5 0.0 0 0 5 5 5
-4249.4 -8966.1 -68.5 358 0 9.8 17.6 5.0 2.5 2 1 2 1 1
-4249.7 -8952.9 -69.6 357 0 11.4 19.7 7.5 2.5 2 1 3 0 0
-4237.3 -8961.4 -67.5 170 0 10.6 19.4 5.0 2.5 2 1 2 2 2
-4579.2 -9055.2 -67.7 286 0 11.9 19.4 5.0 2.5 2 1 2 3 3
-4564.4 -9060.0 -67.2 283 0 12.0 20.2 5.0 2.5 4 1 2 5 5
-4547.4 -9066.8 -66.6 283 0 14.6 21.3 12.5 0.0 0 1 5 4 4
-4300.4 -9183.5 -55.8 128 0 8.5 16.2 7.5 2.5 2 1 3 4 4
-4313.5 -9177.4 -57.0 112 0 11.0 11.7 7.5 2.5 2 1 3 0 0
-4325.8 -9167.6 -58.2 113 0 12.6 7.4 5.0 2.5 2 0 2 0 0
-4382.9 -9132.5 -61.0 253 0 10.4 10.3 5.0 2.5 2 0 2 1 1
-4372.6 -9160.7 -60.1 73 0 13.9 10.2 7.5 0.0 0 0 3 4 4
-4398.2 -9168.7 -59.9 74 0 26.9 12.2 10.0 0.0 0 0 4 5 5
-4430.1 -9169.2 -59.5 164 0 9.3 12.3 5.0 0.0 0 1 2 5 5
-4407.7 -9134.7 -61.0 258 0 30.7 15.1 10.0 2.5 2 0 4 4 4
-4278.0 -8952.6 -69.7 240 0 9.9 21.0 7.5 2.5 2 1 3 1 1
-4289.0 -9010.5 -68.0 87 0 10.9 21.3 2.5 2.5 2 1 1 3 3
-4272.8 -9008.3 -67.3 86 0 10.5 20.5 2.5 2.5 2 1 1 1 1
-4249.3 -8980.9 -67.5 351 0 13.8 18.6 10.0 2.5 2 1 4 2 2
-4161.2 -8995.3 -61.9 123 0 8.3 21.1 5.0 2.5 2 1 2 2 2
-4134.9 -8976.1 -62.4 43 0 13.8 16.7 7.5 2.5 2 1 3 0 0
-4123.9 -8964.0 -63.5 49 0 13.9 20.9 12.5 2.5 2 1 5 1 1
-4124.3 -8922.2 -67.2 305 0 14.3 17.5 15.0 0.0 0 1 6 1 1
-4197.7 -8917.2 -69.4 352 0 20.4 13.8 10.0 2.5 4 0 4 5 5
-4182.5 -8934.7 -66.6 170 0 12.9 21.4 12.5 2.5 2 1 5 0 0
-4177.8 -8951.7 -65.2 162 0 11.2 19.2 5.0 2.5 4 1 2 5 5
-4175.7 -8964.7 -64.1 165 0 9.4 23.0 2.5 2.5 2 1 1 3 3
-4188.7 -8954.7 -65.8 347 0 11.0 8.8 7.5 2.5 2 0 3 1 1
-4186.7 -8968.3 -65.2 348 0 10.5 20.5 5.0 2.5 2 1 2 5 5
-4072.4 -8891.9 -74.0 314 0 13.0 17.3 2.5 2.5 2 1 1 4 4
-4061.7 -8903.1 -74.0 317 0 11.7 16.5 7.5 2.5 2 1 3 5 5
-4046.7 -8935.7 -74.1 43 0 11.4 10.8 7.5 2.5 2 0 3 1 1
-4088.8 -8926.0 -74.1 140 0 9.8 13.7 5.0 2.5 2 1 2 3 3
-4076.2 -8991.1 -61.9 222 0 12.4 23.5 10.0 2.5 2 1 4 1 1
-4137.7 -9001.1 -59.4 232 0 7.9 12.8 7.5 2.5 2 1 3 4 4
-4137.5 -9032.4 -59.4 50 0 12.0 25.1 12.5 2.5 2 1 5 2 2
-4155.3 -9045.7 -58.6 63 0 15.2 15.4 5.0 0.0 0 1 2 2 2
-4201.6 -9022.0 -61.5 283 0 12.9 24.6 15.0 0.0 0 1 6 3 3
-4217.1 -9020.3 -62.4 281 0 12.5 24.5 10.0 2.5 2 1 4 3 3
-4179.4 -8996.4 -62.6 333 0 13.4 18.3 7.5 2.5 2 1 3 4 4
-4186.2 -8982.9 -64.1 345 0 12.0 20.9 7.5 2.5 2 1 3 5 5
-4224.9 -8919.2 -69.6 262 0 15.5 13.0 5.0 2.5 2 0 2 2 2
-4231.4 -8994.3 -65.0 167 0 11.8 22.1 10.0 2.5 2 1 4 2 2
-4236.8 -8978.6 -66.3 168 0 12.1 23.6 12.5 2.5 2 1 5 2 2
-4235.3 -8945.8 -68.4 174 0 10.1 12.5 5.0 2.5 2 1 2 2 2
-4243.9 -8929.8 -70.7 81 0 13.2 11.6 10.0 2.5 2 0 4 4 4
-4311.3 -8920.1 -72.3 88 0 22.4 11.9 7.5 2.5 2 0 3 3 3
-4275.4 -8927.4 -71.7 338 0 16.1 24.8 12.5 2.5 2 1 5 3 3
-4305.2 -8949.1 -70.9 85 0 8.9 13.5 5.0 2.5 2 1 2 0 0
-4335.5 -8926.8 -72.2 14 0 28.3 12.3 10.0 2.5 2 0 4 5 5
-4360.4 -8931.4 -72.1 107 0 12.3 16.6 5.0 2.5 2 1 2 3 3
-4308.7 -9057.5 -66.3 68 0 13.5 31.0 10.0 2.5 2 1 4 2 2
-4294.3 -9046.9 -65.1 69 0 7.0 11.8 5.0 2.5 2 1 2 1 1
-4281.7 -9047.2 -65.3 72 0 11.6 21.6 5.0 2.5 2 1 2 2 2
-4266.4 -9040.1 -63.8 61 0 8.0 7.8 7.5 2.5 2 0 3 2 2
-4294.0 -8962.9 -69.5 271 0 18.1 18.4 10.0 2.5 2 1 4 3 3
-4304.0 -9010.0 -68.2 91 0 11.5 21.6 7.5 2.5 2 1 3 0 0
-4323.9 -8973.7 -69.3 179 0 13.2 17.0 7.5 2.5 4 1 3 4 4
-4322.4 -9000.7 -68.3 173 0 24.5 10.5 12.5 2.5 2 0 5 1 1
-4340.6 -9022.8 -67.6 68 0 12.5 21.1 10.0 2.5 4 1 4 5 5
-4402.9 -8902.4 -72.7 274 0 10.3 7.8 7.5 2.5 2 0 3 1 1
-4388.0 -8927.2 -72.7 95 0 17.7 23.9 12.5 0.0 0 1 5 0 0
-4343.8 -8986.5 -69.0 89 0 9.5 13.0 7.5 2.5 2 1 3 2 2
-4357.6 -8968.1 -70.3 114 0 13.8 17.9 2.5 2.5 2 1 1 4 4
-4381.7 -8938.1 -70.9 278 0 15.2 17.7 10.0 2.5 2 1 4 4 4
-4427.6 -8914.6 -72.8 99 0 12.5 13.5 5.0 2.5 2 1 2 4 4
-4417.4 -8946.0 -70.5 351 0 4.0 7.6 5.0 2.5 2 1 2 5 5
-4416.6 -8951.3 -70.3 352 0 5.2 7.9 2.5 0.0 0 1 1 3 3
-4413.7 -8960.4 -69.8 356 0 4.8 10.3 7.5 2.5 2 0 3 2 2
-4412.6 -8964.3 -69.6 327 0 3.5 10.7 2.5 2.5 2 0 1 1 1
-4464.1 -8918.3 -72.7 150 0 15.3 18.7 10.0 2.5 4 1 4 1 1
-4456.1 -8963.0 -70.0 159 0 8.7 5.4 7.5 2.5 2 0 3 2 2
-4377.7 -8998.8 -68.1 163 0 8.8 9.1 2.5 2.5 2 1 1 1 1
-4332.7 -9067.7 -64.7 70 0 7.4 8.4 7.5 2.5 2 1 3 3 3
-4387.4 -9057.6 -65.0 208 0 10.9 9.1 5.0 2.5 2 0 2 4 4
-4444.9 -8997.7 -68.3 137 0 9.5 8.7 5.0 2.5 2 0 2 1 1
-4419.4 -9030.5 -66.6 118 0 10.9 6.5 7.5 2.5 2 0 3 3 3
-4407.5 -9050.1 -65.7 120 0 15.7 8.5 7.5 2.5 2 0 3 4 4
-4439.2 -9028.5 -66.8 132 0 8.4 11.0 7.5 2.5 2 1 3 5 5
-4327.1 -9087.5 -63.1 254 0 14.7 15.8 2.5 0.0 0 1 1 5 5
-4353.5 -9103.5 -63.1 159 0 19.8 11.9 5.0 2.5 2 0 2 2 2
-4203.2 -9085.2 -58.2 102 0 11.0 17.5 5.0 2.5 2 1 2 2 2
-4223.2 -9081.8 -59.5 98 0 20.8 13.1 12.5 2.5 2 0 5 3 3
-4310.6 -9081.0 -62.6 245 0 11.6 18.1 5.0 2.5 2 1 2 5 5
-4287.8 -9202.1 -53.6 154 0 9.4 14.2 2.5 2.5 4 1 1 5 5
-4278.9 -9222.5 -53.1 154 0 24.9 17.2 10.0 2.5 4 0 4 5 5
-4228.2 -9280.2 -50.5 72 0 21.4 10.7 7.5 0.0 0 0 3 3 3
-4336.9 -9159.8 -60.6 35 0 12.0 25.8 12.5 2.5 2 1 5 3 3
-4248.9 -9016.9 -64.2 270 0 14.6 8.2 7.5 2.5 2 0 3 1 1
-6931.1 -8831.8 -44.7 163 0 16.1 12.6 10.0 2.5 2 0 4 5 5
-6598.6 -8845.4 -48.3 62 0 11.8 18.9 7.5 2.5 2 1 3 2 2
-6519.1 -9014.9 -48.4 147 0 15.1 28.0 14.0 3.5 4 1 4 1 1
-6238.8 -8970.6 -47.8 342 0 17.9 15.6 14.0 3.5 4 0 4 1 1
