3025.7 1055.8 -60.7 248 0 18.0 13.9 14.0 3.5 2 0 4 1 1
-4169.1 1031.9 -43.3 279 0 50.9 65.7 14.0 0.0 0 1 4 2 2
-2861.6 -2646.8 -52.7 85 0 26.3 32.3 17.5 0.0 0 1 5 2 2
-3897.5 -2770.9 -36.7 248 0 23.5 17.3 17.5 3.5 2 0 5 3 3
-3969.5 -3172.6 -45.7 173 0 64.4 22.8 17.5 3.5 2 0 5 4 4
-3984.5 -2985.3 -41.6 155 0 34.7 10.3 17.5 3.5 2 0 5 0 0
-4465.3 7063.5 -60.3 357 0 12.9 6.4 7.5 2.5 2 0 3 5 5
-4517.0 6986.2 -60.1 177 0 41.6 29.2 15.0 0.0 0 0 6 3 3
-4505.6 6949.7 -60.5 177 0 29.4 16.1 10.0 2.5 2 0 4 3 3
-3400.8 -3017.8 -47.7 236 0 8.7 12.7 10.5 3.5 2 1 3 2 2
-3916.4 -4361.6 -44.6 2 0 67.5 30.7 17.5 0.0 0 0 5 0 0
-3590.7 -2547.6 -40.9 171 0 21.4 37.9 17.5 0.0 0 1 5 3 3
-3737.1 -2000.1 -46.1 159 0 13.9 17.9 14.0 3.5 2 1 4 2 2
-3684.1 -2283.6 -40.4 331 0 13.6 17.8 14.0 3.5 2 1 4 4 4
-4472.5 -5846.3 -44.7 231 0 29.1 25.8 17.5 0.0 0 0 5 1 1
-4890.7 -3979.3 -19.3 159 0 11.9 17.1 14.0 3.5 4 1 4 0 0
-4513.8 -3091.3 -16.7 321 0 12.8 15.8 17.5 3.5 2 1 5 4 4
-4295.3 -2959.9 -27.0 159 0 17.5 22.4 14.0 3.5 2 1 4 2 2
-2658.6 -3165.1 -57.5 275 0 22.3 15.0 17.5 3.5 2 0 5 1 1
-2275.9 -2120.4 -61.4 243 0 37.7 31.3 17.5 0.0 0 0 5 3 3
-2187.8 -1568.6 -62.6 328 0 18.4 25.6 17.5 3.5 2 1 5 4 4
-4185.3 -2210.5 -8.9 52 0 20.7 16.9 17.5 3.5 2 0 5 3 3
-4096.0 -2690.2 -24.7 338 0 16.1 21.3 14.0 3.5 2 1 4 3 3
-4553.1 -2874.4 -2.0 323 0 10.9 16.2 17.5 3.5 2 1 5 1 1
-3870.8 -3804.0 -44.8 325 0 12.7 20.5 17.5 3.5 2 1 5 1 1
-5431.9 -6186.2 -13.0 234 0 23.0 13.1 14.0 3.5 2 0 4 5 5
-4363.9 -1938.8 46.0 251 0 25.4 24.8 17.5 0.0 0 0 5 5 5
-2583.0 -2016.6 -59.4 238 0 19.3 13.1 14.0 3.5 2 0 4 5 5
-3311.0 -2496.1 -43.2 243 0 14.2 10.5 17.5 3.5 2 0 5 3 3
-3156.4 -3760.7 -58.1 338 0 22.6 27.9 14.0 0.0 0 1 4 3 3
-2723.0 -4472.6 -63.7 324 0 12.3 22.2 21.0 0.0 0 1 6 1 1
-1132.9 -4651.8 -69.7 335 0 12.9 18.6 14.0 0.0 0 1 4 2 2
-1682.4 -3695.1 -65.8 322 0 18.4 24.7 17.5 3.5 2 1 5 0 0
-1592.0 -3006.4 -65.0 326 0 12.3 21.3 17.5 3.5 2 1 5 3 3
-5449.4 -5271.7 -13.7 279 0 17.4 21.0 17.5 3.5 4 1 5 5 5
-4055.0 7351.2 -63.7 233 0 25.1 24.2 10.0 2.5 4 0 4 1 1
-4967.2 3106.7 -30.0 328 0 11.9 17.4 14.0 3.5 2 1 4 4 4
-2414.4 -3023.6 -59.7 3 0 5.8 14.2 10.5 3.5 4 1 3 4 4
-3489.2 -3328.8 -48.4 353 0 7.2 82.2 10.5 3.5 2 1 3 5 5
-3624.7 -3412.0 -49.1 160 0 11.2 18.4 17.5 3.5 2 1 5 5 5
-3653.0 -3338.6 -48.8 101 0 81.9 7.0 10.5 3.5 4 0 3 2 2
-5139.4 9305.3 -45.5 326 0 19.9 18.1 15.0 0.0 0 0 6 2 2
-4116.2 7975.0 -59.2 90 0 16.7 46.9 7.5 2.5 2 1 3 5 5
461.7 -3214.1 -77.1 90 0 17.1 8.5 5.0 2.5 2 0 2 5 5
454.2 -3184.2 -77.0 270 0 31.7 17.9 7.5 2.5 2 0 3 4 4
-584.1 -3637.1 -73.8 262 0 11.3 23.4 17.5 3.5 2 0 5 2 2
-572.3 -3659.0 -73.7 262 0 29.3 19.2 17.5 0.0 0 0 5 3 3
-4091.8 -2352.5 -26.9 187 0 43.5 19.9 14.0 3.5 2 0 4 1 1
-4056.4 -3009.8 -39.1 196 0 43.0 18.1 17.5 3.5 2 0 5 0 0
-3811.3 -4980.6 -49.9 14 0 12.3 16.8 14.0 3.5 2 0 4 1 1
-3161.7 -4183.8 -57.0 181 0 17.0 30.8 21.0 0.0 0 1 6 1 1
-4184.0 -4561.2 -33.1 269 0 19.3 40.3 17.5 3.5 2 0 5 2 2
-4175.0 -4527.6 -34.4 269 0 18.1 33.4 17.5 0.0 0 0 5 0 0
-4100.0 -4303.5 -41.0 338 0 41.4 27.6 17.5 0.0 0 0 5 5 5
-5316.6 -4515.7 -14.0 161 0 17.0 38.2 17.5 0.0 0 1 5 3 3
-5298.4 -4569.9 -14.3 160 0 41.7 18.5 17.5 3.5 2 0 5 4 4
-5538.1 -4773.7 2.0 273 0 20.7 22.9 17.5 3.5 2 1 5 3 3
-5335.1 -4755.1 -11.7 324 0 21.9 25.3 17.5 3.5 2 1 5 2 2
-4993.2 -5243.1 -27.1 6 0 16.2 44.5 14.0 3.5 2 1 4 5 5
-2317.5 -5103.2 -67.4 319 0 18.6 15.7 17.5 3.5 4 0 5 4 4
-1395.7 -4638.0 -64.6 91 0 18.9 38.6 17.5 3.5 2 1 5 3 3
-1105.7 -5585.7 -78.3 125 0 15.4 23.0 17.5 3.5 2 1 5 1 1
-1062.1 -5591.0 -78.9 348 0 40.2 9.8 10.5 3.5 2 0 3 2 2
-1103.0 -3965.9 -69.8 9 0 39.6 19.5 14.0 3.5 4 0 4 0 0
-2324.0 -3043.2 -62.3 3 0 45.4 16.2 17.5 3.5 2 0 5 1 1
-2400.3 -3041.7 -61.0 183 0 45.4 16.2 17.5 3.5 2 0 5 0 0
-2486.4 -2693.1 -58.1 191 0 32.9 19.1 17.5 0.0 0 0 5 4 4
-2392.9 -2664.6 -58.9 276 0 11.1 19.7 17.5 0.0 0 1 5 0 0
-2534.1 -2108.6 -59.1 169 0 35.6 18.4 17.5 0.0 0 0 5 1 1
-2091.7 -902.0 -68.2 51 0 22.5 16.2 7.5 2.5 2 0 3 0 0
-4128.9 -9614.3 -67.1 275 0 16.3 16.9 14.0 3.5 2 0 4 2 2
-4060.7 -8827.6 -59.3 276 0 13.8 9.6 5.0 2.5 2 0 2 2 2
-4066.7 -8850.0 -59.4 96 0 6.6 13.3 5.0 2.5 2 0 2 1 1
-4085.6 -8841.0 -59.3 186 0 14.2 16.5 10.0 2.5 2 0 4 5 5
-3877.0 -6286.6 -46.2 95 0 22.4 14.0 10.0 2.5 2 0 4 3 3
-3837.3 -5647.9 -51.9 187 0 12.7 10.3 14.0 3.5 2 0 4 5 5
-3836.3 -5032.0 -49.9 194 0 32.7 16.2 14.0 3.5 2 0 4 0 0
-3497.8 -4174.3 -53.0 124 0 14.4 6.0 10.5 3.5 2 0 3 1 1
-3196.0 -3798.6 -57.7 27 0 25.1 14.3 14.0 3.5 2 0 4 0 0
-3198.1 -3821.6 -57.3 27 0 17.7 26.3 14.0 3.5 2 0 4 1 1
-5363.4 -5078.7 -15.9 294 0 19.9 35.5 17.5 0.0 0 1 5 0 0
-5259.5 -7496.2 -28.5 284 0 10.1 12.8 14.0 3.5 2 1 4 3 3
-5301.4 -7682.7 -28.8 103 0 10.2 19.3 7.5 2.5 4 1 3 1 1
-6416.7 -9520.4 -31.1 181 0 16.0 30.1 14.0 3.5 4 1 4 2 2
-6026.7 -5801.7 18.5 122 0 24.9 81.2 17.5 0.0 0 1 5 3 3
-5972.8 -5661.4 20.2 277 0 17.0 17.0 17.5 3.5 2 0 5 2 2
-5936.9 -5696.6 20.0 6 0 13.9 10.9 20.0 3.5 2 0 5 3 3
-6213.5 -5770.5 25.7 30 0 15.6 9.7 4.0 2.5 2 0 1 2 2
-6262.2 -5707.7 28.6 296 0 14.7 36.4 12.5 2.5 2 1 5 3 3
-6046.1 -5692.6 22.7 196 0 9.8 21.2 12.0 3.5 2 1 3 5 5
-6072.5 -5755.3 20.2 217 0 21.9 39.8 17.5 0.0 0 1 5 0 0
-4430.7 -2593.6 -21.4 77 0 17.2 28.4 14.0 0.0 0 1 4 2 2
-5092.8 -2871.0 57.3 341 0 26.5 11.7 17.5 3.5 2 0 5 0 0
-5182.1 -2821.5 59.3 253 0 16.8 9.6 10.5 3.5 2 0 3 1 1
-5152.6 -2911.6 58.6 254 0 21.7 11.4 14.0 0.0 0 0 4 0 0
-5280.5 -2858.0 61.3 178 0 11.6 22.7 17.5 3.5 2 1 5 2 2
-5259.1 -2943.5 59.8 164 0 24.2 26.8 17.5 0.0 0 1 5 3 3
-4660.4 -3940.8 -25.9 298 0 29.1 16.2 14.0 3.5 2 0 4 0 0
-4878.7 -4333.4 -21.7 17 0 58.6 24.4 14.0 3.5 2 0 4 4 4
-4924.5 -4328.2 -21.0 197 0 16.6 21.0 14.0 3.5 2 0 4 3 3
-5297.8 -4188.4 -9.0 55 0 23.9 24.7 14.0 3.5 2 1 4 1 1
-3821.4 -9213.9 -68.1 145 0 34.6 17.4 10.5 0.0 0 0 3 1 1
-3799.6 -9242.1 -68.4 144 0 31.9 16.0 10.5 3.5 2 0 3 2 2
-3254.7 -9485.7 -76.2 309 0 10.9 38.7 10.5 3.5 4 1 3 3 3
-3157.6 -9586.4 -76.8 354 0 8.7 31.9 7.5 2.5 2 1 3 0 0
-4726.6 1689.3 -18.5 347 0 23.0 12.7 15.0 0.0 0 0 6 0 0
-4757.5 1727.9 -18.5 257 0 20.5 41.0 10.0 2.5 2 0 4 5 5
-3058.5 -3164.0 -52.4 109 0 15.3 28.8 17.5 3.5 2 0 5 1 1
-3050.9 -3136.1 -52.3 109 0 15.3 45.1 17.5 3.5 2 0 5 3 3
-2877.8 -2902.4 -53.4 11 0 29.5 12.7 17.5 3.5 2 0 5 3 3
-2874.6 -2964.2 -53.2 7 0 20.5 19.6 17.5 3.5 2 0 5 1 1
-2735.9 -2623.7 -55.8 4 0 7.1 13.3 10.5 3.5 2 0 3 5 5
-2736.7 -2635.2 -55.4 4 0 16.0 15.3 17.5 3.5 2 0 5 0 0
-2739.7 -2678.5 -54.4 4 0 23.3 15.3 17.5 3.5 2 0 5 1 1
-2738.0 -2653.5 -54.5 4 0 20.7 15.3 17.5 3.5 2 0 5 3 3
-2763.9 -2652.7 -55.4 4 0 39.4 9.8 10.5 3.5 2 0 3 5 5
-3359.6 -2076.8 -49.3 251 0 16.5 12.6 17.5 3.5 4 0 5 0 0
-3292.5 -2203.6 -48.8 257 0 15.7 18.2 17.5 3.5 2 0 5 4 4
-3325.6 -2211.2 -48.7 257 0 42.6 18.2 17.5 3.5 2 0 5 5 5
-3418.3 -2240.2 -47.5 168 0 20.2 15.7 17.5 3.5 2 0 5 1 1
-3417.9 -2305.5 -46.1 170 0 19.3 35.4 17.5 0.0 0 1 5 3 3
-3377.3 -2277.3 -47.0 168 0 24.3 17.0 17.5 3.5 2 0 5 3 3
-3527.4 -1692.7 -53.6 130 0 46.5 23.6 17.5 3.5 2 0 5 5 5
-3607.4 -1605.8 -57.7 175 0 214.1 126.6 17.5 0.0 0 0 5 2 2
-4190.6 -695.6 -51.2 271 0 7.9 6.1 10.5 3.5 2 0 3 2 2
-4130.7 -700.2 -55.0 298 0 13.5 18.0 17.5 3.5 2 0 5 1 1
-4153.8 -701.2 -53.7 298 0 9.3 8.9 10.5 3.5 2 0 3 5 5
-4143.4 -739.0 -54.0 29 0 13.3 15.6 17.5 3.5 2 1 5 5 5
-4154.2 -843.8 -56.2 21 0 7.9 22.5 10.5 3.5 2 1 3 0 0
-4147.8 -778.8 -54.5 305 0 8.3 33.8 10.5 3.5 2 1 3 5 5
-4181.9 -794.0 -53.3 126 0 13.3 48.3 17.5 3.5 2 1 5 4 4
-5206.3 178.1 34.1 276 0 12.1 6.2 12.0 3.5 4 0 3 4 4
-5179.6 193.6 34.2 273 0 12.6 20.7 14.0 3.5 2 0 4 0 0
-5107.4 177.7 24.6 182 0 13.2 12.4 16.0 3.5 2 0 4 2 2
-5219.7 209.7 34.5 306 0 21.2 39.4 14.0 0.0 0 1 4 3 3
-4523.0 1763.5 -29.2 74 0 10.9 25.2 10.0 2.5 2 1 4 5 5
-4552.2 1733.9 -28.0 74 0 24.8 46.2 10.0 0.0 0 1 4 2 2
-4620.0 1719.2 -24.9 70 0 12.7 35.9 7.5 2.5 2 1 3 1 1
-4590.7 1730.0 -26.2 70 0 12.8 35.9 7.5 2.5 2 1 3 2 2
-4608.6 1818.6 -26.9 250 0 14.8 45.9 10.0 0.0 0 0 4 0 0
-4697.4 1626.8 -17.3 257 0 7.6 28.9 8.0 2.5 2 0 2 5 5
-4662.7 1602.5 -18.6 347 0 43.1 24.5 10.0 0.0 0 0 4 1 1
-5387.8 -5361.1 -15.3 6 0 12.9 16.9 14.0 3.5 2 1 4 0 0
-5389.6 -5377.7 -15.5 6 0 12.9 16.9 14.0 3.5 2 1 4 1 1
-5391.3 -5393.9 -15.6 6 0 12.9 16.9 14.0 3.5 2 1 4 5 5
-5387.2 -5279.2 -14.6 276 0 16.9 12.9 14.0 3.5 2 0 4 3 3
-5381.4 -5303.1 -14.8 6 0 12.9 16.9 14.0 3.5 2 1 4 2 2
-5383.2 -5319.5 -14.9 6 0 12.9 16.9 14.0 3.5 2 1 4 0 0
-5417.5 -5282.8 -14.0 186 0 12.9 16.9 14.0 0.0 0 1 4 1 1
-5419.3 -5299.4 -14.1 186 0 12.9 16.9 14.0 3.5 2 1 4 2 2
-5421.1 -5315.9 -14.2 186 0 12.9 16.9 14.0 3.5 4 1 4 4 4
-5429.1 -5388.1 -14.9 186 0 6.4 16.9 10.5 3.5 4 1 3 0 0
-5423.9 -5340.9 -14.5 186 0 12.9 16.9 14.0 3.5 2 1 4 3 3
-5425.7 -5357.2 -14.6 186 0 12.9 16.9 14.0 3.5 2 1 4 1 1
-5427.5 -5373.7 -14.8 186 0 12.9 16.9 14.0 3.5 2 1 4 0 0
-5337.0 -5289.1 -16.4 276 0 16.9 12.9 17.5 3.5 2 0 5 0 0
-5331.1 -5312.5 -16.5 6 0 12.9 16.9 17.5 3.5 2 1 5 4 4
-5333.0 -5329.3 -16.7 6 0 12.9 16.9 17.5 3.5 2 1 5 5 5
-5334.8 -5346.1 -16.8 6 0 12.9 16.9 17.5 3.5 2 1 5 3 3
-5336.5 -5362.1 -17.0 6 0 12.9 16.9 17.5 3.5 2 1 5 5 5
-5338.4 -5378.5 -17.1 6 0 12.9 16.9 17.5 3.5 4 1 5 4 4
-5340.3 -5395.6 -17.3 6 0 12.9 16.9 17.5 0.0 0 1 5 1 1
-5342.1 -5412.0 -17.5 6 0 12.9 16.9 17.5 3.5 2 1 5 2 2
-5353.0 -5433.8 -17.6 96 0 16.9 12.9 17.5 3.5 2 0 5 0 0
-5357.6 -5286.7 -15.7 276 0 16.9 12.9 17.5 3.5 4 0 5 1 1
-5368.6 -5308.5 -15.8 186 0 12.9 16.9 17.5 3.5 2 1 5 1 1
-5370.4 -5324.7 -16.0 186 0 12.9 16.9 17.5 3.5 2 1 5 3 3
-5372.3 -5342.0 -16.2 186 0 12.9 16.9 17.5 3.5 2 1 5 0 0
-5374.1 -5358.1 -16.3 186 0 12.9 16.9 17.5 3.5 2 1 5 5 5
-5375.9 -5374.8 -16.5 186 0 12.9 16.9 17.5 3.5 2 1 5 4 4
-5377.7 -5391.1 -16.6 186 0 12.9 16.9 17.5 3.5 4 1 5 2 2
-5379.5 -5407.8 -16.8 186 0 12.9 16.9 17.5 3.5 2 1 5 5 5
-5429.6 -4873.4 -4.4 5 0 9.8 22.1 10.5 3.5 2 1 3 0 0
-5391.2 -4885.3 -9.0 189 0 14.9 22.1 17.5 3.5 2 1 5 0 0
-5331.1 -4811.7 -11.2 286 0 14.8 22.7 17.5 3.5 4 1 5 2 2
-5339.9 -4860.9 -9.8 26 0 22.2 14.8 17.5 3.5 2 0 5 5 5
-5363.3 -4816.5 -9.0 278 0 22.2 14.9 17.5 3.5 2 0 5 1 1
-5429.4 -4805.5 -4.7 276 0 22.1 14.9 14.0 3.5 2 0 4 5 5
-5402.3 -4827.3 -6.7 190 0 22.2 14.8 17.5 3.5 2 0 5 4 4
-5409.2 -4861.0 -6.5 190 0 22.2 14.8 17.5 3.5 2 0 5 0 0
-5479.7 -4818.1 -1.6 186 0 22.2 14.8 14.0 3.5 2 0 4 1 1
-5483.8 -4851.6 -1.1 186 0 22.2 14.8 14.0 3.5 2 0 4 3 3
-5427.2 -5017.5 -10.7 90 0 21.6 35.3 17.5 0.0 0 1 5 1 1
-5489.2 -4992.6 -5.5 90 0 21.6 35.2 14.0 0.0 0 1 4 2 2
-5454.3 -4932.7 -5.5 0 0 35.3 21.6 14.0 0.0 0 0 4 4 4
-5408.0 -4937.0 -10.3 180 0 35.3 21.6 17.5 0.0 0 0 5 5 5
-5942.7 -5647.3 18.4 276 0 6.5 7.5 10.5 3.5 2 1 3 2 2
-5090.7 -5309.9 -25.9 184 0 41.8 33.7 14.0 0.0 0 0 4 3 3
-2030.0 -7329.4 -72.9 182 0 18.1 12.4 14.0 3.5 2 0 4 5 5
-1883.4 -7277.3 -74.9 5 0 67.7 13.8 17.5 3.5 2 0 5 1 1
-1934.3 -7327.0 -73.8 274 0 67.5 13.8 17.5 3.5 2 0 5 0 0
-1964.2 -7271.0 -74.4 4 0 67.8 13.8 17.5 3.5 2 0 5 5 5
-3811.1 -5563.7 -51.6 94 0 58.3 21.7 14.0 0.0 0 0 4 3 3
-3757.6 -5445.2 -50.3 272 0 15.1 50.1 14.0 3.5 4 1 4 2 2
-3676.8 -5525.8 -52.6 2 0 15.1 146.8 14.0 0.0 0 1 4 5 5
-3735.1 -5383.9 -51.6 335 0 245.1 15.1 14.0 0.0 0 0 4 1 1
-4941.2 -5328.2 -32.0 183 0 68.8 50.2 14.0 0.0 0 0 4 2 2
-3893.0 2874.7 -58.7 357 0 16.9 38.5 12.5 2.5 2 0 5 0 0
-3588.5 1962.2 -61.3 353 0 20.3 15.4 12.5 2.5 2 0 5 3 3
-3593.1 1910.7 -61.4 83 0 14.8 27.5 10.0 2.5 2 0 4 5 5
-3621.1 1914.7 -61.1 173 0 14.7 21.0 5.0 2.5 2 0 2 3 3
-3581.5 1603.9 -62.2 173 0 18.6 21.7 14.0 3.5 4 1 4 4 4
-3776.5 -331.4 -64.2 196 0 9.3 7.5 10.5 3.5 2 0 3 2 2
-3821.6 -704.4 -64.0 262 0 8.8 16.0 10.5 3.5 2 0 3 4 4
-3803.8 -717.9 -63.9 82 0 22.4 16.0 17.5 3.5 2 0 5 5 5
-3562.9 -1081.0 -63.6 240 0 20.2 33.4 17.5 0.0 0 1 5 3 3
-3405.9 -1361.9 -58.5 238 0 17.2 26.3 17.5 3.5 4 1 5 1 1
-2512.9 -1654.6 -61.2 251 0 18.7 39.3 14.0 3.5 2 1 4 4 4
-2537.6 -1719.4 -60.4 61 0 31.3 16.2 14.0 3.5 2 0 4 1 1
-1977.9 -2653.7 -63.7 267 0 26.4 17.0 17.5 3.5 2 0 5 4 4
-1907.1 -2676.9 -64.7 357 0 29.9 48.9 17.5 0.0 0 1 5 2 2
-2117.6 -3358.0 -55.3 197 0 39.0 19.4 17.5 3.5 2 0 5 2 2
-2022.8 -3389.8 -54.8 71 0 11.2 17.2 17.5 3.5 4 1 5 5 5
-3887.6 -3111.6 -45.6 209 0 9.3 59.4 10.5 3.5 2 1 3 3 3
-3889.5 -3090.6 -45.2 209 0 11.7 71.2 17.5 0.0 0 1 5 2 2
-3891.2 -3070.4 -44.8 209 0 9.3 82.5 10.5 3.5 2 1 3 4 4
-3893.7 -3050.3 -44.7 209 0 9.3 94.3 10.5 3.5 2 1 3 4 4
-3896.8 -3030.6 -44.6 209 0 9.3 106.6 10.5 3.5 2 1 3 1 1
-3721.4 -3313.4 -48.5 95 0 9.1 68.4 10.5 3.5 2 1 3 0 0
-3737.5 -3311.9 -48.4 95 0 9.1 68.4 10.5 3.5 2 1 3 4 4
-3747.1 -3242.4 -48.3 275 0 9.1 68.4 10.5 3.5 2 1 3 1 1
-3763.3 -3240.9 -48.3 275 0 9.1 68.4 10.5 3.5 2 1 3 3 3
-3703.5 -4926.7 -54.2 15 0 15.0 9.3 10.5 3.5 2 0 3 2 2
-3722.7 -4911.0 -53.6 285 0 17.9 19.8 14.0 3.5 2 1 4 2 2
-3394.3 -5562.5 -55.6 5 0 50.5 15.0 17.5 3.5 2 0 5 4 4
-3303.8 -5510.9 -56.8 275 0 36.5 18.4 14.0 0.0 0 0 4 2 2
-3289.5 -5553.7 -56.6 5 0 18.4 36.5 14.0 0.0 0 1 4 3 3
-3292.6 -5587.0 -56.4 5 0 18.4 36.5 14.0 0.0 0 1 4 0 0
-3356.9 -5509.3 -56.2 275 0 36.5 18.4 14.0 0.0 0 0 4 5 5
-3378.6 -5548.3 -56.1 185 0 18.4 36.5 14.0 0.0 0 1 4 4 4
-3381.5 -5578.7 -55.9 185 0 18.4 36.5 14.0 0.0 0 1 4 3 3
-3368.5 -5614.0 -55.7 275 0 28.5 22.2 17.5 0.0 0 0 5 5 5
-3388.1 -5649.0 -56.3 185 0 22.2 28.5 17.5 0.0 0 1 5 1 1
-3312.0 -5621.6 -56.1 275 0 28.5 22.2 14.0 0.0 0 0 4 0 0
-3300.6 -5657.6 -56.2 5 0 22.2 28.5 14.0 0.0 0 1 4 4 4
-3303.7 -5690.2 -56.9 5 0 22.2 28.5 14.0 0.0 0 1 4 2 2
-3391.1 -5682.0 -56.8 185 0 22.2 28.5 17.5 0.0 0 1 5 4 4
-3401.2 -5623.8 -55.8 5 0 22.2 28.5 17.5 0.0 0 1 5 1 1
-3404.6 -5647.2 -56.2 5 0 22.2 28.5 17.5 0.0 0 1 5 2 2
-3407.8 -5680.5 -56.8 5 0 22.2 28.5 17.5 0.0 0 1 5 5 5
-3184.5 -5707.9 -57.1 149 0 12.5 16.4 14.0 3.5 2 1 4 0 0
-1582.0 -7363.1 -76.7 310 0 8.8 14.5 10.5 3.5 2 0 3 5 5
-1595.4 -7351.9 -76.7 310 0 26.3 14.5 14.0 3.5 2 0 4 4 4
-1613.1 -7337.2 -76.5 310 0 19.7 14.5 14.0 3.5 2 0 4 3 3
-1647.8 -7493.6 -75.4 20 0 8.5 38.8 7.5 0.0 0 1 3 1 1
-1707.2 -7475.3 -75.2 97 0 10.5 37.1 10.0 2.5 2 1 4 4 4
-2130.0 -6457.1 -70.8 274 0 11.7 12.1 17.5 3.5 2 0 5 5 5
-1491.3 -7426.5 -76.9 297 0 14.9 38.6 17.5 3.5 2 1 5 3 3
1528.7 -3415.2 -80.2 200 0 27.2 11.4 10.5 0.0 0 0 3 4 4
1539.6 -3373.2 -80.1 200 0 42.9 14.5 10.5 3.5 2 0 3 1 1
1882.0 -3375.1 -79.8 360 0 23.8 13.6 14.0 3.5 2 0 4 4 4
1756.7 -3382.9 -79.9 90 0 19.3 70.6 14.0 3.5 2 0 4 2 2
1696.4 -3350.0 -79.9 180 0 74.9 50.4 14.0 0.0 0 0 4 2 2
1606.8 -3277.6 -79.6 180 0 23.5 24.7 14.0 3.5 2 1 4 3 3
1768.0 -3442.7 -80.2 90 0 219.4 41.8 14.0 0.0 0 0 4 5 5
2247.3 -3083.5 -79.2 359 0 15.2 8.6 10.5 3.5 2 0 3 2 2
1166.7 -3113.2 -80.4 6 0 18.8 18.3 14.0 3.5 2 0 4 0 0
-704.5 -3809.4 -71.4 99 0 25.5 41.2 14.0 0.0 0 1 4 0 0
-716.8 -3903.8 -72.5 328 0 17.4 26.2 17.5 3.5 2 1 5 4 4
-4604.2 -3671.7 -26.3 168 0 12.1 12.2 17.5 3.5 2 1 5 5 5
-3267.8 -545.6 -69.5 273 0 40.2 198.8 17.5 0.0 0 1 5 0 0
-3740.0 -574.3 -65.0 88 0 32.1 30.8 17.5 0.0 0 0 5 0 0
-3740.6 -594.8 -64.6 262 0 27.8 64.7 17.5 0.0 0 1 5 1 1
-3721.9 -727.9 -64.1 82 0 27.8 65.3 17.5 0.0 0 1 5 1 1
-3704.0 -760.9 -64.9 272 0 31.2 42.9 17.5 0.0 0 1 5 0 0
-3672.8 -823.1 -65.3 271 0 32.5 28.4 17.5 0.0 0 0 5 1 1
-3613.5 -838.6 -65.6 1 0 28.4 32.0 17.5 0.0 0 1 5 0 0
-3615.5 -931.9 -64.4 1 0 37.0 45.8 17.5 0.0 0 1 5 3 3
-3392.3 -1116.5 -62.5 360 0 15.1 71.6 17.5 3.5 2 1 5 1 1
-3392.5 -1078.6 -63.7 360 0 30.6 102.2 17.5 0.0 0 1 5 0 0
-3446.8 -1030.0 -64.3 270 0 108.4 17.6 17.5 0.0 0 0 5 0 0
-3446.8 -938.0 -65.7 180 0 26.8 48.7 17.5 0.0 0 1 5 4 4
-3525.9 -925.1 -65.6 270 0 120.4 26.8 17.5 0.0 0 0 5 5 5
-3472.1 -845.2 -66.4 270 0 15.4 66.5 14.0 0.0 0 1 4 3 3
-3523.0 -838.4 -66.1 270 0 26.5 73.0 17.5 0.0 0 1 5 5 5
-3568.3 -830.1 -65.9 270 0 26.0 80.9 14.0 0.0 0 1 4 3 3
-4806.2 -2086.2 72.3 79 0 110.8 32.4 17.5 0.0 0 0 5 4 4
-4923.7 -2098.3 73.8 285 0 49.9 6.3 10.5 3.5 2 0 3 4 4
-4924.7 -2108.0 73.6 285 0 40.9 12.1 17.5 3.5 4 0 5 5 5
-4997.1 -2258.3 70.1 283 0 42.6 39.0 14.0 0.0 0 0 4 4 4
-4961.4 -2083.1 74.3 16 0 24.2 13.7 17.5 0.0 0 0 5 2 2
-5044.9 -2059.4 74.7 196 0 20.1 9.5 10.5 3.5 2 0 3 0 0
-4001.2 -1668.1 -27.0 330 0 19.0 25.9 17.5 0.0 0 1 5 2 2
-3679.6 -1456.9 -58.3 92 0 14.4 67.3 17.5 3.5 4 1 5 1 1
-3628.5 -1514.4 -55.4 93 0 12.0 34.5 17.5 3.5 4 1 5 4 4
-3629.0 -1370.8 -58.7 272 0 25.4 27.8 17.5 0.0 0 1 5 5 5
-3632.9 -1460.5 -58.3 92 0 25.4 54.0 17.5 3.5 2 1 5 0 0
-2168.2 -2701.0 -62.6 283 0 17.0 15.8 17.5 3.5 2 0 5 0 0
-1785.3 -2462.2 -66.7 270 0 38.8 21.1 17.5 0.0 0 0 5 1 1
-1512.5 -2077.1 -63.7 5 0 18.9 33.7 14.0 0.0 0 1 4 5 5
-3301.4 -505.9 -69.9 183 0 13.3 15.3 20.0 3.5 2 0 5 3 3
-3298.8 -450.3 -70.6 183 0 50.4 15.3 17.5 3.5 2 0 5 0 0
-3145.4 -548.7 -69.4 273 0 15.0 12.9 20.0 3.5 2 0 5 3 3
-3163.3 -330.0 -71.0 273 0 40.7 205.6 14.0 0.0 0 1 4 5 5
-3143.9 -679.5 -68.4 3 0 12.8 15.0 20.0 3.5 2 0 5 0 0
-3148.2 -772.4 -67.6 3 0 50.6 15.0 17.5 3.5 2 0 5 2 2
-3116.0 -607.0 -68.9 183 0 12.9 15.0 20.0 3.5 2 0 5 4 4
-3118.6 -663.9 -68.6 183 0 25.7 15.0 17.5 3.5 2 0 5 5 5
-3047.9 -660.2 -68.3 3 0 13.8 14.6 20.0 3.5 2 0 5 3 3
-3050.5 -717.4 -68.1 3 0 25.7 14.6 17.5 3.5 2 0 5 2 2
-3054.1 -795.9 -67.7 3 0 79.7 14.6 17.5 3.5 2 0 5 5 5
-3124.4 -790.1 -67.6 183 0 75.1 15.0 17.5 3.5 2 0 5 0 0
-1076.9 1899.4 -76.6 175 0 71.4 38.2 14.0 0.0 0 0 4 4 4
-979.9 1746.9 -76.2 356 0 40.3 21.3 14.0 0.0 0 0 4 2 2
-1049.4 1771.7 -76.1 176 0 20.1 46.0 14.0 3.5 2 0 4 4 4
-1059.8 1801.2 -76.2 176 0 40.3 54.1 14.0 0.0 0 0 4 0 0
-1055.1 1741.0 -76.2 176 0 40.3 54.1 14.0 0.0 0 0 4 5 5
-998.7 1550.5 -75.5 356 0 14.6 16.6 16.0 3.5 2 1 4 0 0
-984.7 1479.4 -76.2 357 0 17.0 9.6 12.0 3.5 2 0 3 2 2
-1006.7 1469.3 -76.1 88 0 10.2 5.8 12.0 3.5 2 0 3 0 0
-1039.2 1522.4 -75.8 176 0 21.4 10.5 16.0 3.5 2 0 4 1 1
-994.8 1522.5 -75.8 356 0 19.4 26.3 14.0 3.5 2 1 4 4 4
-745.0 1673.8 -76.4 270 0 50.0 20.2 14.0 0.0 0 0 4 0 0
-775.1 1446.3 -76.6 90 0 15.8 23.0 14.0 3.5 2 1 4 0 0
-797.9 1439.4 -76.6 90 0 17.2 29.6 14.0 3.5 2 1 4 5 5
-822.7 991.4 -76.5 106 0 5.0 19.2 10.5 3.5 2 0 3 1 1
-809.7 1012.8 -76.6 16 0 10.0 10.2 10.5 3.5 2 0 3 4 4
-1026.5 1114.8 -75.5 176 0 101.1 70.9 14.0 0.0 0 0 4 3 3
-1323.1 1044.9 -75.7 84 0 21.0 40.4 14.0 0.0 0 1 4 1 1
-1277.1 1051.4 -76.3 84 0 61.4 211.6 14.0 0.0 0 1 4 1 1
-1197.7 1059.5 -76.5 84 0 61.5 211.6 14.0 0.0 0 1 4 4 4
-685.2 -360.6 -76.3 84 0 54.2 28.9 17.5 0.0 0 0 5 5 5
-1895.9 961.0 -75.1 269 0 39.2 32.1 10.5 0.0 0 0 3 1 1
-1759.9 939.6 -75.1 2 0 51.2 79.6 10.5 0.0 0 1 3 4 4
-1377.9 894.6 -74.8 354 0 9.5 30.2 10.5 3.5 2 1 3 5 5
-1370.5 922.2 -74.7 354 0 25.0 45.4 14.0 0.0 0 1 4 1 1
-1288.2 948.8 -75.1 266 0 6.1 21.4 12.0 3.5 2 1 3 4 4
-1298.6 925.6 -75.0 86 0 11.6 45.1 14.0 3.5 2 1 4 5 5
-1266.1 872.4 -75.9 90 0 12.2 45.0 14.0 3.5 4 1 4 4 4
-1324.4 1014.5 -74.7 269 0 21.0 20.9 14.0 3.5 2 0 4 3 3
-1351.2 1057.8 -75.6 176 0 24.9 11.4 14.0 3.5 2 0 4 5 5
-2572.6 1111.2 -75.0 176 0 8.4 17.4 12.0 3.5 2 1 3 0 0
-2683.9 1084.4 -73.6 359 0 12.2 22.9 14.0 3.5 2 1 4 5 5
-2618.5 1316.3 -74.8 258 0 23.7 112.8 10.5 0.0 0 0 3 4 4
-2623.3 1163.3 -74.9 168 0 100.1 23.2 10.5 0.0 0 0 3 2 2
-2573.7 1525.7 -75.9 88 0 25.1 60.6 14.0 3.5 2 1 4 5 5
-2626.9 1477.3 -74.6 270 0 30.8 15.2 14.0 3.5 2 0 4 3 3
-2627.1 1462.1 -74.4 270 0 30.8 83.0 14.0 0.0 0 0 4 5 5
-2552.5 1333.2 -75.3 264 0 70.2 24.5 10.5 0.0 0 0 3 5 5
-2564.7 1273.9 -75.1 264 0 24.0 111.3 10.5 0.0 0 1 3 3 3
-2527.5 1112.9 -74.9 84 0 25.9 9.0 12.0 3.5 2 0 3 0 0
-2541.6 1086.4 -74.9 84 0 67.4 17.9 10.5 3.5 2 0 3 1 1
-2206.1 1084.9 -75.4 178 0 83.0 261.0 14.0 0.0 0 1 4 1 1
-2289.6 862.0 -74.4 271 0 8.6 30.3 10.5 0.0 0 1 3 4 4
-2318.8 851.9 -74.6 271 0 39.4 42.2 14.0 0.0 0 1 4 3 3
-2410.4 845.6 -74.3 271 0 41.6 64.5 14.0 0.0 0 0 4 4 4
-2368.8 845.1 -74.2 271 0 41.6 64.5 14.0 0.0 0 0 4 2 2
-2200.5 777.3 -75.8 181 0 4.6 36.3 12.0 3.5 2 0 3 5 5
-2200.8 756.1 -75.9 181 0 37.9 66.6 10.5 0.0 0 0 3 1 1
-2232.5 762.4 -75.1 1 0 54.0 20.4 14.0 3.5 2 0 4 4 4
-2114.0 840.4 -75.6 2 0 28.8 41.8 10.5 0.0 0 1 3 4 4
-2198.9 918.2 -75.0 181 0 75.9 33.3 10.5 0.0 0 0 3 3 3
-1974.9 884.1 -75.4 180 0 25.6 40.3 10.5 0.0 0 0 3 2 2
-1975.1 847.5 -75.7 180 0 47.5 15.1 10.5 3.5 2 0 3 2 2
-1960.1 820.1 -75.7 180 0 54.5 25.2 10.5 3.5 2 0 3 4 4
-1993.2 937.5 -75.2 178 0 48.5 20.2 10.5 3.5 2 0 3 2 2
-4395.7 7070.4 -61.2 244 0 16.0 13.2 5.0 0.0 0 0 2 2 2
-4404.3 8378.2 -56.0 341 0 16.7 24.5 14.0 3.5 2 0 4 3 3
-1046.8 1195.2 -75.8 354 0 21.1 12.6 14.0 3.5 2 0 4 5 5
-1290.9 -403.6 -72.3 251 0 18.8 35.6 17.5 0.0 0 1 5 3 3
-1314.9 -459.4 -72.2 157 0 15.1 30.9 17.5 3.5 2 1 5 5 5
-3101.9 -278.1 -71.0 183 0 13.3 16.0 20.0 3.5 2 0 5 2 2
-3323.6 -442.5 -70.5 3 0 25.1 14.0 14.0 3.5 2 0 4 4 4
-3325.3 -480.0 -70.2 3 0 25.8 14.0 14.0 3.5 2 0 4 1 1
-3393.0 -426.6 -70.5 183 0 50.5 14.1 14.0 3.5 2 0 4 4 4
-3390.5 -527.2 -69.7 93 0 14.1 37.6 14.0 3.5 2 0 4 4 4
-3228.6 -440.5 -70.7 3 0 25.3 14.3 17.5 3.5 2 0 5 1 1
-3035.8 377.2 -72.0 273 0 80.7 214.9 17.5 0.0 0 1 5 3 3
-3107.3 24.8 -71.1 3 0 227.1 80.8 17.5 0.0 0 0 5 4 4
-3046.5 135.5 -71.6 273 0 80.7 227.1 17.5 0.0 0 1 5 5 5
-2956.8 140.1 -71.3 273 0 40.7 103.1 14.0 0.0 0 1 4 2 2
-2890.1 59.9 -71.2 273 0 40.8 50.2 14.0 0.0 0 1 4 2 2
-2967.2 -87.3 -71.5 93 0 40.7 62.6 14.0 0.0 0 1 4 3 3
-2897.0 -90.2 -71.3 93 0 40.8 50.5 14.0 0.0 0 1 4 3 3
-2897.7 -106.3 -71.1 273 0 40.8 99.6 17.5 0.0 0 1 5 3 3
-2907.5 -320.6 -70.5 93 0 40.8 99.7 17.5 0.0 0 1 5 0 0
-2977.8 -317.3 -70.8 93 0 40.7 99.7 17.5 0.0 0 1 5 5 5
-2968.0 -103.0 -71.4 273 0 40.7 99.6 17.5 0.0 0 1 5 0 0
-3085.6 -97.0 -71.8 273 0 16.0 38.2 17.5 3.5 2 0 5 2 2
-3098.2 -196.8 -71.6 183 0 24.8 16.0 17.5 3.5 2 0 5 4 4
-3099.6 -228.6 -71.3 183 0 12.8 16.0 20.0 3.5 2 0 5 0 0
-3029.7 -99.6 -71.6 273 0 14.2 50.7 17.5 3.5 2 0 5 4 4
-3028.4 -225.4 -71.1 3 0 25.0 14.2 17.5 3.5 2 0 5 1 1
-3104.5 -358.6 -70.5 183 0 24.5 14.9 17.5 3.5 2 0 5 2 2
-3041.9 -530.1 -69.1 3 0 12.7 14.6 20.0 3.5 2 0 5 0 0
-3057.7 -554.8 -68.9 183 0 6.1 14.6 12.0 3.5 2 0 3 2 2
-1565.9 1106.3 -75.6 343 0 19.0 9.1 12.0 3.5 2 0 3 1 1
-3557.8 -589.8 -67.0 273 0 32.1 43.6 17.5 0.0 0 0 5 1 1
-3507.0 -580.6 -67.9 93 0 27.1 33.1 17.5 0.0 0 1 5 2 2
-3484.2 -393.9 -69.4 3 0 53.9 27.1 17.5 0.0 0 0 5 0 0
-3489.0 -483.0 -68.7 3 0 59.6 27.1 17.5 0.0 0 0 5 5 5
-3416.1 -436.5 -69.8 3 0 29.9 7.5 12.0 3.5 2 0 3 2 2
-3430.7 -756.6 -67.2 3 0 15.0 7.5 12.0 3.5 2 0 3 4 4
-3422.8 -583.7 -68.6 3 0 29.7 7.5 12.0 3.5 2 0 3 4 4
-3402.1 -625.8 -68.7 183 0 25.4 14.1 17.5 3.5 2 0 5 4 4
-3399.3 -563.9 -69.2 183 0 25.1 14.1 17.5 3.5 2 0 5 4 4
-3334.1 -672.3 -68.4 3 0 37.9 14.0 17.5 3.5 2 0 5 4 4
-3330.7 -598.3 -69.0 3 0 13.6 14.0 20.0 3.5 2 0 5 1 1
-3329.3 -566.8 -69.3 3 0 25.4 14.0 17.5 3.5 2 0 5 0 0
-3581.0 -452.1 -67.7 183 0 9.2 15.1 12.0 3.5 2 0 3 0 0
-3630.8 -476.0 -67.3 182 0 63.0 28.1 14.0 0.0 0 0 4 3 3
-3632.6 -543.2 -66.8 182 0 64.5 28.1 14.0 0.0 0 0 4 2 2
-3642.9 -512.4 -66.6 2 0 48.3 28.9 17.5 0.0 0 0 5 1 1
-3646.5 -562.2 -66.3 2 0 28.6 39.3 17.5 0.0 0 1 5 1 1
-3661.1 -587.8 -65.6 272 0 27.9 64.3 17.5 0.0 0 1 5 2 2
-3650.3 -678.1 -64.7 2 0 19.9 22.2 17.5 3.5 2 1 5 2 2
-3619.8 -589.2 -66.3 272 0 28.1 78.7 17.5 0.0 0 0 5 4 4
-3608.7 -701.1 -65.4 2 0 66.0 28.1 17.5 0.0 0 0 5 1 1
-3545.3 -652.4 -66.6 3 0 36.3 32.1 17.5 0.0 0 0 5 1 1
-3533.6 -449.8 -68.5 3 0 87.0 32.1 14.0 0.0 0 0 4 2 2
-3538.8 -538.7 -67.7 3 0 78.9 32.1 14.0 0.0 0 0 4 2 2
-3548.8 -711.4 -66.2 3 0 81.8 32.1 17.5 0.0 0 0 5 0 0
-3976.0 -1502.0 -46.0 249 0 11.0 14.2 17.5 3.5 2 0 5 4 4
-3964.4 -1579.3 -47.3 343 0 16.7 11.5 17.5 3.5 2 0 5 3 3
-3959.6 -1595.2 -47.6 343 0 16.7 11.5 17.5 3.5 2 0 5 4 4
-3959.5 -1664.1 -32.0 340 0 14.3 11.0 17.5 3.5 2 0 5 1 1
-3968.0 -1737.5 -16.1 162 0 16.7 11.5 17.5 3.5 2 0 5 5 5
-3966.0 -1807.9 -12.4 160 0 14.3 11.5 17.5 3.5 2 0 5 0 0
-3950.2 -1817.3 -11.7 340 0 14.3 11.5 17.5 3.5 2 0 5 5 5
-3166.9 -1000.8 -64.9 325 0 11.4 23.8 17.5 3.5 2 1 5 2 2
-2692.6 119.9 -71.1 273 0 12.2 29.5 14.0 3.5 2 1 4 3 3
-2722.4 12.0 -70.9 3 0 12.2 55.6 10.0 2.5 2 0 4 1 1
-2723.9 -21.1 -70.9 3 0 54.1 12.1 7.5 2.5 2 0 3 3 3
-3477.5 3.4 -67.2 110 0 64.1 8.6 10.5 3.5 2 0 3 5 5
-3474.9 33.1 -66.5 111 0 55.8 9.3 10.5 3.5 2 0 3 5 5
-3410.2 59.4 -66.0 108 0 9.3 26.3 12.0 3.5 2 1 3 4 4
-3430.8 45.0 -66.3 108 0 14.8 50.3 14.0 3.5 2 0 4 0 0
-3360.6 125.9 -66.6 288 0 17.9 30.2 14.0 3.5 2 1 4 4 4
-3323.2 105.5 -67.0 298 0 7.7 40.4 10.5 3.5 2 0 3 5 5
-3385.5 134.2 -66.3 288 0 15.5 48.6 14.0 3.5 2 0 4 2 2
-3404.4 117.3 -66.1 18 0 44.0 40.4 14.0 0.0 0 0 4 0 0
-3374.1 209.1 -66.4 18 0 100.8 43.4 14.0 0.0 0 0 4 5 5
-3439.9 231.1 -66.1 198 0 100.8 26.0 14.0 0.0 0 0 4 4 4
-3186.3 488.7 -69.6 283 0 13.1 4.6 12.0 3.5 2 0 3 3 3
-3182.7 501.0 -69.7 193 0 25.7 21.4 14.0 3.5 2 0 4 0 0
-3107.6 463.8 -70.4 42 0 17.9 34.3 14.0 0.0 0 0 4 0 0
-3092.3 606.4 -70.4 222 0 12.7 42.5 14.0 3.5 2 0 4 2 2
-3301.5 585.2 -68.0 100 0 16.7 29.3 14.0 3.5 2 0 4 2 2
-3302.3 631.2 -67.8 189 0 31.8 16.7 14.0 3.5 2 0 4 3 3
-3203.4 566.9 -69.0 9 0 45.9 85.7 14.0 0.0 0 1 4 3 3
-3194.2 621.8 -68.9 9 0 46.3 85.7 14.0 0.0 0 1 4 0 0
-3113.4 669.0 -69.5 9 0 44.7 154.7 14.0 0.0 0 1 4 1 1
-3219.4 871.8 -68.1 280 0 46.4 139.9 14.0 0.0 0 1 4 5 5
-3296.1 919.0 -66.8 280 0 44.4 113.4 14.0 0.0 0 0 4 5 5
-2981.7 717.1 -71.3 222 0 11.7 49.3 14.0 3.5 2 0 4 4 4
-3008.1 692.6 -71.1 222 0 20.3 48.4 14.0 3.5 2 1 4 0 0
-3044.9 647.5 -70.8 222 0 16.6 42.7 14.0 3.5 2 0 4 5 5
-3073.3 633.5 -70.6 222 0 17.4 51.5 14.0 3.5 2 1 4 5 5
-3175.0 566.4 -69.3 43 0 11.2 10.6 16.0 0.0 0 0 4 3 3
-3151.6 591.4 -69.5 43 0 48.8 12.5 14.0 3.5 2 0 4 0 0
-3456.6 442.7 -65.1 7 0 30.3 10.9 14.0 3.5 2 0 4 2 2
-3644.9 184.5 -64.1 200 0 116.8 44.4 14.0 0.0 0 0 4 4 4
-3674.9 26.5 -64.2 201 0 19.8 14.2 14.0 3.5 2 0 4 0 0
-3707.6 -26.7 -64.4 197 0 89.8 41.9 14.0 0.0 0 0 4 2 2
-3562.8 8.9 -65.2 284 0 12.9 19.7 14.0 0.0 0 1 4 4 4
-3585.2 -129.3 -66.5 288 0 12.4 6.2 12.0 3.5 2 0 3 4 4
-3545.5 -139.2 -67.6 288 0 20.6 11.5 20.0 3.5 2 0 5 1 1
-3596.9 -200.2 -67.6 110 0 31.3 20.1 17.5 0.0 0 0 5 2 2
-3540.3 -210.2 -68.4 20 0 20.1 41.0 17.5 3.5 2 0 5 4 4
-3192.3 245.3 -68.3 208 0 4.0 10.4 12.0 3.5 2 1 3 5 5
-3173.0 225.8 -68.6 28 0 23.5 13.0 17.5 3.5 2 0 5 1 1
-3416.8 324.3 -65.3 289 0 10.2 13.7 16.0 0.0 0 1 4 1 1
-3539.7 127.0 -64.8 194 0 10.3 20.3 16.0 3.5 2 1 4 0 0
-3514.5 118.9 -65.3 198 0 12.5 53.6 14.0 3.5 2 1 4 5 5
-3499.5 151.6 -65.7 198 0 17.5 51.6 14.0 3.5 2 1 4 5 5
-3395.2 -30.2 -68.1 117 0 10.7 76.5 14.0 3.5 2 0 4 3 3
-3268.0 1253.2 -68.0 356 0 35.4 36.2 14.0 0.0 0 0 4 3 3
-3348.8 1237.0 -67.2 172 0 25.2 35.5 14.0 3.5 2 1 4 4 4
-3353.9 1167.2 -67.0 175 0 6.4 13.7 12.0 3.5 2 1 3 4 4
-3347.6 1148.9 -67.0 175 0 6.8 6.8 12.0 3.5 2 0 3 4 4
-3337.8 1153.1 -68.2 175 0 9.3 46.6 10.5 3.5 2 1 3 0 0
-3257.4 1197.8 -68.8 355 0 43.9 37.1 14.0 0.0 0 0 4 1 1
-3274.3 1478.6 -65.5 354 0 46.1 24.8 14.0 3.5 2 0 4 3 3
-3278.2 1432.3 -65.7 355 0 12.4 8.6 12.0 3.5 2 0 3 2 2
-3274.9 1400.4 -66.1 356 0 11.3 8.8 12.0 3.5 2 0 3 3 3
-3286.7 1432.4 -65.7 355 0 32.2 46.5 14.0 0.0 0 0 4 1 1
-3283.9 1403.0 -66.0 356 0 23.6 40.8 14.0 0.0 0 0 4 1 1
-3377.2 1388.6 -65.4 175 0 24.6 49.9 14.0 3.5 4 1 4 2 2
-3388.0 1457.7 -64.6 175 0 20.1 52.4 14.0 3.5 2 1 4 0 0
-3444.4 1789.9 -64.7 6 0 12.1 31.3 14.0 3.5 2 0 4 3 3
-3529.1 1717.0 -62.7 263 0 11.8 41.6 14.0 3.5 2 1 4 4 4
-3569.8 1688.8 -62.5 173 0 28.0 28.2 14.0 0.0 0 1 4 5 5
-2829.5 1260.4 -72.0 1 0 18.4 59.8 10.5 3.5 2 0 3 0 0
-2829.8 1241.4 -72.1 1 0 19.7 59.8 10.5 3.5 2 0 3 4 4
-2820.9 1321.6 -71.8 1 0 10.9 45.4 10.5 3.5 2 1 3 3 3
-2828.8 1422.6 -71.1 359 0 13.8 20.3 10.5 3.5 2 1 3 2 2
-2869.4 1452.2 -70.6 269 0 6.2 13.7 12.0 3.5 2 0 3 0 0
-2854.4 1473.1 -71.3 269 0 24.1 34.4 10.5 0.0 0 0 3 3 3
-2883.8 1535.0 -71.9 88 0 7.5 47.6 10.5 3.5 2 0 3 4 4
-2837.2 1558.1 -72.7 358 0 43.3 43.5 14.0 0.0 0 0 4 3 3
-2908.3 1544.8 -71.4 113 0 14.8 15.8 16.0 0.0 0 0 4 5 5
-2960.8 1552.2 -71.1 178 0 5.6 46.8 10.5 3.5 2 0 3 1 1
-2963.7 1554.9 -70.5 88 0 5.7 42.8 12.0 3.5 2 0 3 1 1
-2928.7 1555.9 -71.7 88 0 64.3 42.8 14.0 0.0 0 0 4 3 3
-2882.2 1855.1 -75.6 87 0 30.9 13.2 7.5 2.5 2 0 3 4 4
-2884.7 1908.8 -76.1 267 0 45.4 40.6 7.5 0.0 0 0 3 1 1
-3361.0 1701.4 -65.3 88 0 27.1 7.5 12.0 3.5 2 0 3 3 3
-3361.2 1709.0 -65.5 88 0 65.2 18.6 14.0 3.5 2 0 4 3 3
-3170.4 1590.9 -67.1 358 0 36.7 53.8 14.0 0.0 0 1 4 5 5
-3163.4 1661.9 -68.1 358 0 36.7 53.8 14.0 0.0 0 1 4 4 4
-3132.6 1717.6 -69.8 177 0 30.2 22.2 14.0 0.0 0 0 4 1 1
-3133.8 1583.3 -68.0 177 0 28.9 20.8 14.0 0.0 0 0 4 4 4
-3133.7 1637.3 -69.5 178 0 79.0 50.8 14.0 0.0 0 0 4 4 4
-3042.3 1572.8 -72.0 87 0 75.3 210.6 14.0 0.0 0 0 4 5 5
-3512.2 1468.3 -63.3 263 0 40.5 14.1 14.0 3.5 2 0 4 4 4
-3535.1 1421.7 -63.0 173 0 23.4 52.9 14.0 0.0 0 0 4 1 1
-3424.2 1445.9 -64.1 353 0 99.4 60.1 14.0 0.0 0 0 4 1 1
-3409.4 1342.7 -64.4 353 0 11.9 6.3 12.0 3.5 2 0 3 0 0
-3419.0 1345.0 -64.3 353 0 38.8 53.5 14.0 0.0 0 0 4 2 2
-3408.1 1251.8 -65.3 353 0 5.3 89.4 10.5 3.5 2 0 3 3 3
-3412.5 1290.1 -65.3 353 0 72.0 103.8 14.0 0.0 0 0 4 2 2
-3498.1 1213.6 -64.7 173 0 33.4 54.9 14.0 0.0 0 1 4 5 5
-3397.3 1176.0 -65.7 353 0 32.8 100.9 14.0 0.0 0 1 4 4 4
-3365.8 1296.0 -65.8 173 0 16.4 9.2 12.0 3.5 2 0 3 0 0
-3358.8 1313.9 -66.6 173 0 33.6 35.4 14.0 0.0 0 0 4 0 0
-2450.8 1560.8 -76.6 1 0 25.7 14.3 14.0 3.5 2 0 4 5 5
-2482.1 1626.8 -76.9 271 0 25.2 31.9 14.0 0.0 0 1 4 3 3
-3246.0 1096.7 -69.0 358 0 9.3 23.4 12.0 3.5 2 0 3 3 3
-3245.1 1069.6 -69.0 358 0 44.9 30.5 14.0 0.0 0 0 4 2 2
-1856.1 2117.2 -77.6 358 0 18.3 26.7 10.0 2.5 2 1 4 2 2
-1919.4 2038.5 -77.3 178 0 40.2 33.0 7.5 0.0 0 0 3 1 1
-2154.0 2057.5 -77.8 86 0 8.3 7.5 5.0 2.5 4 0 2 2 2
-2165.1 2087.0 -77.8 263 0 9.1 7.8 5.0 2.5 2 0 2 2 2
-2190.3 2070.5 -77.9 269 0 5.9 12.5 5.0 2.5 2 1 2 4 4
-3128.3 730.3 -68.7 279 0 10.1 11.1 16.0 3.5 2 1 4 5 5
-3161.4 738.0 -68.3 280 0 10.3 7.4 12.0 3.5 2 0 3 0 0
-3175.3 740.4 -68.1 280 0 17.9 8.9 12.0 3.5 2 0 3 2 2
-3174.0 773.2 -68.1 280 0 31.4 19.8 14.0 0.0 0 0 4 1 1
-3102.5 778.5 -69.4 279 0 13.4 32.9 14.0 3.5 2 1 4 2 2
-3068.8 773.9 -70.2 280 0 26.0 20.9 14.0 3.5 2 0 4 4 4
-3035.7 737.3 -70.4 9 0 11.4 25.6 14.0 3.5 2 0 4 3 3
-3061.0 741.5 -69.9 9 0 11.4 26.0 14.0 3.5 2 0 4 4 4
-3058.7 723.5 -69.7 9 0 10.7 31.2 14.0 3.5 2 1 4 1 1
-3088.0 674.6 -69.7 100 0 20.6 40.8 14.0 0.0 0 1 4 3 3
-3144.6 995.5 -70.8 241 0 18.9 13.8 14.0 3.5 2 0 4 0 0
-2179.0 376.2 -73.9 93 0 12.4 18.2 12.0 3.5 2 1 3 1 1
-2137.6 373.8 -74.0 93 0 11.9 18.2 12.0 3.5 2 1 3 1 1
-2220.1 376.7 -73.8 93 0 12.1 18.2 12.0 3.5 2 1 3 5 5
-2267.2 388.5 -73.7 183 0 18.2 12.6 12.0 3.5 2 0 3 2 2
-2266.5 417.7 -73.8 183 0 10.9 32.6 10.5 3.5 2 1 3 1 1
-2128.2 421.3 -74.0 3 0 34.4 18.0 10.5 0.0 0 0 3 5 5
-2185.2 441.8 -73.9 273 0 22.0 32.7 10.5 0.0 0 1 3 0 0
-2833.8 1010.9 -73.1 358 0 40.2 50.1 10.5 0.0 0 1 3 0 0
-2939.5 1107.8 -72.4 178 0 14.8 42.3 10.5 3.5 4 1 3 5 5
-2938.4 1080.9 -72.6 178 0 30.5 46.2 10.5 0.0 0 0 3 0 0
-2905.4 1051.5 -72.7 178 0 31.1 14.5 10.5 3.5 2 0 3 1 1
-2944.6 991.3 -72.9 178 0 15.3 50.4 10.5 3.5 2 1 3 4 4
-2947.8 772.0 -71.9 223 0 26.0 13.8 14.0 3.5 2 0 4 1 1
-2972.4 741.7 -71.5 222 0 20.3 23.5 14.0 3.5 2 1 4 2 2
-3683.6 -1526.1 -55.9 92 0 19.2 27.1 17.5 3.5 2 1 5 0 0
-3670.1 -1334.9 -59.5 272 0 22.0 20.9 17.5 3.5 2 0 5 2 2
-3751.3 -1242.4 -58.3 351 0 20.4 17.2 17.5 3.5 2 0 5 5 5
-3784.6 -1261.9 -57.9 81 0 28.7 28.5 17.5 0.0 0 0 5 0 0
-3808.0 -1265.5 -57.0 81 0 19.9 5.7 10.5 3.5 2 0 3 2 2
-3856.3 -1262.4 -56.3 65 0 31.2 5.3 10.5 3.5 2 0 3 3 3
-3908.4 -1276.3 -55.3 153 0 13.1 23.7 17.5 0.0 0 0 5 3 3
-3969.3 -1199.3 -56.0 155 0 22.0 45.5 17.5 3.5 2 0 5 0 0
-3915.7 -1162.2 -56.8 245 0 30.1 21.9 17.5 0.0 0 0 5 2 2
-3693.8 -1212.3 -59.9 4 0 5.1 27.5 10.5 3.5 2 0 3 1 1
-3653.2 -1176.3 -61.4 274 0 10.1 6.8 10.5 3.5 2 0 3 5 5
-3704.6 -1191.4 -60.2 274 0 17.4 9.5 10.5 3.5 2 0 3 4 4
-3731.3 -1215.5 -59.5 94 0 19.3 10.2 17.5 3.5 2 0 5 1 1
-3834.3 -1211.3 -57.4 274 0 9.8 11.6 10.5 3.5 2 1 3 1 1
-3731.4 -1187.2 -59.8 273 0 7.6 8.0 10.5 3.5 2 1 3 4 4
-3757.4 -1173.7 -59.8 240 0 17.3 21.3 17.5 3.5 2 0 5 4 4
-3429.8 -1588.6 -53.2 273 0 22.3 44.2 17.5 0.0 0 0 5 2 2
-3128.2 -3229.1 -50.4 198 0 19.0 55.7 17.5 3.5 2 1 5 4 4
-2992.7 -3061.6 -51.5 289 0 22.1 21.4 17.5 3.5 2 0 5 3 3
-2965.8 -3098.0 -52.2 287 0 34.0 11.8 17.5 3.5 2 0 5 4 4
-3108.2 -3148.5 -52.0 109 0 74.7 26.4 17.5 0.0 0 0 5 5 5
-3157.1 -3064.0 -50.8 290 0 15.9 13.9 17.5 3.5 2 0 5 1 1
-3142.6 -3031.0 -50.6 289 0 10.7 35.9 17.5 3.5 2 0 5 5 5
-3206.6 -3114.1 -50.4 110 0 5.9 50.1 10.5 3.5 2 0 3 5 5
-3217.4 -3111.7 -50.3 110 0 10.7 45.7 17.5 3.5 2 1 5 5 5
-3230.4 -3107.1 -50.1 110 0 11.2 45.7 17.5 3.5 2 1 5 0 0
-3228.1 -3059.4 -49.8 290 0 11.3 45.7 17.5 3.5 4 1 5 3 3
-3215.6 -2881.7 -47.5 79 0 19.5 35.7 17.5 0.0 0 1 5 4 4
-3340.2 -2519.8 -42.6 258 0 17.9 48.7 14.0 3.5 2 1 4 5 5
-3310.4 -2594.3 -43.0 348 0 27.5 16.5 14.0 3.5 2 0 4 4 4
-3669.9 -1742.9 -52.9 155 0 27.9 20.0 14.0 3.5 2 0 4 0 0
-3600.6 -1737.8 -53.0 331 0 12.8 15.9 14.0 3.5 2 1 4 2 2
-3579.1 -1794.6 -52.7 61 0 19.0 38.9 14.0 3.5 2 1 4 1 1
-3932.7 -2954.0 -41.7 352 0 20.4 11.4 17.5 3.5 2 0 5 0 0
-3940.7 -2855.9 -39.3 352 0 14.8 12.0 17.5 3.5 2 0 5 2 2
-3943.5 -2812.2 -37.7 262 0 9.5 13.7 10.5 3.5 4 1 3 1 1
-3929.2 -2829.4 -38.3 352 0 7.1 20.4 10.5 3.5 2 1 3 5 5
-3920.0 -2839.1 -39.1 352 0 12.9 34.8 17.5 3.5 2 0 5 4 4
-3871.1 -2873.5 -40.9 35 0 13.7 12.8 14.0 3.5 2 0 4 2 2
-3404.0 972.7 -64.7 82 0 21.1 41.6 14.0 0.0 0 1 4 0 0
-3485.8 1063.0 -63.1 172 0 21.4 12.8 14.0 3.5 2 0 4 3 3
-3449.5 973.6 -64.0 82 0 52.5 55.2 14.0 0.0 0 0 4 5 5
-3373.6 1084.8 -65.7 352 0 42.9 11.2 14.0 3.5 2 0 4 0 0
-3384.7 1083.3 -65.4 352 0 66.4 52.6 14.0 0.0 0 0 4 0 0
-3471.2 1051.0 -64.0 172 0 66.4 37.5 14.0 0.0 0 0 4 3 3
-3493.1 1115.2 -62.9 172 0 15.7 9.6 12.0 3.5 2 0 3 5 5
-3481.8 1102.7 -64.0 172 0 42.3 32.5 14.0 0.0 0 0 4 2 2
-3454.2 838.2 -63.9 90 0 16.7 32.0 14.0 3.5 4 1 4 5 5
-3455.5 937.6 -63.4 270 0 6.0 15.3 12.0 3.5 2 0 3 5 5
-3446.4 922.4 -63.9 270 0 24.2 38.4 14.0 0.0 0 0 4 2 2
-3468.0 929.4 -63.4 270 0 13.6 46.5 14.0 3.5 2 0 4 0 0
-3412.5 931.2 -64.4 270 0 19.8 60.9 14.0 3.5 2 1 4 0 0
-3673.9 53.6 -64.3 201 0 14.1 9.6 12.0 3.5 4 0 3 2 2
-3634.3 47.5 -64.1 21 0 11.0 14.2 16.0 0.0 0 1 4 5 5
-3431.5 3343.9 -68.6 258 0 17.5 66.7 14.0 3.5 2 1 4 3 3
-3485.9 3319.1 -67.7 258 0 12.0 48.1 14.0 3.5 2 1 4 1 1
-3464.0 3335.3 -68.0 258 0 17.6 66.7 14.0 3.5 2 1 4 3 3
-3588.6 2957.2 -64.8 358 0 19.0 38.1 10.5 3.5 2 1 3 4 4
-3120.1 2130.3 -67.9 173 0 41.6 8.3 7.5 2.5 2 0 3 5 5
-3096.6 2107.7 -73.8 175 0 113.8 35.6 12.5 0.0 0 0 5 0 0
-3020.8 2171.9 -73.0 271 0 24.5 118.7 12.5 0.0 0 0 5 2 2
-3402.9 1794.0 -66.4 178 0 7.2 49.8 10.5 3.5 2 0 3 3 3
-2700.7 949.0 -74.4 267 0 87.6 38.4 14.0 0.0 0 0 4 4 4
-2881.9 874.8 -73.3 177 0 9.2 39.1 10.5 3.5 2 0 3 4 4
-2891.1 808.1 -72.6 177 0 41.0 5.5 12.0 3.5 2 0 3 0 0
-2918.1 939.0 -73.1 267 0 36.5 25.2 14.0 0.0 0 0 4 1 1
-2934.1 889.1 -72.9 177 0 32.8 36.5 14.0 0.0 0 1 4 1 1
-3138.5 895.9 -70.1 277 0 42.9 14.9 14.0 3.5 2 0 4 4 4
3012.2 6029.2 12.4 157 0 9.7 19.3 7.5 2.5 2 1 3 3 3
3534.9 2398.0 27.3 154 0 6.5 15.3 10.5 3.5 2 1 3 4 4
3544.8 747.1 -63.0 136 0 16.4 25.7 14.0 3.5 2 1 4 5 5
3586.9 720.7 -62.7 131 0 26.1 18.6 14.0 3.5 4 0 4 0 0
3693.0 956.7 -51.2 336 0 12.0 18.6 14.0 3.5 2 1 4 0 0
-3186.4 995.2 -69.8 264 0 22.9 25.5 14.0 3.5 2 1 4 1 1
-3219.7 1121.3 -70.1 175 0 12.3 12.3 16.0 3.5 2 1 4 4 4
-3181.2 1118.3 -70.9 85 0 20.8 10.0 16.0 3.5 2 0 4 2 2
-3166.7 1134.9 -70.9 85 0 9.1 82.1 10.5 3.5 2 0 3 2 2
-3227.5 1205.6 -69.9 175 0 13.5 50.4 14.0 3.5 2 0 4 3 3
-3236.0 1302.5 -68.0 175 0 13.2 10.0 12.0 3.5 2 0 3 3 3
-3217.1 1293.1 -68.5 175 0 6.3 12.8 12.0 3.5 2 1 3 5 5
-3233.6 1291.8 -68.2 175 0 6.3 12.7 12.0 3.5 2 1 3 1 1
-3242.7 1268.4 -69.0 175 0 36.5 40.4 14.0 0.0 0 1 4 0 0
-3156.3 1439.1 -68.2 355 0 72.1 45.8 14.0 0.0 0 0 4 2 2
-3159.9 1384.5 -68.4 355 0 25.4 32.8 14.0 0.0 0 1 4 5 5
-3229.6 1377.5 -67.7 175 0 22.7 24.8 14.0 3.5 2 1 4 2 2
-2789.2 1100.5 -72.9 179 0 27.3 13.2 14.0 3.5 2 0 4 2 2
-3126.2 971.2 -70.9 90 0 8.0 11.5 12.0 0.0 0 1 3 5 5
-3290.7 987.1 -67.8 88 0 26.0 34.1 14.0 0.0 0 1 4 2 2
-2979.9 1024.3 -72.5 359 0 12.2 6.4 12.0 3.5 2 0 3 1 1
-3097.0 1290.3 -70.4 177 0 17.4 25.1 14.0 3.5 2 0 4 4 4
-3071.2 1276.1 -70.7 177 0 31.0 18.1 14.0 3.5 2 0 4 2 2
-3106.9 1258.1 -70.9 177 0 18.5 54.6 14.0 3.5 2 0 4 0 0
-2981.0 1048.7 -72.4 359 0 15.7 7.5 12.0 3.5 2 0 3 5 5
-2988.7 1058.9 -72.4 359 0 20.7 42.2 14.0 3.5 2 0 4 2 2
-2982.2 1088.4 -72.2 359 0 25.3 46.3 14.0 0.0 0 0 4 3 3
-3084.2 1079.6 -72.1 179 0 21.5 46.4 14.0 3.5 2 0 4 0 0
-3080.1 1017.2 -72.2 179 0 32.8 46.1 14.0 0.0 0 0 4 4 4
-3085.0 986.9 -71.7 179 0 18.7 11.0 16.0 3.5 2 0 4 2 2
-3292.2 1293.1 -67.0 353 0 15.8 18.5 14.0 3.5 2 1 4 1 1
-3671.2 2601.3 -63.5 263 0 42.8 38.6 10.0 0.0 0 0 4 1 1
-2951.2 1146.3 -72.3 177 0 25.9 57.8 10.5 3.5 2 0 3 2 2
-2829.8 1106.7 -72.6 0 0 9.6 14.3 12.0 3.5 4 1 3 3 3
-2829.7 1136.4 -72.5 357 0 19.3 63.1 10.5 3.5 2 0 3 5 5
-2952.8 1216.2 -71.9 177 0 14.2 45.3 10.5 3.5 2 0 3 1 1
-2953.8 1236.6 -71.9 177 0 26.8 53.8 10.5 3.5 2 0 3 0 0
-2961.7 1277.8 -71.5 177 0 13.3 7.7 12.0 3.5 2 0 3 5 5
-2955.4 1323.9 -71.5 177 0 19.1 51.3 10.5 3.5 2 0 3 3 3
-2956.8 1355.0 -71.2 177 0 18.0 38.0 10.5 0.0 0 0 3 4 4
-2950.8 1402.2 -70.8 177 0 51.6 39.0 10.5 0.0 0 0 3 5 5
-3096.1 1495.1 -68.5 270 0 20.8 26.8 14.0 3.5 2 0 4 4 4
-3054.4 1526.0 -69.0 270 0 104.1 30.9 14.0 0.0 0 0 4 5 5
-3110.7 1394.4 -70.1 175 0 95.9 53.6 14.0 0.0 0 0 4 5 5
179.9 -3377.1 -77.4 269 0 12.4 31.1 17.5 3.5 2 1 5 1 1
183.9 -3559.9 -78.8 89 0 14.8 85.7 14.0 3.5 2 1 4 3 3
158.0 -3580.8 -79.7 271 0 22.7 81.1 14.0 0.0 0 1 4 1 1
-64.0 -3221.7 -77.1 360 0 27.4 100.8 14.0 0.0 0 1 4 4 4
-205.6 -3262.8 -77.3 90 0 33.6 7.6 10.5 3.5 2 0 3 1 1
-202.5 -3205.4 -77.6 270 0 46.7 49.8 14.0 0.0 0 0 4 3 3
-1388.9 -2528.2 -71.1 102 0 20.3 17.3 14.0 3.5 2 0 4 2 2
-1408.5 -2482.9 -71.2 192 0 31.5 20.3 14.0 0.0 0 0 4 4 4
-1363.8 -2410.4 -69.5 282 0 20.3 31.5 14.0 0.0 0 1 4 2 2
-4835.9 1249.1 -2.4 2 0 11.1 22.0 12.0 3.5 4 1 3 3 3
-4829.1 1276.5 -3.1 273 0 12.6 20.9 10.5 3.5 2 1 3 4 4
-1556.3 -4432.5 -56.4 177 0 18.1 35.2 17.5 0.0 0 0 5 1 1
-1553.3 -4472.8 -57.2 177 0 10.9 12.2 17.5 3.5 2 1 5 1 1
-1537.3 -4471.3 -56.9 177 0 9.8 15.6 10.5 3.5 2 1 3 5 5
-1498.8 -4483.1 -57.1 87 0 35.7 15.0 17.5 3.5 2 0 5 1 1
-1554.3 -4270.4 -56.5 279 0 21.2 30.4 17.5 0.0 0 0 5 4 4
-1561.4 -4300.1 -55.7 279 0 25.7 14.0 17.5 3.5 2 0 5 4 4
-1566.2 -4322.7 -56.1 279 0 27.9 14.2 17.5 3.5 2 0 5 5 5
4712.8 -1650.8 -31.0 130 0 13.1 31.5 12.5 2.5 4 1 5 1 1
4834.0 -1633.5 -16.2 181 0 12.2 32.9 10.0 2.5 2 1 4 1 1
4556.3 -1739.2 -41.1 157 0 12.8 31.1 10.0 2.5 2 1 4 2 2
4543.7 -1912.1 -62.1 15 0 30.3 13.9 12.5 2.5 2 0 5 5 5
4537.4 -2018.3 -70.1 140 0 12.4 31.3 10.0 2.5 2 1 4 5 5
4438.6 -2300.7 -75.3 143 0 13.4 31.4 7.5 2.5 2 1 3 4 4
4548.4 -2226.9 -66.9 174 0 13.2 34.2 12.5 2.5 2 1 5 1 1
4661.2 -2376.4 -53.7 164 0 12.9 34.5 12.5 2.5 2 1 5 3 3
4633.0 -2564.5 -68.7 54 0 31.5 13.8 12.5 2.5 2 0 5 1 1
4484.1 -2663.1 -76.5 80 0 13.2 31.3 7.5 2.5 2 1 3 5 5
4576.3 -2808.2 -76.8 109 0 34.1 14.5 10.0 2.5 2 0 4 4 4
4640.6 -2735.3 -60.4 140 0 13.2 32.0 15.0 0.0 0 1 6 1 1
4687.2 -2929.9 -74.9 28 0 30.8 14.7 12.5 0.0 0 0 5 2 2
4685.7 -3056.2 -74.7 87 0 13.8 31.3 10.0 0.0 0 1 4 0 0
4790.7 -3015.2 -67.4 114 0 13.7 31.1 12.5 0.0 0 1 5 4 4
4796.7 -3234.7 -76.6 147 0 13.2 31.6 12.5 2.5 2 1 5 4 4
4866.4 -3117.2 -68.4 169 0 13.5 33.4 10.0 2.5 2 1 4 5 5
4978.5 -3355.4 -64.4 100 0 15.3 28.8 10.0 2.5 2 1 4 0 0
4369.3 -1174.8 -63.4 89 0 11.5 34.8 15.0 0.0 0 1 6 1 1
4316.1 -1110.7 -69.8 273 0 48.0 13.5 17.5 2.5 2 0 7 2 2
4411.8 -1217.7 -59.0 88 0 34.0 15.4 10.0 2.5 2 0 4 1 1
4427.9 -1191.8 -60.4 358 0 15.5 34.0 12.5 2.5 2 1 5 5 5
4279.0 -1242.4 -72.4 284 0 11.6 21.5 7.5 2.5 2 0 3 0 0
4292.4 -1241.3 -72.1 284 0 13.9 25.7 15.0 0.0 0 0 6 2 2
4218.5 -1316.7 -75.0 192 0 53.6 13.2 10.0 2.5 4 0 4 3 3
4283.3 -1339.6 -73.0 12 0 75.1 15.4 10.0 2.5 2 0 4 3 3
4231.2 -1382.9 -75.8 104 0 49.1 16.1 10.0 2.5 2 0 4 2 2
4200.7 -416.2 -63.2 202 0 12.7 30.5 10.0 2.5 2 1 4 3 3
4334.8 -509.1 -64.6 154 0 13.0 31.2 10.0 0.0 0 1 4 5 5
4449.3 -642.9 -31.8 106 0 20.1 12.8 10.0 2.5 4 0 4 5 5
4484.2 -497.7 -58.3 50 0 31.6 14.0 12.5 2.5 2 0 5 5 5
4515.7 -708.3 -24.8 57 0 31.4 14.1 10.0 2.5 2 0 4 2 2
4386.6 -765.5 -32.8 199 0 13.2 30.9 12.5 2.5 4 1 5 1 1
4444.6 -886.4 -32.8 11 0 13.6 32.5 10.0 2.5 4 1 4 1 1
4360.8 -920.8 -33.8 210 0 13.3 30.9 10.0 2.5 2 1 4 0 0
4882.9 -1975.1 36.9 292 0 11.9 14.9 5.0 2.5 4 1 2 1 1
4646.4 -2085.2 -52.7 47 0 19.0 15.5 10.0 0.0 0 0 4 1 1
4494.9 -2154.2 -74.4 122 0 15.5 18.5 12.5 2.5 2 1 5 0 0
4650.4 -1962.2 -59.2 260 0 20.0 11.0 2.5 2.5 2 0 1 4 4
4652.3 -1973.1 -58.8 260 0 20.0 54.7 10.0 2.5 2 0 4 4 4
6334.7 -3886.2 -82.4 282 0 56.6 19.4 7.5 2.5 2 0 3 2 2
4500.8 -916.9 -27.6 218 0 13.4 34.3 7.5 2.5 2 1 3 4 4
4558.9 -1048.3 -26.0 135 0 12.4 31.2 10.0 2.5 2 1 4 4 4
4749.2 -1377.5 -3.9 57 0 31.7 14.4 10.0 2.5 4 0 4 4 4
4667.5 -1485.0 -2.4 35 0 31.8 14.3 10.0 2.5 2 0 4 1 1
-4999.2 -3173.0 39.3 18 0 11.5 20.2 17.5 3.5 2 0 5 4 4
-4993.3 -3154.3 40.6 18 0 14.4 20.2 17.5 3.5 2 0 5 1 1
-5010.6 -3227.7 34.8 14 0 7.9 26.1 10.5 3.5 2 1 3 1 1
-5098.9 -3128.2 46.1 194 0 11.2 34.5 17.5 0.0 0 1 5 5 5
-5087.0 -3189.1 42.5 103 0 8.1 26.9 10.5 3.5 2 1 3 0 0
-5075.1 -3191.9 41.6 103 0 8.0 26.9 10.5 3.5 2 1 3 2 2
-4999.0 -3091.1 45.1 192 0 8.0 27.1 10.5 0.0 0 1 3 0 0
-4995.8 -3076.0 46.3 192 0 8.4 27.1 10.5 3.5 2 1 3 5 5
-4962.3 -3038.6 47.4 282 0 8.6 32.6 10.5 0.0 0 1 3 3 3
-4970.2 -3030.3 50.6 284 0 12.7 5.8 10.5 3.5 2 0 3 1 1
-4981.9 -3050.6 48.3 194 0 33.5 8.6 10.5 3.5 2 0 3 4 4
-5000.1 -3046.1 49.0 194 0 40.8 13.6 17.5 3.5 2 0 5 4 4
-4929.7 -2832.9 49.3 276 0 33.0 21.2 17.5 0.0 0 0 5 3 3
-5000.0 -2893.7 56.6 186 0 12.2 23.5 17.5 3.5 2 0 5 5 5
-4997.1 -2863.1 54.6 186 0 13.2 23.5 17.5 3.5 2 0 5 5 5
-4975.8 -2887.0 54.1 186 0 43.4 13.2 17.5 3.5 2 0 5 2 2
-5415.9 -2942.3 62.1 186 0 8.2 24.7 7.5 2.5 2 1 3 1 1
-5454.0 -3204.3 55.8 91 0 12.0 11.3 7.5 2.5 2 0 3 3 3
-5708.1 -2909.8 67.8 77 0 7.3 10.7 5.0 2.5 2 1 2 3 3
-5709.4 -3027.3 64.8 99 0 9.9 7.5 5.0 2.5 2 0 2 3 3
-4930.5 -3173.5 35.8 92 0 8.3 22.9 10.5 3.5 2 1 3 1 1
-4936.2 -3128.3 40.1 92 0 16.7 28.3 17.5 3.5 2 1 5 1 1
-4936.6 -3069.2 43.2 272 0 12.4 28.1 17.5 3.5 2 1 5 1 1
-4901.3 -3060.8 40.5 272 0 19.5 43.7 17.5 3.5 2 1 5 1 1
-4894.7 -3168.1 32.6 2 0 44.4 19.5 17.5 3.5 2 0 5 0 0
-4917.5 -3243.7 29.1 182 0 43.4 19.5 17.5 3.5 2 0 5 3 3
-4913.8 -3330.5 34.7 182 0 44.1 13.0 17.5 3.5 2 0 5 0 0
-4912.6 -3378.8 41.0 181 0 27.8 10.5 17.5 0.0 0 0 5 2 2
-4795.0 -2976.5 40.6 359 0 22.2 11.5 17.5 3.5 2 0 5 3 3
-5276.9 -3104.0 55.8 97 0 19.6 16.7 10.0 2.5 2 0 4 1 1
-5186.4 -2804.0 57.5 253 0 8.2 7.3 10.5 3.5 4 0 3 5 5
-5168.3 -2818.1 59.1 253 0 4.7 8.1 10.5 3.5 2 1 3 5 5
-4990.4 -2991.8 53.8 274 0 32.4 15.3 17.5 3.5 2 0 5 1 1
-5022.7 -2961.8 56.7 293 0 39.5 8.8 10.5 3.5 2 0 3 1 1
-5028.8 -2932.8 57.6 99 0 11.4 15.6 17.5 3.5 2 1 5 0 0
-4831.5 -2851.9 33.6 9 0 15.9 23.2 17.5 3.5 2 0 5 1 1
-4893.7 -2852.1 48.7 272 0 19.3 34.4 17.5 0.0 0 0 5 3 3
-4899.6 -2929.8 53.1 98 0 18.6 31.5 17.5 3.5 2 1 5 4 4
-4897.4 -2971.7 52.7 96 0 13.7 34.4 17.5 3.5 2 0 5 3 3
-4927.9 -3001.6 50.0 279 0 32.2 10.1 17.5 3.5 2 0 5 5 5
-4938.6 -2966.4 55.2 95 0 18.2 7.5 10.5 3.5 2 0 3 2 2
-4936.5 -2956.3 56.1 95 0 16.0 22.5 17.5 3.5 2 1 5 3 3
-5086.3 -2984.4 56.8 188 0 32.4 10.7 17.5 3.5 2 0 5 1 1
-5069.1 -3003.2 56.5 98 0 11.0 32.4 17.5 3.5 2 1 5 3 3
-4686.7 -1852.3 74.6 19 0 5.9 16.8 10.5 3.5 2 1 3 3 3
-4776.9 -1717.6 77.5 20 0 27.9 24.8 17.5 0.0 0 0 5 0 0
-4736.7 -1717.7 77.3 109 0 61.8 6.2 10.5 0.0 0 0 3 4 4
-4740.5 -1728.1 77.6 109 0 43.8 7.4 10.5 3.5 2 0 3 5 5
-4788.1 -1302.2 68.4 292 0 10.0 61.3 14.0 3.5 2 0 4 3 3
-4805.6 -1306.2 68.5 292 0 19.3 38.6 14.0 0.0 0 0 4 5 5
-4540.0 -5299.5 -41.4 91 0 32.4 14.8 14.0 3.5 4 0 4 2 2
-4616.2 -5234.2 -39.4 271 0 15.2 15.2 14.0 3.5 2 1 4 3 3
-4676.3 -5039.2 -35.3 13 0 11.8 11.9 17.5 3.5 2 1 5 4 4
-4712.0 -4970.1 -34.9 192 0 158.8 35.0 17.5 0.0 0 0 5 5 5
-3911.5 5596.9 -63.2 353 0 11.6 43.3 7.5 2.5 2 1 3 4 4
-3933.7 5735.2 -63.3 262 0 38.0 61.9 7.5 0.0 0 1 3 4 4
-3163.7 3473.1 -73.6 80 0 15.7 50.4 7.5 2.5 4 1 3 4 4
-3186.9 3468.8 -73.2 80 0 29.3 54.7 10.0 0.0 0 1 4 4 4
-3130.2 3573.3 -74.5 357 0 37.9 13.7 7.5 2.5 2 0 3 5 5
-3125.8 3625.1 -74.9 357 0 37.0 20.4 10.0 2.5 2 0 4 5 5
-3146.8 3694.8 -74.9 267 0 6.7 33.9 4.0 2.5 2 1 1 0 0
-3136.2 3695.3 -75.1 267 0 7.4 33.9 7.5 2.5 2 1 3 4 4
-3186.5 3693.7 -74.6 267 0 63.7 11.9 10.0 2.5 2 0 4 0 0
-3200.7 3592.4 -74.0 177 0 116.1 33.4 12.5 0.0 0 0 5 3 3
-4630.7 -1459.4 68.9 290 0 95.7 52.9 14.0 0.0 0 0 4 3 3
-4990.9 -1565.8 75.8 201 0 12.6 5.4 10.5 3.5 2 0 3 0 0
-4635.5 -1240.4 64.2 289 0 16.6 13.1 17.5 3.5 2 0 5 1 1
-4668.3 -1237.6 65.0 289 0 40.0 17.0 17.5 3.5 2 0 5 4 4
-4481.0 -2005.7 56.2 111 0 19.3 10.7 17.5 3.5 2 0 5 4 4
-4505.5 -1988.4 57.7 201 0 10.7 19.3 17.5 3.5 2 0 5 3 3
-4523.5 -1917.5 61.2 21 0 12.4 8.8 10.5 3.5 2 0 3 5 5
-4531.7 -1914.4 61.9 21 0 12.4 12.4 14.0 3.5 2 0 4 0 0
-4530.6 -1967.9 61.2 21 0 26.2 25.6 14.0 0.0 0 0 4 4 4
-4576.4 -1957.0 64.2 111 0 20.9 12.0 14.0 3.5 2 0 4 3 3
-4514.6 -1664.3 62.0 279 0 14.3 11.7 17.5 3.5 4 0 5 4 4
-4127.2 -3264.7 -42.2 197 0 33.6 37.8 17.5 0.0 0 1 5 5 5
-4145.5 -3328.4 -42.1 197 0 56.6 16.6 17.5 3.5 2 0 5 0 0
-4124.7 -3442.4 -41.6 286 0 15.3 19.8 17.5 3.5 2 1 5 1 1
-4148.2 -3516.1 -40.2 176 0 8.4 11.3 10.5 3.5 2 1 3 2 2
-4154.8 -3493.1 -40.9 176 0 19.8 28.2 17.5 3.5 2 1 5 3 3
-4086.7 -3490.8 -42.0 1 0 26.2 34.4 17.5 0.0 0 1 5 3 3
-4256.0 -3384.0 -38.9 287 0 21.0 47.5 17.5 3.5 4 1 5 2 2
-4293.0 -3451.8 -37.2 196 0 8.3 11.7 10.5 3.5 2 0 3 2 2
-4290.0 -3441.6 -38.0 196 0 13.0 37.1 17.5 3.5 2 0 5 3 3
-4277.8 -3504.1 -37.4 106 0 17.0 30.0 17.5 3.5 2 1 5 1 1
-4127.6 -3546.8 -40.4 9 0 39.7 19.5 17.5 3.5 2 0 5 3 3
-3913.9 -3588.2 -46.2 350 0 36.9 13.8 17.5 3.5 2 0 5 2 2
-3936.8 -3515.0 -45.5 350 0 16.8 27.9 17.5 3.5 2 0 5 4 4
-4819.8 -2158.6 72.6 12 0 23.5 18.3 17.5 0.0 0 0 5 0 0
-3988.3 -3411.9 -45.0 105 0 9.2 30.2 10.5 3.5 2 0 3 5 5
-3993.0 -3532.5 -44.1 82 0 10.1 21.7 17.5 3.5 2 0 5 4 4
-4000.7 -3450.8 -44.7 285 0 13.8 19.7 17.5 3.5 2 1 5 1 1
-6197.3 9414.3 -14.5 1 0 50.0 52.4 7.5 0.0 0 1 3 3 3
-6233.3 9574.4 -7.9 272 0 55.5 6.3 7.5 2.5 2 0 3 5 5
-6199.8 9485.4 -13.2 1 0 56.1 121.0 10.0 0.0 0 0 4 3 3
-6130.8 9614.0 -14.3 90 0 49.5 5.9 7.5 2.5 2 0 3 0 0
-6248.7 9655.7 -3.4 2 0 65.2 18.1 12.5 0.0 0 0 5 5 5
-4724.1 10301.6 -61.3 351 0 182.7 72.7 12.5 0.0 0 0 5 4 4
-2728.8 8373.6 -75.1 4 0 62.4 25.8 10.0 0.0 0 0 4 0 0
-4123.1 7870.6 -59.9 251 0 10.9 19.3 7.5 0.0 0 1 3 1 1
-2641.0 6917.3 -77.4 267 0 15.9 125.7 10.0 0.0 0 1 4 4 4
-2669.3 6915.7 -77.1 267 0 16.8 125.7 10.0 0.0 0 1 4 5 5
-2999.7 6643.8 -73.7 271 0 14.7 110.8 14.0 0.0 0 1 4 4 4
-3024.4 6644.2 -73.5 271 0 15.8 110.8 14.0 0.0 0 1 4 1 1
-4255.4 5997.2 -58.8 345 0 12.6 23.6 10.0 2.5 2 0 4 3 3
-4234.0 5992.7 -59.3 345 0 12.3 19.5 10.5 2.5 2 0 3 3 3
-4253.2 5976.9 -58.9 75 0 23.6 13.9 7.5 2.5 2 0 3 2 2
-4141.8 7176.0 -63.6 351 0 22.9 13.1 14.0 3.5 2 0 4 3 3
-4154.6 7173.5 -63.6 351 0 16.9 20.4 14.0 3.5 2 0 4 0 0
-4488.5 8251.4 -54.7 178 0 35.9 18.6 7.5 0.0 0 0 3 1 1
-4443.4 8412.0 -55.5 251 0 7.4 26.3 10.5 3.5 4 1 3 3 3
-4437.5 8369.6 -55.7 161 0 21.8 9.8 10.5 3.5 2 0 3 4 4
-6458.4 9342.7 5.5 1 0 42.6 90.0 12.5 0.0 0 1 5 5 5
-4375.8 7698.0 -56.7 322 0 14.3 21.5 7.5 0.0 0 1 3 1 1
-5380.8 -3527.6 39.0 1 0 4.5 10.5 10.5 0.0 0 1 3 3 3
-5866.4 9225.2 -28.7 271 0 18.9 38.7 12.5 2.5 2 0 5 0 0
-5324.5 -3497.5 43.8 81 0 7.9 35.2 10.5 3.5 2 0 3 2 2
-5336.3 -3417.2 44.7 261 0 9.3 54.6 10.5 3.5 2 0 3 2 2
-6224.5 9232.7 -16.1 270 0 8.0 11.5 8.0 2.5 2 1 2 5 5
-6209.4 9218.0 -18.7 270 0 56.0 30.8 10.0 0.0 0 0 4 5 5
-6146.5 9088.7 -23.6 180 0 27.0 26.4 12.5 0.0 0 0 5 5 5
-6111.1 9113.8 -24.0 90 0 17.9 13.4 4.0 2.5 2 0 1 1 1
-6135.1 9233.5 -23.9 270 0 63.5 106.3 12.5 0.0 0 0 5 5 5
-5857.7 9459.1 -30.2 270 0 151.4 80.5 7.5 0.0 0 0 3 5 5
-5933.5 9325.8 -30.2 180 0 85.9 151.4 10.0 0.0 0 1 4 0 0
-5885.9 9234.3 -28.4 271 0 20.3 47.7 10.0 2.5 2 0 4 0 0
-5925.6 9157.2 -28.5 181 0 30.3 50.8 12.5 0.0 0 0 5 0 0
-5881.3 9006.7 -28.9 91 0 45.2 44.3 7.5 0.0 0 0 3 5 5
-5860.7 9104.6 -28.9 181 0 20.6 10.1 8.0 2.5 2 0 2 3 3
-5929.2 9115.8 -28.8 181 0 7.7 68.7 7.5 0.0 0 0 3 5 5
-5936.7 9090.5 -28.8 181 0 43.0 75.8 12.5 0.0 0 0 5 2 2
-6076.7 9233.4 -26.4 270 0 92.4 106.3 15.0 0.0 0 0 6 0 0
-6154.4 9349.5 -19.5 180 0 48.0 20.6 10.0 2.5 2 0 4 4 4
-6154.2 9391.7 -20.9 179 0 29.9 76.6 10.0 0.0 0 1 4 5 5
-5041.4 9129.4 -47.0 91 0 77.3 43.1 10.0 0.0 0 0 4 3 3
-4975.4 9131.0 -47.6 92 0 8.9 80.3 7.5 2.5 4 1 3 5 5
-4900.3 9121.8 -48.9 90 0 83.8 10.3 15.0 2.5 2 0 6 4 4
-4904.2 9132.1 -49.0 90 0 91.7 19.8 7.5 0.0 0 0 3 4 4
-4903.8 9178.8 -49.3 90 0 91.7 19.8 10.0 0.0 0 0 4 1 1
-5694.2 9656.8 -31.1 0 0 12.3 16.3 4.0 2.5 2 0 1 3 3
-5717.0 9668.2 -30.9 270 0 12.9 49.2 7.5 2.5 2 0 3 4 4
-5662.5 9628.0 -31.9 0 0 45.2 48.1 12.5 0.0 0 0 5 3 3
-5813.5 9504.9 -29.0 90 0 9.6 6.7 12.0 2.5 2 0 3 0 0
-5813.4 9526.9 -28.9 90 0 9.6 28.3 7.5 2.5 2 0 3 1 1
-5812.0 9576.0 -28.9 90 0 17.5 12.0 4.0 2.5 4 0 1 2 2
-6032.8 9478.1 -21.6 0 0 16.9 28.3 12.5 2.5 2 0 5 4 4
-5983.7 9461.5 -24.5 0 0 16.0 77.4 12.5 2.5 2 0 5 5 5
-4967.9 9299.5 -48.4 182 0 20.0 9.5 7.5 2.5 2 0 3 1 1
-4919.1 9292.3 -49.0 356 0 34.7 7.6 7.5 2.5 2 0 3 1 1
-4766.3 9124.8 -50.1 81 0 8.6 9.9 8.0 2.5 2 1 2 1 1
-5188.0 9358.3 -44.2 0 0 18.7 29.9 10.0 2.5 2 1 4 1 1
-5300.0 9395.5 -43.0 180 0 16.0 64.9 10.0 2.5 2 1 4 5 5
-5300.2 9366.3 -43.1 180 0 16.2 74.5 12.5 2.5 2 1 5 0 0
-4988.0 9564.1 -51.9 80 0 54.5 32.0 10.0 0.0 0 0 4 3 3
-5338.4 9104.6 -40.0 360 0 10.6 14.8 4.0 2.5 2 0 1 2 2
-5342.3 9033.7 -40.2 360 0 39.9 46.5 12.5 0.0 0 0 5 2 2
-5372.2 9151.6 -39.2 360 0 42.2 25.7 7.5 0.0 0 0 3 5 5
-5516.9 9198.0 -38.3 180 0 14.9 111.1 7.5 0.0 0 0 3 3 3
-5837.9 9680.5 -28.0 270 0 8.0 15.6 4.0 2.5 2 0 1 2 2
-5811.7 9701.3 -29.3 270 0 44.2 103.7 7.5 0.0 0 0 3 5 5
-5860.4 9697.4 -28.1 270 0 37.3 90.1 10.0 0.0 0 0 4 1 1
-5968.6 9503.6 -24.7 0 0 35.4 5.5 4.0 2.5 2 0 1 0 0
-5445.6 9281.8 -37.2 90 0 19.1 9.7 8.0 2.5 2 0 2 1 1
-5345.3 9271.7 -39.0 91 0 11.3 11.3 8.0 2.5 2 0 2 1 1
-5389.9 9383.1 -37.9 360 0 14.2 17.6 8.0 2.5 2 0 2 0 0
-5357.5 9459.4 -39.9 270 0 37.1 82.9 12.5 0.0 0 1 5 4 4
-5222.4 9475.3 -44.9 270 0 52.6 66.0 10.0 0.0 0 0 4 2 2
-5278.3 9468.1 -42.8 270 0 42.7 58.4 10.0 0.0 0 0 4 0 0
-5084.5 9324.6 -46.9 180 0 15.6 8.7 8.0 2.5 2 0 2 3 3
-5089.9 9270.6 -46.5 180 0 28.5 5.2 4.0 2.5 2 0 1 3 3
-5084.8 9252.9 -46.7 180 0 6.8 24.8 4.0 2.5 2 0 1 3 3
-4991.3 9491.2 -50.7 259 0 31.0 11.4 10.0 2.5 2 0 4 4 4
-5118.0 9137.2 -44.8 359 0 49.6 36.6 15.0 0.0 0 0 6 0 0
-5182.7 9103.3 -43.5 90 0 56.8 49.6 10.0 0.0 0 0 4 4 4
-5260.3 9137.4 -41.7 179 0 32.6 20.2 7.5 0.0 0 0 3 3 3
-5659.2 9006.5 -32.8 89 0 18.3 34.3 5.0 0.0 0 1 2 1 1
-5566.7 9124.8 -34.5 359 0 40.5 32.4 10.0 0.0 0 0 4 1 1
-5544.2 9012.8 -35.3 359 0 18.3 9.3 8.0 2.5 2 0 2 4 4
-5716.5 9069.0 -33.0 179 0 34.7 74.1 17.5 0.0 0 0 7 5 5
-5559.0 9203.6 -34.4 359 0 19.8 16.3 10.0 2.5 2 0 4 3 3
-4786.1 9216.5 -50.5 358 0 6.2 12.1 4.0 0.0 0 1 1 3 3
-5511.6 9460.2 -35.4 269 0 36.3 22.0 10.0 0.0 0 0 4 3 3
-5548.4 9365.7 -34.3 359 0 24.8 32.8 7.5 0.0 0 0 3 3 3
-5547.9 9325.4 -34.5 359 0 55.9 37.9 12.5 0.0 0 0 5 0 0
-5626.2 9289.6 -33.5 180 0 8.0 30.6 7.5 2.5 2 0 3 4 4
-5630.8 9299.7 -33.5 180 0 12.2 35.4 10.0 2.5 2 0 4 4 4
-5528.6 9304.2 -36.1 180 0 44.6 42.2 17.5 0.0 0 0 7 0 0
-5121.9 8166.9 -45.3 359 0 55.2 39.2 10.0 0.0 0 0 4 1 1
2549.3 5728.4 -9.8 254 0 9.4 27.5 7.5 2.5 2 1 3 4 4
-4862.4 7337.8 -49.0 276 0 21.3 17.1 7.5 2.5 2 0 3 2 2
-5768.7 6060.4 -13.5 44 0 40.4 28.7 14.0 0.0 0 0 4 4 4
-3454.9 -2655.0 -41.5 168 0 19.9 18.9 14.0 3.5 2 0 4 5 5
-1026.3 465.7 -75.1 28 0 114.0 46.4 14.0 0.0 0 0 4 4 4
-3325.4 -3674.6 -56.4 99 0 76.8 54.9 17.5 0.0 0 0 5 1 1
2999.9 1059.7 -61.4 55 0 11.9 9.4 10.5 3.5 2 0 3 0 0
2970.0 1022.6 -63.7 246 0 14.8 13.9 10.5 3.5 2 0 3 1 1
-672.9 1583.8 -76.4 1 0 9.9 23.8 10.5 3.5 2 1 3 1 1
-2479.1 -2042.4 -59.6 261 0 24.8 21.4 17.5 3.5 2 0 5 0 0
-2534.2 -2180.2 -58.1 170 0 21.8 14.3 17.5 3.5 2 0 5 5 5
-2542.9 -2154.3 -58.4 170 0 30.3 14.9 17.5 3.5 2 0 5 2 2
-2510.2 -2048.5 -59.6 259 0 23.8 20.9 17.5 3.5 2 0 5 0 0
-2542.8 -2055.8 -59.5 258 0 25.7 20.8 17.5 3.5 2 0 5 1 1
-2577.6 -2072.1 -58.8 165 0 19.2 17.8 17.5 3.5 2 0 5 0 0
-2571.9 -2094.2 -58.8 169 0 17.8 17.3 17.5 3.5 2 0 5 5 5
-2477.4 -2005.7 -60.1 348 0 21.5 25.8 14.0 0.0 0 1 4 4 4
-2519.3 -2026.1 -59.7 80 0 18.8 16.2 14.0 3.5 2 0 4 4 4
-2542.5 -2031.3 -59.4 82 0 20.0 9.4 10.5 3.5 2 0 3 2 2
-2475.0 -2301.4 -58.5 342 0 27.5 22.1 17.5 0.0 0 0 5 2 2
-3217.5 -2650.5 -45.3 260 0 16.0 26.0 21.0 0.0 0 1 6 0 0
-1420.0 -2986.1 -67.0 16 0 29.7 15.7 17.5 3.5 2 0 5 0 0
4537.2 -3423.8 -79.3 192 0 23.1 13.0 10.5 3.5 4 0 3 0 0
-3642.3 -2598.9 -39.2 159 0 16.5 17.5 17.5 3.5 4 1 5 3 3
-4359.7 -3175.1 -35.7 292 0 46.0 96.8 14.0 0.0 0 1 4 1 1
-4806.7 -1642.0 76.2 302 0 61.0 36.0 17.5 0.0 0 0 5 1 1
