3146.0 8409.2 186.6 48 0 4.7 6.6 7.5 2.5 2 1 3 5 5
6089.9 -5773.9 -150.4 322 0 12.6 10.4 7.5 2.5 2 0 3 2 2
6083.8 -5751.8 -148.7 336 0 11.1 9.9 7.5 2.5 2 0 3 0 0
-4708.7 3336.8 -195.5 316 0 77.2 49.4 15.0 0.0 0 0 6 1 1
-5368.1 2894.4 -187.2 34 0 8.9 6.9 2.5 0.0 0 0 1 0 0
-5380.5 2885.5 -186.7 34 0 10.8 9.0 7.5 2.5 2 0 3 2 2
-5362.2 2873.4 -186.8 34 0 15.7 21.9 10.0 2.5 2 0 4 3 3
-6633.3 2830.5 -177.5 162 0 8.3 12.9 7.5 2.5 2 1 3 2 2
3560.3 -4637.6 -134.5 176 0 10.0 16.9 7.5 2.5 2 1 3 0 0
3205.9 10162.5 150.0 337 0 12.6 16.1 5.0 2.5 2 1 2 1 1
