-2914.8 -6628.3 -394.0 317 0 67.8 26.7 5.0 0.0 0 0 2 3 3
-2939.2 -6696.8 -394.2 47 0 26.7 67.8 10.0 0.0 0 1 4 1 1
-1837.2 -7367.9 -394.2 238 0 27.8 19.4 7.5 0.0 0 0 3 2 2
-3849.6 -5890.3 -390.9 199 0 22.1 29.3 12.5 2.5 2 1 5 1 1
-4188.9 5651.3 103.0 70 0 19.4 41.8 12.5 2.5 2 1 5 1 1
4947.4 5579.2 228.8 157 0 18.8 34.4 12.5 0.0 0 1 5 5 5
4473.7 5416.4 268.3 254 0 12.8 27.0 10.0 2.5 2 1 4 4 4
5885.6 7483.4 78.5 339 0 13.0 16.7 5.0 2.5 2 1 2 4 4
-4599.2 -6967.2 -400.3 107 0 12.4 20.1 8.0 2.5 2 1 2 2 2
-4604.9 -6904.6 -400.3 198 0 64.4 24.1 7.5 2.5 2 0 3 5 5
-2494.2 -6619.4 -393.1 305 0 23.1 22.2 7.5 2.5 2 0 3 4 4
2276.8 -9216.4 -390.5 179 0 10.5 23.2 3.5 2.5 2 1 1 3 3
2082.0 -9266.2 -396.1 152 0 17.1 17.2 12.5 2.5 2 1 5 4 4
-1907.9 -7064.2 -379.4 326 0 16.8 20.3 10.0 2.5 2 1 4 3 3
-2110.1 -7835.4 -397.5 49 0 24.6 108.4 7.5 0.0 0 0 3 2 2
-2750.6 4368.0 392.8 91 0 13.2 37.6 10.0 2.5 2 1 4 1 1
