-2638.1 -7749.8 -315.4 39 0 13.2 64.0 5.0 2.5 2 1 2 1 1
-4035.6 -7505.5 -304.4 4 0 18.0 60.4 12.5 2.5 2 1 5 5 5
-2609.8 -7643.5 -314.2 51 0 47.4 27.7 7.5 0.0 0 0 3 3 3
1570.4 -8523.9 -278.1 178 0 41.2 17.1 10.5 0.0 0 0 3 2 2
-903.8 -7784.3 -299.2 207 0 31.8 16.7 17.5 3.5 2 0 5 3 3
-6234.8 -9313.9 -315.2 244 0 12.4 31.8 10.0 2.5 2 1 4 0 0
1508.7 -10514.0 203.6 343 0 15.0 30.5 12.5 2.5 2 1 5 5 5
-401.1 -8617.0 -282.1 109 0 62.8 74.0 14.0 0.0 0 1 4 2 2
-3641.0 -6904.8 -280.8 326 0 10.7 16.0 2.5 0.0 0 1 1 4 4
1777.1 -717.3 281.8 213 0 15.1 15.5 7.5 2.5 2 1 3 3 3
-1497.1 -8572.7 -292.7 28 0 17.2 16.9 12.5 2.5 2 0 5 2 2
-2077.1 -9422.3 -282.6 62 0 22.8 19.7 14.0 3.5 2 0 4 5 5
1534.4 -8446.1 -277.4 324 0 11.6 13.9 14.0 3.5 2 1 4 0 0
1698.1 -7935.3 -289.2 160 0 20.1 23.8 10.5 3.5 2 1 3 0 0
148.3 -7233.5 -289.2 80 0 18.7 14.3 10.0 2.5 2 0 4 5 5
1506.3 -8169.1 -288.3 278 0 7.2 16.3 7.5 2.5 4 1 3 5 5
1556.6 -8208.8 -288.7 357 0 12.6 32.3 7.5 2.5 2 1 3 3 3
2614.6 -8227.5 -281.2 181 0 34.7 14.1 14.0 3.5 4 0 4 2 2
3168.6 -8504.2 -273.8 180 0 55.4 19.3 12.5 2.5 2 0 5 4 4
3217.4 -8538.1 -270.0 90 0 15.1 28.9 12.5 2.5 2 1 5 5 5
3247.4 -8389.0 -274.4 64 0 23.7 10.7 7.5 2.5 2 0 3 5 5
3014.5 -7920.1 -280.0 71 0 15.6 12.0 5.0 2.5 2 0 2 1 1
2748.4 -8200.8 -280.6 352 0 29.1 36.8 14.0 0.0 0 1 4 0 0
2546.5 -8237.2 -281.5 269 0 39.3 24.0 14.0 0.0 0 0 4 1 1
2572.9 -8200.1 -281.3 270 0 33.9 17.0 14.0 3.5 2 0 4 4 4
2566.9 -8333.1 -281.4 91 0 21.8 17.7 14.0 3.5 2 0 4 5 5
1446.8 -8271.8 -288.1 276 0 30.2 20.9 14.0 0.0 0 0 4 3 3
1308.3 -7978.8 -289.9 335 0 18.5 51.6 17.5 3.5 2 1 5 0 0
1634.2 -8533.6 -282.2 360 0 91.5 34.6 10.5 0.0 0 0 3 1 1
2891.5 -8130.3 -278.1 347 0 12.2 9.4 2.5 2.5 2 0 1 0 0
2645.6 -9475.2 -223.3 8 0 6.3 6.1 7.5 2.5 2 0 3 1 1
2085.6 -8257.6 -286.0 268 0 15.1 20.7 14.0 0.0 0 1 4 5 5
2234.4 -8547.5 -283.6 188 0 25.6 15.9 10.0 2.5 2 0 4 2 2
2162.8 -8512.9 -284.4 279 0 7.4 22.1 10.5 3.5 2 1 3 2 2
2140.3 -8509.9 -284.7 276 0 14.7 21.3 14.0 3.5 4 1 4 3 3
2089.0 -8472.9 -286.3 3 0 19.0 77.7 14.0 3.5 2 1 4 4 4
2085.7 -8453.2 -285.5 3 0 14.5 30.6 14.0 0.0 0 1 4 0 0
2017.0 -8450.1 -286.4 183 0 14.5 30.6 14.0 3.5 2 1 4 4 4
2042.8 -8258.9 -286.5 268 0 15.1 20.7 14.0 3.5 2 1 4 1 1
2064.0 -8257.9 -286.3 268 0 15.1 20.7 14.0 0.0 0 1 4 5 5
2106.8 -8257.3 -285.7 268 0 15.1 20.7 14.0 0.0 0 1 4 3 3
2127.8 -8256.6 -285.3 268 0 15.1 20.7 14.0 3.5 2 1 4 2 2
2149.1 -8255.6 -284.9 268 0 15.1 20.7 14.0 3.5 2 1 4 2 2
2178.9 -8265.3 -284.4 358 0 20.7 15.1 14.0 3.5 2 0 4 3 3
2247.1 -8261.5 -283.4 350 0 23.5 12.2 10.5 3.5 2 0 3 0 0
2207.0 -7955.3 -286.7 349 0 23.8 21.0 14.0 3.5 2 0 4 4 4
2213.4 -7953.8 -286.5 169 0 23.8 21.0 10.5 3.5 2 0 3 1 1
2203.5 -7925.1 -286.6 347 0 13.0 19.1 14.0 0.0 0 1 4 4 4
2209.3 -7923.7 -286.5 167 0 12.9 19.1 14.0 3.5 2 1 4 2 2
743.2 -8540.1 -271.2 73 0 11.3 16.0 17.5 3.5 2 1 5 3 3
-1515.3 -8810.6 -291.0 117 0 35.1 34.1 14.0 0.0 0 0 4 2 2
-405.6 -8310.5 -274.2 21 0 33.9 12.5 17.5 3.5 4 0 5 5 5
-388.8 -8310.3 -274.0 238 0 19.8 15.2 17.5 3.5 2 0 5 2 2
-874.3 -9753.6 -239.7 101 0 12.5 14.5 14.0 3.5 4 1 4 1 1
-1706.1 -8102.1 -307.0 187 0 37.2 42.4 14.0 0.0 0 1 4 0 0
2976.9 -8692.6 -271.6 89 0 20.4 14.1 10.0 2.5 2 0 4 0 0
2301.9 -8313.4 -282.2 302 0 19.5 25.9 10.5 3.5 2 0 3 5 5
2542.9 -8325.6 -280.6 90 0 11.1 7.7 10.5 0.0 0 0 3 1 1
2537.2 -8306.7 -281.1 269 0 27.5 10.7 14.0 3.5 2 0 4 3 3
2561.1 -8306.5 -281.5 271 0 7.7 6.8 10.5 3.5 2 0 3 4 4
285.1 -8235.5 -287.8 181 0 26.3 44.9 17.5 0.0 0 1 5 3 3
-130.0 -8434.3 -280.2 166 0 14.4 18.0 17.5 3.5 2 1 5 4 4
-345.0 -8011.4 -294.2 338 0 12.4 18.3 17.5 3.5 2 1 5 0 0
-993.3 -8553.2 -284.4 225 0 14.5 14.2 17.5 3.5 2 0 5 2 2
-1326.4 -8441.3 -294.3 128 0 13.1 15.8 10.5 3.5 2 1 3 2 2
4494.6 -6677.4 -250.3 235 0 22.9 11.3 15.0 0.0 0 0 6 5 5
-972.9 -8820.2 -271.7 210 0 20.7 23.8 14.0 3.5 2 1 4 3 3
-477.5 -8519.7 -273.4 20 0 16.1 32.5 14.0 0.0 0 1 4 1 1
-4141.9 -6436.5 -252.2 343 0 9.3 13.6 7.5 2.5 2 1 3 4 4
130.2 -7200.5 -288.5 182 0 16.4 30.1 10.0 2.5 2 1 4 2 2
309.3 -7638.8 -291.9 130 0 39.8 18.4 17.5 3.5 2 0 5 5 5
-1799.0 -9619.5 -269.9 106 0 17.3 30.9 10.5 3.5 2 1 3 3 3
-1814.1 -9232.1 -280.2 121 0 27.8 19.7 10.5 3.5 2 0 3 1 1
-1707.4 -9243.0 -276.8 32 0 18.3 38.4 10.5 3.5 2 1 3 0 0
-1568.5 -9327.0 -274.4 34 0 33.6 55.4 14.0 0.0 0 1 4 1 1
-656.5 -7922.7 -298.3 160 0 21.5 11.7 17.5 3.5 2 0 5 0 0
-825.2 -8329.7 -274.0 173 0 18.0 17.0 14.0 3.5 2 0 4 3 3
-829.2 -8301.3 -276.0 173 0 18.0 17.0 14.0 0.0 0 0 4 1 1
-834.2 -8271.9 -278.0 173 0 18.0 17.0 14.0 3.5 2 0 4 5 5
-36.3 -8039.8 -287.1 259 0 12.1 14.7 14.0 0.0 0 1 4 3 3
-2771.0 -10776.2 -317.0 281 0 25.5 9.8 7.5 0.0 0 0 3 0 0
-2726.8 -10789.8 -315.7 11 0 9.6 28.9 7.5 2.5 2 1 3 5 5
-2757.2 -10760.9 -317.0 281 0 46.5 10.4 10.0 0.0 0 0 4 2 2
-2720.2 -10773.5 -315.1 11 0 9.2 11.7 8.0 2.5 2 1 2 5 5
-2743.7 -10746.7 -316.7 281 0 65.8 10.7 15.0 2.5 2 0 6 2 2
-2723.8 -10605.7 -312.6 285 0 23.1 25.1 12.5 2.5 2 1 5 5 5
-737.3 -7648.5 -297.0 127 0 16.2 15.8 14.0 3.5 2 0 4 0 0
-636.7 -7520.2 -296.2 307 0 19.9 29.7 17.5 3.5 2 1 5 4 4
-633.5 -7499.0 -295.9 217 0 29.7 19.9 17.5 3.5 2 0 5 4 4
-596.0 -7465.8 -295.5 131 0 19.8 27.6 17.5 3.5 2 1 5 2 2
-616.6 -7478.6 -295.7 216 0 15.3 21.3 17.5 3.5 2 1 5 2 2
-833.3 -7378.3 -298.1 91 0 26.4 22.5 10.5 0.0 0 0 3 1 1
-761.8 -7547.9 -297.3 96 0 11.6 9.8 10.5 3.5 2 0 3 5 5
-1337.8 -8361.6 -296.7 311 0 35.4 9.9 10.5 3.5 2 0 3 5 5
-1381.8 -8416.4 -296.2 132 0 24.8 8.8 10.5 3.5 2 0 3 5 5
-1522.9 -8556.6 -293.7 208 0 16.3 13.6 10.0 2.5 2 0 4 5 5
3700.3 -7675.2 -269.1 172 0 23.1 16.6 5.0 2.5 2 0 2 1 1
4205.3 -7009.6 -257.9 218 0 8.5 11.5 2.5 2.5 2 1 1 2 2
2711.8 -6555.7 -280.8 180 0 17.9 24.8 10.0 2.5 2 0 4 4 4
2742.2 -6548.6 -280.5 270 0 11.4 14.8 7.5 2.5 2 0 3 1 1
2744.4 -6116.9 -274.2 359 0 36.5 19.1 7.5 0.0 0 0 3 0 0
3079.5 -8389.3 -276.6 1 0 22.8 12.8 10.0 2.5 2 0 4 1 1
3027.8 -8364.4 -276.6 185 0 9.1 25.4 7.5 2.5 2 1 3 1 1
3028.3 -8352.5 -276.4 182 0 9.4 24.1 7.5 2.5 2 1 3 1 1
3028.4 -8339.9 -276.4 182 0 9.5 24.1 7.5 2.5 2 1 3 3 3
3079.5 -8369.6 -276.2 359 0 10.0 3.6 7.5 2.5 2 0 3 0 0
3028.8 -8327.5 -276.5 183 0 8.9 20.5 5.0 2.5 2 1 2 2 2
2993.3 -8330.0 -277.0 88 0 9.0 22.9 7.5 2.5 2 1 3 4 4
2996.7 -8384.3 -276.9 95 0 7.5 26.5 7.5 2.5 2 1 3 4 4
2985.1 -8380.9 -276.9 95 0 11.9 15.2 7.5 2.5 2 1 3 2 2
2985.4 -8342.8 -276.7 265 0 9.2 17.0 5.0 2.5 2 1 2 3 3
2970.1 -8345.1 -276.8 271 0 9.3 14.3 5.0 2.5 2 1 2 4 4
2956.9 -8307.2 -277.3 179 0 22.8 15.0 7.5 2.5 2 0 3 1 1
2969.2 -8279.7 -277.5 267 0 17.3 11.9 5.0 2.5 2 0 2 4 4
2946.7 -8357.2 -277.0 14 0 11.5 11.1 5.0 2.5 2 0 2 0 0
2945.8 -8340.6 -277.2 357 0 11.3 10.3 5.0 2.5 2 0 2 0 0
2935.1 -8282.5 -277.8 267 0 14.2 21.5 7.5 2.5 2 1 3 2 2
2933.0 -8269.9 -278.0 89 0 10.2 13.8 5.0 2.5 2 1 2 3 3
2951.4 -8269.3 -277.9 88 0 13.3 13.7 5.0 2.5 2 0 2 5 5
2978.0 -8266.7 -277.7 89 0 13.5 10.5 5.0 2.5 2 0 2 5 5
2920.3 -8332.4 -277.4 174 0 17.3 11.3 5.0 0.0 0 0 2 3 3
2954.8 -8240.5 -278.0 268 0 10.0 11.4 2.5 0.0 0 1 1 4 4
2967.4 -8241.9 -277.9 269 0 10.6 12.1 5.0 2.5 2 1 2 3 3
2994.2 -8248.1 -277.7 358 0 11.4 10.0 7.5 2.5 2 0 3 3 3
2953.8 -8228.0 -278.2 88 0 10.0 11.4 5.0 0.0 0 1 2 4 4
2966.7 -8227.2 -278.0 88 0 9.9 12.9 2.5 2.5 4 1 1 0 0
2977.0 -8224.8 -277.9 88 0 10.0 11.4 5.0 2.5 2 1 2 1 1
2976.5 -8195.6 -277.6 268 0 9.5 13.5 5.0 2.5 2 1 2 2 2
2940.7 -8187.6 -278.0 88 0 9.6 13.5 5.0 2.5 2 1 2 5 5
2987.4 -8183.4 -277.1 88 0 9.5 13.5 5.0 2.5 2 1 2 0 0
2927.9 -8157.4 -277.9 268 0 9.5 13.5 5.0 2.5 2 1 2 3 3
2928.6 -8145.2 -277.5 88 0 9.5 13.5 7.5 2.5 2 1 3 3 3
2902.5 -8257.4 -278.4 359 0 12.0 11.1 7.5 2.5 2 0 3 5 5
2903.6 -8243.8 -278.5 359 0 8.4 12.1 5.0 2.5 2 1 2 4 4
2900.3 -8186.7 -279.0 360 0 17.3 12.1 2.5 2.5 2 0 1 2 2
2898.8 -8166.0 -278.7 358 0 16.2 11.4 5.0 2.5 2 0 2 1 1
3043.7 -8786.6 -269.0 90 0 13.7 16.3 5.0 2.5 2 1 2 4 4
3068.3 -8787.0 -268.4 90 0 13.7 16.3 5.0 2.5 2 1 2 5 5
3093.7 -8787.0 -267.8 90 0 13.7 16.3 2.5 2.5 2 1 1 4 4
3118.3 -8787.0 -267.3 90 0 13.7 16.3 2.5 2.5 2 1 1 1 1
3143.6 -8788.0 -266.7 90 0 13.7 16.3 5.0 2.5 2 1 2 1 1
3168.6 -8787.8 -266.1 90 0 13.7 16.3 5.0 2.5 2 1 2 3 3
99.6 -8668.3 -288.5 333 0 11.0 14.3 14.0 3.5 2 1 4 4 4
696.8 -8318.6 -286.7 88 0 19.4 41.7 17.5 3.5 2 1 5 0 0
2714.9 -9206.3 -247.2 9 0 20.8 12.2 12.5 0.0 0 0 5 0 0
2721.8 -8715.8 -275.6 265 0 35.0 26.9 14.0 0.0 0 0 4 4 4
2730.2 -8770.9 -275.3 87 0 19.2 27.7 14.0 3.5 2 1 4 1 1
2709.0 -8711.6 -275.8 78 0 16.5 21.0 14.0 3.5 2 1 4 2 2
2727.3 -8677.3 -276.1 266 0 12.6 31.0 14.0 3.5 2 1 4 1 1
2641.8 -8715.9 -271.2 142 0 9.9 5.2 10.5 3.5 2 0 3 1 1
-54.5 -7364.5 -290.7 18 0 20.4 25.1 17.5 3.5 4 1 5 2 2
-62.1 -7392.0 -290.3 18 0 20.4 25.1 17.5 3.5 2 1 5 5 5
-204.8 -7522.8 -288.3 6 0 19.2 28.3 17.5 3.5 4 1 5 1 1
-154.8 -7529.4 -288.0 6 0 19.2 28.3 17.5 3.5 2 1 5 2 2
-119.7 -7522.9 -287.9 276 0 28.3 19.2 17.5 3.5 2 0 5 4 4
912.7 9879.2 302.5 267 0 18.6 16.0 10.0 2.5 2 0 4 2 2
1660.2 -8734.9 -269.7 283 0 7.1 15.4 10.5 3.5 4 1 3 0 0
1671.3 -8741.9 -269.6 283 0 8.0 16.9 10.5 3.5 2 1 3 2 2
1640.5 -8722.4 -269.8 303 0 14.0 9.1 10.5 3.5 4 0 3 1 1
1662.1 -8762.8 -267.1 272 0 7.6 17.1 10.5 3.5 2 1 3 5 5
1671.2 -8801.0 -268.6 98 0 8.4 34.0 10.5 3.5 4 1 3 4 4
1684.4 -8804.8 -269.0 98 0 6.6 31.6 10.5 3.5 2 1 3 2 2
1715.0 -8777.2 -271.1 8 0 7.5 15.1 10.5 3.5 2 1 3 1 1
1710.0 -8799.7 -269.3 8 0 11.6 16.6 14.0 3.5 2 1 4 5 5
1619.0 -8764.8 -263.7 200 0 12.4 12.3 14.0 3.5 2 0 4 2 2
1614.4 -8699.2 -270.0 279 0 14.1 15.8 14.0 3.5 2 1 4 4 4
1612.8 -8722.2 -268.6 9 0 13.5 10.5 14.0 3.5 2 0 4 4 4
1605.2 -8751.1 -264.6 9 0 14.7 11.3 14.0 0.0 0 0 4 0 0
1576.7 -8699.5 -267.2 9 0 10.3 12.4 14.0 3.5 2 1 4 4 4
1548.2 -8684.2 -266.7 189 0 6.1 14.5 10.5 3.5 2 1 3 5 5
1534.3 -8712.1 -264.7 189 0 12.0 18.2 14.0 3.5 2 1 4 1 1
1535.4 -8740.7 -260.0 300 0 13.2 11.7 10.5 3.5 2 0 3 4 4
1577.6 -8765.3 -259.8 300 0 6.4 14.4 10.5 3.5 2 1 3 4 4
1614.5 -8868.5 -251.4 13 0 7.9 4.9 10.5 3.5 2 0 3 1 1
1616.3 -8887.3 -250.0 193 0 15.7 18.9 10.5 3.5 2 1 3 1 1
1660.7 -8878.8 -255.9 13 0 20.1 11.9 10.5 3.5 2 0 3 5 5
1654.5 -8898.8 -251.2 13 0 13.1 9.3 10.5 0.0 0 0 3 4 4
1634.5 -8852.3 -256.7 193 0 9.1 11.0 10.5 0.0 0 1 3 5 5
1634.3 -8840.7 -259.1 193 0 10.6 15.4 10.5 3.5 2 1 3 4 4
1649.4 -8812.6 -262.8 283 0 7.4 14.5 10.5 3.5 2 1 3 2 2
1658.6 -8816.1 -263.3 283 0 6.9 12.6 10.5 3.5 2 1 3 4 4
1668.5 -8818.9 -264.0 283 0 5.4 19.0 10.5 3.5 2 1 3 0 0
1683.0 -8831.3 -264.9 13 0 13.9 5.5 10.5 3.5 2 0 3 0 0
1608.4 -8650.4 -272.2 33 0 12.8 19.3 14.0 3.5 2 1 4 0 0
1617.7 -8637.3 -273.6 35 0 13.0 19.8 14.0 3.5 4 1 4 0 0
1627.4 -8623.8 -275.0 37 0 12.1 19.4 14.0 3.5 2 1 4 5 5
1610.0 -8597.1 -274.8 304 0 11.8 15.2 14.0 3.5 2 1 4 4 4
1573.7 -8626.6 -271.5 212 0 12.9 16.2 14.0 3.5 2 1 4 2 2
1516.1 -8619.5 -267.6 93 0 8.3 7.9 10.5 3.5 2 0 3 5 5
1533.6 -8595.1 -269.7 2 0 10.9 5.8 10.5 3.5 2 0 3 1 1
1466.2 -8585.4 -265.4 273 0 7.1 13.2 10.5 3.5 4 1 3 4 4
1507.7 -8587.0 -268.3 274 0 9.5 22.8 10.5 3.5 2 1 3 3 3
1478.9 -8651.3 -263.8 102 0 12.7 12.9 14.0 3.5 2 1 4 4 4
1493.3 -8660.2 -264.4 115 0 10.0 14.4 14.0 3.5 2 1 4 5 5
1518.2 -8631.9 -266.7 276 0 10.7 15.7 14.0 3.5 2 1 4 0 0
1533.7 -8639.6 -267.2 294 0 9.7 14.9 10.5 3.5 2 1 3 3 3
1554.6 -8656.8 -267.8 278 0 8.4 15.0 10.5 3.5 2 1 3 5 5
1647.8 -8620.2 -277.0 220 0 10.5 21.7 14.0 3.5 2 1 4 4 4
1638.2 -8633.4 -275.9 220 0 15.4 25.4 14.0 3.5 2 1 4 2 2
1633.6 -8654.0 -273.4 310 0 13.5 17.2 14.0 3.5 2 1 4 5 5
1609.3 -8672.8 -271.6 212 0 12.8 16.7 14.0 3.5 2 1 4 2 2
1627.6 -8693.6 -272.0 122 0 12.4 13.1 14.0 3.5 2 1 4 3 3
1641.6 -8707.4 -272.5 123 0 17.6 15.2 14.0 3.5 4 0 4 1 1
1702.6 -8662.7 -278.0 359 0 12.2 21.3 14.0 3.5 2 1 4 5 5
1703.1 -8676.5 -277.4 359 0 14.2 19.9 14.0 3.5 2 0 4 3 3
1703.3 -8687.9 -276.6 0 0 8.7 15.8 10.5 3.5 2 0 3 2 2
1700.0 -8647.4 -278.6 2 0 9.5 18.7 10.5 3.5 2 1 3 3 3
1684.5 -8547.2 -281.8 359 0 7.7 16.4 10.5 3.5 2 1 3 0 0
1682.8 -8555.7 -281.8 359 0 6.6 11.1 10.5 3.5 2 1 3 5 5
1687.5 -8574.4 -281.5 358 0 5.4 16.5 10.5 3.5 4 1 3 0 0
1680.0 -8518.1 -282.4 3 0 6.5 11.9 10.5 3.5 2 1 3 1 1
1681.3 -8509.9 -282.5 360 0 6.4 14.7 10.5 3.5 2 1 3 3 3
1732.7 -8613.0 -280.5 358 0 15.1 9.7 10.5 0.0 0 0 3 3 3
1734.6 -8634.9 -280.2 357 0 8.2 9.6 10.5 0.0 0 1 3 3 3
1735.6 -8645.7 -280.1 1 0 10.0 10.7 14.0 3.5 2 0 4 3 3
1709.4 -8620.3 -280.6 177 0 6.3 7.2 10.5 3.5 2 1 3 1 1
1712.3 -8627.9 -280.4 176 0 6.9 7.8 10.5 3.5 2 1 3 2 2
1713.0 -8637.0 -280.2 177 0 8.0 9.6 10.5 3.5 2 1 3 4 4
1739.5 -8685.9 -279.4 359 0 11.2 9.9 10.5 3.5 2 0 3 1 1
1713.4 -8714.6 -276.3 274 0 17.3 10.2 10.5 3.5 2 0 3 2 2
1711.0 -8743.3 -274.8 95 0 16.9 16.7 10.5 3.5 2 0 3 5 5
1731.4 -8716.1 -277.4 274 0 15.5 11.2 10.5 3.5 2 0 3 2 2
1742.4 -8737.3 -276.5 3 0 15.2 19.4 10.5 3.5 2 1 3 5 5
1658.9 -8479.9 -283.0 272 0 8.6 15.2 10.5 3.5 2 1 3 2 2
1430.8 -8470.3 -276.7 271 0 5.6 15.2 10.5 3.5 2 1 3 3 3
1438.4 -8471.9 -276.1 271 0 7.5 13.2 10.5 3.5 2 0 3 1 1
1460.8 -8470.0 -275.1 271 0 7.5 17.3 10.5 3.5 4 1 3 2 2
1441.0 -8511.6 -273.3 91 0 6.6 16.8 10.5 3.5 2 1 3 4 4
1421.6 -8510.2 -274.9 93 0 8.6 16.8 10.5 3.5 4 1 3 4 4
1410.4 -8457.7 -281.8 93 0 9.2 19.3 10.5 3.5 2 1 3 0 0
1434.4 -8435.2 -280.8 272 0 17.6 17.2 14.0 3.5 4 0 4 2 2
1490.6 -8456.4 -277.2 91 0 6.8 15.9 10.5 3.5 2 1 3 1 1
1503.3 -8454.8 -276.7 91 0 6.5 11.7 10.5 3.5 2 1 3 3 3
1511.6 -8455.8 -276.4 94 0 8.8 11.7 10.5 3.5 2 1 3 0 0
1553.4 -8448.9 -279.8 182 0 18.4 11.0 14.0 3.5 2 0 4 2 2
1590.4 -8461.9 -282.1 92 0 9.6 23.1 10.5 3.5 2 1 3 3 3
1605.3 -8460.1 -283.3 92 0 10.8 22.5 14.0 3.5 2 1 4 1 1
1619.5 -8461.4 -284.0 92 0 9.9 23.4 10.5 3.5 2 1 3 1 1
1657.9 -8470.2 -283.3 92 0 8.8 11.9 10.5 3.5 2 1 3 0 0
1680.0 -8497.1 -282.7 2 0 14.8 13.8 10.5 3.5 2 0 3 0 0
1694.5 -8476.3 -282.8 176 0 6.3 12.9 10.5 3.5 2 1 3 2 2
1718.2 -8464.3 -283.4 356 0 9.2 10.9 10.5 3.5 2 1 3 3 3
1718.9 -8510.6 -282.3 356 0 6.1 12.0 10.5 3.5 2 1 3 4 4
1694.5 -8515.6 -282.0 176 0 10.0 10.7 14.0 3.5 2 1 4 3 3
1718.5 -8526.9 -281.9 356 0 7.5 11.7 10.5 3.5 2 1 3 1 1
1719.9 -8537.1 -281.7 356 0 4.3 11.5 10.5 3.5 2 1 3 1 1
1701.8 -8581.2 -281.2 176 0 16.1 10.2 14.0 0.0 0 0 4 2 2
1725.5 -8587.2 -280.9 356 0 13.1 9.7 10.5 3.5 2 0 3 4 4
1716.5 -8681.2 -278.7 176 0 8.0 10.9 10.5 3.5 2 1 3 5 5
1470.9 -8519.5 -272.4 93 0 8.8 24.0 10.5 0.0 0 1 3 2 2
