-407.3 -4053.0 -150.9 168 0 82.3 23.8 12.5 0.0 0 0 5 1 1
176.5 -3329.1 -158.5 179 0 16.2 34.3 10.5 3.5 2 1 3 0 0
148.6 -3365.5 -158.5 186 0 33.9 18.8 10.5 0.0 0 0 3 4 4
1577.5 -3267.2 -155.3 261 0 20.5 38.7 10.0 0.0 0 1 4 5 5
1593.2 -3351.3 -152.3 257 0 25.5 40.2 10.0 0.0 0 1 4 4 4
345.6 -3557.9 -149.5 358 0 18.5 36.7 14.0 0.0 0 1 4 0 0
-4094.3 7657.0 -177.5 353 0 41.4 20.1 12.5 2.5 2 0 5 5 5
-4832.8 -866.7 -140.9 8 0 11.4 32.0 10.0 2.5 2 1 4 2 2
885.9 -577.9 -146.1 192 0 28.4 18.6 12.5 2.5 2 0 5 0 0
-6257.1 7396.5 -184.5 233 0 21.2 46.1 10.0 2.5 2 1 4 0 0
-6296.2 7374.5 -176.4 346 0 19.4 30.4 10.0 2.5 2 1 4 4 4
889.6 -539.0 -140.3 177 0 11.8 31.8 10.0 2.5 2 1 4 3 3
-6282.0 7347.9 -177.9 254 0 15.5 38.0 12.5 0.0 0 1 5 4 4
441.2 5787.9 75.5 331 0 15.1 11.8 5.0 2.5 2 0 2 4 4
4968.2 8373.4 19.0 348 0 10.3 11.5 10.0 0.0 0 1 4 1 1
4064.2 8946.0 -33.9 256 0 10.7 9.2 5.0 2.5 2 0 2 0 0
698.2 -3617.3 -153.7 142 0 13.3 16.1 14.0 3.5 2 1 4 4 4
-5812.1 -7620.2 105.9 208 0 10.9 15.0 5.0 0.0 0 1 2 0 0
-6082.7 -8199.2 92.5 142 0 20.1 11.1 7.5 2.5 2 0 3 1 1
-6004.7 -7949.8 89.0 92 0 13.6 11.6 5.0 2.5 2 0 2 0 0
-5912.2 -7797.4 102.7 17 0 11.3 11.1 7.5 2.5 4 0 3 4 4
-5954.1 -7755.5 110.4 197 0 11.3 11.1 7.5 2.5 2 0 3 0 0
-5940.0 -7862.1 97.3 287 0 11.1 11.3 2.5 2.5 2 1 1 5 5
-6055.4 -7604.8 137.4 197 0 11.3 11.1 10.0 2.5 2 0 4 1 1
-6119.9 -7657.9 128.5 110 0 11.1 11.3 7.5 2.5 2 1 3 3 3
-6142.9 -7615.1 136.2 90 0 11.2 11.2 7.5 2.5 2 0 3 0 0
-6067.1 -7610.9 136.5 358 0 11.3 11.1 7.5 2.5 2 0 3 4 4
-6195.4 -7706.4 121.3 182 0 19.9 12.2 7.5 2.5 4 0 3 1 1
-6142.5 -7709.4 121.6 14 0 16.9 11.1 2.5 2.5 2 0 1 4 4
4237.7 4183.8 174.3 251 0 20.5 12.6 12.5 2.5 2 0 5 4 4
4791.3 2189.3 82.9 157 0 7.7 10.0 7.5 2.5 2 1 3 0 0
-216.6 -3888.2 -149.8 346 0 22.7 10.5 14.0 3.5 2 0 4 4 4
