-6740.8 -6390.8 -43.2 170 0 28.9 21.7 12.5 0.0 0 0 5 4 4
-6377.0 -6874.3 -33.4 82 0 19.1 35.2 10.0 0.0 0 1 4 1 1
-6531.1 -5899.5 -44.9 352 0 30.0 19.1 10.0 2.5 2 0 4 2 2
5790.2 -10454.0 -10.7 236 0 55.5 116.3 12.5 0.0 0 1 5 0 0
-4431.5 9016.5 -55.2 104 0 9.2 5.0 2.5 2.5 2 0 1 5 5
-4413.3 9013.3 -52.1 238 0 8.6 12.7 5.0 2.5 2 1 2 3 3
-4443.6 9007.1 -57.6 292 0 11.8 5.9 7.5 2.5 2 0 3 2 2
-4425.4 8995.9 -54.2 27 0 4.4 11.6 2.5 2.5 2 1 1 4 4
-4400.6 9056.8 -46.7 88 0 7.8 9.3 7.5 2.5 2 1 3 0 0
-4521.0 9021.8 -72.2 121 0 9.1 11.9 5.0 2.5 2 1 2 5 5
-4513.0 9040.9 -71.3 98 0 4.7 11.4 5.0 2.5 2 1 2 4 4
-4360.1 8959.0 -40.5 138 0 11.3 36.4 12.5 2.5 2 1 5 0 0
-4398.1 9008.4 -48.7 180 0 9.1 7.4 7.5 0.0 0 0 3 2 2
6648.6 -9539.0 -33.9 231 0 37.2 33.9 14.0 0.0 0 0 4 0 0
6640.3 -9244.2 -38.3 18 0 17.5 30.4 14.0 3.5 2 1 4 1 1
6489.5 -9369.0 -31.3 246 0 33.6 116.3 14.0 0.0 0 1 4 2 2
5228.9 -10479.4 -8.4 121 0 25.4 9.2 7.5 2.5 2 0 3 3 3
5414.0 -11036.7 -22.8 49 0 14.5 17.7 7.5 0.0 0 1 3 4 4
6938.1 -9511.2 -40.4 334 0 15.2 29.7 14.0 3.5 2 1 4 1 1
6939.5 -9546.0 -39.7 245 0 32.4 15.3 14.0 3.5 2 0 4 3 3
6936.7 -9542.4 -40.1 66 0 30.5 15.7 14.0 3.5 2 0 4 0 0
6801.9 -9795.0 -36.0 334 0 16.7 42.8 14.0 3.5 2 1 4 1 1
6611.1 -9773.9 -30.0 156 0 14.8 28.5 14.0 3.5 4 1 4 3 3
6602.8 -9756.7 -29.7 156 0 15.5 29.6 14.0 3.5 4 1 4 2 2
6692.0 -9736.6 -33.3 155 0 15.6 29.1 14.0 3.5 2 1 4 0 0
6905.6 -9177.8 -44.2 246 0 26.5 14.4 14.0 3.5 2 0 4 3 3
6860.6 -9206.5 -43.4 154 0 13.6 30.4 14.0 3.5 4 1 4 0 0
6939.0 -9250.5 -43.6 244 0 28.4 13.1 14.0 3.5 2 0 4 3 3
6935.6 -9246.0 -43.9 65 0 27.9 15.0 14.0 3.5 2 0 4 4 4
6937.1 -9214.9 -44.1 334 0 15.7 27.9 14.0 3.5 2 1 4 2 2
6929.4 -9196.4 -44.2 336 0 14.5 28.1 14.0 3.5 2 1 4 1 1
6753.4 -9685.2 -33.7 335 0 15.7 37.3 14.0 0.0 0 1 4 3 3
6585.0 -9721.2 -29.2 153 0 15.1 28.8 14.0 3.5 4 1 4 0 0
6577.1 -9702.3 -29.0 153 0 15.3 29.1 14.0 3.5 2 1 4 2 2
6592.5 -9739.4 -29.5 155 0 14.8 31.0 14.0 3.5 2 1 4 1 1
6538.1 -9834.4 -26.9 155 0 15.4 33.9 14.0 3.5 2 1 4 0 0
6512.9 -9854.7 -25.2 65 0 34.0 17.9 10.5 0.0 0 0 3 2 2
6455.7 -9870.8 -24.0 155 0 17.6 33.1 10.5 3.5 2 1 3 0 0
6512.8 -9775.5 -26.1 155 0 15.3 29.9 14.0 3.5 2 1 4 5 5
6504.3 -9757.4 -25.9 155 0 15.0 29.2 14.0 3.5 2 1 4 5 5
6097.8 -10225.1 -12.2 312 0 39.2 21.2 7.5 0.0 0 0 3 2 2
6061.1 -10194.9 -10.0 223 0 37.4 18.4 15.0 2.5 2 0 6 1 1
6181.1 -10281.9 -16.8 335 0 17.4 33.5 10.0 2.5 2 1 4 1 1
6404.8 -9594.5 -22.1 334 0 16.5 28.9 10.5 3.5 2 1 3 0 0
6324.4 -9632.0 -18.8 335 0 14.5 29.9 10.5 3.5 2 1 3 2 2
6344.3 -9623.8 -20.7 154 0 15.7 30.3 10.5 3.5 2 1 3 3 3
6334.8 -9605.5 -20.5 154 0 15.5 29.8 10.5 0.0 0 1 3 5 5
6352.6 -9641.9 -20.9 153 0 15.2 30.4 10.5 3.5 2 1 3 1 1
6403.3 -9625.7 -22.3 63 0 30.4 15.5 10.5 3.5 2 0 3 5 5
6703.4 -9344.9 -37.7 337 0 13.2 29.3 14.0 3.5 2 1 4 3 3
6623.2 -9338.8 -36.8 155 0 13.6 29.4 14.0 3.5 2 1 4 3 3
6648.0 -9393.1 -36.1 153 0 13.5 32.6 14.0 3.5 2 1 4 4 4
6639.5 -9374.9 -36.4 153 0 14.1 29.8 14.0 3.5 2 1 4 0 0
6633.4 -9356.6 -36.7 151 0 13.9 31.6 14.0 3.5 2 1 4 0 0
6695.4 -9326.4 -38.0 334 0 13.1 29.5 14.0 3.5 2 1 4 0 0
6657.4 -9411.2 -35.9 153 0 13.8 29.8 14.0 0.0 0 1 4 2 2
6720.2 -9381.1 -37.1 334 0 13.0 29.1 14.0 3.5 4 1 4 1 1
6665.9 -9429.6 -35.7 155 0 11.5 31.2 14.0 3.5 2 1 4 1 1
6729.7 -9400.2 -37.4 337 0 13.5 30.1 14.0 3.5 2 1 4 4 4
6674.2 -9446.4 -35.9 156 0 14.3 30.2 14.0 3.5 2 1 4 5 5
6738.3 -9418.6 -37.3 336 0 14.2 30.8 14.0 3.5 4 1 4 4 4
6683.1 -9465.4 -36.1 154 0 14.3 33.8 14.0 3.5 2 1 4 4 4
6748.8 -9435.2 -37.2 336 0 13.0 28.4 14.0 3.5 2 1 4 3 3
6711.4 -9488.4 -36.1 64 0 33.2 20.4 14.0 0.0 0 0 4 0 0
6750.4 -9469.8 -37.3 65 0 35.5 16.1 14.0 3.5 2 0 4 2 2
6700.5 -9282.2 -40.1 148 0 11.9 28.9 14.0 3.5 2 1 4 1 1
6706.9 -9299.1 -39.7 154 0 13.0 31.5 14.0 3.5 2 1 4 2 2
6715.6 -9318.0 -39.1 155 0 13.3 29.6 14.0 0.0 0 1 4 0 0
6724.1 -9336.2 -39.0 154 0 14.4 32.1 14.0 3.5 2 1 4 0 0
6741.6 -9372.2 -38.8 154 0 15.5 30.0 14.0 0.0 0 1 4 1 1
6732.3 -9354.0 -39.0 154 0 12.5 30.7 14.0 3.5 2 1 4 3 3
6749.9 -9390.8 -38.7 154 0 12.6 29.8 14.0 3.5 2 1 4 5 5
6757.8 -9408.5 -38.6 155 0 13.5 29.9 14.0 0.0 0 1 4 4 4
6785.6 -9306.0 -40.1 332 0 15.2 29.2 14.0 3.5 2 1 4 3 3
6802.0 -9343.3 -39.8 334 0 14.1 29.2 14.0 3.5 2 1 4 0 0
6744.0 -9253.3 -40.6 245 0 28.2 13.5 14.0 3.5 2 0 4 0 0
6767.7 -9270.9 -40.3 333 0 14.7 29.2 14.0 3.5 2 1 4 3 3
6780.0 -9243.8 -41.8 154 0 13.1 29.1 14.0 3.5 4 1 4 4 4
6729.7 -9161.8 -41.1 65 0 27.8 10.5 10.5 3.5 2 0 3 4 4
6733.8 -9131.9 -41.2 339 0 22.2 11.1 10.5 0.0 0 0 3 0 0
6743.9 -9114.2 -41.7 158 0 20.0 15.9 10.5 3.5 2 0 3 5 5
6858.2 -9375.5 -41.0 243 0 31.9 14.8 14.0 3.5 2 0 4 4 4
6874.6 -9410.3 -41.0 63 0 35.0 18.0 14.0 0.0 0 0 4 4 4
6902.1 -9398.0 -41.3 63 0 12.8 18.3 14.0 3.5 2 0 4 1 1
6917.1 -9390.5 -41.7 64 0 20.3 18.0 14.0 3.5 2 0 4 5 5
6765.7 -9425.3 -38.6 155 0 14.9 29.5 14.0 3.5 2 1 4 1 1
6772.7 -9448.3 -38.1 154 0 18.7 16.3 14.0 3.5 2 0 4 2 2
6800.2 -9445.7 -38.6 65 0 19.3 18.7 14.0 3.5 2 0 4 3 3
6656.2 -9664.2 -32.5 155 0 14.2 30.9 14.0 3.5 2 1 4 0 0
6664.7 -9684.3 -32.5 153 0 15.1 34.2 14.0 3.5 2 1 4 4 4
6674.5 -9700.6 -32.4 155 0 14.6 30.2 14.0 3.5 2 1 4 2 2
6735.0 -9649.8 -33.4 336 0 14.7 36.0 14.0 3.5 2 1 4 1 1
6726.6 -9631.8 -33.5 335 0 14.7 36.2 14.0 3.5 2 1 4 4 4
6719.1 -9611.9 -33.6 335 0 14.7 36.3 14.0 3.5 2 1 4 3 3
6644.6 -9614.9 -31.6 244 0 23.1 16.3 14.0 0.0 0 0 4 1 1
6604.1 -9601.1 -29.6 335 0 13.2 30.7 14.0 3.5 2 1 4 5 5
6612.2 -9620.1 -29.8 335 0 13.2 30.5 14.0 3.5 2 1 4 5 5
6622.0 -9637.5 -30.1 336 0 13.0 29.8 14.0 3.5 2 1 4 0 0
6486.6 -9556.4 -25.6 335 0 17.0 29.6 14.0 0.0 0 1 4 4 4
6470.8 -9685.8 -25.1 153 0 15.6 29.6 14.0 3.5 2 1 4 2 2
6536.5 -9654.5 -26.7 334 0 14.6 32.7 14.0 3.5 2 1 4 0 0
6291.9 -9726.1 -18.2 152 0 15.7 30.5 10.5 0.0 0 1 3 4 4
6764.1 -9707.5 -33.8 335 0 7.9 35.9 10.5 3.5 2 0 3 4 4
6760.0 -9700.2 -33.8 327 0 8.8 17.8 10.5 3.5 2 0 3 4 4
6747.8 -9744.0 -33.9 66 0 18.1 19.0 14.0 3.5 2 0 4 4 4
6764.8 -9736.9 -33.9 69 0 19.3 19.0 14.0 3.5 2 0 4 4 4
6718.5 -9552.4 -35.0 155 0 23.9 13.0 14.0 3.5 2 0 4 0 0
6745.3 -9567.4 -35.6 245 0 36.0 17.7 14.0 3.5 2 0 4 3 3
6741.9 -9602.4 -34.3 155 0 13.2 18.1 14.0 3.5 2 0 4 3 3
6758.3 -9594.8 -35.3 155 0 13.5 18.4 14.0 3.5 2 0 4 0 0
6786.4 -9549.4 -37.0 244 0 34.9 16.8 14.0 3.5 4 0 4 5 5
6814.2 -9569.3 -36.9 334 0 15.0 35.8 14.0 3.5 2 1 4 3 3
6831.6 -9526.8 -38.3 246 0 29.4 19.2 14.0 0.0 0 0 4 2 2
6866.2 -9511.1 -39.4 247 0 34.5 18.1 14.0 0.0 0 0 4 2 2
6897.0 -9530.8 -39.4 337 0 14.6 33.6 14.0 3.5 2 1 4 5 5
6826.6 -9562.8 -38.3 155 0 15.4 35.4 14.0 0.0 0 1 4 0 0
6835.5 -9581.0 -38.1 156 0 12.8 32.7 14.0 3.5 2 1 4 2 2
6903.1 -9549.3 -39.3 334 0 13.9 32.4 14.0 3.5 2 1 4 0 0
6911.3 -9567.4 -39.2 334 0 11.9 29.8 14.0 3.5 2 1 4 2 2
6918.0 -9586.3 -39.1 334 0 15.0 32.2 14.0 3.5 4 1 4 1 1
6853.8 -9617.7 -38.1 155 0 14.6 32.9 14.0 3.5 2 1 4 5 5
6862.7 -9635.9 -38.0 154 0 14.4 33.4 14.0 3.5 2 1 4 5 5
6919.4 -9608.7 -38.8 332 0 13.6 23.1 14.0 3.5 2 1 4 5 5
6870.6 -9652.9 -38.0 155 0 14.3 32.6 14.0 3.5 2 1 4 0 0
6935.6 -9623.1 -38.9 333 0 14.4 30.7 14.0 3.5 2 1 4 4 4
6857.1 -9694.3 -36.2 65 0 34.9 17.3 14.0 3.5 2 0 4 5 5
6844.2 -9643.2 -36.1 336 0 14.7 29.0 14.0 3.5 2 1 4 2 2
6836.6 -9624.4 -36.5 335 0 14.3 30.4 14.0 3.5 2 1 4 1 1
6827.6 -9607.6 -36.7 334 0 15.1 30.3 14.0 3.5 2 1 4 0 0
6821.2 -9588.3 -36.8 334 0 12.7 28.8 14.0 3.5 2 1 4 2 2
6752.7 -9618.6 -35.0 154 0 18.0 34.0 14.0 0.0 0 1 4 4 4
6759.9 -9639.5 -34.8 153 0 14.8 34.7 14.0 3.5 2 1 4 2 2
6768.1 -9656.2 -34.7 155 0 13.1 35.5 14.0 3.5 2 1 4 5 5
6776.6 -9674.8 -34.7 155 0 13.9 35.9 14.0 3.5 2 1 4 1 1
6786.8 -9693.1 -34.7 154 0 13.6 34.7 14.0 3.5 2 1 4 5 5
6815.2 -9713.0 -34.9 65 0 35.9 18.3 14.0 0.0 0 0 4 3 3
6857.4 -9658.9 -36.2 334 0 17.3 34.5 14.0 3.5 2 1 4 5 5
6676.4 -9778.9 -32.0 65 0 34.7 9.5 10.5 3.5 2 0 3 3 3
6672.3 -9745.4 -31.2 333 0 14.4 30.7 14.0 3.5 2 1 4 5 5
6664.2 -9727.9 -31.2 335 0 14.7 30.4 14.0 3.5 2 1 4 1 1
6423.4 -9795.3 -22.7 154 0 14.6 29.8 10.5 3.5 2 1 3 1 1
6407.0 -9758.8 -22.3 155 0 15.3 29.9 10.5 3.5 2 1 3 0 0
6460.2 -9711.3 -23.5 335 0 15.4 31.5 10.5 3.5 2 1 3 5 5
6451.4 -9694.0 -23.2 335 0 14.8 30.5 10.5 3.5 2 1 3 3 3
6442.7 -9674.4 -23.0 333 0 14.5 31.0 10.5 3.5 2 1 3 0 0
6381.9 -9704.0 -21.6 154 0 14.0 28.7 10.5 3.5 2 1 3 2 2
6373.9 -9686.3 -21.4 154 0 14.2 28.2 10.5 0.0 0 1 3 1 1
6467.4 -9728.9 -23.6 332 0 13.4 29.1 10.5 3.5 2 1 3 0 0
6833.5 -9780.6 -36.6 155 0 15.8 19.8 14.0 3.5 2 1 4 1 1
6433.5 -9602.1 -24.3 156 0 13.9 30.8 14.0 3.5 2 1 4 0 0
6378.0 -9474.8 -26.2 154 0 15.1 27.8 14.0 3.5 2 1 4 2 2
6387.1 -9492.6 -25.2 154 0 15.3 24.9 14.0 3.5 2 1 4 2 2
6397.5 -9415.0 -27.4 245 0 16.1 27.9 14.0 3.5 2 1 4 4 4
6281.4 -9480.9 -20.5 153 0 21.0 11.3 10.5 3.5 4 0 3 3 3
6166.3 -9321.4 -17.9 153 0 20.3 16.9 10.0 0.0 0 0 4 4 4
6228.5 -9336.9 -20.6 160 0 43.2 14.8 10.5 3.5 2 0 3 3 3
6258.2 -9249.7 -21.6 247 0 11.3 25.2 10.5 3.5 2 1 3 2 2
6479.5 -9330.2 -29.5 333 0 14.1 8.5 10.5 3.5 2 0 3 0 0
6550.0 -9303.3 -33.3 62 0 20.2 13.3 14.0 3.5 2 0 4 5 5
6157.7 -9654.5 -12.5 335 0 29.5 17.7 12.5 2.5 2 0 5 1 1
6242.1 -9702.7 -15.8 61 0 18.3 17.2 14.0 3.5 2 0 4 2 2
6308.3 -9762.2 -18.7 153 0 15.5 30.3 10.5 3.5 2 1 3 2 2
6316.2 -9779.6 -18.9 153 0 14.4 29.9 10.5 3.5 2 1 3 0 0
6377.6 -9749.6 -20.2 333 0 14.9 29.4 10.5 3.5 2 1 3 5 5
6371.5 -9731.6 -20.0 335 0 12.0 26.6 10.5 3.5 2 1 3 2 2
6514.5 -9620.6 -26.1 333 0 13.0 29.8 14.0 3.5 2 1 4 2 2
6685.1 -9586.6 -33.8 64 0 41.3 10.3 14.0 3.5 2 0 4 0 0
6744.6 -9666.0 -33.6 335 0 13.6 25.1 14.0 3.5 2 1 4 2 2
6596.1 -9781.4 -28.2 334 0 14.8 33.6 14.0 3.5 2 1 4 3 3
6616.6 -9796.0 -29.8 155 0 18.9 18.2 14.0 3.5 2 0 4 3 3
6644.9 -9793.0 -30.3 66 0 17.4 18.6 14.0 3.5 2 0 4 5 5
6678.4 -9908.1 -30.0 149 0 22.7 14.1 14.0 0.0 0 0 4 3 3
6672.9 -9877.3 -30.4 262 0 14.2 17.6 14.0 3.5 2 1 4 3 3
6536.6 -9980.8 -23.0 245 0 15.8 15.9 10.5 3.5 2 1 3 2 2
6518.7 -9988.3 -21.9 246 0 15.8 15.4 10.5 3.5 2 0 3 1 1
6599.0 -9948.4 -25.3 64 0 18.2 23.0 14.0 3.5 2 1 4 3 3
6570.7 -9910.7 -26.3 153 0 34.2 12.8 14.0 3.5 2 0 4 5 5
6357.9 -9870.3 -20.5 155 0 14.7 31.7 10.5 3.5 2 1 3 3 3
6419.6 -9840.5 -21.9 334 0 14.4 29.4 10.5 0.0 0 1 3 2 2
6428.9 -9858.3 -22.1 333 0 15.4 31.1 10.5 3.5 2 1 3 4 4
6394.1 -9909.5 -19.4 65 0 34.2 18.3 10.5 0.0 0 0 3 2 2
6386.8 -9768.4 -20.5 334 0 14.1 29.3 10.5 0.0 0 1 3 0 0
6349.5 -9852.0 -20.6 155 0 14.6 31.0 10.5 3.5 2 1 3 5 5
6341.1 -9834.3 -19.9 154 0 15.0 30.4 10.5 3.5 2 1 3 3 3
6414.4 -9821.0 -21.3 334 0 14.2 32.7 10.5 3.5 2 1 3 0 0
6404.1 -9803.4 -20.9 334 0 14.6 29.0 10.5 3.5 2 1 3 3 3
6059.9 -9826.0 -6.6 183 0 25.3 14.8 12.5 2.5 2 0 5 4 4
6061.5 -9796.2 -6.3 185 0 25.3 14.6 12.5 2.5 2 0 5 1 1
5909.4 -9778.8 3.8 272 0 12.6 26.2 7.5 0.0 0 1 3 4 4
6619.3 -9939.4 -26.3 62 0 15.8 20.6 14.0 3.5 2 1 4 2 2
6637.4 -9930.0 -27.4 63 0 15.7 21.2 14.0 3.5 4 1 4 2 2
6893.9 -9047.9 -44.0 158 0 23.2 20.6 14.0 3.5 2 0 4 0 0
6765.7 -9029.7 -42.4 335 0 16.3 14.4 10.5 3.5 2 0 3 0 0
6775.5 -8965.5 -43.3 68 0 17.1 14.1 14.0 3.5 2 0 4 2 2
6729.4 -8672.2 -43.5 160 0 18.6 16.5 10.0 2.5 2 0 4 5 5
6772.1 -8669.1 -43.8 337 0 17.9 16.9 10.0 2.5 2 0 4 2 2
6821.4 -8711.4 -44.1 343 0 25.3 16.1 12.5 2.5 2 0 5 2 2
6788.9 -8708.5 -43.9 252 0 20.3 13.8 7.5 0.0 0 0 3 3 3
6717.3 -8638.3 -43.5 160 0 19.0 17.1 7.5 2.5 4 0 3 4 4
6722.9 -8655.3 -43.5 159 0 9.2 17.6 5.0 2.5 2 1 2 5 5
6734.1 -8690.0 -43.5 159 0 9.1 19.3 7.5 2.5 2 1 3 3 3
6812.4 -8667.9 -44.1 321 0 22.3 25.6 10.0 2.5 2 1 4 1 1
6637.8 -8888.5 -41.4 166 0 18.5 13.3 7.5 2.5 2 0 3 5 5
6265.0 -8993.7 -27.7 171 0 20.4 13.8 10.0 2.5 2 0 4 3 3
5986.5 -9191.4 -10.6 69 0 19.9 22.7 10.0 2.5 2 1 4 2 2
6014.5 -9182.2 -12.6 69 0 19.9 22.7 10.0 2.5 2 1 4 3 3
6042.6 -9171.2 -14.6 69 0 19.8 22.7 10.0 2.5 2 1 4 0 0
6554.0 -9690.8 -27.2 334 0 14.1 33.4 14.0 3.5 2 1 4 5 5
6323.1 -9842.1 -18.8 336 0 17.4 24.9 14.0 3.5 2 1 4 2 2
6211.3 -9938.5 -10.8 6 0 14.2 15.0 10.0 0.0 0 1 4 4 4
6213.3 -9920.6 -11.7 6 0 14.2 15.0 5.0 2.5 2 1 2 3 3
6215.0 -9901.6 -12.5 6 0 14.2 14.9 7.5 2.5 2 1 3 2 2
6172.5 -9905.4 -11.1 186 0 14.2 15.0 2.5 2.5 2 1 1 5 5
6172.2 -9924.4 -10.3 186 0 14.2 15.0 5.0 2.5 2 1 2 0 0
6169.6 -9943.1 -9.5 186 0 14.2 15.0 5.0 2.5 2 1 2 0 0
6168.4 -9961.9 -8.7 186 0 14.3 15.0 5.0 2.5 2 1 2 5 5
6223.7 -10006.0 -9.3 63 0 17.5 26.2 14.0 3.5 2 1 4 5 5
6285.9 -10299.5 -21.2 63 0 17.2 33.0 10.0 2.5 2 1 4 3 3
6260.4 -10388.1 -19.5 151 0 18.0 14.9 10.0 2.5 4 0 4 2 2
6742.1 -10901.1 -25.4 157 0 14.4 26.1 7.5 2.5 2 1 3 4 4
6734.2 -10881.9 -25.0 157 0 14.4 26.1 10.0 0.0 0 1 4 5 5
6724.0 -10862.2 -24.6 157 0 14.4 26.1 12.5 2.5 4 1 5 5 5
6715.7 -10843.2 -24.3 157 0 14.4 26.1 12.5 2.5 2 1 5 1 1
6548.6 -9381.2 -31.3 245 0 9.3 23.4 10.5 3.5 2 0 3 0 0
6523.7 -9359.9 -31.0 245 0 15.4 33.9 14.0 0.0 0 0 4 1 1
6816.7 -10366.7 -31.0 68 0 39.0 19.0 14.0 3.5 2 0 4 4 4
6197.7 -7625.5 -47.9 77 0 16.4 18.2 10.0 2.5 2 0 4 5 5
6172.8 -7827.7 -48.2 76 0 19.5 15.6 10.0 2.5 2 0 4 3 3
5291.1 5626.5 -49.4 254 0 18.7 35.0 12.5 0.0 0 1 5 0 0
6123.4 5876.4 -47.5 56 0 50.2 29.8 10.0 0.0 0 0 4 1 1
5345.0 5168.8 -65.4 195 0 16.7 16.1 10.0 2.5 2 0 4 0 0
4668.3 5657.1 -45.8 3 0 38.8 19.3 15.0 2.5 2 0 6 1 1
3731.2 -556.9 -52.8 319 0 14.1 18.7 10.0 2.5 2 1 4 5 5
-6792.2 -5156.8 -51.4 269 0 11.4 34.9 12.5 2.5 2 0 5 2 2
-6754.7 -5178.3 -50.2 359 0 12.7 31.4 10.0 2.5 2 0 4 2 2
-4820.0 -3248.4 61.6 165 0 7.9 16.8 5.0 2.5 2 0 2 3 3
-4823.1 -3229.9 58.6 164 0 29.3 14.8 10.0 2.5 2 0 4 4 4
-6667.1 -7562.1 -47.7 11 0 12.0 5.4 5.0 2.5 2 0 2 0 0
-6527.1 -7370.8 -41.9 2 0 9.0 11.0 7.5 0.0 0 1 3 4 4
-6495.5 -7448.3 -41.4 200 0 9.2 5.9 7.5 2.5 4 0 3 1 1
-6360.1 -7261.0 -35.6 329 0 4.8 10.7 2.5 2.5 2 0 1 5 5
-6378.3 -7561.3 -40.7 4 0 17.9 24.5 7.5 2.5 2 1 3 3 3
-6403.1 -7948.9 -43.6 94 0 24.2 9.7 2.5 2.5 2 0 1 2 2
-6433.5 -7943.9 -44.3 93 0 10.8 6.4 5.0 2.5 2 0 2 2 2
5911.9 -10563.5 -12.1 64 0 9.8 9.7 7.5 0.0 0 0 3 3 3
5909.6 -10421.3 -8.9 356 0 5.0 13.4 5.0 2.5 4 1 2 0 0
5856.5 -10433.9 -7.6 240 0 12.9 14.7 2.5 2.5 2 1 1 4 4
5849.3 -10422.9 -6.8 161 0 6.6 14.3 7.5 0.0 0 1 3 1 1
5860.2 -10409.2 -6.8 162 0 8.5 9.9 2.5 2.5 2 1 1 4 4
5931.2 -10607.3 -11.2 73 0 6.6 9.4 5.0 2.5 2 1 2 2 2
5755.3 -10543.7 -7.6 270 0 13.3 11.3 2.5 2.5 2 0 1 3 3
5812.7 -10573.1 -9.5 260 0 10.6 6.7 2.5 2.5 4 0 1 2 2
5716.6 -10520.1 -8.0 269 0 13.6 26.7 10.0 2.5 2 1 4 5 5
3180.4 -1058.8 -18.9 113 0 6.9 12.5 7.5 2.5 4 1 3 2 2
-619.7 -2292.2 13.2 240 0 34.9 16.6 10.0 2.5 2 0 4 1 1
-529.3 -2281.1 12.9 333 0 15.1 100.7 7.5 2.5 2 1 3 0 0
-519.3 -2298.8 12.9 332 0 15.7 101.2 10.0 2.5 2 1 4 0 0
-653.4 -2367.5 13.3 158 0 16.8 15.9 12.5 2.5 2 0 5 5 5
6104.3 -7230.4 -45.5 173 0 30.4 156.9 10.0 0.0 0 1 4 1 1
6187.4 -7249.3 -46.2 263 0 149.9 30.4 12.5 0.0 0 0 5 3 3
6200.0 -7323.4 -46.5 83 0 135.4 28.9 10.0 0.0 0 0 4 4 4
6203.9 -7348.2 -47.2 263 0 132.4 30.5 12.5 0.0 0 0 5 3 3
6213.4 -7392.2 -47.5 262 0 135.0 29.5 10.0 0.0 0 0 4 4 4
6444.9 -7271.9 -48.8 346 0 29.6 156.6 10.0 0.0 0 1 4 0 0
6380.3 -7405.0 -50.1 84 0 155.2 33.1 10.0 0.0 0 0 4 2 2
6512.7 -7048.9 -47.5 346 0 38.5 61.1 12.5 0.0 0 1 5 2 2
6461.8 -7264.9 -49.1 173 0 9.8 29.2 7.5 2.5 4 1 3 5 5
6571.4 -7260.6 -51.1 172 0 27.9 48.6 10.0 0.0 0 1 4 3 3
6629.7 -7217.4 -50.8 351 0 19.7 14.8 7.5 0.0 0 0 3 1 1
6635.2 -7425.5 -52.1 83 0 15.1 17.5 12.5 2.5 4 1 5 4 4
6591.2 -7122.3 -49.3 352 0 19.4 28.4 10.0 2.5 2 1 4 2 2
6387.0 -7494.4 -51.0 266 0 144.0 25.4 15.0 0.0 0 0 6 5 5
6446.0 -7689.0 -49.1 188 0 12.9 21.5 7.5 2.5 2 1 3 3 3
6026.5 -7396.0 -45.6 173 0 21.1 42.7 12.5 0.0 0 1 5 1 1
6465.5 -8970.7 -34.8 346 0 21.0 13.0 14.0 3.5 2 0 4 0 0
6525.4 -9074.3 -36.8 170 0 11.9 13.5 10.5 3.5 2 1 3 1 1
6521.9 -9059.1 -37.0 167 0 8.8 14.2 10.5 3.5 2 1 3 0 0
6435.1 -8991.9 -33.9 166 0 21.4 16.3 14.0 3.5 2 0 4 3 3
806.7 -638.3 -14.4 94 0 32.4 43.2 10.0 0.0 0 1 4 1 1
-2222.9 -1366.8 15.1 323 0 28.7 27.3 12.5 0.0 0 0 5 5 5
6898.7 -9442.4 -40.9 65 0 24.3 23.7 14.0 3.5 2 0 4 3 3
6725.9 -8738.3 -43.3 168 0 7.7 5.7 5.0 0.0 0 0 2 0 0
6833.2 -8665.6 -44.4 134 0 22.9 16.7 10.0 2.5 2 0 4 5 5
6810.1 -8642.1 -44.3 137 0 24.0 17.7 10.0 2.5 2 0 4 2 2
6842.9 -8883.4 -44.0 264 0 47.1 12.9 10.0 2.5 2 0 4 5 5
6873.0 -8915.3 -44.3 63 0 68.6 14.6 15.0 2.5 2 0 6 2 2
