-5256.0 -3620.2 -58.3 352 0 46.1 9.4 7.5 2.5 2 0 3 1 1
-5898.2 -4251.9 -164.8 129 0 14.4 67.1 10.0 2.5 2 1 4 1 1
4590.7 6646.9 -166.8 161 0 27.4 25.2 10.0 0.0 0 0 4 5 5
-5258.5 -3592.4 -55.0 353 0 6.8 5.8 7.5 2.5 2 0 3 5 5
-5864.0 -4178.3 -160.3 220 0 9.0 16.7 5.0 2.5 2 1 2 0 0
-2689.1 -2107.9 -92.0 64 0 10.0 17.4 2.5 2.5 2 1 1 0 0
4587.2 6628.6 -170.1 341 0 17.4 7.5 5.0 2.5 2 0 2 3 3
-5879.7 -4197.8 -164.1 219 0 27.2 12.7 10.0 2.5 2 0 4 1 1
-5500.9 -2239.4 -89.0 176 0 10.9 15.2 7.5 2.5 2 1 3 1 1
-6593.5 -3705.9 -156.5 11 0 16.7 12.7 10.0 2.5 2 0 4 5 5
-6942.7 -2809.2 -132.7 246 0 5.7 6.8 7.5 2.5 2 1 3 4 4
-6925.2 -2845.9 -128.0 64 0 13.9 7.3 2.5 2.5 2 0 1 3 3
-6638.2 -3768.1 -154.2 147 0 37.1 5.8 7.5 2.5 4 0 3 0 0
-6815.3 -2741.3 -140.2 164 0 8.2 10.9 7.5 2.5 2 1 3 4 4
-6904.7 -2758.4 -136.1 256 0 10.5 10.2 5.0 2.5 2 0 2 1 1
-6936.0 -2670.8 -152.7 67 0 11.5 6.1 7.5 2.5 4 0 3 0 0
-5617.9 -3263.9 -65.0 180 0 7.2 33.1 2.5 2.5 2 1 1 3 3
-5502.9 -2189.9 -89.9 247 0 13.2 9.2 7.5 2.5 4 0 3 1 1
-5439.9 -2238.9 -91.1 343 0 9.6 13.3 7.5 2.5 2 1 3 3 3
-6939.3 -2806.4 -134.0 155 0 14.7 11.4 7.5 2.5 2 0 3 5 5
-5487.9 -2280.8 -86.3 126 0 8.5 7.4 7.5 0.0 0 0 3 4 4
-6633.4 -3744.3 -153.7 188 0 11.5 9.4 5.0 2.5 2 0 2 4 4
-6597.9 -3732.8 -156.0 7 0 15.9 13.1 2.5 2.5 2 0 1 4 4
-6895.5 -2792.5 -132.6 77 0 15.5 9.1 5.0 2.5 2 0 2 2 2
-6924.1 -2665.9 -152.8 67 0 11.5 6.1 7.5 2.5 2 0 3 3 3
-6855.7 -2792.9 -130.2 73 0 7.7 10.9 7.5 2.5 2 1 3 4 4
-6928.6 -2624.1 -160.3 258 0 9.8 11.5 7.5 2.5 2 1 3 5 5
-5656.7 -3366.2 -66.3 215 0 7.7 6.7 5.0 0.0 0 0 2 4 4
-5502.4 -2217.5 -90.1 168 0 11.7 14.0 5.0 2.5 2 1 2 3 3
-5442.7 -2263.6 -89.8 351 0 9.3 14.4 7.5 2.5 2 1 3 4 4
-5500.7 -2260.8 -87.2 176 0 10.0 14.2 5.0 2.5 2 1 2 3 3
-6590.8 -3671.3 -157.1 285 0 11.8 16.0 2.5 2.5 2 1 1 1 1
-6602.0 -3758.8 -155.6 6 0 15.5 12.4 5.0 2.5 2 0 2 5 5
-6910.9 -2808.9 -131.4 69 0 6.1 9.7 7.5 2.5 2 1 3 3 3
-6007.7 -1979.1 -96.6 204 0 7.7 19.6 2.5 2.5 2 1 1 3 3
-6619.3 -3785.5 -154.8 57 0 7.0 6.2 5.0 2.5 2 0 2 2 2
-6912.1 -2661.0 -153.7 67 0 11.5 6.1 7.5 2.5 2 0 3 1 1
-6859.9 -2801.6 -130.1 70 0 5.2 10.4 7.5 0.0 0 1 3 5 5
-5652.6 -3383.2 -66.1 125 0 7.5 23.8 7.5 2.5 2 1 3 2 2
-6550.1 -3835.2 -161.2 141 0 3.5 3.5 5.0 2.5 2 0 2 4 4
-5437.8 -2212.4 -92.7 338 0 10.5 11.9 7.5 2.5 2 1 3 3 3
-5455.2 -2287.9 -87.9 350 0 9.5 12.4 7.5 2.5 4 1 3 5 5
-6249.5 -2829.5 -170.6 109 0 10.6 9.9 7.5 2.5 2 0 3 1 1
-5566.5 -2855.1 -134.0 160 0 5.4 18.7 5.0 2.5 2 1 2 2 2
-6496.7 -2807.4 -172.0 29 0 10.3 6.5 5.0 2.5 2 0 2 3 3
-6522.7 -2852.9 -173.1 26 0 10.6 8.3 5.0 2.5 2 0 2 0 0
1023.4 -5841.9 -45.2 94 0 31.8 20.0 10.0 0.0 0 0 4 5 5
1763.4 -6287.2 -37.3 151 0 9.4 11.7 5.0 0.0 0 1 2 2 2
1038.4 -5861.4 -43.6 274 0 25.4 11.3 10.0 2.5 2 0 4 1 1
1073.0 -5836.9 -42.4 2 0 17.1 13.5 7.5 2.5 2 0 3 2 2
5459.4 -9691.2 90.3 30 0 30.0 12.9 12.5 2.5 2 0 5 2 2
1224.2 -6094.9 -33.7 305 0 10.3 11.4 8.0 2.5 2 1 2 2 2
-2104.4 1252.1 -163.2 335 0 8.5 15.4 7.5 2.5 2 1 3 4 4
-2080.2 1224.5 -163.2 336 0 33.9 12.9 10.0 2.5 2 0 4 0 0
-5955.1 -7771.1 -59.0 59 0 15.1 12.2 7.5 2.5 2 0 3 1 1
-6849.6 -3715.9 -139.4 332 0 28.4 19.6 17.5 0.0 0 0 7 1 1
-5904.4 -4202.1 -166.1 40 0 5.5 3.4 7.5 2.5 4 0 3 1 1
-5884.0 -4174.1 -163.8 41 0 9.5 9.5 5.0 2.5 2 0 2 3 3
-5552.8 -2191.3 -83.9 222 0 5.4 6.6 7.5 2.5 4 1 3 5 5
-5482.1 -8384.6 -71.0 160 0 12.9 17.4 7.5 2.5 2 1 3 1 1
4327.4 7938.4 -180.8 14 0 19.0 5.9 2.5 2.5 2 0 1 5 5
4338.2 7933.8 -180.8 15 0 15.6 11.6 5.0 2.5 4 0 2 1 1
4423.7 8079.4 -165.9 4 0 15.0 8.1 2.5 2.5 2 0 1 0 0
4258.5 7141.7 -174.4 165 0 5.5 13.2 7.5 2.5 2 0 3 3 3
4267.2 7160.3 -174.3 345 0 3.5 10.4 2.5 2.5 4 0 1 3 3
4258.4 7153.3 -174.3 165 0 5.5 10.4 7.5 2.5 2 0 3 2 2
4257.1 7147.1 -174.4 165 0 5.8 13.2 7.5 2.5 2 0 3 4 4
4249.1 7149.4 -174.8 168 0 14.7 6.4 7.5 2.5 2 0 3 3 3
4243.9 7243.5 -175.3 5 0 31.0 12.9 10.0 2.5 2 0 4 3 3
-2426.7 -10425.7 -64.0 90 0 5.0 6.9 5.0 2.5 2 1 2 0 0
-5496.9 -8347.3 -72.6 65 0 13.4 9.7 7.5 2.5 2 0 3 1 1
-2422.5 -10383.6 -66.4 74 0 8.4 19.3 7.5 2.5 4 1 3 3 3
-2444.8 -10382.4 -61.7 81 0 9.0 47.1 7.5 2.5 2 1 3 3 3
-3215.4 1474.4 -161.5 212 0 9.0 9.4 5.0 2.5 2 1 2 4 4
-3187.5 1461.4 -165.4 328 0 9.9 7.2 7.5 2.5 2 0 3 5 5
-3178.3 1449.3 -165.8 336 0 11.0 9.6 7.5 2.5 2 0 3 0 0
-3197.9 1428.0 -159.9 152 0 8.0 11.6 7.5 2.5 4 1 3 4 4
-3191.3 1416.8 -159.4 152 0 8.4 12.1 5.0 2.5 2 1 2 3 3
-3175.9 1404.9 -158.9 62 0 8.5 10.4 2.5 2.5 4 1 1 3 3
5280.6 -1617.4 172.0 125 0 6.9 4.8 2.5 2.5 2 0 1 0 0
5281.9 -1624.4 169.8 239 0 7.1 8.7 5.0 2.5 2 1 2 2 2
-5503.6 -3073.8 -109.2 315 0 6.1 11.1 5.0 2.5 2 1 2 2 2
2520.3 -9349.7 -9.0 172 0 3.8 7.5 5.0 0.0 0 1 2 3 3
-5302.6 -8080.7 -69.8 85 0 9.3 13.8 7.5 0.0 0 1 3 3 3
-5745.0 -7226.8 -56.7 122 0 3.0 7.5 5.0 2.5 2 1 2 4 4
-5732.2 -7208.3 -57.4 302 0 5.9 11.3 2.5 2.5 2 1 1 5 5
-5753.6 -7207.7 -55.1 295 0 6.1 24.6 5.0 0.0 0 1 2 5 5
3133.2 -6966.0 -13.9 67 0 15.3 12.9 2.5 2.5 2 0 1 4 4
2241.3 -6626.0 -30.1 245 0 7.3 12.8 7.5 2.5 2 1 3 4 4
2213.9 -6499.5 -28.3 296 0 6.3 7.8 7.5 2.5 2 1 3 1 1
40.4 110.6 25.4 110 0 14.0 10.5 7.5 2.5 4 0 3 3 3
-77.8 139.0 22.4 114 0 8.0 18.8 7.5 2.5 2 1 3 1 1
