3797.3 -5432.1 -15.4 240 0 19.6 14.0 5.0 2.5 2 0 2 2 2
6068.3 6448.2 -41.1 358 0 9.8 11.5 7.5 2.5 2 1 3 0 0
6067.7 6471.3 -43.1 358 0 9.8 11.5 2.5 2.5 2 1 1 0 0
6034.6 6469.9 -41.7 358 0 9.8 11.5 7.5 2.5 2 1 3 2 2
6034.3 6447.5 -39.7 358 0 9.8 11.5 7.5 2.5 2 1 3 4 4
6033.4 6506.5 -44.9 358 0 9.8 11.5 5.0 2.5 2 1 2 4 4
6068.0 6507.3 -46.3 358 0 9.8 11.5 2.5 2.5 2 1 1 0 0
6067.3 6529.2 -47.7 358 0 9.8 11.5 5.0 2.5 2 1 2 2 2
6033.4 6528.6 -46.9 358 0 9.8 11.5 5.0 2.5 2 1 2 2 2
6033.1 6551.0 -48.4 358 0 9.8 11.5 7.5 2.5 2 1 3 3 3
6066.8 6551.7 -48.2 358 0 9.8 11.5 7.5 2.5 2 1 3 5 5
6066.8 6573.8 -48.7 358 0 9.8 11.5 7.5 2.5 2 1 3 4 4
6033.0 6574.1 -49.1 358 0 9.8 11.5 2.5 2.5 2 1 1 4 4
6032.7 6596.3 -49.6 358 0 9.8 11.5 7.5 2.5 4 1 3 3 3
6066.2 6597.2 -49.2 358 0 9.8 11.5 7.5 2.5 2 1 3 1 1
6065.9 6620.2 -49.8 358 0 9.8 11.5 5.0 2.5 2 1 2 4 4
6065.7 6641.7 -50.3 358 0 9.8 11.5 7.5 2.5 4 1 3 3 3
6031.7 6641.7 -50.6 358 0 9.8 11.5 2.5 2.5 2 1 1 2 2
6032.0 6619.3 -50.1 358 0 9.8 11.5 7.5 2.5 4 1 3 1 1
6031.4 6664.3 -51.2 358 0 9.8 11.5 7.5 2.5 2 1 3 0 0
5997.7 6686.9 -52.1 358 0 9.8 11.5 7.5 2.5 2 1 3 2 2
5998.1 6663.8 -51.5 358 0 9.8 11.5 7.5 0.0 0 1 3 1 1
5998.1 6641.7 -51.0 358 0 9.8 11.5 5.0 2.5 2 1 2 5 5
5998.4 6618.7 -50.5 358 0 9.8 11.5 2.5 2.5 2 1 1 3 3
5999.2 6596.2 -49.9 358 0 9.8 11.5 5.0 2.5 2 1 2 5 5
5999.4 6573.3 -49.3 358 0 9.8 11.5 7.5 2.5 2 1 3 2 2
5999.4 6551.0 -47.5 358 0 9.8 11.5 7.5 2.5 2 1 3 5 5
5999.8 6527.9 -45.4 358 0 9.8 11.5 7.5 2.5 2 1 3 1 1
5999.8 6506.2 -43.5 358 0 9.8 11.5 5.0 0.0 0 1 2 0 0
6000.4 6470.6 -40.4 358 0 9.8 11.5 5.0 2.5 2 1 2 5 5
6000.8 6448.3 -38.4 358 0 9.8 11.5 7.5 2.5 2 1 3 2 2
5967.5 6379.6 -36.0 358 0 9.8 11.5 5.0 2.5 2 1 2 2 2
5966.8 6402.2 -36.4 358 0 9.8 11.5 2.5 2.5 2 1 1 4 4
5966.8 6424.9 -36.8 358 0 9.8 11.5 5.0 2.5 2 1 2 5 5
5966.2 6447.4 -37.2 358 0 9.8 11.5 7.5 2.5 2 1 3 1 1
5965.6 6469.7 -38.9 358 0 9.8 11.5 2.5 2.5 2 1 1 1 1
5931.9 6469.3 -37.5 358 0 9.8 11.5 5.0 2.5 2 1 2 4 4
5932.1 6446.8 -36.1 358 0 9.8 11.5 7.5 2.5 2 1 3 5 5
5932.5 6424.2 -35.8 358 0 9.8 11.5 7.5 0.0 0 1 3 3 3
5932.9 6401.7 -35.4 358 0 9.8 11.5 7.5 2.5 2 1 3 3 3
5933.1 6379.2 -35.0 358 0 9.8 11.5 5.0 2.5 2 1 2 4 4
5931.4 6549.9 -44.7 358 0 9.8 11.5 7.5 2.5 2 1 3 2 2
5931.2 6572.3 -46.6 358 0 9.8 11.5 7.5 2.5 4 1 3 0 0
5930.5 6595.1 -48.6 358 0 9.8 11.5 7.5 2.5 2 1 3 3 3
5965.2 6595.7 -50.1 358 0 9.8 11.5 5.0 2.5 2 1 2 5 5
5964.5 6618.4 -50.8 358 0 9.8 11.5 5.0 2.5 2 1 2 0 0
5964.3 6640.9 -51.3 358 0 9.8 11.5 5.0 2.5 2 1 2 1 1
5965.3 6572.9 -48.1 358 0 9.8 11.5 5.0 2.5 2 1 2 1 1
5965.6 6550.2 -46.1 358 0 9.8 11.5 5.0 0.0 0 1 2 3 3
5884.8 6423.5 -34.4 358 0 9.8 11.5 2.5 2.5 2 1 1 2 2
5884.4 6446.3 -34.7 358 0 9.8 11.5 7.5 2.5 2 1 3 1 1
5884.5 6468.8 -35.6 358 0 9.8 11.5 7.5 0.0 0 1 3 0 0
5883.5 6504.4 -38.7 358 0 9.8 11.5 7.5 2.5 2 1 3 2 2
5883.6 6526.8 -40.7 358 0 9.8 11.5 7.5 2.5 2 1 3 3 3
5883.2 6549.2 -42.7 358 0 9.8 11.5 7.5 2.5 2 1 3 1 1
5883.3 6572.0 -44.7 358 0 9.8 11.5 5.0 2.5 2 1 2 3 3
5849.7 6504.0 -37.3 358 0 9.8 11.5 5.0 2.5 2 1 2 2 2
5849.7 6526.6 -39.3 358 0 9.8 11.5 7.5 2.5 2 1 3 2 2
5849.1 6548.9 -41.3 358 0 9.8 11.4 7.5 0.0 0 1 3 2 2
5849.5 6571.7 -43.3 358 0 9.8 11.5 7.5 2.5 4 1 3 4 4
5850.4 6468.4 -34.2 358 0 9.8 11.5 5.0 2.5 2 1 2 5 5
5850.8 6445.6 -33.7 358 0 9.8 11.5 2.5 2.5 2 1 1 4 4
5817.1 6445.1 -32.7 358 0 9.8 11.5 7.5 2.5 4 1 3 0 0
5816.7 6467.5 -33.1 358 0 9.8 11.5 7.5 2.5 2 1 3 2 2
5782.4 6467.2 -32.1 358 0 9.8 11.5 2.5 2.5 2 1 1 5 5
5782.9 6444.7 -34.3 358 0 9.8 11.5 5.0 2.5 4 1 2 2 2
5781.3 6503.5 -34.5 358 0 9.8 11.5 2.5 2.5 2 1 1 5 5
5815.5 6503.5 -35.9 358 0 9.8 11.5 7.5 2.5 2 1 3 1 1
5815.2 6525.6 -37.8 358 0 9.8 11.5 2.5 2.5 4 1 1 0 0
5814.9 6548.9 -39.9 358 0 9.8 11.5 7.5 2.5 2 1 3 5 5
5815.4 6570.5 -41.8 358 0 9.8 11.5 7.5 2.5 2 1 3 0 0
5781.4 6525.5 -36.5 358 0 9.8 11.5 7.5 2.5 2 1 3 3 3
5781.3 6548.3 -38.5 358 0 9.8 11.5 5.0 2.5 2 1 2 2 2
5747.6 6525.5 -35.1 358 0 9.8 11.5 5.0 2.5 2 1 2 1 1
5747.4 6547.4 -37.1 358 0 9.8 11.5 7.5 2.5 2 1 3 3 3
5747.6 6503.1 -33.1 358 0 9.8 11.5 7.5 2.5 4 1 3 5 5
5748.2 6466.8 -34.2 358 0 9.8 11.5 5.0 2.5 2 1 2 4 4
5748.5 6444.4 -36.6 358 0 9.8 11.5 5.0 2.5 2 1 2 5 5
6067.5 6676.5 -51.1 123 0 11.5 9.8 7.5 0.0 0 0 3 2 2
6078.8 6702.1 -51.4 213 0 9.8 11.5 5.0 2.5 2 1 2 5 5
6059.9 6715.2 -52.1 33 0 9.8 11.5 2.5 2.5 2 1 1 0 0
6047.1 6696.7 -51.8 33 0 9.8 11.5 5.0 0.0 0 1 2 5 5
6072.3 6733.9 -52.4 33 0 9.8 11.5 2.5 2.5 2 1 1 2 2
6057.4 6771.9 -53.2 33 0 9.8 11.5 5.0 2.5 2 1 2 2 2
6044.3 6753.4 -53.2 33 0 9.8 11.5 7.5 2.5 2 1 3 4 4
6032.0 6734.7 -52.9 33 0 9.8 11.5 7.5 2.5 2 1 3 1 1
6018.9 6715.6 -52.6 33 0 9.8 11.5 7.5 2.5 4 1 3 1 1
5979.1 6742.7 -53.6 33 0 9.8 11.5 7.5 2.5 2 1 3 1 1
5992.0 6761.1 -53.9 33 0 9.8 11.5 7.5 2.5 2 1 3 3 3
6004.5 6779.9 -54.0 33 0 9.8 11.5 7.5 2.5 2 1 3 1 1
6017.4 6798.9 -54.0 33 0 9.8 11.5 5.0 2.5 2 1 2 3 3
5989.6 6817.9 -54.5 33 0 9.8 11.5 7.5 2.5 2 1 3 5 5
5977.2 6799.1 -54.5 33 0 9.8 11.5 2.5 0.0 0 1 1 4 4
5964.6 6780.8 -54.5 33 0 9.8 11.5 7.5 2.5 2 1 3 2 2
5951.2 6761.4 -54.3 33 0 9.8 11.5 5.0 2.5 2 1 2 3 3
5931.4 6732.2 -53.9 33 0 9.8 11.5 2.5 2.5 2 1 1 5 5
5959.5 6713.7 -53.2 33 0 9.8 11.5 7.5 2.5 2 1 3 4 4
5946.8 6694.7 -52.8 33 0 9.8 11.5 5.0 2.5 2 1 2 3 3
5933.9 6675.6 -52.5 33 0 9.8 11.5 7.5 2.5 2 1 3 4 4
5922.1 6656.9 -52.2 33 0 9.8 11.5 2.5 2.5 2 1 1 5 5
5893.9 6675.8 -53.0 33 0 9.8 11.5 5.0 2.5 2 1 2 1 1
5906.4 6695.3 -53.3 33 0 9.8 11.5 7.5 2.5 2 1 3 1 1
5919.3 6714.1 -53.6 33 0 9.8 11.5 5.0 2.5 2 1 2 5 5
5877.8 6714.3 -54.0 33 0 9.8 11.5 7.5 2.5 2 1 3 4 4
5890.6 6733.0 -54.3 33 0 9.8 11.5 5.0 2.5 4 1 2 0 0
5903.6 6751.3 -54.6 33 0 9.8 11.5 7.5 2.5 2 1 3 4 4
5923.6 6781.1 -55.0 33 0 9.8 11.5 7.5 2.5 2 1 3 3 3
5936.1 6800.2 -55.0 33 0 9.8 11.5 2.5 2.5 2 1 1 4 4
5949.3 6818.2 -55.0 33 0 9.8 11.5 7.5 2.5 2 1 3 5 5
5961.5 6837.3 -55.0 33 0 9.8 11.5 7.5 2.5 2 1 3 2 2
6085.8 6657.9 -50.7 125 0 13.1 22.3 10.0 2.5 2 1 4 0 0
6104.1 6646.0 -50.2 125 0 13.1 22.3 12.5 2.5 2 1 5 4 4
6121.6 6633.0 -49.7 125 0 13.1 22.3 7.5 2.5 2 1 3 0 0
6321.2 6977.3 -48.3 16 0 9.8 11.5 7.5 2.5 2 1 3 0 0
6255.9 7196.5 -44.7 20 0 15.5 22.3 12.5 2.5 2 1 5 4 4
6264.0 7220.6 -43.2 20 0 15.5 22.3 12.5 2.5 2 1 5 4 4
6328.5 6998.4 -47.9 16 0 9.8 11.5 5.0 2.5 2 1 2 1 1
6296.1 7010.2 -48.4 16 0 9.8 11.5 7.5 2.5 2 1 3 4 4
6288.7 6988.7 -48.8 16 0 9.8 11.5 7.5 2.5 2 1 3 4 4
6256.9 7000.1 -49.4 16 0 9.8 11.5 2.5 2.5 2 1 1 1 1
6263.7 7021.6 -49.0 16 0 9.8 11.5 5.0 2.5 2 1 2 1 1
6227.7 7038.8 -49.5 286 0 11.5 9.8 5.0 2.5 2 0 2 2 2
6212.8 7014.6 -49.9 196 0 9.8 11.5 2.5 2.5 2 1 1 4 4
6199.9 7043.4 -50.1 16 0 9.8 11.5 5.0 2.5 2 1 2 3 3
6192.6 7022.6 -50.4 16 0 9.8 11.5 5.0 2.5 2 1 2 0 0
6184.6 7001.8 -50.8 16 0 9.8 11.5 2.5 2.5 2 1 1 5 5
6177.3 6979.9 -51.2 16 0 9.8 11.5 5.0 2.5 2 1 2 1 1
6135.6 7003.2 -51.8 16 0 9.8 11.5 7.5 2.5 2 1 3 5 5
6142.4 7024.5 -51.5 16 0 9.8 11.5 2.5 2.5 2 1 1 4 4
6150.2 7045.6 -51.1 16 0 9.8 11.5 7.5 2.5 2 1 3 3 3
6157.3 7067.9 -50.7 16 0 9.8 11.4 5.0 2.5 2 1 2 0 0
6125.4 7078.3 -51.2 16 0 9.8 11.5 5.0 2.5 2 1 2 4 4
6117.9 7057.3 -51.6 16 0 9.8 11.5 7.5 2.5 2 1 3 3 3
6110.8 7035.7 -52.0 16 0 9.8 11.4 5.0 2.5 2 1 2 0 0
6103.7 7014.8 -52.3 16 0 9.8 11.5 7.5 2.5 2 1 3 3 3
6070.8 7025.9 -52.9 16 0 9.8 11.5 2.5 2.5 2 1 1 1 1
6078.6 7047.3 -52.5 16 0 9.8 11.5 2.5 2.5 2 1 1 4 4
6086.0 7068.4 -52.2 16 0 9.8 11.5 5.0 2.5 2 1 2 3 3
6093.5 7090.0 -51.8 16 0 9.8 11.5 7.5 2.5 2 1 3 3 3
6055.4 7188.5 -46.9 16 0 9.8 11.5 5.0 2.5 2 1 2 4 4
6080.4 7155.6 -48.5 16 0 9.8 11.5 7.5 0.0 0 1 3 0 0
6112.6 7144.7 -48.8 16 0 9.8 11.5 7.5 2.5 2 1 3 4 4
6120.1 7166.5 -47.5 16 0 9.8 11.5 2.5 2.5 2 1 1 3 3
6101.1 7111.5 -50.8 16 0 9.8 11.5 7.5 2.5 2 1 3 5 5
6061.4 7101.2 -51.7 16 0 9.8 11.5 7.5 2.5 2 1 3 2 2
6068.1 7122.1 -50.5 16 0 9.8 11.5 7.5 2.5 2 1 3 5 5
6036.7 7133.7 -50.1 16 0 9.8 11.5 2.5 2.5 4 1 1 0 0
6029.4 7112.7 -51.4 16 0 9.8 11.5 7.5 2.5 2 1 3 3 3
6048.3 7167.9 -48.1 16 0 9.8 11.5 2.5 2.5 4 1 1 2 2
6127.5 7187.1 -46.3 16 0 9.8 11.5 5.0 2.5 2 1 2 0 0
6135.7 7208.7 -45.0 16 0 9.8 11.5 7.5 2.5 2 1 3 5 5
6143.0 7230.4 -43.7 16 0 9.8 11.5 5.0 2.5 2 1 2 1 1
6150.4 7251.8 -42.4 16 0 9.8 11.5 5.0 2.5 2 1 2 4 4
6157.2 7272.7 -41.2 16 0 9.8 11.5 7.5 2.5 2 1 3 0 0
6164.9 7294.0 -39.9 16 0 9.8 11.5 7.5 2.5 4 1 3 0 0
6110.6 7240.9 -43.4 16 0 9.8 11.5 2.5 2.5 2 1 1 3 3
6103.4 7220.1 -44.7 16 0 9.8 11.5 7.5 2.5 2 1 3 2 2
6095.5 7198.5 -45.9 16 0 9.8 11.5 7.5 2.5 2 1 3 5 5
6087.8 7176.7 -47.2 16 0 9.8 11.5 7.5 2.5 2 1 3 0 0
6159.6 7176.1 -46.6 16 0 9.8 11.5 5.0 2.5 2 1 2 4 4
6166.7 7197.3 -45.3 16 0 9.8 11.5 5.0 2.5 2 1 2 0 0
6174.0 7218.6 -44.1 16 0 9.8 11.5 2.5 2.5 2 1 1 0 0
6181.8 7240.1 -42.8 16 0 9.8 11.5 5.0 2.5 2 1 2 3 3
6189.5 7261.5 -41.5 16 0 9.8 11.5 5.0 2.5 2 1 2 0 0
6196.6 7282.3 -40.3 16 0 9.8 11.5 7.5 0.0 0 1 3 2 2
6228.7 7272.1 -40.5 16 0 9.8 11.5 7.5 2.5 2 1 3 3 3
6221.7 7250.8 -41.8 16 0 9.8 11.5 2.5 2.5 2 1 1 1 1
6214.3 7229.2 -43.1 16 0 9.8 11.5 5.0 2.5 2 1 2 1 1
6207.0 7207.4 -44.4 16 0 9.8 11.5 5.0 2.5 2 1 2 5 5
6199.5 7186.4 -45.6 16 0 9.8 11.5 5.0 2.5 2 1 2 5 5
6191.9 7165.2 -46.9 16 0 9.8 11.5 5.0 2.5 2 1 2 5 5
6221.7 7311.7 -38.4 16 0 9.8 11.5 7.5 2.5 2 1 3 3 3
6229.2 7333.2 -39.6 16 0 9.8 11.5 5.0 2.5 2 1 2 2 2
6237.0 7354.1 -41.7 16 0 9.8 11.5 5.0 2.5 4 1 2 3 3
6189.5 7323.3 -39.2 16 0 9.8 11.5 5.0 2.5 2 1 2 3 3
6254.0 7300.1 -38.7 16 0 9.8 11.5 7.5 2.5 2 1 3 3 3
6261.3 7321.9 -39.9 16 0 9.8 11.5 2.5 0.0 0 1 1 3 3
6268.7 7342.9 -42.0 16 0 9.8 11.5 7.5 2.5 2 1 3 0 0
6276.7 7364.1 -44.1 16 0 9.8 11.5 5.0 2.5 2 1 2 5 5
6309.0 7352.9 -44.5 16 0 9.8 11.5 2.5 2.5 2 1 1 5 5
6340.9 7341.2 -44.8 16 0 9.8 11.5 5.0 2.5 2 1 2 4 4
6332.9 7320.4 -42.8 16 0 9.8 11.5 2.5 2.5 2 1 1 1 1
6325.6 7299.0 -41.5 16 0 9.8 11.5 2.5 2.5 4 1 1 5 5
6318.0 7277.8 -40.3 16 0 9.8 11.5 5.0 2.5 2 1 2 2 2
6285.5 7289.6 -39.5 16 0 9.8 11.5 5.0 2.5 2 1 2 0 0
6293.3 7310.4 -40.7 16 0 9.8 11.5 5.0 2.5 2 1 2 1 1
6301.2 7331.6 -42.4 16 0 9.8 11.5 2.5 2.5 2 1 1 4 4
6274.2 7256.1 -41.0 16 0 9.8 11.5 5.0 2.5 2 1 2 3 3
6284.2 7180.7 -45.1 16 0 9.8 11.5 5.0 2.5 2 1 2 4 4
6291.5 7201.6 -43.9 16 0 9.8 11.5 7.5 2.5 2 1 3 1 1
6299.3 7222.9 -42.6 16 0 9.8 11.5 5.0 0.0 0 1 2 5 5
6306.1 7244.5 -41.3 16 0 9.8 11.5 5.0 0.0 0 1 2 1 1
6315.6 7169.4 -45.4 16 0 9.8 11.5 5.0 2.5 2 1 2 0 0
6322.9 7190.0 -44.2 16 0 9.8 11.5 7.5 2.5 4 1 3 0 0
6330.4 7211.5 -42.9 16 0 9.8 11.5 5.0 2.5 2 1 2 2 2
6338.5 7233.6 -41.6 16 0 9.8 11.5 5.0 2.5 4 1 2 3 3
6348.3 7157.8 -45.7 16 0 9.8 11.5 5.0 2.5 2 1 2 5 5
6355.6 7178.8 -44.5 16 0 9.8 11.5 5.0 2.5 2 1 2 5 5
6363.3 7201.1 -43.2 16 0 9.8 11.5 7.5 2.5 2 1 3 4 4
6370.9 7222.0 -42.0 16 0 9.8 11.5 7.5 0.0 0 1 3 3 3
6382.4 7255.0 -41.9 16 0 9.8 11.5 7.5 2.5 4 1 3 4 4
6389.9 7276.0 -43.1 16 0 9.8 11.5 7.5 0.0 0 1 3 3 3
6397.4 7298.1 -44.4 16 0 9.8 11.5 7.5 2.5 2 1 3 1 1
6365.5 7309.2 -43.6 16 0 9.8 11.5 7.5 2.5 2 1 3 1 1
6358.2 7288.1 -42.4 16 0 9.8 11.5 5.0 2.5 2 1 2 3 3
6350.4 7266.8 -41.1 16 0 9.8 11.5 5.0 2.5 2 1 2 2 2
4764.4 -4596.8 20.3 196 0 23.4 36.2 15.0 0.0 0 1 6 1 1
6813.6 -5998.6 23.4 163 0 22.0 34.0 7.5 0.0 0 1 3 2 2
6945.6 -5472.1 36.4 128 0 75.0 50.5 10.0 0.0 0 0 4 1 1
6938.3 -5524.0 34.0 38 0 43.8 11.4 12.5 2.5 2 0 5 5 5
6945.9 -6042.1 20.1 128 0 43.6 10.9 15.0 0.0 0 0 6 0 0
6940.7 -6048.5 19.9 308 0 43.6 10.9 15.0 0.0 0 0 6 0 0
6941.8 -6082.3 19.7 38 0 10.9 43.6 10.0 2.5 2 1 4 5 5
6940.7 -6106.5 21.0 308 0 12.5 40.3 7.5 2.5 2 1 3 3 3
6940.3 -6131.7 21.7 218 0 40.7 12.8 12.5 2.5 4 0 5 4 4
6942.3 -5780.4 19.8 308 0 9.6 34.5 7.5 2.5 4 1 3 0 0
6929.7 -5770.3 19.6 308 0 9.6 34.5 7.5 2.5 2 1 3 1 1
6916.4 -5761.0 19.3 308 0 9.6 34.5 7.5 2.5 2 1 3 1 1
6909.2 -5830.3 19.2 38 0 34.5 9.5 7.5 2.5 2 0 3 0 0
6896.6 -5820.6 19.1 38 0 34.5 9.6 7.5 2.5 2 0 3 0 0
6883.3 -5810.9 20.0 38 0 34.5 9.6 7.5 2.5 2 0 3 4 4
6883.2 -5864.3 22.4 38 0 34.5 9.6 7.5 2.5 2 0 3 0 0
6870.3 -5854.4 23.8 38 0 34.5 9.6 7.5 2.5 2 0 3 3 3
6857.2 -5843.9 25.2 38 0 34.5 9.6 7.5 0.0 0 0 3 4 4
6856.6 -5897.8 23.7 38 0 34.5 9.6 7.5 2.5 2 0 3 5 5
6829.6 -5898.8 24.8 128 0 9.6 34.5 7.5 0.0 0 1 3 5 5
6816.5 -5888.7 26.1 128 0 9.5 34.5 7.5 2.5 2 1 3 0 0
6817.0 -5874.0 27.3 128 0 6.1 8.5 2.5 2.5 2 1 1 1 1
6901.0 -5767.0 20.1 308 0 6.1 8.5 2.5 2.5 2 1 1 5 5
6806.0 -5896.0 27.5 129 0 15.1 8.6 5.0 2.5 2 0 2 0 0
6931.0 -6010.6 19.9 216 0 8.1 5.7 7.5 2.5 2 0 3 3 3
6790.4 -5868.9 29.6 128 0 8.1 5.7 7.5 2.5 2 0 3 3 3
6825.7 -5824.2 28.3 129 0 7.4 5.7 7.5 2.5 2 0 3 1 1
6749.2 -5761.7 36.1 218 0 5.7 8.1 5.0 2.5 2 1 2 4 4
6877.3 -5758.9 19.7 308 0 8.1 5.7 7.5 2.5 2 0 3 1 1
6798.8 -5702.6 26.1 218 0 5.7 8.1 5.0 2.5 2 1 2 0 0
6770.3 -5868.4 30.0 129 0 34.9 11.7 12.5 2.5 4 0 5 1 1
6781.6 -5853.9 29.6 129 0 34.9 11.7 12.5 2.5 2 0 5 4 4
6792.5 -5840.3 28.9 129 0 39.9 13.6 10.0 2.5 2 0 4 2 2
6804.6 -5824.6 28.5 128 0 39.8 13.5 10.0 2.5 2 0 4 1 1
6805.1 -5791.8 28.0 218 0 13.6 40.0 10.0 2.5 2 0 4 5 5
6817.2 -5776.8 27.5 219 0 13.6 39.9 10.0 2.5 2 1 4 4 4
6829.2 -5761.3 23.7 219 0 13.6 39.9 10.0 2.5 2 1 4 2 2
6860.4 -5753.2 19.8 309 0 39.9 13.6 12.5 2.5 2 0 5 4 4
6872.7 -5737.8 19.9 309 0 39.9 13.6 10.0 2.5 2 0 4 4 4
6884.5 -5723.1 20.7 309 0 39.9 13.6 10.0 2.5 2 0 4 5 5
6817.6 -5679.6 20.5 219 0 13.6 39.9 10.0 2.5 2 1 4 2 2
6805.5 -5694.8 20.7 219 0 13.6 39.9 15.0 0.0 0 1 6 1 1
6792.8 -5710.6 24.9 219 0 13.6 39.9 10.0 2.5 2 1 4 2 2
6781.8 -5725.7 28.7 219 0 13.6 39.9 10.0 2.5 2 1 4 1 1
6769.7 -5740.8 32.5 219 0 13.6 39.9 12.5 2.5 2 1 5 5 5
6758.1 -5756.1 32.9 219 0 13.6 39.9 7.5 2.5 2 1 3 4 4
6746.0 -5771.6 33.4 219 0 13.6 39.9 12.5 2.5 2 1 5 1 1
6733.6 -5786.7 33.9 219 0 13.6 39.9 10.0 2.5 2 1 4 3 3
6722.9 -5832.5 34.9 129 0 34.9 11.7 12.5 2.5 2 0 5 2 2
6724.9 -5802.5 34.5 219 0 11.7 34.9 10.0 2.5 2 1 4 2 2
6713.9 -5806.4 37.5 218 0 5.7 8.1 5.0 2.5 2 1 2 0 0
6728.4 -5944.0 33.3 308 0 8.1 5.7 7.5 2.5 2 0 3 4 4
6759.7 -5966.8 30.5 308 0 8.1 5.7 5.0 2.5 2 0 2 4 4
6713.1 -6032.2 33.3 38 0 5.7 8.1 7.5 2.5 2 1 3 5 5
6680.0 -6011.4 35.9 128 0 8.1 5.7 5.0 2.5 2 0 2 1 1
6604.9 -5951.1 42.5 218 0 5.7 8.1 7.5 2.5 4 1 3 5 5
6654.9 -5891.1 39.5 218 0 5.7 8.1 5.0 2.5 2 1 2 5 5
6771.4 -6035.4 28.2 218 0 5.7 8.1 2.5 2.5 4 1 1 3 3
6788.0 -6012.7 24.8 218 0 12.4 41.1 15.0 0.0 0 1 6 4 4
6777.7 -6027.2 25.4 218 0 12.4 41.1 10.0 0.0 0 1 4 3 3
6765.6 -6042.8 26.1 218 0 12.4 41.1 12.5 2.5 2 1 5 0 0
6753.9 -6058.2 26.7 218 0 12.4 41.1 12.5 2.5 2 1 5 2 2
6768.9 -6014.0 29.1 38 0 12.4 41.1 10.0 2.5 2 1 4 5 5
6781.4 -5999.2 28.4 38 0 12.4 41.1 12.5 2.5 2 1 5 5 5
6756.5 -6029.3 29.9 38 0 12.4 41.1 10.0 2.5 2 1 4 3 3
6721.2 -6075.2 31.9 38 0 12.4 41.1 10.0 2.5 2 1 4 4 4
6733.3 -6060.1 31.2 38 0 12.4 41.1 10.0 2.5 2 1 4 2 2
6745.5 -6044.4 30.5 38 0 12.4 41.1 10.0 2.5 2 1 4 5 5
6647.8 -6027.9 36.7 128 0 41.1 12.4 12.5 2.5 2 0 5 3 3
6658.7 -6012.2 36.1 128 0 41.1 12.4 12.5 2.5 2 0 5 3 3
6670.8 -5996.8 35.4 128 0 41.1 12.4 10.0 0.0 0 0 4 1 1
6682.7 -5981.8 34.7 128 0 41.1 12.4 10.0 0.0 0 0 4 2 2
6714.3 -5941.0 33.3 308 0 40.5 12.5 12.5 2.5 4 0 5 3 3
6702.5 -5956.4 34.0 308 0 40.5 12.5 15.0 0.0 0 0 6 1 1
6647.5 -5897.8 37.6 218 0 12.5 40.5 10.0 2.5 2 1 4 4 4
6634.4 -5912.3 38.4 218 0 12.5 40.5 10.0 0.0 0 1 4 3 3
6623.0 -5928.3 39.0 218 0 12.5 40.5 10.0 0.0 0 1 4 1 1
6611.5 -5943.5 39.7 218 0 12.5 40.5 12.5 0.0 0 1 5 1 1
6599.2 -5958.6 40.4 218 0 12.5 40.5 10.0 2.5 2 1 4 2 2
6599.7 -5991.6 41.1 128 0 40.5 12.5 12.5 2.5 2 0 5 5 5
6660.9 -5883.0 37.2 219 0 11.7 34.9 12.5 2.5 4 1 5 1 1
6689.3 -5875.4 36.5 309 0 34.9 11.7 7.5 2.5 2 0 3 3 3
6736.9 -5912.7 32.2 309 0 34.9 11.7 10.0 2.5 2 0 4 0 0
6725.3 -5925.5 32.9 309 0 34.9 11.7 10.0 2.5 2 0 4 4 4
6788.0 -5979.9 28.2 39 0 11.7 34.9 12.5 2.5 2 1 5 3 3
6789.3 -5950.2 27.6 309 0 34.9 11.7 12.5 2.5 2 0 5 3 3
6736.5 -6143.4 29.7 38 0 10.3 34.9 15.0 0.0 0 1 6 4 4
6726.0 -6156.7 30.3 38 0 10.3 34.9 15.0 0.0 0 1 6 4 4
6695.4 -6195.9 29.3 38 0 10.3 34.9 10.0 2.5 2 1 4 1 1
6704.9 -6183.2 29.7 38 0 10.3 34.9 10.0 2.5 2 1 4 3 3
6716.4 -6169.9 30.0 38 0 10.3 34.9 10.0 2.5 2 1 4 1 1
6615.4 -6240.9 27.5 218 0 10.3 34.9 12.5 2.5 2 1 5 2 2
6627.0 -6227.8 27.8 218 0 10.3 34.9 12.5 2.5 4 1 5 1 1
6664.3 -6235.7 28.1 38 0 10.0 34.7 10.0 2.5 2 0 4 2 2
6674.8 -6222.6 28.5 38 0 10.6 35.0 12.5 2.5 2 0 5 5 5
6685.0 -6209.1 28.9 38 0 10.3 34.9 10.0 2.5 2 1 4 0 0
6641.9 -6208.0 30.7 218 0 6.6 8.0 5.0 2.5 2 0 2 3 3
6689.4 -6160.0 32.2 38 0 6.6 8.0 5.0 0.0 0 1 2 2 2
6657.3 -6142.4 34.1 219 0 26.1 10.8 10.0 2.5 2 0 4 0 0
6694.4 -6105.6 33.4 309 0 9.8 34.0 7.5 0.0 0 1 3 4 4
6709.9 -5840.6 36.4 308 0 25.9 12.1 10.0 2.5 2 0 4 5 5
6694.3 -5860.4 36.7 128 0 25.9 12.1 15.0 0.0 0 0 6 1 1
6740.6 -5895.2 32.1 128 0 25.9 12.1 10.0 2.5 2 0 4 0 0
6755.4 -5875.8 31.7 308 0 25.9 12.1 10.0 2.5 4 0 4 2 2
6775.6 -5902.2 30.3 304 0 8.3 12.9 7.5 2.5 4 1 3 3 3
6771.0 -5890.7 30.8 308 0 8.9 20.8 5.0 2.5 2 1 2 5 5
6792.6 -5910.0 28.8 305 0 9.3 15.4 2.5 2.5 2 1 1 4 4
4805.5 -4772.5 18.4 12 0 23.5 12.0 7.5 2.5 2 0 3 4 4
4799.5 -4710.7 18.9 352 0 14.7 8.8 7.5 2.5 2 0 3 0 0
4800.3 -4799.3 18.5 11 0 11.6 12.1 7.5 2.5 2 1 3 0 0
4803.2 -4734.2 18.6 352 0 25.3 9.8 7.5 2.5 4 0 3 1 1
4782.0 -4866.1 20.7 13 0 10.1 10.8 7.5 2.5 2 1 3 4 4
5170.3 -5129.7 16.7 90 0 73.0 33.7 10.0 0.0 0 0 4 5 5
3544.3 -5656.2 -27.0 268 0 23.2 16.6 12.5 0.0 0 0 5 5 5
2626.0 -5234.5 -32.1 46 0 14.8 23.1 10.0 2.5 2 1 4 4 4
6582.5 -6303.3 25.4 218 0 14.1 27.1 10.0 2.5 2 1 4 1 1
2124.7 -9217.0 -2.4 276 0 7.8 16.6 5.0 0.0 0 1 2 3 3
2093.1 -9248.8 -6.9 179 0 40.7 12.8 10.0 2.5 2 0 4 1 1
2135.8 -9305.2 -6.5 90 0 12.9 37.9 10.0 2.5 2 1 4 2 2
2281.8 -9174.2 4.5 179 0 41.9 13.2 10.0 0.0 0 0 4 2 2
2228.2 -9207.5 -0.5 89 0 30.9 143.5 10.0 0.0 0 1 4 0 0
2156.8 -9037.2 -5.7 269 0 40.6 12.7 10.0 2.5 2 0 4 1 1
2317.5 -8951.4 1.5 359 0 38.7 12.6 10.0 2.5 2 0 4 1 1
2471.2 -8796.3 -6.2 297 0 12.1 40.1 10.0 2.5 2 1 4 5 5
2457.6 -8790.7 -6.6 297 0 12.1 40.1 7.5 0.0 0 1 3 0 0
2441.4 -8782.1 -7.3 297 0 12.1 40.1 12.5 2.5 2 1 5 5 5
2425.6 -8774.7 -7.9 297 0 12.1 40.1 10.0 2.5 2 1 4 3 3
2409.6 -8766.7 -8.5 297 0 12.1 40.1 15.0 0.0 0 1 6 1 1
2393.5 -8758.7 -9.2 297 0 12.1 40.1 12.5 0.0 0 1 5 5 5
2411.3 -8844.8 -0.1 297 0 12.1 40.1 12.5 2.5 2 1 5 4 4
2427.4 -8852.6 0.5 297 0 12.1 40.1 10.0 2.5 2 1 4 5 5
2442.7 -8860.8 1.2 297 0 12.1 40.1 12.5 0.0 0 1 5 1 1
2395.8 -8836.5 -0.8 297 0 12.4 44.0 10.0 2.5 4 1 4 3 3
2380.0 -8828.6 -1.5 297 0 12.4 44.0 10.0 2.5 2 1 4 1 1
2328.5 -8852.2 -2.4 117 0 12.3 40.6 12.5 2.5 2 1 5 4 4
2343.0 -8863.3 -2.2 116 0 11.4 47.9 12.5 2.5 2 1 5 2 2
2376.1 -8754.8 -9.4 297 0 11.2 34.5 12.5 2.5 2 1 5 2 2
2346.9 -8777.2 -10.2 118 0 10.4 35.1 12.5 2.5 4 1 5 3 3
1922.2 -8933.9 -33.1 79 0 151.7 36.0 15.0 0.0 0 0 6 3 3
2830.4 -9129.1 3.8 264 0 11.0 49.9 10.0 2.5 2 1 4 4 4
2320.5 -9330.6 2.6 179 0 11.1 30.2 10.0 2.5 2 1 4 5 5
2645.6 -8874.1 -1.9 15 0 13.3 39.8 10.0 0.0 0 1 4 2 2
2601.0 -8842.0 -3.4 284 0 9.7 24.7 5.0 2.5 2 1 2 2 2
2588.1 -8828.9 -4.6 285 0 9.6 34.3 7.5 2.5 2 1 3 2 2
2574.5 -8818.2 -5.6 285 0 10.1 41.8 12.5 2.5 2 1 5 2 2
2542.7 -8811.2 -5.8 284 0 12.3 39.8 12.5 2.5 4 1 5 4 4
2525.7 -8806.4 -6.0 285 0 12.2 40.6 12.5 2.5 2 1 5 3 3
2507.9 -8803.0 -6.0 285 0 12.4 39.9 12.5 2.5 2 1 5 3 3
2558.6 -8820.1 -5.1 285 0 11.0 35.1 12.5 0.0 0 1 5 0 0
2398.5 -9084.3 10.7 158 0 22.1 10.8 10.0 2.5 2 0 4 5 5
2320.5 -8763.1 -8.2 326 0 15.9 31.5 12.5 2.5 2 1 5 3 3
2254.6 -8830.1 -5.4 116 0 10.1 35.4 7.5 2.5 2 1 3 2 2
2297.5 -8744.5 -9.4 296 0 9.9 51.7 7.5 2.5 2 1 3 1 1
2262.6 -8765.6 -8.3 207 0 34.5 9.4 7.5 2.5 4 0 3 2 2
2296.7 -8844.2 -4.3 30 0 12.0 33.2 12.5 0.0 0 1 5 2 2
2242.7 -8815.5 -6.6 117 0 9.9 27.9 7.5 2.5 4 1 3 3 3
2211.7 -8945.0 -5.1 76 0 17.8 17.1 15.0 0.0 0 0 6 0 0
2524.7 -9275.9 -2.5 359 0 41.0 13.1 10.0 2.5 2 0 4 4 4
2465.5 -9129.5 9.1 321 0 36.8 10.2 15.0 0.0 0 0 6 1 1
2503.3 -9056.7 12.2 0 0 10.8 26.3 10.0 2.5 2 1 4 5 5
2458.9 -8939.0 7.8 216 0 38.4 12.6 10.0 2.5 2 0 4 1 1
2450.3 -9094.1 11.3 359 0 30.5 12.0 10.0 2.5 4 0 4 0 0
2421.4 -9334.1 2.4 57 0 16.3 19.3 10.0 2.5 2 1 4 2 2
2272.7 -9174.3 4.3 179 0 41.8 9.1 7.5 0.0 0 0 3 4 4
6920.7 -2239.1 28.8 180 0 18.2 17.9 12.5 2.5 2 0 5 4 4
6937.5 -2047.8 24.2 1 0 40.5 12.1 10.0 2.5 2 0 4 4 4
6920.4 -2040.7 27.5 2 0 29.6 12.0 10.0 2.5 2 0 4 5 5
2623.1 -8665.9 -17.0 285 0 13.0 41.6 10.0 2.5 2 1 4 3 3
2605.6 -8661.7 -17.5 285 0 13.0 41.6 12.5 2.5 4 1 5 2 2
2502.7 -8635.7 -18.6 285 0 13.0 41.6 12.5 2.5 2 1 5 1 1
2485.9 -8630.8 -19.0 285 0 13.0 41.6 12.5 2.5 2 1 5 1 1
2471.1 -8630.2 -19.3 284 0 10.3 38.6 10.0 2.5 2 1 4 2 2
2456.0 -8626.3 -19.6 284 0 10.3 38.6 10.0 2.5 2 1 4 1 1
2585.5 -8653.8 -18.0 284 0 10.3 35.7 12.5 2.5 2 1 5 3 3
2523.6 -8636.6 -18.0 285 0 10.9 45.8 12.5 2.5 2 1 5 4 4
2458.6 -8860.6 -0.8 118 0 35.0 12.8 10.0 2.5 2 0 4 1 1
2478.3 -9092.1 10.1 179 0 43.0 10.8 10.0 2.5 2 0 4 3 3
2500.5 -9070.1 9.2 269 0 10.8 43.0 15.0 0.0 0 1 6 4 4
2523.7 -9069.5 7.8 269 0 10.8 43.0 10.0 2.5 2 1 4 5 5
2540.3 -9067.9 7.2 269 0 10.8 43.0 7.5 2.5 2 1 3 5 5
2556.5 -9068.7 6.8 269 0 10.8 43.0 12.5 2.5 2 1 5 2 2
2545.6 -9125.7 5.9 359 0 11.3 43.7 12.5 2.5 2 1 5 2 2
2337.7 -9099.3 7.9 91 0 22.6 13.2 10.0 2.5 2 0 4 3 3
2268.2 -9287.3 2.0 171 0 11.8 13.2 2.5 2.5 4 1 1 5 5
3703.0 -5637.4 -20.7 58 0 3.8 4.2 5.0 2.5 2 1 2 5 5
4320.3 -765.2 34.0 7 0 11.6 9.7 7.5 2.5 2 0 3 5 5
4308.0 -764.2 33.9 1 0 11.4 9.3 7.5 2.5 2 0 3 3 3
5204.2 -2.0 -32.3 336 0 9.6 11.1 5.0 0.0 0 1 2 3 3
6079.1 -1540.1 39.4 163 0 7.9 9.5 2.5 2.5 2 1 1 1 1
