4859.8 7519.7 -50.4 262 0 13.6 17.3 7.5 2.5 2 1 3 4 4
2387.2 1742.3 -24.3 201 0 7.1 11.6 2.5 2.5 2 1 1 2 2
2665.4 5166.4 13.8 158 0 20.4 31.7 12.5 0.0 0 1 5 2 2
2758.8 4687.5 -4.0 86 0 31.2 32.3 12.5 0.0 0 1 5 4 4
4333.1 7462.9 -47.7 306 0 9.2 7.5 5.0 2.5 2 0 2 4 4
811.6 -1865.0 23.0 155 0 9.1 9.4 5.0 2.5 4 1 2 4 4
817.5 -1316.3 31.7 103 0 12.2 8.1 7.5 0.0 0 0 3 2 2
1142.7 -2073.5 20.8 59 0 25.6 16.1 10.0 2.5 2 0 4 1 1
989.1 -2293.3 11.8 36 0 12.5 10.2 5.0 2.5 4 0 2 4 4
1106.5 -2116.5 19.2 185 0 18.1 9.4 5.0 2.5 2 0 2 4 4
1058.3 -2166.0 17.4 115 0 13.2 25.0 12.5 2.5 2 1 5 3 3
1108.1 -2057.2 20.6 272 0 7.2 10.4 5.0 2.5 2 1 2 4 4
1036.0 -1589.3 30.6 258 0 33.5 56.7 7.5 0.0 0 1 3 5 5
584.2 -1565.7 30.9 77 0 18.0 41.1 10.0 2.5 2 1 4 5 5
1586.9 -2793.0 5.3 81 0 9.3 8.0 5.0 2.5 2 0 2 3 3
1663.3 -2595.4 16.1 106 0 9.1 10.6 5.0 2.5 2 1 2 3 3
1601.7 -2484.9 21.6 197 0 6.6 12.4 5.0 2.5 2 1 2 1 1
1708.2 -3052.0 1.3 95 0 11.2 11.2 5.0 2.5 2 0 2 4 4
3886.5 -5977.5 -20.0 163 0 15.6 11.2 2.5 2.5 2 0 1 1 1
5035.7 -9946.1 18.6 46 0 7.9 11.4 5.0 2.5 2 1 2 5 5
584.7 -2124.1 16.2 103 0 8.6 11.1 7.5 2.5 2 1 3 2 2
900.2 -2210.6 11.0 150 0 7.9 13.3 5.0 2.5 2 1 2 1 1
1384.5 -1373.2 23.0 182 0 15.0 11.2 5.0 0.0 0 0 2 0 0
1437.3 -1402.4 22.7 24 0 20.9 21.7 10.0 0.0 0 1 4 0 0
1425.3 -1353.4 22.0 293 0 17.7 25.0 12.5 0.0 0 1 5 0 0
1259.4 -1673.2 31.8 110 0 9.0 10.3 5.0 2.5 2 1 2 3 3
1306.4 -2508.2 13.3 304 0 12.3 5.1 5.0 2.5 2 0 2 5 5
1147.0 -1740.2 30.7 104 0 4.8 16.1 7.5 0.0 0 1 3 0 0
1267.5 -2572.7 10.9 133 0 9.8 12.1 2.5 2.5 2 1 1 5 5
1238.1 -1891.3 28.0 204 0 14.3 5.0 2.5 2.5 2 0 1 1 1
1420.2 -1240.1 16.6 280 0 7.0 11.1 7.5 2.5 2 1 3 4 4
920.8 -2277.5 9.3 175 0 10.8 5.7 5.0 2.5 2 0 2 3 3
1266.1 -1461.7 25.7 270 0 7.0 11.1 7.5 2.5 2 1 3 3 3
1238.1 -2065.7 23.2 87 0 6.2 18.9 7.5 0.0 0 1 3 0 0
1008.0 -2381.8 9.4 123 0 9.5 7.4 7.5 2.5 2 0 3 2 2
1208.8 -2142.7 21.3 72 0 14.6 8.8 5.0 2.5 2 0 2 2 2
1108.2 -1327.8 24.2 4 0 7.8 11.8 7.5 2.5 2 1 3 4 4
1309.7 -2309.1 20.7 307 0 14.4 7.1 7.5 2.5 4 0 3 5 5
1373.7 -2331.0 22.1 136 0 11.7 9.1 7.5 2.5 2 0 3 1 1
1077.2 -2277.6 15.0 156 0 10.2 10.5 5.0 2.5 2 1 2 0 0
1386.0 -2378.4 20.3 208 0 17.5 4.5 5.0 2.5 2 0 2 5 5
1266.0 -1497.2 26.5 90 0 7.0 11.1 5.0 2.5 2 1 2 1 1
1493.4 -2483.5 19.9 236 0 4.6 16.7 5.0 2.5 2 1 2 5 5
1453.1 -1390.9 22.6 73 0 7.0 11.1 5.0 0.0 0 1 2 2 2
1436.9 -2598.0 12.7 223 0 6.5 11.9 2.5 2.5 2 1 1 2 2
1532.1 -1209.5 15.4 326 0 6.2 9.5 7.5 2.5 2 1 3 0 0
1280.3 -2494.0 13.1 302 0 14.8 5.4 7.5 0.0 0 0 3 2 2
1502.8 -1339.0 20.8 184 0 6.2 9.5 7.5 2.5 2 1 3 2 2
1613.5 -1143.6 13.8 294 0 6.2 9.5 7.5 2.5 2 1 3 4 4
873.2 -1980.6 20.5 156 0 11.5 4.6 7.5 2.5 2 0 3 4 4
1195.8 -2255.0 18.7 60 0 12.2 5.2 5.0 2.5 2 0 2 2 2
1472.7 -2524.3 17.3 238 0 16.1 4.1 5.0 2.5 2 0 2 0 0
1441.8 -2276.6 25.1 14 0 10.7 15.7 7.5 2.5 2 1 3 0 0
1519.2 -1150.0 12.9 115 0 6.2 9.5 7.5 0.0 0 1 3 5 5
980.4 -1778.8 28.9 190 0 9.6 11.3 7.5 2.5 4 1 3 2 2
1183.1 -1456.4 26.2 315 0 7.0 11.1 5.0 2.5 2 1 2 2 2
1127.2 -1524.8 29.5 48 0 7.8 10.9 2.5 2.5 2 1 1 3 3
1081.4 -2324.1 13.2 315 0 4.8 14.5 7.5 2.5 4 1 3 5 5
1407.5 -2600.8 11.6 41 0 10.9 10.3 7.5 2.5 2 0 3 4 4
1099.0 -1878.4 27.4 210 0 9.4 9.6 2.5 2.5 2 0 1 4 4
1229.5 -1853.8 29.5 24 0 10.7 7.7 5.0 2.5 4 0 2 0 0
1043.6 -1555.5 31.0 172 0 7.8 11.8 2.5 2.5 2 1 1 1 1
988.2 -2069.1 18.4 132 0 9.9 11.3 7.5 2.5 2 1 3 1 1
1284.9 -2180.9 22.0 64 0 10.6 7.9 2.5 2.5 4 0 1 2 2
1263.4 -1404.4 23.7 270 0 7.0 11.1 7.5 2.5 2 1 3 2 2
1044.9 -2278.8 13.6 317 0 9.5 12.3 7.5 2.5 2 1 3 5 5
1428.1 -2561.9 13.8 324 0 7.3 10.9 7.5 2.5 2 1 3 3 3
1180.0 -1400.7 24.6 273 0 11.1 7.0 5.0 2.5 2 0 2 3 3
1326.6 -1400.5 23.9 299 0 7.0 11.1 5.0 2.5 2 1 2 0 0
1226.3 -2069.6 22.8 90 0 9.7 11.7 7.5 2.5 2 1 3 5 5
1215.8 -2188.3 20.3 156 0 4.5 17.7 7.5 2.5 4 1 3 1 1
1172.8 -1368.2 23.7 205 0 7.0 11.1 5.0 2.5 2 1 2 3 3
1588.3 -1232.6 16.2 60 0 6.2 9.5 5.0 2.5 2 1 2 1 1
963.8 -1280.3 26.6 173 0 11.3 6.9 7.5 2.5 2 0 3 5 5
1233.3 -1483.0 26.0 360 0 11.1 7.0 7.5 2.5 2 0 3 3 3
1423.1 -2463.6 19.1 216 0 8.1 10.8 7.5 2.5 4 1 3 4 4
861.0 -1994.2 19.8 168 0 4.9 14.8 5.0 2.5 2 1 2 2 2
1212.4 -2248.0 19.2 71 0 7.7 13.9 2.5 2.5 4 1 1 3 3
948.2 -1371.2 29.8 198 0 7.8 10.9 2.5 2.5 2 1 1 3 3
1486.7 -2498.1 19.4 53 0 5.4 8.0 5.0 2.5 2 1 2 5 5
1111.9 -1396.2 26.2 336 0 7.8 10.9 5.0 2.5 2 1 2 0 0
1377.2 -2148.2 25.1 231 0 10.4 6.3 5.0 0.0 0 0 2 4 4
961.8 -1820.6 28.0 175 0 11.2 4.6 7.5 0.0 0 0 3 2 2
1245.5 -1465.5 25.5 180 0 11.1 7.0 5.0 2.5 2 0 2 4 4
1099.1 -1926.0 25.1 221 0 12.7 11.5 2.5 2.5 2 0 1 5 5
1212.4 -1988.5 24.4 288 0 6.4 6.3 5.0 0.0 0 0 2 5 5
1221.5 -1910.4 27.2 27 0 8.5 10.1 2.5 2.5 2 1 1 2 2
1181.1 -2124.7 20.8 171 0 8.7 10.4 5.0 2.5 2 1 2 4 4
981.2 -1272.2 26.1 263 0 6.9 11.3 7.5 2.5 2 1 3 4 4
866.9 -2017.6 18.9 151 0 10.1 12.0 10.0 2.5 2 1 4 0 0
926.3 -2092.3 16.8 63 0 6.5 11.3 7.5 2.5 4 1 3 1 1
1398.8 -2536.3 14.3 308 0 11.9 9.6 7.5 2.5 2 0 3 4 4
1241.4 -1266.0 19.4 267 0 12.0 5.4 7.5 2.5 2 0 3 5 5
1285.9 -2462.0 14.8 124 0 10.2 8.3 7.5 2.5 2 0 3 2 2
1210.8 -1798.6 30.3 212 0 5.6 35.3 5.0 2.5 2 1 2 2 2
1341.0 -1482.1 26.5 51 0 7.0 11.1 7.5 2.5 2 1 3 0 0
1343.5 -2496.2 15.4 115 0 11.3 7.1 2.5 0.0 0 0 1 1 1
1213.9 -2056.5 22.9 93 0 6.7 5.3 7.5 2.5 2 0 3 2 2
1164.3 -1976.3 23.9 45 0 10.3 7.3 5.0 2.5 2 0 2 0 0
1184.7 -1746.8 30.9 103 0 6.4 11.3 2.5 2.5 2 1 1 2 2
1216.3 -2149.8 21.3 336 0 3.9 10.2 7.5 2.5 2 0 3 3 3
1660.2 -1241.2 16.7 53 0 6.2 9.5 5.0 2.5 2 1 2 5 5
1117.5 -1535.2 30.2 44 0 7.8 10.9 7.5 2.5 2 1 3 4 4
1484.5 -1200.7 14.6 71 0 6.2 9.5 2.5 2.5 2 1 1 1 1
1056.6 -1277.7 24.1 259 0 7.7 11.8 5.0 2.5 2 1 2 4 4
1440.6 -2517.3 17.0 37 0 5.8 10.7 7.5 2.5 2 1 3 4 4
1001.3 -2295.6 12.1 220 0 11.8 10.7 5.0 2.5 2 0 2 3 3
1431.1 -2447.4 19.9 224 0 5.1 11.8 5.0 2.5 4 1 2 1 1
1206.8 -2225.8 19.0 334 0 11.5 7.6 7.5 2.5 2 0 3 4 4
1232.3 -1937.2 26.2 212 0 9.4 9.6 7.5 2.5 2 1 3 0 0
1079.2 -1878.6 27.2 209 0 10.0 7.8 2.5 2.5 2 0 1 2 2
1110.5 -1309.6 23.6 337 0 7.7 11.8 7.5 2.5 2 1 3 5 5
1165.8 -2421.3 13.1 134 0 21.9 6.3 7.5 2.5 2 0 3 2 2
991.1 -1835.1 28.0 93 0 10.8 8.7 7.5 2.5 2 0 3 5 5
1282.1 -1274.4 19.4 269 0 7.0 11.1 7.5 2.5 2 1 3 0 0
1033.0 -1961.1 23.0 229 0 11.5 5.8 5.0 2.5 2 0 2 2 2
1338.6 -2185.7 23.2 233 0 8.9 4.7 2.5 2.5 2 0 1 3 3
1219.4 -2123.4 21.6 76 0 5.2 5.0 7.5 2.5 2 0 3 0 0
1171.4 -1392.0 24.3 64 0 11.1 7.0 7.5 0.0 0 0 3 3 3
891.2 -2021.9 19.1 155 0 13.6 6.4 7.5 2.5 2 0 3 1 1
1383.7 -2219.8 24.6 144 0 13.9 4.4 5.0 2.5 2 0 2 2 2
1194.7 -1385.5 23.6 115 0 11.1 7.0 2.5 2.5 2 0 1 3 3
958.2 -2079.8 17.6 52 0 8.9 14.1 7.5 2.5 2 1 3 2 2
1206.3 -1900.6 27.5 39 0 8.2 11.0 5.0 0.0 0 1 2 1 1
1010.5 -1965.9 22.7 46 0 13.4 7.9 7.5 2.5 2 0 3 4 4
1169.2 -2059.1 21.9 158 0 16.5 5.6 7.5 2.5 2 0 3 2 2
1368.2 -2377.6 20.1 30 0 7.1 14.3 7.5 2.5 2 1 3 1 1
1328.9 -2234.4 22.8 323 0 14.1 5.7 2.5 2.5 2 0 1 0 0
1285.6 -2065.6 23.8 245 0 8.8 13.8 5.0 2.5 2 1 2 2 2
1199.8 -1320.2 21.6 170 0 7.0 11.1 5.0 2.5 2 1 2 0 0
1083.9 -1371.6 25.9 113 0 11.7 7.7 2.5 2.5 2 0 1 1 1
1381.1 -2110.1 25.1 135 0 13.3 6.6 5.0 2.5 2 0 2 0 0
1510.1 -1326.5 20.3 184 0 6.2 9.5 5.0 2.5 2 1 2 3 3
1131.3 -1503.7 28.9 360 0 7.8 10.9 2.5 2.5 2 1 1 4 4
1498.2 -2099.7 26.2 326 0 7.9 9.1 5.0 2.5 2 1 2 0 0
1182.2 -2135.2 20.9 169 0 7.3 14.5 2.5 2.5 2 1 1 3 3
1088.1 -1288.0 23.6 298 0 7.7 11.8 7.5 2.5 2 1 3 4 4
1177.9 -1495.2 27.0 125 0 7.0 11.1 5.0 2.5 2 1 2 1 1
1264.9 -1967.2 26.2 131 0 9.5 11.4 5.0 2.5 2 1 2 1 1
1013.1 -2334.2 11.4 228 0 4.5 5.9 7.5 2.5 2 1 3 2 2
1437.0 -1328.2 20.0 158 0 7.0 11.1 5.0 2.5 2 1 2 3 3
1029.5 -1846.0 28.1 102 0 8.0 15.8 7.5 2.5 2 1 3 5 5
1175.0 -2002.6 23.2 207 0 22.6 5.0 2.5 2.5 2 0 1 4 4
1429.9 -1921.6 28.3 343 0 6.4 14.8 2.5 2.5 2 1 1 2 2
1000.4 -1923.9 24.8 110 0 11.4 9.6 5.0 2.5 2 0 2 2 2
1347.2 -1287.2 20.1 0 0 7.0 11.1 7.5 2.5 2 1 3 1 1
1454.3 -2386.2 22.6 216 0 4.9 15.9 5.0 2.5 2 1 2 0 0
1191.6 -2195.7 19.1 329 0 6.5 10.1 7.5 0.0 0 1 3 4 4
1205.7 -1952.6 25.2 211 0 14.7 6.1 7.5 2.5 2 0 3 5 5
1101.0 -1519.2 29.8 134 0 7.8 10.9 2.5 2.5 2 1 1 1 1
1306.5 -1706.3 31.9 298 0 6.5 10.9 7.5 2.5 2 1 3 1 1
1060.1 -1937.7 24.5 26 0 7.8 3.9 7.5 2.5 2 0 3 5 5
1074.6 -1886.5 26.9 215 0 4.3 7.1 7.5 2.5 2 1 3 0 0
1164.4 -2257.9 17.7 63 0 11.5 8.4 2.5 2.5 4 0 1 3 3
1538.7 -1219.6 15.8 326 0 6.2 9.5 7.5 2.5 2 1 3 3 3
1183.8 -2313.7 16.8 226 0 13.1 13.0 2.5 2.5 4 0 1 5 5
1502.7 -1351.0 21.3 187 0 6.2 9.5 5.0 2.5 2 1 2 4 4
1075.6 -1283.6 23.9 298 0 7.7 11.8 7.5 2.5 2 1 3 0 0
1240.3 -1996.3 24.7 244 0 5.3 15.0 5.0 2.5 2 1 2 0 0
1599.4 -1140.5 13.6 271 0 6.2 9.5 5.0 2.5 2 1 2 2 2
1015.9 -1835.8 28.2 93 0 10.6 11.2 7.5 2.5 2 1 3 0 0
1098.1 -2014.7 21.7 149 0 9.9 13.3 7.5 2.5 4 1 3 5 5
1187.8 -1935.2 25.8 42 0 6.6 12.2 2.5 2.5 2 1 1 4 4
1223.5 -2042.2 23.5 89 0 5.0 14.2 7.5 2.5 2 1 3 0 0
1502.2 -1264.0 17.6 326 0 7.0 11.1 7.5 2.5 2 1 3 2 2
1333.2 -2319.6 21.0 301 0 16.6 5.1 7.5 2.5 2 0 3 3 3
1317.2 -2202.4 22.6 238 0 7.6 10.3 5.0 2.5 2 1 2 0 0
1241.7 -1943.9 26.2 210 0 6.9 25.5 5.0 2.5 2 1 2 0 0
1308.8 -2160.6 23.1 58 0 14.9 12.4 2.5 2.5 2 0 1 4 4
888.4 -2066.4 17.3 154 0 5.9 7.0 5.0 2.5 2 1 2 5 5
1393.6 -2223.0 25.0 148 0 4.7 11.8 5.0 2.5 2 1 2 5 5
1019.1 -2247.6 13.7 22 0 7.6 8.3 7.5 0.0 0 1 3 2 2
1081.3 -1381.0 26.6 293 0 11.8 7.7 7.5 2.5 2 0 3 0 0
967.8 -1950.2 22.9 314 0 11.2 6.7 2.5 2.5 2 0 1 4 4
1258.2 -2229.7 20.6 61 0 5.0 12.8 5.0 2.5 2 1 2 2 2
1555.1 -1158.8 13.7 218 0 6.2 9.5 5.0 2.5 2 1 2 5 5
1047.1 -1330.9 26.0 2 0 7.7 11.8 5.0 2.5 2 1 2 1 1
1009.2 -1845.9 27.6 277 0 8.1 8.0 5.0 2.5 2 0 2 2 2
1017.9 -1399.0 28.9 23 0 8.5 11.2 7.5 2.5 2 1 3 1 1
1032.6 -2111.3 18.1 135 0 8.3 10.7 5.0 2.5 2 1 2 1 1
1480.8 -1164.4 13.5 271 0 6.2 9.5 5.0 2.5 4 1 2 2 2
1310.3 -1251.6 18.7 180 0 7.0 11.1 5.0 2.5 2 1 2 2 2
1165.9 -1884.5 27.8 32 0 10.2 7.4 7.5 2.5 2 0 3 4 4
1177.8 -2039.9 22.6 165 0 4.4 12.5 2.5 0.0 0 1 1 2 2
1324.7 -2084.4 24.1 321 0 12.1 9.5 7.5 2.5 2 0 3 3 3
1368.9 -2357.9 20.7 298 0 11.2 9.1 5.0 2.5 2 0 2 5 5
1253.8 -1975.8 25.7 132 0 6.8 10.3 2.5 2.5 2 1 1 0 0
962.0 -1924.6 24.3 143 0 14.0 6.8 5.0 2.5 2 0 2 2 2
1629.7 -1218.3 15.8 146 0 6.2 9.5 2.5 2.5 2 1 1 1 1
887.3 -1906.3 23.5 61 0 13.1 16.1 2.5 2.5 4 1 1 1 1
1494.1 -1252.6 17.1 326 0 7.0 11.1 5.0 2.5 2 1 2 2 2
1198.8 -1405.8 24.3 270 0 7.0 11.1 5.0 2.5 2 1 2 0 0
1293.7 -1488.2 26.4 90 0 7.0 11.1 5.0 2.5 2 1 2 0 0
1095.2 -2160.7 18.3 218 0 9.6 12.0 2.5 2.5 2 1 1 4 4
1332.1 -2625.2 10.2 130 0 9.0 10.7 5.0 2.5 2 1 2 4 4
1063.6 -2027.7 20.9 129 0 11.6 11.3 5.0 2.5 2 0 2 4 4
1096.3 -2214.5 16.4 243 0 11.2 9.7 7.5 2.5 2 0 3 0 0
1310.6 -1275.4 19.5 180 0 7.0 11.1 5.0 0.0 0 1 2 1 1
1047.1 -2170.8 16.6 332 0 5.5 10.5 5.0 0.0 0 1 2 4 4
1059.5 -1432.2 28.5 113 0 11.8 7.7 5.0 2.5 2 0 2 2 2
982.0 -2032.5 19.4 232 0 12.4 4.9 7.5 2.5 4 0 3 4 4
1001.9 -2145.0 16.7 46 0 11.1 9.7 5.0 2.5 2 0 2 2 2
1410.7 -1275.6 18.1 56 0 11.1 7.0 5.0 2.5 4 0 2 2 2
1169.9 -1274.4 21.1 222 0 11.1 7.0 5.0 2.5 2 0 2 1 1
1061.7 -1885.3 26.9 23 0 7.7 11.8 5.0 2.5 2 1 2 5 5
1079.3 -2131.2 18.4 15 0 6.0 10.8 7.5 2.5 2 1 3 2 2
1125.8 -1763.0 30.2 301 0 9.2 13.2 7.5 0.0 0 1 3 4 4
1448.1 -1350.2 21.1 210 0 7.0 11.1 7.5 2.5 4 1 3 1 1
1036.7 -1730.2 30.1 290 0 5.4 8.7 7.5 0.0 0 1 3 1 1
1341.6 -1268.7 19.5 270 0 11.1 7.0 7.5 2.5 2 0 3 0 0
1371.1 -2445.4 17.9 212 0 5.6 12.1 7.5 2.5 2 1 3 2 2
1428.0 -2411.3 20.7 23 0 10.3 8.2 5.0 2.5 2 0 2 4 4
1120.2 -1850.8 28.7 126 0 7.7 16.1 5.0 2.5 2 1 2 2 2
1267.4 -2234.9 21.1 140 0 4.3 9.3 7.5 2.5 2 1 3 4 4
1372.2 -2163.8 24.7 236 0 4.4 19.7 2.5 0.0 0 1 1 3 3
1157.8 -2333.3 15.5 237 0 5.5 14.3 7.5 2.5 2 1 3 0 0
1335.5 -1761.3 31.0 212 0 13.2 11.4 5.0 2.5 2 0 2 1 1
959.2 -2029.2 19.5 55 0 4.9 10.2 5.0 2.5 2 1 2 0 0
1428.9 -1202.2 14.8 180 0 6.2 9.5 7.5 2.5 2 1 3 3 3
968.0 -1973.6 21.7 340 0 13.6 9.8 7.5 2.5 2 0 3 5 5
1241.9 -2143.3 22.2 160 0 4.9 13.9 2.5 2.5 2 1 1 0 0
1033.3 -1349.3 26.7 113 0 10.6 7.5 5.0 2.5 2 0 2 0 0
1049.4 -2080.8 19.0 38 0 13.6 5.7 2.5 2.5 2 0 1 3 3
1535.8 -1173.1 13.6 93 0 6.2 9.5 5.0 2.5 4 1 2 0 0
941.0 -2182.1 14.0 67 0 10.7 10.3 5.0 2.5 2 0 2 0 0
1063.9 -1754.9 30.0 294 0 9.8 14.4 2.5 2.5 2 1 1 3 3
1354.3 -2154.2 24.5 48 0 5.3 6.8 7.5 2.5 2 1 3 3 3
1054.7 -2367.4 11.6 142 0 9.9 8.7 7.5 2.5 2 0 3 1 1
1584.2 -1148.3 13.7 237 0 6.2 9.5 2.5 2.5 2 1 1 5 5
1249.9 -2079.7 22.8 251 0 11.8 10.5 7.5 2.5 2 0 3 4 4
1102.3 -1767.4 30.1 302 0 13.9 5.2 5.0 2.5 2 0 2 4 4
1014.8 -2054.9 19.3 137 0 9.2 5.4 7.5 2.5 2 0 3 5 5
1163.1 -1910.5 26.4 298 0 6.0 10.4 5.0 2.5 4 1 2 5 5
1408.5 -2024.7 27.5 46 0 6.0 10.6 5.0 2.5 2 1 2 5 5
1198.3 -1308.9 21.3 133 0 7.0 11.1 7.5 2.5 2 1 3 3 3
1106.8 -2309.8 15.0 148 0 4.5 10.5 7.5 2.5 4 1 3 4 4
1511.4 -1173.1 13.8 308 0 6.2 9.5 2.5 2.5 4 1 1 2 2
1162.3 -1488.4 27.2 136 0 7.0 11.1 7.5 2.5 2 1 3 2 2
1341.6 -1257.7 18.9 90 0 11.1 7.0 5.0 2.5 2 0 2 2 2
1417.2 -2441.1 19.3 19 0 11.4 8.3 7.5 2.5 2 0 3 1 1
1043.9 -2048.3 19.6 323 0 12.4 7.0 7.5 2.5 2 0 3 5 5
1112.1 -1282.9 22.4 113 0 7.0 11.1 7.5 2.5 2 1 3 5 5
1029.2 -1714.3 30.3 293 0 13.1 5.3 5.0 2.5 2 0 2 4 4
1527.7 -1301.6 19.2 326 0 7.0 11.1 7.5 2.5 2 1 3 0 0
1001.3 -1296.5 26.3 23 0 6.9 11.3 5.0 2.5 2 1 2 3 3
1258.4 -2310.2 19.0 323 0 13.3 9.2 7.5 2.5 4 0 3 4 4
978.0 -2160.5 15.7 58 0 9.2 13.5 7.5 2.5 2 1 3 1 1
995.9 -1594.8 31.5 258 0 9.0 17.8 5.0 2.5 2 1 2 0 0
1079.7 -2139.9 18.4 17 0 7.7 11.7 2.5 2.5 2 1 1 5 5
1432.0 -1218.1 15.5 170 0 6.2 9.5 5.0 2.5 2 1 2 3 3
1313.0 -1316.8 20.9 180 0 7.0 11.1 2.5 2.5 2 1 1 0 0
1187.3 -1271.5 20.8 273 0 7.0 11.1 5.0 2.5 2 1 2 3 3
1249.7 -2125.6 22.4 161 0 4.8 10.2 5.0 2.5 2 1 2 2 2
1098.9 -2322.0 14.0 317 0 20.3 8.1 5.0 2.5 2 0 2 5 5
1058.6 -2088.0 19.0 42 0 12.0 9.6 5.0 2.5 2 0 2 5 5
1147.0 -2085.3 20.7 234 0 14.6 4.5 2.5 2.5 2 0 1 5 5
1379.9 -2395.5 19.7 200 0 9.3 10.4 7.5 2.5 2 1 3 3 3
1147.2 -1439.6 26.2 181 0 7.0 11.1 5.0 2.5 2 1 2 3 3
1403.1 -2133.7 25.7 239 0 4.7 11.0 5.0 2.5 2 1 2 1 1
1313.3 -2175.1 22.9 62 0 4.5 12.1 7.5 2.5 2 1 3 1 1
1330.0 -1982.5 27.0 139 0 7.9 5.2 2.5 2.5 2 0 1 1 1
988.5 -1843.4 27.3 286 0 7.3 12.4 7.5 2.5 2 1 3 4 4
1086.5 -2291.7 14.9 151 0 6.2 5.1 5.0 2.5 2 0 2 2 2
1162.1 -1347.0 23.4 25 0 7.0 11.1 7.5 2.5 2 1 3 2 2
1195.0 -1498.5 26.7 106 0 7.0 11.1 7.5 0.0 0 1 3 3 3
1082.2 -1763.9 30.0 300 0 12.4 9.8 2.5 2.5 2 0 1 1 1
1008.3 -1335.1 26.9 176 0 7.7 11.7 7.5 2.5 2 1 3 5 5
996.7 -2281.7 12.3 30 0 10.8 13.2 5.0 2.5 2 1 2 5 5
1164.1 -1998.2 23.4 43 0 5.5 15.7 5.0 2.5 2 1 2 2 2
1310.5 -1236.0 18.1 181 0 7.0 11.1 5.0 2.5 2 1 2 2 2
1065.3 -2342.8 12.3 317 0 9.5 8.8 5.0 2.5 4 0 2 3 3
1250.5 -2465.7 13.3 307 0 12.2 8.9 5.0 2.5 2 0 2 3 3
1086.1 -1906.0 26.1 208 0 9.0 8.3 5.0 2.5 2 0 2 0 0
1479.0 -2634.0 11.8 29 0 9.2 18.0 5.0 2.5 2 1 2 0 0
1154.1 -1752.5 30.7 111 0 11.0 11.3 7.5 2.5 2 1 3 3 3
1310.8 -1486.0 26.4 73 0 7.0 11.1 5.0 2.5 2 1 2 0 0
1285.8 -2210.7 21.4 51 0 9.5 8.0 5.0 2.5 2 0 2 2 2
1050.3 -2062.4 19.4 322 0 15.2 5.2 2.5 2.5 4 0 1 3 3
1249.1 -1887.8 28.5 144 0 5.5 11.5 7.5 0.0 0 1 3 3 3
1393.7 -2633.2 9.8 307 0 10.1 5.3 5.0 2.5 4 0 2 1 1
1150.4 -1276.7 21.6 223 0 7.0 11.1 7.5 2.5 2 1 3 2 2
1255.8 -1301.5 20.1 180 0 7.0 11.1 2.5 2.5 2 1 1 2 2
1068.0 -2288.9 14.2 325 0 8.9 6.8 2.5 2.5 4 0 1 4 4
1516.0 -1186.6 14.4 326 0 6.2 9.5 5.0 2.5 2 1 2 4 4
1401.5 -2328.9 22.8 47 0 12.7 6.1 5.0 2.5 2 0 2 1 1
1080.2 -2078.9 19.6 37 0 12.1 10.6 7.5 2.5 2 0 3 4 4
1066.0 -2263.7 14.9 161 0 7.4 10.3 7.5 2.5 2 1 3 0 0
1611.1 -1179.1 14.5 124 0 6.2 9.5 5.0 2.5 2 1 2 3 3
1399.8 -2357.5 21.6 218 0 12.0 8.1 2.5 2.5 2 0 1 5 5
1282.5 -1442.0 24.7 90 0 7.0 11.1 7.5 2.5 4 1 3 0 0
1413.2 -2496.4 17.1 219 0 8.2 4.1 7.5 2.5 2 0 3 2 2
878.7 -1994.9 20.0 162 0 12.3 10.3 5.0 0.0 0 0 2 4 4
1180.9 -2243.1 18.1 60 0 5.7 18.0 5.0 0.0 0 1 2 5 5
1140.7 -2228.3 17.2 53 0 12.8 4.7 7.5 0.0 0 0 3 0 0
1455.2 -2526.4 16.8 250 0 8.1 6.2 5.0 2.5 2 0 2 2 2
971.4 -2266.7 12.2 124 0 10.1 8.4 5.0 2.5 2 0 2 4 4
1444.8 -2260.4 25.4 12 0 9.9 19.5 5.0 2.5 4 1 2 3 3
1157.1 -2011.3 22.8 38 0 10.8 11.3 7.5 2.5 2 1 3 3 3
1363.5 -2241.1 23.9 231 0 8.0 13.3 7.5 2.5 2 1 3 4 4
1324.6 -1968.1 27.3 138 0 14.3 10.0 2.5 2.5 2 0 1 3 3
1897.7 -2612.9 8.6 86 0 8.3 11.0 2.5 2.5 2 1 1 1 1
1081.1 -2309.0 13.8 317 0 15.6 10.6 2.5 2.5 2 0 1 4 4
1365.5 -2505.8 15.5 118 0 4.2 11.9 2.5 2.5 4 1 1 1 1
1411.6 -2604.7 11.6 225 0 4.5 10.2 7.5 2.5 2 0 3 4 4
1180.0 -1513.0 27.6 181 0 5.6 9.2 5.0 2.5 2 1 2 1 1
1114.9 -1362.7 24.9 205 0 7.0 11.1 5.0 2.5 2 1 2 3 3
1230.0 -1788.1 30.7 113 0 6.8 12.0 2.5 2.5 2 1 1 3 3
1151.6 -1422.8 25.7 205 0 7.0 11.1 5.0 2.5 2 1 2 0 0
1281.2 -2172.4 22.1 62 0 12.5 12.7 5.0 2.5 4 1 2 2 2
1320.5 -1908.4 28.5 309 0 6.6 5.6 2.5 2.5 2 0 1 1 1
1121.1 -2215.3 17.0 242 0 9.9 7.5 7.5 2.5 2 0 3 5 5
1225.6 -1442.9 24.5 89 0 7.0 11.1 5.0 2.5 2 1 2 4 4
1244.7 -2449.1 14.0 308 0 9.8 4.3 7.5 2.5 2 0 3 3 3
1267.5 -1441.1 24.6 90 0 7.0 11.1 5.0 2.5 2 1 2 3 3
1020.7 -2296.2 12.7 220 0 11.6 4.6 2.5 2.5 4 0 1 4 4
1410.6 -2579.2 12.8 49 0 11.6 9.6 7.5 2.5 2 0 3 2 2
1153.8 -1762.8 30.6 112 0 7.8 7.3 5.0 2.5 2 0 2 4 4
1520.1 -1290.3 18.8 326 0 7.0 11.1 2.5 2.5 2 1 1 5 5
1220.2 -1554.8 27.8 93 0 33.9 24.3 7.5 0.0 0 0 3 1 1
1211.1 -1462.1 25.7 290 0 7.0 11.1 7.5 2.5 4 1 3 1 1
1225.2 -2057.0 23.1 91 0 6.9 10.5 5.0 2.5 2 1 2 5 5
1448.3 -1338.7 20.6 169 0 7.0 11.1 2.5 2.5 2 1 1 5 5
1176.8 -1966.4 24.4 44 0 8.5 11.2 5.0 2.5 2 1 2 0 0
1176.4 -1772.0 30.6 111 0 7.3 9.8 7.5 2.5 2 1 3 5 5
1207.3 -2175.0 20.5 155 0 5.1 18.0 7.5 2.5 2 1 3 5 5
1430.7 -1264.5 17.2 54 0 11.1 7.0 7.5 2.5 4 0 3 4 4
1123.4 -1294.9 22.5 171 0 11.1 7.0 7.5 2.5 2 0 3 3 3
1079.8 -2207.2 16.3 248 0 4.8 13.5 2.5 2.5 2 1 1 0 0
1299.0 -1289.6 19.8 358 0 11.1 7.0 2.5 2.5 2 0 1 4 4
853.4 -2002.2 19.1 156 0 14.5 8.1 5.0 2.5 2 0 2 4 4
1418.7 -2336.4 22.9 228 0 10.0 14.4 5.0 2.5 2 1 2 3 3
1457.7 -2515.2 17.7 79 0 8.1 12.5 5.0 2.5 2 1 2 2 2
1183.7 -1444.0 25.7 1 0 7.0 11.1 7.5 2.5 2 1 3 4 4
1302.5 -1954.3 27.2 130 0 9.9 12.0 5.0 0.0 0 1 2 0 0
1315.2 -1332.6 21.5 191 0 7.0 11.1 5.0 2.5 2 1 2 3 3
1370.3 -2468.8 17.0 208 0 10.8 10.3 5.0 2.5 2 0 2 1 1
1091.0 -1935.2 24.3 297 0 5.0 17.7 5.0 2.5 2 1 2 2 2
1427.7 -1317.7 19.6 146 0 7.0 11.1 5.0 0.0 0 1 2 3 3
1417.9 -1426.3 25.2 1 0 10.1 15.0 5.0 0.0 0 1 2 0 0
1641.1 -1173.1 14.7 326 0 6.2 9.5 5.0 2.5 2 1 2 4 4
1355.2 -2225.8 23.7 152 0 16.8 5.4 5.0 2.5 2 0 2 0 0
1194.5 -2123.5 21.1 176 0 7.8 12.1 5.0 2.5 2 1 2 5 5
1012.3 -1318.7 26.5 203 0 7.6 10.9 2.5 2.5 2 1 1 4 4
1062.6 -2305.7 13.3 324 0 8.2 12.0 7.5 0.0 0 1 3 3 3
879.6 -2025.1 18.9 156 0 9.5 9.8 7.5 2.5 2 1 3 2 2
1357.4 -2170.2 24.1 233 0 4.1 9.4 2.5 2.5 2 1 1 3 3
932.7 -2074.3 17.6 61 0 3.9 17.6 7.5 2.5 2 1 3 5 5
1395.0 -2563.3 13.0 324 0 10.9 4.8 2.5 2.5 2 0 1 5 5
1271.5 -2446.0 15.1 123 0 11.8 11.2 2.5 2.5 2 0 1 0 0
1170.2 -1726.1 30.8 104 0 5.0 14.4 5.0 2.5 2 1 2 0 0
1244.4 -1841.1 29.9 23 0 9.7 16.6 2.5 2.5 2 1 1 1 1
1162.2 -1408.1 25.1 234 0 7.0 11.1 5.0 2.5 4 1 2 1 1
1128.1 -2363.4 13.4 309 0 13.7 10.9 5.0 2.5 2 0 2 4 4
1352.7 -2500.5 15.4 120 0 5.0 24.8 7.5 2.5 2 1 3 5 5
1194.6 -2054.2 22.5 74 0 10.9 9.3 7.5 2.5 4 0 3 0 0
1261.8 -2074.8 23.1 246 0 9.6 13.0 5.0 2.5 2 1 2 1 1
1142.3 -1294.5 22.2 205 0 7.0 11.1 7.5 2.5 2 1 3 5 5
1200.3 -1749.4 31.0 105 0 5.2 15.9 5.0 2.5 2 1 2 1 1
1487.5 -1309.6 19.3 146 0 7.0 11.1 5.0 2.5 2 1 2 3 3
1012.5 -2016.6 20.4 235 0 7.6 10.4 5.0 0.0 0 1 2 4 4
1161.6 -1901.4 26.9 213 0 11.1 9.9 5.0 2.5 2 0 2 2 2
1266.3 -1939.7 26.8 215 0 7.9 9.6 5.0 2.5 2 1 2 3 3
1033.0 -2304.5 12.8 225 0 10.0 9.2 7.5 2.5 2 0 3 4 4
1054.5 -2227.2 15.0 254 0 10.2 10.1 5.0 2.5 4 0 2 4 4
1447.0 -2366.0 22.9 40 0 9.4 10.8 5.0 2.5 2 1 2 3 3
685.5 -2512.0 10.1 29 0 9.9 9.9 7.5 2.5 2 0 3 1 1
1437.1 -2521.7 16.8 36 0 3.6 10.0 7.5 0.0 0 1 3 1 1
992.6 -2308.1 11.5 216 0 11.6 7.9 7.5 2.5 2 0 3 5 5
1228.5 -1257.8 19.2 90 0 7.0 11.1 5.0 2.5 2 1 2 2 2
1188.3 -1954.4 25.0 43 0 11.0 13.4 5.0 2.5 2 1 2 2 2
1466.2 -1200.6 14.7 31 0 6.2 9.5 7.5 2.5 2 1 3 4 4
1435.3 -2425.0 20.5 213 0 15.9 6.1 7.5 0.0 0 0 3 5 5
1203.7 -2212.9 18.9 332 0 9.9 11.6 7.5 2.5 2 1 3 2 2
1220.7 -1930.5 26.2 210 0 9.4 11.9 7.5 0.0 0 1 3 3 3
1201.0 -1272.6 20.5 294 0 7.0 11.1 7.5 2.5 4 1 3 5 5
1416.0 -2600.2 11.9 225 0 8.2 10.2 7.5 2.5 2 0 3 2 2
1440.5 -1356.0 21.6 238 0 7.0 11.1 7.5 2.5 2 1 3 0 0
1051.5 -1964.2 23.0 334 0 9.5 6.6 7.5 2.5 2 0 3 4 4
1347.7 -2175.9 23.6 228 0 10.3 4.6 7.5 0.0 0 0 3 0 0
1193.5 -2116.4 21.1 176 0 4.7 12.3 5.0 0.0 0 1 2 4 4
1076.3 -1330.1 24.8 160 0 7.7 11.8 5.0 2.5 4 1 2 4 4
983.7 -1382.9 29.2 203 0 7.8 12.2 5.0 2.5 2 1 2 3 3
1046.9 -2332.2 12.1 325 0 7.9 10.4 5.0 2.5 2 1 2 1 1
930.1 -2139.2 15.4 147 0 9.4 11.6 5.0 0.0 0 1 2 2 2
888.7 -2006.8 19.9 152 0 8.3 14.4 2.5 2.5 2 1 1 0 0
1203.0 -1373.7 23.1 115 0 11.1 7.0 7.5 2.5 2 0 3 2 2
1233.2 -1983.2 25.2 130 0 12.1 11.3 5.0 2.5 2 0 2 4 4
1404.8 -2510.0 15.9 217 0 16.0 8.5 5.0 2.5 2 0 2 0 0
1211.9 -1921.2 26.6 35 0 9.6 14.1 5.0 2.5 2 1 2 0 0
1347.4 -2350.7 20.3 309 0 12.6 10.0 7.5 2.5 4 0 3 5 5
1327.3 -2215.5 22.7 331 0 9.8 6.9 5.0 2.5 2 0 2 4 4
1116.9 -1488.5 28.5 176 0 7.8 10.9 7.5 2.5 2 1 3 2 2
1160.3 -2148.4 20.2 329 0 6.7 5.0 2.5 2.5 2 0 1 0 0
1292.8 -2049.7 24.4 232 0 17.3 5.4 5.0 2.5 2 0 2 2 2
1501.8 -1228.8 15.9 146 0 6.2 9.5 5.0 2.5 2 1 2 0 0
1374.5 -2090.8 25.3 135 0 13.1 10.8 7.5 2.5 2 0 3 1 1
1388.7 -2575.2 12.2 47 0 12.7 9.7 5.0 2.5 2 0 2 3 3
1182.8 -1869.4 28.5 302 0 12.0 4.6 2.5 2.5 2 0 1 5 5
1472.9 -2103.1 26.6 234 0 11.7 9.0 7.5 2.5 2 0 3 4 4
1013.0 -1989.6 21.3 327 0 10.1 13.2 5.0 2.5 2 1 2 3 3
1494.6 -1202.5 14.7 95 0 6.2 9.5 2.5 2.5 2 1 1 5 5
998.9 -2336.8 10.8 233 0 8.1 9.5 7.5 2.5 2 1 3 2 2
1051.2 -1915.7 25.5 34 0 8.2 10.5 7.5 2.5 2 1 3 5 5
1198.1 -1765.4 30.9 106 0 9.9 11.1 7.5 2.5 2 1 3 3 3
1032.8 -1415.1 28.8 203 0 7.8 11.8 7.5 2.5 2 1 3 3 3
1004.3 -1911.2 25.4 114 0 9.8 14.6 5.0 2.5 2 1 2 3 3
1346.6 -1301.6 20.5 0 0 7.0 11.1 2.5 2.5 2 1 1 3 3
1489.3 -2353.8 24.3 308 0 13.6 13.6 7.5 2.5 2 1 3 4 4
1205.1 -2192.4 19.6 336 0 9.9 9.9 5.0 2.5 2 0 2 1 1
1212.3 -1972.2 25.0 120 0 21.7 5.2 5.0 2.5 2 0 2 5 5
1454.0 -2565.2 15.0 152 0 12.3 10.0 2.5 2.5 2 0 1 1 1
1088.4 -1426.5 27.6 206 0 7.8 10.9 2.5 2.5 2 1 1 3 3
1046.7 -2196.2 15.8 28 0 14.3 4.1 2.5 2.5 4 0 1 1 1
1424.5 -2585.0 12.9 46 0 10.0 9.1 7.5 2.5 2 0 3 1 1
1079.0 -1901.8 26.3 38 0 10.0 11.8 5.0 2.5 2 1 2 4 4
1177.1 -2373.5 15.0 129 0 7.7 6.5 5.0 2.5 4 0 2 3 3
1106.4 -1808.9 29.5 42 0 8.4 10.6 5.0 2.5 2 1 2 2 2
1240.3 -2019.0 24.1 274 0 7.3 11.6 7.5 2.5 2 1 3 3 3
1011.3 -1819.7 28.5 100 0 6.9 12.1 5.0 0.0 0 1 2 1 1
1194.6 -1925.7 26.2 36 0 9.3 9.8 7.5 2.5 2 1 3 2 2
1484.6 -1240.0 16.6 326 0 7.0 11.1 2.5 2.5 2 1 1 5 5
1306.3 -2335.6 19.9 225 0 4.7 18.4 2.5 2.5 2 1 1 1 1
1121.1 -2134.6 19.5 239 0 4.1 14.5 5.0 2.5 2 1 2 1 1
1309.3 -2204.6 22.3 242 0 11.6 10.5 2.5 2.5 2 0 1 0 0
1118.5 -1440.7 27.3 26 0 7.8 10.9 7.5 2.5 2 1 3 0 0
899.5 -2016.2 19.5 149 0 9.1 12.2 5.0 2.5 2 1 2 5 5
1383.7 -2203.6 24.6 145 0 11.7 9.9 7.5 2.5 2 0 3 0 0
1022.5 -2237.6 14.0 15 0 7.3 11.5 5.0 2.5 2 1 2 1 1
944.5 -2048.2 18.1 324 0 7.0 15.8 2.5 2.5 2 1 1 5 5
1100.3 -1538.8 30.7 228 0 7.8 10.9 7.5 2.5 2 1 3 3 3
1382.2 -2558.8 12.7 313 0 7.6 8.6 2.5 2.5 2 1 1 5 5
956.4 -1943.2 23.0 327 0 12.4 10.7 5.0 2.5 2 0 2 3 3
1420.3 -1306.5 19.2 146 0 7.0 11.1 5.0 2.5 2 1 2 1 1
1215.3 -1279.6 20.4 313 0 7.0 11.1 7.5 2.5 2 1 3 0 0
1172.5 -2300.3 17.1 226 0 7.6 14.2 7.5 2.5 2 1 3 1 1
1389.6 -1304.4 20.4 234 0 9.5 6.2 5.0 2.5 2 0 2 5 5
1029.2 -1852.0 27.5 273 0 10.6 10.9 10.0 2.5 2 1 4 3 3
1025.0 -1383.3 28.2 23 0 9.5 11.4 5.0 2.5 2 1 2 3 3
862.8 -1949.4 21.2 243 0 11.5 10.8 7.5 2.5 2 0 3 5 5
1386.1 -2080.1 25.7 135 0 12.3 4.7 2.5 2.5 4 0 1 4 4
1167.9 -1886.5 27.9 123 0 4.4 7.7 5.0 2.5 2 1 2 3 3
1604.3 -1218.4 15.9 326 0 6.2 9.5 5.0 2.5 2 1 2 4 4
1348.2 -2123.8 24.3 332 0 6.9 9.0 5.0 2.5 2 1 2 1 1
990.6 -2338.5 10.4 234 0 4.8 8.0 5.0 2.5 2 1 2 3 3
953.8 -1906.4 25.0 196 0 8.5 12.0 7.5 2.5 2 1 3 4 4
1077.2 -1478.9 29.6 271 0 10.9 7.8 5.0 2.5 4 0 2 3 3
1073.6 -1318.3 24.5 127 0 7.7 11.8 7.5 2.5 2 1 3 4 4
1144.7 -1775.9 30.2 299 0 12.8 10.0 5.0 2.5 2 0 2 3 3
1102.9 -2147.7 18.8 232 0 10.4 12.0 10.0 2.5 4 1 4 3 3
1098.8 -1494.3 29.2 181 0 7.8 10.9 5.0 2.5 2 1 2 2 2
1495.0 -1320.7 19.7 146 0 7.0 11.1 7.5 2.5 2 1 3 1 1
971.9 -2040.3 19.1 234 0 10.9 5.3 2.5 2.5 2 0 1 1 1
1221.2 -1964.2 25.4 120 0 10.0 9.4 5.0 2.5 2 0 2 3 3
1052.3 -1894.4 26.3 21 0 14.5 7.5 5.0 2.5 2 0 2 4 4
1068.1 -2120.1 18.5 189 0 7.9 13.1 2.5 2.5 2 1 1 0 0
1125.7 -1771.3 30.3 299 0 5.5 4.6 7.5 2.5 4 0 3 4 4
1662.7 -1107.8 13.3 251 0 8.3 22.9 7.5 2.5 2 1 3 3 3
1342.3 -2508.2 14.4 295 0 9.4 4.6 7.5 2.5 4 0 3 5 5
1054.8 -2034.4 20.2 321 0 10.2 10.0 5.0 2.5 2 0 2 1 1
1211.7 -1254.2 19.5 85 0 11.1 7.0 2.5 2.5 2 0 1 5 5
1232.7 -2234.7 20.0 166 0 11.1 10.1 7.5 2.5 2 0 3 4 4
1039.6 -1400.2 28.1 203 0 7.7 11.8 2.5 2.5 2 1 1 2 2
1185.6 -2342.1 16.3 138 0 5.5 10.2 7.5 2.5 2 1 3 3 3
1003.0 -2230.0 13.9 17 0 4.2 11.5 5.0 2.5 2 1 2 4 4
966.7 -2023.5 19.7 60 0 12.1 9.2 7.5 2.5 2 0 3 4 4
951.0 -1958.6 22.5 340 0 9.9 4.8 2.5 2.5 2 0 1 2 2
1328.8 -2348.2 19.9 316 0 10.0 7.7 7.5 2.5 2 0 3 0 0
1144.7 -2136.5 19.8 330 0 4.6 15.6 7.5 0.0 0 1 3 0 0
948.2 -2190.7 13.5 250 0 10.5 14.9 7.5 2.5 4 1 3 4 4
1465.4 -2495.0 18.7 61 0 14.9 10.4 5.0 2.5 2 0 2 3 3
1496.9 -1167.2 13.6 288 0 6.2 9.5 5.0 2.5 2 1 2 5 5
1337.8 -1364.2 22.4 50 0 7.0 11.1 5.0 2.5 2 1 2 2 2
983.7 -1966.7 22.3 303 0 13.7 7.5 5.0 2.5 2 0 2 0 0
1331.4 -2177.3 23.2 47 0 12.8 5.2 2.5 2.5 2 0 1 4 4
1129.9 -1916.8 26.0 32 0 11.5 9.8 5.0 2.5 4 0 2 3 3
1462.1 -1294.0 18.8 326 0 7.0 11.1 5.0 2.5 2 1 2 5 5
1310.6 -1220.6 17.6 181 0 7.0 11.1 2.5 2.5 2 1 1 0 0
1511.5 -1242.6 16.5 146 0 6.2 9.5 2.5 2.5 2 1 1 1 1
972.3 -1939.7 23.7 143 0 8.3 7.0 7.5 2.5 2 0 3 5 5
1119.3 -2307.5 15.4 160 0 8.6 16.8 7.5 2.5 4 1 3 5 5
1383.3 -2102.4 25.2 128 0 5.5 16.2 5.0 2.5 2 1 2 4 4
1245.9 -1969.6 25.7 130 0 11.0 7.6 2.5 2.5 2 0 1 2 2
1152.6 -2292.8 16.7 47 0 11.3 8.4 5.0 2.5 2 0 2 3 3
1225.9 -1290.1 20.5 325 0 7.0 11.1 5.0 0.0 0 1 2 4 4
1465.5 -1378.5 22.0 61 0 7.0 11.1 2.5 2.5 2 1 1 0 0
1350.3 -2319.6 21.8 139 0 9.4 4.2 5.0 2.5 2 0 2 4 4
1354.8 -1189.9 15.9 322 0 7.0 11.1 5.0 2.5 2 1 2 4 4
676.8 -1627.0 30.8 340 0 6.1 8.0 5.0 2.5 2 1 2 0 0
1190.2 -1430.6 25.0 82 0 11.1 7.0 7.5 2.5 2 0 3 1 1
1443.4 -1189.5 14.4 211 0 6.2 9.5 2.5 2.5 2 1 1 3 3
1081.2 -1498.3 30.1 1 0 7.8 10.9 7.5 2.5 2 1 3 5 5
1018.7 -1724.5 30.2 292 0 10.0 11.7 2.5 2.5 2 1 1 5 5
1391.2 -1288.9 19.2 101 0 7.0 11.1 2.5 2.5 2 1 1 5 5
1186.4 -1829.5 29.7 22 0 11.0 8.7 5.0 2.5 2 0 2 5 5
1275.8 -2313.1 19.5 327 0 10.6 7.6 5.0 2.5 2 0 2 0 0
1484.7 -1353.6 21.2 16 0 7.0 11.1 5.0 2.5 2 1 2 5 5
990.2 -2014.1 20.4 48 0 9.9 13.8 5.0 2.5 2 0 2 5 5
1289.3 -1302.6 20.2 1 0 7.0 11.1 7.5 2.5 2 1 3 4 4
1015.4 -2219.0 14.6 41 0 4.3 13.9 5.0 2.5 2 1 2 4 4
934.9 -1980.4 21.2 349 0 9.2 13.1 5.0 2.5 4 1 2 2 2
1449.8 -2215.1 26.6 13 0 12.6 5.9 7.5 2.5 2 0 3 4 4
1136.0 -1278.9 21.8 77 0 7.0 11.1 7.5 2.5 4 1 3 0 0
1228.2 -2139.3 21.7 69 0 13.6 10.0 5.0 0.0 0 0 2 2 2
1262.6 -2471.2 13.1 307 0 10.5 14.0 7.5 2.5 2 1 3 4 4
1393.0 -2343.4 22.0 45 0 11.8 9.2 2.5 2.5 4 0 1 0 0
1059.3 -2106.0 18.5 44 0 13.5 8.1 2.5 2.5 2 0 1 3 3
1048.3 -1509.2 31.0 168 0 7.8 10.9 7.5 2.5 2 1 3 3 3
1141.7 -2094.4 20.4 253 0 10.4 8.3 7.5 2.5 2 0 3 4 4
1129.2 -1403.7 25.9 296 0 10.9 7.8 7.5 2.5 2 0 3 3 3
966.6 -1786.3 28.5 195 0 12.2 8.0 7.5 2.5 2 0 3 4 4
1296.5 -2201.7 21.9 61 0 9.2 16.8 5.0 2.5 2 1 2 5 5
1262.0 -1366.7 22.1 138 0 7.0 11.1 7.5 2.5 2 1 3 2 2
1232.6 -1317.3 21.1 2 0 7.0 11.1 7.5 2.5 2 1 3 3 3
976.3 -1859.9 26.9 195 0 10.1 10.0 10.0 2.5 2 0 4 2 2
1121.6 -2174.1 18.4 233 0 5.0 11.6 7.5 2.5 2 1 3 2 2
869.0 -2133.5 13.3 68 0 9.6 12.2 5.0 2.5 2 1 2 2 2
1005.2 -2270.3 12.7 19 0 4.7 16.4 2.5 2.5 2 1 1 1 1
1150.7 -1980.3 23.6 46 0 11.1 10.6 5.0 2.5 2 0 2 0 0
1221.3 -1881.0 28.4 29 0 11.6 7.2 5.0 2.5 2 0 2 5 5
996.5 -2058.1 19.0 132 0 8.6 11.2 5.0 2.5 2 1 2 4 4
1355.0 -2270.7 23.1 233 0 9.4 14.1 5.0 2.5 2 1 2 5 5
998.0 -1272.1 25.7 278 0 6.9 11.3 7.5 2.5 4 1 3 2 2
1240.4 -1974.5 25.5 130 0 12.5 9.6 5.0 2.5 2 0 2 5 5
1465.8 -1310.2 19.5 326 0 7.0 11.1 5.0 2.5 2 1 2 4 4
1281.0 -2197.1 21.5 49 0 8.8 6.3 5.0 0.0 0 0 2 2 2
1028.3 -2009.8 20.7 318 0 12.7 10.7 7.5 2.5 2 0 3 0 0
1261.0 -1847.6 29.8 204 0 12.8 10.8 2.5 2.5 4 0 1 5 5
1401.0 -2617.8 10.7 220 0 8.9 10.1 7.5 2.5 2 1 3 3 3
1253.9 -1319.1 20.7 180 0 7.0 11.1 2.5 2.5 2 1 1 4 4
1684.5 -1219.7 16.2 323 0 9.5 6.2 5.0 2.5 2 0 2 1 1
1292.9 -1382.3 22.8 100 0 7.0 11.1 2.5 2.5 4 1 1 4 4
1203.9 -2001.1 23.7 293 0 9.3 12.3 5.0 2.5 4 1 2 0 0
1359.4 -2325.1 21.9 147 0 6.1 4.8 7.5 2.5 4 0 3 5 5
1077.7 -2259.6 15.3 160 0 4.4 15.4 5.0 0.0 0 1 2 2 2
675.2 -1679.9 27.7 158 0 13.8 7.6 7.5 2.5 2 0 3 5 5
1259.5 -1258.2 18.5 90 0 7.0 11.1 7.5 2.5 2 1 3 4 4
1138.5 -1906.9 26.6 35 0 12.6 11.6 2.5 2.5 2 0 1 0 0
1154.8 -1364.2 24.0 25 0 7.0 11.1 5.0 2.5 2 1 2 2 2
1104.7 -1837.0 29.0 130 0 9.8 13.0 7.5 2.5 2 1 3 3 3
1158.4 -2227.8 17.7 52 0 8.8 10.2 2.5 2.5 2 1 1 0 0
1440.8 -2540.4 15.4 237 0 10.8 12.3 7.5 2.5 2 1 3 1 1
958.0 -2246.5 12.4 202 0 6.0 26.8 7.5 0.0 0 1 3 4 4
1144.2 -2005.7 22.8 38 0 5.1 11.2 7.5 2.5 2 1 3 0 0
1518.0 -1253.0 17.0 146 0 6.2 9.5 5.0 2.5 2 1 2 2 2
1294.8 -2226.8 21.9 244 0 8.5 16.1 7.5 2.5 2 1 3 2 2
1325.5 -1989.4 26.6 48 0 10.4 17.8 7.5 2.5 2 1 3 1 1
1374.1 -2495.8 16.3 119 0 10.3 9.5 5.0 2.5 2 0 2 4 4
1590.4 -1180.9 14.3 45 0 6.2 9.5 7.5 2.5 2 1 3 2 2
1045.1 -1537.4 31.5 183 0 7.7 11.8 7.5 2.5 2 1 3 2 2
1616.2 -1192.3 14.9 146 0 6.2 9.5 5.0 2.5 2 1 2 2 2
1286.5 -2129.3 23.2 157 0 5.9 8.1 7.5 2.5 2 1 3 0 0
1113.4 -2197.3 17.6 158 0 4.7 13.2 7.5 2.5 2 1 3 5 5
1229.4 -2447.7 13.5 310 0 8.8 8.2 7.5 2.5 2 0 3 0 0
1666.9 -1225.8 16.4 236 0 6.2 9.5 7.5 2.5 2 1 3 4 4
1307.7 -2479.6 14.7 122 0 8.7 11.7 7.5 2.5 2 1 3 1 1
1166.0 -1755.4 30.8 107 0 8.1 10.8 7.5 2.5 2 1 3 4 4
1282.8 -1946.0 27.0 130 0 9.0 24.6 2.5 2.5 2 1 1 5 5
1125.9 -1422.1 26.5 26 0 7.8 10.9 7.5 2.5 2 1 3 1 1
1103.9 -1980.8 22.8 224 0 9.3 11.9 5.0 2.5 2 1 2 5 5
1075.4 -2184.6 16.9 219 0 13.2 9.2 5.0 2.5 2 0 2 3 3
1197.4 -2020.6 23.4 186 0 11.0 11.7 7.5 2.5 2 1 3 2 2
1208.6 -1438.6 24.7 113 0 7.0 11.1 5.0 0.0 0 1 2 1 1
1361.2 -2195.7 24.0 147 0 7.4 8.7 2.5 2.5 2 1 1 2 2
1043.8 -1388.6 27.7 203 0 7.7 11.8 7.5 0.0 0 1 3 5 5
1247.1 -1437.6 24.4 123 0 7.0 11.1 5.0 0.0 0 1 2 1 1
1083.6 -2246.2 15.6 161 0 14.2 7.3 7.5 2.5 2 0 3 3 3
1029.6 -2372.5 10.7 119 0 15.6 4.8 7.5 2.5 2 0 3 1 1
1440.4 -2322.1 24.0 238 0 12.5 4.9 7.5 2.5 2 0 3 4 4
1444.0 -2509.7 17.4 57 0 10.0 9.5 5.0 2.5 2 0 2 0 0
1143.9 -2407.9 12.9 111 0 4.9 10.7 2.5 2.5 2 1 1 2 2
1297.1 -1434.0 24.5 99 0 7.0 11.1 5.0 2.5 2 1 2 0 0
1013.3 -2280.7 12.9 218 0 10.8 9.5 5.0 2.5 2 0 2 1 1
1273.9 -1258.3 18.4 90 0 7.0 11.1 7.5 2.5 4 1 3 4 4
1165.0 -1856.5 28.8 31 0 9.7 11.7 5.0 2.5 2 1 2 1 1
1462.3 -1269.3 17.5 146 0 7.0 11.1 2.5 2.5 2 1 1 3 3
1349.6 -2461.0 16.6 223 0 5.7 14.9 7.5 2.5 2 1 3 3 3
1309.2 -1374.0 22.6 91 0 7.0 11.1 5.0 2.5 2 1 2 3 3
1151.8 -2268.8 17.3 58 0 7.7 7.6 7.5 2.5 2 0 3 1 1
1549.0 -1191.6 14.7 180 0 6.2 9.5 5.0 2.5 2 1 2 5 5
1335.0 -1643.8 31.1 22 0 13.1 10.3 5.0 2.5 2 0 2 3 3
1634.5 -1163.2 14.4 326 0 6.2 9.5 5.0 2.5 2 1 2 5 5
1109.9 -1373.8 25.4 205 0 7.0 11.1 5.0 2.5 2 1 2 5 5
1340.0 -2199.7 23.3 142 0 10.6 7.9 5.0 2.5 2 0 2 1 1
1215.0 -2121.1 21.5 80 0 8.0 5.1 5.0 2.5 2 0 2 1 1
1017.7 -1305.6 25.9 203 0 8.3 10.8 7.5 2.5 4 1 3 4 4
1099.4 -1472.4 28.6 116 0 10.9 7.8 5.0 2.5 2 0 2 5 5
1066.4 -2315.2 13.3 324 0 9.6 8.3 5.0 2.5 2 0 2 2 2
920.8 -2162.6 14.3 157 0 12.5 8.1 7.5 2.5 2 0 3 0 0
1149.8 -1375.1 24.5 25 0 7.0 11.1 5.0 2.5 2 1 2 5 5
1254.4 -1350.2 21.6 162 0 7.0 11.1 5.0 2.5 2 1 2 2 2
1234.5 -1412.5 23.7 358 0 11.1 7.0 5.0 2.5 2 0 2 0 0
865.3 -2030.4 18.4 150 0 5.4 8.8 5.0 0.0 0 1 2 0 0
1097.4 -1355.2 25.3 23 0 7.4 11.2 7.5 2.5 2 1 3 1 1
1270.1 -2457.5 14.6 126 0 7.9 5.3 7.5 2.5 2 0 3 3 3
1159.4 -1709.7 30.8 119 0 6.8 3.7 7.5 2.5 2 0 3 3 3
1253.2 -1838.4 30.0 22 0 11.8 5.0 7.5 2.5 2 0 3 3 3
1511.0 -1276.5 18.2 326 0 7.0 11.1 2.5 2.5 4 1 1 2 2
1132.3 -2355.0 14.1 313 0 14.6 4.9 7.5 2.5 2 0 3 3 3
1273.5 -2218.9 21.0 55 0 16.4 4.8 7.5 2.5 2 0 3 5 5
1171.2 -2157.2 19.9 328 0 10.1 9.0 7.5 2.5 2 0 3 4 4
1276.2 -2064.0 23.7 243 0 3.2 18.8 5.0 2.5 2 1 2 1 1
1478.8 -1295.6 18.6 146 0 7.0 11.1 5.0 2.5 2 1 2 3 3
1244.5 -2417.8 15.5 135 0 7.0 8.0 7.5 2.5 2 1 3 5 5
1077.3 -1403.4 27.3 23 0 7.7 11.8 2.5 2.5 2 1 1 5 5
1002.4 -2015.1 20.3 229 0 14.5 5.0 5.0 2.5 2 0 2 3 3
1148.5 -1493.3 28.2 319 0 10.9 7.8 5.0 2.5 2 0 2 3 3
1347.0 -1223.5 17.7 0 0 7.0 11.1 5.0 2.5 2 1 2 2 2
1171.3 -1892.9 27.5 211 0 7.8 5.6 7.5 2.5 2 0 3 1 1
1166.9 -2024.6 22.7 178 0 13.1 6.9 5.0 2.5 2 0 2 4 4
1270.4 -1930.1 27.0 218 0 9.3 12.1 5.0 2.5 2 1 2 3 3
1063.1 -2217.0 15.6 247 0 7.6 12.1 7.5 2.5 2 1 3 0 0
1648.7 -1184.2 15.0 326 0 6.2 9.5 5.0 2.5 4 1 2 2 2
1148.0 -1458.6 26.7 181 0 7.0 11.1 7.5 2.5 2 1 3 3 3
1086.3 -2193.1 16.8 245 0 9.6 11.1 2.5 0.0 0 1 1 3 3
1178.9 -1940.9 25.5 39 0 5.1 12.0 2.5 0.0 0 1 1 5 5
1684.6 -1236.7 16.9 325 0 6.2 9.5 2.5 2.5 2 1 1 2 2
1449.9 -2402.0 21.9 218 0 8.7 7.5 2.5 2.5 2 0 1 4 4
992.8 -2158.8 16.2 54 0 4.1 14.1 2.5 2.5 2 1 1 5 5
1197.0 -2206.2 19.1 332 0 6.7 5.2 2.5 2.5 4 0 1 0 0
1214.7 -1938.8 25.9 208 0 6.3 14.8 2.5 2.5 2 1 1 0 0
979.2 -1400.4 29.7 179 0 7.8 11.8 5.0 2.5 2 1 2 4 4
1082.7 -1440.2 28.1 206 0 7.8 10.9 5.0 2.5 2 1 2 5 5
1366.2 -2528.4 13.6 298 0 9.0 11.2 5.0 2.5 2 1 2 2 2
1111.0 -2033.7 21.4 65 0 11.6 16.8 7.5 2.5 2 1 3 3 3
1267.5 -1276.9 19.4 270 0 7.0 11.1 7.5 2.5 4 1 3 4 4
1363.9 -2207.0 24.0 147 0 13.1 9.8 5.0 2.5 2 0 2 5 5
1181.2 -2113.6 20.9 177 0 11.5 10.9 7.5 2.5 2 0 3 2 2
982.6 -1325.3 27.4 113 0 11.3 7.2 7.5 2.5 2 0 3 2 2
1022.1 -2348.6 11.3 131 0 7.5 7.7 7.5 2.5 4 1 3 2 2
1355.4 -2447.2 17.2 222 0 9.3 10.7 7.5 2.5 2 1 3 2 2
936.6 -2155.3 15.0 144 0 11.9 10.3 2.5 2.5 2 0 1 0 0
1244.2 -1257.4 18.8 90 0 7.0 11.1 7.5 2.5 4 1 3 2 2
1063.8 -2201.4 16.0 236 0 10.9 14.6 5.0 2.5 4 1 2 5 5
1233.4 -1302.4 20.7 342 0 7.0 11.1 7.5 2.5 2 1 3 4 4
1050.2 -1374.7 27.1 203 0 7.7 11.8 5.0 2.5 2 1 2 3 3
1371.5 -1623.3 31.2 23 0 7.3 11.4 5.0 2.5 2 1 2 3 3
1258.0 -2000.9 25.0 231 0 11.5 10.5 10.0 2.5 2 0 4 5 5
1139.4 -1887.4 27.6 121 0 4.3 16.1 7.5 2.5 2 1 3 5 5
1194.9 -1944.5 25.4 47 0 9.6 9.6 7.5 2.5 2 0 3 1 1
1214.1 -1406.2 24.0 267 0 7.0 11.1 7.5 2.5 2 1 3 5 5
1045.6 -2096.7 18.5 37 0 11.5 5.1 5.0 0.0 0 0 2 5 5
1477.1 -1369.6 21.7 43 0 7.0 11.1 5.0 2.5 2 1 2 4 4
985.0 -2018.4 20.3 58 0 3.5 14.1 5.0 2.5 2 0 2 1 1
1158.3 -2134.9 20.2 332 0 4.5 9.9 5.0 2.5 2 1 2 4 4
1497.1 -1216.5 15.4 146 0 6.2 9.5 5.0 0.0 0 1 2 2 2
1381.0 -2582.4 11.9 48 0 5.2 10.7 5.0 2.5 2 1 2 5 5
1175.8 -1866.7 28.6 33 0 6.3 12.9 5.0 0.0 0 1 2 5 5
1574.3 -1155.2 13.8 237 0 6.2 9.5 2.5 2.5 2 1 1 1 1
1259.4 -2430.4 15.4 133 0 5.1 13.5 5.0 2.5 2 1 2 2 2
989.1 -1997.7 21.1 50 0 10.7 5.9 5.0 0.0 0 0 2 4 4
1104.4 -2376.9 12.5 40 0 10.0 12.0 2.5 2.5 2 1 1 0 0
1547.6 -1175.4 14.0 182 0 6.2 9.5 7.5 2.5 2 1 3 5 5
933.1 -1915.3 24.0 324 0 8.8 14.2 2.5 2.5 2 1 1 0 0
1620.4 -1205.8 15.3 146 0 6.2 9.5 5.0 2.5 2 1 2 0 0
1474.4 -1322.7 20.0 326 0 7.0 11.1 5.0 0.0 0 1 2 0 0
1028.4 -1947.4 23.9 119 0 6.2 17.3 2.5 2.5 2 1 1 3 3
1347.0 -1210.2 17.0 0 0 7.0 11.1 5.0 2.5 2 1 2 0 0
1111.1 -2220.5 16.6 243 0 12.7 9.0 2.5 2.5 2 0 1 4 4
2301.1 -2550.5 13.7 135 0 6.3 9.7 7.5 2.5 2 1 3 0 0
1464.6 -1170.8 13.7 239 0 6.2 9.5 7.5 2.5 2 1 3 5 5
1347.4 -1315.7 21.0 1 0 7.0 11.1 7.5 2.5 2 1 3 3 3
1192.9 -2174.5 19.8 325 0 12.0 9.7 7.5 2.5 2 0 3 2 2
1451.7 -2575.4 14.4 149 0 12.2 4.2 7.5 2.5 2 0 3 1 1
1221.4 -2527.9 11.6 134 0 8.4 10.2 7.5 2.5 2 1 3 5 5
1095.6 -1410.5 26.9 206 0 7.8 10.9 5.0 2.5 2 1 2 2 2
1392.4 -2455.7 18.1 30 0 10.1 9.2 7.5 2.5 2 0 3 2 2
1239.5 -1910.2 27.2 210 0 9.9 10.6 7.5 2.5 2 1 3 1 1
1431.7 -2566.8 13.9 322 0 4.9 7.9 2.5 2.5 2 1 1 0 0
1065.4 -1876.1 27.3 19 0 9.7 11.7 7.5 2.5 2 1 3 0 0
1269.1 -2048.6 24.1 55 0 10.4 8.0 7.5 2.5 2 0 3 4 4
1194.0 -2088.1 21.5 257 0 8.4 12.3 5.0 2.5 2 1 2 0 0
1292.6 -1403.2 23.8 270 0 7.0 11.1 7.5 2.5 2 1 3 0 0
992.7 -1672.9 31.2 124 0 12.2 9.0 2.5 2.5 2 0 1 4 4
1440.1 -1233.5 16.0 146 0 7.0 11.1 5.0 2.5 2 1 2 5 5
1264.7 -2252.5 21.0 150 0 12.0 7.2 5.0 2.5 2 0 2 1 1
1391.2 -2183.3 24.8 243 0 12.4 5.1 7.5 2.5 2 0 3 4 4
1151.3 -2351.6 14.9 143 0 10.8 11.1 5.0 2.5 4 1 2 5 5
946.0 -2037.3 18.9 52 0 10.7 8.8 5.0 2.5 2 0 2 0 0
1381.1 -2525.6 13.8 296 0 10.4 18.4 5.0 2.5 2 1 2 5 5
947.5 -1928.7 23.4 315 0 5.5 18.0 7.5 2.5 2 1 3 0 0
1584.5 -1191.0 14.6 336 0 9.5 6.2 2.5 2.5 2 0 1 0 0
1418.0 -2589.6 12.6 47 0 6.9 10.2 7.5 2.5 2 1 3 4 4
1084.0 -2341.7 12.9 315 0 12.1 8.6 5.0 2.5 2 0 2 1 1
1187.9 -2285.4 17.8 232 0 15.8 12.1 5.0 2.5 2 0 2 3 3
1664.3 -1253.3 17.3 120 0 9.5 6.2 5.0 2.5 2 0 2 5 5
1318.8 -1450.7 25.6 208 0 7.0 11.1 7.5 0.0 0 1 3 5 5
849.6 -1950.9 20.8 246 0 6.2 10.3 7.5 2.5 2 1 3 4 4
1356.3 -1450.8 25.7 2 0 7.0 11.1 2.5 2.5 2 1 1 1 1
1360.5 -2099.3 24.8 138 0 9.4 8.9 7.5 2.5 2 0 3 0 0
1106.4 -1456.4 27.9 116 0 10.9 7.8 2.5 2.5 2 0 1 5 5
1147.4 -1898.1 27.3 115 0 4.6 7.3 7.5 0.0 0 1 3 1 1
1609.2 -1235.5 16.4 56 0 9.5 6.2 5.0 2.5 2 0 2 2 2
1135.8 -1392.8 25.1 115 0 11.1 7.0 7.5 2.5 2 0 3 2 2
979.3 -1987.5 21.2 324 0 7.5 11.5 7.5 2.5 2 1 3 3 3
1367.9 -2125.9 24.7 323 0 9.6 11.6 5.0 2.5 2 1 2 5 5
1133.0 -1320.8 23.2 205 0 7.0 11.1 5.0 2.5 2 1 2 0 0
1287.8 -1336.7 21.5 289 0 7.0 11.1 7.5 2.5 2 1 3 5 5
1174.3 -1305.1 21.8 41 0 11.1 7.0 5.0 2.5 2 0 2 3 3
1144.0 -1787.8 30.1 298 0 9.6 4.6 5.0 2.5 2 0 2 2 2
1082.6 -1514.2 30.6 1 0 7.8 10.9 2.5 0.0 0 1 1 3 3
153.0 -1648.8 30.3 7 0 25.1 48.2 10.0 0.0 0 1 4 5 5
966.8 -2046.7 18.5 321 0 5.0 14.9 5.0 2.5 2 1 2 5 5
1346.8 -1238.5 18.4 0 0 7.0 11.1 2.5 2.5 2 1 1 2 2
1059.6 -1964.5 23.4 117 0 5.1 22.9 7.5 2.5 4 1 3 2 2
1205.9 -1352.3 22.5 205 0 7.0 11.1 5.0 2.5 2 1 2 1 1
1245.4 -1410.5 23.6 180 0 11.1 7.0 7.5 2.5 2 0 3 0 0
1272.6 -1691.7 32.0 295 0 8.3 11.0 2.5 2.5 2 1 1 2 2
1318.0 -2514.6 13.0 302 0 4.3 9.9 5.0 2.5 2 1 2 0 0
1480.8 -1337.2 20.6 347 0 7.0 11.1 7.5 2.5 2 1 3 3 3
1454.4 -1178.9 14.0 236 0 6.2 9.5 2.5 0.0 0 1 1 3 3
1004.6 -1593.5 31.3 256 0 6.3 13.0 5.0 0.0 0 1 2 2 2
1227.4 -2225.1 19.9 162 0 7.4 5.4 5.0 2.5 2 0 2 0 0
1197.2 -2328.1 16.8 216 0 12.8 4.2 2.5 2.5 2 0 1 2 2
970.0 -2029.5 19.4 323 0 10.8 5.6 7.5 2.5 2 0 3 2 2
1251.9 -2066.1 23.4 87 0 6.6 19.7 2.5 2.5 2 1 1 1 1
1611.7 -1248.0 17.2 239 0 6.2 9.5 5.0 2.5 2 1 2 3 3
1310.4 -1302.2 20.4 180 0 7.0 11.1 5.0 2.5 2 1 2 0 0
1309.9 -1348.6 22.1 242 0 11.1 7.0 7.5 2.5 2 0 3 3 3
1301.4 -2317.9 20.1 311 0 12.3 8.7 2.5 2.5 2 0 1 1 1
1102.9 -2134.3 19.2 185 0 14.1 10.5 5.0 2.5 2 0 2 4 4
1435.5 -1273.7 17.9 236 0 11.1 7.0 5.0 2.5 2 0 2 3 3
1371.3 -2415.8 18.8 202 0 9.4 12.1 7.5 2.5 2 1 3 1 1
1255.3 -1498.6 26.5 90 0 7.0 11.1 5.0 2.5 2 1 2 5 5
1474.9 -2507.4 18.6 65 0 7.2 12.2 7.5 2.5 2 1 3 3 3
1430.6 -2587.7 12.8 228 0 13.0 9.4 7.5 2.5 2 0 3 0 0
1001.3 -1978.2 21.9 319 0 10.5 6.9 7.5 2.5 4 0 3 1 1
1297.2 -2492.4 13.6 302 0 7.2 8.6 2.5 2.5 2 1 1 4 4
1124.8 -1928.7 25.6 38 0 6.4 6.8 5.0 2.5 2 1 2 3 3
1191.4 -2249.1 18.5 62 0 13.4 9.1 2.5 2.5 2 0 1 1 1
1165.0 -1333.8 23.0 25 0 7.0 11.1 5.0 2.5 2 1 2 4 4
920.9 -2312.3 7.9 172 0 8.6 6.4 7.5 2.5 2 0 3 5 5
1391.8 -2135.5 25.5 240 0 7.4 7.2 5.0 2.5 4 0 2 0 0
1070.6 -2336.0 12.8 319 0 6.8 7.3 7.5 0.0 0 1 3 3 3
1596.2 -1205.6 15.4 326 0 6.2 9.5 7.5 2.5 2 1 3 5 5
1394.1 -2604.6 11.1 51 0 8.4 3.4 7.5 2.5 4 0 3 2 2
1157.7 -2278.3 17.2 58 0 7.7 11.2 5.0 2.5 2 0 2 0 0
1090.9 -1895.9 26.6 204 0 11.1 10.1 7.5 2.5 2 0 3 0 0
1406.5 -1319.9 20.9 330 0 6.2 9.5 2.5 2.5 2 1 1 0 0
1307.0 -1403.8 24.0 270 0 7.0 11.1 7.5 2.5 2 1 3 0 0
133.5 -1676.8 29.7 181 0 11.5 26.1 12.5 0.0 0 1 5 4 4
1246.1 -1852.7 29.8 25 0 6.7 9.6 5.0 2.5 2 1 2 5 5
1348.1 -1467.6 26.1 32 0 7.0 11.1 5.0 0.0 0 1 2 2 2
974.0 -2066.0 18.4 130 0 11.3 8.3 7.5 2.5 2 0 3 3 3
1349.1 -2308.3 22.0 68 0 6.4 8.9 7.5 2.5 2 1 3 0 0
637.1 -1626.0 29.5 255 0 8.4 12.7 7.5 2.5 2 1 3 3 3
1298.5 -1347.7 22.0 285 0 7.0 11.1 2.5 2.5 2 1 1 1 1
1636.0 -1232.5 16.6 233 0 6.2 9.5 2.5 2.5 2 1 1 5 5
1055.2 -2270.3 14.2 319 0 11.7 8.9 5.0 2.5 4 0 2 5 5
982.0 -1732.0 29.8 200 0 13.5 9.5 5.0 0.0 0 0 2 0 0
1269.0 -2301.8 19.7 324 0 10.0 6.0 5.0 2.5 2 0 2 0 0
1277.2 -1403.4 23.8 270 0 7.0 11.1 7.5 2.5 2 1 3 5 5
1060.5 -1924.9 24.9 207 0 15.5 5.3 2.5 2.5 4 0 1 3 3
1229.4 -2213.1 20.0 162 0 9.7 4.3 7.5 0.0 0 0 3 2 2
902.7 -1991.0 20.7 150 0 9.8 11.8 7.5 2.5 2 1 3 1 1
1471.1 -2200.7 26.7 16 0 11.4 8.5 5.0 2.5 2 0 2 5 5
1252.8 -1337.3 21.2 161 0 7.0 11.1 2.5 2.5 2 1 1 2 2
1222.0 -1344.1 22.0 25 0 7.0 11.1 5.0 2.5 2 1 2 3 3
1069.4 -2096.6 19.0 25 0 10.3 4.9 5.0 2.5 2 0 2 4 4
1424.2 -2487.6 18.2 145 0 4.8 10.6 7.5 2.5 2 1 3 0 0
877.6 -1994.8 20.1 161 0 7.3 3.7 7.5 0.0 0 0 3 4 4
1192.1 -2220.4 18.5 330 0 8.5 10.5 5.0 2.5 2 1 2 5 5
1351.0 -1434.7 25.2 340 0 7.0 11.1 2.5 2.5 2 1 1 3 3
1603.0 -1174.0 14.2 62 0 6.2 9.5 5.0 2.5 2 1 2 3 3
968.4 -1802.8 28.3 193 0 13.3 10.5 7.5 0.0 0 0 3 3 3
1126.5 -1336.2 23.8 205 0 7.0 11.1 2.5 2.5 4 1 1 3 3
1036.7 -1992.8 21.8 42 0 9.1 12.0 7.5 2.5 2 1 3 5 5
1310.1 -1289.3 20.0 180 0 7.0 11.1 2.5 0.0 0 1 1 0 0
1118.8 -1937.1 25.0 41 0 11.8 9.7 2.5 0.0 0 0 1 4 4
1324.6 -1372.5 22.6 68 0 7.0 11.1 7.5 2.5 2 1 3 1 1
1140.2 -2218.4 17.5 57 0 8.9 11.5 2.5 2.5 2 1 1 0 0
1011.1 -2259.4 13.0 22 0 15.2 11.4 5.0 2.5 2 0 2 3 3
1222.2 -1990.4 24.4 289 0 12.1 10.9 5.0 2.5 2 0 2 5 5
1673.2 -1178.9 15.0 143 0 6.2 9.5 5.0 2.5 2 1 2 3 3
213.9 -1662.1 29.1 277 0 19.0 9.2 2.5 2.5 2 0 1 0 0
1138.5 -1959.2 24.1 213 0 9.2 8.3 5.0 2.5 4 0 2 4 4
1213.5 -1889.7 28.0 30 0 8.0 8.8 2.5 2.5 4 1 1 4 4
1449.5 -1285.3 18.4 326 0 7.0 11.1 7.5 0.0 0 1 3 2 2
1254.8 -1759.3 31.2 27 0 8.8 10.9 7.5 2.5 2 1 3 2 2
989.0 -2042.0 19.2 224 0 7.5 10.5 5.0 2.5 2 1 2 5 5
1353.0 -2260.2 23.0 334 0 11.5 10.6 5.0 2.5 2 0 2 2 2
1276.1 -1377.8 22.5 128 0 7.0 11.1 2.5 2.5 2 1 1 3 3
921.9 -2100.0 16.5 64 0 4.7 14.1 5.0 2.5 2 1 2 0 0
1346.8 -1331.5 21.6 0 0 7.0 11.1 5.0 2.5 2 1 2 5 5
1407.3 -2552.6 13.6 320 0 9.1 11.5 5.0 2.5 2 1 2 5 5
1170.5 -1323.1 22.5 25 0 7.0 11.1 2.5 2.5 2 1 1 0 0
1026.3 -1934.0 24.4 16 0 8.7 12.1 2.5 2.5 2 1 1 2 2
1183.5 -1549.9 27.9 93 0 36.0 20.8 12.5 0.0 0 0 5 4 4
1214.9 -2069.6 22.6 93 0 9.4 12.2 5.0 2.5 2 1 2 2 2
1078.0 -1454.8 28.9 232 0 7.8 10.9 7.5 2.5 4 1 3 0 0
1394.6 -2616.4 10.7 44 0 6.2 11.6 5.0 2.5 2 1 2 3 3
1173.6 -1984.6 23.8 47 0 11.4 10.7 7.5 2.5 2 0 3 2 2
1181.4 -1762.3 30.8 109 0 9.0 11.0 2.5 2.5 2 1 1 5 5
1200.6 -2154.7 20.7 236 0 10.6 12.1 5.0 2.5 2 1 2 1 1
1188.3 -1308.3 21.4 96 0 7.0 11.1 5.0 0.0 0 1 2 1 1
1297.2 -1460.8 25.8 294 0 7.0 11.1 5.0 2.5 2 1 2 4 4
1206.8 -1978.9 24.2 284 0 4.6 17.2 5.0 2.5 2 1 2 0 0
1100.7 -1298.6 23.6 324 0 7.7 11.8 5.0 2.5 2 1 2 3 3
1046.7 -1522.9 31.4 183 0 7.8 10.9 7.5 2.5 4 1 3 5 5
1384.4 -2171.6 24.7 237 0 6.5 7.2 7.5 2.5 2 1 3 1 1
1227.2 -1332.0 21.6 25 0 7.0 11.1 7.5 2.5 2 1 3 2 2
1100.6 -1852.2 28.5 37 0 4.5 8.7 7.5 0.0 0 1 3 5 5
1147.6 -2237.6 17.3 63 0 9.4 10.4 5.0 2.5 2 1 2 3 3
1181.7 -2412.0 13.6 316 0 8.1 7.0 2.5 2.5 2 0 1 0 0
1001.8 -2240.9 13.4 17 0 8.7 9.9 2.5 2.5 2 1 1 5 5
1052.5 -1842.4 28.4 115 0 3.8 13.5 7.5 2.5 2 1 3 5 5
1317.4 -1439.4 25.0 145 0 7.0 11.1 2.5 0.0 0 1 1 2 2
1134.7 -2020.3 22.2 59 0 5.7 10.1 5.0 0.0 0 1 2 3 3
1015.0 -1972.4 22.2 223 0 10.8 13.4 5.0 2.5 2 1 2 0 0
1337.7 -2210.0 23.0 56 0 3.7 13.0 7.5 2.5 2 1 3 5 5
1302.8 -1978.0 26.6 139 0 4.2 20.8 2.5 2.5 2 1 1 3 3
1391.8 -2477.0 17.3 27 0 11.8 10.0 5.0 2.5 2 0 2 5 5
1539.2 -1269.8 17.8 3 0 9.5 6.2 5.0 2.5 2 0 2 1 1
1360.0 -2163.8 24.3 232 0 4.9 4.3 7.5 2.5 2 0 3 1 1
1501.7 -1369.7 22.0 168 0 6.2 9.5 5.0 2.5 2 1 2 0 0
946.4 -2086.1 17.2 62 0 9.8 15.2 7.5 2.5 2 1 3 1 1
987.6 -1716.7 30.3 200 0 19.1 9.4 5.0 2.5 2 0 2 0 0
1016.3 -1957.8 23.3 62 0 4.8 10.4 5.0 2.5 2 1 2 5 5
1131.0 -2244.0 16.7 58 0 9.6 7.5 5.0 2.5 2 0 2 4 4
1347.8 -2245.5 23.2 335 0 12.7 9.5 7.5 2.5 4 0 3 1 1
1080.6 -1531.8 31.0 1 0 7.8 10.9 2.5 2.5 2 1 1 3 3
1152.3 -1473.1 27.0 160 0 7.0 11.1 2.5 2.5 2 1 1 3 3
1066.6 -1342.1 25.6 203 0 8.4 11.5 5.0 2.5 2 1 2 0 0
1167.4 -1742.9 30.8 100 0 5.9 11.4 2.5 2.5 4 1 1 4 4
1195.6 -2147.0 21.0 72 0 13.3 8.8 2.5 2.5 4 0 1 5 5
1286.3 -1957.8 26.8 53 0 4.4 15.7 5.0 2.5 4 1 2 2 2
1413.6 -1334.6 21.3 356 0 6.2 9.5 7.5 2.5 4 1 3 3 3
1013.6 -2321.4 11.7 236 0 7.7 10.2 5.0 0.0 0 1 2 4 4
1183.2 -1342.6 22.7 205 0 7.0 11.1 5.0 2.5 2 1 2 3 3
1096.5 -1977.9 23.0 215 0 5.0 5.0 2.5 2.5 2 0 1 0 0
1191.8 -2014.8 23.1 269 0 6.0 16.8 5.0 2.5 2 1 2 0 0
1365.1 -2176.5 24.0 237 0 8.9 13.1 7.5 2.5 2 1 3 2 2
1001.2 -1952.4 23.5 116 0 7.1 19.9 5.0 2.5 2 1 2 0 0
1054.1 -2243.6 14.8 158 0 8.2 11.6 2.5 2.5 2 1 1 2 2
1623.5 -1240.4 16.9 239 0 6.2 9.5 5.0 2.5 2 1 2 5 5
1344.1 -1348.3 22.0 26 0 7.0 11.1 7.5 2.5 2 1 3 0 0
1455.5 -2333.5 24.1 310 0 10.2 8.2 5.0 2.5 2 0 2 3 3
703.5 -2520.5 10.3 297 0 32.8 8.9 7.5 2.5 4 0 3 0 0
1158.6 -2384.6 13.4 308 0 5.9 15.9 5.0 2.5 2 1 2 1 1
1556.1 -1209.7 15.3 150 0 6.2 9.5 7.5 2.5 2 1 3 5 5
1295.6 -1236.4 18.0 360 0 7.0 11.1 7.5 2.5 2 1 3 5 5
1042.3 -1948.4 23.7 212 0 7.8 11.8 7.5 2.5 2 1 3 4 4
1280.6 -1459.7 25.7 270 0 7.0 11.1 7.5 2.5 2 1 3 3 3
1155.3 -2252.3 17.4 65 0 6.1 15.3 7.5 2.5 2 1 3 5 5
1289.4 -1321.6 20.9 342 0 7.0 11.1 7.5 2.5 4 1 3 4 4
1174.8 -2322.4 16.3 228 0 11.2 12.3 5.0 2.5 2 1 2 1 1
1103.3 -1870.9 27.7 210 0 7.8 9.5 5.0 2.5 2 0 2 5 5
1069.8 -1829.1 28.8 123 0 7.0 12.0 5.0 2.5 2 1 2 4 4
1024.2 -1834.2 28.4 106 0 4.7 9.7 7.5 2.5 4 1 3 1 1
1119.7 -2016.0 22.0 65 0 8.9 12.8 5.0 2.5 2 1 2 0 0
1350.3 -1422.2 24.8 341 0 7.0 11.1 5.0 2.5 2 1 2 0 0
1359.4 -2343.7 20.9 310 0 10.2 9.8 7.5 0.0 0 0 3 5 5
991.6 -1366.7 28.5 203 0 8.5 11.2 2.5 2.5 2 1 1 1 1
1339.0 -2228.2 23.1 330 0 11.6 7.6 5.0 0.0 0 0 2 3 3
1054.2 -2327.3 12.6 329 0 9.2 5.9 7.5 2.5 2 0 3 5 5
1337.5 -2615.6 10.3 128 0 5.1 7.7 7.5 2.5 2 1 3 0 0
914.1 -2145.6 14.9 149 0 5.0 15.5 2.5 2.5 2 1 1 3 3
1411.8 -2141.3 25.9 239 0 11.7 4.8 7.5 2.5 4 0 3 4 4
1477.6 -1227.4 16.0 323 0 7.0 11.1 7.5 2.5 2 1 3 0 0
1121.0 -1348.0 24.3 205 0 7.0 11.1 7.5 2.5 2 1 3 1 1
1102.9 -1341.9 24.7 23 0 8.3 10.7 7.5 2.5 2 1 3 5 5
1325.6 -2462.8 15.6 30 0 9.0 10.4 5.0 2.5 2 1 2 5 5
745.3 -2478.3 7.0 30 0 17.3 14.4 7.5 0.0 0 0 3 1 1
1262.3 -2203.4 20.9 60 0 9.6 9.0 7.5 2.5 2 0 3 0 0
1006.0 -1413.4 29.4 113 0 10.8 7.5 7.5 2.5 2 0 3 1 1
1026.7 -2122.8 17.7 145 0 10.8 9.6 2.5 2.5 2 0 1 5 5
1549.2 -1150.4 13.2 40 0 9.5 6.2 2.5 2.5 2 0 1 0 0
1687.0 -1199.0 15.7 176 0 9.6 6.2 7.5 2.5 2 0 3 2 2
1312.3 -1427.9 24.5 101 0 11.1 7.0 7.5 2.5 2 0 3 0 0
1162.2 -2166.0 19.4 328 0 6.1 10.3 5.0 0.0 0 1 2 3 3
1255.0 -2404.8 16.3 133 0 6.8 9.6 7.5 2.5 2 1 3 4 4
1072.3 -1415.1 27.8 23 0 7.7 11.8 7.5 2.5 2 1 3 1 1
1386.6 -1325.5 21.6 234 0 6.2 9.5 5.0 2.5 2 1 2 4 4
1178.7 -1876.9 28.3 123 0 12.9 7.7 5.0 2.5 2 0 2 0 0
1163.9 -2040.1 22.3 166 0 10.3 11.1 7.5 2.5 2 1 3 0 0
1549.2 -1244.6 16.6 91 0 6.2 9.5 7.5 0.0 0 1 3 0 0
1378.0 -2375.3 20.3 24 0 14.8 3.9 7.5 2.5 2 0 3 3 3
1249.0 -1917.0 27.0 210 0 11.2 10.9 5.0 2.5 2 0 2 4 4
1031.3 -1295.6 25.4 223 0 7.7 11.8 7.5 2.5 2 1 3 4 4
974.1 -1909.0 25.1 192 0 9.2 21.6 7.5 2.5 2 1 3 1 1
1052.9 -2214.7 15.5 215 0 12.8 4.2 7.5 0.0 0 0 3 0 0
1063.4 -1362.3 26.3 113 0 10.8 7.1 2.5 2.5 2 0 1 1 1
1117.2 -2170.1 18.5 234 0 4.6 5.4 5.0 2.5 2 1 2 3 3
1080.6 -1551.8 31.1 352 0 7.8 10.9 5.0 2.5 2 1 2 2 2
1089.8 -1964.2 23.4 256 0 14.4 5.0 5.0 0.0 0 0 2 5 5
1093.0 -2207.1 16.7 246 0 5.6 5.5 2.5 0.0 0 0 1 5 5
1169.5 -1947.4 25.0 43 0 11.2 11.0 7.5 2.5 2 0 3 3 3
1473.1 -1284.9 18.2 146 0 7.0 11.1 5.0 0.0 0 1 2 2 2
1307.6 -1457.7 25.7 221 0 7.0 11.1 5.0 2.5 4 1 2 0 0
1040.1 -2182.0 16.0 334 0 12.0 10.8 5.0 2.5 2 0 2 5 5
987.6 -2144.8 16.5 63 0 5.3 12.2 5.0 0.0 0 1 2 4 4
1140.1 -2380.1 13.4 325 0 12.8 6.1 5.0 2.5 2 0 2 4 4
1105.6 -1785.9 29.7 297 0 4.5 12.3 5.0 2.5 2 1 2 1 1
1013.6 -1775.5 29.3 199 0 11.9 9.8 2.5 2.5 2 0 1 2 2
1123.3 -2041.7 21.5 67 0 4.4 16.5 7.5 2.5 2 1 3 1 1
1178.2 -1354.1 23.2 205 0 7.0 11.1 2.5 2.5 2 1 1 0 0
964.7 -1299.7 27.1 203 0 9.0 16.9 5.0 2.5 2 1 2 4 4
1361.3 -2437.0 17.8 210 0 8.1 11.8 5.0 2.5 2 1 2 1 1
955.0 -2140.7 15.8 57 0 8.3 9.5 7.5 2.5 2 1 3 2 2
1112.5 -1854.8 28.2 216 0 12.7 9.7 5.0 2.5 2 0 2 0 0
1019.6 -2228.1 14.0 14 0 4.7 32.1 2.5 2.5 4 1 1 0 0
1368.6 -1707.2 31.5 212 0 17.0 15.1 7.5 2.5 4 0 3 2 2
1142.8 -1896.1 27.2 33 0 9.4 9.1 5.0 2.5 2 0 2 1 1
1227.3 -2145.8 21.6 253 0 12.8 9.1 7.5 2.5 2 0 3 3 3
1564.7 -1221.6 15.8 146 0 6.2 9.5 7.5 2.5 2 1 3 1 1
1038.2 -1865.7 27.2 254 0 15.9 5.1 5.0 0.0 0 0 2 5 5
1028.7 -1361.3 27.5 293 0 10.8 9.1 5.0 2.5 2 0 2 2 2
1035.5 -2096.6 18.5 124 0 4.7 12.8 7.5 2.5 2 1 3 4 4
1291.3 -1259.1 18.7 79 0 11.1 7.0 2.5 2.5 2 0 1 1 1
1171.9 -2130.6 20.4 333 0 9.5 11.4 7.5 2.5 2 1 3 3 3
1280.9 -1499.0 26.8 90 0 11.1 7.0 7.5 2.5 2 0 3 1 1
1468.4 -1216.7 15.5 339 0 6.2 9.5 5.0 2.5 2 1 2 4 4
1374.9 -2587.9 11.4 51 0 7.2 11.6 5.0 2.5 2 1 2 0 0
1413.5 -1295.6 18.9 146 0 7.0 11.1 5.0 2.5 2 1 2 1 1
1252.6 -2422.3 15.5 138 0 9.4 11.8 2.5 2.5 2 1 1 0 0
1072.6 -2409.4 10.7 39 0 8.7 10.3 2.5 2.5 2 1 1 5 5
908.7 -1925.9 23.4 234 0 12.4 7.0 5.0 2.5 2 0 2 4 4
1136.0 -2286.3 16.3 61 0 12.7 10.8 7.5 0.0 0 0 3 3 3
1119.1 -2144.1 19.4 238 0 9.0 7.5 5.0 2.5 4 0 2 1 1
1146.6 -1908.0 26.5 205 0 9.4 11.4 5.0 2.5 2 1 2 0 0
1193.7 -1464.5 26.2 325 0 7.0 11.1 5.0 2.5 2 1 2 3 3
1385.3 -2036.7 26.8 131 0 4.4 10.2 7.5 2.5 2 1 3 0 0
1014.7 -2115.1 17.4 324 0 18.3 5.1 2.5 2.5 2 0 1 0 0
1654.4 -1202.9 15.4 56 0 9.5 6.2 2.5 2.5 2 0 1 0 0
1469.9 -2519.9 17.4 239 0 16.1 5.2 2.5 0.0 0 0 1 1 1
1337.5 -1410.8 24.3 316 0 7.0 11.1 5.0 2.5 2 1 2 0 0
1189.9 -1333.3 22.2 181 0 7.0 11.1 7.5 2.5 4 1 3 5 5
1071.0 -1729.5 30.2 291 0 5.1 22.1 5.0 2.5 2 1 2 5 5
1378.6 -2431.6 18.5 204 0 10.6 11.4 5.0 2.5 2 1 2 4 4
1045.6 -2025.0 20.4 318 0 10.1 9.7 7.5 2.5 2 0 3 2 2
1229.7 -1912.1 26.9 208 0 19.4 5.4 5.0 2.5 2 0 2 3 3
1522.4 -1196.6 14.8 326 0 6.2 9.5 7.5 2.5 2 1 3 5 5
1233.6 -1466.3 25.4 0 0 11.1 7.0 2.5 2.5 2 0 1 3 3
1043.2 -1286.7 24.8 237 0 7.7 11.8 7.5 2.5 2 1 3 5 5
1624.2 -1151.4 14.0 304 0 6.2 9.5 5.0 2.5 2 1 2 1 1
1334.5 -2520.1 13.3 303 0 12.2 7.9 7.5 0.0 0 0 3 1 1
1216.8 -2081.8 22.1 259 0 15.5 7.5 2.5 2.5 2 0 1 1 1
995.6 -1308.7 26.8 23 0 7.5 11.2 5.0 2.5 2 1 2 5 5
963.8 -2162.0 15.4 59 0 3.9 17.0 7.5 2.5 2 1 3 2 2
1004.7 -1612.9 31.2 167 0 8.9 16.0 5.0 2.5 2 1 2 4 4
1097.1 -2340.6 13.0 311 0 4.0 17.9 5.0 2.5 2 1 2 3 3
1202.0 -2296.0 17.9 237 0 7.7 16.0 7.5 2.5 2 1 3 3 3
1007.7 -1354.0 28.0 312 0 11.8 7.7 7.5 2.5 2 0 3 1 1
1693.3 -1262.3 17.9 0 0 9.5 6.2 2.5 2.5 2 0 1 1 1
868.5 -1960.7 21.0 241 0 9.4 9.1 5.0 2.5 2 0 2 4 4
1165.1 -2109.4 20.4 348 0 11.0 10.5 7.5 2.5 4 0 3 5 5
1402.0 -2479.1 17.7 40 0 10.5 7.6 5.0 2.5 2 0 2 0 0
1475.9 -2476.6 19.7 323 0 10.5 10.1 5.0 2.5 2 0 2 4 4
1348.4 -2073.9 25.1 149 0 5.7 12.5 5.0 0.0 0 1 2 1 1
1446.6 -1245.4 16.5 146 0 7.0 11.1 5.0 2.5 4 1 2 5 5
964.1 -2005.1 20.6 59 0 10.9 11.2 10.0 2.5 2 1 4 3 3
1311.6 -2189.2 22.3 63 0 14.5 11.2 7.5 2.5 2 0 3 4 4
1455.6 -1257.1 17.0 142 0 7.0 11.1 7.5 2.5 2 1 3 0 0
1139.3 -1307.1 22.7 205 0 7.0 11.1 7.5 2.5 2 1 3 5 5
2308.3 -2511.7 15.5 42 0 6.3 11.0 5.0 2.5 2 1 2 2 2
1091.8 -2304.5 14.7 141 0 16.7 6.0 5.0 2.5 2 0 2 2 2
1055.4 -1493.0 30.4 183 0 7.8 10.9 7.5 2.5 2 1 3 3 3
1060.9 -1315.6 24.8 121 0 7.7 11.8 7.5 2.5 2 1 3 0 0
1326.0 -1486.3 26.5 64 0 7.0 11.1 5.0 2.5 2 1 2 4 4
1092.5 -1740.7 30.4 297 0 17.2 6.1 7.5 2.5 2 0 3 1 1
1402.3 -2109.6 25.4 48 0 9.0 13.3 5.0 2.5 2 1 2 1 1
1093.4 -2328.9 13.5 317 0 4.4 11.2 5.0 2.5 2 1 2 0 0
994.0 -2105.8 17.1 321 0 12.0 10.6 5.0 2.5 2 0 2 4 4
1243.7 -1957.1 26.0 125 0 11.5 4.4 7.5 2.5 2 0 3 0 0
1169.2 -2267.6 17.7 63 0 11.5 10.8 2.5 2.5 2 0 1 4 4
1215.1 -1489.0 26.1 92 0 7.0 11.1 7.5 2.5 2 1 3 2 2
1076.8 -1926.2 25.0 212 0 11.6 7.2 5.0 0.0 0 0 2 4 4
1048.1 -1316.5 25.4 54 0 11.8 7.7 2.5 2.5 2 0 1 4 4
968.9 -2149.4 15.9 59 0 7.0 12.1 7.5 2.5 2 1 3 1 1
1299.1 -1968.6 26.7 50 0 6.4 12.4 5.0 2.5 2 1 2 3 3
996.8 -2009.6 20.8 50 0 7.0 13.0 5.0 2.5 2 1 2 5 5
960.6 -1351.7 29.2 269 0 3.9 5.2 5.0 2.5 2 1 2 5 5
160.0 -8725.8 20.2 293 0 69.8 13.0 15.0 0.0 0 0 6 1 1
1167.6 -2844.7 6.6 280 0 7.5 6.0 2.5 0.0 0 0 1 2 2
1517.0 -1601.1 31.7 15 0 5.4 15.6 5.0 2.5 2 1 2 0 0
953.1 -2844.8 13.6 97 0 5.0 9.8 7.5 2.5 2 1 3 1 1
2350.8 1025.6 -19.0 123 0 8.5 9.4 7.5 2.5 2 1 3 0 0
2382.4 2019.8 -20.7 171 0 4.6 7.3 5.0 2.5 2 1 2 1 1
1663.2 1195.6 -5.8 200 0 8.9 14.8 2.5 2.5 2 1 1 5 5
1710.8 1222.0 -6.0 271 0 8.1 6.0 2.5 2.5 2 0 1 3 3
253.6 -5912.0 13.2 352 0 10.0 16.3 2.5 2.5 2 1 1 3 3
257.7 -6004.2 10.9 268 0 8.4 9.0 7.5 2.5 2 1 3 1 1
269.5 -6002.0 10.6 268 0 9.5 16.8 2.5 2.5 2 1 1 1 1
5910.7 5825.7 27.3 97 0 10.8 16.7 2.5 0.0 0 1 1 5 5
6668.1 6133.7 24.6 89 0 15.6 12.7 5.0 2.5 2 0 2 0 0
3018.4 5000.0 2.9 24 0 16.6 29.9 10.0 2.5 2 1 4 0 0
2920.4 4941.4 5.8 308 0 34.4 19.9 10.0 0.0 0 0 4 5 5
2889.0 4965.6 6.9 307 0 34.7 15.2 12.5 2.5 2 0 5 2 2
3231.0 5460.2 -18.5 221 0 10.7 13.9 5.0 2.5 2 1 2 2 2
3025.8 5050.0 0.7 30 0 12.6 6.6 7.5 2.5 2 0 3 1 1
4074.2 5779.8 -49.8 42 0 11.5 13.4 7.5 2.5 2 1 3 3 3
5472.3 1651.9 16.8 236 0 9.4 10.8 2.5 2.5 2 1 1 2 2
5506.2 1580.3 17.6 73 0 11.7 24.5 12.5 2.5 2 1 5 2 2
5528.0 1599.5 16.4 60 0 8.7 7.4 7.5 2.5 2 0 3 4 4
5567.7 1638.0 12.5 358 0 18.0 28.4 12.5 0.0 0 1 5 3 3
3456.9 6108.3 -26.7 307 0 13.1 10.2 5.0 0.0 0 0 2 0 0
3422.7 6129.4 -25.4 184 0 4.1 6.1 7.5 2.5 2 1 3 0 0
3702.7 6001.5 -36.3 100 0 5.9 5.9 5.0 2.5 2 0 2 5 5
4245.2 5756.7 -52.7 166 0 5.0 10.9 5.0 2.5 2 1 2 0 0
3928.1 -5942.7 -20.6 340 0 25.8 10.4 10.0 2.5 2 0 4 4 4
-120.9 -2105.3 15.4 255 0 8.1 9.5 7.5 2.5 2 1 3 1 1
-83.3 -2116.0 14.6 268 0 13.2 13.6 2.5 2.5 2 1 1 1 1
-289.3 -2236.5 24.5 127 0 8.8 29.2 7.5 2.5 2 1 3 0 0
-230.6 -2192.4 22.6 30 0 40.1 15.9 15.0 0.0 0 0 6 3 3
-737.5 -3119.9 47.3 180 0 9.0 10.7 5.0 2.5 2 1 2 4 4
133.0 -8244.6 7.2 197 0 5.6 16.8 5.0 0.0 0 1 2 0 0
177.0 -8272.5 6.2 108 0 15.4 9.2 5.0 0.0 0 0 2 0 0
241.6 -8256.2 4.6 112 0 10.1 17.8 7.5 2.5 4 1 3 1 1
234.4 -8275.4 4.9 290 0 8.5 12.0 2.5 2.5 2 1 1 5 5
2445.5 5509.7 32.7 279 0 9.3 3.2 7.5 2.5 2 0 3 3 3
2454.3 5510.8 32.1 279 0 5.7 8.3 7.5 2.5 2 0 3 4 4
1682.6 -1290.1 18.8 111 0 6.7 10.9 7.5 2.5 2 1 3 4 4
1563.1 -1240.4 16.7 180 0 7.7 11.7 7.5 2.5 2 1 3 2 2
1020.1 -1280.0 24.9 122 0 6.9 11.4 5.0 2.5 2 1 2 3 3
2505.8 2032.4 -23.7 259 0 16.9 7.2 7.5 2.5 2 0 3 1 1
2309.1 1383.8 -21.1 311 0 11.2 16.3 7.5 2.5 2 1 3 5 5
2331.3 1390.7 -21.4 219 0 9.2 6.6 2.5 2.5 2 0 1 5 5
2348.1 1405.7 -21.7 302 0 9.6 8.5 7.5 2.5 2 0 3 2 2
2355.2 1188.4 -21.5 262 0 8.8 11.4 7.5 2.5 2 1 3 1 1
2321.1 1140.0 -21.7 87 0 8.1 12.1 5.0 2.5 2 1 2 0 0
2340.7 1077.5 -20.3 311 0 7.6 7.2 5.0 2.5 2 0 2 2 2
2619.8 2085.3 -24.0 308 0 7.7 9.9 2.5 2.5 4 1 1 1 1
2623.6 2062.2 -25.1 135 0 11.9 12.5 7.5 2.5 4 1 3 0 0
2662.7 2075.8 -26.0 306 0 10.5 18.4 10.0 2.5 2 1 4 1 1
2699.4 2051.9 -28.0 306 0 10.4 7.2 7.5 2.5 2 0 3 5 5
2714.8 2039.5 -27.0 308 0 6.6 5.2 7.5 2.5 2 0 3 3 3
2430.0 2025.8 -22.1 270 0 13.1 12.0 5.0 2.5 2 0 2 1 1
2880.3 3282.2 -28.7 198 0 8.9 7.3 2.5 2.5 2 0 1 3 3
2884.1 3288.7 -28.9 199 0 6.0 4.1 7.5 2.5 2 0 3 1 1
2888.6 3257.5 -28.3 152 0 17.2 12.6 10.0 2.5 2 0 4 0 0
2885.9 3294.2 -29.0 198 0 5.7 4.1 5.0 2.5 2 0 2 3 3
2897.7 3335.9 -31.0 174 0 27.3 8.3 7.5 2.5 4 0 3 4 4
2647.1 4583.2 -12.7 223 0 22.5 38.2 12.5 0.0 0 1 5 3 3
2605.4 4556.5 -12.8 231 0 24.9 14.2 12.5 2.5 2 0 5 0 0
2627.1 4533.4 -14.3 233 0 27.2 12.7 12.5 2.5 4 0 5 3 3
2797.8 4650.0 -7.8 240 0 4.0 9.1 5.0 2.5 2 1 2 1 1
6938.9 6698.0 -1.0 57 0 25.4 15.5 12.5 2.5 2 0 5 1 1
5946.4 7130.9 -5.8 202 0 9.2 19.1 7.5 2.5 2 1 3 4 4
6552.7 6779.4 -15.6 99 0 6.1 12.1 2.5 2.5 2 1 1 3 3
1030.4 -1749.6 29.7 294 0 7.2 18.9 7.5 2.5 2 1 3 1 1
996.5 -1940.6 24.0 99 0 8.5 10.1 7.5 2.5 2 1 3 3 3
6909.0 7176.1 23.9 158 0 8.8 14.0 5.0 2.5 2 1 2 2 2
6000.6 7548.5 16.9 181 0 7.2 8.6 7.5 2.5 2 1 3 1 1
6060.6 7660.9 19.1 109 0 9.2 7.9 7.5 2.5 2 0 3 3 3
6112.5 7602.8 22.2 116 0 13.6 9.6 7.5 2.5 4 0 3 5 5
5155.4 7444.4 -66.9 135 0 5.6 12.6 7.5 0.0 0 1 3 1 1
2997.0 5907.8 9.7 144 0 6.4 13.7 7.5 2.5 2 1 3 5 5
3176.7 5947.2 -14.6 106 0 9.1 15.1 7.5 2.5 2 1 3 2 2
3180.7 5929.9 -11.6 278 0 7.1 36.0 7.5 2.5 2 1 3 2 2
3182.9 5616.8 -11.5 122 0 8.4 10.0 7.5 2.5 2 1 3 1 1
3286.9 5788.1 -17.9 288 0 4.3 5.8 7.5 2.5 4 1 3 2 2
3298.5 5757.0 -19.9 19 0 9.2 14.1 5.0 0.0 0 1 2 1 1
3393.0 6237.9 -24.4 30 0 6.3 20.3 7.5 2.5 2 1 3 0 0
3316.4 6151.8 -22.2 124 0 6.3 7.1 7.5 2.5 2 0 3 5 5
3312.4 6162.4 -22.2 214 0 11.1 6.0 5.0 2.5 2 0 2 4 4
3524.7 6675.5 -32.7 103 0 8.5 7.5 7.5 2.5 2 0 3 0 0
3633.8 6752.4 -43.5 65 0 4.5 4.6 7.5 2.5 2 1 3 2 2
3720.2 6907.2 -51.4 154 0 3.9 4.3 7.5 0.0 0 1 3 1 1
3642.0 7056.6 -50.9 39 0 4.5 5.3 7.5 2.5 4 1 3 0 0
3627.1 7056.5 -50.6 139 0 7.3 6.0 5.0 2.5 2 0 2 3 3
3641.3 7090.1 -50.4 191 0 8.2 9.5 5.0 2.5 2 1 2 3 3
3535.3 7107.3 -45.3 114 0 5.8 9.7 7.5 2.5 4 1 3 3 3
807.5 -6061.5 1.1 269 0 3.5 6.6 5.0 2.5 2 1 2 1 1
835.4 -6078.2 -0.4 0 0 12.7 5.2 2.5 2.5 2 0 1 2 2
821.9 -6072.0 0.1 270 0 5.2 12.7 2.5 2.5 4 1 1 1 1
811.0 -6070.6 0.6 270 0 6.7 12.7 2.5 0.0 0 1 1 2 2
800.5 -6071.5 1.1 270 0 5.2 12.7 5.0 2.5 2 1 2 4 4
789.7 -6069.8 1.7 272 0 5.2 12.7 7.5 2.5 2 1 3 1 1
778.9 -6068.1 2.2 272 0 5.2 12.0 2.5 2.5 2 1 1 5 5
767.9 -6065.9 2.7 272 0 5.2 12.0 5.0 2.5 2 1 2 4 4
756.7 -6064.5 3.3 272 0 5.2 12.0 7.5 0.0 0 1 3 1 1
743.4 -6058.0 3.9 272 0 9.4 11.7 5.0 2.5 2 1 2 4 4
726.6 -6058.2 4.7 272 0 9.0 10.4 7.5 2.5 2 1 3 4 4
709.1 -6062.1 5.4 271 0 9.3 10.5 7.5 0.0 0 1 3 1 1
692.6 -6061.6 5.6 271 0 8.9 10.9 7.5 2.5 2 1 3 0 0
676.7 -6059.7 5.6 276 0 9.7 9.8 5.0 2.5 2 1 2 3 3
656.2 -6078.2 4.7 199 0 9.1 11.0 7.5 2.5 2 1 3 4 4
652.4 -6097.4 4.3 198 0 10.2 11.1 5.0 2.5 2 1 2 3 3
644.3 -6107.8 4.0 200 0 9.4 10.4 2.5 0.0 0 1 1 1 1
637.3 -6120.4 3.4 204 0 11.1 9.9 7.5 2.5 2 0 3 4 4
654.3 -6135.6 3.3 117 0 10.5 11.4 2.5 2.5 4 1 1 3 3
690.3 -6154.8 2.8 100 0 9.6 9.9 5.0 2.5 2 1 2 3 3
706.5 -6158.0 2.4 100 0 9.6 9.9 5.0 0.0 0 1 2 2 2
723.3 -6161.1 1.9 100 0 9.6 9.9 5.0 2.5 4 1 2 0 0
740.7 -6161.4 1.5 97 0 6.9 9.7 5.0 2.5 4 1 2 5 5
750.7 -6162.9 1.5 95 0 5.8 10.8 2.5 2.5 2 1 1 3 3
760.7 -6163.3 1.6 97 0 6.4 10.5 5.0 2.5 2 1 2 5 5
771.3 -6164.5 1.2 94 0 6.1 10.5 5.0 2.5 2 1 2 1 1
780.8 -6165.7 0.8 95 0 5.3 10.7 5.0 2.5 2 1 2 1 1
796.3 -6168.9 -0.1 102 0 12.3 7.0 2.5 0.0 0 0 1 2 2
806.9 -6157.3 -0.2 11 0 7.0 12.3 7.5 2.5 2 1 3 3 3
812.3 -6148.0 -0.3 11 0 7.0 12.3 2.5 2.5 2 1 1 4 4
815.2 -6138.8 -0.3 11 0 7.0 10.0 5.0 2.5 2 1 2 1 1
818.2 -6128.9 -0.3 11 0 7.0 10.0 2.5 2.5 2 1 1 4 4
820.8 -6119.7 -0.3 12 0 7.0 12.3 7.5 2.5 2 1 3 1 1
823.5 -6109.9 -0.2 12 0 7.0 12.3 7.5 2.5 2 1 3 4 4
-6816.0 -10271.5 48.1 226 0 3.7 5.2 2.5 2.5 2 1 1 0 0
-4223.4 -10215.2 50.9 268 0 4.5 6.2 5.0 2.5 2 1 2 3 3
-4200.7 -10210.7 50.7 45 0 4.3 4.4 2.5 2.5 2 1 1 0 0
