5958.6 -5213.5 4.2 137 0 8.5 24.7 2.5 2.5 2 1 1 1 1
6496.5 -4460.1 6.3 348 0 18.4 14.1 10.0 2.5 2 0 4 2 2
6479.7 -4386.9 11.7 315 0 5.7 7.4 5.0 0.0 0 1 2 3 3
6542.3 -4179.5 12.0 14 0 16.0 11.3 7.5 2.5 2 0 3 1 1
5531.3 -7134.7 13.6 246 0 8.6 38.6 7.5 2.5 2 1 3 5 5
5984.8 -2193.6 -48.0 166 0 20.8 16.7 12.5 0.0 0 0 5 0 0
6500.0 -2819.2 -27.9 319 0 8.2 11.3 7.5 2.5 2 1 3 1 1
6130.4 -3566.4 -17.4 349 0 7.2 8.6 5.0 2.5 4 1 2 1 1
5874.3 -2627.9 -22.7 64 0 6.8 11.6 7.5 2.5 2 1 3 5 5
5965.3 -2686.0 -25.8 316 0 7.6 8.0 2.5 2.5 2 1 1 4 4
6850.5 -2690.5 -41.7 158 0 6.1 11.5 7.5 2.5 4 1 3 0 0
5792.0 -2409.9 -25.9 250 0 7.1 12.8 7.5 2.5 2 1 3 3 3
5727.1 -2503.6 -22.5 321 0 8.8 9.5 5.0 2.5 2 1 2 0 0
6178.8 -2772.4 -27.3 255 0 10.7 10.3 7.5 2.5 4 0 3 3 3
6250.9 -3182.2 -20.2 168 0 8.7 13.3 2.5 2.5 2 1 1 2 2
6666.4 -2799.4 -34.6 65 0 10.6 6.7 7.5 2.5 4 0 3 4 4
5212.6 -2746.4 -59.9 286 0 4.2 10.4 7.5 2.5 2 1 3 2 2
5977.8 -2262.3 -35.3 0 0 10.0 7.9 7.5 2.5 2 0 3 1 1
6683.3 -2853.6 -32.1 335 0 11.8 6.5 7.5 0.0 0 0 3 1 1
5757.3 -2664.1 -34.2 136 0 10.0 8.7 5.0 2.5 2 0 2 4 4
5733.3 -2421.3 -24.7 66 0 6.9 4.1 2.5 2.5 2 0 1 2 2
6009.9 -2353.5 -36.6 87 0 12.2 6.9 5.0 2.5 2 0 2 0 0
6043.0 -2664.0 -30.5 32 0 10.2 8.9 7.5 2.5 2 0 3 2 2
5882.4 -2728.9 -24.8 149 0 9.6 9.0 7.5 2.5 2 0 3 3 3
6902.5 -2686.6 -38.7 61 0 11.5 6.1 7.5 2.5 2 0 3 5 5
5869.1 -2375.2 -26.3 2 0 7.9 12.0 5.0 0.0 0 1 2 1 1
5715.8 -2539.6 -22.0 74 0 8.2 13.9 5.0 2.5 2 1 2 0 0
6265.5 -2755.5 -33.6 105 0 6.1 11.8 7.5 2.5 2 1 3 1 1
5934.2 -2872.6 -32.9 359 0 4.9 4.4 5.0 2.5 2 0 2 2 2
6637.5 -2766.5 -39.1 247 0 9.5 6.4 2.5 2.5 2 0 1 4 4
5951.8 -2329.4 -27.2 352 0 6.7 6.2 7.5 2.5 2 0 3 0 0
6726.4 -2913.1 -26.9 76 0 7.2 9.8 2.5 2.5 2 1 1 5 5
5916.2 -2566.9 -24.7 329 0 5.3 9.3 5.0 2.5 2 1 2 4 4
5700.7 -2410.3 -24.0 161 0 10.7 10.7 7.5 2.5 2 0 3 5 5
6006.6 -2438.5 -30.3 185 0 6.3 8.9 7.5 0.0 0 1 3 2 2
6037.5 -2609.2 -31.7 230 0 8.4 11.7 7.5 2.5 2 1 3 3 3
6136.0 -3079.2 -15.2 60 0 4.5 8.6 5.0 2.5 2 1 2 4 4
6930.8 -2882.8 -15.7 335 0 9.7 8.1 7.5 2.5 2 0 3 4 4
5943.9 -2455.8 -28.8 105 0 8.2 6.3 7.5 2.5 4 0 3 2 2
5711.8 -2567.9 -21.7 129 0 6.2 9.2 7.5 2.5 2 1 3 0 0
6325.8 -2786.1 -28.0 92 0 12.5 7.1 5.0 2.5 2 0 2 5 5
6066.0 -3360.0 -19.7 32 0 9.2 10.1 5.0 2.5 2 1 2 2 2
5864.4 -2726.4 -25.3 7 0 11.8 5.4 5.0 2.5 2 0 2 4 4
5099.4 -5497.8 -20.3 69 0 6.9 25.7 5.0 2.5 2 1 2 1 1
5941.8 -2322.1 -26.5 1 0 9.5 7.6 5.0 0.0 0 0 2 1 1
6441.6 -2967.9 -18.3 273 0 9.9 8.5 2.5 2.5 2 0 1 4 4
6811.7 -2777.0 -34.5 267 0 25.6 7.9 7.5 2.5 2 0 3 0 0
5904.7 -2501.4 -26.7 342 0 8.8 10.3 7.5 0.0 0 1 3 4 4
5586.7 -2562.5 -46.8 269 0 12.0 10.7 7.5 2.5 2 0 3 1 1
5996.3 -2438.4 -30.1 96 0 7.7 11.3 7.5 2.5 2 1 3 3 3
6219.4 -2806.1 -23.8 101 0 8.5 7.4 7.5 2.5 2 0 3 4 4
6160.7 -3215.6 -18.5 177 0 9.5 12.8 5.0 2.5 2 1 2 4 4
6732.0 -2950.5 -25.7 70 0 4.5 11.3 5.0 2.5 2 0 2 3 3
5918.9 -2445.7 -28.4 204 0 7.6 9.5 7.5 2.5 2 1 3 0 0
6393.2 -2815.3 -25.9 236 0 5.8 13.2 7.5 0.0 0 1 3 2 2
6094.9 -3340.5 -17.7 206 0 11.5 10.9 7.5 2.5 4 0 3 1 1
5849.4 -2688.7 -23.4 330 0 7.4 6.7 5.0 2.5 2 0 2 1 1
6015.0 -3751.3 -14.7 63 0 18.6 12.9 2.5 2.5 2 0 1 5 5
5934.3 -2235.1 -33.6 108 0 8.3 9.6 7.5 2.5 4 1 3 2 2
6454.3 -3080.8 -24.8 319 0 10.3 7.5 7.5 2.5 2 0 3 2 2
6804.2 -2689.0 -44.9 243 0 11.5 6.1 2.5 2.5 2 0 1 2 2
5867.1 -2477.6 -26.6 346 0 11.0 9.2 5.0 2.5 4 0 2 2 2
5648.6 -2571.0 -24.9 230 0 10.2 6.7 2.5 2.5 2 0 1 1 1
5993.1 -2589.9 -28.7 1 0 8.1 10.5 7.5 2.5 2 1 3 4 4
6051.4 -2774.1 -27.3 96 0 9.2 12.3 2.5 2.5 4 1 1 4 4
6184.2 -3118.8 -16.9 164 0 9.7 14.0 7.5 2.5 2 1 3 3 3
6705.4 -2931.8 -28.6 249 0 17.6 10.1 7.5 2.5 2 0 3 4 4
5980.2 -2334.0 -31.9 357 0 10.7 7.4 7.5 2.5 2 0 3 5 5
6454.2 -2801.2 -28.6 291 0 14.9 9.6 5.0 2.5 2 0 2 0 0
5864.3 -2591.7 -22.7 334 0 11.2 8.8 5.0 2.5 2 0 2 0 0
6011.0 -2287.7 -38.6 6 0 12.1 9.8 7.5 2.5 2 0 3 5 5
6108.5 -2573.5 -41.5 64 0 15.4 10.8 10.0 2.5 4 0 4 2 2
6234.9 -2970.1 -17.0 126 0 9.4 9.5 5.0 2.5 2 1 2 3 3
6816.4 -2705.8 -42.7 68 0 11.4 6.1 5.0 2.5 2 0 2 1 1
5830.4 -2399.6 -26.1 80 0 10.7 8.4 7.5 2.5 2 0 3 5 5
5712.4 -2525.0 -22.0 71 0 10.6 6.1 7.5 2.5 2 0 3 4 4
6213.0 -2774.0 -26.9 265 0 9.3 6.0 7.5 2.5 4 0 3 4 4
6200.2 -3393.3 -23.6 76 0 11.5 7.5 5.0 2.5 2 0 2 1 1
6600.8 -2720.6 -48.2 273 0 13.0 11.0 2.5 2.5 4 0 1 0 0
5902.0 -2378.2 -27.2 94 0 25.1 8.7 2.5 2.5 2 0 1 5 5
6665.0 -2918.9 -32.4 58 0 21.8 22.5 10.0 2.5 2 1 4 2 2
5881.1 -2683.9 -22.2 55 0 8.7 5.9 5.0 2.5 2 0 2 3 3
5730.9 -2387.9 -24.1 255 0 8.4 8.5 5.0 0.0 0 1 2 0 0
6022.1 -2321.4 -39.4 352 0 18.2 6.6 7.5 0.0 0 0 3 3 3
6072.5 -2577.7 -37.3 241 0 11.8 13.1 5.0 2.5 2 1 2 2 2
6068.8 -3013.0 -18.2 173 0 7.3 7.4 2.5 0.0 0 1 1 4 4
5737.4 -2604.1 -22.9 225 0 3.2 5.5 5.0 0.0 0 1 2 5 5
6217.3 -2757.5 -31.2 95 0 13.4 7.6 2.5 2.5 2 0 1 2 2
6598.1 -2850.1 -31.8 271 0 13.5 10.2 5.0 2.5 2 0 2 0 0
5896.6 -2341.9 -26.5 181 0 8.3 20.0 7.5 2.5 2 1 3 4 4
6879.2 -2824.9 -22.8 344 0 14.2 10.3 10.0 2.5 2 0 4 2 2
5646.8 -2489.9 -27.2 58 0 7.5 14.9 7.5 2.5 4 1 3 4 4
6029.2 -2470.3 -35.4 151 0 8.9 14.1 7.5 2.5 2 1 3 4 4
5051.0 -3127.4 -29.0 107 0 8.0 24.6 7.5 2.5 2 1 3 3 3
6196.0 -2840.1 -22.7 29 0 12.0 9.2 7.5 2.5 2 0 3 3 3
6202.2 -3024.3 -16.8 105 0 16.1 12.9 5.0 2.5 2 0 2 0 0
5970.6 -2446.6 -29.3 9 0 10.2 7.8 7.5 2.5 2 0 3 2 2
5734.7 -2622.3 -27.1 140 0 4.8 8.4 2.5 0.0 0 0 1 5 5
6316.8 -2811.1 -23.3 179 0 5.6 14.4 7.5 2.5 2 1 3 1 1
6064.4 -3400.0 -14.4 204 0 9.0 10.3 5.0 2.5 2 1 2 2 2
5792.2 -2567.6 -21.8 288 0 10.8 10.1 2.5 2.5 2 0 1 4 4
5935.1 -2241.9 -31.9 272 0 8.5 10.9 7.5 2.5 2 1 3 0 0
6398.0 -2948.6 -19.3 50 0 8.4 12.7 5.0 2.5 2 1 2 0 0
6820.0 -2820.7 -28.3 157 0 7.9 7.9 7.5 2.5 2 0 3 1 1
5908.1 -2520.9 -26.1 343 0 10.4 12.8 2.5 2.5 2 1 1 4 4
5706.3 -2459.6 -23.6 238 0 9.2 6.4 5.0 2.5 2 0 2 4 4
5950.0 -2583.8 -27.2 180 0 8.1 15.5 7.5 2.5 2 1 3 0 0
6218.7 -2822.3 -22.1 186 0 9.7 9.0 5.0 2.5 2 0 2 5 5
6121.9 -3253.8 -17.5 170 0 9.3 14.3 7.5 2.5 2 1 3 0 0
6763.6 -2915.5 -22.9 241 0 8.7 10.3 5.0 2.5 4 1 2 1 1
5948.3 -2364.9 -27.8 269 0 8.7 8.5 7.5 2.5 2 0 3 5 5
6366.4 -2799.7 -25.9 263 0 11.1 15.2 7.5 2.5 2 1 3 5 5
5838.1 -2590.4 -22.2 268 0 10.3 10.1 2.5 2.5 2 0 1 1 1
5887.9 -2249.9 -37.2 191 0 8.9 12.2 7.5 2.5 2 1 3 5 5
6335.5 -2931.7 -18.9 318 0 9.6 7.5 7.5 2.5 2 0 3 3 3
6845.8 -2665.9 -45.1 243 0 11.5 6.1 7.5 2.5 2 0 3 0 0
5736.9 -2476.9 -24.0 154 0 10.0 10.8 5.0 2.5 2 1 2 1 1
5685.1 -2498.3 -22.4 41 0 11.0 10.5 2.5 2.5 2 0 1 4 4
5967.1 -2634.1 -27.6 74 0 12.5 11.9 7.5 2.5 2 0 3 5 5
6645.6 -2708.5 -49.5 267 0 8.8 10.9 7.5 0.0 0 1 3 5 5
6239.6 -3036.1 -16.3 212 0 11.8 10.1 7.5 2.5 2 0 3 3 3
6568.8 -2998.6 -22.9 241 0 5.5 9.7 5.0 2.5 2 1 2 5 5
5971.9 -2350.0 -30.1 269 0 14.8 9.9 2.5 2.5 2 0 1 0 0
6790.5 -2827.7 -29.5 74 0 10.5 8.4 7.5 2.5 2 0 3 5 5
6293.5 -4105.3 5.9 78 0 8.8 7.6 5.0 0.0 0 0 2 5 5
5837.4 -2619.8 -21.5 180 0 11.9 11.2 7.5 2.5 2 0 3 1 1
5802.3 -2399.9 -25.5 26 0 6.1 8.4 7.5 2.5 2 1 3 0 0
5990.1 -2278.7 -37.1 180 0 6.2 8.3 7.5 2.5 2 0 3 3 3
6081.5 -2528.1 -40.4 306 0 10.8 11.9 2.5 2.5 2 1 1 5 5
6296.6 -2905.2 -19.1 13 0 11.3 7.7 5.0 2.5 2 0 2 2 2
5749.4 -2508.8 -23.1 144 0 13.6 6.1 5.0 2.5 2 0 2 0 0
5683.4 -2514.0 -22.2 207 0 11.8 6.1 2.5 2.5 2 0 1 0 0
6157.7 -2709.1 -36.5 92 0 12.9 8.4 5.0 2.5 2 0 2 0 0
6211.3 -3345.1 -25.3 345 0 8.2 14.2 5.0 2.5 2 0 2 0 0
6534.2 -2763.8 -38.7 82 0 8.2 11.7 2.5 2.5 2 1 1 1 1
4923.3 -3313.4 -19.3 31 0 32.5 6.8 5.0 2.5 2 0 2 2 2
5923.5 -2406.5 -28.2 1 0 9.6 12.8 7.5 2.5 2 1 3 4 4
6630.5 -2947.2 -28.4 60 0 11.8 14.4 2.5 2.5 2 1 1 0 0
5770.2 -2374.4 -24.5 250 0 14.0 7.2 7.5 2.5 2 0 3 4 4
6051.1 -2400.7 -43.4 169 0 9.1 7.8 5.0 2.5 2 0 2 1 1
5119.0 -3214.4 -27.0 343 0 8.6 39.9 7.5 2.5 2 1 3 2 2
6050.1 -2802.1 -26.5 266 0 12.4 8.8 7.5 2.5 2 0 3 3 3
6113.7 -2858.7 -24.3 275 0 8.8 9.7 5.0 2.5 2 1 2 3 3
5958.6 -2530.4 -26.9 8 0 7.1 10.5 7.5 2.5 2 1 3 3 3
5706.3 -2583.4 -22.5 313 0 5.1 9.1 2.5 2.5 2 1 1 5 5
6160.7 -2761.4 -31.7 76 0 11.1 9.2 2.5 2.5 2 0 1 3 3
6022.3 -3228.5 -26.8 23 0 11.5 11.3 5.0 2.5 2 0 2 3 3
6539.0 -2789.2 -31.7 266 0 10.0 8.7 7.5 2.5 2 0 3 2 2
5912.9 -2274.5 -30.7 89 0 4.5 10.9 5.0 2.5 2 1 2 0 0
6544.9 -2926.8 -22.9 182 0 9.4 13.1 7.5 0.0 0 1 3 3 3
6826.8 -2846.0 -24.7 170 0 5.1 10.8 7.5 2.5 2 1 3 5 5
5917.4 -2582.0 -24.8 327 0 8.8 10.6 2.5 2.5 2 1 1 0 0
5660.5 -2467.6 -22.8 48 0 10.0 8.6 7.5 2.5 2 0 3 4 4
6028.5 -2415.5 -37.7 178 0 9.8 8.9 7.5 2.5 2 0 3 0 0
5002.2 -3174.5 -26.0 224 0 8.2 14.5 7.5 2.5 2 1 3 5 5
6108.4 -2790.4 -27.4 279 0 8.7 12.6 2.5 2.5 4 1 1 5 5
6127.9 -3149.8 -15.7 353 0 10.7 12.1 10.0 2.5 2 1 4 4 4
6818.5 -2907.2 -18.4 73 0 5.8 14.4 2.5 2.5 4 1 1 0 0
5960.7 -2500.2 -28.0 9 0 7.7 13.4 5.0 2.5 2 1 2 5 5
6348.6 -2862.1 -22.7 302 0 4.7 18.3 7.5 2.5 2 1 3 4 4
6080.0 -3226.6 -20.0 26 0 9.2 14.6 5.0 2.5 2 1 2 0 0
5805.6 -2649.7 -26.7 240 0 8.9 10.4 5.0 2.5 2 1 2 5 5
5955.2 -2282.7 -31.5 85 0 8.0 11.4 7.5 2.5 2 1 3 0 0
6516.9 -2949.9 -20.8 107 0 10.4 10.2 7.5 2.5 4 0 3 2 2
6927.3 -2625.9 -45.3 256 0 9.7 12.3 2.5 2.5 2 1 1 4 4
5881.0 -2548.6 -24.6 245 0 11.5 7.6 7.5 2.5 2 0 3 0 0
5624.1 -2566.7 -33.3 82 0 8.4 10.7 7.5 2.5 2 1 3 2 2
6011.1 -2551.2 -29.8 271 0 8.7 5.1 7.5 2.5 2 0 3 5 5
6293.7 -2863.9 -19.1 302 0 23.4 9.4 5.0 2.5 2 0 2 2 2
6112.1 -3220.0 -17.0 168 0 11.0 13.9 5.0 2.5 2 1 2 4 4
6784.9 -2922.9 -21.2 63 0 8.2 8.5 2.5 2.5 2 1 1 0 0
5961.9 -2380.6 -28.5 278 0 7.6 8.1 5.0 2.5 2 1 2 2 2
6692.1 -2819.1 -31.2 172 0 10.9 11.5 5.0 2.5 2 1 2 3 3
6090.0 -3586.5 -21.4 340 0 6.6 13.6 7.5 0.0 0 1 3 3 3
5818.6 -2622.9 -21.3 339 0 14.6 8.5 7.5 2.5 2 0 3 3 3
5944.6 -3754.7 -17.2 323 0 3.2 3.1 2.5 2.5 2 0 1 5 5
6005.7 -2247.8 -42.1 105 0 5.3 9.0 5.0 2.5 2 1 2 0 0
6339.6 -3019.8 -17.5 64 0 8.8 9.7 5.0 2.5 2 1 2 3 3
6880.2 -2646.5 -46.3 246 0 11.5 13.0 5.0 2.5 2 1 2 1 1
5739.5 -2443.9 -24.8 244 0 8.6 8.6 5.0 2.5 2 0 2 4 4
5644.6 -2515.1 -25.2 253 0 10.3 10.3 7.5 2.5 2 1 3 1 1
6274.2 -2687.5 -47.2 308 0 10.2 10.0 5.0 2.5 2 0 2 1 1
6287.6 -3265.8 -23.8 344 0 9.3 9.1 5.0 2.5 4 0 2 5 5
6595.3 -2986.9 -23.6 259 0 8.4 12.9 5.0 2.5 2 1 2 3 3
4865.9 -3372.1 -17.5 211 0 11.2 7.3 7.5 2.5 2 0 3 4 4
5868.3 -2410.8 -27.3 187 0 5.8 9.8 2.5 0.0 0 1 1 2 2
6745.5 -2819.0 -31.3 70 0 8.9 5.2 7.5 2.5 2 0 3 5 5
5839.2 -2730.2 -27.6 318 0 7.7 16.1 5.0 2.5 2 0 2 1 1
5676.4 -2378.5 -30.4 249 0 13.3 14.8 2.5 2.5 2 1 1 2 2
5983.5 -2241.1 -38.8 177 0 8.3 7.8 5.0 2.5 2 0 2 5 5
6028.2 -2576.8 -30.8 90 0 10.1 11.7 2.5 2.5 2 1 1 5 5
5948.4 -2654.9 -26.0 248 0 11.2 8.3 2.5 2.5 4 0 1 5 5
5886.4 -2353.5 -26.2 2 0 11.4 10.5 5.0 2.5 2 0 2 2 2
5695.9 -2616.8 -29.6 127 0 5.1 10.0 5.0 2.5 2 1 2 0 0
6131.4 -2669.7 -36.0 271 0 10.5 12.1 5.0 2.5 2 1 2 4 4
6606.2 -2791.0 -36.5 256 0 10.3 8.2 2.5 2.5 2 0 1 4 4
4860.7 -3395.1 -17.4 34 0 15.7 7.3 5.0 2.5 2 0 2 1 1
5268.0 -2779.6 -62.7 28 0 15.4 5.5 5.0 2.5 2 0 2 0 0
5911.8 -2442.4 -28.2 7 0 12.6 8.8 7.5 2.5 2 0 3 0 0
6775.4 -2897.6 -22.3 58 0 4.6 6.0 5.0 0.0 0 1 2 0 0
5866.4 -2783.9 -30.6 319 0 4.9 11.5 5.0 0.0 0 1 2 4 4
5687.5 -2433.3 -23.9 244 0 6.9 7.2 5.0 2.5 2 1 2 4 4
5985.6 -2395.3 -30.2 183 0 11.5 12.0 7.5 2.5 4 1 3 3 3
5094.4 -3251.9 -26.9 335 0 7.7 20.4 5.0 2.5 2 1 2 4 4
5979.4 -2671.9 -27.7 144 0 10.7 15.8 5.0 2.5 4 1 2 4 4
5997.1 -2788.9 -25.4 343 0 5.4 12.8 5.0 2.5 2 1 2 0 0
6881.9 -2871.8 -16.3 245 0 17.1 9.1 5.0 2.5 2 0 2 2 2
5912.2 -2481.1 -27.7 190 0 8.6 10.3 7.5 2.5 2 1 3 1 1
5705.2 -2573.7 -22.4 313 0 5.5 17.7 7.5 0.0 0 1 3 5 5
6400.5 -2789.5 -31.0 91 0 11.3 16.4 7.5 2.5 4 1 3 5 5
5993.8 -3215.4 -27.7 206 0 11.4 13.6 7.5 0.0 0 1 3 5 5
6581.7 -2818.2 -33.2 90 0 12.1 12.4 10.0 2.5 2 1 4 2 2
5895.3 -2295.6 -27.2 272 0 9.7 6.6 7.5 2.5 2 0 3 1 1
6529.0 -2856.2 -27.0 181 0 10.8 10.1 5.0 2.5 2 0 2 3 3
6809.7 -2882.9 -20.8 71 0 10.2 6.1 5.0 2.5 2 0 2 5 5
5944.5 -2623.1 -26.4 338 0 11.9 9.8 7.5 2.5 2 0 3 4 4
5672.8 -2447.5 -23.1 320 0 8.4 10.8 2.5 0.0 0 1 1 1 1
5973.2 -2474.0 -29.4 186 0 18.9 20.7 10.0 2.5 2 1 4 1 1
6263.7 -2772.8 -27.3 294 0 8.3 14.5 2.5 2.5 2 1 1 1 1
6172.9 -3134.6 -16.7 347 0 8.3 13.7 2.5 2.5 2 1 1 1 1
6853.2 -2893.6 -18.4 69 0 11.5 10.9 7.5 2.5 2 0 3 4 4
5967.5 -2417.3 -29.3 285 0 10.4 20.1 2.5 2.5 2 1 1 2 2
6330.5 -2895.5 -21.1 140 0 9.7 7.5 5.0 2.5 2 0 2 1 1
6087.1 -3496.4 -15.9 253 0 11.2 8.8 5.0 2.5 2 0 2 0 0
5827.4 -2644.8 -23.1 333 0 9.3 7.2 5.0 2.5 2 0 2 1 1
5974.2 -2220.1 -38.5 357 0 8.7 18.3 7.5 2.5 4 1 3 5 5
6385.7 -3112.9 -24.9 303 0 8.6 11.0 2.5 2.5 2 1 1 4 4
6940.2 -2763.6 -26.1 76 0 11.1 11.5 5.0 2.5 2 1 2 0 0
5830.0 -2410.2 -26.6 286 0 9.3 9.4 5.0 2.5 2 1 2 4 4
5613.2 -2578.7 -34.7 249 0 9.2 7.4 5.0 2.5 4 0 2 3 3
6010.3 -2480.4 -30.6 297 0 22.0 14.7 12.5 2.5 2 0 5 5 5
6303.4 -2791.4 -24.9 286 0 6.3 10.2 5.0 2.5 4 1 2 4 4
6222.4 -3147.4 -18.3 71 0 14.6 9.3 5.0 2.5 2 0 2 0 0
6672.9 -2960.4 -30.4 79 0 9.5 5.9 5.0 2.5 4 0 2 2 2
5932.1 -2400.2 -28.3 183 0 7.5 8.9 5.0 2.5 2 1 2 5 5
6508.8 -2823.7 -27.9 318 0 7.3 12.4 7.5 2.5 2 1 3 0 0
6101.5 -3562.2 -19.4 164 0 8.8 11.2 5.0 2.5 4 1 2 2 2
5873.8 -2293.4 -30.4 0 0 7.0 4.2 5.0 2.5 2 0 2 0 0
6408.1 -3062.0 -20.3 329 0 10.1 7.2 7.5 2.5 2 0 3 1 1
6873.4 -2697.6 -39.7 81 0 11.5 6.1 7.5 2.5 4 0 3 5 5
5778.9 -2415.3 -25.7 248 0 6.3 8.9 2.5 2.5 4 1 1 4 4
5733.0 -2517.9 -22.2 329 0 14.2 5.9 7.5 2.5 2 0 3 3 3
6176.4 -2794.8 -25.9 109 0 8.2 9.3 5.0 2.5 2 1 2 2 2
6239.7 -3217.0 -20.8 160 0 9.6 10.9 7.5 2.5 2 1 3 2 2
6634.8 -2980.3 -26.0 246 0 7.2 11.3 7.5 2.5 2 1 3 1 1
5233.9 -2738.6 -62.0 286 0 5.7 4.6 7.5 2.5 2 0 3 5 5
5969.5 -2239.6 -36.7 264 0 14.5 8.5 5.0 2.5 2 0 2 5 5
6697.4 -2853.4 -30.9 339 0 8.9 8.6 7.5 2.5 2 0 3 1 1
5778.3 -2638.4 -30.1 312 0 8.2 15.0 5.0 2.5 2 1 2 0 0
5716.2 -2287.7 -45.5 74 0 8.8 16.0 7.5 2.5 4 1 3 2 2
5988.4 -2342.5 -34.7 172 0 10.9 12.1 7.5 2.5 2 1 3 4 4
6045.3 -2603.3 -32.5 230 0 8.2 14.9 5.0 2.5 2 1 2 0 0
5893.2 -2695.1 -23.0 234 0 9.1 12.8 2.5 2.5 2 1 1 1 1
6915.0 -2679.4 -38.8 61 0 11.5 6.1 5.0 2.5 2 0 2 2 2
5860.6 -2341.4 -25.4 1 0 13.9 9.7 2.5 2.5 2 0 1 3 3
5724.4 -2626.0 -28.9 116 0 10.2 8.3 5.0 2.5 2 0 2 3 3
6094.2 -2773.7 -29.4 93 0 9.5 18.1 5.0 2.5 2 1 2 2 2
5908.0 -2952.4 -30.3 358 0 7.0 4.5 5.0 2.5 2 0 2 4 4
6633.4 -2795.6 -37.7 87 0 10.2 10.9 5.0 2.5 2 1 2 5 5
5227.9 -2764.0 -59.6 293 0 3.6 5.2 2.5 2.5 2 1 1 2 2
5936.6 -2333.2 -26.7 0 0 7.7 4.0 7.5 2.5 2 0 3 5 5
6744.6 -2903.1 -25.4 71 0 11.0 8.0 5.0 2.5 2 0 2 4 4
5948.8 -2648.8 -26.2 72 0 6.8 7.5 5.0 2.5 2 1 2 1 1
5711.5 -2418.7 -24.3 162 0 7.5 5.8 7.5 2.5 2 0 3 4 4
5988.5 -2365.9 -33.2 178 0 7.8 14.2 2.5 2.5 2 1 1 4 4
6025.2 -2618.6 -31.0 230 0 8.9 11.6 7.5 2.5 2 1 3 2 2
6117.0 -3113.6 -14.7 351 0 11.3 13.8 5.0 2.5 2 1 2 2 2
6910.2 -2907.6 -17.4 72 0 9.6 5.9 7.5 2.5 2 0 3 3 3
5935.4 -2460.6 -28.4 17 0 8.6 7.8 7.5 0.0 0 0 3 1 1
5729.0 -2545.7 -21.7 243 0 7.4 8.1 2.5 2.5 2 1 1 0 0
6353.4 -2782.3 -30.1 89 0 16.9 10.2 10.0 2.5 2 0 4 2 2
6006.9 -3261.5 -30.2 29 0 8.3 9.9 5.0 2.5 2 1 2 1 1
5866.8 -2717.0 -24.5 7 0 6.5 4.3 5.0 2.5 2 0 2 1 1
5105.6 -5456.4 -21.5 72 0 7.3 16.7 5.0 2.5 2 1 2 5 5
5945.9 -2305.5 -28.4 1 0 13.3 8.4 5.0 2.5 4 0 2 5 5
6439.1 -3012.3 -18.5 100 0 8.5 5.1 5.0 2.5 2 0 2 5 5
6823.7 -2785.8 -31.3 264 0 5.4 8.8 5.0 2.5 2 1 2 3 3
5919.5 -2635.1 -25.5 175 0 5.4 11.7 5.0 2.5 2 1 2 2 2
5579.3 -2587.3 -48.5 77 0 11.3 8.8 7.5 2.5 2 0 3 2 2
5984.6 -2436.3 -29.8 97 0 9.2 13.3 5.0 2.5 2 1 2 1 1
6239.2 -2810.2 -23.6 101 0 8.5 10.5 5.0 2.5 2 1 2 5 5
6187.6 -3194.1 -18.5 349 0 7.8 13.8 2.5 2.5 4 1 1 5 5
6736.5 -2948.8 -25.3 70 0 4.9 11.3 7.5 0.0 0 0 3 2 2
5933.5 -2433.5 -28.8 98 0 11.8 13.0 5.0 2.5 4 1 2 3 3
6402.3 -2804.2 -26.6 287 0 11.2 9.9 7.5 2.5 2 0 3 3 3
6105.3 -3389.9 -14.3 24 0 9.3 12.0 2.5 2.5 2 1 1 3 3
5833.0 -2698.5 -24.1 152 0 8.8 12.3 2.5 2.5 4 1 1 2 2
6056.1 -3727.6 -15.1 66 0 8.5 11.5 5.0 2.5 2 1 2 2 2
5941.8 -2213.3 -35.6 287 0 7.6 11.6 5.0 2.5 2 1 2 3 3
6464.4 -3093.2 -26.6 324 0 9.4 8.8 7.5 2.5 2 0 3 4 4
6872.1 -2786.8 -26.9 160 0 10.8 9.9 7.5 2.5 2 0 3 0 0
5862.2 -2453.9 -27.0 337 0 10.1 11.6 5.0 2.5 2 1 2 1 1
5647.4 -2588.4 -28.2 57 0 7.7 12.0 2.5 2.5 2 1 1 5 5
5989.5 -2564.2 -28.5 353 0 18.5 8.6 7.5 2.5 4 0 3 4 4
6223.9 -2795.4 -25.3 109 0 8.0 8.4 7.5 2.5 2 1 3 0 0
6199.2 -3098.2 -16.6 166 0 7.9 12.9 5.0 0.0 0 1 2 2 2
6686.2 -2928.7 -30.1 247 0 9.3 12.3 5.0 0.0 0 1 2 1 1
5970.0 -2319.2 -32.7 267 0 20.2 8.8 7.5 0.0 0 0 3 4 4
6469.4 -2803.8 -28.5 293 0 9.6 6.5 5.0 2.5 2 0 2 1 1
5872.2 -2600.6 -22.6 343 0 6.4 8.1 5.0 2.5 2 1 2 2 2
5993.0 -2300.2 -36.9 174 0 9.7 10.1 5.0 2.5 4 1 2 5 5
6188.4 -2895.4 -19.9 212 0 10.9 11.8 7.5 2.5 2 1 3 5 5
6828.6 -2701.8 -42.3 68 0 11.5 6.1 7.5 2.5 2 0 3 0 0
5832.2 -2380.4 -25.8 170 0 8.9 6.8 2.5 2.5 2 0 1 5 5
5698.4 -2493.4 -22.3 234 0 10.2 8.5 2.5 2.5 2 0 1 0 0
6202.0 -2799.5 -26.5 88 0 8.8 22.4 2.5 2.5 2 1 1 0 0
5928.1 -3039.2 -28.3 353 0 13.8 6.9 2.5 2.5 4 0 1 4 4
6629.1 -2756.2 -41.8 238 0 28.0 4.6 7.5 2.5 2 0 3 5 5
5965.5 -2292.6 -32.8 264 0 18.6 8.1 5.0 2.5 2 0 2 0 0
6659.0 -2883.2 -34.0 63 0 13.8 7.7 5.0 2.5 2 0 2 4 4
5886.8 -2673.4 -22.4 61 0 9.9 9.0 2.5 2.5 2 0 1 4 4
5748.8 -2382.8 -24.3 257 0 7.5 7.9 5.0 2.5 2 1 2 3 3
5987.6 -2316.1 -35.8 176 0 8.7 8.9 5.0 2.5 4 1 2 4 4
6065.9 -2596.4 -35.4 240 0 12.1 9.9 2.5 2.5 2 0 1 1 1
5876.9 -2391.7 -26.8 92 0 5.6 9.9 7.5 2.5 2 1 3 0 0
5732.1 -2600.3 -24.0 304 0 10.1 8.1 5.0 2.5 2 0 2 4 4
6221.7 -2739.7 -35.3 94 0 11.3 9.2 7.5 2.5 2 0 3 2 2
6038.0 -3009.7 -19.4 331 0 7.1 8.9 5.0 2.5 2 1 2 4 4
6674.9 -2789.6 -36.9 72 0 8.8 10.5 2.5 2.5 4 1 1 4 4
5930.2 -2346.3 -26.9 2 0 9.8 11.3 7.5 2.5 2 1 3 3 3
6870.4 -2853.6 -20.7 70 0 10.6 10.3 5.0 2.5 2 0 2 5 5
5873.3 -2642.6 -22.7 216 0 9.5 8.8 2.5 2.5 2 0 1 1 1
5739.4 -2416.7 -24.7 73 0 6.4 6.6 5.0 2.5 4 1 2 2 2
6026.7 -2454.1 -36.4 170 0 7.7 13.7 7.5 2.5 4 1 3 3 3
6180.2 -2860.6 -22.3 43 0 13.0 8.2 5.0 2.5 2 0 2 1 1
6227.4 -3025.2 -16.4 22 0 11.5 8.4 2.5 2.5 2 0 1 4 4
6940.6 -2867.9 -15.2 245 0 8.7 10.5 5.0 2.5 2 1 2 5 5
5957.1 -2440.7 -29.1 279 0 7.0 6.8 7.5 2.5 2 0 3 2 2
5749.9 -2617.4 -27.5 320 0 5.4 13.1 7.5 2.5 2 1 3 1 1
6273.5 -2759.9 -33.3 110 0 5.7 13.7 7.5 2.5 4 1 3 3 3
6037.9 -3372.8 -21.3 30 0 9.0 12.1 7.5 2.5 2 1 3 4 4
5803.2 -2569.9 -22.0 274 0 10.4 9.3 2.5 2.5 2 0 1 4 4
5922.1 -2241.4 -31.2 282 0 6.4 9.5 2.5 2.5 2 1 1 0 0
6393.2 -2986.2 -17.7 155 0 10.4 11.9 5.0 2.5 2 1 2 3 3
6812.4 -2824.6 -28.6 154 0 6.6 7.9 5.0 2.5 2 1 2 2 2
5883.1 -2535.3 -25.5 81 0 23.8 9.8 5.0 2.5 2 0 2 4 4
5697.9 -2465.4 -23.2 223 0 7.4 7.1 7.5 2.5 2 0 3 0 0
6005.6 -2418.4 -31.5 174 0 8.7 10.8 5.0 0.0 0 1 2 5 5
6222.8 -2832.0 -21.4 209 0 4.8 7.8 5.0 2.5 2 1 2 1 1
6126.0 -3267.9 -17.5 172 0 10.6 11.2 5.0 2.5 2 1 2 4 4
6757.9 -2938.6 -23.4 63 0 9.5 5.0 5.0 2.5 2 0 2 5 5
5964.1 -2375.4 -28.2 91 0 9.5 10.5 5.0 0.0 0 1 2 1 1
6379.1 -2823.1 -25.4 73 0 14.2 7.5 5.0 0.0 0 0 2 4 4
6074.2 -3345.0 -21.7 30 0 8.9 10.9 5.0 2.5 2 1 2 1 1
5837.4 -2649.8 -21.2 151 0 11.6 11.4 5.0 2.5 2 0 2 3 3
5895.2 -2240.3 -36.6 189 0 9.3 11.5 2.5 2.5 2 1 1 1 1
6304.7 -2948.4 -17.6 236 0 8.4 9.0 7.5 0.0 0 1 3 1 1
6832.1 -2673.7 -45.0 243 0 11.5 6.1 7.5 2.5 2 0 3 4 4
5898.5 -2487.7 -27.0 269 0 10.3 6.6 2.5 2.5 2 0 1 4 4
5678.7 -2512.4 -22.4 2 0 7.7 10.2 7.5 2.5 2 1 3 5 5
5991.5 -2605.3 -28.7 359 0 8.5 8.2 2.5 2.5 2 0 1 1 1
6692.0 -2703.2 -49.1 266 0 9.7 7.2 2.5 2.5 2 0 1 5 5
6248.8 -3048.8 -16.6 122 0 8.8 14.0 5.0 2.5 2 1 2 5 5
6559.3 -2988.7 -20.7 240 0 7.9 10.6 2.5 2.5 2 1 1 3 3
5959.4 -2349.9 -27.7 267 0 6.5 9.6 5.0 2.5 4 1 2 2 2
6791.8 -2813.3 -31.9 59 0 10.3 8.5 5.0 2.5 2 0 2 0 0
5864.0 -2620.8 -22.1 344 0 7.6 11.6 7.5 2.5 2 1 3 1 1
5787.9 -2403.2 -25.3 66 0 13.0 10.2 7.5 2.5 4 0 3 3 3
5990.1 -2284.9 -36.7 180 0 6.2 8.3 5.0 2.5 2 0 2 1 1
6092.6 -2542.2 -42.6 127 0 10.3 10.8 7.5 2.5 2 1 3 0 0
6289.9 -2920.2 -19.1 40 0 12.8 9.9 5.0 2.5 2 0 2 2 2
6792.1 -2695.2 -45.0 243 0 11.5 6.1 5.0 2.5 2 0 2 2 2
5847.4 -2403.6 -26.6 79 0 9.6 7.0 5.0 0.0 0 0 2 1 1
5680.6 -2529.1 -22.2 184 0 12.5 8.2 5.0 2.5 2 0 2 0 0
6142.2 -2770.8 -31.4 98 0 12.2 13.1 5.0 2.5 2 1 2 5 5
6213.5 -3353.2 -25.5 345 0 8.6 14.2 7.5 2.5 2 0 3 1 1
6524.5 -2767.4 -38.2 62 0 12.6 11.3 5.0 2.5 4 0 2 4 4
5915.6 -2385.0 -27.6 272 0 8.0 6.7 5.0 2.5 2 0 2 2 2
6644.5 -2927.6 -30.9 54 0 10.8 9.9 7.5 2.5 2 0 3 3 3
5904.3 -2655.5 -23.7 33 0 7.1 7.4 7.5 0.0 0 1 3 3 3
5763.9 -2365.6 -24.9 253 0 7.4 7.6 7.5 2.5 2 1 3 3 3
6040.5 -2388.0 -40.3 265 0 7.1 8.4 5.0 2.5 2 1 2 0 0
6091.7 -2569.0 -39.5 242 0 5.8 10.6 5.0 2.5 2 1 2 0 0
6106.5 -2890.0 -23.8 95 0 16.0 14.2 7.5 2.5 2 0 3 5 5
5960.6 -2511.6 -27.7 7 0 9.6 11.8 7.5 0.0 0 0 3 2 2
5714.8 -2584.6 -21.9 311 0 5.4 9.0 7.5 2.5 2 1 3 0 0
6163.9 -2769.3 -29.6 78 0 10.7 7.3 7.5 0.0 0 0 3 5 5
6024.2 -3261.1 -27.1 209 0 11.2 13.4 7.5 2.5 4 1 3 4 4
6540.2 -2809.5 -31.1 89 0 11.3 10.3 10.0 2.5 2 0 4 5 5
5934.5 -2358.0 -27.2 0 0 7.9 16.6 7.5 2.5 2 1 3 2 2
6463.3 -2947.7 -19.7 254 0 5.6 6.1 7.5 2.5 2 1 3 5 5
6829.4 -2857.2 -24.0 90 0 6.0 7.1 7.5 0.0 0 1 3 2 2
5915.6 -2556.7 -25.1 354 0 9.3 19.5 5.0 0.0 0 1 2 4 4
5656.2 -2481.6 -23.0 55 0 8.9 12.5 5.0 2.5 4 1 2 4 4
6034.4 -2487.1 -34.1 224 0 3.6 7.5 5.0 2.5 2 1 2 4 4
6209.9 -2816.7 -22.7 285 0 3.8 13.3 5.0 2.5 2 1 2 1 1
6079.5 -3005.8 -18.6 174 0 14.3 38.4 10.0 0.0 0 1 4 3 3
6809.6 -2908.1 -19.2 73 0 8.2 10.7 2.5 2.5 2 1 1 5 5
5963.9 -2479.5 -28.8 11 0 18.5 10.7 7.5 2.5 2 0 3 3 3
6320.1 -2871.9 -21.9 163 0 13.0 16.2 5.0 2.5 2 1 2 2 2
6053.3 -3251.2 -23.0 211 0 8.4 13.4 5.0 2.5 2 1 2 4 4
5781.6 -2563.7 -21.7 319 0 8.1 10.8 5.0 2.5 2 1 2 5 5
5961.3 -2262.8 -32.8 358 0 6.9 9.9 5.0 2.5 2 1 2 0 0
6507.9 -2907.5 -23.0 33 0 8.2 9.4 7.5 2.5 2 1 3 4 4
6914.1 -2630.3 -45.9 250 0 11.7 12.0 2.5 2.5 2 1 1 2 2
5895.7 -2545.6 -25.0 254 0 9.2 7.5 5.0 2.5 2 0 2 3 3
5639.3 -2498.2 -29.8 58 0 7.2 12.6 5.0 2.5 2 1 2 1 1
6011.1 -2538.7 -29.7 265 0 5.9 8.0 7.5 2.5 2 1 3 4 4
6151.6 -2628.7 -41.9 109 0 7.4 12.9 5.0 2.5 2 1 2 3 3
6150.2 -3238.8 -18.1 350 0 10.3 11.2 2.5 2.5 2 1 1 2 2
6731.0 -2921.0 -25.8 274 0 5.2 3.5 7.5 2.5 2 0 3 2 2
5957.1 -2395.7 -28.6 97 0 13.4 7.5 5.0 2.5 2 0 2 3 3
6342.3 -2799.9 -24.7 267 0 6.9 4.8 2.5 2.5 2 0 1 3 3
6099.0 -3635.3 -19.4 64 0 11.7 11.3 7.5 2.5 2 0 3 4 4
5949.6 -3761.2 -16.3 323 0 4.1 3.6 7.5 2.5 2 0 3 0 0
5998.2 -2238.3 -41.7 193 0 11.9 6.0 7.5 2.5 2 0 3 4 4
6355.5 -2967.8 -17.4 239 0 8.4 19.4 7.5 2.5 2 1 3 1 1
6869.1 -2652.2 -45.8 246 0 10.7 13.0 5.0 2.5 2 1 2 3 3
5743.2 -2451.7 -24.7 244 0 8.6 6.7 2.5 2.5 2 0 1 1 1
5654.8 -2512.5 -22.5 254 0 6.2 8.7 7.5 2.5 2 1 3 1 1
5951.2 -2599.1 -27.3 165 0 9.6 14.0 5.0 2.5 2 0 2 0 0
6330.9 -2707.7 -43.9 278 0 13.9 9.4 5.0 2.5 2 0 2 4 4
6268.3 -3309.7 -28.3 163 0 7.6 15.6 2.5 2.5 2 1 1 5 5
6595.6 -3012.5 -25.7 79 0 12.7 11.3 2.5 2.5 2 0 1 2 2
5866.3 -2417.7 -27.5 185 0 7.6 11.1 2.5 2.5 4 1 1 1 1
6757.7 -2800.8 -32.6 253 0 10.0 7.6 7.5 2.5 2 0 3 1 1
5845.9 -2739.3 -27.3 320 0 9.2 18.9 5.0 2.5 2 1 2 1 1
5693.2 -2378.6 -29.3 270 0 8.2 10.4 5.0 2.5 4 1 2 1 1
5985.0 -2257.4 -38.2 177 0 6.7 11.2 5.0 2.5 2 1 2 2 2
6039.6 -2579.1 -31.8 91 0 9.3 10.7 7.5 2.5 2 1 3 4 4
5937.2 -2667.0 -25.1 245 0 9.2 12.0 5.0 0.0 0 1 2 5 5
5740.3 -2495.3 -23.4 144 0 5.2 10.3 7.5 2.5 2 0 3 0 0
5686.2 -2551.5 -22.0 329 0 8.6 12.5 2.5 2.5 2 1 1 5 5
6143.4 -2669.3 -37.1 271 0 8.7 12.7 2.5 2.5 2 1 1 1 1
6238.9 -3338.5 -28.1 341 0 10.5 11.5 5.0 2.5 2 1 2 3 3
6598.3 -2822.0 -34.3 90 0 12.1 9.5 2.5 2.5 2 0 1 2 2
5271.5 -2751.9 -62.9 293 0 12.8 6.7 7.5 2.5 2 0 3 5 5
5914.5 -2425.2 -28.4 18 0 8.0 8.3 5.0 2.5 2 1 2 0 0
6770.8 -2889.9 -23.4 56 0 7.0 12.0 7.5 2.5 2 1 3 3 3
5845.6 -2802.0 -33.5 155 0 5.6 7.7 5.0 2.5 2 1 2 5 5
5687.3 -2459.8 -23.4 150 0 6.6 9.9 2.5 2.5 2 1 1 3 3
6014.0 -2398.5 -33.7 86 0 8.2 10.1 7.5 2.5 2 1 3 3 3
6020.5 -2784.4 -25.6 268 0 6.4 10.2 2.5 2.5 2 1 1 1 1
6004.1 -2843.5 -27.0 349 0 21.2 8.6 5.0 2.5 2 0 2 4 4
5911.6 -2492.3 -27.4 177 0 9.6 10.2 5.0 2.5 2 1 2 1 1
5690.5 -2593.9 -24.8 140 0 9.1 6.1 7.5 2.5 2 0 3 5 5
6387.2 -2783.9 -30.8 88 0 13.0 11.2 10.0 2.5 2 0 4 3 3
6033.5 -3205.6 -23.2 24 0 8.0 10.8 5.0 2.5 2 1 2 0 0
6569.0 -2777.1 -34.0 264 0 8.7 9.3 7.5 2.5 2 1 3 1 1
5889.5 -2285.3 -32.7 110 0 9.2 10.3 5.0 2.5 2 1 2 0 0
6533.6 -2885.2 -25.2 183 0 7.7 12.5 7.5 2.5 2 1 3 1 1
6799.2 -2841.4 -25.9 245 0 5.2 11.1 2.5 2.5 4 1 1 4 4
5933.6 -2608.5 -26.2 247 0 10.4 11.6 5.0 2.5 2 1 2 4 4
5675.4 -2473.3 -22.7 62 0 7.3 15.6 5.0 2.5 2 1 2 1 1
5992.1 -2531.6 -28.7 82 0 9.8 9.9 5.0 2.5 2 1 2 1 1
6064.8 -2785.4 -26.8 271 0 13.3 13.5 5.0 2.5 2 1 2 5 5
6144.9 -3134.1 -16.2 260 0 13.8 9.5 7.5 2.5 2 0 3 4 4
6861.8 -2899.2 -15.7 246 0 10.3 10.6 5.0 2.5 4 1 2 0 0
5972.0 -2402.7 -29.3 279 0 10.0 11.1 7.5 2.5 2 1 3 4 4
6363.7 -2864.7 -22.8 269 0 9.8 7.3 5.0 2.5 2 0 2 1 1
6104.0 -3488.8 -15.2 253 0 10.3 21.1 10.0 2.5 4 1 4 0 0
5824.0 -2656.0 -24.7 323 0 7.9 7.4 5.0 2.5 2 0 2 1 1
5919.2 -2285.5 -29.6 87 0 5.1 22.1 7.5 2.5 2 1 3 2 2
6394.7 -3106.1 -23.6 132 0 8.4 8.3 2.5 2.5 2 0 1 1 1
5802.5 -2414.5 -26.1 252 0 7.6 8.1 5.0 2.5 2 1 2 4 4
5608.4 -2572.6 -38.0 86 0 9.5 5.6 5.0 2.5 2 0 2 3 3
6037.1 -2498.8 -33.3 333 0 8.0 14.0 2.5 2.5 2 1 1 4 4
5710.1 -3297.9 -59.7 0 0 6.4 5.1 7.5 2.5 4 0 3 4 4
6295.3 -2831.0 -20.5 31 0 5.8 9.9 7.5 2.5 2 1 3 5 5
6131.0 -3164.8 -16.2 353 0 11.4 12.7 7.5 2.5 4 1 3 0 0
6660.5 -2970.9 -29.4 245 0 10.8 13.3 5.0 2.5 2 1 2 5 5
5944.0 -2394.7 -28.3 96 0 9.4 8.4 2.5 2.5 2 0 1 5 5
6515.3 -2831.0 -27.6 317 0 8.0 13.1 7.5 2.5 2 1 3 5 5
6078.7 -3551.7 -22.6 343 0 10.0 11.1 2.5 2.5 2 1 1 2 2
5810.3 -2636.0 -23.0 65 0 6.6 20.1 7.5 2.5 2 1 3 0 0
5763.9 -2274.8 -45.6 307 0 10.4 10.5 5.0 2.5 2 1 2 1 1
6007.8 -2213.7 -45.5 194 0 8.7 6.1 7.5 2.5 2 0 3 3 3
6390.2 -3042.6 -18.9 163 0 6.7 8.7 2.5 2.5 2 1 1 4 4
6888.3 -2692.7 -39.1 67 0 11.5 6.1 7.5 2.5 2 0 3 3 3
5779.8 -2424.7 -25.8 248 0 8.3 11.8 7.5 0.0 0 1 3 3 3
5636.2 -2549.1 -29.9 74 0 9.7 11.1 7.5 2.5 4 1 3 1 1
6165.2 -2798.2 -25.9 108 0 8.2 8.7 5.0 2.5 2 1 2 1 1
6214.0 -3277.0 -21.7 258 0 13.7 9.7 7.5 0.0 0 0 3 3 3
6621.8 -2982.0 -24.8 250 0 10.5 10.7 5.0 2.5 2 1 2 4 4
5218.8 -2782.4 -58.2 131 0 5.7 7.1 5.0 2.5 2 1 2 1 1
5866.3 -2439.7 -27.5 182 0 8.3 5.9 5.0 2.5 2 0 2 4 4
6723.8 -2832.3 -29.1 71 0 9.2 5.5 2.5 2.5 2 0 1 1 1
5794.3 -2685.8 -33.3 322 0 12.2 10.6 5.0 2.5 4 0 2 4 4
5728.5 -2312.5 -40.8 342 0 20.3 8.7 5.0 2.5 2 0 2 5 5
6013.4 -2370.8 -35.4 267 0 11.3 11.3 2.5 2.5 2 1 1 4 4
6044.0 -2619.5 -31.9 230 0 8.7 9.2 2.5 2.5 2 1 1 2 2
5906.9 -2684.9 -23.3 239 0 15.6 12.3 10.0 2.5 2 0 4 1 1
6942.2 -2653.6 -40.1 337 0 6.1 11.5 7.5 2.5 4 1 3 5 5
5871.7 -2339.9 -25.6 1 0 10.4 9.7 5.0 2.5 2 0 2 5 5
5712.8 -2622.4 -29.1 114 0 8.4 9.3 2.5 2.5 2 1 1 2 2
6106.1 -2774.8 -30.0 91 0 8.7 16.0 5.0 2.5 2 1 2 3 3
5638.9 -3310.3 -56.7 78 0 8.7 20.3 5.0 0.0 0 1 2 4 4
5913.4 -2936.3 -29.7 180 0 11.3 18.9 2.5 2.5 2 1 1 4 4
6615.6 -2786.5 -37.5 261 0 6.7 10.6 5.0 2.5 2 1 2 0 0
5928.2 -2311.9 -26.3 272 0 8.4 12.0 5.0 2.5 2 1 2 1 1
6738.7 -2857.8 -26.1 161 0 8.0 12.6 7.5 2.5 2 1 3 3 3
5948.5 -2637.0 -26.3 341 0 7.6 11.3 2.5 2.5 2 1 1 3 3
5715.2 -2444.8 -24.3 62 0 7.8 6.6 7.5 2.5 2 0 3 1 1
5989.1 -2377.2 -32.2 182 0 10.5 12.5 2.5 2.5 2 1 1 0 0
5972.8 -2640.7 -27.8 235 0 13.4 8.8 2.5 2.5 2 0 1 0 0
6165.1 -3224.6 -18.8 176 0 8.8 12.9 5.0 2.5 2 1 2 1 1
6903.5 -2883.1 -15.7 255 0 10.6 10.3 5.0 2.5 2 0 2 4 4
5946.4 -2464.6 -28.6 298 0 15.0 8.1 5.0 2.5 2 0 2 4 4
5736.3 -2542.5 -21.7 241 0 6.0 8.4 5.0 2.5 2 1 2 5 5
6383.3 -2720.2 -43.4 224 0 9.4 8.4 7.5 2.5 2 0 3 3 3
5980.3 -3247.5 -31.9 207 0 7.7 11.4 5.0 2.5 2 1 2 1 1
5068.8 -5445.6 -21.4 74 0 7.0 32.9 5.0 2.5 4 1 2 4 4
5931.1 -2295.6 -26.8 271 0 8.5 13.2 7.5 2.5 2 1 3 0 0
6568.7 -2834.4 -29.7 302 0 9.4 10.9 7.5 2.5 4 1 3 1 1
6849.9 -2805.8 -27.8 345 0 7.2 15.0 5.0 0.0 0 1 2 3 3
5919.1 -2627.4 -25.5 181 0 7.4 10.2 7.5 2.5 2 1 3 4 4
5655.0 -2586.8 -26.5 136 0 7.0 15.2 2.5 2.5 4 1 1 4 4
5999.6 -2449.6 -29.9 7 0 13.0 7.9 2.5 2.5 2 0 1 0 0
6233.9 -2767.9 -27.7 278 0 9.8 12.3 7.5 2.5 2 1 3 4 4
6153.7 -3191.6 -17.8 171 0 9.7 13.1 7.5 2.5 2 0 3 4 4
6867.6 -2878.1 -17.0 250 0 9.6 9.3 7.5 2.5 2 0 3 0 0
5947.6 -2435.7 -29.1 100 0 8.0 10.0 7.5 2.5 2 1 3 0 0
6429.2 -2781.7 -32.4 104 0 7.8 11.4 5.0 2.5 2 1 2 3 3
6099.0 -3437.7 -11.7 203 0 10.0 13.8 7.5 2.5 2 1 3 5 5
5848.2 -2679.9 -23.2 330 0 7.7 11.4 7.5 2.5 2 1 3 1 1
5708.1 -3286.6 -59.7 347 0 14.2 4.8 7.5 2.5 2 0 3 4 4
5961.4 -2201.4 -39.9 275 0 7.2 9.8 7.5 2.5 2 1 3 4 4
6444.5 -3117.8 -27.9 122 0 11.0 7.6 5.0 2.5 2 0 2 0 0
6905.8 -2772.0 -25.8 254 0 15.0 10.5 2.5 2.5 2 0 1 5 5
5854.4 -2435.4 -27.1 334 0 12.8 13.1 5.0 2.5 2 1 2 5 5
5637.9 -2592.4 -30.4 63 0 10.7 6.1 5.0 2.5 2 0 2 3 3
5991.8 -2549.6 -29.0 168 0 13.7 8.0 5.0 2.5 2 0 2 4 4
5669.5 -3310.3 -58.2 79 0 16.0 3.9 5.0 2.5 2 0 2 3 3
6253.3 -2821.6 -22.2 126 0 9.7 10.7 7.5 2.5 4 1 3 2 2
6194.3 -3150.3 -17.9 167 0 9.8 11.8 5.0 2.5 2 1 2 0 0
6685.3 -2952.2 -30.3 67 0 7.4 12.2 5.0 2.5 2 1 2 5 5
5976.0 -2315.6 -33.4 90 0 7.6 7.4 5.0 0.0 0 0 2 4 4
6484.1 -2818.7 -27.9 328 0 8.6 12.6 7.5 2.5 2 1 3 3 3
5883.0 -2617.1 -23.3 72 0 10.7 6.4 2.5 2.5 4 0 1 1 1
5981.9 -2222.3 -40.8 179 0 9.5 9.3 7.5 2.5 2 0 3 3 3
6193.8 -2955.1 -18.0 31 0 6.3 13.3 2.5 2.5 2 1 1 3 3
6842.7 -2696.3 -42.0 68 0 11.5 6.1 5.0 2.5 2 0 2 2 2
5847.9 -2381.8 -26.1 80 0 11.9 9.5 2.5 2.5 4 0 1 4 4
5717.0 -2486.5 -22.8 292 0 5.3 7.9 5.0 2.5 4 1 2 5 5
6194.6 -2796.2 -26.0 70 0 5.4 16.0 7.5 2.5 4 1 3 5 5
6247.8 -3189.2 -20.1 349 0 7.7 10.9 5.0 0.0 0 1 2 4 4
6688.1 -2796.0 -36.7 81 0 8.4 16.2 7.5 2.5 2 1 3 0 0
5174.1 -2784.6 -54.1 180 0 6.6 6.6 7.5 2.5 2 1 3 3 3
5977.9 -2276.4 -34.5 0 0 14.3 8.6 2.5 2.5 2 0 1 1 1
6656.8 -2836.3 -34.5 256 0 10.4 12.1 5.0 2.5 2 1 2 2 2
5750.9 -2641.0 -31.7 221 0 9.0 10.5 7.5 2.5 2 1 3 3 3
5750.8 -2423.3 -25.1 65 0 9.7 8.5 2.5 2.5 2 0 1 1 1
5988.8 -2327.5 -35.8 175 0 11.8 11.2 7.5 2.5 2 0 3 0 0
6059.2 -2586.1 -35.4 240 0 14.7 10.8 7.5 0.0 0 0 3 2 2
5933.6 -2773.0 -26.1 78 0 7.0 6.9 7.5 2.5 2 0 3 4 4
6925.9 -2821.4 -18.5 52 0 10.4 8.8 5.0 2.5 2 0 2 4 4
5883.9 -2369.7 -26.5 359 0 7.9 8.9 7.5 2.5 2 1 3 3 3
5727.7 -2538.0 -21.9 59 0 6.3 12.2 7.5 2.5 2 1 3 2 2
6243.8 -2752.5 -33.0 102 0 9.2 9.2 5.0 2.5 2 0 2 1 1
5633.0 -3283.8 -56.5 345 0 4.0 3.4 7.5 2.5 2 0 3 0 0
5977.7 -2929.0 -25.9 161 0 9.0 14.5 7.5 2.5 2 1 3 5 5
6653.1 -2752.5 -41.3 259 0 7.2 7.8 5.0 2.5 2 1 2 5 5
5947.7 -2346.6 -27.2 1 0 10.7 13.2 7.5 2.5 2 1 3 0 0
6717.0 -2875.6 -29.0 340 0 9.7 12.9 7.5 2.5 2 1 3 4 4
5883.0 -2631.2 -23.6 218 0 12.0 9.5 7.5 2.5 2 0 3 4 4
5731.1 -2408.5 -24.3 347 0 3.8 11.2 7.5 2.5 2 1 3 0 0
6027.1 -2440.7 -36.7 167 0 13.9 10.7 7.5 2.5 2 0 3 4 4
6173.4 -3056.8 -15.6 181 0 9.3 13.4 7.5 2.5 2 1 3 0 0
6938.5 -2889.1 -16.2 325 0 5.8 8.4 2.5 2.5 2 1 1 3 3
5943.4 -2442.6 -28.8 285 0 6.2 5.2 7.5 2.5 2 0 3 5 5
5734.2 -2591.6 -21.4 124 0 6.0 9.7 5.0 2.5 2 1 2 1 1
6289.3 -2767.4 -30.9 120 0 8.7 7.4 5.0 2.5 2 0 2 5 5
6049.8 -3391.0 -15.8 28 0 9.1 9.4 7.5 2.5 2 1 3 2 2
5819.1 -2584.6 -21.9 359 0 7.1 11.2 5.0 0.0 0 1 2 3 3
5913.2 -2250.7 -32.1 278 0 5.7 11.9 2.5 2.5 2 1 1 2 2
6418.3 -2969.3 -18.0 258 0 9.1 9.7 7.5 0.0 0 1 3 0 0
6811.5 -2794.8 -31.7 251 0 10.6 8.5 5.0 0.0 0 0 2 1 1
5874.8 -2526.0 -25.4 81 0 9.8 8.8 7.5 2.5 2 0 3 3 3
5598.5 -2594.8 -40.8 86 0 9.0 16.3 7.5 2.5 2 1 3 5 5
5982.3 -2415.1 -29.8 188 0 13.9 10.4 7.5 2.5 2 0 3 4 4
6217.9 -2843.7 -21.1 210 0 7.8 9.4 5.0 2.5 2 1 2 2 2
6157.0 -3264.3 -18.2 353 0 9.3 10.4 2.5 2.5 2 1 1 2 2
6731.5 -2932.7 -25.5 252 0 4.2 4.9 7.5 2.5 2 1 3 4 4
5925.3 -2439.6 -28.7 191 0 7.0 8.8 5.0 2.5 2 1 2 3 3
6378.5 -2837.6 -25.0 75 0 13.4 9.3 5.0 2.5 2 0 2 4 4
6086.8 -3321.8 -21.6 29 0 10.4 12.3 7.5 2.5 4 1 3 2 2
5829.1 -2634.7 -20.8 159 0 7.8 10.1 5.0 2.5 2 1 2 4 4
5996.2 -3759.3 -14.7 66 0 13.2 9.4 2.5 2.5 2 0 1 2 2
5916.7 -2232.2 -33.6 108 0 5.6 12.1 7.5 2.5 2 1 3 5 5
6430.8 -3039.9 -19.5 336 0 10.5 9.7 5.0 2.5 2 0 2 3 3
6818.8 -2681.1 -45.0 239 0 11.5 6.1 7.5 2.5 2 0 3 1 1
5879.8 -2491.9 -26.4 271 0 10.8 7.6 5.0 2.5 2 0 2 3 3
5687.5 -2506.8 -22.3 185 0 3.7 8.4 5.0 2.5 2 1 2 4 4
5967.6 -2597.1 -28.0 170 0 8.6 11.0 5.0 2.5 2 1 2 4 4
6036.8 -2773.5 -26.7 93 0 9.1 9.6 5.0 2.5 2 1 2 3 3
6244.5 -3095.9 -17.4 32 0 11.0 10.2 5.0 2.5 2 0 2 1 1
6701.5 -2957.2 -28.4 62 0 4.4 8.0 5.0 2.5 2 1 2 2 2
5962.1 -2344.0 -29.0 82 0 10.1 8.6 7.5 2.5 4 0 3 4 4
6609.7 -2960.3 -25.4 75 0 10.8 6.5 5.0 2.5 2 0 2 4 4
5848.7 -2584.7 -22.6 266 0 7.4 9.8 5.0 2.5 2 1 2 3 3
6039.3 -3739.7 -15.1 64 0 18.2 15.2 12.5 2.5 2 0 5 2 2
6024.9 -2311.2 -41.6 156 0 12.3 8.4 5.0 2.5 2 0 2 2 2
6118.0 -2598.3 -39.5 313 0 10.2 8.0 5.0 2.5 2 0 2 4 4
6245.5 -2977.8 -16.9 126 0 9.9 19.4 5.0 2.5 2 1 2 2 2
6803.5 -2710.7 -43.0 68 0 11.5 6.1 5.0 0.0 0 0 2 5 5
5840.5 -2397.2 -26.2 79 0 6.4 8.7 7.5 2.5 2 1 3 3 3
5697.7 -2511.9 -22.2 177 0 7.0 4.3 7.5 2.5 2 0 3 5 5
6210.3 -2803.0 -24.2 113 0 5.8 8.3 7.5 2.5 2 1 3 1 1
5628.8 -3268.4 -56.5 340 0 4.0 3.4 7.5 2.5 2 0 3 5 5
6183.0 -3367.2 -23.6 164 0 9.3 13.0 2.5 2.5 4 1 1 0 0
6552.4 -2758.4 -40.3 101 0 10.5 9.8 7.5 2.5 2 0 3 5 5
5904.6 -2385.1 -27.6 272 0 9.3 13.0 7.5 2.5 2 1 3 1 1
6687.8 -2915.6 -30.7 61 0 5.6 11.5 7.5 2.5 2 1 3 3 3
5899.2 -2663.7 -23.2 40 0 8.8 6.2 5.0 2.5 2 0 2 5 5
5755.5 -2371.4 -24.4 246 0 7.6 7.6 5.0 2.5 2 0 2 1 1
6025.6 -2335.8 -39.4 353 0 10.6 5.9 7.5 2.5 2 0 3 0 0
6083.6 -2572.7 -38.6 240 0 8.9 12.1 2.5 2.5 2 1 1 1 1
6140.1 -3019.3 -18.2 71 0 5.5 38.6 5.0 2.5 2 1 2 4 4
5959.5 -2520.4 -27.3 7 0 8.2 11.8 5.0 2.5 2 0 2 3 3
5722.1 -2594.0 -22.9 303 0 9.4 6.1 5.0 2.5 2 0 2 2 2
6172.0 -2747.4 -34.4 83 0 10.0 11.3 10.0 2.5 2 1 4 4 4
5630.3 -3275.3 -56.5 342 0 4.2 3.9 5.0 2.5 2 0 2 4 4
6613.1 -2851.4 -32.9 281 0 11.0 6.2 5.0 2.5 2 0 2 5 5
5900.7 -2357.0 -26.8 181 0 9.2 15.0 7.5 2.5 2 1 3 5 5
6494.5 -2925.9 -21.6 235 0 19.2 10.7 5.0 2.5 4 0 2 5 5
6851.1 -2873.5 -20.3 70 0 5.3 9.4 7.5 2.5 2 1 3 0 0
5625.8 -2462.5 -32.7 152 0 10.5 8.1 2.5 0.0 0 0 1 1 1
6051.4 -2499.0 -36.1 69 0 5.7 12.9 2.5 2.5 2 1 1 3 3
6193.8 -2818.5 -23.3 279 0 8.4 11.5 2.5 2.5 2 1 1 5 5
6184.3 -3020.5 -17.0 82 0 10.2 11.8 2.5 2.5 2 1 1 0 0
6802.1 -2923.3 -19.1 243 0 8.8 7.8 2.5 2.5 4 0 1 0 0
5966.8 -2458.0 -29.1 8 0 10.6 7.6 2.5 2.5 2 0 1 1 1
5737.4 -2612.4 -26.5 320 0 6.7 8.4 5.0 2.5 2 0 2 3 3
6329.2 -2851.0 -21.5 87 0 8.9 9.8 5.0 2.5 2 1 2 4 4
6058.0 -3415.0 -14.0 206 0 7.9 9.0 5.0 2.5 2 1 2 3 3
5792.8 -2592.1 -21.2 60 0 8.8 7.0 7.5 2.5 2 0 3 0 0
5923.6 -3803.0 -16.6 46 0 6.7 10.6 7.5 2.5 4 1 3 0 0
5952.2 -2242.7 -34.1 270 0 10.9 11.8 5.0 2.5 2 1 2 2 2
6488.0 -2907.5 -22.9 87 0 8.5 12.0 7.5 2.5 2 1 3 1 1
6853.0 -2826.1 -25.3 344 0 12.0 11.7 7.5 2.5 2 0 3 2 2
5911.1 -2535.6 -25.6 342 0 7.3 11.7 7.5 2.5 4 1 3 0 0
5715.8 -2471.5 -23.3 315 0 8.9 9.1 7.5 2.5 2 1 3 4 4
5971.6 -2542.5 -27.8 269 0 12.5 10.0 2.5 2.5 2 0 1 0 0
6231.1 -2673.3 -45.0 7 0 7.8 9.3 7.5 2.5 4 1 3 5 5
6121.2 -3244.1 -17.5 171 0 9.4 13.4 5.0 2.5 4 1 2 3 3
6740.6 -2920.4 -24.9 249 0 5.0 6.3 7.5 2.5 2 1 3 3 3
5972.8 -2398.1 -28.9 99 0 9.5 14.5 5.0 2.5 2 1 2 4 4
6348.3 -2829.2 -23.6 73 0 10.4 16.9 5.0 2.5 2 1 2 5 5
5820.5 -2595.8 -21.6 260 0 8.7 11.4 7.5 2.5 2 1 3 4 4
5998.5 -2231.5 -41.1 0 0 8.4 10.6 7.5 2.5 2 1 3 2 2
6345.6 -2950.0 -18.4 54 0 8.1 9.1 7.5 2.5 2 1 3 5 5
6858.7 -2657.0 -45.6 246 0 9.5 13.0 5.0 0.0 0 1 2 4 4
5722.8 -2460.0 -24.3 154 0 11.5 11.4 5.0 2.5 2 0 2 0 0
5671.7 -2530.2 -22.3 338 0 6.8 11.1 5.0 2.5 2 1 2 1 1
5954.9 -2613.9 -27.6 167 0 19.8 13.4 7.5 2.5 2 0 3 5 5
6347.4 -2711.3 -43.7 271 0 10.5 10.5 5.0 0.0 0 1 2 3 3
5626.7 -3251.5 -56.3 351 0 3.7 4.3 5.0 2.5 2 1 2 3 3
6247.8 -3295.6 -24.9 344 0 10.3 13.0 5.0 0.0 0 1 2 0 0
6583.3 -2989.8 -22.8 261 0 8.7 9.6 2.5 2.5 2 1 1 1 1
5978.9 -2364.2 -29.6 272 0 7.5 13.7 5.0 2.5 2 1 2 5 5
6774.8 -2829.0 -29.5 83 0 10.7 8.3 5.0 0.0 0 0 2 4 4
5880.1 -2786.4 -29.5 333 0 5.5 7.0 2.5 2.5 2 1 1 2 2
5717.1 -2371.5 -30.2 85 0 11.7 7.7 7.5 2.5 2 0 3 1 1
6011.5 -2273.1 -41.1 89 0 9.7 10.1 2.5 2.5 2 1 1 0 0
6051.4 -2561.1 -33.5 0 0 10.7 14.1 5.0 2.5 2 1 2 4 4
6297.2 -2919.8 -19.2 35 0 9.1 4.4 5.0 0.0 0 0 2 4 4
5743.6 -2499.9 -23.3 144 0 6.1 10.3 2.5 2.5 2 0 1 4 4
5699.5 -2569.0 -21.9 43 0 6.3 12.1 5.0 2.5 2 1 2 5 5
6157.8 -2696.1 -37.6 96 0 10.7 12.8 2.5 2.5 2 1 1 1 1
5626.3 -3259.4 -56.5 343 0 3.8 3.7 7.5 2.5 2 0 3 4 4
6202.7 -3319.2 -24.9 346 0 9.6 13.1 7.5 2.5 2 1 3 1 1
6531.2 -2976.6 -19.4 171 0 8.2 9.8 7.5 2.5 2 1 3 5 5
5882.5 -2406.6 -27.5 207 0 9.6 8.1 7.5 2.5 2 0 3 0 0
6791.3 -2888.5 -21.3 63 0 14.3 6.7 7.5 2.5 2 0 3 2 2
5854.3 -2798.9 -32.8 169 0 8.3 6.8 7.5 2.5 2 0 3 1 1
5779.7 -2363.6 -26.2 80 0 9.1 10.1 5.0 2.5 2 1 2 5 5
6032.2 -2385.6 -37.5 354 0 7.6 10.0 7.5 2.5 2 1 3 0 0
6031.8 -2787.1 -25.8 267 0 11.3 6.7 7.5 2.5 2 0 3 1 1
5917.7 -2506.1 -27.1 180 0 9.6 10.7 2.5 2.5 2 1 1 0 0
5703.5 -2594.6 -24.4 311 0 8.8 3.8 7.5 2.5 2 0 3 2 2
6174.1 -2763.4 -30.5 77 0 9.2 8.9 7.5 2.5 2 0 3 3 3
6030.4 -3214.2 -24.5 25 0 9.5 12.8 5.0 2.5 2 1 2 2 2
6553.7 -2784.8 -33.0 240 0 14.0 8.3 7.5 2.5 2 0 3 5 5
5884.6 -2265.9 -36.4 185 0 9.9 10.3 2.5 2.5 2 1 1 3 3
6530.5 -2904.0 -23.9 179 0 9.0 12.5 5.0 2.5 2 1 2 3 3
6811.7 -2852.4 -24.0 259 0 6.6 8.1 5.0 2.5 2 1 2 4 4
5922.5 -2546.2 -25.9 135 0 9.5 11.4 7.5 2.5 2 1 3 1 1
5665.4 -2433.5 -23.5 50 0 11.4 10.5 5.0 2.5 4 0 2 4 4
6022.7 -2399.6 -37.1 179 0 8.9 9.3 5.0 2.5 2 1 2 0 0
6093.8 -2790.2 -27.4 277 0 12.1 15.9 5.0 2.5 2 1 2 5 5
6143.2 -3150.7 -16.5 164 0 8.2 12.5 7.5 2.5 2 1 3 5 5
6848.2 -2905.1 -15.5 246 0 15.6 7.8 2.5 2.5 2 0 1 0 0
5948.6 -2410.9 -28.8 96 0 9.6 12.6 7.5 2.5 2 1 3 0 0
6351.5 -2884.9 -21.9 170 0 8.3 10.8 5.0 2.5 2 1 2 4 4
6053.6 -3202.4 -20.5 207 0 9.4 12.5 5.0 2.5 2 1 2 2 2
5813.3 -2666.1 -25.9 153 0 11.4 5.5 5.0 2.5 2 0 2 5 5
5302.1 -3031.2 -37.6 88 0 5.9 21.1 7.5 0.0 0 1 3 4 4
5935.5 -2286.5 -29.0 74 0 17.9 11.2 7.5 2.5 2 0 3 4 4
6383.5 -3088.3 -22.2 228 0 11.1 9.4 2.5 2.5 2 0 1 2 2
6941.2 -2623.0 -45.3 259 0 10.1 12.2 10.0 2.5 2 1 4 2 2
5885.0 -2561.8 -24.2 250 0 10.0 12.2 2.5 2.5 2 1 1 2 2
5601.4 -2562.6 -39.8 170 0 9.6 8.5 7.5 0.0 0 0 3 1 1
6027.6 -2525.1 -31.5 71 0 12.5 9.8 5.0 2.5 2 0 2 4 4
6305.5 -2852.4 -19.1 27 0 7.7 15.1 7.5 2.5 2 1 3 1 1
6137.7 -3191.2 -16.9 352 0 8.0 13.5 7.5 2.5 2 1 3 3 3
6650.6 -2982.2 -27.5 248 0 9.6 7.2 5.0 2.5 2 0 2 3 3
5944.3 -2379.8 -28.1 275 0 13.8 6.1 5.0 2.5 2 0 2 4 4
6517.0 -2843.0 -26.9 319 0 7.1 12.2 7.5 2.5 2 1 3 0 0
6086.8 -3577.5 -22.1 340 0 9.6 13.8 5.0 2.5 2 1 2 2 2
5783.8 -2632.3 -24.8 152 0 7.6 15.8 5.0 2.5 2 1 2 1 1
5725.6 -2257.6 -50.0 339 0 5.4 20.1 2.5 0.0 0 1 1 3 3
6001.0 -2227.5 -43.9 168 0 9.2 9.5 2.5 2.5 2 1 1 4 4
6336.4 -3041.8 -18.1 140 0 7.2 13.6 5.0 2.5 2 1 2 0 0
6895.1 -2639.5 -46.2 246 0 10.9 12.4 5.0 2.5 2 1 2 4 4
5769.1 -2420.5 -25.6 251 0 8.2 8.8 7.5 2.5 4 1 3 0 0
5635.6 -2524.9 -28.6 246 0 8.6 8.5 5.0 2.5 2 0 2 4 4
6066.6 -2775.0 -27.7 93 0 10.4 11.1 7.5 2.5 2 1 3 2 2
6230.1 -3262.0 -21.0 74 0 12.8 18.0 2.5 2.5 2 1 1 2 2
6621.8 -3006.2 -26.2 63 0 8.6 6.2 5.0 2.5 2 0 2 0 0
5866.0 -2429.2 -27.6 187 0 9.3 9.6 7.5 2.5 2 1 3 4 4
6730.4 -2821.3 -31.2 73 0 11.4 7.0 2.5 0.0 0 0 1 2 2
5834.0 -2724.4 -28.3 318 0 7.9 16.1 5.0 0.0 0 0 2 4 4
5684.3 -2405.9 -26.6 68 0 7.6 10.8 5.0 2.5 2 1 2 4 4
6010.4 -2359.6 -35.5 262 0 9.1 10.2 2.5 2.5 2 1 1 2 2
6021.3 -2539.7 -30.4 261 0 10.0 9.7 7.5 2.5 2 0 3 5 5
5928.6 -2663.3 -24.7 249 0 8.9 5.9 2.5 2.5 2 0 1 3 3
6934.8 -2670.4 -38.7 67 0 11.5 6.1 5.0 2.5 2 0 2 3 3
5874.0 -2357.9 -26.0 359 0 8.0 7.1 5.0 2.5 2 0 2 4 4
5705.3 -2617.6 -28.8 119 0 5.4 8.1 7.5 2.5 2 1 3 3 3
6118.3 -2707.6 -33.8 93 0 9.6 13.8 2.5 2.5 2 1 1 1 1
5919.2 -2961.7 -27.9 178 0 9.6 15.0 5.0 2.5 2 1 2 2 2
6620.5 -2817.8 -36.8 83 0 10.0 14.7 5.0 2.5 2 1 2 3 3
5257.5 -2799.1 -59.7 26 0 8.9 9.5 7.5 2.5 2 1 3 5 5
5909.8 -2456.8 -28.0 360 0 9.0 9.4 5.0 2.5 2 1 2 3 3
6749.4 -2866.5 -24.9 160 0 5.4 13.5 7.5 2.5 2 1 3 4 4
5933.3 -2655.3 -25.4 71 0 11.7 9.6 7.5 2.5 2 0 3 0 0
5697.5 -2426.2 -24.2 159 0 8.2 7.6 7.5 2.5 4 0 3 3 3
6004.3 -2401.3 -32.1 92 0 8.2 11.6 2.5 2.5 2 1 1 0 0
5966.2 -2659.3 -27.0 152 0 14.6 8.3 5.0 2.5 2 0 2 2 2
5973.3 -2750.8 -24.9 339 0 20.4 14.4 7.5 2.5 2 0 3 0 0
6900.2 -2871.9 -15.0 58 0 14.2 5.3 5.0 2.5 2 0 2 3 3
5931.0 -2487.9 -27.7 276 0 9.1 5.3 7.5 2.5 2 0 3 5 5
5758.1 -2555.2 -21.5 333 0 9.6 11.3 5.0 2.5 4 1 2 1 1
6412.9 -2784.2 -32.4 96 0 8.5 16.3 7.5 0.0 0 1 3 5 5
5985.6 -3238.3 -30.7 206 0 10.8 12.2 5.0 2.5 2 1 2 5 5
6588.8 -2803.3 -34.9 141 0 8.8 12.0 5.0 2.5 2 1 2 1 1
5914.2 -2299.6 -25.7 278 0 20.6 8.9 2.5 2.5 2 0 1 2 2
6531.8 -2843.9 -28.0 179 0 7.7 11.1 7.5 2.5 2 1 3 3 3
6842.0 -2784.8 -29.6 256 0 10.1 10.7 7.5 2.5 2 1 3 2 2
5924.1 -2610.9 -25.5 266 0 9.3 11.4 2.5 2.5 4 1 1 4 4
5680.7 -2458.6 -22.9 332 0 8.5 6.4 5.0 2.5 4 0 2 4 4
5976.3 -2448.6 -29.7 188 0 16.8 10.7 5.0 2.5 2 0 2 0 0
6246.4 -2768.8 -27.7 282 0 9.4 10.0 5.0 0.0 0 1 2 5 5
6155.2 -3201.3 -18.0 171 0 9.8 13.1 7.5 2.5 2 0 3 2 2
6831.3 -2886.3 -18.7 252 0 8.5 14.4 7.5 2.5 2 1 3 1 1
5946.9 -2418.2 -29.2 191 0 9.4 11.8 7.5 2.5 2 1 3 2 2
6462.9 -2741.9 -40.0 255 0 9.0 14.7 2.5 2.5 2 1 1 0 0
6085.6 -3465.2 -11.4 204 0 10.3 12.1 2.5 2.5 2 1 1 3 3
5837.1 -2669.8 -24.1 328 0 17.7 12.3 5.0 2.5 4 0 2 5 5
5969.9 -2234.7 -37.6 87 0 9.8 7.5 5.0 0.0 0 0 2 5 5
6432.9 -3091.0 -24.8 312 0 10.8 9.7 5.0 2.5 2 0 2 2 2
6930.5 -2762.6 -25.8 343 0 7.9 6.8 7.5 2.5 2 0 3 0 0
5849.6 -2423.6 -27.1 317 0 7.1 8.2 2.5 2.5 4 1 1 4 4
5626.1 -2574.4 -30.3 244 0 10.2 9.0 7.5 0.0 0 0 3 1 1
5973.4 -2512.3 -28.6 169 0 23.4 16.9 12.5 2.5 2 0 5 3 3
6266.6 -2805.4 -23.9 140 0 8.6 9.3 5.0 2.5 2 1 2 2 2
6218.3 -3119.1 -17.5 346 0 10.1 13.0 2.5 2.5 2 1 1 2 2
6683.1 -2957.4 -30.1 72 0 9.0 3.6 5.0 2.5 2 0 2 1 1
5961.6 -2316.5 -30.9 85 0 8.5 8.1 5.0 2.5 2 0 2 4 4
5863.1 -2670.9 -21.8 74 0 11.6 10.5 7.5 2.5 2 0 3 2 2
6011.3 -2873.4 -26.3 349 0 11.5 13.8 7.0 2.5 2 1 2 1 1
5595.8 -3179.4 -50.5 78 0 9.6 15.9 2.5 2.5 2 1 1 5 5
6385.6 -2223.3 -62.3 329 0 8.0 5.5 7.5 2.5 2 0 3 5 5
6290.4 -2197.9 -63.4 335 0 15.4 11.3 3.5 0.0 0 0 1 1 1
6021.8 -2770.6 -26.5 97 0 9.9 12.7 2.5 0.0 0 1 1 3 3
6411.5 -2241.8 -61.4 147 0 3.1 7.7 5.0 2.5 2 1 2 5 5
6161.5 -3500.2 -18.1 172 0 8.8 11.8 5.0 2.5 2 1 2 1 1
6034.4 -3515.3 -20.9 165 0 7.8 13.3 5.0 2.5 2 1 2 1 1
6064.2 -3506.3 -19.1 344 0 8.3 13.7 2.5 2.5 2 1 1 5 5
6034.2 -3460.4 -14.1 205 0 9.6 9.1 5.0 2.5 4 0 2 1 1
6063.6 -3472.8 -13.5 24 0 9.8 12.9 2.5 2.5 4 1 1 2 2
5996.1 -2715.4 -26.8 165 0 5.8 5.1 7.5 0.0 0 0 3 1 1
4933.4 -5540.5 -14.0 47 0 8.3 25.6 7.5 2.5 2 1 3 1 1
-345.7 -9384.7 53.2 157 0 15.0 9.2 5.0 2.5 2 0 2 1 1
-631.6 -9583.2 47.5 194 0 8.3 6.9 2.5 2.5 2 0 1 1 1
-638.3 -9614.0 46.2 191 0 21.5 6.7 5.0 2.5 2 0 2 4 4
3951.6 -3088.6 -57.9 38 0 4.7 6.8 5.0 2.5 2 1 2 2 2
1971.4 -6159.0 41.0 258 0 12.7 8.7 2.5 2.5 2 0 1 1 1
1952.7 -6152.6 42.4 81 0 10.7 22.6 4.0 2.5 2 1 1 0 0
-1331.5 -9823.2 41.0 8 0 4.5 17.3 2.5 2.5 2 1 1 0 0
-1391.3 -9812.8 46.9 225 0 5.8 23.2 7.5 2.5 2 1 3 0 0
-1357.4 -9837.3 44.8 102 0 11.8 5.5 7.5 2.5 2 0 3 5 5
5253.7 -4121.7 -35.7 129 0 5.3 14.6 5.0 2.5 2 1 2 5 5
5229.0 -4102.7 -32.7 214 0 18.0 14.7 12.5 2.5 2 0 5 3 3
5212.9 -3570.8 -20.6 99 0 3.7 8.1 5.0 2.5 2 1 2 4 4
5300.3 -3412.1 -33.0 285 0 5.7 9.9 5.0 0.0 0 1 2 0 0
5278.0 -3447.9 -29.2 202 0 16.2 5.6 5.0 2.5 2 0 2 4 4
5288.0 -3479.3 -25.9 21 0 9.7 18.5 5.0 2.5 2 1 2 0 0
5360.8 -3550.7 -25.9 348 0 25.6 7.0 7.5 2.5 4 0 3 3 3
4595.8 -5652.2 -5.4 42 0 4.5 4.0 7.5 2.5 2 0 3 2 2
4582.0 -5623.7 -6.2 223 0 5.3 16.7 7.5 2.5 2 1 3 4 4
6440.2 -3963.9 3.3 65 0 27.5 8.2 7.5 2.5 2 0 3 2 2
6263.5 -4276.5 -0.3 264 0 7.8 11.2 7.5 2.5 4 1 3 3 3
6228.8 -3805.6 -8.5 245 0 8.8 13.5 2.5 2.5 2 1 1 4 4
6289.0 -3786.6 -17.7 31 0 14.7 9.9 7.5 2.5 2 0 3 2 2
6009.7 -2896.0 -27.1 336 0 11.6 31.6 10.0 0.0 0 1 4 3 3
5993.4 -2949.0 -24.5 80 0 5.7 7.2 7.0 0.0 0 1 2 1 1
6173.1 -3172.6 -17.6 348 0 11.3 11.6 5.0 2.5 2 1 2 4 4
5708.4 -3425.0 -55.3 119 0 4.7 7.6 7.5 2.5 2 1 3 2 2
5014.4 -4419.0 -32.3 175 0 7.4 10.2 2.5 2.5 2 1 1 3 3
5741.8 -7383.9 21.5 47 0 8.0 25.6 5.0 2.5 2 1 2 1 1
6264.7 -4393.4 -0.2 133 0 10.6 10.7 5.0 2.5 2 1 2 4 4
6294.6 -2101.6 -63.6 79 0 12.0 12.0 10.0 2.5 2 0 4 1 1
1152.1 -9829.1 -27.8 159 0 8.8 15.7 5.0 2.5 2 1 2 0 0
5264.2 -4671.8 -41.5 166 0 6.6 27.0 7.5 2.5 2 1 3 4 4
5360.1 -4665.7 -48.9 354 0 7.9 7.8 5.0 2.5 2 0 2 3 3
5353.9 -4644.4 -45.6 337 0 7.7 33.2 7.5 2.5 2 1 3 3 3
6840.7 -10145.7 -18.0 51 0 16.2 5.4 5.0 2.5 2 0 2 4 4
6364.4 -3945.3 7.6 188 0 4.9 8.7 2.5 2.5 2 0 1 0 0
5060.1 -5457.2 -20.4 160 0 18.3 8.4 2.5 2.5 2 0 1 4 4
6037.8 -4176.4 -47.3 136 0 8.0 12.8 5.0 2.5 2 1 2 2 2
5831.1 -3649.4 -49.6 122 0 4.4 5.8 2.5 2.5 4 1 1 3 3
