790.4 2929.7 -77.3 271 0 16.0 65.1 7.5 2.5 2 1 3 0 0
802.1 2928.6 -71.3 185 0 20.0 33.0 12.5 0.0 0 1 5 2 2
849.7 2930.0 -77.3 263 0 21.3 63.8 7.5 2.5 2 1 3 4 4
779.6 2996.8 -60.4 85 0 31.4 17.8 12.5 2.5 2 0 5 0 0
-2652.1 -568.0 -77.5 289 0 19.6 44.6 10.0 2.5 2 1 4 2 2
5566.1 220.7 -23.7 340 0 20.4 16.3 10.0 2.5 2 0 4 5 5
6432.8 137.7 -17.2 158 0 24.5 14.3 10.0 2.5 2 0 4 2 2
6449.2 187.3 -22.1 166 0 9.1 10.4 7.5 2.5 2 1 3 4 4
2363.2 -1723.1 -30.5 169 0 21.8 16.2 12.5 2.5 2 0 5 0 0
2540.2 -1162.1 -36.6 119 0 18.8 14.3 15.0 0.0 0 0 6 2 2
4302.9 -10171.2 12.1 247 0 8.0 9.8 5.0 2.5 2 1 2 3 3
-2804.5 5670.4 -80.5 300 0 28.0 43.5 12.5 0.0 0 1 5 3 3
-3013.7 4424.7 -16.4 149 0 13.1 19.1 10.0 2.5 2 1 4 3 3
965.0 4257.3 -70.4 244 0 24.2 12.1 10.0 2.5 2 0 4 5 5
4711.1 5450.8 42.6 61 0 21.2 19.1 10.0 2.5 2 0 4 0 0
5568.7 427.3 -3.7 268 0 20.0 22.8 12.5 2.5 2 1 5 3 3
4293.2 -10252.3 13.0 240 0 8.7 7.9 5.0 0.0 0 0 2 1 1
-5859.5 -10443.7 -1.4 77 0 14.1 12.1 5.0 2.5 2 0 2 4 4
215.1 -1071.5 -6.8 65 0 16.2 10.0 7.5 2.5 2 0 3 1 1
-199.8 2871.4 -80.0 233 0 16.7 17.6 12.5 2.5 2 1 5 1 1
-317.8 2715.2 -65.7 132 0 9.6 13.4 7.5 0.0 0 1 3 5 5
-268.2 2730.5 -67.7 291 0 10.0 12.8 5.0 2.5 2 1 2 3 3
-308.5 2630.2 -68.1 14 0 5.8 11.9 5.0 2.5 2 1 2 4 4
5954.9 2437.6 -22.6 154 0 10.4 14.6 7.5 2.5 2 1 3 2 2
-3900.7 4760.1 -55.9 158 0 5.5 14.2 5.0 2.5 2 1 2 5 5
-3831.7 4789.4 -38.3 332 0 8.2 24.7 7.5 2.5 2 1 3 1 1
-3837.8 4855.8 -45.8 54 0 9.2 8.6 7.5 2.5 2 0 3 2 2
-3861.7 4881.3 -52.7 224 0 10.5 12.6 5.0 0.0 0 1 2 5 5
-3843.7 4817.2 -35.5 332 0 9.1 31.2 7.5 2.5 2 1 3 5 5
-3891.0 4850.6 -46.2 176 0 4.6 6.4 7.5 2.5 2 1 3 5 5
6514.3 468.7 -24.3 52 0 16.0 26.3 7.5 2.5 2 1 3 2 2
6555.1 533.2 -14.6 82 0 8.0 7.9 5.0 2.5 2 0 2 0 0
6794.2 234.9 -16.5 178 0 32.1 76.7 12.5 0.0 0 1 5 4 4
4202.8 4806.2 -36.4 63 0 15.2 6.3 5.0 2.5 2 0 2 4 4
4191.2 4828.7 -37.9 221 0 8.6 7.1 5.0 2.5 4 0 2 1 1
-2578.6 5053.8 -31.9 107 0 10.8 13.2 10.0 2.5 2 1 4 0 0
-2542.3 5131.5 -27.1 10 0 10.2 9.5 7.5 2.5 2 0 3 0 0
-2563.2 5152.1 -30.4 14 0 9.7 14.4 7.5 2.5 2 1 3 0 0
-2571.5 5175.3 -30.3 197 0 10.0 14.4 7.5 2.5 2 1 3 4 4
-2587.5 5033.1 -34.4 328 0 13.6 22.8 12.5 2.5 4 1 5 4 4
-2648.6 4977.6 -40.3 310 0 12.5 9.5 7.5 2.5 2 0 3 3 3
-2632.5 4963.1 -37.0 312 0 11.0 12.9 7.5 2.5 2 1 3 4 4
-2653.4 4953.4 -38.0 222 0 8.9 12.0 7.5 2.5 2 1 3 4 4
-2670.7 4950.3 -39.5 316 0 10.9 8.0 5.0 0.0 0 0 2 0 0
-2688.0 4931.2 -39.0 131 0 10.5 8.1 5.0 2.5 2 0 2 2 2
-2698.6 4970.1 -42.8 311 0 10.9 10.7 5.0 0.0 0 0 2 1 1
-2708.9 4950.0 -41.7 45 0 9.2 10.9 5.0 2.5 2 1 2 5 5
-2693.7 5030.1 -47.8 217 0 11.0 10.6 5.0 0.0 0 0 2 5 5
-2705.0 4819.1 -32.0 305 0 10.1 9.5 5.0 2.5 2 0 2 5 5
-2780.6 4808.9 -31.5 221 0 8.2 15.4 5.0 2.5 2 1 2 2 2
-2716.6 4798.4 -32.5 45 0 11.4 9.8 2.5 2.5 2 0 1 1 1
-2737.9 4779.9 -32.2 51 0 9.2 11.5 5.0 2.5 2 1 2 3 3
-3008.8 4566.5 -24.3 52 0 8.0 7.5 2.5 0.0 0 0 1 5 5
-2981.0 4579.0 -21.7 232 0 13.7 10.6 5.0 2.5 2 0 2 4 4
-2980.7 4608.1 -23.9 29 0 7.2 12.3 5.0 2.5 2 1 2 1 1
-3043.3 4590.9 -28.4 105 0 11.3 11.6 5.0 2.5 2 1 2 1 1
-3024.8 4603.7 -27.2 109 0 10.1 11.5 7.5 2.5 2 1 3 1 1
5522.9 4641.8 59.7 144 0 13.7 14.8 2.5 2.5 4 1 1 1 1
5538.3 4715.6 55.7 221 0 9.6 12.7 2.5 2.5 2 1 1 4 4
5610.6 4682.8 52.8 328 0 11.7 34.6 2.5 2.5 2 1 1 2 2
5590.0 4642.8 55.7 56 0 9.7 29.1 2.5 2.5 2 1 1 1 1
5253.2 5239.7 63.6 313 0 34.3 12.4 2.5 2.5 4 0 1 0 0
5358.9 5085.5 70.9 173 0 3.1 47.2 2.5 2.5 2 1 1 1 1
5361.7 5053.3 71.6 177 0 7.5 13.7 2.5 2.5 2 1 1 5 5
5360.4 5066.6 71.9 171 0 7.3 14.8 2.5 2.5 2 1 1 4 4
5373.6 5114.6 72.1 256 0 20.0 20.4 2.5 2.5 2 1 1 0 0
5392.6 5120.3 71.9 254 0 11.3 11.4 2.5 2.5 2 1 1 4 4
5410.5 5125.9 70.9 252 0 11.9 16.8 2.5 2.5 2 1 1 3 3
5428.2 5131.6 68.5 261 0 11.9 54.1 2.5 0.0 0 1 1 5 5
5349.6 5187.7 72.5 315 0 12.9 12.0 2.5 2.5 2 0 1 4 4
5350.3 5137.7 75.1 52 0 12.8 8.8 2.5 0.0 0 0 1 0 0
5321.9 5149.2 72.8 134 0 27.0 7.7 2.5 2.5 2 0 1 2 2
5324.5 5160.1 72.6 135 0 18.1 25.2 2.5 2.5 2 0 1 5 5
5290.0 5142.5 71.8 315 0 19.0 21.9 2.5 0.0 0 1 1 0 0
5320.1 5000.0 74.9 15 0 13.3 24.3 2.5 2.5 4 1 1 2 2
5279.2 5046.6 74.9 222 0 48.0 11.5 2.5 2.5 2 0 1 0 0
5271.2 4905.5 69.8 292 0 18.8 12.1 2.5 2.5 2 0 1 1 1
5246.4 4620.9 61.3 327 0 7.6 9.1 2.5 2.5 2 1 1 5 5
5277.5 4562.6 66.1 79 0 6.4 6.9 2.5 2.5 2 1 1 4 4
5221.5 4576.4 61.9 162 0 13.0 10.8 2.5 0.0 0 0 1 3 3
5222.8 4635.5 59.1 279 0 12.3 9.6 2.5 2.5 2 0 1 2 2
5331.4 4551.8 70.2 346 0 6.5 6.1 2.5 2.5 2 0 1 2 2
5299.4 4629.6 63.5 84 0 9.9 11.3 2.5 2.5 2 1 1 1 1
5323.7 4587.3 67.4 341 0 10.6 11.5 2.5 2.5 2 1 1 5 5
5329.7 4568.5 68.7 343 0 12.4 11.3 2.5 2.5 2 0 1 5 5
5305.1 4467.7 68.0 185 0 12.8 8.7 2.5 2.5 4 0 1 1 1
5304.4 4489.7 69.2 212 0 11.4 10.5 2.5 2.5 2 0 1 0 0
5348.0 4472.2 69.0 7 0 7.8 12.6 2.5 2.5 2 1 1 2 2
5354.9 4457.1 68.4 13 0 6.0 13.3 2.5 2.5 2 1 1 4 4
5276.5 4422.2 59.8 295 0 11.8 10.6 2.5 2.5 2 0 1 0 0
5338.7 4420.3 65.7 23 0 11.0 8.8 2.5 2.5 2 0 1 1 1
5331.0 4406.7 64.9 109 0 15.2 7.4 2.5 2.5 2 0 1 2 2
5509.7 4512.6 60.5 351 0 11.2 11.0 2.5 0.0 0 0 1 3 3
5500.4 4537.0 61.1 246 0 15.4 12.0 2.5 2.5 2 0 1 3 3
5459.7 4492.7 63.9 74 0 10.7 9.1 2.5 2.5 2 0 1 2 2
5419.8 4518.4 67.6 152 0 9.6 11.9 2.5 2.5 2 1 1 4 4
5343.0 4494.0 70.1 0 0 10.1 13.9 2.5 0.0 0 1 1 5 5
5452.8 4381.1 59.7 111 0 12.0 9.6 2.5 2.5 2 0 1 2 2
5415.4 4423.2 65.9 14 0 21.0 10.7 2.5 2.5 2 0 1 5 5
5432.1 4452.1 63.1 185 0 11.7 10.0 2.5 2.5 2 0 1 4 4
5477.8 4486.6 61.5 159 0 11.3 8.2 2.5 2.5 2 0 1 1 1
5516.8 4264.4 51.1 27 0 6.1 14.0 2.5 2.5 4 1 1 4 4
5499.4 4268.3 52.8 24 0 16.2 8.5 2.5 2.5 2 0 1 4 4
5549.6 4324.8 46.5 185 0 7.3 9.7 2.5 0.0 0 1 1 2 2
5499.9 4345.4 51.8 201 0 34.2 15.7 2.5 2.5 2 0 1 2 2
5512.9 4292.7 51.6 20 0 15.3 13.1 2.5 2.5 2 0 1 3 3
5368.2 4211.1 41.2 40 0 39.6 13.0 2.5 2.5 2 0 1 1 1
5415.7 4224.2 50.2 110 0 14.6 8.1 2.5 2.5 2 0 1 0 0
5411.8 4211.4 47.4 293 0 14.0 28.2 2.5 2.5 2 1 1 2 2
-2480.1 5183.9 -17.7 146 0 5.8 13.4 2.5 0.0 0 1 1 1 1
-2503.9 5213.0 -23.4 147 0 14.3 16.9 10.0 2.5 2 1 4 1 1
-2486.2 5231.0 -22.7 239 0 7.9 14.7 5.0 2.5 2 1 2 5 5
-2472.5 5247.4 -23.2 237 0 9.8 10.6 2.5 2.5 2 1 1 5 5
-2461.7 5298.5 -30.9 50 0 11.5 15.4 10.0 2.5 2 1 4 5 5
-2523.3 5320.9 -37.5 222 0 7.2 8.5 7.5 2.5 2 1 3 3 3
-2502.2 5334.8 -36.9 229 0 8.1 8.6 7.5 2.5 2 1 3 2 2
-2495.6 5273.8 -30.4 52 0 8.7 9.6 5.0 2.5 2 1 2 2 2
-2804.5 4787.3 -31.0 218 0 14.5 15.3 5.0 2.5 2 1 2 1 1
-2885.0 4858.0 -36.2 134 0 9.4 8.1 7.5 2.5 2 0 3 5 5
-2900.8 4876.5 -38.4 144 0 11.4 19.0 7.5 2.5 2 1 3 5 5
-2798.3 4937.5 -41.7 54 0 14.6 15.5 5.0 2.5 2 1 2 2 2
-2861.5 4767.8 -29.3 46 0 10.6 12.4 5.0 2.5 4 1 2 3 3
-2882.2 4797.1 -30.6 329 0 9.3 14.0 7.5 2.5 2 1 3 3 3
-2903.2 4843.1 -34.8 326 0 9.6 13.9 7.5 2.5 2 1 3 3 3
-2876.7 4719.6 -29.1 233 0 13.6 9.7 5.0 2.5 2 0 2 2 2
-2800.7 4705.3 -30.7 65 0 7.6 12.1 5.0 0.0 0 1 2 2 2
-2856.5 4711.7 -29.4 270 0 6.9 9.1 7.5 0.0 0 1 3 3 3
-2801.4 4659.6 -30.9 142 0 11.7 10.0 2.5 2.5 2 0 1 4 4
-2790.0 4691.1 -31.1 230 0 9.0 12.5 5.0 2.5 2 1 2 0 0
-2886.7 4642.9 -27.2 58 0 13.7 18.0 5.0 2.5 2 1 2 1 1
-2972.8 4665.1 -24.9 110 0 7.8 13.6 5.0 2.5 2 1 2 5 5
-2953.3 4687.6 -25.2 28 0 12.3 8.9 5.0 2.5 2 0 2 4 4
-2937.8 4682.8 -25.8 29 0 10.0 11.1 5.0 2.5 2 1 2 0 0
-2982.3 4728.8 -28.1 199 0 11.6 10.3 7.5 2.5 4 0 3 2 2
-2989.4 4710.8 -28.0 202 0 10.8 7.5 5.0 2.5 2 0 2 1 1
-2938.5 4749.8 -27.5 296 0 8.4 12.6 2.5 2.5 2 1 1 4 4
-2960.4 4756.2 -28.2 210 0 12.6 7.5 5.0 2.5 2 0 2 1 1
-2919.9 4791.6 -31.0 146 0 10.9 10.3 7.5 2.5 2 0 3 2 2
-2932.0 4838.5 -34.6 237 0 12.1 9.8 7.5 2.5 2 0 3 5 5
-2950.7 4824.0 -33.7 231 0 9.3 11.3 7.5 2.5 2 1 3 5 5
-2919.6 4632.7 -24.7 55 0 9.4 18.9 5.0 2.5 2 1 2 0 0
-2903.4 4637.9 -26.1 76 0 10.6 11.2 7.5 2.5 2 1 3 5 5
-3002.4 4639.3 -26.4 291 0 8.0 8.9 5.0 2.5 2 1 2 0 0
-3029.1 4651.2 -29.6 290 0 11.3 8.2 7.5 2.5 2 0 3 0 0
-3028.4 4638.2 -28.8 291 0 7.9 7.3 5.0 2.5 2 0 2 4 4
-3064.6 4600.3 -30.5 123 0 9.6 16.6 7.5 2.5 2 1 3 5 5
-3058.4 4649.5 -31.9 234 0 12.5 19.7 5.0 2.5 2 1 2 0 0
-3078.5 4624.7 -32.7 132 0 6.9 7.7 5.0 2.5 2 1 2 4 4
-3081.8 4665.9 -34.5 202 0 11.7 9.2 7.5 2.5 2 0 3 4 4
-3093.6 4617.0 -34.1 143 0 13.5 11.6 7.5 2.5 2 0 3 3 3
-3076.0 4692.1 -35.2 194 0 12.1 12.3 5.0 2.5 2 1 2 4 4
-3068.0 4717.6 -35.7 192 0 9.3 12.0 7.5 0.0 0 1 3 1 1
-3027.5 4713.3 -32.1 298 0 10.6 7.5 7.5 2.5 2 0 3 0 0
-3016.5 4726.9 -31.2 205 0 10.6 13.0 7.5 2.5 2 1 3 4 4
-3011.0 4746.3 -31.6 209 0 11.1 9.4 7.5 2.5 2 0 3 2 2
-3044.1 4772.9 -36.2 219 0 12.3 9.3 5.0 2.5 2 0 2 4 4
-3019.1 4763.9 -34.3 28 0 8.7 9.4 7.5 2.5 2 1 3 4 4
-2983.9 4769.6 -31.1 23 0 10.7 7.8 5.0 2.5 2 0 2 3 3
-3016.2 4788.8 -34.7 292 0 9.6 14.5 7.5 2.5 2 1 3 5 5
-2989.1 4553.3 -21.6 287 0 10.7 14.5 7.5 2.5 2 1 3 1 1
-2957.5 4537.9 -18.3 300 0 14.7 6.6 2.5 2.5 4 0 1 2 2
-2921.9 4562.2 -21.6 34 0 12.7 11.0 5.0 2.5 4 0 2 3 3
-2946.2 4606.5 -22.1 252 0 12.3 13.2 5.0 2.5 2 1 2 1 1
-2875.0 4650.6 -28.4 57 0 12.7 18.5 12.5 2.5 2 1 5 4 4
-2829.2 4635.2 -30.2 269 0 23.5 11.8 5.0 2.5 2 0 2 5 5
-2832.8 4652.7 -30.0 74 0 9.8 7.1 5.0 2.5 2 0 2 2 2
-2817.4 4659.7 -30.3 338 0 8.5 11.5 7.5 2.5 2 0 3 1 1
-2762.8 4678.6 -31.6 46 0 8.2 8.8 5.0 2.5 2 1 2 3 3
-2763.6 4705.7 -31.6 314 0 10.8 10.0 5.0 2.5 2 0 2 4 4
-3100.8 4719.8 -40.0 29 0 10.0 10.9 7.5 2.5 2 1 3 4 4
-3124.8 4811.1 -45.7 239 0 14.4 13.1 7.5 2.5 2 0 3 0 0
-3086.3 4782.8 -41.8 360 0 10.2 11.1 5.0 2.5 2 1 2 3 3
-3111.8 4779.4 -43.1 172 0 9.3 9.7 7.5 2.5 2 1 3 2 2
-3086.2 4751.8 -40.1 8 0 10.0 9.2 5.0 2.5 2 0 2 4 4
-3074.5 4734.9 -38.2 17 0 8.3 11.2 7.5 2.5 2 1 3 0 0
-3117.6 4761.3 -42.8 183 0 17.4 16.5 15.0 0.0 0 0 6 5 5
-3138.6 4686.7 -41.2 144 0 9.7 8.6 7.5 2.5 2 0 3 1 1
-3098.3 4691.6 -38.7 357 0 13.0 13.3 7.5 2.5 2 1 3 4 4
-3210.2 4773.2 -51.4 140 0 19.8 13.2 10.0 0.0 0 0 4 5 5
-3135.8 4828.2 -47.9 38 0 13.6 9.0 7.5 2.5 2 0 3 1 1
-3220.6 4835.7 -54.3 205 1 10.8 10.8 10.0 2.5 2 0 4 4 4
-2637.1 5361.0 -52.6 26 0 7.9 10.3 7.5 2.5 2 1 3 1 1
-2664.3 5116.6 -45.0 329 0 11.7 13.1 7.5 2.5 2 1 3 3 3
-2694.9 5129.1 -47.5 148 1 12.0 13.1 10.0 2.5 2 1 4 1 1
-2640.9 5300.2 -47.7 204 0 9.1 10.3 7.5 2.5 2 1 3 1 1
-2739.3 5183.0 -55.0 205 0 9.7 14.8 7.5 2.5 2 1 3 4 4
-2726.4 5201.6 -53.9 210 0 9.4 15.2 5.0 2.5 2 1 2 4 4
-2635.7 5275.0 -45.5 27 0 7.2 9.9 7.5 2.5 2 1 3 5 5
-2494.9 5298.9 -33.0 53 0 11.6 7.4 5.0 0.0 0 0 2 1 1
-2366.8 5457.7 -37.9 324 0 10.8 12.1 7.5 2.5 2 1 3 5 5
-2398.8 5479.9 -41.4 150 0 10.5 9.8 7.5 2.5 2 0 3 5 5
-2295.1 5542.7 -38.0 161 0 13.4 9.7 5.0 2.5 2 0 2 3 3
-2302.1 5565.9 -39.9 159 0 9.1 11.5 5.0 2.5 2 1 2 2 2
-2279.6 5571.6 -38.5 253 0 9.5 15.5 7.5 2.5 2 1 3 0 0
-2246.1 5564.4 -36.6 67 0 8.7 12.9 7.5 2.5 2 1 3 1 1
-2219.7 5593.3 -36.3 332 0 14.7 9.8 7.5 2.5 2 0 3 3 3
-2157.2 5573.2 -30.6 339 0 17.0 9.3 7.5 2.5 2 0 3 1 1
-2269.2 5657.0 -44.1 326 0 11.4 13.2 7.5 2.5 4 1 3 0 0
-2302.5 5598.4 -42.6 56 0 11.7 8.0 5.0 2.5 4 0 2 2 2
-2506.8 5603.5 -57.7 141 0 11.4 10.5 5.0 2.5 2 0 2 2 2
-2351.8 5761.8 -54.2 232 0 10.7 7.1 5.0 2.5 2 0 2 1 1
-2688.9 5326.4 -54.1 211 0 7.8 11.1 7.5 2.5 2 1 3 0 0
-2663.7 5308.9 -52.3 34 0 7.2 10.1 5.0 0.0 0 1 2 5 5
-2657.4 5320.9 -52.3 22 0 6.7 10.7 5.0 0.0 0 1 2 1 1
-2653.8 5334.6 -52.5 23 0 8.1 8.8 5.0 2.5 2 1 2 4 4
-2670.3 5364.6 -54.5 202 0 7.0 10.6 7.5 2.5 2 1 3 2 2
-2635.9 5382.9 -53.4 34 0 7.4 8.7 5.0 2.5 2 1 2 3 3
-2710.0 5328.5 -56.3 120 0 9.2 8.5 5.0 0.0 0 0 2 3 3
-2686.5 5359.8 -56.5 23 0 9.1 10.0 5.0 2.5 2 1 2 3 3
-2723.0 5347.6 -58.5 116 0 11.4 7.4 7.5 2.5 2 0 3 0 0
-2710.1 5358.4 -58.4 29 0 6.5 11.5 7.5 2.5 2 1 3 0 0
-2705.8 5368.6 -58.5 28 0 7.3 10.5 7.5 2.5 2 1 3 5 5
-2701.2 5377.7 -58.6 14 0 6.6 9.5 7.5 2.5 4 1 3 2 2
-2694.9 5391.0 -58.8 27 0 9.9 11.1 7.5 2.5 2 1 3 0 0
-2683.2 5371.3 -57.0 31 0 6.2 12.3 5.0 2.5 2 1 2 5 5
-2671.4 5389.6 -56.5 26 0 8.7 7.3 5.0 2.5 2 0 2 4 4
-2663.9 5400.2 -57.0 33 0 9.2 10.8 5.0 0.0 0 1 2 5 5
-2685.1 5408.3 -59.1 24 0 6.7 9.8 7.5 2.5 2 1 3 2 2
-2669.0 5426.3 -59.4 35 0 9.4 10.5 7.5 2.5 2 1 3 5 5
-2658.4 5436.7 -59.0 23 0 12.4 6.7 7.5 2.5 2 0 3 2 2
-2649.4 5459.6 -58.9 299 0 6.0 13.2 5.0 2.5 2 1 2 4 4
-2753.3 5356.8 -61.5 118 0 5.6 11.2 5.0 2.5 2 1 2 4 4
-2740.3 5377.2 -60.9 207 0 6.4 10.6 7.5 2.5 2 1 3 4 4
-2721.7 5418.9 -61.7 219 0 10.3 11.7 7.5 2.5 2 1 3 1 1
-2710.7 5432.8 -62.1 201 0 10.4 10.9 5.0 2.5 2 1 2 3 3
-2700.2 5483.9 -64.2 208 0 9.0 9.4 5.0 2.5 2 1 2 5 5
-2720.0 5454.6 -64.4 205 0 10.5 8.6 7.5 2.5 2 0 3 3 3
-2737.2 5430.2 -63.8 208 0 8.8 10.4 7.5 2.5 2 1 3 2 2
-2746.6 5410.1 -62.9 197 0 10.9 9.4 5.0 2.5 2 0 2 4 4
-2758.4 5383.6 -62.9 208 0 10.4 9.9 7.5 2.5 2 0 3 5 5
-2750.5 5397.2 -62.6 201 0 7.7 8.7 5.0 2.5 2 1 2 0 0
-2769.9 5388.3 -64.3 30 0 8.1 7.5 5.0 2.5 2 0 2 4 4
-2792.0 5390.5 -65.4 106 0 7.0 9.8 5.0 2.5 2 1 2 2 2
-2782.1 5424.5 -65.9 200 0 7.7 9.0 7.5 2.5 2 1 3 3 3
-2756.9 5416.3 -64.3 25 0 8.0 6.8 5.0 2.5 4 0 2 1 1
-2752.1 5426.6 -65.0 23 0 7.9 7.3 5.0 2.5 2 0 2 4 4
-2750.0 5437.6 -65.7 20 0 6.6 6.4 5.0 0.0 0 0 2 3 3
-2775.3 5444.9 -67.3 199 0 9.0 9.8 7.5 2.5 2 1 3 2 2
-2763.2 5462.1 -67.9 203 0 6.9 8.5 5.0 2.5 4 1 2 2 2
-2740.4 5453.3 -66.7 16 0 7.7 9.5 7.5 2.5 2 1 3 3 3
-2757.3 5470.2 -68.2 204 0 5.0 7.5 5.0 2.5 2 1 2 3 3
-2754.1 5479.5 -68.8 199 0 5.5 9.4 7.5 2.5 2 1 3 4 4
-2741.2 5497.7 -69.0 295 0 9.5 7.8 7.5 2.5 2 0 3 0 0
-2781.0 5363.2 -64.9 17 0 8.8 8.5 5.0 2.5 2 0 2 4 4
-2833.3 5386.0 -68.3 292 0 9.3 7.8 5.0 2.5 2 0 2 1 1
-2850.9 5385.7 -69.5 294 0 9.8 8.3 5.0 2.5 2 0 2 3 3
-2863.0 5391.5 -70.3 296 0 6.6 11.1 5.0 0.0 0 1 2 1 1
-2826.8 5350.2 -67.6 272 0 10.5 10.4 5.0 2.5 4 0 2 1 1
-2834.3 5302.9 -66.9 113 0 8.6 8.6 5.0 2.5 2 1 2 0 0
-2762.8 5329.5 -61.4 287 0 10.4 6.7 5.0 2.5 2 0 2 4 4
-2730.1 5325.3 -58.3 293 0 13.0 7.7 5.0 2.5 2 0 2 5 5
-2713.3 5318.3 -56.3 293 0 11.9 8.7 5.0 2.5 2 0 2 2 2
-2844.2 5399.2 -69.0 113 0 9.8 5.7 5.0 2.5 2 0 2 1 1
-2841.9 5412.6 -68.7 203 0 9.3 10.8 5.0 2.5 2 1 2 1 1
-2820.2 5391.8 -67.3 103 0 6.1 4.8 5.0 2.5 2 0 2 1 1
-2812.8 5402.0 -67.2 21 0 5.4 7.9 5.0 2.5 2 1 2 1 1
-2809.0 5410.8 -67.3 21 0 7.5 10.1 5.0 2.5 2 1 2 2 2
-2832.2 5435.2 -69.7 200 0 15.2 11.3 5.0 2.5 2 0 2 4 4
-2804.5 5420.5 -67.4 19 0 7.1 8.1 7.5 2.5 2 1 3 5 5
-2799.2 5432.2 -68.5 20 0 6.5 13.0 5.0 2.5 2 1 2 0 0
-2818.3 5458.2 -70.6 200 0 7.3 9.7 7.5 2.5 2 1 3 5 5
-2789.2 5453.2 -69.4 25 0 11.3 8.0 7.5 2.5 2 0 3 1 1
-2805.0 5484.2 -71.6 202 0 5.7 9.6 5.0 2.5 2 1 2 3 3
-2802.0 5494.5 -71.9 204 0 9.5 12.5 7.5 2.5 2 1 3 2 2
-2790.0 5504.9 -72.1 295 0 9.9 7.1 5.0 2.5 2 0 2 5 5
-2773.0 5492.8 -71.0 20 0 6.6 9.5 5.0 2.5 2 1 2 0 0
-2869.5 5405.4 -70.7 114 0 12.6 8.2 5.0 2.5 2 0 2 3 3
-2859.5 5415.0 -70.6 21 0 4.3 9.0 5.0 2.5 2 1 2 5 5
-2856.6 5424.7 -70.7 25 0 7.2 8.0 5.0 2.5 2 1 2 3 3
-2884.3 5438.8 -72.7 207 0 11.7 10.4 5.0 2.5 2 0 2 3 3
-2844.0 5445.7 -71.9 19 0 8.8 11.7 5.0 2.5 2 1 2 1 1
-2870.9 5471.1 -74.4 203 0 4.9 9.5 7.5 2.5 2 1 3 4 4
-2830.3 5474.6 -73.2 26 0 17.3 9.7 5.0 2.5 2 0 2 1 1
-2824.1 5488.1 -73.3 22 0 7.0 9.4 5.0 2.5 4 1 2 5 5
-2818.5 5498.0 -73.6 22 0 9.4 10.9 5.0 2.5 2 1 2 3 3
-2855.1 5498.6 -74.8 202 0 7.9 12.4 5.0 2.5 2 1 2 0 0
-2842.5 5527.2 -75.7 296 0 9.3 9.2 5.0 2.5 2 0 2 1 1
-2802.0 5524.1 -74.0 116 0 12.8 10.7 7.5 2.5 2 0 3 0 0
-2787.7 5517.9 -73.1 111 0 12.8 12.8 7.5 2.5 2 1 3 1 1
-2766.3 5518.2 -71.8 109 0 7.9 7.9 5.0 2.5 2 1 2 4 4
-2753.5 5514.2 -71.0 110 0 9.6 11.0 7.5 2.5 2 1 3 4 4
-2735.3 5512.6 -69.4 103 0 9.9 8.2 5.0 2.5 4 0 2 1 1
-2717.8 5507.8 -67.7 105 0 11.0 8.8 7.5 2.5 2 0 3 1 1
-2718.1 5522.5 -68.4 107 0 10.2 12.1 5.0 2.5 2 1 2 5 5
-2676.6 5513.8 -64.2 112 0 5.3 6.0 5.0 2.5 4 1 2 4 4
-2658.5 5505.7 -62.5 111 0 10.7 5.7 7.5 2.5 2 0 3 0 0
-2655.4 5512.9 -62.8 110 0 9.9 5.6 7.5 2.5 2 0 3 4 4
-2633.0 5499.2 -60.4 108 0 10.1 9.0 7.5 0.0 0 0 3 1 1
-2614.4 5497.7 -58.9 26 0 10.7 7.8 7.5 0.0 0 0 3 0 0
-2610.1 5422.7 -53.8 149 0 10.4 7.6 7.5 2.5 4 0 3 1 1
-2602.3 5428.6 -53.4 151 0 9.3 7.9 7.5 2.5 2 0 3 2 2
-2579.0 5441.1 -52.1 298 0 10.1 7.4 5.0 2.5 2 0 2 1 1
-2654.4 5533.3 -63.8 283 0 8.3 9.7 5.0 0.0 0 1 2 4 4
-2670.7 5541.6 -65.6 284 0 9.0 9.3 7.5 0.0 0 1 3 3 3
-2730.9 5553.1 -71.2 108 0 9.6 10.1 7.5 0.0 0 1 3 4 4
-2684.2 5584.5 -70.5 20 0 20.4 15.6 10.0 2.5 2 0 4 4 4
-2680.1 5623.5 -71.1 289 0 15.1 22.6 12.5 2.5 2 1 5 5 5
-2723.2 5606.9 -73.2 291 0 11.2 16.3 7.5 2.5 4 1 3 0 0
-2718.6 5637.7 -74.5 293 0 16.1 19.9 7.5 2.5 2 1 3 5 5
-2769.0 5581.0 -75.0 115 0 9.5 9.9 5.0 2.5 2 1 2 5 5
-2796.1 5598.3 -77.1 118 0 11.5 11.9 5.0 2.5 2 1 2 5 5
-2804.5 5584.5 -76.8 118 0 11.5 10.5 5.0 2.5 2 0 2 2 2
-2830.4 5598.8 -78.5 116 0 8.8 7.8 5.0 2.5 2 0 2 0 0
-2838.8 5624.9 -79.8 206 0 14.2 9.8 5.0 2.5 2 0 2 1 1
-2779.9 5663.3 -79.0 296 0 14.2 14.0 7.5 2.5 2 0 3 3 3
-2866.4 5557.9 -78.6 120 0 12.6 7.8 7.5 2.5 2 0 3 4 4
-2848.0 5546.9 -77.1 115 0 7.9 6.3 5.0 2.5 2 0 2 3 3
-2911.7 5409.7 -73.8 302 0 13.1 14.1 7.5 2.5 2 1 3 3 3
-2738.4 5222.1 -57.1 27 0 8.5 11.7 5.0 2.5 2 1 2 1 1
-2732.8 5242.3 -56.8 21 0 7.4 11.5 7.5 2.5 2 1 3 1 1
-2799.0 5264.9 -62.2 108 0 9.0 9.9 5.0 2.5 4 1 2 3 3
-2760.2 5161.2 -57.6 302 0 7.4 10.0 5.0 2.5 2 1 2 4 4
-2765.5 5169.8 -58.3 313 0 7.4 11.1 7.5 2.5 2 1 3 1 1
-2772.8 5173.3 -58.9 35 0 9.0 7.0 5.0 2.5 2 0 2 4 4
-2644.7 5035.4 -42.4 23 0 11.1 8.9 7.5 2.5 2 0 3 1 1
-2649.5 5022.1 -42.8 20 0 9.4 10.4 7.5 0.0 0 1 3 4 4
-2784.0 5069.8 -52.6 149 0 11.9 14.5 5.0 2.5 2 1 2 5 5
-2735.3 5149.0 -54.9 322 0 13.5 11.9 5.0 0.0 0 0 2 4 4
-2809.9 5039.6 -50.5 63 0 9.6 14.3 7.5 2.5 2 1 3 2 2
-2822.7 5012.0 -47.5 17 1 13.0 10.3 10.0 0.0 0 0 4 1 1
-2865.5 4995.5 -47.5 94 0 17.4 16.6 10.0 2.5 2 0 4 5 5
-2883.2 4979.5 -46.3 98 0 13.4 16.1 7.5 2.5 4 1 3 5 5
-2891.7 4968.7 -45.1 7 0 9.4 16.2 7.5 2.5 2 1 3 2 2
-2918.6 4952.7 -44.6 10 0 15.7 16.3 10.0 2.5 2 1 4 3 3
-2876.2 4914.2 -40.3 315 0 9.4 10.2 7.5 2.5 2 1 3 4 4
-2927.7 4993.1 -47.1 229 0 9.8 8.7 7.5 2.5 2 0 3 4 4
-2889.5 5028.6 -49.4 237 0 14.0 11.8 7.5 2.5 2 0 3 0 0
-2836.6 5101.3 -56.8 23 0 9.0 15.1 7.5 2.5 4 1 3 1 1
-2849.4 5140.0 -61.0 325 0 13.8 12.9 7.5 2.5 2 0 3 3 3
-2855.1 5077.4 -54.4 81 0 8.3 12.4 5.0 2.5 2 1 2 3 3
-2875.0 5073.1 -54.6 69 0 10.5 14.4 5.0 2.5 2 1 2 1 1
-2896.7 5070.5 -54.2 162 0 12.4 10.3 5.0 2.5 4 0 2 0 0
-2900.1 5157.6 -64.8 182 0 14.2 7.2 7.5 2.5 2 0 3 0 0
-2905.4 5104.4 -58.7 178 0 13.1 5.6 7.5 2.5 2 0 3 1 1
-2933.5 5046.8 -53.5 47 0 10.7 8.5 7.5 2.5 2 0 3 4 4
-2944.3 5136.4 -64.4 172 0 13.3 8.3 7.5 0.0 0 0 3 4 4
-2939.5 5099.2 -59.9 168 0 10.4 7.6 7.5 2.5 2 0 3 5 5
-2915.5 5091.0 -57.8 341 0 10.6 11.5 7.5 2.5 2 1 3 3 3
-2934.3 5161.3 -66.0 266 0 7.2 9.3 7.5 2.5 2 1 3 1 1
-2913.4 5154.8 -64.9 0 0 7.7 6.9 7.5 2.5 2 0 3 4 4
-2847.4 5190.9 -65.8 6 0 8.1 10.2 5.0 2.5 2 1 2 0 0
-2873.4 5175.2 -66.4 90 0 9.8 8.3 5.0 2.5 2 0 2 1 1
-2973.5 5096.7 -62.5 137 0 20.4 10.1 7.5 2.5 2 0 3 3 3
-2955.4 5104.6 -61.6 342 0 11.7 6.1 5.0 2.5 2 0 2 4 4
-2848.4 5210.8 -65.7 103 0 10.1 8.2 5.0 2.5 2 0 2 4 4
-2844.2 5246.0 -65.8 275 0 10.2 15.3 5.0 0.0 0 1 2 0 0
-2875.3 5215.6 -68.0 98 0 8.3 8.8 5.0 2.5 2 1 2 4 4
-2905.8 5225.1 -70.7 104 0 7.8 11.3 5.0 2.5 2 1 2 4 4
-2905.7 5014.9 -48.7 222 0 11.9 8.9 7.5 2.5 2 0 3 0 0
-2923.0 4866.8 -37.9 57 0 14.0 12.1 5.0 2.5 4 0 2 0 0
-2937.8 4857.2 -37.3 56 0 11.6 12.8 7.5 2.5 2 1 3 3 3
-2950.2 4847.6 -36.5 58 0 10.6 11.0 7.5 2.5 2 1 3 5 5
-2967.1 4837.9 -35.9 60 0 11.0 11.1 5.0 2.5 2 1 2 1 1
-3009.4 4814.8 -36.1 63 0 11.4 10.7 7.5 2.5 2 0 3 4 4
-3027.0 4831.1 -37.9 151 0 12.8 12.4 7.5 2.5 2 0 3 4 4
-3016.8 4857.0 -37.9 229 0 10.5 8.9 5.0 2.5 2 0 2 0 0
-3003.8 4868.1 -38.1 239 0 9.8 10.3 7.5 2.5 2 1 3 5 5
-2988.8 4872.4 -38.3 238 0 11.1 10.5 7.5 2.5 4 0 3 5 5
-2985.5 4951.0 -44.7 241 0 8.5 8.1 5.0 2.5 2 0 2 3 3
-3010.7 4941.9 -44.4 253 0 10.2 11.1 7.5 2.5 2 1 3 4 4
-3030.5 4936.3 -44.3 238 0 7.7 11.5 7.5 2.5 2 1 3 3 3
-3056.0 4921.4 -44.8 229 0 10.6 9.6 7.5 2.5 2 0 3 2 2
-3067.1 4913.7 -45.4 231 0 7.5 6.5 5.0 2.5 2 0 2 0 0
-3082.1 4900.1 -46.0 224 0 8.7 8.5 5.0 0.0 0 0 2 5 5
-3095.9 4896.6 -47.9 51 0 8.1 10.4 7.5 2.5 2 1 3 4 4
-3083.1 4909.4 -47.4 53 0 10.6 9.1 7.5 2.5 2 0 3 3 3
-3057.7 4931.1 -46.3 56 0 13.7 8.8 7.5 2.5 4 0 3 1 1
-3025.7 4950.1 -46.2 64 0 13.6 10.9 7.5 2.5 2 0 3 3 3
-2994.4 4961.8 -46.6 65 0 12.1 10.8 7.5 2.5 2 0 3 3 3
-3117.6 4944.2 -51.1 236 0 11.1 8.6 7.5 0.0 0 0 3 2 2
-3074.8 4956.2 -50.2 55 1 10.4 10.3 10.0 2.5 2 0 4 4 4
-3068.8 4975.9 -49.9 227 0 11.0 9.2 7.5 2.5 2 0 3 5 5
-3051.9 4991.6 -50.9 242 0 9.7 8.3 7.5 2.5 2 0 3 5 5
-3032.1 4980.0 -49.8 63 0 11.3 9.6 5.0 2.5 2 0 2 4 4
-3019.9 5008.8 -51.5 242 0 7.4 9.2 5.0 2.5 2 1 2 0 0
-2987.9 5003.7 -50.9 56 0 8.3 11.4 7.5 2.5 4 1 3 3 3
-2977.9 5012.2 -51.2 51 0 12.1 8.5 7.5 0.0 0 0 3 1 1
-2957.3 5027.5 -52.3 44 0 13.5 9.6 7.5 2.5 4 0 3 2 2
-2962.3 5043.6 -54.0 324 0 11.9 13.2 7.5 2.5 2 1 3 3 3
-3049.5 5032.0 -56.2 240 0 16.6 15.3 12.5 2.5 2 0 5 1 1
-3107.9 4964.2 -54.4 49 0 8.4 8.9 7.5 2.5 2 1 3 0 0
-3136.9 4965.8 -56.4 228 0 10.0 9.1 7.5 2.5 2 0 3 2 2
-2972.6 5080.3 -59.1 313 0 10.1 13.5 5.0 2.5 2 1 2 4 4
-3193.4 4726.1 -48.1 322 0 14.3 11.9 7.5 2.5 4 0 3 4 4
-3321.9 4732.2 -42.0 132 0 12.6 13.1 5.0 2.5 2 1 2 3 3
-3293.5 4773.7 -55.7 228 0 10.7 12.2 7.5 2.5 2 1 3 2 2
-3263.5 4808.4 -56.8 243 0 8.8 11.9 7.5 2.5 2 1 3 1 1
-3306.0 4798.7 -59.4 263 0 13.3 12.8 5.0 2.5 2 0 2 0 0
-3350.4 4751.4 -45.6 121 0 7.2 17.1 7.5 2.5 2 1 3 5 5
-3325.2 4800.3 -58.9 279 0 8.6 12.2 7.5 2.5 2 1 3 5 5
-3355.2 4798.7 -54.3 293 0 11.3 9.7 7.5 2.5 2 0 3 0 0
-3385.0 4775.2 -50.0 120 0 22.9 19.2 10.0 2.5 2 0 4 4 4
-3435.1 4799.1 -52.7 111 0 10.3 20.5 5.0 2.5 4 1 2 4 4
-3449.2 4804.1 -54.8 108 0 10.8 19.0 7.5 2.5 4 1 3 0 0
-3471.9 4668.8 -21.9 142 0 14.4 28.6 10.0 2.5 2 1 4 4 4
-3378.8 4697.7 -27.2 324 0 11.5 6.6 5.0 2.5 2 0 2 0 0
-3368.2 4685.3 -26.8 321 0 12.8 10.5 7.5 2.5 2 0 3 3 3
-3354.8 4676.4 -26.9 320 0 9.9 15.4 7.5 2.5 2 1 3 5 5
-3321.5 4642.8 -26.1 310 0 9.1 9.0 5.0 0.0 0 0 2 1 1
-3290.4 4624.9 -26.8 297 0 14.0 13.5 7.5 2.5 2 0 3 5 5
-3319.0 4585.7 -23.3 114 0 6.8 17.8 7.5 2.5 2 1 3 2 2
-3310.4 4588.9 -23.9 116 0 6.5 16.5 7.5 2.5 2 1 3 3 3
-3304.2 4589.4 -24.3 114 0 5.0 16.1 5.0 2.5 2 1 2 2 2
-3287.3 4585.0 -24.8 118 0 8.4 13.1 7.5 2.5 2 1 3 0 0
-3301.4 4635.0 -26.8 304 0 9.1 15.2 7.5 2.5 2 1 3 1 1
-3260.3 4666.0 -32.3 306 0 5.2 15.3 7.5 2.5 2 1 3 3 3
-3320.3 4666.4 -29.3 132 0 6.6 9.9 7.5 2.5 2 1 3 5 5
-3341.1 4677.9 -29.2 133 0 9.3 11.8 7.5 2.5 2 1 3 4 4
-3207.5 4482.8 -21.8 31 0 12.0 12.4 5.0 2.5 2 1 2 2 2
-3251.7 4471.9 -22.0 226 0 11.3 8.9 5.0 2.5 2 0 2 2 2
-3243.3 4607.7 -28.6 286 0 13.5 13.2 5.0 2.5 2 0 2 4 4
-3185.9 4624.8 -34.3 209 0 10.1 12.0 5.0 2.5 2 1 2 3 3
-3143.5 4546.8 -28.9 295 0 5.3 4.4 5.0 2.5 2 0 2 4 4
-3135.6 4537.2 -28.6 115 0 10.1 7.7 5.0 2.5 2 0 2 2 2
-3122.6 4532.2 -28.0 118 0 9.7 8.4 7.5 2.5 4 0 3 4 4
-3163.5 4530.4 -27.4 119 0 8.8 10.2 7.5 0.0 0 1 3 2 2
-3175.8 4537.2 -27.1 115 0 10.6 8.6 5.0 2.5 4 0 2 5 5
-3120.5 4562.6 -30.7 117 0 8.1 7.6 7.5 2.5 2 0 3 3 3
-3087.1 4575.5 -30.9 296 0 11.6 10.1 7.5 2.5 2 0 3 1 1
-3131.3 4517.3 -25.8 264 0 8.4 14.9 7.5 2.5 2 1 3 3 3
-3115.2 4505.3 -25.6 84 0 7.1 12.5 7.5 2.5 2 1 3 4 4
-3079.8 4515.7 -25.9 79 0 7.1 11.5 7.5 0.0 0 1 3 4 4
-3099.8 4434.9 -18.9 156 0 21.3 16.2 7.5 2.5 2 0 3 3 3
-2949.9 4493.1 -17.3 96 0 8.8 12.0 7.5 2.5 2 1 3 1 1
-2897.7 4450.8 -18.4 91 0 10.0 11.3 7.5 2.5 2 1 3 2 2
-2934.2 4350.0 -15.2 178 0 9.3 9.0 5.0 2.5 2 0 2 4 4
-2870.9 4215.0 -15.2 182 0 10.8 9.1 7.5 2.5 2 0 3 4 4
-2874.5 4234.4 -17.1 181 0 9.5 8.8 7.5 2.5 4 0 3 3 3
-2815.5 4244.2 -16.6 169 0 10.5 12.2 7.5 2.5 4 1 3 2 2
-2818.3 4255.3 -17.6 167 0 7.9 12.1 5.0 2.5 2 1 2 2 2
-2822.2 4269.4 -19.0 167 0 7.2 11.2 5.0 2.5 2 1 2 4 4
-2900.6 4276.6 -19.8 271 0 9.2 8.3 5.0 2.5 2 0 2 2 2
-2946.8 5362.8 -75.6 303 0 7.0 8.6 5.0 2.5 2 1 2 5 5
-2955.1 5368.3 -76.2 307 0 5.3 9.5 5.0 0.0 0 1 2 3 3
-2963.3 5373.8 -76.8 302 0 6.6 12.1 7.5 2.5 2 1 3 5 5
-3308.8 4842.9 -62.3 268 0 10.5 12.2 7.5 2.5 2 1 3 1 1
-3342.1 4844.8 -65.2 290 1 11.4 10.5 10.0 2.5 2 0 4 5 5
-3354.1 4851.0 -66.5 295 0 13.4 11.4 7.5 2.5 2 0 3 0 0
-3348.1 4818.2 -64.5 107 0 8.3 10.5 7.5 2.5 2 1 3 5 5
-3483.6 4871.0 -72.2 270 0 10.0 13.9 5.0 2.5 4 1 2 1 1
-3279.6 4376.2 -51.8 335 0 12.1 8.9 7.5 2.5 2 0 3 3 3
-3604.1 4611.8 -38.2 271 0 10.7 6.6 7.5 2.5 2 0 3 5 5
-3588.2 4610.7 -37.0 274 0 9.9 7.6 5.0 2.5 2 0 2 1 1
-3573.2 4608.8 -36.0 274 0 10.2 7.8 7.5 2.5 2 0 3 0 0
-3657.4 4776.4 -33.8 90 0 11.7 10.6 7.5 2.5 2 0 3 1 1
-3692.7 4804.6 -36.8 299 0 7.5 8.3 5.0 2.5 4 1 2 4 4
-3695.1 4844.3 -53.7 146 0 9.5 11.0 7.5 2.5 2 1 3 3 3
-3590.5 4756.9 -29.3 1 0 9.4 9.8 7.5 2.5 2 1 3 2 2
-3610.3 4741.9 -27.8 252 0 8.4 8.5 7.5 2.5 4 1 3 4 4
-3551.2 4712.2 -23.3 306 0 12.6 10.5 7.5 0.0 0 0 3 4 4
-3598.2 4692.2 -26.2 111 0 9.5 8.2 7.5 2.5 2 0 3 5 5
-3594.0 4651.3 -29.3 9 0 9.5 13.4 5.0 2.5 2 1 2 5 5
-3187.9 4909.7 -55.1 226 0 7.3 12.4 7.5 2.5 2 1 3 5 5
-3185.8 4933.5 -56.6 224 0 9.5 10.1 7.5 2.5 2 1 3 0 0
-3100.3 5011.4 -58.0 50 0 9.7 13.6 5.0 2.5 2 1 2 1 1
-2990.0 5147.8 -67.6 227 0 8.7 10.2 7.5 2.5 4 1 3 3 3
-3742.2 4775.6 -33.7 97 0 9.0 10.7 5.0 2.5 2 1 2 5 5
-3825.1 4902.1 -56.1 248 0 8.0 8.8 7.5 2.5 4 1 3 0 0
-2958.9 4456.3 -15.4 103 0 12.2 12.4 5.0 2.5 2 1 2 0 0
-2963.2 4516.9 -17.5 279 0 9.0 8.3 5.0 2.5 2 0 2 1 1
-2956.8 4380.1 -12.9 341 0 12.1 10.3 5.0 2.5 2 0 2 3 3
-2792.4 4274.3 -19.0 351 0 9.7 12.1 7.5 2.5 2 1 3 4 4
-2845.4 4391.5 -19.7 172 0 11.7 10.5 5.0 2.5 4 0 2 3 3
-2825.5 4407.4 -20.7 347 0 10.3 10.3 5.0 2.5 2 0 2 0 0
-2854.4 4426.2 -20.1 175 0 13.7 10.1 5.0 2.5 2 0 2 0 0
-2840.1 4456.7 -21.5 258 0 11.9 11.3 7.5 0.0 0 0 3 2 2
-2709.9 4371.5 -26.4 308 0 9.9 6.4 5.0 2.5 2 0 2 1 1
-2587.0 4627.9 -28.8 20 0 8.1 12.3 5.0 2.5 2 1 2 2 2
-2622.8 4580.6 -31.4 286 0 15.3 10.7 5.0 0.0 0 0 2 0 0
-2588.6 4708.1 -25.9 267 0 20.7 12.4 10.0 2.5 2 0 4 4 4
-2595.4 4835.2 -23.0 138 0 6.9 7.4 7.5 2.5 2 1 3 0 0
-2670.8 4808.9 -28.5 228 0 10.0 14.3 7.5 2.5 2 1 3 5 5
-3303.4 4363.9 -55.9 160 0 10.7 10.6 7.5 2.5 2 0 3 3 3
-3578.9 4724.6 -25.7 3 0 12.4 7.9 5.0 2.5 2 0 2 3 3
-3589.5 4667.6 -24.8 22 0 8.1 10.1 7.5 2.5 2 1 3 4 4
-3625.7 4699.2 -28.5 114 0 12.9 10.6 7.5 2.5 4 0 3 5 5
-3660.4 4714.8 -31.2 115 0 12.5 9.4 7.5 2.5 2 0 3 4 4
-3697.9 4738.1 -33.9 131 0 21.5 14.7 10.0 2.5 2 0 4 2 2
-3651.4 4895.1 -77.6 144 0 16.7 14.6 5.0 2.5 2 0 2 5 5
-3741.1 4853.0 -51.0 114 0 9.3 16.5 7.5 2.5 2 1 3 4 4
-3754.7 4934.4 -70.4 233 0 10.2 12.0 7.5 2.5 4 1 3 0 0
-3813.9 4903.1 -56.6 247 0 12.5 14.8 7.5 2.5 2 1 3 1 1
-3660.9 4819.5 -50.9 106 0 7.7 13.6 5.0 2.5 2 1 2 5 5
-3624.3 4876.5 -75.1 54 0 14.2 19.6 10.0 2.5 2 1 4 3 3
-3633.0 4764.7 -29.9 271 0 13.2 10.2 5.0 0.0 0 0 2 3 3
-3667.9 4728.7 -31.8 120 0 10.3 9.9 5.0 2.5 2 0 2 0 0
-3569.6 4701.1 -23.4 221 0 9.4 11.7 5.0 2.5 2 1 2 1 1
-3741.1 4809.3 -34.1 349 0 9.3 8.3 5.0 2.5 2 0 2 5 5
-3764.3 4764.0 -33.3 102 0 7.2 11.7 5.0 2.5 2 1 2 4 4
-3820.7 4790.9 -32.4 143 0 7.1 12.2 5.0 2.5 2 1 2 2 2
-3806.7 4854.2 -41.4 234 0 8.5 13.7 7.5 2.5 2 1 3 1 1
-3823.9 4761.3 -37.3 123 0 8.9 9.3 5.0 2.5 2 1 2 0 0
-3577.0 4690.1 -23.0 208 0 8.3 10.2 5.0 2.5 2 1 2 4 4
-3056.2 4479.4 -21.7 0 0 10.3 11.7 7.5 2.5 2 1 3 4 4
-2949.6 4516.8 -17.8 280 0 10.5 9.5 7.5 2.5 2 0 3 4 4
-2937.4 4490.9 -17.9 93 0 10.4 11.3 7.5 2.5 2 1 3 5 5
-2934.7 4515.2 -18.6 275 0 9.9 11.1 7.5 2.5 2 1 3 1 1
-3200.8 4625.4 -33.5 32 0 14.0 13.0 5.0 2.5 2 0 2 4 4
-3225.0 4556.3 -24.8 317 0 11.4 7.4 7.5 2.5 2 0 3 1 1
-3214.5 4550.8 -24.8 304 0 7.4 9.3 7.5 2.5 2 1 3 5 5
-3261.6 4559.9 -23.5 300 0 12.7 9.2 7.5 2.5 2 0 3 0 0
-3245.9 4569.2 -25.7 123 0 8.7 10.3 7.5 0.0 0 1 3 2 2
-3182.4 4533.4 -25.4 292 0 8.3 16.8 7.5 2.5 2 1 3 1 1
-3091.2 4488.3 -22.4 261 0 7.3 10.2 5.0 2.5 4 1 2 5 5
-3109.3 4486.6 -22.6 266 0 8.7 12.7 5.0 2.5 2 1 2 0 0
-3003.5 4174.4 -15.1 138 0 13.0 8.2 7.5 2.5 2 0 3 1 1
-3049.5 4150.5 -13.6 139 0 8.4 9.2 7.5 2.5 2 1 3 0 0
-3061.2 4163.1 -15.4 141 0 9.5 8.2 7.5 2.5 2 0 3 2 2
-3427.0 4723.6 -27.1 219 0 18.3 8.4 7.5 2.5 2 0 3 3 3
-3762.0 4828.5 -36.8 292 0 11.0 12.0 7.5 2.5 2 1 3 2 2
-3796.8 4843.1 -38.4 231 1 11.8 15.0 10.0 2.5 2 1 4 5 5
-3769.8 4781.2 -33.3 103 0 9.8 13.4 5.0 2.5 2 1 2 3 3
-3725.7 4744.7 -33.5 298 0 9.1 10.8 5.0 2.5 2 1 2 3 3
-3826.8 4829.8 -35.1 243 0 10.8 13.5 7.5 2.5 2 1 3 4 4
-3787.6 4765.4 -33.1 122 0 14.8 6.7 5.0 2.5 2 0 2 1 1
-3830.1 4746.4 -43.2 272 0 9.4 10.3 7.5 2.5 2 1 3 4 4
-3820.1 4741.6 -41.7 270 0 7.5 6.4 5.0 2.5 2 0 2 0 0
-3608.0 4681.2 -25.8 289 0 8.7 12.9 7.5 2.5 2 1 3 5 5
-3632.6 4813.6 -52.3 111 0 9.1 15.7 5.0 2.5 2 1 2 5 5
-3103.0 4467.7 -21.2 170 0 10.9 13.8 7.5 2.5 4 1 3 0 0
-3103.5 4507.7 -25.9 81 0 10.8 14.9 7.5 2.5 2 1 3 0 0
-2957.8 4410.2 -13.1 349 0 12.5 10.7 5.0 2.5 2 0 2 4 4
-2947.5 4415.0 -14.2 161 0 10.2 11.7 7.5 0.0 0 1 3 2 2
-2949.4 4436.5 -14.8 180 0 9.7 9.6 5.0 2.5 2 0 2 5 5
-2913.7 4397.3 -14.8 349 0 12.0 11.0 5.0 2.5 4 0 2 4 4
-2919.7 4243.6 -19.2 181 0 10.3 11.1 5.0 2.5 2 1 2 4 4
-2919.3 4321.6 -17.4 259 0 7.1 13.7 5.0 2.5 2 1 2 2 2
-2896.5 4396.8 -16.6 170 0 8.4 11.6 5.0 2.5 2 1 2 2 2
-2791.2 4341.9 -21.6 173 0 9.8 7.8 5.0 2.5 2 0 2 2 2
-2744.5 4122.1 -10.5 92 0 15.8 18.5 10.0 2.5 2 1 4 1 1
-2774.9 4055.1 -6.0 178 0 11.6 12.9 5.0 2.5 2 1 2 4 4
-2778.2 4067.0 -6.7 176 0 11.2 12.3 5.0 2.5 2 1 2 1 1
-2781.1 4079.6 -7.6 177 1 11.6 12.4 10.0 2.5 2 1 4 3 3
-2782.5 4092.4 -7.9 177 0 12.3 11.2 7.5 2.5 4 0 3 3 3
-2707.1 4109.0 -12.4 92 0 10.8 15.2 5.0 2.5 2 1 2 4 4
-2759.2 4028.5 -4.9 182 0 11.7 14.8 7.5 2.5 2 1 3 0 0
-2434.7 4101.6 -25.1 122 0 10.2 9.7 5.0 2.5 2 0 2 2 2
-2466.3 5755.3 -61.8 226 0 12.7 10.8 7.5 2.5 2 0 3 1 1
-2512.3 6054.5 -79.3 117 0 7.5 12.9 5.0 2.5 2 1 2 3 3
-2494.3 6046.0 -78.7 119 0 9.8 11.2 2.5 2.5 2 1 1 4 4
-2482.0 6066.9 -78.5 300 0 8.4 10.2 5.0 2.5 4 1 2 0 0
-2463.0 6059.6 -77.9 301 0 6.6 11.9 2.5 2.5 2 1 1 4 4
-2452.1 6055.2 -77.6 300 0 9.5 12.4 5.0 2.5 2 1 2 0 0
-2491.5 6071.2 -78.7 299 0 7.4 8.1 5.0 2.5 2 1 2 4 4
-2482.6 6092.0 -78.3 121 0 7.4 8.7 5.0 2.5 2 0 2 2 2
-2456.6 6075.2 -77.5 117 0 7.4 10.9 5.0 2.5 2 1 2 2 2
-2427.6 6063.3 -76.8 43 0 11.6 10.7 5.0 2.5 2 0 2 0 0
-2420.4 6096.5 -76.5 296 0 8.9 13.2 2.5 2.5 2 1 1 4 4
-2439.4 6104.4 -77.2 299 0 8.6 17.4 5.0 2.5 2 1 2 2 2
-2451.5 6128.1 -77.2 121 0 6.9 9.6 5.0 2.5 2 0 2 4 4
-2393.3 6119.2 -75.7 28 0 12.1 11.5 5.0 2.5 2 0 2 4 4
-2477.2 6140.8 -78.1 118 0 8.6 10.2 5.0 2.5 2 1 2 2 2
-2486.6 6177.9 -78.6 294 0 14.0 13.5 5.0 2.5 2 0 2 5 5
-2815.7 4120.6 -7.0 98 0 10.4 11.4 5.0 2.5 4 0 2 3 3
-2724.9 4167.7 -13.6 95 0 11.7 10.6 5.0 2.5 4 0 2 3 3
-2748.5 4175.8 -13.4 91 0 12.0 10.9 7.5 2.5 2 0 3 4 4
-2797.6 4147.0 -8.9 3 0 11.2 10.7 7.5 2.5 2 0 3 3 3
-2827.3 4169.7 -9.7 188 0 9.1 11.3 5.0 2.5 2 1 2 1 1
-2856.7 4125.6 -6.7 95 0 8.3 9.5 7.5 2.5 2 1 3 2 2
-2874.7 4144.6 -8.5 176 0 10.2 10.4 7.5 2.5 2 1 3 3 3
-2850.0 4223.0 -15.1 280 0 7.2 8.4 5.0 2.5 2 1 2 5 5
-2871.8 4124.8 -6.8 96 0 7.2 7.6 5.0 0.0 0 1 2 3 3
-2893.1 4166.7 -11.2 0 0 9.1 6.8 7.5 2.5 2 0 3 4 4
-2895.9 4188.2 -13.5 7 0 9.4 7.7 7.5 2.5 2 0 3 0 0
-2936.7 4144.8 -10.3 0 0 7.6 12.0 7.5 2.5 2 1 3 3 3
-2965.7 4145.9 -10.9 180 0 9.8 10.9 7.5 2.5 2 1 3 0 0
-2964.6 4180.5 -14.2 180 0 7.9 13.1 5.0 2.5 2 1 2 2 2
-2961.6 4194.7 -15.5 189 0 9.9 8.5 7.5 2.5 2 0 3 0 0
-2963.4 4229.4 -19.0 181 0 9.8 13.9 7.5 2.5 2 1 3 3 3
-2958.2 4252.4 -19.4 181 0 12.1 13.9 7.5 2.5 2 1 3 5 5
-2890.2 4306.0 -18.5 349 0 10.0 11.9 5.0 2.5 4 1 2 1 1
-2952.4 4311.0 -16.7 259 0 10.3 11.4 5.0 2.5 2 1 2 5 5
-2997.1 4235.6 -18.6 138 0 11.8 11.7 5.0 2.5 2 0 2 5 5
-3034.9 4212.3 -18.4 141 0 10.7 9.6 5.0 2.5 2 0 2 1 1
-3027.5 4242.4 -17.3 325 0 10.2 8.7 5.0 2.5 2 0 2 2 2
-2986.2 4303.3 -15.8 322 0 13.5 12.2 5.0 2.5 2 0 2 3 3
-3059.7 4138.8 -11.8 324 0 12.2 10.2 7.5 2.5 2 0 3 2 2
-2772.0 3930.3 2.0 180 0 14.4 14.3 5.0 2.5 2 0 2 4 4
-2946.0 4341.6 -15.1 348 0 13.5 10.0 5.0 2.5 2 0 2 4 4
-3028.1 4359.0 -14.6 225 0 13.9 10.7 5.0 2.5 4 0 2 0 0
-3054.5 4337.1 -15.7 216 0 11.1 11.6 5.0 2.5 2 1 2 5 5
-3036.4 4314.4 -15.2 45 0 9.0 8.3 5.0 2.5 4 0 2 2 2
-3014.6 4336.3 -14.3 45 0 13.3 8.0 5.0 2.5 2 0 2 1 1
-3065.5 4312.6 -16.2 135 0 12.0 8.8 5.0 2.5 2 0 2 2 2
-3084.8 4336.3 -17.6 325 0 14.2 17.8 7.5 2.5 2 1 3 0 0
-3203.9 4462.5 -21.3 229 0 10.2 11.9 7.5 2.5 4 1 3 3 3
-3111.0 4418.2 -16.8 329 0 13.8 12.8 7.5 2.5 2 0 3 5 5
-3156.2 4406.8 -20.2 326 0 17.0 15.0 10.0 2.5 2 0 4 5 5
-3146.0 4476.7 -22.5 324 0 11.8 10.3 7.5 0.0 0 0 3 2 2
-3134.0 4384.9 -17.9 328 0 14.6 11.6 7.5 2.5 2 0 3 0 0
-3309.9 4408.8 -50.3 163 0 8.2 8.8 7.5 2.5 2 1 3 4 4
-3314.2 4440.0 -43.1 132 1 13.9 10.7 10.0 2.5 2 0 4 1 1
-3349.7 4498.0 -38.0 145 0 9.4 11.9 7.5 2.5 2 1 3 3 3
-2866.2 4394.1 -17.7 349 0 7.2 12.3 5.0 2.5 2 1 2 2 2
-2863.9 4381.2 -17.5 351 0 7.7 11.4 5.0 2.5 2 1 2 2 2
-2632.3 4104.5 -16.6 90 0 10.4 11.1 5.0 2.5 2 1 2 1 1
-2582.2 4134.0 -19.7 282 0 9.4 12.3 5.0 2.5 2 1 2 4 4
-2557.6 4132.8 -21.1 270 0 7.3 11.0 5.0 2.5 2 1 2 2 2
-2580.5 4298.9 -27.2 285 0 12.2 9.5 7.5 2.5 2 0 3 1 1
-2620.4 4279.4 -24.7 188 0 10.0 9.9 7.5 2.5 2 0 3 5 5
-2526.8 4207.7 -22.5 94 0 8.2 10.2 5.0 2.5 2 1 2 5 5
-2598.3 4211.9 -21.2 99 0 8.2 8.4 5.0 2.5 2 1 2 1 1
-2627.8 4215.4 -20.7 99 0 10.5 11.9 7.5 2.5 2 1 3 3 3
-2567.8 4242.7 -23.4 274 0 6.6 8.3 5.0 2.5 2 1 2 5 5
-2442.4 4611.6 -28.6 18 0 12.1 12.7 5.0 2.5 4 1 2 1 1
-2581.0 4641.3 -28.2 19 0 9.6 8.9 2.5 2.5 2 0 1 1 1
-2575.1 4655.7 -27.6 14 0 8.7 10.5 5.0 2.5 2 1 2 5 5
-2463.0 4928.0 -13.1 234 0 12.4 11.7 5.0 2.5 2 0 2 1 1
-2490.4 4890.4 -15.2 259 0 11.1 11.2 5.0 2.5 2 1 2 2 2
-2571.9 4892.5 -23.5 315 0 12.2 15.3 7.5 2.5 4 1 3 1 1
-2648.9 4884.4 -32.2 128 0 11.4 11.3 7.5 2.5 2 0 3 1 1
-2653.6 4863.7 -30.0 311 0 10.5 16.2 7.5 2.5 2 1 3 1 1
-2730.8 4894.0 -36.6 223 0 14.1 15.6 7.5 2.5 2 1 3 1 1
-2677.5 5294.6 -51.5 304 0 11.6 9.7 5.0 2.5 2 0 2 4 4
-2895.1 5256.5 -70.6 93 0 7.7 8.3 5.0 2.5 2 1 2 2 2
-2893.1 5283.8 -71.3 275 0 6.9 11.3 7.5 2.5 2 1 3 1 1
-3001.1 5129.5 -67.1 128 0 10.4 8.2 5.0 2.5 2 0 2 0 0
-3010.0 5177.2 -73.2 32 0 11.2 9.6 7.5 2.5 2 0 3 0 0
-2953.2 5181.0 -70.2 95 0 11.2 8.0 7.5 2.5 4 0 3 0 0
-2969.4 5181.3 -71.7 97 0 9.8 13.8 7.5 2.5 2 1 3 5 5
-2966.6 5297.7 -76.7 301 0 10.4 15.3 7.5 2.5 2 1 3 5 5
-2979.2 5274.6 -77.0 120 0 11.5 5.7 5.0 2.5 2 0 2 3 3
-2984.5 5301.5 -77.8 300 0 8.3 12.2 7.5 2.5 4 1 3 4 4
-2999.6 5313.8 -78.9 305 0 8.8 13.1 5.0 2.5 2 1 2 0 0
-3007.8 5279.9 -78.3 117 0 6.0 11.0 2.5 2.5 2 1 1 4 4
-3016.1 5323.6 -79.6 296 0 7.0 14.7 5.0 2.5 4 1 2 0 0
-3018.1 5286.7 -78.9 123 0 8.1 12.7 5.0 0.0 0 1 2 3 3
-3005.8 5335.5 -79.3 122 0 17.1 16.2 12.5 2.5 4 0 5 2 2
-2998.5 5361.8 -78.6 210 0 8.7 7.9 5.0 2.5 4 0 2 4 4
-2980.9 5386.7 -78.1 302 0 7.8 13.8 5.0 2.5 2 1 2 2 2
-2890.3 5349.0 -71.8 290 0 7.3 12.3 5.0 2.5 2 1 2 3 3
-2919.0 5295.0 -73.2 86 0 7.8 6.4 5.0 2.5 2 0 2 4 4
-2945.2 5426.6 -76.1 301 0 7.1 9.8 5.0 0.0 0 1 2 2 2
-2705.2 5652.8 -73.9 143 0 7.3 11.0 5.0 2.5 2 1 2 3 3
-2714.3 5665.3 -75.0 141 0 5.9 8.9 5.0 2.5 4 1 2 1 1
-2728.1 5677.2 -77.0 85 0 5.3 11.0 5.0 2.5 2 1 2 4 4
-2737.3 5698.6 -78.0 270 0 5.6 10.4 5.0 2.5 2 1 2 2 2
-2754.2 5717.0 -79.6 273 0 4.8 10.2 5.0 2.5 2 1 2 3 3
-2736.9 5659.8 -76.5 126 0 10.2 9.6 5.0 2.5 2 0 2 1 1
-2648.7 5814.2 -77.7 128 0 16.5 10.1 7.5 2.5 2 0 3 4 4
-2670.9 5816.0 -79.0 129 0 8.7 6.4 5.0 0.0 0 0 2 1 1
-2708.1 5851.0 -82.7 213 0 6.9 9.7 5.0 2.5 2 1 2 0 0
-2647.3 5902.9 -81.4 130 0 12.9 13.2 7.5 2.5 2 1 3 4 4
-2593.1 5903.9 -77.6 135 0 8.5 7.0 5.0 2.5 2 0 2 3 3
-2581.0 5915.9 -77.7 310 0 11.3 6.9 7.5 2.5 2 0 3 3 3
-2560.0 5895.9 -75.0 309 0 9.1 6.0 5.0 2.5 2 0 2 4 4
-2542.4 5887.3 -73.6 315 0 12.4 8.3 7.5 2.5 4 0 3 0 0
-2526.8 5956.1 -76.3 225 0 9.6 8.7 5.0 2.5 2 0 2 4 4
-2491.7 5952.5 -74.2 311 0 9.6 10.1 5.0 2.5 2 1 2 2 2
-2479.7 5943.0 -72.9 318 0 8.5 9.4 5.0 2.5 2 1 2 3 3
-2466.8 5933.8 -71.4 308 0 8.5 11.3 5.0 2.5 2 1 2 5 5
-2442.1 5916.6 -68.9 313 0 12.1 10.8 7.5 2.5 2 0 3 1 1
-2459.9 5893.7 -69.3 41 0 6.5 13.7 7.5 2.5 2 1 3 3 3
-2471.2 5851.1 -67.1 48 0 8.3 7.8 5.0 2.5 2 0 2 0 0
-2503.3 5876.3 -70.1 136 0 8.6 9.0 5.0 2.5 2 1 2 5 5
-2528.8 5899.0 -73.3 128 0 10.0 8.1 5.0 2.5 4 0 2 4 4
-2548.3 5970.6 -79.0 130 0 8.3 10.6 7.5 2.5 4 1 3 3 3
-2571.1 5934.4 -78.1 131 0 8.5 7.2 5.0 2.5 2 0 2 2 2
-2571.3 5992.9 -81.2 121 0 8.0 10.9 2.5 2.5 2 1 1 5 5
-2414.0 6125.3 -76.1 116 0 7.4 9.9 5.0 2.5 2 1 2 0 0
-2427.1 6132.1 -76.5 123 0 11.3 10.4 2.5 2.5 2 0 1 0 0
-2435.7 6148.1 -76.9 303 0 10.1 8.9 5.0 2.5 2 0 2 5 5
-2458.3 6132.4 -77.5 123 0 9.2 9.6 5.0 2.5 2 0 2 1 1
-2529.4 6189.4 -79.8 209 0 11.8 12.1 7.5 0.0 0 1 3 3 3
-2522.3 6165.1 -79.5 119 0 9.4 11.8 5.0 2.5 2 1 2 4 4
-2514.5 6155.4 -79.2 120 0 6.9 12.1 2.5 2.5 2 1 1 0 0
-2522.7 6142.5 -79.7 291 0 6.8 12.9 2.5 2.5 2 0 1 2 2
-2518.2 6110.1 -79.4 121 0 8.3 10.2 2.5 2.5 2 1 1 2 2
-2514.8 6137.9 -79.4 306 0 10.6 8.1 5.0 2.5 4 0 2 4 4
-2506.3 6132.6 -79.2 297 0 9.1 11.7 5.0 2.5 2 1 2 2 2
-2489.5 6096.3 -78.5 123 0 8.8 8.7 5.0 2.5 2 0 2 1 1
-2569.1 6115.2 -81.2 296 0 6.5 13.9 5.0 2.5 2 0 2 4 4
-2552.5 6105.6 -80.7 301 0 7.4 11.1 5.0 2.5 2 1 2 2 2
-2542.3 6100.1 -80.3 301 0 7.2 10.0 5.0 2.5 2 1 2 1 1
-2560.6 6111.5 -80.9 299 0 7.3 12.2 5.0 2.5 2 1 2 2 2
-2553.1 6126.4 -80.5 121 0 7.2 11.3 5.0 2.5 2 1 2 3 3
-2578.9 6066.3 -81.3 211 0 7.7 11.2 2.5 2.5 2 1 1 4 4
-2555.0 6048.5 -80.8 27 0 8.9 7.7 2.5 0.0 0 0 1 2 2
-644.1 8377.7 2.3 220 0 12.1 12.7 7.5 2.5 4 1 3 2 2
-669.5 8176.2 5.7 158 0 10.2 10.0 5.0 2.5 2 0 2 1 1
-2534.4 5651.9 -62.1 144 0 11.1 5.3 7.5 2.5 2 0 3 3 3
-2559.5 5695.0 -65.9 144 0 12.4 11.1 7.5 2.5 2 0 3 3 3
-2608.1 5714.0 -70.1 136 0 12.0 12.5 7.5 2.5 2 1 3 1 1
-2668.3 5785.2 -77.5 140 0 10.5 7.1 5.0 2.5 2 0 2 3 3
-3740.1 4925.4 -68.2 306 0 8.3 12.4 7.5 2.5 2 1 3 5 5
-3731.5 4910.4 -66.7 37 0 11.9 6.6 7.5 2.5 2 0 3 2 2
-3738.0 4748.7 -33.4 305 0 9.1 11.2 5.0 2.5 2 1 2 2 2
-3775.9 4745.0 -34.5 279 0 9.7 7.0 7.5 2.5 2 0 3 3 3
-3687.7 4775.5 -34.0 89 0 9.0 12.0 5.0 2.5 2 1 2 2 2
-715.1 8227.2 8.7 285 0 15.0 20.2 7.5 0.0 0 1 3 3 3
-719.0 8175.4 8.7 165 0 13.1 15.2 5.0 2.5 2 1 2 1 1
-602.4 8119.2 -0.4 0 0 10.9 13.0 7.5 2.5 2 1 3 4 4
-700.6 7969.5 -9.6 76 0 9.5 18.5 5.0 2.5 2 1 2 1 1
-761.6 8052.4 -0.9 185 0 9.9 21.4 5.0 2.5 2 1 2 4 4
-775.5 8097.8 2.0 175 0 47.5 18.2 12.5 2.5 2 0 5 5 5
-690.8 8137.7 5.9 300 0 9.1 16.6 5.0 2.5 2 1 2 1 1
-645.1 8024.0 -5.6 28 0 11.1 8.1 7.5 2.5 2 0 3 0 0
-669.0 8094.2 2.2 17 0 8.0 8.0 7.5 2.5 2 1 3 5 5
-647.5 8108.1 1.5 185 0 8.8 10.2 7.5 2.5 2 1 3 2 2
-621.3 8077.1 -1.0 32 0 11.3 10.8 5.0 0.0 0 0 2 1 1
-641.3 8054.3 -3.2 294 0 7.8 9.3 7.5 2.5 2 1 3 4 4
-664.9 8152.6 4.9 180 0 8.7 7.9 5.0 2.5 2 0 2 3 3
-666.6 8109.3 3.4 0 0 10.0 6.1 5.0 2.5 2 0 2 3 3
-616.1 8172.2 2.5 325 0 10.9 10.4 7.5 2.5 2 0 3 1 1
-622.7 8181.4 3.1 323 0 11.9 9.8 5.0 2.5 2 0 2 1 1
-672.8 8196.9 5.9 248 0 9.5 15.3 5.0 2.5 2 0 2 5 5
-724.2 8197.0 9.2 180 0 10.6 10.9 5.0 2.5 2 1 2 1 1
-651.6 8222.1 4.4 118 0 7.4 9.0 5.0 2.5 2 1 2 3 3
-662.4 8241.5 4.8 161 0 9.9 9.6 5.0 2.5 2 0 2 0 0
-597.2 8254.2 0.8 20 0 13.9 10.6 7.5 2.5 2 0 3 1 1
-654.2 8271.2 4.0 155 0 9.6 10.8 5.0 2.5 2 1 2 3 3
-707.4 8258.0 5.2 10 0 9.0 15.8 7.5 2.5 2 1 3 3 3
-665.8 8335.4 4.7 302 0 12.7 11.3 5.0 2.5 2 0 2 1 1
-642.9 8322.2 3.3 305 1 11.0 12.0 10.0 2.5 4 1 4 5 5
-607.5 8308.5 1.2 320 0 6.6 9.2 5.0 2.5 2 1 2 4 4
-594.4 8313.1 0.2 307 0 6.3 9.6 5.0 2.5 2 1 2 4 4
-580.2 8304.5 -1.1 167 0 16.6 8.5 5.0 2.5 2 0 2 5 5
-582.3 8273.3 -0.9 192 0 7.3 10.5 5.0 2.5 2 1 2 2 2
-585.9 8264.7 -1.3 189 0 6.7 22.0 7.5 2.5 2 1 3 3 3
-545.1 8284.3 -3.0 72 0 11.2 13.9 5.0 2.5 2 1 2 2 2
-570.6 8203.7 -1.0 121 0 8.9 10.2 5.0 2.5 4 1 2 2 2
-559.0 8200.6 -1.8 119 0 8.8 12.8 7.5 0.0 0 1 3 4 4
-536.2 8197.9 -2.7 30 0 8.5 15.3 7.5 2.5 2 1 3 4 4
-526.5 8203.0 -3.5 33 0 11.2 10.8 7.5 2.5 4 0 3 0 0
-551.1 8180.2 -1.7 0 0 12.0 10.6 5.0 2.5 2 0 2 3 3
-598.1 8168.2 0.5 167 0 9.6 11.6 7.5 2.5 2 1 3 0 0
-578.7 8122.0 -2.4 233 0 10.1 9.4 5.0 2.5 2 0 2 5 5
-567.0 8103.7 -3.6 115 0 10.1 11.8 7.5 0.0 0 1 3 1 1
-555.6 8149.6 -3.2 200 1 17.4 11.9 10.0 2.5 2 0 4 0 0
-528.9 8318.6 -4.2 309 0 9.3 10.7 5.0 2.5 2 1 2 1 1
-625.0 8328.3 1.9 85 0 12.6 6.8 5.0 2.5 2 0 2 2 2
-651.1 8339.2 3.3 120 0 11.9 9.5 7.5 2.5 2 0 3 3 3
-636.0 8341.0 2.2 124 0 7.2 12.9 5.0 2.5 2 1 2 5 5
-597.0 8362.1 0.1 344 0 11.7 9.4 5.0 2.5 2 0 2 0 0
2648.0 -1815.7 -6.6 256 0 31.6 28.5 10.0 0.0 0 0 4 3 3
5324.8 -6575.1 68.1 142 0 9.0 21.4 7.5 0.0 0 1 3 5 5
5936.5 -1159.3 66.7 134 0 4.7 7.8 5.0 2.5 2 1 2 2 2
2530.9 -2012.9 -35.0 20 0 10.4 14.6 7.5 2.5 2 1 3 2 2
3663.1 2123.3 35.6 134 0 12.3 13.9 5.0 0.0 0 1 2 2 2
3764.5 2230.9 37.6 52 0 10.9 11.0 5.0 2.5 2 1 2 2 2
6360.4 -1875.2 67.5 90 0 8.5 33.9 7.5 2.5 2 1 3 4 4
