6618.2 788.1 -5.0 68 0 14.8 8.9 2.5 2.5 2 0 1 0 0
6826.4 -5800.9 -0.4 341 0 9.2 14.6 7.5 2.5 2 1 3 3 3
-4364.4 -6648.7 -23.9 337 0 15.3 20.7 7.5 2.5 2 1 3 5 5
-3754.1 -6997.6 -1.0 65 0 12.9 16.9 7.5 2.5 2 1 3 4 4
-3763.8 -6962.8 2.7 335 0 16.9 12.9 7.5 2.5 2 0 3 4 4
-3777.9 -6931.0 2.5 335 0 16.9 12.9 5.0 2.5 2 0 2 4 4
-3789.2 -6908.1 0.6 335 0 16.9 12.9 2.5 2.5 2 0 1 2 2
-3818.1 -6891.4 -1.1 155 0 16.9 12.9 5.0 2.5 2 0 2 2 2
-3833.9 -6869.6 -2.7 155 0 16.9 12.9 5.0 2.5 2 0 2 1 1
-3873.1 -6850.7 -3.2 65 0 12.9 16.9 7.5 2.5 2 1 3 5 5
-3904.9 -6830.3 -3.7 155 0 16.9 12.9 10.0 2.5 2 0 4 5 5
-3927.7 -6814.1 -4.2 155 0 16.9 12.9 7.5 2.5 2 0 3 2 2
4790.3 6378.3 -26.9 102 0 13.3 13.6 2.5 2.5 2 1 1 1 1
4389.7 3294.1 -16.1 339 0 46.7 6.8 7.5 2.5 4 0 3 2 2
4434.5 2080.7 -22.8 278 0 11.1 4.8 5.0 2.5 2 0 2 3 3
4671.6 2423.6 -27.5 138 0 4.8 5.2 5.0 2.5 2 1 2 1 1
-4704.2 -5616.0 -35.7 337 0 11.8 4.8 7.5 2.5 2 0 3 5 5
-4394.6 -7134.8 15.6 65 0 8.1 10.9 5.0 2.5 2 1 2 5 5
-4292.2 -7148.7 26.0 60 0 7.3 10.0 5.0 2.5 2 1 2 2 2
6556.7 -5592.7 -3.6 340 0 4.8 11.8 7.5 2.5 2 1 3 3 3
5891.1 -3667.3 -7.0 89 0 3.3 5.0 7.5 2.5 2 1 3 2 2
5892.7 -3495.1 -6.4 256 0 6.2 4.6 7.5 0.0 0 0 3 0 0
5878.9 -3513.5 -6.3 85 0 8.0 7.8 5.0 2.5 2 0 2 0 0
5841.8 -3521.2 -5.9 84 0 6.8 20.4 2.5 2.5 2 1 1 3 3
5800.4 -3509.9 -5.5 87 0 7.6 6.4 5.0 2.5 2 0 2 4 4
5713.1 -3505.5 -4.5 359 0 7.7 9.2 7.5 2.5 2 1 3 4 4
5670.6 -3516.7 -4.2 267 0 19.1 8.6 7.5 2.5 2 0 3 0 0
5644.1 -3518.2 -4.0 271 0 19.1 8.6 7.5 2.5 2 0 3 0 0
5619.3 -3517.8 -3.7 271 0 19.1 8.6 5.0 0.0 0 0 2 4 4
5661.1 -3550.1 -4.2 91 0 19.1 8.6 7.5 2.5 4 0 3 1 1
5630.7 -3551.7 -3.9 91 0 19.1 8.6 7.5 2.5 2 0 3 4 4
5607.9 -3552.2 -3.7 91 0 19.1 8.6 5.0 2.5 2 0 2 2 2
5584.2 -3550.4 -3.4 91 0 19.1 8.6 2.5 2.5 2 0 1 1 1
-3449.0 -6922.1 -18.5 246 0 14.6 25.6 12.5 2.5 2 1 5 2 2
-5613.4 -9115.3 -18.9 329 0 4.0 6.9 7.5 2.5 2 1 3 0 0
-5405.1 -9194.7 -18.6 161 0 35.7 17.8 10.0 2.5 4 0 4 1 1
-5413.6 -9170.3 -18.7 161 0 8.3 17.2 5.0 2.5 2 1 2 2 2
5187.8 5935.6 -34.8 239 0 7.0 7.3 5.0 0.0 0 1 2 2 2
4861.2 6226.3 -31.6 120 0 11.6 14.4 2.5 2.5 2 1 1 1 1
4905.4 6234.3 -32.3 296 0 24.4 9.6 5.0 2.5 2 0 2 3 3
1712.8 -668.8 -10.4 43 0 3.0 5.0 7.5 2.5 4 1 3 4 4
-2815.4 -4429.6 -22.7 27 0 7.0 6.2 5.0 2.5 2 0 2 5 5
-5619.1 -9014.0 -22.1 296 0 8.5 13.8 5.0 0.0 0 1 2 2 2
-5630.0 -7304.8 -31.6 28 0 10.1 10.3 7.5 0.0 0 1 3 4 4
6333.4 -4238.2 -5.0 343 0 71.5 39.0 12.5 0.0 0 0 5 5 5
6606.3 -6453.2 4.3 31 0 8.2 11.7 5.0 2.5 2 1 2 4 4
6610.6 -6629.0 10.1 69 0 43.4 24.2 12.5 0.0 0 0 5 0 0
-2744.2 -4995.4 -11.5 198 0 12.0 17.2 5.0 0.0 0 1 2 5 5
-2711.1 -5019.4 -9.4 109 0 6.7 12.9 7.5 0.0 0 1 3 4 4
-2697.4 -5005.1 -9.5 287 0 10.3 13.2 7.5 2.5 2 1 3 2 2
-2635.4 -5035.3 -5.9 195 0 10.1 19.1 7.5 2.5 2 1 3 5 5
