-1278.2 -1754.5 -118.5 325 0 302.5 22.6 7.5 0.0 0 0 3 5 5
-1552.1 -2251.6 -117.4 190 0 43.6 132.5 10.0 0.0 0 1 4 1 1
-1377.5 -1709.4 -118.2 139 0 128.5 24.7 10.0 0.0 0 0 4 3 3
-1343.5 -2146.8 -118.1 100 0 41.9 77.5 7.5 0.0 0 1 3 3 3
-1251.0 -2044.0 -118.1 3 0 24.9 136.3 10.0 0.0 0 1 4 5 5
-1552.1 -2314.1 -117.2 190 0 19.0 157.0 10.0 0.0 0 1 4 2 2
-1161.6 -1917.1 -118.2 198 0 123.2 19.8 5.0 0.0 0 0 2 2 2
-3036.6 2788.8 -52.7 233 0 31.2 62.4 12.5 0.0 0 1 5 1 1
-3142.9 2803.2 -52.0 322 0 19.3 56.4 10.0 2.5 2 1 4 5 5
-1206.5 10122.4 -127.2 53 0 14.4 28.9 14.0 3.5 2 1 4 5 5
-1316.7 1867.1 -102.2 248 0 13.5 11.3 2.5 2.5 2 0 1 0 0
-2661.8 -8623.3 -43.0 104 0 58.2 113.2 10.0 0.0 0 1 4 5 5
-4407.8 -9300.3 -45.1 2 0 45.8 27.7 10.0 0.0 0 0 4 4 4
-2880.5 -8464.7 -42.5 202 0 74.1 81.1 10.0 0.0 0 1 4 4 4
-4462.0 -9624.2 -61.4 38 0 20.8 47.3 10.0 2.5 2 1 4 0 0
-3920.2 -10490.3 -91.7 232 0 181.9 100.8 17.5 0.0 0 0 7 2 2
-5306.1 -546.1 -41.1 330 0 12.3 19.3 2.5 0.0 0 1 1 3 3
-4970.4 -1078.5 -30.7 93 0 15.5 15.9 7.5 2.5 2 1 3 5 5
-919.5 10349.3 -95.2 357 0 9.4 11.7 10.5 0.0 0 1 3 2 2
-1572.6 4402.7 -98.3 150 0 9.6 12.4 7.5 2.5 2 1 3 1 1
-451.0 -988.2 -97.0 60 0 22.7 17.1 7.5 2.5 2 0 3 2 2
-6577.6 8753.1 -71.4 349 0 50.1 20.3 12.5 2.5 2 0 5 0 0
-3453.6 -9172.2 -59.9 57 0 23.2 13.6 12.5 2.5 4 0 5 5 5
1596.7 -7374.9 -64.6 21 0 181.0 38.7 12.5 0.0 0 0 5 1 1
1557.4 -6536.0 -99.0 318 0 10.7 16.8 5.0 2.5 2 1 2 0 0
1556.7 -6572.1 -98.5 241 0 11.2 14.7 7.5 2.5 2 1 3 1 1
1582.4 -6669.8 -92.6 245 0 13.2 12.3 7.5 0.0 0 0 3 5 5
1603.7 -6654.3 -94.3 245 0 10.8 26.2 12.5 2.5 2 1 5 3 3
1511.0 -6608.9 -97.5 150 0 13.8 11.8 5.0 2.5 2 0 2 2 2
1602.3 -6681.3 -92.9 65 0 11.8 14.2 7.5 2.5 2 1 3 0 0
1600.9 -6616.7 -97.3 245 0 7.4 9.6 7.5 2.5 4 1 3 1 1
1516.7 -6531.4 -99.1 222 0 8.7 11.4 7.5 2.5 2 1 3 2 2
1505.7 -6692.8 -90.6 62 0 9.6 15.4 5.0 2.5 2 1 2 4 4
1507.2 -6542.9 -98.6 227 0 8.4 15.0 5.0 2.5 2 1 2 0 0
1526.8 -6575.2 -98.6 56 0 12.2 11.7 5.0 2.5 2 0 2 3 3
1525.6 -6522.1 -99.8 220 0 16.3 11.4 5.0 0.0 0 0 2 1 1
1545.4 -6526.9 -99.4 309 0 12.0 15.5 2.5 2.5 2 1 1 0 0
1549.2 -6561.0 -98.5 53 0 8.5 14.3 7.5 2.5 2 1 3 0 0
1538.2 -6569.8 -98.6 55 0 9.5 15.0 7.5 0.0 0 1 3 4 4
1565.2 -6661.5 -94.0 61 0 7.5 14.8 7.5 2.5 2 1 3 5 5
1586.8 -6652.6 -95.2 64 0 9.5 16.0 7.5 2.5 2 1 3 3 3
1563.2 -6554.7 -98.5 60 0 13.9 11.0 7.5 2.5 2 0 3 5 5
1575.7 -6654.3 -94.7 62 0 9.4 13.1 5.0 2.5 2 1 2 4 4
1524.9 -6695.3 -90.0 248 0 29.0 12.4 10.0 2.5 2 0 4 1 1
1576.8 -6604.3 -98.4 63 0 15.7 11.2 7.5 2.5 2 0 3 2 2
1530.4 -6680.2 -91.9 62 0 11.5 16.0 10.0 0.0 0 1 4 0 0
1344.8 -6681.8 -89.5 307 0 8.0 10.8 7.5 2.5 4 1 3 1 1
1470.7 -6659.2 -92.7 58 0 8.8 13.7 5.0 2.5 2 1 2 1 1
1504.9 -6623.1 -95.5 331 0 9.3 15.3 2.5 2.5 2 1 1 3 3
1317.2 -6669.7 -90.4 216 0 10.1 21.4 7.5 2.5 4 1 3 0 0
1355.9 -6614.8 -94.0 216 0 9.1 6.0 7.5 2.5 2 0 3 5 5
1283.5 -6709.1 -89.0 219 0 8.8 13.6 2.5 2.5 2 1 1 4 4
1299.2 -6703.2 -89.1 219 0 9.6 11.8 5.0 2.5 4 1 2 2 2
1340.3 -6730.6 -87.4 220 0 10.5 8.5 2.5 2.5 2 0 1 5 5
1235.9 -6637.7 -92.8 218 0 8.8 5.9 7.5 2.5 2 0 3 0 0
1457.4 -6626.2 -94.4 236 0 6.5 18.0 2.5 2.5 4 1 1 0 0
1360.9 -6712.9 -87.9 225 0 8.0 12.3 7.5 2.5 2 1 3 2 2
1231.1 -6634.2 -92.9 218 0 6.2 5.7 7.5 2.5 2 0 3 5 5
1493.1 -6648.7 -94.1 58 0 10.4 14.7 7.5 2.5 2 1 3 1 1
1366.2 -6635.5 -92.4 220 0 9.5 11.3 5.0 2.5 2 1 2 5 5
1391.9 -6805.3 -84.0 129 0 10.4 15.4 5.0 2.5 2 1 2 4 4
1320.1 -6734.6 -87.8 38 0 11.4 8.7 7.5 2.5 2 0 3 0 0
1506.7 -6640.8 -94.7 58 0 14.9 10.0 7.5 2.5 4 0 3 1 1
1348.2 -6634.2 -92.2 220 0 8.5 17.3 5.0 2.5 2 1 2 3 3
1408.1 -6787.5 -84.7 40 0 9.1 16.8 5.0 2.5 2 1 2 1 1
1335.5 -6712.5 -88.5 38 0 8.5 6.6 7.5 2.5 2 0 3 2 2
1348.5 -6664.0 -90.6 128 0 11.3 12.1 7.5 2.5 2 1 3 4 4
1306.7 -6661.7 -91.2 40 0 9.7 8.3 7.5 2.5 4 0 3 5 5
1340.3 -6700.9 -88.8 33 0 6.7 4.1 5.0 2.5 2 0 2 2 2
1224.2 -6667.7 -91.8 127 0 6.5 8.4 2.5 2.5 4 1 1 3 3
1368.4 -6672.1 -90.2 41 0 12.0 12.9 2.5 2.5 2 1 1 5 5
1298.8 -6647.1 -91.7 312 0 14.3 10.2 5.0 2.5 2 0 2 1 1
1337.7 -6697.5 -89.2 34 0 13.0 7.5 5.0 2.5 2 0 2 0 0
1417.2 -6777.6 -85.0 40 0 11.7 15.6 5.0 0.0 0 1 2 5 5
1223.0 -6641.8 -92.8 218 0 9.6 6.9 7.5 0.0 0 0 3 3 3
1280.0 -6670.2 -91.1 40 0 10.0 7.1 5.0 2.5 2 0 2 2 2
1280.8 -6689.6 -90.5 41 0 10.0 13.6 2.5 2.5 2 1 1 5 5
1259.9 -6622.2 -93.1 305 0 6.1 8.0 5.0 0.0 0 1 2 1 1
1428.7 -6676.7 -89.7 311 0 9.3 8.6 2.5 2.5 2 0 1 2 2
1256.3 -6691.9 -90.5 128 0 8.1 10.9 5.0 2.5 2 1 2 0 0
1292.3 -6698.6 -89.4 216 0 8.9 8.1 7.5 2.5 2 0 3 3 3
1255.7 -6617.0 -93.4 306 0 6.4 8.6 7.5 2.5 2 1 3 5 5
1244.0 -6684.4 -90.9 126 0 6.8 9.9 7.5 2.5 4 1 3 3 3
1442.7 -6683.2 -89.4 313 0 9.9 13.0 7.5 2.5 2 1 3 4 4
1246.5 -6614.5 -93.6 216 0 7.3 5.5 7.5 2.5 2 0 3 2 2
1482.0 -6706.1 -88.1 327 0 12.3 18.8 7.5 2.5 2 1 3 4 4
1238.3 -6625.1 -93.2 219 0 6.2 4.6 5.0 2.5 2 0 2 5 5
1320.2 -6687.3 -89.6 214 0 9.2 8.4 7.5 2.5 2 0 3 3 3
1460.4 -6663.3 -92.2 58 0 8.0 13.1 2.5 0.0 0 1 1 1 1
1475.7 -6670.3 -90.9 240 0 9.1 13.9 7.5 2.5 2 1 3 4 4
1240.4 -6641.7 -92.5 219 0 9.0 6.2 5.0 2.5 2 0 2 1 1
1510.4 -6651.9 -93.1 240 0 11.4 14.3 2.5 2.5 2 1 1 4 4
1198.5 -6587.7 -96.2 40 0 14.0 18.4 10.0 2.5 2 1 4 2 2
1317.0 -6529.5 -99.1 214 0 10.1 12.5 10.0 2.5 2 1 4 2 2
1271.6 -6580.9 -95.6 220 0 7.9 15.3 2.5 2.5 2 1 1 5 5
1432.1 -6507.2 -100.3 222 0 10.5 14.3 5.0 2.5 2 1 2 3 3
1435.7 -6486.3 -102.5 40 0 8.8 15.3 7.5 2.5 2 1 3 2 2
1261.2 -6569.1 -97.5 41 0 23.2 12.0 10.0 2.5 2 0 4 4 4
1433.3 -6577.5 -98.0 308 0 4.8 9.3 7.5 2.5 2 1 3 4 4
1173.8 -6560.1 -97.0 218 0 13.8 15.2 5.0 2.5 4 1 2 1 1
1331.3 -6553.7 -99.1 130 0 11.8 5.1 7.5 2.5 2 0 3 0 0
1428.5 -6573.8 -98.4 311 0 7.3 9.9 7.5 2.5 2 1 3 4 4
1422.8 -6570.2 -98.5 307 0 4.7 10.7 2.5 2.5 2 1 1 1 1
1271.4 -6451.0 -104.7 222 0 24.3 10.4 12.5 2.5 2 0 5 3 3
1187.0 -6602.2 -95.7 39 0 11.8 18.3 7.5 2.5 2 1 3 2 2
1383.1 -6575.1 -98.6 128 0 8.7 13.0 7.5 2.5 2 1 3 2 2
1425.8 -6494.5 -101.5 41 0 6.7 12.8 7.5 2.5 2 1 3 4 4
1260.5 -6441.3 -105.3 221 0 23.5 11.4 10.0 2.5 2 0 4 2 2
1394.3 -6595.6 -96.0 310 0 7.2 12.3 2.5 2.5 2 1 1 3 3
1417.1 -6503.8 -100.8 42 0 8.2 13.1 7.5 2.5 2 1 3 0 0
1328.7 -6434.2 -105.6 308 0 6.0 10.6 7.5 0.0 0 1 3 5 5
1299.8 -6425.4 -106.2 311 0 9.5 19.6 7.5 2.5 2 1 3 4 4
1402.9 -6602.7 -95.5 313 0 4.8 12.5 5.0 2.5 2 1 2 3 3
1449.1 -6596.6 -97.2 36 0 9.2 8.4 2.5 2.5 2 0 1 5 5
1174.6 -6615.7 -95.2 38 0 12.7 17.2 7.5 2.5 2 1 3 1 1
1288.1 -6418.0 -106.7 311 0 12.1 17.8 5.0 0.0 0 1 2 0 0
1401.6 -6619.0 -95.0 131 0 6.0 12.3 5.0 2.5 2 1 2 4 4
1492.2 -6505.5 -100.5 211 0 9.6 9.4 7.5 2.5 2 0 3 2 2
1160.6 -6575.5 -96.5 216 0 13.0 15.4 7.5 2.5 2 1 3 4 4
1323.3 -6431.8 -105.7 308 0 5.5 11.2 2.5 2.5 2 1 1 1 1
1148.1 -6590.6 -96.1 218 0 13.6 15.8 5.0 2.5 2 1 2 2 2
1317.6 -6429.1 -105.9 307 0 6.4 11.7 5.0 2.5 2 1 2 5 5
1209.0 -6630.6 -93.9 38 0 11.7 11.3 2.5 2.5 2 0 1 0 0
1240.8 -6552.2 -98.1 220 0 23.6 11.6 10.0 2.5 2 0 4 5 5
1336.7 -6461.0 -104.8 41 0 23.8 12.6 10.0 2.5 2 0 4 4 4
1340.9 -6561.5 -99.0 128 0 13.0 10.0 2.5 2.5 2 0 1 3 3
1319.4 -6445.5 -104.8 311 0 5.6 10.9 5.0 2.5 2 1 2 1 1
1280.5 -6545.5 -99.2 42 0 24.1 11.1 12.5 2.5 2 0 5 4 4
1369.0 -6532.2 -99.0 309 0 13.4 5.1 7.5 2.5 2 0 3 5 5
1313.9 -6443.1 -104.9 309 0 5.7 10.7 5.0 0.0 0 1 2 3 3
1260.4 -6529.0 -99.3 220 0 23.6 11.9 15.0 0.0 0 0 6 4 4
1425.5 -6517.6 -99.7 219 0 8.0 13.3 5.0 2.5 2 1 2 1 1
1470.5 -6528.7 -99.2 218 0 9.9 12.1 7.5 2.5 2 1 3 4 4
1349.3 -6529.1 -99.1 306 0 14.0 5.8 5.0 2.5 2 0 2 2 2
1217.4 -6619.2 -94.2 37 0 9.2 10.5 7.5 2.5 2 1 3 2 2
1224.4 -6497.8 -100.8 218 0 13.3 15.3 2.5 2.5 2 1 1 3 3
1327.4 -6492.8 -102.3 41 0 24.4 11.4 10.0 2.5 2 0 4 5 5
1446.8 -6539.8 -98.9 39 0 12.3 8.7 5.0 2.5 2 0 2 2 2
1198.8 -6604.1 -94.7 218 0 9.2 8.7 7.5 2.5 2 0 3 0 0
1211.9 -6513.1 -99.7 220 0 14.0 16.5 5.0 2.5 2 1 2 0 0
1316.0 -6483.7 -103.2 41 0 24.6 11.8 15.0 0.0 0 0 6 4 4
1308.3 -6440.6 -105.1 309 0 6.1 10.8 7.5 2.5 2 1 3 5 5
1448.5 -6554.6 -98.8 215 0 8.9 11.7 2.5 2.5 2 1 1 0 0
1246.2 -6584.4 -95.4 32 0 9.6 12.6 7.5 2.5 2 1 3 0 0
1403.5 -6590.4 -97.5 135 0 7.4 12.1 7.5 2.5 2 1 3 1 1
1263.9 -6501.0 -101.2 132 0 14.1 10.5 7.5 2.5 2 0 3 1 1
1199.1 -6528.5 -99.2 219 0 13.8 16.0 2.5 2.5 4 1 1 0 0
1418.4 -6526.7 -99.2 220 0 9.6 14.7 7.5 2.5 2 1 3 1 1
1284.2 -6511.6 -101.1 131 0 12.2 24.6 10.0 2.5 4 1 4 0 0
1364.2 -6539.0 -99.0 306 0 13.1 8.8 5.0 2.5 2 0 2 3 3
1359.5 -6453.9 -105.2 38 0 8.1 18.0 7.5 2.5 2 1 3 1 1
1459.2 -6545.8 -98.7 217 0 10.2 8.8 5.0 2.5 2 0 2 0 0
1281.0 -6570.3 -96.6 221 0 8.7 14.2 5.0 2.5 2 1 2 0 0
1224.4 -6569.2 -95.9 217 0 9.5 11.5 7.5 2.5 2 1 3 4 4
1247.3 -6485.7 -103.1 131 0 11.3 23.6 12.5 2.5 4 1 5 5 5
1393.4 -6554.9 -98.9 216 0 11.3 4.6 2.5 2.5 2 0 1 3 3
1480.2 -6519.6 -99.7 220 0 11.7 10.2 7.5 2.5 2 0 3 5 5
1308.2 -6515.5 -100.3 40 0 24.6 11.9 12.5 2.5 2 0 5 3 3
1440.4 -6550.8 -98.8 40 0 9.9 12.5 5.0 2.5 2 1 2 4 4
1370.5 -6483.8 -102.7 39 0 10.5 14.4 5.0 2.5 2 1 2 4 4
1347.6 -6471.2 -104.2 41 0 24.3 12.2 10.0 2.5 2 0 4 5 5
1310.4 -6632.7 -92.3 128 0 10.8 7.5 2.5 2.5 2 0 1 4 4
1479.8 -6505.0 -100.7 38 0 9.4 9.6 5.0 2.5 2 1 2 2 2
1229.3 -6452.5 -104.2 221 0 15.2 7.4 5.0 2.5 2 0 2 0 0
1408.8 -6555.6 -98.9 306 0 9.0 14.3 7.5 0.0 0 1 3 2 2
1339.9 -6511.1 -99.9 305 0 11.9 6.6 7.5 2.5 2 0 3 1 1
1433.4 -6556.9 -98.8 36 0 8.5 11.4 2.5 2.5 2 1 1 4 4
1388.8 -6467.1 -104.3 42 0 10.8 13.7 5.0 2.5 2 1 2 5 5
1419.9 -6602.9 -96.4 133 0 3.8 10.2 5.0 2.5 2 1 2 0 0
1186.2 -6544.1 -97.7 217 0 13.2 15.8 5.0 2.5 2 1 2 0 0
1236.7 -6475.1 -103.7 133 0 10.4 23.4 5.0 2.5 2 1 2 1 1
1390.1 -6580.2 -98.2 128 0 7.9 12.5 7.5 2.5 2 1 3 5 5
1022.4 -6299.2 -110.5 221 0 7.7 4.8 5.0 2.5 2 0 2 3 3
1239.1 -6426.2 -106.6 43 0 9.3 13.8 5.0 2.5 4 1 2 0 0
1027.9 -6373.5 -107.2 224 0 8.9 6.5 5.0 2.5 2 0 2 3 3
930.7 -6293.2 -109.8 43 0 8.2 14.7 7.5 2.5 2 1 3 5 5
999.4 -6318.8 -109.3 221 0 8.9 4.4 2.5 0.0 0 0 1 0 0
955.9 -6238.1 -112.1 311 0 7.2 14.2 7.5 2.5 2 1 3 2 2
988.5 -6321.9 -109.1 224 0 10.3 5.2 5.0 2.5 2 0 2 4 4
975.3 -6434.7 -104.2 130 0 7.3 8.5 2.5 2.5 2 1 1 5 5
966.3 -6276.2 -110.7 221 0 8.6 10.8 5.0 2.5 2 1 2 3 3
1163.1 -6499.6 -100.4 213 0 7.4 12.5 2.5 2.5 2 1 1 2 2
911.8 -6337.7 -107.9 222 0 10.8 12.4 2.5 2.5 4 1 1 5 5
1022.4 -6340.3 -108.8 42 0 9.8 5.7 5.0 2.5 2 0 2 0 0
962.3 -6438.0 -103.9 132 0 7.7 8.1 5.0 2.5 2 1 2 4 4
973.8 -6303.1 -109.8 45 0 6.3 10.9 5.0 2.5 2 1 2 2 2
1202.8 -6462.4 -103.2 309 0 11.4 14.1 2.5 2.5 2 1 1 4 4
901.0 -6347.1 -107.5 220 0 7.0 9.4 5.0 2.5 2 1 2 0 0
1030.8 -6328.9 -109.5 42 0 10.8 9.1 5.0 2.5 2 0 2 5 5
893.0 -6354.1 -107.2 224 0 7.9 13.0 7.5 2.5 2 1 3 0 0
911.5 -6389.3 -106.2 43 0 9.9 13.6 5.0 0.0 0 1 2 2 2
956.5 -6287.2 -110.0 222 0 5.1 11.3 5.0 2.5 2 1 2 0 0
1036.3 -6316.7 -110.1 42 0 10.3 5.6 7.5 2.5 4 0 3 1 1
977.6 -6386.9 -106.3 41 0 8.1 6.2 5.0 2.5 2 0 2 4 4
1061.4 -6326.1 -110.0 221 0 9.0 7.4 5.0 2.5 4 0 2 0 0
941.1 -6302.9 -109.2 221 0 7.6 15.5 5.0 2.5 2 1 2 0 0
1019.5 -6320.1 -109.6 45 0 9.5 6.1 5.0 2.5 2 0 2 5 5
956.9 -6364.9 -107.1 219 0 8.5 12.5 7.5 2.5 2 1 3 1 1
971.2 -6395.2 -105.9 42 0 8.7 7.1 7.5 0.0 0 0 3 4 4
1051.2 -6348.1 -108.8 224 0 7.8 6.8 7.5 2.5 4 0 3 3 3
1023.5 -6366.2 -107.7 223 0 9.3 7.3 7.5 0.0 0 0 3 1 1
942.2 -6349.2 -107.8 44 0 10.1 10.4 10.0 2.5 2 1 4 1 1
1141.7 -6509.9 -100.3 38 0 7.5 14.6 7.5 2.5 2 1 3 4 4
1030.9 -6306.1 -110.4 43 0 7.3 5.0 5.0 2.5 2 0 2 5 5
948.5 -6373.1 -106.6 219 0 9.4 5.8 5.0 2.5 2 0 2 1 1
974.5 -6380.9 -106.6 43 0 9.3 6.5 7.5 2.5 2 0 3 4 4
1136.5 -6532.9 -98.6 217 0 9.2 10.1 2.5 0.0 0 1 1 5 5
1020.2 -6381.1 -106.7 223 0 7.8 6.9 7.5 2.5 2 0 3 1 1
965.4 -6387.1 -106.2 42 0 8.8 6.2 5.0 2.5 2 0 2 4 4
1012.2 -6388.4 -106.3 222 0 8.8 6.7 5.0 2.5 2 0 2 5 5
1129.8 -6377.9 -108.7 33 0 12.4 10.8 7.5 2.5 2 0 3 4 4
1046.7 -6343.0 -108.9 226 0 6.6 6.3 7.5 2.5 2 0 3 3 3
1134.0 -6518.2 -99.7 36 0 8.3 13.7 2.5 2.5 2 1 1 5 5
940.0 -6380.7 -106.2 220 0 8.9 6.1 5.0 2.5 2 0 2 0 0
1185.4 -6368.9 -108.9 308 0 11.2 12.2 5.0 2.5 2 1 2 5 5
1161.3 -6545.0 -98.0 31 0 5.8 9.2 2.5 2.5 2 1 1 4 4
1043.2 -6357.5 -108.4 223 0 8.4 6.6 5.0 2.5 4 0 2 2 2
864.1 -6345.5 -107.6 129 0 12.6 9.6 5.0 2.5 2 0 2 5 5
1126.2 -6528.1 -99.6 39 0 6.8 13.7 2.5 2.5 2 1 1 3 3
954.3 -6411.6 -105.0 42 0 8.5 6.1 7.5 2.5 2 0 3 5 5
944.3 -6387.0 -105.9 218 0 9.5 6.0 7.5 2.5 2 0 3 5 5
1184.1 -6397.5 -108.0 41 0 8.8 21.1 2.5 2.5 2 1 1 3 3
1039.1 -6350.9 -108.6 225 0 7.2 6.2 7.5 2.5 2 0 3 0 0
1000.8 -6391.3 -106.1 223 0 8.2 6.4 5.0 2.5 2 0 2 1 1
903.3 -6316.5 -108.8 40 0 8.0 10.3 7.5 2.5 2 1 3 1 1
1120.0 -6537.6 -99.6 39 0 7.9 16.1 5.0 2.5 4 1 2 4 4
1158.1 -6490.6 -101.4 41 0 7.6 10.1 5.0 2.5 2 1 2 3 3
940.8 -6421.3 -104.6 132 0 6.9 8.4 7.5 2.5 2 1 3 4 4
952.2 -6378.5 -106.4 218 0 8.8 5.5 7.5 2.5 4 0 3 2 2
1031.5 -6358.9 -108.2 222 0 6.9 6.9 2.5 2.5 4 0 1 5 5
997.5 -6404.9 -105.5 221 0 8.5 7.0 7.5 2.5 2 0 3 1 1
937.5 -6283.0 -110.1 39 0 7.1 7.3 5.0 2.5 2 1 2 4 4
1149.0 -6500.0 -100.9 39 0 8.0 13.9 7.5 2.5 2 1 3 4 4
994.6 -6331.4 -108.7 226 0 8.5 3.6 7.5 2.5 2 0 3 3 3
990.3 -6412.6 -105.0 227 0 7.6 6.4 7.5 2.5 2 0 3 2 2
1154.2 -6401.7 -107.6 133 0 11.6 13.2 5.0 2.5 2 1 2 2 2
977.7 -6416.1 -104.8 221 0 9.3 6.6 7.5 2.5 2 0 3 4 4
936.9 -6361.1 -107.4 43 0 8.2 10.9 5.0 2.5 2 1 2 2 2
1430.7 -6401.0 -108.4 292 0 11.6 14.3 7.5 2.5 4 1 3 2 2
1472.0 -6423.8 -106.9 288 0 15.1 13.5 7.5 2.5 2 0 3 3 3
1415.3 -6431.5 -107.3 114 0 13.1 16.1 5.0 2.5 2 1 2 5 5
1472.6 -6447.7 -105.8 17 0 13.8 15.3 2.5 2.5 2 1 1 3 3
1458.6 -6467.3 -104.4 110 0 15.5 13.9 5.0 2.5 2 0 2 5 5
1518.1 -6478.5 -103.3 97 0 8.9 15.3 2.5 2.5 2 1 1 2 2
1409.0 -6447.2 -106.0 108 0 15.7 14.0 5.0 2.5 2 0 2 4 4
1383.2 -6429.0 -106.6 199 0 14.7 15.9 5.0 2.5 2 1 2 1 1
1401.2 -6395.1 -108.9 200 0 9.7 19.4 5.0 2.5 2 1 2 4 4
1240.4 -6306.9 -112.0 295 0 12.3 9.3 7.5 2.5 2 0 3 4 4
1324.0 -6062.7 -116.8 297 0 10.3 8.6 5.0 2.5 2 0 2 1 1
1328.2 -6121.2 -116.1 299 0 22.6 14.4 7.5 2.5 2 0 3 3 3
1233.0 -6253.7 -113.4 207 0 9.5 12.3 7.5 2.5 2 1 3 4 4
1303.2 -6119.1 -116.1 206 0 14.4 7.7 2.5 2.5 2 0 1 5 5
1275.2 -6174.8 -115.2 209 0 7.7 7.9 7.5 2.5 2 1 3 2 2
1261.4 -6256.5 -113.7 118 0 10.2 8.4 5.0 2.5 2 0 2 2 2
1283.5 -6365.0 -109.7 26 0 10.5 14.3 7.5 2.5 2 1 3 3 3
1308.1 -6298.3 -112.9 116 0 12.5 9.3 7.5 0.0 0 0 3 3 3
1291.7 -6151.7 -115.8 207 0 10.3 10.4 2.5 2.5 2 1 1 3 3
1367.9 -6189.9 -115.5 27 0 11.0 22.6 10.0 2.5 2 1 4 0 0
1378.3 -6310.8 -112.4 300 0 7.2 10.0 5.0 2.5 2 1 2 5 5
1276.5 -6378.0 -108.9 26 0 10.7 13.7 5.0 2.5 2 1 2 0 0
1290.9 -6291.2 -113.1 117 0 13.1 8.8 5.0 2.5 2 0 2 2 2
1283.5 -6165.6 -115.5 205 0 9.4 11.6 5.0 2.5 4 1 2 4 4
1330.8 -6110.2 -116.5 122 0 11.9 14.4 5.0 2.5 2 1 2 0 0
1410.7 -6312.0 -113.2 116 0 21.7 17.3 10.0 2.5 2 0 4 4 4
1284.8 -6306.5 -112.1 295 0 10.2 11.1 5.0 2.5 2 1 2 1 1
1305.6 -6158.4 -115.8 205 0 10.6 12.3 7.5 2.5 2 1 3 2 2
1332.0 -6306.2 -112.5 202 0 11.2 17.7 5.0 2.5 2 1 2 0 0
1354.1 -6139.0 -116.0 299 0 10.7 12.5 5.0 2.5 2 1 2 2 2
1255.0 -6066.7 -116.4 120 0 9.4 12.8 2.5 2.5 4 1 1 1 1
1257.9 -6360.5 -110.0 113 0 13.2 9.7 7.5 0.0 0 0 3 1 1
1251.7 -6373.6 -109.2 115 0 13.3 9.7 5.0 2.5 4 0 2 2 2
1279.0 -6327.3 -111.6 21 0 10.6 9.2 7.5 2.5 2 0 3 0 0
1374.3 -6375.8 -110.0 27 0 18.2 18.6 7.5 2.5 2 1 3 5 5
1287.6 -6350.0 -110.5 25 0 10.8 9.9 2.5 2.5 4 0 1 2 2
1357.7 -6126.6 -116.4 116 0 11.4 8.8 5.0 2.5 2 0 2 4 4
1366.4 -6140.7 -116.1 299 0 10.6 14.3 5.0 2.5 2 1 2 4 4
1268.7 -6072.8 -116.5 119 0 11.6 12.2 7.5 2.5 2 1 3 4 4
1230.5 -6285.4 -112.8 295 0 9.8 9.1 7.5 2.5 2 0 3 4 4
1288.8 -6078.2 -116.6 120 0 8.5 16.3 5.0 2.5 2 1 2 4 4
1342.3 -6116.1 -116.5 122 0 11.8 14.3 2.5 2.5 2 1 1 1 1
1309.6 -6039.7 -116.9 291 0 9.6 16.3 7.5 2.5 4 1 3 0 0
1307.9 -6091.3 -116.6 122 0 10.1 19.4 10.0 2.5 2 1 4 0 0
1295.8 -6040.7 -116.8 289 0 9.6 14.9 5.0 0.0 0 1 2 3 3
1224.8 -6298.6 -112.3 294 0 11.8 9.4 5.0 0.0 0 0 2 2 2
1246.6 -6292.8 -112.6 295 0 11.9 9.1 7.5 0.0 0 0 3 1 1
1344.4 -6131.5 -116.1 299 0 9.8 17.8 5.0 2.5 2 1 2 1 1
1317.6 -6101.3 -116.7 122 0 11.5 24.8 10.0 2.5 4 1 4 2 2
985.6 -6223.4 -113.4 121 0 8.1 14.4 5.0 2.5 2 1 2 2 2
1015.2 -6204.2 -113.4 304 0 8.9 12.9 7.5 2.5 2 1 3 4 4
954.1 -6156.1 -114.2 216 0 8.8 11.4 7.5 2.5 2 1 3 1 1
1023.4 -6247.4 -112.8 119 0 10.3 10.3 10.0 2.5 2 1 4 1 1
962.9 -6143.6 -114.5 215 0 9.3 11.2 5.0 2.5 2 1 2 2 2
1121.1 -6155.1 -115.2 135 0 8.0 14.3 5.0 2.5 2 1 2 2 2
997.5 -6231.5 -113.2 122 0 7.6 14.0 2.5 2.5 2 1 1 0 0
945.7 -6168.3 -114.0 213 0 8.9 11.2 5.0 2.5 2 1 2 4 4
936.8 -6180.0 -113.8 215 0 9.0 11.3 5.0 2.5 4 1 2 3 3
974.3 -6204.0 -113.5 213 0 9.9 9.7 2.5 2.5 2 0 1 4 4
1009.3 -6240.5 -113.0 122 0 12.0 12.4 7.5 2.5 2 1 3 1 1
1151.3 -6145.1 -115.5 42 0 10.2 16.9 5.0 2.5 2 1 2 5 5
1050.8 -6236.0 -113.0 26 0 14.1 9.5 7.5 2.5 2 0 3 0 0
1144.4 -6158.8 -115.1 33 0 16.2 12.4 5.0 2.5 2 0 2 5 5
1037.6 -6220.7 -113.1 302 0 11.0 13.6 7.5 2.5 2 1 3 2 2
1269.9 -5975.3 -117.6 215 0 14.0 12.8 5.0 2.5 2 0 2 3 3
1228.4 -6171.9 -115.1 205 0 9.7 13.3 2.5 2.5 2 1 1 1 1
1164.3 -6225.6 -113.7 117 0 17.2 6.8 5.0 2.5 4 0 2 3 3
1152.2 -6331.7 -111.1 116 0 7.4 10.1 7.5 2.5 4 1 3 5 5
1256.7 -6184.4 -115.0 26 0 7.7 12.7 5.0 2.5 2 1 2 5 5
1235.8 -6224.9 -114.0 26 0 10.2 13.4 2.5 2.5 2 1 1 4 4
1189.2 -6139.1 -115.6 206 0 6.6 8.8 5.0 2.5 2 1 2 0 0
1262.1 -6172.9 -115.3 25 0 7.2 11.3 7.5 2.5 2 1 3 4 4
1255.7 -6005.0 -117.1 112 0 10.8 10.4 7.5 2.5 2 0 3 5 5
1198.2 -6242.4 -113.5 114 0 12.9 8.2 7.5 2.5 4 0 3 2 2
1051.6 -6270.3 -112.2 206 0 13.6 15.4 7.5 2.5 2 1 3 0 0
1238.8 -6020.9 -116.7 206 0 14.0 8.1 2.5 2.5 2 0 1 5 5
1200.8 -6224.5 -113.8 206 0 7.8 13.3 2.5 2.5 2 1 1 4 4
1089.7 -6257.3 -112.6 26 0 9.4 12.7 5.0 2.5 2 1 2 3 3
977.1 -6175.1 -114.1 37 0 9.3 11.6 5.0 2.5 2 1 2 0 0
1207.9 -6212.4 -114.1 208 0 9.6 12.1 5.0 2.5 2 1 2 0 0
1121.3 -6187.7 -114.2 296 0 13.9 8.5 7.5 2.5 2 0 3 2 2
1058.3 -6254.5 -112.5 206 0 8.9 12.9 5.0 0.0 0 1 2 2 2
968.1 -6187.4 -114.0 36 0 9.0 12.1 5.0 2.5 2 1 2 3 3
1233.1 -6122.5 -115.7 114 0 6.6 11.4 5.0 2.5 2 1 2 3 3
1189.5 -6186.8 -114.7 25 0 12.1 10.2 5.0 2.5 2 0 2 0 0
1086.7 -6201.1 -113.8 206 0 10.6 12.4 5.0 0.0 0 1 2 1 1
1242.5 -6149.8 -115.6 206 0 7.7 13.9 5.0 0.0 0 1 2 5 5
1220.8 -6118.7 -115.7 113 0 7.2 13.6 5.0 2.5 2 1 2 5 5
1105.6 -6232.5 -113.3 26 0 10.6 15.5 5.0 2.5 2 1 2 4 4
1176.2 -6146.7 -115.4 206 0 8.2 10.9 5.0 2.5 2 1 2 0 0
1206.8 -6091.4 -115.8 207 0 11.0 14.8 2.5 2.5 2 1 1 5 5
1182.6 -6201.1 -114.3 25 0 8.7 10.2 7.5 0.0 0 1 3 5 5
1248.5 -6120.7 -115.7 114 0 9.3 10.0 7.5 2.5 2 1 3 3 3
1159.1 -6191.1 -114.3 204 0 8.4 9.8 2.5 2.5 2 1 1 0 0
1222.6 -6183.8 -114.8 205 0 9.3 14.0 7.5 2.5 2 1 3 2 2
1306.9 -6028.0 -117.2 60 0 9.1 20.6 2.5 2.5 2 1 1 4 4
1166.2 -6214.6 -113.9 117 0 7.9 7.6 2.5 2.5 2 0 1 0 0
1109.5 -6282.0 -112.1 206 0 9.2 15.7 5.0 2.5 2 1 2 2 2
1299.2 -5989.5 -117.5 331 0 19.1 13.0 2.5 2.5 2 0 1 4 4
1166.1 -6176.2 -114.7 206 0 9.2 12.0 5.0 2.5 4 1 2 4 4
2248.7 -7787.5 -106.3 0 0 4.8 10.6 7.5 2.5 2 1 3 1 1
2240.3 -7774.3 -106.0 268 0 9.9 4.3 7.5 2.5 4 0 3 2 2
2247.6 -7810.8 -107.2 164 0 4.5 9.1 5.0 2.5 2 1 2 4 4
2257.8 -7835.2 -108.8 163 0 4.7 8.7 7.5 2.5 2 1 3 5 5
2254.1 -7825.9 -108.2 160 0 5.0 8.6 5.0 2.5 2 1 2 1 1
2260.6 -7818.7 -107.9 342 0 4.6 8.5 5.0 2.5 2 1 2 1 1
2246.6 -7780.7 -106.1 359 0 4.3 10.0 5.0 0.0 0 1 2 0 0
2248.7 -7815.3 -107.3 164 0 4.5 9.1 5.0 2.5 2 1 2 5 5
2267.8 -7844.0 -108.7 353 0 9.9 5.2 5.0 2.5 2 0 2 5 5
2244.0 -7804.8 -106.2 162 0 5.0 8.0 7.5 2.5 2 1 3 3 3
2256.1 -7830.7 -108.5 162 0 5.2 8.7 5.0 2.5 4 1 2 3 3
2250.8 -7798.1 -106.1 346 0 4.8 8.5 5.0 2.5 2 1 2 4 4
2248.2 -7792.1 -105.9 0 0 4.3 9.6 7.5 2.5 2 1 3 4 4
2276.7 -7782.1 -114.3 1 0 4.4 9.3 7.5 0.0 0 1 3 4 4
2269.5 -7805.6 -112.2 90 0 8.6 4.2 7.5 2.5 2 0 3 0 0
2275.7 -7792.8 -113.3 360 0 4.6 8.7 5.0 2.5 2 1 2 1 1
2276.4 -7777.5 -114.5 0 0 4.2 9.3 5.0 2.5 2 1 2 3 3
2275.7 -7788.3 -113.6 359 0 4.6 9.3 7.5 2.5 2 1 3 2 2
2275.2 -7799.3 -112.8 1 0 4.4 9.5 7.5 0.0 0 1 3 3 3
2266.9 -7690.9 -114.8 269 0 10.1 14.2 7.5 2.5 2 1 3 1 1
2192.4 -7546.8 -103.2 165 0 5.2 10.4 7.5 0.0 0 1 3 1 1
2286.3 -7613.6 -120.8 2 0 8.8 14.2 7.5 2.5 4 1 3 2 2
2179.9 -7590.0 -97.7 355 0 11.3 10.8 10.0 2.5 2 0 4 0 0
2189.1 -7698.5 -97.0 160 0 12.0 8.3 7.5 2.5 2 0 3 3 3
2232.8 -7603.8 -111.1 83 0 18.5 12.2 10.0 2.5 2 0 4 4 4
2248.9 -7699.9 -111.1 180 0 6.7 9.0 7.5 0.0 0 0 3 5 5
2188.7 -7601.8 -99.5 354 0 7.1 11.1 5.0 0.0 0 1 2 0 0
2204.9 -7658.1 -100.5 341 0 10.8 12.5 5.0 2.5 4 1 2 4 4
2219.1 -7574.9 -107.6 262 0 9.2 7.5 5.0 2.5 2 0 2 3 3
2163.3 -7629.3 -95.9 155 0 7.7 11.9 5.0 2.5 2 1 2 2 2
2168.5 -7529.5 -96.0 351 0 8.8 10.8 5.0 0.0 0 1 2 0 0
2221.7 -7741.9 -101.1 355 0 4.8 5.1 2.5 2.5 2 1 1 3 3
2280.5 -7686.7 -118.2 273 0 8.9 5.1 7.5 2.5 2 0 3 4 4
2249.0 -7693.4 -111.4 180 0 6.3 9.0 5.0 2.5 2 0 2 3 3
2182.2 -7572.4 -98.5 359 0 12.6 10.4 5.0 2.5 2 0 2 5 5
2207.7 -7673.5 -100.6 338 0 9.7 7.7 5.0 2.5 2 0 2 1 1
2221.6 -7583.3 -108.1 262 0 10.0 6.7 7.5 2.5 4 0 3 1 1
2157.9 -7616.5 -95.3 154 0 7.2 12.3 5.0 2.5 2 1 2 3 3
2171.2 -7542.3 -96.4 351 0 9.8 8.0 7.5 2.5 2 0 3 4 4
2220.9 -7727.9 -101.2 353 0 17.1 9.1 2.5 2.5 2 0 1 1 1
2145.5 -7561.6 -93.2 179 0 6.9 12.6 5.0 2.5 2 1 2 3 3
2202.4 -7723.1 -98.9 174 0 8.8 8.6 5.0 2.5 2 0 2 3 3
2203.3 -7646.4 -100.9 345 0 6.8 12.6 7.5 2.5 2 0 3 5 5
2201.6 -7640.0 -101.0 345 0 6.6 12.6 5.0 2.5 2 0 2 4 4
2175.9 -7560.5 -97.2 352 0 6.3 10.1 2.5 2.5 2 0 1 1 1
2175.1 -7554.1 -97.1 353 0 6.8 10.1 7.5 2.5 2 0 3 4 4
2230.4 -7510.2 -107.9 353 0 5.6 11.2 5.0 2.5 2 1 2 4 4
2209.4 -7522.9 -105.5 261 0 13.6 5.0 2.5 2.5 2 0 1 5 5
2230.1 -7516.0 -108.0 352 0 5.6 11.4 7.5 2.5 2 1 3 4 4
2186.2 -7525.6 -101.9 168 0 5.0 12.2 7.5 2.5 2 1 3 1 1
2186.5 -7530.6 -102.0 169 0 4.8 11.8 7.5 2.5 2 1 3 1 1
2209.1 -7512.0 -105.2 261 0 13.1 5.7 7.5 2.5 2 0 3 0 0
2209.1 -7517.7 -105.2 261 0 12.7 5.2 5.0 2.5 2 0 2 2 2
2191.6 -7515.9 -101.8 259 0 12.0 5.9 2.5 2.5 2 0 1 3 3
2230.2 -7521.5 -108.1 352 0 5.4 10.7 7.5 2.5 2 1 3 2 2
2191.0 -7541.6 -102.8 165 0 5.6 10.3 5.0 2.5 2 1 2 5 5
2206.1 -7567.4 -104.7 76 0 9.3 6.2 5.0 2.5 2 0 2 4 4
2204.6 -7561.4 -104.4 74 0 9.2 5.0 2.5 2.5 2 0 1 0 0
2219.1 -7563.0 -107.5 73 0 9.4 5.1 2.5 2.5 2 0 1 0 0
2217.6 -7558.1 -107.1 72 0 9.4 4.6 2.5 2.5 4 0 1 5 5
2204.3 -7587.1 -105.1 169 0 4.1 9.3 7.5 2.5 2 1 3 3 3
2203.1 -7590.8 -105.2 170 0 3.1 11.1 5.0 2.5 2 0 2 3 3
2206.3 -7543.4 -105.6 165 0 5.0 9.1 5.0 2.5 2 0 2 2 2
2205.0 -7538.6 -105.3 165 0 4.8 9.1 7.5 2.5 2 0 3 2 2
2228.5 -7538.1 -108.2 346 0 5.0 8.6 5.0 0.0 0 0 2 1 1
2227.3 -7533.3 -107.8 346 0 4.8 8.6 7.5 2.5 2 0 3 2 2
2107.8 -7519.7 -86.3 63 0 6.9 5.6 2.5 2.5 2 0 1 2 2
2184.4 -7503.4 -99.0 68 0 3.7 13.6 2.5 2.5 2 1 1 4 4
2180.1 -7503.7 -98.2 67 0 4.3 12.8 5.0 2.5 2 1 2 5 5
2185.8 -7471.6 -99.2 263 0 4.6 12.3 2.5 2.5 2 1 1 0 0
2225.0 -7458.5 -106.9 262 0 7.1 12.7 7.5 2.5 2 1 3 2 2
2167.1 -7483.1 -97.2 158 0 5.1 12.4 5.0 2.5 2 1 2 1 1
2212.7 -7495.2 -104.6 64 0 7.2 12.4 7.5 2.5 2 1 3 2 2
2212.7 -7463.2 -104.6 259 0 5.8 12.8 5.0 2.5 2 1 2 4 4
2201.9 -7499.0 -102.4 63 0 5.0 12.6 2.5 2.5 2 1 1 3 3
2190.3 -7469.6 -100.0 265 0 4.7 12.6 7.5 2.5 2 1 3 4 4
2238.9 -7489.3 -109.6 63 0 7.2 12.7 2.5 2.5 2 1 1 1 1
2166.2 -7478.0 -96.9 158 0 4.7 12.0 5.0 2.5 2 1 2 3 3
2225.6 -7492.2 -107.0 64 0 6.9 12.3 5.0 2.5 2 1 2 0 0
2201.3 -7467.9 -102.4 262 0 6.3 11.7 7.5 2.5 2 1 3 1 1
2197.1 -7500.1 -101.4 62 0 4.6 12.4 7.5 2.5 2 1 3 1 1
2122.9 -7562.5 -89.3 178 0 11.6 17.0 7.5 2.5 2 1 3 5 5
2128.5 -7580.0 -88.6 151 0 17.9 6.5 5.0 2.5 2 0 2 2 2
2116.3 -7539.3 -88.0 178 0 8.8 16.7 7.5 2.5 2 0 3 1 1
2120.1 -7548.8 -87.8 181 0 11.0 12.3 5.0 2.5 2 0 2 5 5
2236.9 -7414.0 -112.3 92 0 8.5 6.7 2.5 2.5 2 0 1 0 0
2224.5 -7416.0 -111.2 91 0 8.3 12.7 5.0 2.5 2 1 2 0 0
2224.1 -7434.3 -108.9 92 0 8.7 12.4 2.5 2.5 4 1 1 5 5
2235.7 -7433.0 -110.5 93 0 7.7 12.8 7.5 2.5 2 1 3 0 0
2280.1 -7394.3 -118.9 291 0 8.2 19.0 7.5 2.5 2 1 3 1 1
2211.7 -7437.0 -107.2 93 0 8.3 13.2 7.5 2.5 2 1 3 4 4
2238.9 -7378.3 -113.7 292 0 10.1 20.7 7.5 2.5 2 1 3 1 1
2208.8 -7367.2 -110.6 293 0 9.3 18.8 5.0 2.5 2 1 2 2 2
2196.8 -7399.8 -107.9 181 0 13.1 8.2 7.5 2.5 4 0 3 0 0
2248.7 -7418.0 -113.2 94 0 8.1 6.5 5.0 2.5 2 0 2 2 2
2208.2 -7405.9 -109.3 181 0 12.2 7.6 7.5 2.5 2 0 3 5 5
2263.4 -7387.7 -116.7 292 0 8.6 19.3 2.5 2.5 2 1 1 0 0
2250.1 -7382.1 -114.7 290 0 7.6 20.9 5.0 2.5 2 1 2 2 2
2223.8 -7372.3 -112.1 293 0 9.6 19.0 5.0 2.5 2 1 2 3 3
2260.9 -7422.2 -114.2 91 0 9.1 6.4 2.5 2.5 2 0 1 3 3
-1914.9 10434.9 -127.9 58 0 17.1 13.4 17.5 3.5 4 0 5 0 0
-1881.5 10483.4 -129.8 324 0 34.1 26.7 17.5 0.0 0 0 5 2 2
-2027.6 9884.0 -121.7 104 0 22.6 17.3 17.5 3.5 2 0 5 1 1
-2028.4 9922.0 -119.4 194 0 17.4 22.6 17.5 0.0 0 1 5 5 5
-2021.2 9949.2 -116.9 194 0 17.3 22.6 17.5 3.5 2 1 5 4 4
-2013.2 9976.4 -114.4 194 0 17.3 22.6 17.5 3.5 2 1 5 1 1
-1994.9 10008.9 -113.1 284 0 22.6 17.3 17.5 3.5 2 0 5 1 1
-1960.6 9957.6 -117.8 284 0 22.6 17.3 17.5 3.5 2 0 5 4 4
-1953.4 9917.4 -120.6 14 0 17.3 22.6 17.5 3.5 4 1 5 4 4
-1964.3 9891.8 -122.9 14 0 17.3 22.6 17.5 3.5 2 1 5 2 2
-3872.7 9037.5 -117.9 326 0 13.5 20.1 14.0 3.5 2 1 4 4 4
-3911.2 9003.9 -117.2 57 0 60.3 8.6 10.5 0.0 0 0 3 3 3
-3836.4 9063.2 -119.3 230 0 19.7 12.3 14.0 3.5 2 0 4 4 4
-2558.3 -8560.2 -38.9 56 0 3.9 9.1 5.0 2.5 4 1 2 5 5
-2056.4 7983.7 -90.3 101 0 18.3 22.5 10.5 3.5 2 1 3 1 1
-953.6 -792.7 -110.0 343 0 20.9 10.3 7.5 0.0 0 0 3 5 5
157.3 -3183.5 -110.5 337 0 13.7 17.8 7.5 2.5 2 1 3 5 5
1875.3 -7163.5 -82.1 333 0 20.0 7.4 5.0 2.5 2 0 2 5 5
1760.9 -6962.6 -84.2 307 0 19.8 35.4 10.0 0.0 0 1 4 0 0
1555.4 -6748.2 -85.5 297 0 15.8 27.1 10.0 2.5 2 1 4 3 3
1512.1 -6761.5 -85.3 116 0 33.1 16.8 10.0 2.5 2 0 4 4 4
377.8 -7144.1 -85.9 128 0 6.1 5.9 7.5 2.5 2 0 3 5 5
-4097.0 -9606.0 -60.6 128 0 4.8 7.6 5.0 0.0 0 1 2 4 4
-4081.7 -9610.2 -61.0 58 0 23.0 21.9 7.5 2.5 2 0 3 0 0
-1922.3 6908.8 -75.2 264 0 11.2 30.4 10.0 2.5 2 1 4 2 2
-1236.0 820.6 -92.3 8 0 21.5 49.2 15.0 0.0 0 1 6 1 1
220.4 -3416.9 -118.0 342 0 16.7 6.8 5.0 2.5 2 0 2 0 0
-3015.7 2249.3 -70.1 323 0 18.4 10.5 5.0 2.5 2 0 2 2 2
-2731.1 1889.2 -65.2 323 0 18.4 10.5 5.0 2.5 4 0 2 1 1
-3082.8 2341.3 -70.3 323 0 31.8 16.7 5.0 2.5 2 0 2 5 5
-2935.8 2146.3 -69.8 323 0 29.2 16.6 10.0 2.5 2 0 4 4 4
-2789.2 1951.9 -67.2 323 0 30.1 16.7 7.5 2.5 2 0 3 2 2
-2809.9 2424.8 -58.5 143 0 30.7 10.0 7.5 2.5 2 0 3 0 0
-2846.7 2469.5 -58.2 143 0 29.2 16.7 7.5 2.5 2 0 3 3 3
-2702.1 2277.7 -56.0 143 0 29.2 16.7 10.0 2.5 2 0 4 5 5
-2950.3 2531.5 -60.3 323 0 31.8 16.7 10.0 2.5 2 0 4 0 0
-2803.3 2336.6 -60.2 323 0 29.2 16.6 10.0 2.5 2 0 4 0 0
-2656.7 2142.1 -57.5 323 0 30.1 16.7 17.5 0.0 0 0 7 3 3
-3405.6 2360.1 -79.3 143 0 7.8 15.4 2.5 2.5 2 1 1 5 5
-3423.0 2400.0 -78.1 233 0 15.4 15.1 2.5 2.5 2 0 1 2 2
-3544.2 2480.3 -75.2 143 0 18.6 10.6 5.0 2.5 2 0 2 5 5
-3312.0 2518.5 -71.0 323 0 13.1 4.7 5.0 2.5 2 0 2 5 5
-3316.3 2540.0 -69.7 53 0 15.7 10.8 5.0 2.5 2 0 2 2 2
-3376.0 2617.8 -65.0 233 0 10.6 23.8 12.5 2.5 2 1 5 0 0
-3077.0 2706.7 -54.7 143 0 10.5 19.0 7.5 2.5 2 1 3 0 0
-3086.5 2738.9 -52.8 53 0 7.3 13.1 5.0 2.5 2 1 2 2 2
-3100.2 2766.2 -51.8 323 0 16.0 9.1 5.0 2.5 4 0 2 5 5
-3236.3 2616.8 -62.2 52 0 18.0 64.2 7.5 2.5 2 1 3 3 3
-3193.2 2696.7 -56.8 53 0 22.1 31.4 15.0 0.0 0 1 6 1 1
-3543.2 2569.6 -71.5 230 0 15.3 32.2 12.5 0.0 0 0 5 3 3
-3557.8 2568.1 -71.5 271 0 26.9 21.4 10.0 2.5 2 0 4 4 4
-3585.4 2546.1 -71.9 104 0 9.5 26.5 7.5 0.0 0 0 3 5 5
-2852.9 -9549.0 -69.3 281 0 104.4 36.1 10.0 0.0 0 0 4 0 0
-6105.8 6980.5 -59.7 209 0 39.1 78.0 10.0 0.0 0 1 4 2 2
-1003.3 -885.2 -113.4 342 0 15.3 12.5 5.0 2.5 4 0 2 3 3
-1589.6 -4458.6 -63.4 122 0 13.1 13.3 7.5 0.0 0 1 3 4 4
-651.3 -2898.4 -108.6 278 0 10.9 86.2 12.5 2.5 2 1 5 4 4
-652.0 -2985.4 -108.4 99 0 9.3 79.3 7.5 2.5 2 1 3 0 0
-470.3 -1757.9 -121.8 174 0 14.4 12.9 5.0 2.5 2 0 2 1 1
-950.0 -2585.8 -112.3 77 0 105.5 49.1 12.5 0.0 0 0 5 1 1
-1008.0 -2209.6 -117.1 114 0 7.5 8.6 5.0 2.5 2 1 2 4 4
-569.9 -1856.5 -122.2 77 0 18.8 13.6 10.0 2.5 2 0 4 3 3
-605.7 -1861.0 -121.8 68 0 11.9 19.9 10.0 0.0 0 1 4 4 4
-861.6 -2240.2 -118.9 257 0 9.8 6.8 7.5 2.5 2 0 3 5 5
-841.8 -2258.4 -119.0 347 0 27.3 44.2 10.0 0.0 0 1 4 0 0
-890.0 -2286.1 -118.3 77 0 18.1 32.7 7.5 2.5 2 1 3 0 0
-878.0 -2343.8 -118.5 267 0 107.3 40.9 12.5 0.0 0 0 5 1 1
-724.7 -2084.0 -121.0 348 0 20.7 10.5 8.0 0.0 0 0 2 4 4
-477.5 -2142.9 -122.4 167 0 46.7 16.1 7.5 2.5 2 0 3 2 2
-479.8 -2174.7 -122.2 346 0 14.7 26.1 10.0 2.5 2 1 4 2 2
-545.7 -2022.0 -121.9 77 0 14.7 15.8 4.0 2.5 2 1 1 3 3
-1653.7 -973.7 -118.7 42 0 106.6 17.8 15.0 0.0 0 0 6 3 3
-991.1 -944.1 -113.3 333 0 11.1 14.3 5.0 0.0 0 1 2 5 5
-1240.9 -522.6 -104.5 229 0 8.1 35.4 7.5 0.0 0 1 3 1 1
-1561.3 -447.4 -113.4 127 0 59.0 32.5 12.5 0.0 0 0 5 0 0
-1474.6 -473.9 -113.7 307 0 80.9 31.6 10.0 0.0 0 0 4 2 2
-1386.8 -539.1 -113.4 307 0 95.4 23.7 12.5 0.0 0 0 5 5 5
-1287.8 -615.8 -114.2 306 0 95.7 24.6 15.0 0.0 0 0 6 2 2
-1181.1 -700.4 -114.7 306 0 96.6 24.2 12.5 0.0 0 0 5 2 2
-1182.5 -661.4 -111.1 128 0 68.2 30.9 12.5 0.0 0 0 5 5 5
-1260.4 -602.1 -110.1 127 0 83.7 52.8 10.0 0.0 0 0 4 2 2
-1361.2 -501.0 -109.3 218 0 30.1 79.2 12.5 0.0 0 1 5 1 1
-1672.0 -280.4 -109.8 128 0 13.5 18.4 10.0 2.5 2 1 4 4 4
-1641.0 -304.2 -109.5 128 0 56.1 18.1 12.5 2.5 2 0 5 2 2
-1524.7 939.6 -82.8 265 0 89.8 32.5 10.0 0.0 0 0 4 0 0
-975.7 -1004.9 -113.9 339 0 24.8 13.2 7.5 2.5 2 0 3 5 5
-1355.7 460.4 -80.9 355 0 5.5 5.7 5.0 0.0 0 1 2 2 2
-1252.9 409.3 -85.8 281 0 5.1 21.8 5.0 2.5 2 1 2 3 3
-1359.0 205.5 -82.9 259 0 42.0 118.7 12.5 0.0 0 1 5 0 0
-1417.7 243.9 -81.8 339 0 34.2 10.8 10.0 2.5 4 0 4 4 4
-1379.6 453.9 -80.3 49 0 10.5 18.0 5.0 2.5 2 1 2 2 2
-1469.6 498.8 -77.0 256 0 12.2 5.6 7.5 2.5 4 0 3 1 1
-6892.5 -4956.3 48.6 1 0 19.7 8.1 5.0 2.5 2 0 2 1 1
-6873.3 -4926.0 48.7 3 0 14.1 26.3 10.0 2.5 2 1 4 2 2
-6777.1 -5489.9 117.8 101 0 9.4 12.0 2.5 2.5 4 1 1 3 3
-4937.8 4771.5 -54.4 160 0 5.0 5.0 7.5 2.5 2 0 3 5 5
-1751.6 5513.6 -105.0 91 0 8.0 9.6 7.5 2.5 2 1 3 1 1
-1776.0 5558.6 -101.9 180 0 8.8 13.8 5.0 2.5 2 1 2 0 0
-1739.0 5560.6 -102.7 270 0 25.2 14.5 10.0 2.5 2 0 4 5 5
-5321.6 3661.1 -88.5 235 0 7.9 8.5 7.5 2.5 2 1 3 3 3
-5470.9 3510.5 -93.6 324 0 11.7 10.5 7.0 2.5 2 0 2 4 4
-5516.9 3532.1 -94.8 237 0 3.3 4.5 7.5 2.5 2 1 3 5 5
-4853.7 4515.2 -57.9 251 0 11.2 10.9 5.0 2.5 2 0 2 4 4
-4810.5 4575.0 -55.9 245 0 14.2 9.7 2.5 2.5 2 0 1 5 5
-4902.8 4544.6 -57.2 252 0 39.9 20.3 10.0 0.0 0 0 4 5 5
-5078.0 4734.9 -52.6 298 0 8.9 25.8 7.5 2.5 2 1 3 1 1
-4966.7 4628.3 -53.5 161 0 9.2 6.4 7.5 2.5 2 0 3 3 3
-5013.7 4686.9 -51.6 162 0 23.1 9.5 5.0 2.5 2 0 2 1 1
-5005.4 4660.8 -52.4 161 0 13.9 10.9 5.0 2.5 4 0 2 4 4
-4966.3 4687.3 -52.1 343 0 43.2 15.7 10.0 2.5 4 0 4 1 1
-4976.6 4767.9 -54.7 73 0 37.6 11.2 5.0 2.5 2 0 2 3 3
-4918.2 4755.5 -54.2 71 0 20.3 9.6 7.5 2.5 2 0 3 2 2
-4919.5 4666.4 -52.7 72 0 15.4 67.5 5.0 2.5 2 1 2 4 4
-4120.7 -4501.8 -4.4 201 0 13.4 16.6 5.0 0.0 0 1 2 2 2
-4167.7 -4617.1 -4.8 284 0 6.4 7.1 7.5 0.0 0 1 3 3 3
-4136.5 -4631.8 -5.7 291 0 13.5 12.1 10.0 2.5 2 0 4 4 4
-4152.6 -4652.8 -5.8 203 0 11.7 12.9 5.0 2.5 2 1 2 1 1
-4117.5 -4680.2 -6.6 113 0 9.3 16.6 5.0 2.5 2 1 2 1 1
-4133.4 -4673.1 -6.2 112 0 11.1 15.1 10.0 0.0 0 1 4 5 5
-4099.6 -4687.2 -7.0 112 0 11.1 15.1 5.0 2.5 4 1 2 1 1
-4082.6 -4694.3 -7.4 112 0 11.1 15.1 7.5 2.5 2 1 3 4 4
-4066.6 -4700.7 -7.8 112 0 11.1 15.1 5.0 2.5 2 1 2 4 4
-4047.4 -4708.0 -8.3 112 0 11.1 15.1 7.5 2.5 2 1 3 5 5
-4074.1 -4756.8 -8.5 114 0 10.1 14.6 7.5 2.5 2 1 3 1 1
-4058.4 -4724.3 -8.4 292 0 12.6 13.3 10.0 2.5 4 1 4 1 1
-4076.9 -4715.8 -8.0 293 0 14.3 12.4 10.0 2.5 2 0 4 2 2
-4088.6 -4745.5 -8.1 114 0 14.7 11.4 2.5 2.5 2 0 1 5 5
-4109.6 -4702.4 -7.1 293 0 11.1 12.4 7.5 2.5 4 1 3 5 5
-4123.7 -4730.6 -7.3 113 0 15.7 13.0 5.0 2.5 4 0 2 4 4
-4141.3 -4727.7 -6.9 114 0 9.8 16.4 7.5 2.5 2 1 3 1 1
-4155.8 -4721.3 -6.5 112 0 9.2 15.2 5.0 2.5 2 1 2 3 3
-4125.6 -4694.5 -6.7 292 0 12.6 13.3 5.0 2.5 2 1 2 1 1
-4139.9 -4688.6 -6.4 292 0 12.6 13.3 10.0 2.5 2 1 4 5 5
-4168.8 -4682.7 -6.0 205 0 11.5 15.1 10.0 0.0 0 1 4 4 4
-4176.2 -4699.9 -6.1 205 0 11.5 15.1 7.5 0.0 0 1 3 1 1
-4188.3 -4733.9 -6.3 202 0 13.3 12.6 5.0 2.5 4 0 2 2 2
-4161.7 -4737.1 -6.7 293 0 12.6 13.3 5.0 2.5 2 1 2 0 0
-4145.5 -4743.7 -7.1 292 0 12.6 13.3 5.0 2.5 2 1 2 4 4
-4127.6 -4750.7 -7.5 293 0 12.6 13.3 5.0 2.5 2 1 2 4 4
-4110.8 -4757.1 -7.9 292 0 12.6 13.3 5.0 2.5 2 1 2 5 5
-4094.1 -4764.5 -8.3 292 0 12.6 13.3 5.0 2.5 2 1 2 0 0
-4078.1 -4770.6 -8.7 293 0 12.6 13.3 5.0 2.5 2 1 2 1 1
-4066.7 -4805.4 -9.2 25 0 11.9 13.7 10.0 0.0 0 1 4 2 2
-4058.3 -4788.8 -9.1 25 0 11.9 14.1 2.5 2.5 2 1 1 1 1
-4042.5 -4759.3 -9.0 25 0 11.9 14.5 5.0 2.5 2 1 2 5 5
-4034.2 -4741.5 -8.9 25 0 11.9 13.8 2.5 2.5 2 1 1 0 0
-4019.9 -4708.2 -8.7 25 0 11.9 13.0 7.5 2.5 2 1 3 2 2
-4011.8 -4690.4 -8.5 25 0 11.9 13.0 5.0 2.5 2 1 2 3 3
-4033.6 -4654.7 -7.7 113 0 5.6 8.1 7.5 2.5 4 1 3 3 3
-4038.3 -4636.9 -7.5 112 0 16.6 13.0 7.5 2.5 2 0 3 2 2
-4290.3 -4769.7 -4.8 23 0 31.3 11.3 7.5 2.5 2 0 3 3 3
-4301.2 -4791.3 -4.8 24 0 16.8 10.0 5.0 2.5 2 0 2 5 5
-6180.1 -3315.6 -33.9 133 0 11.6 9.3 5.0 2.5 2 0 2 5 5
-6460.4 -2632.2 -93.4 173 0 4.5 30.5 5.0 2.5 2 1 2 5 5
-6396.6 -2623.8 -93.4 351 0 4.4 30.5 5.0 2.5 2 1 2 2 2
-6395.0 -2629.0 -93.4 350 0 4.1 31.0 5.0 2.5 2 1 2 1 1
-6216.1 -3255.5 -44.2 37 0 39.7 58.3 10.0 0.0 0 1 4 1 1
-6885.1 -5340.4 95.8 170 0 9.9 21.7 7.5 2.5 2 1 3 0 0
-6536.5 -5412.5 102.9 115 0 10.3 35.1 15.0 0.0 0 1 6 1 1
-6581.3 -5325.3 104.2 287 0 6.3 7.2 7.5 2.5 2 1 3 1 1
-6614.2 -5379.2 110.1 201 0 9.1 8.1 7.5 2.5 2 0 3 0 0
-6576.3 -5359.1 107.6 292 0 11.2 15.0 5.0 2.5 2 1 2 4 4
-6589.7 -5392.3 108.6 113 0 10.5 15.5 7.5 2.5 2 1 3 4 4
-6611.0 -5245.9 98.3 197 0 7.9 14.8 7.5 2.5 2 1 3 2 2
-5795.4 -4756.6 117.6 226 0 8.7 5.9 2.5 2.5 2 0 1 4 4
-5874.6 -4726.5 115.9 146 0 5.6 7.6 7.5 2.5 2 1 3 4 4
-3651.6 2487.0 -77.2 301 0 8.3 11.5 7.5 2.5 2 1 3 4 4
-3558.5 2441.8 -81.1 318 0 82.8 54.4 12.5 0.0 0 0 5 1 1
-2891.9 1668.4 -80.3 325 0 23.8 26.0 10.0 0.0 0 1 4 4 4
-2920.8 1700.9 -79.9 328 0 10.1 25.7 7.5 2.5 2 1 3 1 1
-2935.4 1720.5 -80.2 327 0 16.7 32.7 10.0 2.5 4 1 4 1 1
-1463.2 350.6 -81.5 257 0 10.5 102.4 12.5 2.5 2 1 5 5 5
-3029.8 -10276.7 -83.3 56 0 112.4 37.9 12.5 0.0 0 0 5 0 0
-2895.2 -10174.9 -80.5 54 0 99.4 47.0 12.5 0.0 0 0 5 2 2
-2790.1 -10106.0 -77.7 52 0 77.9 19.2 7.5 2.5 2 0 3 0 0
-2547.1 -9806.8 -69.8 310 0 60.4 33.4 10.0 0.0 0 0 4 5 5
-2655.3 -9763.5 -70.6 221 0 32.6 76.8 7.5 0.0 0 1 3 3 3
-2435.4 -9850.0 -67.4 308 0 30.1 72.0 7.5 0.0 0 1 3 1 1
-1625.2 9599.2 -128.7 211 0 21.1 15.2 12.5 2.5 4 0 5 4 4
-1611.5 9621.8 -128.9 211 0 21.1 15.2 12.5 2.5 2 0 5 4 4
-1597.8 9644.5 -129.3 211 0 21.1 15.2 12.5 2.5 2 0 5 3 3
-1583.3 9666.5 -130.0 211 0 21.1 15.2 12.5 2.5 2 0 5 5 5
-1569.7 9688.5 -130.4 211 0 21.1 15.2 12.5 2.5 2 0 5 5 5
-1555.2 9710.9 -130.5 211 0 21.1 15.2 12.5 2.5 2 0 5 2 2
-1540.3 9734.4 -130.7 211 0 21.1 15.2 12.5 2.5 2 0 5 1 1
-1527.4 9756.0 -130.9 211 0 21.1 15.2 12.5 2.5 2 0 5 3 3
-1226.4 10365.3 -119.5 200 0 8.2 5.8 10.5 3.5 2 0 3 3 3
-1246.0 10393.0 -121.2 283 0 11.9 30.3 17.5 3.5 2 1 5 3 3
-1259.3 10343.6 -121.7 104 0 19.5 14.0 17.5 3.5 2 0 5 1 1
-1301.6 10249.8 -124.7 112 0 13.7 42.9 17.5 3.5 2 1 5 1 1
3099.8 -9684.8 -108.9 267 0 18.1 10.4 5.0 2.5 2 0 2 1 1
3066.4 -9688.0 -106.6 266 0 9.7 14.8 5.0 2.5 2 1 2 1 1
3068.4 -9723.9 -104.9 86 0 11.4 15.2 7.5 2.5 2 1 3 0 0
3084.2 -9723.1 -105.8 84 0 11.4 15.1 7.5 2.5 2 1 3 3 3
3080.7 -9687.0 -107.6 263 0 10.8 16.7 2.5 2.5 2 1 1 0 0
3025.8 -9725.9 -102.1 83 0 9.0 11.8 5.0 2.5 2 1 2 2 2
3018.7 -9701.5 -103.5 177 0 9.4 10.0 5.0 2.5 2 1 2 3 3
3037.5 -9690.0 -104.8 265 0 10.6 14.7 10.0 2.5 2 1 4 1 1
3039.2 -9724.9 -103.2 86 0 10.3 15.0 5.0 2.5 2 1 2 5 5
3053.9 -9724.1 -104.0 86 0 10.5 13.9 7.5 2.5 2 1 3 5 5
3051.9 -9688.9 -105.8 265 0 11.4 15.2 2.5 2.5 2 1 1 1 1
3109.7 -9703.1 -107.8 357 0 10.0 16.0 5.0 2.5 2 1 2 1 1
3103.3 -9723.8 -106.5 88 0 15.5 10.3 7.5 2.5 2 0 3 0 0
3105.2 -9736.2 -104.5 270 0 14.2 9.5 2.5 0.0 0 0 1 1 1
3074.5 -9775.5 -100.1 87 0 9.4 10.5 5.0 2.5 2 1 2 3 3
3020.8 -9745.2 -100.2 177 0 10.8 17.1 5.0 2.5 2 1 2 4 4
3022.5 -9775.2 -97.6 176 0 11.7 16.0 2.5 2.5 2 1 1 3 3
3032.8 -9807.0 -94.2 270 0 13.7 12.2 7.5 2.5 2 0 3 5 5
3064.1 -9875.8 -89.7 358 0 9.0 15.4 2.5 2.5 2 1 1 2 2
3034.4 -9928.8 -84.0 178 0 10.0 13.0 5.0 2.5 2 1 2 3 3
3063.2 -9960.0 -82.6 84 0 14.8 11.7 7.5 2.5 2 0 3 1 1
3086.8 -9952.1 -83.7 183 0 5.7 13.3 2.5 2.5 2 1 1 3 3
3094.5 -9963.6 -83.2 94 0 14.5 8.2 5.0 2.5 2 0 2 3 3
3103.1 -9940.5 -85.3 5 0 12.8 13.1 5.0 2.5 2 1 2 0 0
3105.2 -9927.4 -86.3 5 0 6.0 14.3 7.5 2.5 2 1 3 4 4
3101.9 -9918.9 -87.2 5 0 10.4 12.6 5.0 2.5 2 1 2 5 5
3103.5 -9899.8 -88.9 7 0 6.7 13.8 7.5 2.5 2 0 3 3 3
3102.7 -9906.5 -88.3 7 0 7.0 13.8 7.5 2.5 2 0 3 5 5
3104.3 -9846.8 -93.9 273 0 8.3 13.5 7.5 2.5 4 1 3 2 2
3123.8 -9862.7 -94.3 95 0 7.1 11.4 2.5 2.5 2 1 1 3 3
3130.8 -9864.6 -94.9 94 0 7.2 16.9 5.0 2.5 2 1 2 4 4
3142.4 -9849.0 -95.2 275 0 8.1 12.4 2.5 2.5 2 1 1 5 5
3123.7 -9882.5 -91.9 185 0 8.3 13.2 5.0 2.5 2 1 2 4 4
3121.8 -9908.2 -89.8 185 0 15.7 12.0 7.5 2.5 2 0 3 4 4
3116.8 -9925.3 -87.6 187 0 8.8 15.1 5.0 2.5 4 1 2 4 4
3114.5 -9945.8 -85.7 186 0 13.4 11.3 10.0 0.0 0 0 4 4 4
3131.9 -9950.4 -86.4 141 0 10.3 12.5 7.5 2.5 2 1 3 5 5
3084.5 -9994.5 -80.4 98 0 10.2 14.0 7.5 2.5 4 1 3 5 5
3127.5 -9969.4 -83.3 317 0 13.5 10.2 7.5 2.5 2 0 3 0 0
3107.2 -9977.9 -81.8 227 0 9.2 10.5 2.5 2.5 2 1 1 4 4
3190.4 -9982.5 -86.4 47 0 10.3 7.7 5.0 2.5 2 0 2 0 0
3186.5 -9895.1 -93.0 321 0 8.3 10.4 5.0 0.0 0 1 2 3 3
3193.5 -9903.0 -92.9 321 0 6.0 12.4 7.5 2.5 2 1 3 3 3
3201.1 -9910.7 -92.9 321 0 10.3 14.1 7.5 2.5 2 1 3 0 0
3218.7 -9932.3 -92.6 315 0 8.3 13.3 7.5 2.5 2 1 3 1 1
3229.1 -9939.7 -92.4 315 0 6.8 8.5 2.5 2.5 2 1 1 4 4
3263.9 -9915.1 -97.2 318 0 10.3 13.5 2.5 2.5 2 1 1 4 4
3229.1 -9924.8 -94.2 229 0 5.2 8.1 5.0 2.5 4 1 2 3 3
3198.3 -9887.0 -95.9 137 0 7.8 13.9 5.0 0.0 0 1 2 5 5
3191.0 -9878.7 -96.0 138 0 7.2 13.5 5.0 2.5 2 1 2 0 0
3177.4 -9857.9 -97.3 140 0 8.8 14.1 7.5 2.5 2 1 3 4 4
3179.2 -9826.2 -100.1 87 0 10.0 10.8 2.5 2.5 4 1 1 3 3
3185.9 -9795.7 -102.3 261 0 10.3 13.3 7.5 0.0 0 1 3 4 4
3170.1 -9796.8 -101.5 261 0 8.1 13.5 7.5 2.5 2 1 3 5 5
3165.6 -9821.7 -99.8 83 0 11.2 8.9 5.0 2.5 2 0 2 0 0
3150.4 -9799.3 -100.4 261 0 6.9 12.8 2.5 2.5 2 1 1 1 1
3132.9 -9825.5 -97.8 174 0 10.4 8.0 5.0 2.5 2 0 2 2 2
3129.9 -9810.8 -99.2 174 0 10.9 8.5 5.0 2.5 2 0 2 3 3
3149.5 -9773.8 -103.0 322 0 12.9 8.5 7.5 2.5 2 0 3 3 3
3127.8 -9779.3 -102.2 177 0 12.7 9.0 7.5 0.0 0 0 3 2 2
3125.0 -9758.8 -104.1 176 0 12.4 11.0 5.0 2.5 2 0 2 2 2
3144.9 -9713.7 -108.5 228 0 6.8 9.7 2.5 2.5 2 1 1 3 3
3130.7 -9717.8 -107.6 247 0 12.9 8.0 5.0 2.5 2 0 2 1 1
3135.6 -9736.4 -107.0 139 0 10.5 12.7 7.5 0.0 0 1 3 3 3
3173.1 -9779.5 -104.6 139 0 8.2 13.9 2.5 2.5 4 1 1 2 2
3155.5 -9757.6 -105.7 136 0 12.3 10.8 7.5 2.5 2 0 3 4 4
3145.0 -9746.8 -106.4 136 0 9.4 12.0 2.5 0.0 0 1 1 0 0
3185.8 -9745.8 -107.1 322 0 10.0 11.7 2.5 0.0 0 1 1 5 5
3174.4 -9732.4 -107.9 318 0 11.3 12.0 7.5 2.5 2 1 3 4 4
3163.5 -9721.5 -108.5 318 0 12.8 10.3 2.5 2.5 2 0 1 1 1
3188.3 -9723.3 -110.5 136 0 10.7 11.7 5.0 2.5 2 1 2 3 3
3198.3 -9734.8 -109.9 137 0 11.1 12.2 5.0 2.5 2 1 2 5 5
3207.6 -9746.3 -109.0 135 0 10.0 11.7 5.0 2.5 2 1 2 3 3
3223.8 -9768.1 -107.8 138 0 8.4 14.3 2.5 2.5 2 1 1 0 0
3250.2 -9795.0 -106.6 138 0 15.8 11.5 5.0 2.5 4 0 2 5 5
3230.1 -9822.4 -103.2 86 0 10.0 14.5 2.5 2.5 4 1 1 4 4
3232.4 -9837.1 -100.8 323 0 6.0 10.3 7.5 0.0 0 1 3 0 0
3241.4 -9864.4 -100.8 137 0 9.4 14.3 7.5 2.5 2 1 3 1 1
3261.7 -9838.3 -102.8 319 0 9.5 12.2 5.0 2.5 2 1 2 4 4
3256.0 -9884.0 -100.6 138 0 7.3 13.5 5.0 2.5 2 1 2 5 5
3271.9 -9906.5 -100.1 138 0 9.4 13.7 2.5 2.5 2 1 1 4 4
3287.6 -9874.5 -102.3 316 0 10.5 12.6 5.0 2.5 2 1 2 1 1
3293.4 -9892.6 -102.0 46 0 10.7 9.3 5.0 2.5 2 0 2 3 3
3299.8 -9927.4 -99.8 227 0 12.4 11.2 5.0 2.5 2 0 2 3 3
3305.8 -9906.8 -101.6 227 0 9.7 7.5 2.5 2.5 2 0 1 2 2
3359.2 -9869.7 -108.4 321 0 12.1 8.8 2.5 2.5 2 0 1 3 3
3342.7 -9875.5 -107.4 231 0 15.3 12.1 7.5 0.0 0 0 3 0 0
3295.2 -9824.8 -106.7 229 0 5.9 8.4 5.0 2.5 2 1 2 1 1
3304.9 -9842.6 -106.4 135 0 9.5 4.3 7.5 2.5 4 0 3 3 3
3309.3 -9848.8 -106.3 135 0 5.4 4.5 5.0 2.5 2 0 2 4 4
3316.8 -9841.3 -107.0 315 0 5.4 6.0 7.5 2.5 2 0 3 5 5
3319.5 -9835.1 -107.6 315 0 10.3 6.4 2.5 2.5 2 0 1 1 1
3329.0 -9860.9 -107.2 49 0 10.9 14.1 5.0 2.5 2 1 2 3 3
3162.4 -9489.4 -126.8 274 0 4.9 10.5 5.0 0.0 0 1 2 0 0
3151.0 -9497.6 -125.4 274 0 4.9 10.5 7.5 2.5 2 1 3 2 2
3150.3 -9521.8 -125.7 144 0 9.7 16.9 7.5 0.0 0 1 3 2 2
3147.0 -9548.9 -122.7 137 0 7.3 11.1 7.5 2.5 2 1 3 5 5
3181.3 -9529.5 -125.7 318 0 12.1 11.6 10.0 2.5 4 0 4 5 5
3191.2 -9542.3 -125.2 313 0 9.1 13.6 2.5 2.5 2 1 1 5 5
3199.5 -9551.4 -125.0 314 0 9.7 18.9 7.5 2.5 2 1 3 1 1
3209.1 -9560.4 -124.9 314 0 11.1 16.6 2.5 0.0 0 1 1 5 5
3222.7 -9574.8 -124.4 1 0 5.4 13.8 5.0 0.0 0 1 2 5 5
3218.3 -9580.2 -123.7 2 0 5.5 13.3 5.0 2.5 2 1 2 0 0
3222.4 -9586.2 -123.3 271 0 5.3 11.7 7.5 2.5 2 1 3 0 0
3228.2 -9580.6 -124.4 270 0 6.4 12.2 2.5 2.5 2 1 1 0 0
3216.4 -9622.9 -120.6 99 0 5.2 10.4 5.0 2.5 2 1 2 5 5
3220.3 -9615.1 -121.4 188 0 10.0 4.8 5.0 2.5 2 0 2 3 3
3227.6 -9612.8 -122.3 99 0 4.2 10.1 7.5 2.5 2 1 3 5 5
3234.5 -9597.2 -123.3 279 0 4.4 10.3 5.0 2.5 2 1 2 2 2
3239.9 -9593.1 -124.2 278 0 5.2 9.3 7.5 2.5 2 1 3 0 0
3260.5 -9618.3 -123.5 313 0 7.6 11.2 5.0 2.5 2 1 2 4 4
3239.1 -9655.6 -119.0 131 0 5.9 6.6 5.0 2.5 2 1 2 5 5
3248.3 -9651.3 -122.9 135 0 10.8 27.2 10.0 2.5 2 1 4 3 3
3308.3 -9652.8 -125.2 44 0 7.9 8.4 7.5 2.5 4 1 3 5 5
3325.9 -9666.4 -125.7 228 0 9.1 10.8 2.5 2.5 2 1 1 4 4
3314.0 -9660.4 -125.9 138 0 11.3 9.9 2.5 2.5 2 0 1 4 4
3308.9 -9673.0 -123.4 42 0 7.1 7.1 5.0 2.5 2 0 2 1 1
3303.6 -9668.2 -123.5 42 0 7.1 6.9 2.5 2.5 4 0 1 3 3
3289.7 -9680.6 -121.8 137 0 9.9 10.2 2.5 2.5 4 1 1 4 4
3270.8 -9685.5 -118.8 31 0 8.4 8.4 5.0 2.5 4 1 2 3 3
3287.6 -9682.9 -120.1 316 0 12.1 9.6 7.5 2.5 4 0 3 0 0
3277.8 -9691.3 -118.4 316 0 10.9 9.4 5.0 0.0 0 0 2 1 1
3284.1 -9702.5 -118.1 228 0 10.0 12.4 5.0 2.5 2 1 2 2 2
3292.4 -9695.7 -119.8 223 0 8.8 9.8 2.5 2.5 2 1 1 4 4
3316.6 -9679.2 -123.7 232 0 10.3 8.7 5.0 2.5 2 0 2 5 5
3303.5 -9686.3 -121.8 229 0 10.1 11.6 7.5 2.5 2 1 3 1 1
-1218.2 -2586.0 -103.5 84 0 16.7 18.3 12.5 2.5 2 1 5 1 1
-1272.0 -2544.5 -105.6 164 0 13.2 26.7 7.5 2.5 2 1 3 1 1
-1265.5 -2588.1 -102.7 151 0 13.9 4.4 5.0 2.5 2 0 2 1 1
-1408.1 -2520.2 -108.0 88 0 53.4 19.8 17.5 0.0 0 0 7 5 5
-4564.3 -1179.2 -51.1 183 0 12.8 5.4 5.0 2.5 2 0 2 0 0
-4652.2 -1188.0 -47.5 179 0 5.9 8.2 5.0 2.5 2 0 2 3 3
-4651.3 -1176.2 -47.2 187 0 17.7 10.3 2.5 2.5 2 0 1 2 2
-4968.2 -1154.6 -35.4 2 0 18.5 48.7 10.0 2.5 2 1 4 2 2
-1081.8 -1658.3 -119.9 196 0 47.5 29.7 12.5 2.5 4 0 5 5 5
-485.2 -1723.6 -121.6 126 0 6.8 18.0 5.0 2.5 2 1 2 3 3
-1048.1 -1595.0 -118.6 197 0 16.1 15.3 10.0 0.0 0 0 4 2 2
-1029.5 -1655.1 -119.8 286 0 14.6 14.2 7.5 2.5 2 0 3 5 5
-1039.4 -1670.1 -119.8 287 0 8.2 25.6 5.0 2.5 2 1 2 1 1
-1177.7 -599.2 -107.7 317 0 7.6 19.4 2.5 2.5 2 1 1 0 0
-1164.6 -605.9 -106.8 320 0 9.6 9.3 7.5 2.5 2 0 3 1 1
-998.3 -1042.7 -114.1 144 0 6.4 5.7 7.5 2.5 2 0 3 1 1
-978.9 -1050.3 -114.1 63 0 4.7 11.6 2.5 0.0 0 1 1 0 0
-962.5 -1045.4 -114.0 59 0 9.6 22.9 7.5 2.5 2 1 3 4 4
-3089.1 1786.1 -86.4 55 0 113.2 179.5 12.5 0.0 0 1 5 2 2
-3382.8 4051.8 -44.1 134 0 5.8 5.3 5.0 2.5 2 0 2 0 0
-3349.8 4077.6 -44.4 312 0 16.6 10.6 7.5 2.5 4 0 3 3 3
-2435.5 2444.5 -49.8 270 0 9.2 7.9 7.5 2.5 2 0 3 3 3
-3764.3 6898.1 -22.6 24 0 8.8 7.5 5.0 2.5 2 0 2 3 3
-2833.0 3800.9 -56.2 110 0 13.3 14.2 12.5 0.0 0 1 5 4 4
-3288.3 4008.5 -43.9 115 0 6.7 15.1 5.0 0.0 0 1 2 0 0
-2060.1 6773.7 -72.3 264 0 8.1 24.8 2.5 2.5 2 1 1 4 4
-2035.7 6765.1 -73.0 354 0 26.5 15.7 10.0 2.5 2 0 4 3 3
-3251.8 7580.1 -55.2 307 0 9.5 14.0 5.0 0.0 0 1 2 1 1
-482.0 -2056.0 -121.9 29 0 4.7 4.8 8.0 2.5 2 1 2 1 1
-506.9 -2114.6 -121.5 30 0 4.7 4.8 8.0 2.5 2 1 2 4 4
-440.6 -2187.3 -122.5 347 0 6.0 7.4 5.0 2.5 2 1 2 5 5
-571.2 -2076.8 -121.5 120 0 4.8 4.7 8.0 2.5 2 0 2 3 3
-568.6 -2087.2 -121.4 215 0 4.7 4.8 8.0 2.5 2 1 2 3 3
-910.9 -2309.3 -117.7 75 0 11.6 15.7 5.0 0.0 0 1 2 3 3
-2878.7 7221.8 -53.5 149 0 24.0 28.4 15.0 0.0 0 1 6 3 3
-1091.5 -352.4 -89.5 65 0 5.9 8.5 2.5 2.5 2 1 1 0 0
-1123.0 -127.2 -81.7 277 0 9.0 11.6 5.0 2.5 2 1 2 4 4
-5319.9 -1145.1 -30.6 82 0 6.9 15.5 5.0 2.5 2 1 2 4 4
-4958.2 -2992.8 -80.2 324 0 7.1 9.1 5.0 0.0 0 1 2 0 0
-6073.0 -3713.8 -5.1 303 0 6.3 7.2 5.0 2.5 2 1 2 1 1
-6031.4 -3795.7 -3.8 324 0 11.3 14.2 7.5 2.5 2 1 3 4 4
-2463.5 -7341.4 -50.8 14 0 9.6 10.2 5.0 0.0 0 1 2 2 2
-2465.0 -7359.5 -50.5 14 0 16.2 10.7 5.0 2.5 4 0 2 4 4
-2464.4 -7394.9 -49.8 12 0 12.2 20.6 7.5 2.5 2 1 3 5 5
-2241.5 -6968.8 -57.5 23 0 14.3 8.9 5.0 2.5 2 0 2 4 4
-2150.4 -6557.4 -65.2 285 0 8.3 14.8 5.0 2.5 2 1 2 1 1
-2320.6 -6271.6 -54.5 15 0 7.5 12.9 7.5 0.0 0 1 3 0 0
-2254.2 -6369.1 -58.5 14 0 51.1 25.8 10.0 0.0 0 0 4 1 1
-2283.7 -6361.8 -57.7 15 0 50.7 44.1 12.5 0.0 0 0 5 1 1
-2267.7 -6297.9 -56.3 15 0 35.0 29.0 12.5 0.0 0 0 5 0 0
-2283.6 -6481.5 -60.1 13 0 15.6 5.1 7.5 2.5 2 0 3 5 5
-2286.7 -6499.2 -60.4 14 0 8.6 12.1 5.0 2.5 2 1 2 2 2
-2308.5 -6420.7 -58.5 284 0 26.4 11.3 7.5 2.5 4 0 3 0 0
-2001.0 -5291.0 -67.1 195 0 46.1 18.0 7.5 2.5 2 0 3 1 1
-2032.0 -5282.1 -66.7 192 0 48.5 30.1 10.0 0.0 0 0 4 0 0
-2010.2 -5233.1 -67.6 196 0 35.6 40.8 10.0 0.0 0 1 4 5 5
-1926.0 -5216.1 -68.6 284 0 19.2 74.8 15.0 0.0 0 1 6 4 4
-1718.1 -4364.9 -57.4 14 0 10.1 7.1 5.0 2.5 2 0 2 4 4
-1708.8 -3790.2 -57.6 258 0 10.7 16.9 10.0 2.5 2 1 4 2 2
-1627.3 -3775.2 -61.8 282 0 9.6 27.0 7.5 2.5 2 1 3 2 2
-1664.4 -3871.7 -61.8 9 0 14.8 23.6 12.5 2.5 2 1 5 0 0
-4406.1 -4067.5 -27.5 145 0 8.8 9.0 5.0 2.5 2 1 2 0 0
-1696.0 -3559.3 -50.1 335 0 4.4 40.1 7.5 0.0 0 1 3 0 0
-1727.2 -3492.6 -44.8 338 0 5.1 17.6 5.0 2.5 4 1 2 3 3
-1718.0 -3508.8 -46.7 332 0 21.8 5.8 5.0 2.5 2 0 2 1 1
-1704.0 -3537.8 -49.5 334 0 28.7 5.5 5.0 2.5 2 0 2 1 1
-1718.5 -3528.6 -49.1 333 0 56.2 8.5 7.5 2.5 2 0 3 5 5
-1745.8 -3511.1 -48.7 243 0 8.4 57.1 7.5 2.5 2 1 3 2 2
-1745.0 -3536.8 -48.0 244 0 6.9 32.2 2.5 2.5 2 1 1 4 4
-1973.6 -3500.5 -36.8 158 0 8.0 13.7 2.5 0.0 0 1 1 5 5
-2591.6 -3803.7 -15.5 234 0 11.6 43.6 10.0 2.5 2 1 4 5 5
-2483.0 -3853.0 -18.1 160 0 9.1 15.0 5.0 2.5 2 1 2 5 5
-2486.7 -3837.6 -18.4 157 0 9.5 21.9 7.5 2.5 2 1 3 4 4
-2436.2 -3816.5 -19.1 336 0 9.7 19.6 5.0 2.5 2 1 2 4 4
-2429.6 -3831.2 -19.0 339 0 9.6 22.0 5.0 2.5 4 1 2 4 4
-2475.6 -3866.2 -18.3 158 0 9.8 22.4 7.5 2.5 2 1 3 1 1
-2528.0 -3896.3 -16.3 57 0 11.0 23.8 7.5 2.5 2 1 3 3 3
-2484.6 -3886.9 -17.4 336 0 14.6 25.8 10.0 0.0 0 1 4 5 5
1602.5 -7901.1 -40.2 76 0 5.6 18.5 7.5 2.5 2 1 3 4 4
-2468.9 -7377.9 -50.1 12 0 9.0 5.9 7.5 2.5 2 0 3 2 2
-2386.5 -7496.6 -50.6 128 0 14.8 36.1 10.0 2.5 4 1 4 0 0
-5329.1 -1019.4 -25.3 272 0 12.4 4.2 5.0 2.5 2 0 2 0 0
-4557.3 7491.9 -23.0 215 0 9.9 43.7 7.5 2.5 2 1 3 2 2
-2712.7 10378.0 -100.5 277 0 18.6 33.8 10.5 0.0 0 1 3 2 2
-2024.7 9604.5 -129.4 191 0 7.5 14.6 10.5 3.5 2 1 3 2 2
-2242.8 7635.5 -73.8 198 0 16.7 10.7 10.5 3.5 2 0 3 3 3
-2242.6 7650.7 -74.2 201 0 4.8 8.2 10.5 3.5 2 1 3 0 0
-2227.3 7673.1 -75.3 280 0 16.1 22.1 10.5 3.5 2 1 3 3 3
-2297.0 7475.0 -66.5 198 0 6.2 8.6 10.5 3.5 2 0 3 4 4
-2289.6 7470.0 -67.5 197 0 11.1 77.1 14.0 3.5 2 0 4 0 0
-2303.6 7461.6 -66.2 197 0 22.6 10.8 14.0 3.5 4 0 4 2 2
-2313.0 7437.3 -65.5 197 0 29.3 9.6 10.5 3.5 2 0 3 3 3
-2294.0 7456.1 -67.3 197 0 18.0 77.2 14.0 3.5 4 0 4 1 1
-2179.5 7427.9 -68.1 287 0 81.2 16.7 14.0 3.5 2 0 4 0 0
-1632.7 4948.0 -120.6 69 0 14.1 46.6 12.5 2.5 2 1 5 5 5
-1603.7 4959.4 -121.8 67 0 37.2 12.7 10.0 2.5 2 0 4 2 2
-1674.7 2946.3 -90.4 93 0 10.6 11.4 7.5 2.5 2 1 3 2 2
-1493.5 655.2 -73.6 98 0 9.4 21.6 5.0 2.5 2 1 2 4 4
-1471.5 656.7 -74.4 282 0 13.3 13.5 7.5 2.5 2 1 3 3 3
-1451.3 652.1 -75.4 270 0 15.6 12.0 5.0 2.5 2 0 2 4 4
-3870.2 6901.3 -18.3 0 0 23.6 15.7 10.0 2.5 2 0 4 1 1
-3965.1 6737.7 -28.8 210 0 28.1 11.7 12.5 2.5 2 0 5 5 5
-3870.1 6986.9 -11.5 269 0 3.9 6.5 7.5 2.5 2 1 3 1 1
-3870.4 6999.6 -10.2 90 0 5.1 5.4 2.5 2.5 2 1 1 4 4
-3891.3 7009.4 -9.6 91 0 13.7 12.5 2.5 2.5 2 0 1 0 0
-3243.0 7487.1 -53.4 21 0 45.2 60.3 12.5 0.0 0 1 5 0 0
-5934.0 6877.3 -64.1 210 0 19.3 53.9 12.5 0.0 0 1 5 4 4
-2818.8 -6346.1 -44.3 14 0 27.8 39.9 10.0 0.0 0 1 4 5 5
-2724.0 -5780.2 -55.2 193 0 158.0 38.0 7.5 0.0 0 0 3 5 5
-2777.1 -5994.6 -49.1 193 0 224.6 37.6 10.0 0.0 0 0 4 4 4
-2829.1 -6209.7 -43.5 194 0 159.2 37.5 12.5 0.0 0 0 5 0 0
1828.1 -6791.2 -90.0 329 0 46.2 20.8 10.0 2.5 2 0 4 3 3
1814.8 -6841.2 -88.6 62 0 31.3 19.4 10.0 0.0 0 0 4 5 5
1437.6 -6755.1 -85.6 43 0 15.3 11.6 10.0 2.5 2 0 4 5 5
1486.7 -6511.7 -100.0 216 0 4.6 5.3 2.5 2.5 2 1 1 4 4
-1770.1 9547.0 -128.3 12 0 10.2 9.8 10.5 3.5 2 0 3 5 5
-1757.0 9583.3 -128.0 20 0 38.5 13.6 14.0 3.5 2 0 4 2 2
-1797.1 9554.9 -128.0 194 0 6.6 9.7 10.5 3.5 2 1 3 3 3
-1016.1 9944.8 -131.6 272 0 9.4 11.7 10.5 3.5 2 1 3 4 4
-1069.7 9955.0 -131.7 278 0 21.2 11.8 14.0 3.5 2 0 4 2 2
