-5619.0 -5948.7 5.5 152 0 23.2 25.5 5.0 2.5 2 1 2 2 2
6158.8 180.6 -76.3 50 0 15.3 8.5 7.5 2.5 2 0 3 1 1
5655.3 -5945.8 72.2 323 0 20.6 13.1 7.5 2.5 2 0 3 2 2
-5199.7 -936.6 18.7 61 0 15.0 14.3 7.5 2.5 2 0 3 1 1
-4660.5 5557.4 80.0 341 0 11.4 14.5 7.5 2.5 2 1 3 0 0
-3981.0 7171.7 25.1 60 0 16.2 14.1 5.0 2.5 2 0 2 4 4
2609.7 5369.9 -32.8 59 0 22.0 21.0 7.5 2.5 2 0 3 5 5
4105.0 9433.3 -20.5 242 0 19.9 20.8 10.0 2.5 2 1 4 0 0
-6879.7 -4922.1 33.3 268 0 7.0 7.1 5.0 2.5 2 1 2 4 4
-5554.9 -5391.2 -1.1 154 0 13.5 17.4 7.5 2.5 2 1 3 4 4
-6818.4 -5028.0 30.7 41 0 10.9 4.6 2.5 2.5 2 0 1 1 1
-6830.9 -5034.1 30.8 4 0 10.9 12.3 7.5 2.5 4 1 3 2 2
-6836.6 -4986.1 31.5 270 0 5.0 7.1 7.5 2.5 2 1 3 2 2
-6818.3 -5016.4 30.7 63 0 20.5 20.5 7.5 2.5 2 1 3 5 5
-3901.1 -6552.7 -38.0 334 0 5.2 11.0 2.5 2.5 2 1 1 5 5
-3925.7 -6562.9 -37.5 231 0 7.3 8.8 7.5 2.5 4 1 3 1 1
-3926.4 -6619.9 -35.8 53 0 7.6 8.6 7.5 2.5 2 1 3 1 1
-5162.8 -5816.2 -19.1 225 0 23.0 34.1 15.0 0.0 0 1 6 0 0
-4448.3 -1298.7 10.2 228 0 37.6 116.2 10.0 0.0 0 1 4 1 1
-4793.4 -894.8 2.7 240 0 15.2 7.9 2.5 2.5 2 0 1 2 2
-4799.6 -909.6 2.9 229 0 10.5 8.0 5.0 2.5 2 0 2 1 1
-1481.1 -4153.6 -7.3 229 0 49.6 56.7 17.5 0.0 0 1 7 1 1
-1188.4 -3395.7 21.0 253 0 9.9 5.8 2.5 0.0 0 0 1 4 4
-1208.6 -3416.3 20.2 163 0 7.3 19.0 7.5 2.5 2 1 3 1 1
-2877.0 -5592.1 28.5 35 0 3.4 6.5 7.5 2.5 4 1 3 5 5
-2898.6 -5578.5 28.9 211 0 3.1 8.3 7.5 2.5 2 1 3 0 0
-2891.7 -5590.3 28.6 117 0 6.3 8.3 5.0 2.5 2 1 2 1 1
-3698.1 -5253.7 35.0 183 0 10.8 9.2 2.5 2.5 2 0 1 5 5
-4236.7 -5067.2 40.1 111 0 9.6 25.8 5.0 2.5 2 1 2 3 3
-4295.1 -5098.8 36.4 315 0 13.9 14.4 7.5 2.5 2 1 3 3 3
-4296.2 -5139.3 34.7 46 0 16.1 31.9 10.0 2.5 2 1 4 4 4
-6795.0 -7306.4 10.0 351 0 15.0 27.8 10.0 2.5 2 1 4 4 4
2224.1 -4648.1 -56.8 158 0 4.8 5.4 5.0 0.0 0 1 2 3 3
2219.9 -4636.6 -57.2 160 0 15.5 7.0 2.5 2.5 2 0 1 5 5
2246.1 -4669.2 -55.6 341 0 14.3 10.4 5.0 2.5 2 0 2 4 4
2047.2 -6655.1 16.8 249 0 5.5 21.4 7.5 2.5 4 1 3 5 5
2016.2 -6587.0 13.7 287 0 13.7 12.4 7.5 2.5 2 0 3 5 5
2044.7 -6706.1 19.5 200 0 12.4 13.7 5.0 2.5 2 1 2 4 4
1981.0 -6677.4 20.2 290 0 13.7 12.4 5.0 2.5 2 0 2 2 2
-2929.5 -5998.3 13.9 131 0 9.2 8.5 5.0 2.5 2 0 2 5 5
-2921.4 -5951.4 15.5 299 0 28.4 11.1 10.0 0.0 0 0 4 2 2
-3028.6 -6107.3 8.0 289 0 4.2 4.8 7.5 2.5 4 1 3 1 1
-3108.3 -6292.8 -0.7 119 0 13.2 9.2 7.5 2.5 2 0 3 3 3
-3047.9 -6168.2 5.1 4 0 26.2 8.4 7.5 2.5 2 0 3 0 0
-3151.5 -6120.6 5.5 213 0 22.5 25.3 12.5 2.5 2 1 5 3 3
-3187.2 -6088.0 6.1 298 0 6.8 21.9 7.5 0.0 0 1 3 3 3
-3227.7 -6092.2 5.4 210 0 32.0 30.4 12.5 0.0 0 0 5 5 5
-3176.5 -6128.6 4.4 31 0 51.3 19.4 12.5 0.0 0 0 5 2 2
6581.5 -9075.2 -19.4 301 0 7.6 5.8 5.0 2.5 2 0 2 2 2
6564.4 -9053.7 -20.1 292 0 34.4 19.9 10.0 0.0 0 0 4 4 4
5874.1 -4049.3 -57.3 57 0 6.5 6.3 7.5 2.5 2 0 3 0 0
5877.1 -4032.4 -57.0 327 0 12.0 7.5 5.0 2.5 2 0 2 2 2
2136.0 -4729.6 -51.1 68 0 19.2 9.6 7.5 2.5 4 0 3 4 4
2279.8 -4667.2 -51.9 156 0 14.7 51.0 10.0 2.5 2 1 4 0 0
2354.7 -4616.6 -53.4 335 0 11.6 25.6 7.5 2.5 2 1 3 2 2
2339.3 -4603.9 -55.2 335 0 12.9 10.1 7.5 2.5 4 0 3 3 3
2283.7 -4555.8 -59.5 243 0 14.1 6.0 7.5 2.5 2 0 3 3 3
2262.5 -4593.5 -59.0 156 0 11.8 19.4 2.5 2.5 2 1 1 0 0
-4739.2 -1947.4 27.0 53 0 18.5 25.7 10.0 2.5 4 1 4 0 0
-3185.2 -2008.2 -4.3 310 0 16.2 60.6 10.0 2.5 2 1 4 2 2
-3154.2 -2030.3 -4.3 310 0 34.2 131.1 12.5 0.0 0 1 5 2 2
-4414.2 -841.0 -1.7 81 0 5.7 10.8 2.5 2.5 4 1 1 0 0
-3273.6 -956.4 24.8 96 0 11.1 11.4 7.5 2.5 2 1 3 5 5
-3314.9 -932.4 26.7 275 0 17.7 10.5 7.5 2.5 2 0 3 0 0
-3348.2 -942.5 26.4 277 0 15.3 43.0 12.5 2.5 2 1 5 4 4
-3357.7 -1019.9 25.3 97 0 16.8 31.5 12.5 2.5 2 1 5 4 4
-3401.4 -1009.8 26.8 97 0 36.9 55.5 10.0 0.0 0 1 4 4 4
-3432.0 -1237.5 17.3 42 0 9.2 18.0 7.5 2.5 2 1 3 3 3
-3565.7 -1253.8 9.9 138 0 22.5 20.8 15.0 0.0 0 0 6 3 3
-3473.7 -1266.7 12.9 50 0 15.9 76.0 12.5 2.5 2 1 5 4 4
-3495.6 -1287.6 10.4 49 0 15.3 84.2 12.5 2.5 2 1 5 4 4
-2865.9 -1366.8 7.5 95 0 35.3 19.3 12.5 0.0 0 0 5 5 5
-2925.6 -1074.3 23.1 1 0 5.9 6.9 7.5 2.5 2 1 3 0 0
-3108.6 -1046.8 22.7 195 0 7.5 72.3 7.5 2.5 2 1 3 3 3
-3113.1 -1071.3 22.6 184 0 7.1 71.8 7.5 2.5 4 1 3 4 4
-2797.0 -1142.8 21.6 183 0 30.6 60.6 10.0 0.0 0 1 4 5 5
-2811.8 -1116.1 23.3 93 0 12.9 19.2 5.0 2.5 2 1 2 1 1
-2844.7 -1124.5 14.7 274 0 33.6 134.8 10.0 0.0 0 1 4 2 2
-2920.2 -1163.7 20.8 183 0 30.6 17.1 12.5 2.5 2 0 5 4 4
-2890.4 -1117.7 20.3 273 0 15.5 68.2 10.0 2.5 2 1 4 3 3
-2898.4 -1248.1 15.7 94 0 16.3 55.2 12.5 2.5 2 1 5 4 4
-2919.9 -1228.4 16.4 183 0 20.7 12.4 10.0 0.0 0 0 4 1 1
-2960.9 -1251.8 15.5 93 0 33.8 134.4 12.5 0.0 0 1 5 0 0
-3022.9 -1248.1 16.0 93 0 26.5 134.9 10.0 0.0 0 1 4 3 3
-3082.1 -1243.6 16.5 94 0 32.9 62.9 10.0 0.0 0 1 4 0 0
-3220.5 -728.0 31.2 295 0 10.3 11.1 7.5 2.5 2 1 3 2 2
-3240.1 -760.8 30.6 200 0 10.1 8.9 7.5 2.5 2 0 3 5 5
-3024.2 -543.8 26.0 313 0 9.2 6.4 7.5 2.5 2 0 3 0 0
-3081.0 -516.1 26.2 217 0 15.4 47.1 10.0 2.5 2 1 4 4 4
-1150.7 -2975.1 9.5 224 0 13.5 24.8 12.5 2.5 2 0 5 5 5
-4471.0 -1365.3 15.7 223 0 12.4 34.2 10.0 2.5 2 1 4 1 1
-4271.7 -1229.8 0.9 311 0 199.2 139.2 10.0 0.0 0 0 4 0 0
428.3 2939.2 24.0 134 0 4.1 5.9 5.0 2.5 2 1 2 1 1
-221.0 1854.2 53.1 356 0 23.8 10.9 7.5 2.5 2 0 3 5 5
-223.7 1817.3 56.3 85 0 11.0 22.5 10.0 2.5 2 1 4 3 3
-1530.1 -2276.9 -26.5 114 0 5.8 11.7 5.0 2.5 2 1 2 3 3
-1503.0 -2176.6 -24.7 279 0 16.1 29.8 15.0 0.0 0 1 6 4 4
-1449.2 -2113.0 -25.0 95 0 19.9 22.1 10.0 2.5 2 1 4 4 4
-1538.9 -2154.6 -24.8 283 0 34.0 24.1 10.0 0.0 0 0 4 4 4
-1637.4 -2401.5 -22.9 198 0 11.3 28.5 10.0 2.5 2 1 4 1 1
-1089.1 -3074.9 14.6 178 0 5.4 8.6 7.5 2.5 2 1 3 2 2
-1144.2 -3028.1 11.3 129 0 12.3 15.5 5.0 2.5 4 1 2 2 2
-1121.4 -2994.6 10.7 315 0 19.7 13.2 10.0 2.5 2 0 4 2 2
-1159.6 -2984.2 9.7 224 0 11.9 24.8 12.5 2.5 2 0 5 3 3
-1094.0 -3034.6 11.9 47 0 4.9 31.6 2.5 2.5 2 1 1 3 3
2328.3 -4273.0 -34.1 49 0 8.9 36.7 7.5 2.5 2 1 3 2 2
6553.3 -3160.3 -90.7 84 0 10.4 11.5 7.5 2.5 2 1 3 5 5
6658.5 -2964.1 -100.2 278 0 13.8 8.5 5.0 0.0 0 0 2 4 4
6712.4 -3390.8 -77.9 125 0 6.5 7.1 7.5 2.5 2 1 3 0 0
6688.2 -5543.6 76.6 282 0 8.9 11.8 5.0 2.5 2 1 2 5 5
4881.7 -1497.9 -18.8 169 0 12.0 13.3 2.5 2.5 2 1 1 5 5
4726.2 -1386.0 -12.2 159 0 41.3 19.4 12.5 2.5 2 0 5 2 2
4786.8 -1451.9 -14.8 320 0 5.8 8.8 5.0 2.5 2 1 2 0 0
4911.5 -1820.8 -33.2 236 0 5.8 4.6 7.5 2.5 2 0 3 2 2
4944.1 -1830.0 -33.7 313 0 3.6 5.9 7.5 2.5 2 1 3 0 0
4915.6 -1863.0 -34.6 130 0 4.6 5.3 2.5 2.5 2 1 1 4 4
4915.9 -1853.5 -34.3 122 0 4.0 7.7 5.0 2.5 2 1 2 5 5
4945.9 -1839.4 -34.3 307 0 12.8 8.1 5.0 2.5 2 0 2 3 3
2786.6 -4367.5 -57.8 89 0 6.3 5.9 2.5 2.5 2 0 1 2 2
2186.6 -4651.5 -56.3 69 0 5.1 14.5 8.0 2.5 2 1 2 2 2
2196.0 -4648.0 -56.6 70 0 5.4 14.0 4.0 2.5 2 1 1 5 5
-1108.7 -4114.3 -6.7 158 0 13.7 15.8 5.0 2.5 2 1 2 5 5
747.3 4733.4 15.0 103 0 7.7 28.6 2.5 2.5 2 1 1 4 4
3877.7 2965.5 -43.7 88 0 14.8 9.6 5.0 2.5 4 0 2 1 1
1063.9 4092.0 -3.7 83 0 29.9 81.8 12.5 0.0 0 1 5 2 2
927.0 4801.2 7.6 304 0 55.4 10.9 10.0 0.0 0 0 4 0 0
1047.5 4832.7 1.2 205 0 18.2 10.4 7.5 2.5 2 0 3 4 4
1078.4 4887.7 -1.2 293 0 5.9 39.0 5.0 2.5 2 1 2 5 5
1059.1 4886.7 -2.8 203 0 87.5 14.3 12.5 2.5 2 0 5 1 1
1017.2 4810.0 2.3 206 0 53.3 11.7 10.0 2.5 2 0 4 2 2
646.0 4536.9 17.3 285 0 12.5 5.2 2.5 2.5 2 0 1 2 2
596.8 4521.5 15.9 196 0 14.0 80.9 10.0 2.5 2 1 4 5 5
590.4 4491.9 18.2 107 0 8.3 11.3 5.0 2.5 2 1 2 5 5
675.8 4475.4 15.4 16 0 13.6 67.7 15.0 0.0 0 1 6 5 5
668.4 4449.0 15.1 16 0 15.9 81.4 10.0 2.5 2 1 4 3 3
-1667.0 -5275.4 12.7 2 0 9.4 29.4 7.5 0.0 0 1 3 1 1
-3010.2 -3919.0 12.9 229 0 8.9 9.8 7.5 2.5 2 1 3 4 4
-2995.8 -3928.5 12.6 319 0 13.6 6.9 2.5 2.5 2 0 1 5 5
-2988.4 -3937.1 12.3 318 0 9.0 6.9 7.5 2.5 2 0 3 0 0
-2829.1 -3874.1 13.7 138 0 21.0 9.3 7.5 2.5 2 0 3 2 2
-2786.7 -3837.5 14.0 315 0 8.9 11.9 2.5 2.5 4 1 1 4 4
-2801.3 -3860.6 13.8 44 0 24.7 17.0 12.5 2.5 2 0 5 3 3
-2052.8 -4075.9 8.9 218 0 8.4 5.3 2.5 2.5 4 0 1 5 5
-2053.0 -4093.4 8.3 128 0 10.3 14.8 5.0 2.5 2 1 2 2 2
-1822.7 -4143.5 4.5 226 0 8.8 9.3 7.5 2.5 2 1 3 1 1
-1751.3 -4142.1 2.5 5 0 13.9 25.4 10.0 2.5 2 1 4 5 5
-5102.3 -2077.3 39.2 120 0 14.2 11.8 5.0 2.5 2 0 2 5 5
-3973.8 -2955.7 24.5 211 0 24.9 40.4 10.0 0.0 0 1 4 5 5
-3985.9 -2670.7 20.0 114 0 22.9 9.4 7.5 2.5 4 0 3 5 5
-3982.1 -2662.2 18.8 114 0 23.0 55.9 10.0 2.5 2 0 4 4 4
-2498.7 -3303.6 20.1 114 0 11.8 12.0 7.5 2.5 2 1 3 0 0
-2584.9 -3330.9 19.1 129 0 16.2 11.4 7.5 2.5 2 0 3 5 5
-2160.0 -3300.6 28.2 268 0 52.8 18.4 10.0 2.5 2 0 4 5 5
-4986.7 -955.4 11.4 64 0 12.7 12.0 5.0 2.5 2 0 2 3 3
-5167.4 -940.7 18.1 357 0 7.9 6.2 5.0 2.5 2 0 2 4 4
-4338.3 3197.3 93.7 203 0 6.5 28.2 2.5 2.5 2 1 1 2 2
-617.0 4156.3 80.7 183 0 14.4 8.3 5.0 2.5 2 0 2 0 0
-612.2 4184.2 81.0 183 0 26.6 9.6 7.5 2.5 2 0 3 2 2
-588.6 4182.8 81.2 273 0 8.9 37.4 7.5 2.5 2 1 3 2 2
-556.9 4167.2 80.7 291 0 25.5 61.9 10.0 2.5 2 1 4 1 1
2707.5 -1639.8 35.8 84 0 4.5 5.4 5.0 2.5 2 1 2 1 1
5279.1 -982.1 5.0 4 0 6.3 13.6 5.0 2.5 2 1 2 2 2
5326.3 -1045.1 2.0 4 0 6.5 72.5 7.5 2.5 2 1 3 3 3
5376.4 -1046.3 1.3 14 0 9.7 6.4 5.0 2.5 2 0 2 1 1
2572.9 9397.4 5.9 4 0 8.6 6.2 7.5 2.5 2 0 3 1 1
2561.2 9408.1 5.9 274 0 4.6 13.5 5.0 2.5 2 1 2 1 1
2361.6 9700.0 9.4 201 0 5.2 6.5 5.0 2.5 4 1 2 1 1
2353.8 9643.9 9.2 25 0 14.4 23.0 7.5 2.5 2 1 3 0 0
3452.0 7262.2 -73.2 11 0 10.4 12.3 2.5 0.0 0 1 1 2 2
3376.7 7238.9 -74.5 101 0 9.8 44.5 7.5 2.5 2 1 3 0 0
3398.4 7280.8 -73.2 285 0 9.0 8.9 5.0 2.5 2 0 2 4 4
3542.9 7139.8 -77.0 12 0 25.1 52.0 10.0 2.5 2 1 4 4 4
3460.7 7109.1 -78.8 192 0 30.5 72.7 10.0 0.0 0 1 4 5 5
-4786.8 5606.1 79.3 55 0 8.2 36.6 7.5 2.5 2 1 3 4 4
-1729.0 -9681.4 13.8 214 0 12.6 21.5 10.0 2.5 2 1 4 0 0
-1721.2 -9652.0 13.6 195 0 8.2 6.3 5.0 2.5 2 0 2 5 5
-1725.5 -9670.7 13.7 196 0 7.0 18.4 5.0 2.5 2 1 2 2 2
-1689.2 -9696.4 13.8 215 0 6.0 8.7 5.0 2.5 4 1 2 4 4
-1869.2 -9559.9 15.4 45 0 16.3 22.1 10.0 2.5 2 1 4 1 1
-1884.4 -9600.3 15.9 9 0 7.7 7.1 5.0 2.5 2 0 2 4 4
3868.2 -8682.3 -30.8 2 0 8.2 12.5 5.0 2.5 2 1 2 3 3
3845.5 -8654.9 -30.2 282 0 12.6 14.6 7.5 2.5 2 1 3 1 1
3799.9 -8656.6 -31.1 283 0 13.9 16.5 5.0 0.0 0 1 2 1 1
3778.7 -8656.4 -31.5 285 0 13.9 16.5 5.0 2.5 2 1 2 1 1
3754.8 -8789.6 -39.1 116 0 10.6 11.1 5.0 0.0 0 1 2 5 5
3788.2 -8779.9 -38.6 299 0 7.7 13.3 5.0 0.0 0 1 2 4 4
3810.0 -8797.9 -38.9 27 0 9.2 13.7 2.5 0.0 0 1 1 1 1
5301.6 -1453.6 -17.2 78 0 9.1 16.7 2.5 2.5 2 1 1 5 5
5261.8 -1428.1 -16.1 253 0 8.2 11.5 5.0 2.5 2 1 2 3 3
-531.7 -4424.9 -21.5 259 0 8.1 3.5 5.0 2.5 2 0 2 0 0
-703.2 -4407.5 -20.3 78 0 16.8 7.0 5.0 2.5 4 0 2 3 3
-650.7 -4396.4 -20.0 77 0 30.2 10.2 7.5 2.5 4 0 3 2 2
-348.7 -4609.9 -29.8 70 0 9.7 32.1 7.5 2.5 2 1 3 5 5
-661.0 -4500.4 -24.5 164 0 6.8 14.6 8.0 2.5 2 1 2 5 5
-686.5 -4494.2 -24.7 257 0 25.4 12.3 10.0 0.0 0 0 4 1 1
-727.3 -4501.8 -24.2 78 0 26.3 31.5 10.0 0.0 0 1 4 3 3
-751.2 -4433.5 -22.7 259 0 47.2 31.8 10.0 0.0 0 0 4 4 4
-675.4 -4551.5 -27.0 168 0 32.0 42.0 7.5 0.0 0 1 3 2 2
-576.4 -4509.5 -26.9 258 0 92.7 39.7 12.5 0.0 0 0 5 5 5
-708.8 -4458.0 -23.7 168 0 59.8 150.0 12.5 0.0 0 1 5 3 3
2444.7 -1966.5 47.5 321 0 8.1 10.3 5.0 2.5 4 0 2 1 1
2435.0 -1979.6 47.3 51 0 11.1 8.1 5.0 2.5 2 0 2 4 4
6194.1 -8005.2 2.2 90 0 16.7 25.4 10.0 2.5 2 1 4 1 1
-6249.5 7587.0 74.3 87 0 7.8 14.9 7.5 2.5 2 1 3 2 2
-6133.2 7427.2 68.2 111 0 8.4 17.0 7.5 2.5 2 1 3 3 3
-6172.3 7439.9 68.1 113 0 40.3 9.5 5.0 2.5 2 0 2 1 1
-1672.4 -9600.2 13.1 173 0 4.3 6.4 5.0 2.5 2 1 2 2 2
5214.1 -1311.0 -9.7 335 0 6.1 9.9 7.5 2.5 4 1 3 5 5
5200.0 -1327.2 -10.1 69 0 6.5 17.4 7.5 2.5 2 1 3 4 4
1025.4 10478.5 46.6 231 0 13.3 7.1 7.5 2.5 2 0 3 3 3
6011.6 8097.3 -28.5 235 0 95.4 48.2 10.0 0.0 0 0 4 3 3
-1059.2 -3051.7 14.3 44 0 10.6 11.0 10.0 2.5 2 1 4 2 2
6572.6 -9093.2 -20.2 121 0 9.7 13.2 5.0 2.5 2 1 2 3 3
6589.8 -9076.4 -19.3 301 0 6.9 8.3 2.5 2.5 2 0 1 4 4
6588.4 -9064.8 -18.9 301 0 10.6 9.1 5.0 2.5 2 0 2 4 4
6523.3 -9066.2 -20.9 202 0 15.3 50.4 12.5 2.5 2 1 5 3 3
6541.2 -9044.3 -20.1 293 0 15.7 19.6 10.0 2.5 2 0 4 1 1
-1894.3 -5054.5 -9.3 7 0 5.2 8.5 2.5 2.5 2 1 1 1 1
4078.6 -3880.0 -79.4 16 0 7.3 48.6 7.5 2.5 2 0 3 4 4
4076.4 -3887.7 -79.8 16 0 8.6 60.2 7.5 2.5 2 0 3 1 1
-5910.7 7873.0 83.5 119 0 13.5 18.5 12.5 2.5 2 1 5 2 2
-4499.9 854.7 59.7 218 0 5.9 9.4 7.5 2.5 2 1 3 0 0
-2911.9 3386.0 76.0 91 0 3.2 8.0 2.5 2.5 2 1 1 5 5
-2873.3 3387.0 74.5 91 0 8.4 4.3 5.0 2.5 4 0 2 3 3
-2845.1 3386.6 75.7 91 0 5.0 3.7 7.5 2.5 2 0 3 2 2
-1796.9 4101.2 66.3 277 0 7.2 21.1 2.5 2.5 2 1 1 4 4
-1772.9 4101.8 67.8 183 0 9.2 5.3 5.0 2.5 2 0 2 0 0
-1767.0 4114.0 65.4 183 0 46.1 22.0 12.5 0.0 0 0 5 5 5
44.4 4497.3 54.1 146 0 4.5 4.3 7.5 0.0 0 0 3 4 4
3430.8 3857.5 -38.5 326 0 11.2 16.8 10.0 2.5 2 1 4 0 0
-2072.0 -7684.1 -39.7 22 0 7.7 15.8 5.0 2.5 2 1 2 2 2
-2067.2 -7656.0 -40.0 92 0 10.6 40.4 12.5 0.0 0 0 5 0 0
-2049.8 -7617.6 -39.0 272 0 3.7 5.1 2.5 2.5 2 0 1 1 1
