2844.6 5263.3 -92.3 97 0 9.8 9.2 2.5 2.5 2 0 1 4 4
2863.3 5261.0 -92.7 95 0 9.8 11.2 7.5 2.5 2 1 3 5 5
2886.8 5257.1 -93.1 99 0 9.8 12.2 2.5 2.5 2 1 1 1 1
2804.6 5269.7 -92.2 96 0 11.7 11.1 7.5 2.5 2 0 3 0 0
2782.4 5273.4 -91.9 95 0 8.5 8.8 7.5 2.5 2 1 3 2 2
-258.2 -7352.1 -25.0 168 0 17.0 19.5 10.0 2.5 2 1 4 3 3
6158.3 3439.2 -66.1 312 0 33.5 18.3 10.0 0.0 0 0 4 2 2
6072.8 3625.1 -58.1 52 0 13.6 12.2 10.0 2.5 2 0 4 4 4
6103.8 3634.5 -61.3 246 0 21.5 12.5 10.0 2.5 2 0 4 2 2
4601.6 9095.0 -157.6 316 0 15.4 19.8 10.0 2.5 2 1 4 0 0
4505.1 9051.5 -157.2 76 0 9.9 12.1 7.5 2.5 2 1 3 2 2
-420.2 -7957.5 -3.9 201 0 7.0 13.0 5.0 2.5 2 1 2 5 5
-414.4 -8028.1 -1.1 353 0 8.4 7.2 7.5 2.5 2 0 3 2 2
-414.1 -8002.9 -3.1 6 0 11.7 6.9 5.0 2.5 2 0 2 4 4
-1602.5 -9361.3 -47.5 59 0 9.9 14.7 7.5 2.5 2 1 3 4 4
-733.2 -7836.5 -17.0 75 0 9.4 7.5 5.0 2.5 2 0 2 5 5
6720.9 -845.4 -114.4 113 0 19.5 13.9 10.0 2.5 2 0 4 3 3
6039.9 -937.8 -83.7 168 0 11.4 10.9 5.0 2.5 2 0 2 1 1
6044.6 -905.4 -82.4 265 0 9.4 7.0 2.5 2.5 2 0 1 3 3
6187.1 -883.3 -89.8 116 0 13.1 13.9 5.0 2.5 2 1 2 4 4
6186.5 -844.5 -88.2 79 0 15.0 13.7 7.5 2.5 2 0 3 3 3
4546.1 9182.8 -155.7 155 0 12.3 13.2 5.0 2.5 2 1 2 2 2
4482.6 8624.3 -154.9 83 0 9.4 10.3 5.0 2.5 2 1 2 2 2
4442.7 8774.5 -155.1 173 0 7.0 14.5 5.0 2.5 2 1 2 4 4
4873.9 10215.9 -150.5 162 0 10.2 31.8 12.5 0.0 0 1 5 4 4
5300.8 9482.5 -139.0 108 0 12.8 7.2 5.0 2.5 2 0 2 3 3
5314.7 9486.1 -138.1 290 0 6.4 7.5 5.0 2.5 2 1 2 3 3
4941.7 9468.1 -157.5 108 0 21.1 12.1 7.5 0.0 0 0 3 2 2
4998.7 10053.6 -160.5 183 0 29.2 12.7 10.0 2.5 2 0 4 1 1
4943.2 9891.0 -164.7 216 0 10.9 17.5 5.0 2.5 4 1 2 5 5
4539.9 9936.9 -151.1 165 0 6.9 5.1 5.0 0.0 0 0 2 1 1
6418.5 -1396.8 -102.5 63 0 13.8 13.3 7.5 2.5 2 0 3 4 4
6445.8 -1351.4 -103.9 88 0 14.2 14.6 7.0 2.5 2 1 2 3 3
5625.7 -1864.9 -63.3 105 0 20.8 23.6 12.5 2.5 2 1 5 1 1
5632.7 -1815.4 -63.5 294 0 7.9 11.7 7.5 2.5 4 1 3 3 3
6050.9 3632.6 -55.7 47 0 7.9 12.2 7.5 2.5 2 1 3 0 0
5894.5 3573.6 -46.4 302 0 7.2 8.6 7.5 2.5 2 1 3 2 2
5901.9 3567.6 -47.5 314 0 7.7 11.0 5.0 2.5 2 1 2 5 5
5896.4 3580.4 -46.2 347 0 3.3 6.4 5.0 0.0 0 1 2 3 3
5925.1 1933.2 -58.3 250 0 13.8 14.1 5.0 2.5 2 1 2 5 5
5903.2 3773.9 -34.5 142 0 14.1 12.0 7.5 2.5 2 0 3 3 3
5952.9 3842.2 -32.8 212 0 7.8 12.0 7.5 0.0 0 1 3 3 3
5964.5 3932.9 -33.1 96 0 21.0 11.3 8.0 2.5 2 0 2 5 5
5929.5 3935.3 -25.3 10 0 11.4 15.6 8.0 2.5 2 1 2 5 5
5965.1 3724.9 -43.9 137 0 12.0 20.2 7.5 2.5 2 1 3 1 1
6004.6 3621.7 -52.8 88 0 9.7 10.4 7.5 2.5 2 1 3 3 3
5992.3 3623.3 -51.8 64 0 16.4 9.3 7.5 2.5 2 0 3 0 0
5975.0 3616.5 -50.5 65 0 7.7 28.7 7.5 2.5 2 1 3 1 1
5936.7 3611.9 -47.9 123 0 9.4 11.7 5.0 2.5 2 1 2 4 4
6017.7 3657.7 -52.8 265 0 10.7 8.7 7.5 2.5 4 0 3 4 4
6085.6 3623.3 -59.6 225 0 12.7 6.3 5.0 2.5 2 0 2 2 2
6135.6 3903.8 -47.1 11 0 10.3 9.9 5.0 2.5 2 0 2 0 0
6159.1 3901.4 -51.3 208 0 15.6 14.4 7.5 2.5 4 0 3 3 3
6104.9 3943.4 -43.7 102 0 12.7 9.9 5.0 2.5 2 0 2 0 0
6122.8 3955.9 -45.0 277 0 12.0 10.4 7.5 2.5 2 0 3 4 4
6072.0 3573.7 -60.5 318 0 8.0 16.5 7.5 2.5 2 1 3 3 3
6071.9 3596.1 -59.8 146 0 5.3 11.0 5.0 2.5 2 1 2 0 0
6138.4 3489.6 -68.8 150 0 22.1 9.6 5.0 2.5 2 0 2 5 5
6115.2 3497.4 -67.6 135 0 9.8 8.6 7.5 2.5 2 0 3 1 1
6117.1 3510.5 -67.1 120 0 11.0 10.2 7.5 2.5 2 0 3 3 3
6117.3 3531.3 -66.8 194 0 8.5 12.1 7.5 2.5 2 1 3 5 5
6086.4 3547.0 -63.3 174 0 8.8 8.9 7.5 2.5 4 1 3 1 1
6093.8 3563.5 -63.2 232 0 8.7 9.5 7.5 2.5 2 1 3 0 0
5951.1 8283.3 -81.9 84 0 9.3 8.3 5.0 2.5 2 0 2 3 3
5794.9 8501.0 -92.1 34 0 9.7 10.8 7.5 2.5 2 1 3 2 2
5819.0 8595.4 -92.1 238 0 73.2 12.0 12.5 2.5 2 0 5 2 2
5745.4 8561.4 -94.3 26 0 25.1 10.5 17.5 0.0 0 0 7 4 4
5626.2 8609.8 -100.6 66 0 19.4 10.6 5.0 2.5 2 0 2 5 5
5224.8 8773.7 -128.8 88 0 16.0 10.9 5.0 2.5 4 0 2 3 3
5018.7 8899.0 -146.7 90 0 15.2 13.2 5.0 2.5 2 0 2 5 5
5122.7 9256.1 -138.3 250 0 43.6 18.8 10.0 2.5 2 0 4 0 0
5167.3 9282.6 -136.6 244 0 9.5 7.1 5.0 2.5 2 0 2 2 2
5367.4 9544.7 -141.7 20 0 10.4 25.4 10.0 0.0 0 1 4 5 5
4866.3 8123.7 -126.0 188 0 10.3 8.3 5.0 0.0 0 0 2 4 4
134.1 -7745.8 4.1 164 0 10.1 24.4 7.5 2.5 2 1 3 3 3
178.6 -7747.9 4.3 351 0 8.8 8.7 5.0 0.0 0 0 2 2 2
103.0 -7674.2 -0.0 84 0 6.8 9.1 7.5 2.5 2 1 3 5 5
51.5 -7571.1 -6.8 187 0 22.9 15.9 7.5 2.5 2 0 3 5 5
-1225.4 -7597.8 -14.5 75 0 11.3 9.6 5.0 2.5 2 0 2 3 3
1764.5 -6654.1 -10.1 96 0 10.5 12.0 7.5 2.5 2 1 3 4 4
6127.4 3710.5 -57.7 48 0 11.9 8.7 7.5 2.5 2 0 3 0 0
6096.4 3584.4 -62.6 208 0 9.0 12.0 7.5 2.5 4 1 3 4 4
6146.0 3718.5 -58.4 44 0 9.2 13.0 7.5 2.5 2 1 3 0 0
6137.8 3732.3 -56.6 314 0 3.8 6.8 7.5 2.5 2 1 3 1 1
5931.3 3623.7 -46.9 128 0 7.1 12.0 5.0 2.5 2 1 2 5 5
5989.6 3539.8 -55.4 131 0 4.8 12.3 5.0 2.5 2 1 2 5 5
5978.7 3576.8 -53.4 271 0 9.1 12.7 7.5 2.5 2 1 3 2 2
5956.5 3578.4 -51.4 209 0 13.6 9.2 5.0 0.0 0 0 2 1 1
6046.7 3488.6 -62.0 36 1 14.0 11.1 10.0 2.5 2 0 4 5 5
6056.0 3498.4 -62.3 37 0 10.2 13.1 7.5 2.5 2 1 3 0 0
6070.2 3519.1 -62.7 325 0 8.2 12.5 5.0 2.5 4 1 2 3 3
6070.3 3509.0 -63.2 312 0 7.1 5.6 7.5 2.5 2 0 3 0 0
6035.0 3498.4 -60.6 33 0 10.3 11.8 7.5 2.5 2 1 3 5 5
6043.2 3521.0 -60.2 38 0 10.7 11.5 7.5 2.5 2 1 3 5 5
6049.8 3537.6 -60.5 311 0 11.8 10.1 5.0 2.5 2 0 2 0 0
6091.1 3575.9 -62.4 209 0 7.7 9.5 5.0 2.5 2 1 2 3 3
6059.0 3557.7 -59.8 322 0 6.1 12.9 7.5 2.5 4 1 3 1 1
6056.6 3576.7 -58.9 323 0 6.0 7.0 5.0 2.5 2 1 2 5 5
2263.7 4737.0 -104.0 101 0 16.7 11.7 10.5 2.5 2 0 3 2 2
2237.8 4835.0 -116.7 281 0 16.7 11.7 10.5 2.5 2 0 3 0 0
2251.6 4757.1 -107.2 101 0 16.7 11.7 7.0 2.5 2 0 2 0 0
2299.0 4741.1 -103.0 349 0 7.5 14.7 7.0 0.0 0 1 2 2 2
-1863.6 9001.4 -169.0 73 0 17.2 11.6 5.0 2.5 2 0 2 0 0
-6188.6 8317.7 -127.3 333 0 9.9 15.2 5.0 2.5 2 1 2 2 2
-3872.9 -1991.9 156.7 67 0 8.5 8.3 5.0 2.5 2 0 2 2 2
-3360.6 -3048.7 101.6 287 0 14.4 13.6 5.0 2.5 2 0 2 2 2
-3890.6 -2009.8 156.1 77 0 12.2 11.5 2.5 2.5 2 0 1 3 3
-3846.5 -1964.1 156.2 58 0 15.5 14.8 5.0 2.5 2 0 2 1 1
-3191.8 -1526.2 158.9 92 0 7.1 6.7 5.0 2.5 2 0 2 1 1
-3171.7 -1515.6 158.1 1 0 9.1 14.8 5.0 0.0 0 1 2 4 4
-3171.8 -1534.9 161.4 2 0 7.6 8.1 7.5 2.5 2 1 3 3 3
2622.7 5413.5 -107.1 334 0 17.0 27.7 10.0 2.5 2 1 4 4 4
5959.6 -1834.2 -86.4 145 0 11.1 27.0 7.5 2.5 2 1 3 5 5
6397.9 -1168.7 -101.8 0 0 12.7 24.9 10.0 2.5 2 1 4 1 1
6340.3 -1138.1 -100.3 180 0 35.3 19.7 10.0 0.0 0 0 4 1 1
-1408.2 -7604.9 -15.0 98 0 8.1 9.6 5.0 2.5 2 1 2 1 1
103.3 -7504.3 -10.3 102 0 10.2 9.2 7.5 2.5 2 0 3 0 0
-1042.9 -7256.8 -57.6 178 0 11.8 4.8 7.5 2.5 2 0 3 4 4
1085.2 -8998.5 -22.6 334 0 4.0 15.5 2.5 2.5 2 1 1 3 3
1079.6 -9005.1 -23.0 242 0 5.5 5.1 5.0 2.5 2 0 2 4 4
1222.1 -8945.4 -22.7 106 0 11.7 7.5 5.0 2.5 2 0 2 5 5
1210.4 -8933.0 -22.1 56 0 13.4 7.4 2.5 2.5 2 0 1 1 1
1217.8 -8910.7 -22.1 6 0 14.9 7.2 5.0 2.5 2 0 2 3 3
1219.4 -8883.5 -22.3 281 0 12.7 7.2 5.0 2.5 2 0 2 4 4
1212.4 -8897.9 -21.9 188 0 7.6 3.6 2.5 2.5 2 0 1 1 1
1202.8 -8973.4 -21.0 221 0 3.9 6.8 5.0 2.5 2 1 2 1 1
1219.7 -8979.7 -21.6 256 0 4.0 3.5 7.5 2.5 2 0 3 3 3
1232.4 -8982.0 -22.4 70 0 7.1 4.7 2.5 2.5 2 0 1 5 5
-715.3 -7849.2 -16.6 82 0 9.2 11.9 7.5 2.5 2 1 3 2 2
-693.2 -7860.8 -16.2 91 0 10.0 12.7 5.0 2.5 2 1 2 3 3
-757.4 -7816.9 -17.4 258 0 10.7 11.8 5.0 2.5 2 1 2 2 2
2292.2 4759.3 -105.8 349 0 7.5 14.7 10.5 0.0 0 1 3 5 5
2285.9 4776.8 -108.5 349 0 7.5 14.7 10.5 0.0 0 1 3 0 0
2279.4 4795.0 -111.2 349 0 7.5 14.7 7.0 0.0 0 1 2 3 3
2272.7 4812.6 -113.9 349 0 7.5 14.7 7.0 0.0 0 1 2 2 2
2261.9 4836.9 -116.7 295 0 10.5 14.5 7.0 0.0 0 1 2 5 5
-380.7 -3680.4 49.2 88 0 8.1 10.0 8.0 2.5 2 0 2 4 4
-420.1 -3664.2 53.9 168 0 6.0 8.9 2.5 2.5 2 0 1 1 1
-425.2 -3641.4 51.7 168 0 20.6 39.7 12.5 0.0 0 0 5 0 0
4924.8 -1742.4 -40.3 220 0 19.8 29.4 15.0 0.0 0 1 6 3 3
-3563.2 -2215.5 116.0 8 0 4.1 4.6 5.0 2.5 2 1 2 2 2
-1948.7 -10380.4 -39.5 40 0 7.2 7.0 7.5 2.5 4 0 3 4 4
523.2 -6113.7 10.8 78 0 8.4 8.5 2.5 2.5 2 1 1 2 2
669.0 -6729.0 -15.1 319 0 7.2 8.1 7.5 2.5 2 1 3 5 5
641.7 -6774.7 -15.6 44 0 9.8 10.7 5.0 2.5 2 1 2 3 3
-1813.5 -9288.9 -65.8 25 0 7.7 19.3 7.5 2.5 2 1 3 5 5
-1832.7 -9314.5 -66.8 66 0 13.3 10.7 2.5 2.5 2 0 1 2 2
-1256.0 -9411.9 -53.6 70 0 8.8 9.5 5.0 2.5 2 1 2 3 3
-1224.4 -9397.6 -52.7 55 0 8.0 11.6 5.0 2.5 2 1 2 2 2
-606.8 -9154.2 5.1 89 0 6.6 7.7 2.5 2.5 2 1 1 1 1
-758.2 -9214.9 1.3 251 0 7.4 12.4 5.0 2.5 2 1 2 3 3
2898.4 -6570.9 5.6 154 0 9.3 6.9 7.5 2.5 2 0 3 3 3
2845.9 -6217.0 -9.0 123 0 11.4 15.4 7.5 2.5 2 1 3 0 0
128.6 -7924.6 6.3 134 0 8.3 9.3 5.0 2.5 2 1 2 1 1
141.9 -7947.3 7.2 217 0 10.7 9.2 5.0 2.5 2 0 2 3 3
153.8 -7922.7 7.1 217 0 7.0 14.7 5.0 2.5 2 1 2 4 4
6412.0 -1364.2 -102.3 281 0 11.2 13.0 10.0 0.0 0 1 4 2 2
6463.4 -1338.7 -104.4 356 0 7.6 11.1 7.5 2.5 2 1 3 4 4
