-6646.5 6441.3 66.6 229 0 40.4 22.2 7.5 0.0 0 0 3 3 3
5877.2 10508.2 -91.8 333 0 12.3 16.6 7.5 2.5 2 1 3 0 0
4729.1 10254.6 17.0 331 0 30.1 42.4 7.5 0.0 0 1 3 3 3
3549.6 7342.2 -90.6 64 0 31.4 25.4 12.5 0.0 0 0 5 4 4
110.7 -3986.2 -60.8 153 0 10.7 18.1 7.5 2.5 2 1 3 1 1
-486.3 -5525.0 -65.6 63 0 22.0 16.9 7.5 2.5 2 0 3 1 1
831.1 10497.4 -42.4 76 0 108.1 104.1 10.0 0.0 0 0 4 2 2
905.6 10387.6 -36.5 346 0 16.6 18.2 12.5 2.5 2 1 5 4 4
912.0 10344.1 -35.7 350 0 11.6 11.3 2.5 2.5 2 0 1 3 3
845.8 10341.4 -39.3 177 0 11.3 18.8 7.5 2.5 4 1 3 0 0
863.3 10264.6 -38.1 191 0 16.1 18.8 10.0 0.0 0 1 4 2 2
939.4 10227.6 -34.1 355 0 11.4 16.9 7.5 2.5 2 1 3 0 0
874.1 10231.1 -37.4 172 0 22.2 13.5 12.5 2.5 2 0 5 0 0
872.9 10199.8 -37.2 178 0 12.7 18.1 10.0 2.5 2 1 4 5 5
946.5 10164.3 -33.5 0 0 18.7 13.5 10.0 2.5 2 0 4 5 5
875.6 10126.6 -37.6 183 0 18.6 19.0 10.0 2.5 2 1 4 3 3
1014.5 10340.8 -29.0 356 0 18.3 15.7 10.0 2.5 2 0 4 3 3
1009.1 10378.7 -29.6 348 0 14.5 15.5 15.0 0.0 0 1 6 3 3
998.9 10412.3 -30.2 343 0 16.0 14.4 10.0 2.5 2 0 4 5 5
940.5 10199.2 -33.7 356 0 15.6 14.9 5.0 2.5 2 0 2 4 4
-2317.0 -343.6 -29.9 331 0 35.4 17.8 7.5 0.0 0 0 3 4 4
-2396.4 -354.5 -30.6 241 0 61.1 20.0 10.0 2.5 2 0 4 5 5
2309.0 5166.4 -70.7 59 0 24.1 28.5 10.0 0.0 0 1 4 4 4
836.8 -619.8 -80.9 324 0 17.9 20.6 10.0 2.5 2 1 4 2 2
-767.0 -10029.3 -43.1 61 0 23.1 20.2 14.0 3.5 2 0 4 0 0
-4198.0 75.9 2.7 327 0 11.6 20.1 7.5 0.0 0 1 3 3 3
-2254.9 -542.1 -37.6 239 0 61.8 21.5 12.5 2.5 2 0 5 3 3
-4183.7 3720.5 21.4 297 0 7.6 16.3 5.0 2.5 2 1 2 3 3
-3781.6 9855.2 -13.4 54 0 16.5 11.2 7.5 2.5 2 0 3 4 4
-3263.7 -3427.8 -13.4 239 0 33.0 24.8 10.0 0.0 0 0 4 4 4
-2514.0 -9586.5 -95.3 61 0 23.4 23.1 14.0 3.5 2 0 4 5 5
-3259.4 -9497.9 -90.5 332 0 21.3 24.3 14.0 3.5 2 1 4 4 4
-2585.7 -9661.1 -96.6 210 0 16.8 47.6 14.0 3.5 2 1 4 5 5
-2056.5 -9761.1 -88.3 159 0 42.9 15.1 17.5 0.0 0 0 5 3 3
2634.1 6045.8 -69.1 255 0 25.5 16.7 7.5 2.5 2 0 3 1 1
736.8 912.4 -80.3 336 0 15.6 22.4 5.0 0.0 0 1 2 5 5
684.9 -380.6 -76.2 290 0 10.4 15.6 5.0 2.5 2 1 2 0 0
-138.2 -4358.4 -37.2 192 0 8.8 14.6 7.5 2.5 2 1 3 4 4
-1686.5 -10094.2 -88.8 119 0 54.7 19.3 12.5 2.5 2 0 5 0 0
-5965.1 10496.2 -36.6 222 0 9.9 36.2 7.5 2.5 2 1 3 3 3
-5976.6 10426.9 -35.4 138 0 19.8 19.3 7.5 2.5 4 0 3 4 4
-6008.0 10445.3 -36.2 138 0 21.1 60.0 10.0 2.5 2 1 4 2 2
-6016.7 10513.5 -35.4 223 0 110.0 35.6 10.0 0.0 0 0 4 4 4
-6033.5 10508.5 -35.1 133 0 14.9 57.2 12.5 2.5 2 1 5 0 0
-6074.3 10506.4 -34.6 133 0 41.8 86.7 10.0 0.0 0 1 4 2 2
-6552.3 9731.2 -41.7 295 0 34.4 67.8 10.0 0.0 0 0 4 5 5
-6476.2 9383.0 -39.4 310 0 21.1 20.3 5.0 2.5 2 0 2 3 3
-6708.4 9464.3 -38.1 219 0 61.0 219.8 12.5 0.0 0 1 5 3 3
-5257.7 10518.4 -48.0 147 0 38.6 109.0 12.5 0.0 0 1 5 0 0
-1022.0 -8265.1 0.6 11 0 10.7 19.5 14.0 3.5 2 1 4 3 3
-865.0 -8094.2 4.8 95 0 20.0 25.0 14.0 3.5 2 1 4 4 4
-812.9 -6911.6 -34.5 273 0 10.9 29.9 12.5 2.5 2 1 5 5 5
-157.3 5695.8 91.0 76 0 10.2 7.4 7.5 2.5 2 0 3 2 2
-54.0 5740.5 90.0 347 0 5.9 12.0 7.5 2.5 2 1 3 3 3
-16.7 6071.7 86.5 230 0 8.0 7.1 5.0 2.5 2 0 2 5 5
8.0 6097.2 86.4 226 0 30.6 12.5 10.0 2.5 2 0 4 3 3
210.7 5644.9 88.2 283 0 7.8 11.0 7.5 2.5 4 1 3 0 0
335.0 6044.3 65.5 36 0 13.7 8.6 5.0 2.5 2 0 2 1 1
294.1 6383.1 69.4 246 0 4.5 14.5 5.0 2.5 2 1 2 2 2
284.1 6390.2 70.1 244 0 5.7 24.5 7.5 2.5 2 1 3 5 5
332.4 6305.3 67.8 341 0 6.5 9.0 7.5 2.5 2 1 3 1 1
343.2 6271.0 66.5 344 0 37.2 17.1 12.5 2.5 4 0 5 3 3
4317.7 7995.7 -93.6 108 0 13.6 13.6 7.5 2.5 2 0 3 2 2
4325.1 8022.5 -93.4 197 0 13.1 13.2 7.5 2.5 4 1 3 3 3
4341.0 8043.4 -93.5 218 0 13.9 14.3 7.5 2.5 2 1 3 1 1
-6812.5 6306.4 70.7 251 0 18.1 10.4 5.0 2.5 2 0 2 4 4
4361.9 8062.1 -93.5 310 0 14.4 14.2 7.5 2.5 2 0 3 1 1
4383.0 8049.7 -95.4 312 0 14.8 14.1 7.5 2.5 2 0 3 4 4
4372.9 8031.3 -95.6 312 0 14.6 14.2 7.5 2.5 2 0 3 5 5
4319.1 8045.9 -91.5 210 0 11.1 9.4 2.5 2.5 2 0 1 2 2
-5768.5 8829.2 -4.0 147 0 8.2 26.1 7.5 0.0 0 1 3 4 4
-5730.7 8815.7 3.6 307 0 11.1 16.1 10.0 2.5 2 1 4 5 5
-5622.6 8867.1 16.7 224 0 9.4 7.1 7.5 2.5 2 0 3 5 5
-5526.4 9080.9 -10.5 65 0 6.6 7.1 2.5 2.5 2 1 1 3 3
-6798.4 8299.7 -40.2 37 0 20.0 10.7 5.0 2.5 2 0 2 1 1
4353.1 8003.2 -95.6 105 0 14.3 13.3 7.5 2.5 2 0 3 2 2
4340.2 7985.2 -95.6 105 0 13.6 13.8 7.5 2.5 4 1 3 5 5
4361.7 7973.1 -97.7 108 0 13.9 14.2 7.5 0.0 0 1 3 5 5
4384.3 7995.9 -97.7 19 0 13.7 14.1 7.5 2.5 2 1 3 3 3
4395.5 8011.4 -97.5 36 0 14.2 13.7 7.5 2.5 2 0 3 3 3
4404.7 8038.1 -97.4 306 0 13.6 13.5 7.5 2.5 2 0 3 5 5
672.7 171.8 -82.3 99 0 19.1 11.6 10.0 2.5 2 0 4 5 5
687.3 202.5 -82.5 281 0 8.2 13.9 7.5 2.5 2 1 3 5 5
700.1 199.3 -82.8 277 0 10.2 13.9 5.0 2.5 2 1 2 2 2
722.1 131.6 -83.4 279 0 10.7 9.5 5.0 2.5 4 0 2 3 3
738.0 124.8 -83.7 9 0 10.2 7.4 7.5 2.5 2 0 3 1 1
731.2 94.8 -83.6 10 0 7.5 17.5 2.5 2.5 4 1 1 4 4
729.6 83.6 -83.5 13 0 7.0 18.3 7.5 2.5 2 1 3 1 1
705.2 340.5 -82.4 95 0 15.6 10.2 5.0 2.5 2 0 2 2 2
686.7 348.0 -81.7 12 0 11.3 13.3 10.0 2.5 2 1 4 5 5
740.5 419.8 -83.2 9 0 13.4 8.3 2.5 2.5 2 0 1 5 5
759.5 410.7 -84.0 101 0 7.5 11.8 5.0 2.5 2 1 2 0 0
781.9 352.5 -84.6 189 0 16.9 12.1 10.0 2.5 2 0 4 5 5
500.0 310.7 -76.5 288 0 9.9 13.7 5.0 2.5 2 1 2 3 3
522.3 348.5 -76.6 294 0 8.5 13.3 7.5 2.5 2 1 3 1 1
525.6 315.9 -76.9 106 0 7.9 12.6 5.0 2.5 4 1 2 1 1
621.6 400.0 -79.6 188 0 8.1 13.9 7.5 2.5 2 1 3 1 1
620.4 352.0 -79.9 98 0 13.9 10.6 7.5 2.5 2 0 3 1 1
625.0 374.4 -79.8 280 0 15.9 8.0 2.5 2.5 2 0 1 4 4
600.1 359.6 -78.5 10 0 12.2 14.5 7.5 2.5 2 1 3 3 3
652.9 395.8 -80.3 7 0 8.0 14.9 7.5 2.5 2 1 3 0 0
612.8 423.3 -78.9 11 0 12.3 16.8 7.5 2.5 2 1 3 3 3
696.8 400.8 -81.7 10 0 13.5 9.2 7.5 2.5 2 0 3 3 3
735.9 393.7 -82.9 12 0 12.8 8.8 5.0 2.5 2 0 2 2 2
704.1 384.2 -82.3 187 0 9.3 12.6 2.5 2.5 2 1 1 1 1
595.3 233.6 -80.2 104 0 8.6 11.1 7.5 2.5 2 1 3 1 1
606.8 260.3 -80.3 271 0 7.7 11.3 7.5 0.0 0 1 3 4 4
593.5 218.6 -80.9 285 0 10.5 12.4 7.5 2.5 2 1 3 0 0
547.4 229.4 -79.3 281 0 9.2 11.8 5.0 2.5 2 1 2 0 0
621.8 338.6 -80.2 280 0 10.7 11.8 2.5 2.5 2 1 1 2 2
577.7 427.9 -78.3 187 0 12.9 15.3 7.5 2.5 2 1 3 2 2
604.1 381.8 -78.7 7 0 8.2 13.6 5.0 0.0 0 1 2 2 2
474.9 258.4 -76.6 21 0 15.6 12.0 5.0 2.5 2 0 2 5 5
419.8 228.5 -75.7 117 0 9.0 14.4 7.5 2.5 2 1 3 1 1
452.0 215.5 -76.6 111 0 9.8 14.2 7.5 2.5 2 1 3 1 1
567.3 286.2 -78.6 96 0 8.7 11.2 2.5 2.5 2 1 1 4 4
535.3 343.5 -76.9 289 0 8.1 12.0 5.0 2.5 2 1 2 0 0
668.2 245.2 -82.0 284 0 16.5 9.3 5.0 2.5 2 0 2 0 0
717.4 295.5 -82.9 99 0 11.7 13.6 2.5 2.5 2 1 1 2 2
742.3 320.8 -83.4 279 0 8.3 12.2 5.0 2.5 2 1 2 3 3
715.5 324.8 -82.7 275 0 8.7 12.3 5.0 2.5 2 1 2 0 0
739.5 253.2 -83.6 98 0 8.1 9.4 2.5 2.5 2 1 1 4 4
784.3 372.1 -84.8 191 0 7.5 12.3 5.0 2.5 2 1 2 1 1
786.4 385.0 -85.1 185 0 11.1 17.0 7.5 2.5 2 1 3 0 0
751.0 397.2 -83.5 280 0 8.7 12.0 2.5 2.5 2 1 1 4 4
261.9 382.2 -70.1 23 0 20.0 10.8 7.5 2.5 2 0 3 1 1
278.4 437.9 -69.9 292 0 11.5 19.0 5.0 2.5 2 1 2 3 3
269.7 377.2 -71.1 206 0 18.8 13.3 5.0 2.5 2 0 2 2 2
301.2 414.1 -70.5 21 0 18.4 12.9 7.5 2.5 2 0 3 2 2
315.2 409.1 -71.3 199 0 17.1 14.1 5.0 2.5 2 0 2 2 2
295.8 360.2 -71.9 204 0 16.2 13.5 10.0 2.5 2 0 4 0 0
422.8 492.8 -73.7 202 0 19.5 16.2 7.5 2.5 2 0 3 4 4
406.5 455.3 -73.5 201 0 20.8 15.8 7.5 2.5 2 0 3 2 2
396.4 412.6 -73.3 109 0 15.3 21.5 7.5 2.5 2 1 3 1 1
372.5 372.0 -73.6 198 0 15.9 10.2 10.0 2.5 2 0 4 5 5
39.1 712.7 -61.5 27 0 19.9 20.1 7.5 2.5 2 1 3 4 4
51.7 736.9 -61.7 27 0 19.3 21.4 7.5 2.5 4 1 3 4 4
28.2 686.7 -61.3 25 0 19.7 22.6 5.0 0.0 0 1 2 5 5
61.1 669.9 -62.3 26 0 19.5 22.2 10.0 2.5 2 1 4 0 0
72.9 693.0 -62.5 27 0 19.5 22.0 7.5 2.5 2 1 3 5 5
83.9 717.7 -62.7 27 0 20.1 21.2 10.0 2.5 2 1 4 0 0
-115.2 128.0 -63.1 211 0 7.7 18.7 7.5 2.5 2 1 3 3 3
-97.8 78.8 -63.2 107 0 19.8 10.9 2.5 2.5 4 0 1 3 3
-55.9 108.7 -64.2 293 0 18.7 9.5 7.5 2.5 2 0 3 0 0
551.4 7.9 -80.0 220 0 23.7 13.2 7.5 2.5 2 0 3 0 0
569.4 28.3 -80.3 220 0 13.5 14.5 5.0 2.5 2 1 2 4 4
820.1 342.5 -85.8 189 0 7.4 12.4 7.5 2.5 2 1 3 4 4
824.2 363.0 -86.1 186 0 9.3 12.3 7.5 2.5 4 1 3 0 0
851.1 358.7 -86.6 8 0 8.6 10.3 2.5 2.5 2 1 1 4 4
853.3 263.0 -86.4 278 0 11.1 11.6 7.5 2.5 2 1 3 0 0
914.7 282.9 -88.6 190 0 19.3 11.3 7.5 2.5 2 0 3 4 4
789.5 109.6 -85.6 185 0 7.7 12.8 5.0 2.5 2 1 2 0 0
822.1 113.3 -86.1 10 0 10.5 14.2 5.0 2.5 2 1 2 1 1
768.9 234.7 -84.5 281 0 16.8 18.3 7.5 2.5 2 1 3 5 5
784.1 40.8 -85.7 190 0 19.2 19.8 7.5 2.5 2 1 3 0 0
852.0 25.9 -87.1 14 0 21.1 22.0 12.5 0.0 0 1 5 1 1
965.7 -241.1 -90.6 114 0 29.1 16.8 10.0 2.5 2 0 4 2 2
968.9 -203.4 -91.2 209 0 24.6 22.2 12.5 2.5 2 0 5 1 1
1016.3 -255.8 -92.1 23 0 19.0 24.3 10.0 2.5 2 1 4 5 5
1019.3 -291.7 -93.1 205 0 17.1 16.0 10.0 2.5 2 0 4 2 2
998.6 -269.1 -91.7 293 0 22.4 23.7 12.5 2.5 2 1 5 5 5
933.2 -265.9 -88.9 203 0 10.6 19.6 5.0 2.5 2 1 2 3 3
943.0 -329.5 -89.4 110 0 27.0 17.9 10.0 2.5 2 0 4 4 4
915.2 -205.0 -88.8 112 0 22.9 17.1 10.0 2.5 2 0 4 3 3
946.8 -304.5 -89.2 112 0 11.0 11.0 10.0 2.5 2 0 4 5 5
952.6 -248.5 -89.3 292 0 20.7 14.3 10.0 2.5 2 0 4 0 0
826.8 -276.9 -83.2 290 0 19.9 23.2 10.0 2.5 2 1 4 1 1
843.1 -318.2 -84.2 109 0 21.3 22.4 10.0 2.5 2 1 4 5 5
879.0 -308.4 -85.5 290 0 16.7 17.5 15.0 0.0 0 1 6 2 2
865.3 -345.6 -85.0 108 0 16.9 17.6 12.5 2.5 2 1 5 2 2
824.1 -395.6 -81.9 293 0 13.9 21.6 10.0 2.5 2 1 4 1 1
865.2 -390.1 -84.4 23 0 12.1 11.0 5.0 2.5 4 0 2 0 0
805.7 -311.7 -81.5 288 0 12.9 18.9 2.5 2.5 2 1 1 1 1
789.0 -340.7 -81.1 198 0 19.0 12.4 5.0 2.5 2 0 2 3 3
780.9 -359.6 -80.4 201 0 14.6 14.5 2.5 2.5 4 0 1 3 3
777.0 -377.5 -79.8 201 0 17.2 11.6 7.5 2.5 2 0 3 0 0
841.0 -345.7 -83.5 289 0 12.4 21.7 10.0 2.5 2 1 4 1 1
837.2 -433.7 -79.9 290 0 14.7 30.1 10.0 2.5 4 1 4 3 3
853.9 -355.3 -84.1 288 0 9.7 17.1 7.5 2.5 2 1 3 2 2
837.3 -423.9 -82.8 118 0 20.2 19.8 12.5 2.5 2 0 5 2 2
805.4 -421.6 -79.0 290 0 40.1 13.7 10.0 2.5 2 0 4 4 4
883.6 -407.7 -86.5 199 0 15.7 21.3 12.5 2.5 2 1 5 1 1
865.9 -197.9 -86.5 19 0 28.4 21.9 10.0 0.0 0 0 4 0 0
884.7 -205.5 -87.5 292 0 19.9 22.3 10.0 0.0 0 1 4 2 2
889.1 -194.1 -87.8 112 0 22.1 26.6 12.5 2.5 2 1 5 2 2
863.2 -143.0 -86.5 198 0 26.7 14.0 10.0 2.5 4 0 4 5 5
907.9 -127.2 -87.5 358 0 13.3 24.8 7.5 2.5 2 1 3 3 3
939.3 -58.3 -89.2 262 0 17.9 27.4 10.0 2.5 2 1 4 2 2
923.8 -123.1 -88.3 273 0 15.9 11.1 5.0 2.5 4 0 2 5 5
908.5 -56.3 -88.0 79 0 17.1 15.6 5.0 0.0 0 0 2 5 5
936.3 -49.0 -89.0 80 0 19.7 14.5 5.0 2.5 2 0 2 1 1
940.1 -115.6 -89.2 87 0 26.8 20.8 10.0 2.5 2 0 4 1 1
945.7 -124.7 -89.2 271 0 20.0 11.3 5.0 2.5 2 0 2 4 4
1028.9 -132.7 -92.1 112 0 8.9 17.5 7.5 2.5 2 1 3 3 3
764.3 -435.6 -75.8 17 0 12.8 12.7 5.0 2.5 4 0 2 1 1
774.2 -446.6 -75.8 199 0 28.6 15.7 7.5 2.5 4 0 3 1 1
856.5 -485.7 -77.9 19 0 20.5 13.1 10.0 2.5 2 0 4 3 3
756.3 -462.0 -75.1 292 0 8.8 18.5 5.0 2.5 2 1 2 3 3
812.2 -564.6 -78.3 202 0 17.9 17.4 12.5 2.5 2 0 5 3 3
819.9 -544.9 -77.6 199 0 12.6 17.4 5.0 2.5 2 1 2 3 3
825.9 -259.8 -83.6 121 0 14.1 18.1 12.5 2.5 2 1 5 4 4
843.9 -270.9 -84.2 115 0 15.1 17.8 7.5 2.5 2 1 3 5 5
860.3 -281.5 -85.1 117 0 16.0 17.7 12.5 2.5 2 1 5 2 2
763.6 -484.7 -75.0 113 0 15.4 17.9 7.5 2.5 2 1 3 0 0
781.8 -492.1 -74.9 109 0 15.1 17.4 7.5 2.5 2 1 3 3 3
643.9 -775.4 -71.3 198 0 14.6 17.8 10.0 0.0 0 1 4 1 1
641.3 -811.5 -71.0 109 0 18.0 22.9 5.0 2.5 2 1 2 0 0
651.4 -756.9 -71.7 196 0 16.0 24.3 10.0 2.5 2 1 4 5 5
677.5 -812.6 -71.3 17 0 21.9 17.9 10.0 2.5 4 0 4 4 4
738.4 -676.1 -75.4 108 0 22.5 21.2 10.0 2.5 4 0 4 0 0
728.6 -684.3 -73.3 284 0 26.0 13.7 7.5 2.5 2 0 3 0 0
731.4 -717.8 -73.0 21 0 19.0 35.9 7.5 0.0 0 1 3 2 2
830.7 1108.6 -77.4 116 0 11.3 12.3 5.0 2.5 2 1 2 2 2
648.8 496.8 -80.6 108 0 12.4 13.1 7.5 2.5 2 1 3 3 3
728.5 578.2 -83.8 199 0 14.7 17.1 7.5 2.5 2 1 3 1 1
677.0 487.8 -81.5 109 0 10.0 15.0 5.0 2.5 2 1 2 3 3
720.9 611.8 -82.9 16 0 8.4 13.0 5.0 2.5 2 1 2 0 0
973.8 479.2 -90.0 290 0 16.1 30.1 7.5 2.5 4 1 3 3 3
992.5 510.1 -89.5 19 0 30.5 16.2 7.5 2.5 2 0 3 0 0
967.5 564.1 -89.0 197 0 29.9 16.0 12.5 2.5 2 0 5 5 5
1007.4 548.1 -89.2 21 0 30.4 16.0 10.0 2.5 4 0 4 5 5
998.7 482.0 -90.0 198 0 29.4 16.0 5.0 2.5 2 0 2 1 1
1019.2 676.5 -89.0 291 0 14.9 30.4 7.5 2.5 2 1 3 4 4
1014.8 525.7 -89.6 200 0 29.1 16.6 7.5 2.5 2 0 3 0 0
1031.1 569.6 -89.4 197 0 29.1 15.7 12.5 2.5 2 0 5 5 5
1035.4 627.5 -89.2 20 0 31.0 15.2 7.5 2.5 2 0 3 5 5
1021.0 587.3 -89.2 19 0 29.2 15.0 7.5 0.0 0 0 3 5 5
1060.5 696.3 -90.1 20 0 29.3 15.1 10.0 2.5 4 0 4 4 4
1047.2 614.2 -89.6 200 0 29.8 16.1 5.0 2.5 2 0 2 2 2
1073.5 735.4 -90.4 17 0 30.2 15.8 12.5 2.5 2 0 5 3 3
1063.2 658.2 -90.2 199 0 29.5 15.7 12.5 0.0 0 0 5 3 3
1079.6 702.1 -90.5 199 0 30.5 16.0 10.0 2.5 2 0 4 5 5
862.7 1139.3 -77.9 292 0 11.5 15.0 2.5 2.5 2 1 1 5 5
1108.6 760.0 -90.7 291 0 15.7 30.0 7.5 2.5 2 1 3 4 4
1078.5 814.0 -90.6 220 0 23.6 12.8 7.5 2.5 2 0 3 2 2
1121.3 832.5 -90.6 292 0 13.7 27.3 7.5 2.5 2 1 3 5 5
1126.1 1044.3 -84.3 293 0 13.9 8.1 2.5 2.5 4 0 1 5 5
1111.7 1031.1 -84.0 208 0 9.3 14.7 5.0 2.5 2 1 2 2 2
1108.5 1009.5 -84.5 295 0 14.2 8.1 7.5 2.5 4 0 3 2 2
1098.6 989.3 -84.8 114 0 13.9 7.5 5.0 2.5 2 0 2 0 0
1125.9 1000.7 -85.2 296 0 14.0 9.8 5.0 2.5 2 0 2 2 2
1115.5 980.6 -85.5 117 0 14.3 9.2 2.5 2.5 2 0 1 4 4
1134.0 1056.3 -84.8 114 0 14.9 9.3 5.0 2.5 2 0 2 4 4
1144.5 1079.0 -85.1 297 0 14.1 9.3 7.5 2.5 2 0 3 1 1
1035.2 916.0 -86.4 227 0 10.2 10.2 2.5 2.5 2 0 1 5 5
1063.3 913.5 -86.7 42 0 14.0 8.2 7.5 2.5 2 0 3 3 3
1090.5 884.3 -88.3 39 0 13.5 10.1 5.0 2.5 2 0 2 3 3
1103.1 896.6 -88.1 44 0 11.9 11.5 7.5 2.5 2 0 3 5 5
1064.6 968.0 -84.8 26 0 12.2 14.9 7.5 0.0 0 1 3 1 1
1034.5 1006.0 -83.2 295 0 13.7 9.7 2.5 2.5 2 0 1 4 4
1144.2 889.5 -89.3 294 0 11.6 12.2 10.0 2.5 2 1 4 4 4
1041.0 1062.0 -82.6 114 0 14.0 8.6 5.0 2.5 2 0 2 4 4
1035.4 1047.6 -82.2 293 0 14.6 11.4 5.0 2.5 2 0 2 5 5
1007.9 992.9 -82.8 108 0 13.0 8.6 5.0 2.5 2 0 2 3 3
898.6 971.8 -81.5 133 0 16.5 11.2 5.0 2.5 4 0 2 5 5
922.4 956.2 -82.3 45 0 10.0 14.1 5.0 2.5 2 1 2 2 2
936.5 935.6 -83.5 129 0 14.7 11.4 5.0 2.5 2 0 2 5 5
950.9 921.6 -84.3 132 0 16.2 11.4 5.0 2.5 2 0 2 3 3
819.6 1204.3 -73.0 291 0 12.0 8.6 7.5 2.5 2 0 3 1 1
849.7 1145.1 -77.5 298 0 10.7 12.4 5.0 2.5 2 1 2 2 2
995.0 689.0 -88.7 288 0 15.2 30.0 7.5 2.5 4 1 3 0 0
942.1 803.8 -88.8 173 0 31.2 16.3 12.5 0.0 0 0 5 0 0
990.4 732.8 -89.3 357 0 33.6 11.8 7.5 2.5 4 0 3 4 4
987.1 797.3 -89.7 355 0 31.7 14.4 15.0 0.0 0 0 6 2 2
946.5 755.2 -88.7 174 0 48.5 17.0 7.5 2.5 2 0 3 3 3
966.8 608.0 -88.9 109 0 16.0 46.5 7.5 2.5 4 1 3 5 5
945.5 469.2 -89.6 17 0 30.9 16.0 7.5 2.5 2 0 3 5 5
994.0 1111.1 -81.2 295 0 12.2 22.9 10.0 2.5 2 1 4 5 5
1297.3 954.4 -89.8 17 0 17.4 13.2 5.0 0.0 0 0 2 1 1
1312.1 1037.8 -89.9 100 0 21.0 10.9 5.0 0.0 0 0 2 4 4
1309.4 1060.0 -90.0 194 0 10.4 18.1 7.5 2.5 4 1 3 4 4
1313.2 1074.9 -90.1 196 0 11.2 17.7 10.0 2.5 2 1 4 2 2
1316.8 1089.1 -89.9 196 0 10.9 14.3 5.0 0.0 0 1 2 1 1
1333.4 1118.6 -89.7 289 0 11.4 22.6 7.5 0.0 0 1 3 0 0
1357.2 1029.4 -91.5 100 0 23.2 9.5 5.0 2.5 2 0 2 4 4
1371.5 1045.6 -91.4 14 0 9.8 21.2 7.5 2.5 2 1 3 4 4
1371.5 1060.3 -91.5 15 0 10.6 19.4 7.5 2.5 2 1 3 2 2
1373.0 1074.8 -91.5 13 0 10.5 18.9 7.5 2.5 2 1 3 4 4
1340.8 1132.4 -88.9 104 0 12.4 26.4 10.0 2.5 2 1 4 2 2
1364.0 1168.3 -87.2 10 0 10.2 17.1 2.5 2.5 2 1 1 5 5
1296.8 1028.8 -88.9 292 0 8.1 14.1 7.5 0.0 0 1 3 1 1
1285.1 1007.1 -88.9 199 0 13.0 9.7 5.0 0.0 0 0 2 0 0
1277.1 986.2 -89.0 200 0 23.8 12.4 10.0 2.5 2 0 4 0 0
1271.0 954.2 -89.1 108 0 11.1 15.1 5.0 2.5 2 1 2 4 4
1306.1 978.1 -89.6 17 0 23.3 14.3 12.5 2.5 2 0 5 4 4
1313.0 1000.2 -89.7 13 0 13.1 14.3 7.5 2.5 2 1 3 2 2
1326.8 1004.6 -90.7 198 0 23.1 14.1 12.5 2.5 2 0 5 1 1
1320.1 981.4 -90.7 199 0 15.8 13.6 5.0 2.5 2 0 2 2 2
1313.9 939.1 -90.8 112 0 14.6 22.5 7.5 2.5 2 1 3 5 5
1333.5 933.2 -91.5 105 0 13.9 17.1 2.5 2.5 2 1 1 3 3
1350.4 962.0 -91.6 16 0 24.2 15.9 10.0 2.5 2 0 4 4 4
1356.8 986.1 -91.5 15 0 17.6 13.4 5.0 2.5 4 0 2 0 0
1356.4 1008.6 -91.5 286 0 14.0 9.3 2.5 2.5 2 0 1 5 5
1293.8 915.8 -91.6 196 0 21.9 12.3 12.5 2.5 2 0 5 0 0
1286.3 894.4 -92.0 195 0 14.6 14.2 7.5 2.5 2 0 3 2 2
1326.1 916.4 -92.5 288 0 19.8 21.7 10.0 2.5 2 1 4 2 2
1281.0 878.2 -92.1 200 0 15.3 14.2 5.0 2.5 2 0 2 5 5
1325.0 883.5 -92.7 14 0 13.6 19.4 10.0 2.5 4 1 4 4 4
1321.0 864.8 -92.7 18 0 14.1 20.8 7.5 0.0 0 1 3 2 2
1274.8 860.1 -92.2 196 0 14.5 14.9 5.0 2.5 2 1 2 0 0
1278.8 935.1 -90.8 288 0 13.6 24.5 15.0 0.0 0 1 6 0 0
1251.7 852.9 -91.6 108 0 11.8 22.5 7.5 2.5 2 1 3 5 5
1269.4 842.2 -92.2 194 0 15.4 14.1 5.0 0.0 0 0 2 0 0
1273.1 901.3 -91.1 18 0 14.3 11.2 5.0 2.5 2 0 2 3 3
1308.7 830.7 -92.7 15 0 14.0 20.4 10.0 2.5 2 1 4 2 2
1314.9 847.4 -92.7 18 0 13.6 20.8 10.0 2.5 2 1 4 4 4
1238.8 883.2 -91.0 199 0 13.6 10.1 7.5 2.5 2 0 3 5 5
1474.2 1553.4 -84.2 194 0 20.7 15.7 12.5 2.5 2 0 5 0 0
1465.4 1527.1 -82.3 191 0 22.3 14.6 10.0 2.5 2 0 4 3 3
1456.1 1502.2 -79.0 191 0 21.0 14.3 10.0 2.5 2 0 4 2 2
1515.7 1544.6 -92.0 186 0 21.6 15.7 10.0 2.5 4 0 4 1 1
1513.7 1517.8 -90.1 188 0 21.2 15.9 10.0 2.5 2 0 4 5 5
1510.2 1491.9 -87.9 185 0 21.5 15.9 10.0 2.5 2 0 4 4 4
1484.9 1587.9 -88.0 200 0 15.9 30.4 10.0 0.0 0 1 4 4 4
1502.9 1610.1 -89.1 287 0 20.3 13.6 10.0 2.5 2 0 4 5 5
896.1 721.9 -86.6 109 0 16.6 32.1 7.5 2.5 2 1 3 5 5
921.9 771.1 -87.5 18 0 32.1 16.3 12.5 2.5 2 0 5 5 5
521.5 -381.3 -73.7 282 0 11.6 24.4 5.0 2.5 2 1 2 4 4
530.9 -358.2 -74.3 202 0 14.3 8.9 5.0 0.0 0 0 2 4 4
536.6 -392.1 -73.8 288 0 11.0 22.0 5.0 2.5 2 1 2 1 1
548.1 -403.7 -73.9 280 0 11.4 15.8 5.0 2.5 2 1 2 2 2
554.8 -377.6 -74.5 118 0 11.6 15.0 2.5 2.5 2 1 1 2 2
500.2 -382.8 -73.5 11 0 28.5 15.7 12.5 0.0 0 0 5 2 2
484.8 -445.2 -72.4 15 0 21.1 15.6 10.0 2.5 2 0 4 5 5
561.5 -541.7 -72.3 197 0 13.7 11.7 2.5 2.5 2 0 1 5 5
592.2 -660.5 -71.6 108 0 17.9 12.3 10.0 2.5 2 0 4 4 4
840.8 -1122.9 -80.1 202 0 19.4 19.3 10.0 2.5 4 0 4 5 5
832.2 -1141.7 -80.8 204 0 14.2 19.8 12.5 2.5 2 1 5 1 1
913.4 -1093.3 -81.0 23 0 15.2 20.9 10.0 2.5 2 1 4 5 5
924.0 -1068.4 -80.0 25 0 19.9 11.6 2.5 2.5 2 0 1 3 3
951.7 -1043.5 -81.5 203 0 24.5 16.2 12.5 2.5 2 0 5 4 4
924.3 -1109.1 -84.7 203 0 15.7 24.2 12.5 2.5 2 1 5 5 5
880.2 -1073.0 -77.5 24 0 18.7 14.7 10.0 2.5 2 0 4 1 1
889.2 -1053.9 -76.7 22 0 13.5 16.6 7.5 2.5 2 1 3 0 0
900.0 -1031.2 -76.1 21 0 25.3 17.4 12.5 2.5 4 0 5 2 2
884.7 -1325.3 -85.9 20 0 25.7 20.0 10.0 2.5 2 0 4 4 4
820.4 -1348.5 -81.3 286 0 16.8 16.6 12.5 2.5 2 0 5 4 4
940.8 -1390.4 -87.3 105 0 14.2 12.9 2.5 2.5 2 0 1 1 1
821.9 -1033.6 -72.5 199 0 25.7 13.1 7.5 2.5 2 0 3 2 2
732.8 -974.0 -71.3 7 0 16.2 20.7 7.5 2.5 2 1 3 3 3
629.9 -822.6 -70.4 288 0 12.9 25.9 10.0 0.0 0 1 4 0 0
551.2 -1162.3 -69.3 292 0 21.1 19.8 10.0 2.5 2 0 4 1 1
577.4 -1173.7 -69.4 294 0 19.3 20.3 10.0 2.5 2 1 4 5 5
563.0 -1204.7 -69.9 294 0 21.2 20.7 10.0 2.5 4 0 4 3 3
588.6 -1217.3 -70.1 293 0 19.6 19.4 10.0 2.5 2 0 4 3 3
540.4 -1195.3 -69.6 296 0 19.9 16.6 10.0 2.5 2 0 4 0 0
602.0 -1186.0 -69.7 292 0 20.6 18.3 10.0 0.0 0 0 4 0 0
647.7 -1209.9 -71.6 293 0 20.2 18.3 17.5 0.0 0 0 7 0 0
633.3 -1238.8 -70.5 294 0 20.3 18.6 12.5 2.5 2 0 5 3 3
675.8 -1221.2 -72.3 295 0 20.3 19.9 12.5 2.5 2 0 5 1 1
661.5 -1251.7 -70.8 293 0 20.1 20.3 7.5 2.5 2 1 3 3 3
707.4 -1247.5 -73.1 23 0 18.4 20.2 10.0 2.5 2 1 4 1 1
694.2 -1277.4 -72.9 23 0 19.2 21.3 12.5 2.5 4 1 5 3 3
666.2 -1196.8 -73.1 115 0 21.1 16.5 12.5 0.0 0 0 5 0 0
628.7 -1053.3 -70.2 110 0 20.2 15.1 10.0 2.5 4 0 4 2 2
663.4 -1065.9 -70.6 111 0 19.5 13.3 12.5 2.5 2 0 5 5 5
714.6 -1911.0 -86.8 232 0 10.8 11.9 7.5 2.5 2 1 3 4 4
728.7 -1898.5 -87.2 245 0 10.8 12.6 10.0 2.5 2 1 4 3 3
740.8 -1887.8 -87.5 242 0 9.9 13.8 7.5 0.0 0 1 3 4 4
755.3 -1877.3 -88.4 240 0 10.5 12.0 5.0 0.0 0 1 2 4 4
771.2 -1871.5 -89.7 243 0 10.0 13.1 5.0 2.5 4 1 2 4 4
787.6 -1867.7 -90.7 242 0 10.2 13.1 5.0 2.5 2 1 2 3 3
803.9 -1863.7 -91.4 240 0 10.0 12.6 5.0 2.5 2 1 2 2 2
822.5 -1865.6 -92.5 238 0 10.9 13.0 5.0 0.0 0 1 2 4 4
838.2 -1836.3 -90.3 22 0 16.8 12.2 2.5 2.5 2 0 1 3 3
297.9 -2604.7 -93.2 287 0 13.1 17.3 7.5 2.5 2 1 3 5 5
314.7 -2611.5 -93.4 284 0 14.2 15.7 5.0 2.5 2 1 2 3 3
330.4 -2616.9 -93.3 282 0 12.3 14.7 5.0 2.5 2 1 2 3 3
349.4 -2620.1 -93.3 284 0 13.1 17.8 5.0 2.5 2 1 2 5 5
366.2 -2627.0 -93.2 285 0 12.4 16.9 7.5 2.5 4 1 3 3 3
382.5 -2634.0 -93.1 286 0 13.4 14.6 5.0 2.5 2 1 2 5 5
400.0 -2639.3 -93.0 286 0 13.1 15.1 7.5 2.5 2 1 3 3 3
416.9 -2643.0 -92.9 287 0 9.3 17.6 2.5 2.5 2 1 1 1 1
431.4 -2647.6 -92.8 287 0 11.5 17.8 5.0 2.5 2 1 2 1 1
447.1 -2652.0 -92.8 286 0 11.2 17.8 5.0 2.5 2 1 2 4 4
284.2 -2583.1 -93.2 109 0 11.8 17.7 7.5 2.5 2 1 3 1 1
301.9 -2587.6 -93.2 107 0 12.4 15.9 5.0 2.5 2 1 2 3 3
319.0 -2594.7 -93.2 106 0 11.9 18.9 2.5 2.5 2 1 1 5 5
336.2 -2599.0 -93.4 109 0 13.2 17.0 10.0 2.5 2 1 4 3 3
354.4 -2604.9 -93.5 103 0 13.2 18.3 5.0 2.5 2 1 2 1 1
730.2 -541.4 -73.9 292 0 14.6 33.4 5.0 2.5 2 1 2 5 5
706.4 -606.3 -74.9 110 0 14.5 24.7 12.5 2.5 2 1 5 4 4
805.6 -519.8 -76.3 292 0 12.8 43.0 12.5 2.5 2 1 5 4 4
871.0 -487.9 -79.7 201 0 24.6 11.0 10.0 2.5 2 0 4 0 0
917.1 -395.7 -87.5 20 0 13.7 27.5 7.5 2.5 4 1 3 5 5
851.7 -556.2 -78.6 15 0 12.6 12.2 7.5 2.5 2 0 3 1 1
2954.3 5571.4 -90.2 111 0 25.3 12.4 10.0 2.5 2 0 4 3 3
2964.9 5603.7 -90.0 291 0 24.5 13.7 10.0 0.0 0 0 4 3 3
2979.5 5560.8 -91.3 109 0 20.0 12.3 10.0 2.5 2 0 4 0 0
2991.9 5592.2 -91.3 290 0 24.1 14.9 12.5 0.0 0 0 5 5 5
3005.0 5550.8 -92.6 109 0 24.7 12.4 7.5 2.5 2 0 3 1 1
3018.0 5580.6 -92.6 289 0 23.7 12.8 10.0 2.5 2 0 4 4 4
3029.2 5541.9 -93.5 110 0 15.3 11.3 5.0 2.5 2 0 2 2 2
3040.7 5571.1 -93.5 292 0 16.1 13.1 10.0 2.5 2 0 4 0 0
3047.5 5535.0 -94.5 110 0 19.8 12.3 5.0 2.5 2 0 2 4 4
3060.7 5565.2 -94.5 290 0 19.6 14.6 7.5 2.5 4 0 3 3 3
2967.7 5620.8 -89.8 111 0 24.6 16.3 10.0 2.5 2 0 4 0 0
2994.2 5609.4 -91.1 110 0 24.3 15.9 12.5 2.5 2 0 5 0 0
3015.3 5601.2 -91.8 110 0 13.6 17.1 5.0 2.5 2 1 2 2 2
3033.3 5594.8 -92.7 106 0 14.3 15.1 7.5 2.5 2 1 3 4 4
3050.5 5588.1 -93.5 111 0 14.3 15.7 2.5 2.5 2 1 1 2 2
3071.0 5580.2 -94.6 112 0 20.5 14.6 12.5 2.5 2 0 5 0 0
3029.1 5801.4 -88.5 292 0 16.7 14.9 7.5 2.5 2 0 3 4 4
3046.5 5795.0 -89.3 290 0 12.7 17.0 5.0 2.5 4 1 2 1 1
3061.7 5787.0 -90.1 290 0 13.5 16.7 2.5 2.5 2 1 1 0 0
3077.6 5780.4 -90.9 290 0 12.3 17.3 7.5 2.5 2 1 3 2 2
3094.4 5772.5 -91.8 289 0 13.0 16.7 5.0 2.5 2 1 2 2 2
3111.4 5765.6 -92.6 292 0 12.4 16.6 10.0 2.5 2 1 4 2 2
3127.2 5758.6 -93.4 291 0 12.1 15.7 5.0 2.5 2 1 2 2 2
3146.9 5748.7 -94.6 292 0 19.5 13.2 10.0 2.5 2 0 4 2 2
2885.1 5405.0 -89.5 118 0 23.3 13.6 17.5 0.0 0 0 7 3 3
2911.0 5392.0 -90.8 119 0 24.1 12.9 10.0 2.5 2 0 4 0 0
2936.7 5378.3 -92.3 116 0 25.8 13.9 12.5 2.5 2 0 5 1 1
2966.2 5362.8 -94.2 116 0 31.6 15.9 10.0 2.5 2 0 4 1 1
2876.6 5367.1 -89.5 120 0 14.8 9.0 5.0 2.5 2 0 2 4 4
2894.6 5353.9 -90.8 124 0 16.6 11.1 7.5 2.5 2 0 3 3 3
2912.7 5341.3 -92.0 122 0 16.0 11.0 5.0 2.5 2 0 2 0 0
2930.2 5329.4 -93.3 120 0 15.7 12.4 10.0 2.5 2 0 4 2 2
2880.1 5394.6 -88.8 299 0 11.7 11.1 5.0 2.5 2 0 2 2 2
2899.7 5383.3 -90.3 302 0 23.5 11.9 12.5 2.5 2 0 5 1 1
2926.1 5368.4 -92.0 299 0 24.2 13.2 7.5 2.5 4 0 3 1 1
2946.4 5356.6 -92.9 303 0 12.9 14.3 5.0 2.5 2 1 2 5 5
2964.6 5345.5 -94.4 300 0 19.1 13.8 12.5 2.5 2 0 5 3 3
2889.8 5441.6 -89.7 200 0 26.4 13.8 10.0 2.5 2 0 4 0 0
2912.9 5466.5 -90.1 293 0 14.4 15.6 5.0 2.5 2 1 2 0 0
2930.4 5460.1 -90.9 293 0 12.7 17.3 7.5 2.5 2 1 3 4 4
2946.7 5453.6 -91.7 290 0 12.8 17.7 5.0 2.5 4 1 2 2 2
2964.3 5446.3 -92.6 292 0 12.3 18.7 7.5 2.5 2 1 3 0 0
2981.0 5440.2 -93.4 292 0 13.1 19.8 7.5 2.5 2 1 3 0 0
3000.5 5431.8 -94.5 291 0 21.6 20.9 17.5 0.0 0 0 7 3 3
2938.4 5501.5 -90.9 200 0 9.4 12.9 5.0 2.5 2 1 2 3 3
2950.2 5515.7 -90.7 290 0 10.6 8.7 7.5 2.5 2 0 3 4 4
3020.0 5531.1 -93.3 292 0 13.7 11.9 2.5 2.5 2 0 1 2 2
2973.8 5549.2 -91.1 293 0 13.6 10.9 5.0 2.5 2 0 2 4 4
2952.5 5535.5 -90.7 198 0 9.2 11.6 5.0 2.5 2 1 2 3 3
3246.3 6218.4 -91.2 298 0 15.6 20.5 7.5 2.5 2 1 3 2 2
4202.6 7788.2 -94.3 294 0 13.8 13.3 7.5 2.5 4 0 3 3 3
4208.9 7794.3 -94.3 117 0 12.6 13.4 7.5 2.5 2 1 3 3 3
4218.4 7780.8 -95.6 293 0 13.2 12.6 7.5 2.5 4 0 3 5 5
4225.7 7786.7 -95.8 112 0 13.9 13.7 5.0 2.5 2 0 2 4 4
4250.7 7795.1 -97.5 291 0 17.3 15.6 10.0 2.5 2 0 4 1 1
4235.6 7772.1 -97.4 292 0 17.8 15.6 12.5 2.5 2 0 5 1 1
4488.2 10314.2 16.4 183 0 14.2 13.5 2.5 2.5 2 0 1 4 4
4496.7 10344.1 14.7 275 0 14.1 13.8 10.0 2.5 2 0 4 5 5
4514.3 10304.7 16.4 96 0 13.1 14.7 5.0 2.5 2 1 2 3 3
4517.1 10343.9 14.6 273 0 14.2 13.9 7.5 2.5 2 0 3 3 3
4534.4 10303.9 16.4 96 0 13.9 14.6 2.5 2.5 2 1 1 5 5
4537.5 10341.9 14.7 275 0 14.3 13.3 7.5 2.5 2 0 3 3 3
4554.6 10302.6 16.5 93 0 12.9 14.2 7.5 0.0 0 1 3 1 1
4557.8 10341.5 14.6 274 0 13.4 13.7 7.5 2.5 4 1 3 5 5
4575.8 10301.3 16.4 95 0 14.2 14.5 5.0 2.5 2 1 2 2 2
4577.5 10339.9 14.5 273 0 14.0 13.3 7.5 0.0 0 0 3 0 0
4594.8 10299.2 16.4 95 0 13.8 15.2 5.0 2.5 2 1 2 4 4
4597.7 10339.0 14.5 272 0 14.0 13.6 5.0 2.5 2 0 2 5 5
4623.8 10305.9 16.4 3 0 15.0 14.7 5.0 2.5 2 0 2 4 4
4618.4 10338.4 13.9 275 0 13.7 14.7 2.5 2.5 2 1 1 3 3
4491.2 10373.3 11.8 186 0 14.3 14.6 5.0 2.5 4 1 2 3 3
4500.8 10405.0 9.6 275 0 14.0 14.7 5.0 2.5 2 1 2 1 1
4518.6 10364.3 11.7 92 0 14.2 14.3 2.5 2.5 2 1 1 3 3
4520.4 10401.8 9.8 275 0 14.8 13.3 2.5 2.5 2 0 1 2 2
4537.9 10363.2 11.7 93 0 13.3 13.6 10.0 2.5 2 1 4 4 4
4540.7 10401.8 9.6 275 0 13.7 14.2 7.5 2.5 4 1 3 0 0
4558.5 10361.6 11.7 93 0 15.1 13.7 5.0 2.5 2 0 2 5 5
4560.3 10400.4 9.6 272 0 13.7 13.3 2.5 2.5 2 0 1 3 3
4579.5 10361.5 11.5 93 0 14.2 14.4 5.0 2.5 2 1 2 5 5
4581.2 10399.3 9.0 274 0 15.0 14.3 5.0 0.0 0 0 2 2 2
4599.8 10359.6 10.9 93 0 15.2 13.8 2.5 2.5 2 0 1 5 5
4601.8 10397.6 8.3 275 0 14.0 13.4 5.0 2.5 2 0 2 0 0
4627.5 10365.8 10.2 1 0 14.2 14.2 5.0 2.5 2 0 2 1 1
4622.8 10396.8 7.7 274 0 15.0 13.9 5.0 2.5 2 0 2 5 5
4495.9 10432.2 6.9 184 0 14.5 13.2 7.5 2.5 2 0 3 0 0
4496.7 10457.1 5.2 188 0 13.9 13.9 2.5 2.5 2 0 1 4 4
4521.7 10424.2 6.8 94 0 13.6 12.7 10.0 2.5 2 0 4 5 5
4524.6 10462.1 4.9 276 0 14.1 14.2 2.5 2.5 2 1 1 5 5
4543.3 10423.2 6.6 90 0 15.0 13.7 2.5 2.5 2 0 1 2 2
4544.6 10460.4 4.2 272 0 13.9 13.0 5.0 2.5 2 0 2 4 4
4562.6 10420.5 6.1 90 0 15.1 14.9 5.0 2.5 2 0 2 5 5
4564.6 10459.9 3.4 273 0 14.4 14.7 5.0 2.5 2 1 2 0 0
4582.5 10420.2 5.3 96 0 13.9 14.4 5.0 2.5 2 1 2 5 5
4585.2 10458.4 2.7 274 0 13.3 13.7 7.5 2.5 2 1 3 4 4
4603.5 10419.2 4.5 96 0 13.9 13.9 5.0 2.5 2 0 2 0 0
4606.6 10456.6 1.9 272 0 14.3 11.2 5.0 2.5 4 0 2 1 1
4631.7 10425.1 3.9 5 0 14.3 13.9 7.5 2.5 2 0 3 4 4
4626.3 10456.6 1.3 275 0 14.1 14.9 7.5 2.5 4 1 3 4 4
4501.5 10495.7 2.1 272 0 14.9 11.3 5.0 0.0 0 0 2 4 4
4523.4 10495.1 1.3 270 0 13.4 11.9 7.5 2.5 2 0 3 0 0
4544.1 10494.6 0.6 271 0 12.5 12.5 2.5 2.5 4 0 1 4 4
4563.8 10492.8 -0.1 271 0 13.9 11.4 2.5 2.5 2 0 1 4 4
4584.1 10493.7 -1.0 271 0 14.7 13.4 7.5 2.5 2 0 3 1 1
4602.8 10492.2 -1.6 274 0 13.9 13.3 7.5 2.5 2 0 3 3 3
4621.2 10491.1 -2.3 270 0 13.6 13.4 10.0 2.5 2 0 4 4 4
4640.5 10489.8 -3.4 270 0 14.6 13.1 10.0 2.5 2 0 4 0 0
4660.3 10488.3 -5.1 272 0 16.3 14.1 5.0 2.5 2 0 2 0 0
4658.7 10449.5 0.5 274 0 14.4 13.7 7.5 2.5 2 0 3 5 5
4679.6 10487.9 -6.7 272 0 13.8 13.3 10.0 2.5 2 0 4 4 4
4698.6 10485.9 -8.2 272 0 15.5 12.6 10.0 2.5 2 0 4 1 1
4717.3 10471.9 -9.5 93 0 14.5 13.6 7.5 2.5 2 0 3 0 0
4743.1 10477.1 -10.7 3 0 12.7 14.8 5.0 2.5 2 1 2 2 2
4677.2 10448.6 -1.1 270 0 13.5 13.5 2.5 2.5 2 1 1 1 1
4649.2 10414.5 4.5 186 0 14.2 14.1 5.0 2.5 2 0 2 1 1
4674.9 10406.1 3.1 95 0 14.8 13.0 5.0 2.5 2 0 2 5 5
4694.1 10404.9 1.5 90 0 14.3 13.2 5.0 2.5 2 0 2 4 4
4713.2 10404.3 -0.1 92 0 14.3 12.8 5.0 2.5 2 0 2 3 3
4696.3 10448.7 -2.9 272 0 14.8 16.0 7.5 2.5 4 1 3 0 0
4715.0 10446.3 -4.2 275 0 14.1 13.5 5.0 2.5 2 0 2 4 4
4553.2 10281.8 18.8 274 0 13.6 13.7 5.0 2.5 2 1 2 4 4
4544.4 10251.4 20.5 182 0 15.5 14.7 5.0 0.0 0 0 2 2 2
4571.5 10242.8 20.3 94 0 15.0 12.5 7.5 2.5 2 0 3 3 3
4573.8 10279.8 18.9 276 0 13.7 13.3 2.5 2.5 4 0 1 4 4
4591.7 10241.5 20.0 93 0 14.2 13.2 7.5 2.5 2 0 3 0 0
4593.5 10277.9 19.1 274 0 14.8 13.4 2.5 2.5 2 0 1 3 3
4620.0 10246.6 19.7 2 0 11.7 14.2 5.0 2.5 2 1 2 0 0
4613.4 10276.5 19.0 271 0 14.6 11.9 2.5 2.5 4 0 1 2 2
4641.1 10299.6 16.8 187 0 14.6 14.1 5.0 2.5 4 0 2 3 3
4667.5 10304.8 16.5 272 0 14.4 13.9 10.0 2.5 4 0 4 1 1
4687.1 10303.7 16.2 274 0 13.2 14.1 5.0 0.0 0 1 2 3 3
4706.3 10303.0 15.9 275 0 14.3 14.0 10.0 2.5 2 0 4 0 0
4725.4 10302.0 14.5 270 0 14.1 13.7 10.0 2.5 2 0 4 4 4
4618.1 10212.5 22.5 299 0 14.7 14.6 2.5 2.5 2 0 1 2 2
4601.1 10159.5 25.4 31 0 15.4 15.4 5.0 2.5 2 1 2 3 3
4611.6 10182.1 24.1 29 0 15.6 15.6 7.5 2.5 2 1 3 2 2
4590.6 10139.2 26.2 29 0 15.5 14.3 2.5 2.5 2 0 1 0 0
4581.0 10118.1 26.9 29 0 14.4 15.9 7.5 2.5 2 1 3 0 0
4570.4 10094.8 27.7 30 0 14.6 15.5 7.5 0.0 0 1 3 0 0
4555.2 10066.8 28.2 28 0 23.1 11.3 15.0 0.0 0 0 6 4 4
4660.0 10187.0 21.6 300 0 15.4 10.6 5.0 2.5 2 0 2 1 1
4641.7 10171.4 22.2 214 0 10.3 16.0 7.5 2.5 2 1 3 2 2
4631.9 10157.1 22.9 212 0 10.8 16.3 7.5 2.5 2 1 3 1 1
4622.8 10139.4 23.6 211 0 12.2 15.1 5.0 2.5 2 1 2 1 1
4613.3 10123.9 24.3 208 0 10.5 14.5 7.5 2.5 2 1 3 2 2
4604.8 10108.9 24.6 210 0 10.3 14.1 10.0 2.5 2 1 4 0 0
4595.3 10093.1 25.0 208 0 10.4 13.7 5.0 2.5 2 1 2 1 1
4586.0 10079.8 25.8 211 0 10.9 15.2 7.5 2.5 2 1 3 2 2
4576.9 10065.1 27.4 213 0 10.9 13.8 10.0 2.5 2 1 4 3 3
4569.3 10049.7 28.9 213 0 11.3 12.6 7.5 2.5 2 1 3 5 5
4561.4 10034.5 30.4 212 0 10.8 14.6 7.5 2.5 2 1 3 1 1
4550.7 10018.4 31.9 209 0 15.0 13.8 7.5 2.5 2 0 3 0 0
4537.9 9997.0 33.9 211 0 15.6 14.7 7.5 2.5 2 0 3 4 4
4685.9 10170.7 20.1 299 0 15.2 11.6 2.5 2.5 2 0 1 2 2
4679.9 10146.8 20.8 31 0 11.0 15.6 7.5 2.5 2 1 3 1 1
4671.4 10132.6 21.4 29 0 10.3 15.9 5.0 2.5 2 1 2 0 0
4661.7 10114.3 21.8 33 0 10.6 16.1 5.0 2.5 2 1 2 5 5
4652.5 10099.7 22.1 32 0 10.3 16.3 7.5 2.5 2 1 3 0 0
4642.7 10085.2 22.6 29 0 10.5 15.1 5.0 0.0 0 1 2 2 2
4634.4 10070.9 24.0 30 0 10.4 14.8 2.5 2.5 2 1 1 3 3
4625.9 10055.5 25.6 28 0 10.2 15.7 10.0 0.0 0 1 4 0 0
4566.4 9970.2 32.1 118 0 13.2 14.8 5.0 0.0 0 1 2 2 2
4589.2 9993.8 30.9 30 0 16.3 15.3 10.0 2.5 2 0 4 1 1
4599.0 10010.8 30.1 28 0 10.2 15.5 7.5 2.5 2 1 3 3 3
4607.8 10025.3 28.6 31 0 12.1 15.8 7.5 2.5 2 1 3 2 2
4617.5 10039.7 27.1 28 0 11.3 16.1 5.0 2.5 2 1 2 2 2
4610.2 9975.5 28.5 211 0 10.5 15.5 2.5 2.5 2 1 1 3 3
4600.0 9958.7 29.3 207 0 14.9 16.8 15.0 0.0 0 1 6 0 0
4619.1 9990.6 27.8 210 0 9.8 14.7 7.5 2.5 2 1 3 0 0
4628.9 10004.3 26.9 208 0 9.5 15.0 5.0 2.5 2 1 2 1 1
4636.7 10020.1 26.2 211 0 9.0 16.0 7.5 0.0 0 1 3 1 1
4645.1 10034.9 25.3 208 0 10.7 14.8 2.5 2.5 2 1 1 4 4
4654.6 10049.5 24.3 211 0 9.3 14.9 7.5 2.5 2 1 3 4 4
4662.5 10064.8 22.7 209 0 9.9 16.1 5.0 2.5 2 1 2 1 1
4672.1 10080.7 20.9 209 0 11.0 16.8 7.5 2.5 2 1 3 3 3
4681.0 10095.1 19.5 209 0 10.5 16.4 5.0 2.5 2 1 2 4 4
2958.2 5488.0 -91.6 109 0 12.1 9.2 5.0 2.5 2 0 2 4 4
2966.9 5508.7 -91.5 293 0 12.0 8.8 5.0 2.5 2 0 2 3 3
2974.3 5481.1 -92.3 108 0 11.9 10.9 5.0 2.5 2 0 2 0 0
2983.4 5501.9 -92.3 295 0 11.8 9.2 5.0 2.5 2 0 2 2 2
2991.3 5475.1 -93.1 105 0 13.5 8.9 5.0 2.5 2 0 2 0 0
2973.0 5522.3 -91.5 110 0 12.5 9.6 7.5 2.5 4 0 3 2 2
2989.0 5515.9 -92.3 103 0 11.9 8.4 5.0 2.5 2 0 2 3 3
2999.4 5496.2 -93.0 295 0 11.3 9.6 5.0 2.5 2 0 2 4 4
3007.4 5467.8 -93.9 110 0 12.9 9.6 7.5 2.5 2 0 3 3 3
3016.0 5489.1 -93.9 293 0 12.2 9.5 5.0 2.5 2 0 2 0 0
3023.2 5461.3 -94.7 110 0 12.8 9.7 5.0 2.5 2 0 2 3 3
3032.7 5481.7 -94.7 295 0 14.2 9.8 5.0 2.5 2 0 2 0 0
3047.7 5476.0 -95.4 293 0 11.5 22.5 7.5 0.0 0 1 3 3 3
3005.0 5508.9 -93.1 108 0 13.4 9.2 7.5 2.5 2 0 3 5 5
3021.6 5502.3 -93.8 105 0 12.2 8.9 7.5 2.5 2 0 3 1 1
3037.3 5494.8 -94.6 110 0 12.8 9.2 7.5 2.5 2 0 3 0 0
3039.4 5522.4 -94.4 292 0 19.0 10.4 7.5 2.5 2 0 3 2 2
3053.5 5491.0 -95.3 108 0 10.4 9.0 2.5 2.5 4 0 1 4 4
5803.9 10321.8 -84.5 283 0 9.0 13.0 7.5 2.5 2 1 3 4 4
5818.6 10318.4 -85.4 283 0 9.5 13.0 7.5 2.5 2 1 3 5 5
5832.2 10314.0 -86.3 285 0 9.2 12.3 7.5 2.5 2 1 3 0 0
5846.0 10310.9 -87.2 283 0 9.6 12.8 5.0 2.5 2 1 2 1 1
5859.9 10307.2 -88.1 284 0 8.5 12.7 5.0 2.5 2 1 2 4 4
5873.2 10303.8 -88.9 281 0 8.8 12.6 7.5 2.5 2 1 3 5 5
5887.8 10301.1 -89.9 282 0 8.9 14.2 2.5 2.5 2 1 1 1 1
5900.9 10296.0 -90.8 282 0 9.5 12.1 5.0 2.5 2 1 2 2 2
5828.6 10280.6 -85.9 103 0 7.9 14.0 5.0 2.5 2 1 2 4 4
5843.0 10277.8 -86.9 102 0 9.9 14.0 5.0 2.5 2 1 2 3 3
5855.2 10273.9 -87.7 106 0 8.9 14.8 7.5 2.5 2 1 3 3 3
5869.2 10271.3 -88.6 105 0 6.9 13.9 5.0 2.5 2 1 2 0 0
5885.6 10281.1 -89.5 283 0 8.0 13.9 5.0 2.5 2 1 2 5 5
5781.7 10287.8 -82.2 352 0 10.8 10.3 7.5 2.5 2 0 3 4 4
5780.9 10303.7 -82.4 352 0 11.3 10.6 5.0 2.5 4 0 2 1 1
5779.2 10320.1 -82.5 355 0 11.5 9.8 7.5 2.5 2 0 3 1 1
6026.1 10275.1 -99.5 204 0 13.9 7.9 2.5 0.0 0 0 1 2 2
6044.3 10275.5 -100.2 290 0 8.6 13.7 2.5 0.0 0 1 1 4 4
6058.8 10261.6 -101.2 24 0 13.6 9.5 2.5 2.5 2 0 1 1 1
6009.0 10249.8 -98.6 212 0 12.7 8.8 2.5 2.5 2 0 1 1 1
6020.0 10243.6 -99.8 205 0 12.4 9.6 2.5 2.5 2 0 1 4 4
5991.2 10262.8 -96.4 301 0 8.4 11.5 2.5 2.5 4 1 1 3 3
5931.7 10287.9 -92.7 300 0 8.4 11.4 2.5 2.5 2 1 1 4 4
5943.3 10281.1 -93.4 301 0 9.4 8.6 5.0 2.5 2 0 2 3 3
5955.7 10277.2 -94.2 300 0 9.2 10.7 5.0 2.5 2 1 2 0 0
5967.9 10272.8 -94.9 303 0 8.6 11.5 5.0 2.5 2 1 2 0 0
5979.9 10269.3 -95.7 298 0 8.5 13.0 7.5 2.5 2 1 3 3 3
5799.3 10345.1 -84.9 101 0 13.1 10.2 7.5 2.5 4 0 3 4 4
5816.1 10342.2 -86.0 108 0 12.6 9.2 5.0 2.5 2 0 2 2 2
5832.4 10337.1 -87.0 106 0 12.2 9.6 7.5 2.5 2 0 3 5 5
5851.8 10343.0 -88.1 285 0 11.3 8.8 7.5 2.5 2 0 3 1 1
5796.5 10270.5 -83.2 296 0 8.1 10.1 7.5 2.5 4 1 3 0 0
5810.2 10267.8 -84.1 297 0 9.1 11.8 7.5 2.5 2 1 3 0 0
5823.1 10263.8 -85.0 297 0 9.6 11.2 2.5 2.5 2 1 1 3 3
5836.0 10259.1 -85.8 297 0 9.8 10.7 7.5 2.5 4 1 3 2 2
4627.9 9929.7 28.0 118 0 15.0 10.8 5.0 2.5 4 0 2 4 4
4646.0 9944.7 27.4 28 0 10.4 16.2 7.5 2.5 2 1 3 2 2
4654.4 9961.4 26.2 30 0 10.7 15.4 5.0 2.5 2 1 2 5 5
4663.0 9974.9 25.4 32 0 10.9 15.0 5.0 2.5 2 1 2 3 3
4674.4 9990.8 24.3 28 0 12.1 16.4 10.0 2.5 2 1 4 2 2
4682.5 10006.9 23.6 26 0 11.1 15.0 10.0 2.5 2 1 4 5 5
4689.6 10021.0 22.9 29 0 10.9 15.5 7.5 2.5 2 1 3 1 1
4700.6 10036.1 22.0 27 0 9.8 15.5 7.5 2.5 2 1 3 4 4
4707.0 10051.4 21.3 30 0 11.3 13.2 5.0 0.0 0 1 2 4 4
4717.5 10066.5 19.7 31 0 10.3 13.8 5.0 2.5 2 1 2 2 2
4727.3 10083.8 17.7 29 0 15.2 14.0 5.0 2.5 2 0 2 0 0
4691.4 10109.9 18.7 211 0 10.7 13.8 5.0 2.5 2 1 2 1 1
4663.4 9920.4 24.7 208 0 16.2 14.4 5.0 2.5 2 0 2 5 5
4672.4 9936.6 24.2 210 0 10.3 14.7 5.0 0.0 0 1 2 4 4
4680.4 9951.8 23.5 207 0 10.7 16.0 2.5 2.5 2 1 1 4 4
4690.2 9966.6 22.4 208 0 11.0 13.6 5.0 2.5 2 1 2 0 0
4698.9 9981.9 21.6 207 0 11.5 14.6 5.0 0.0 0 1 2 2 2
4707.5 9996.3 20.9 212 0 11.7 13.1 2.5 2.5 2 1 1 0 0
4717.2 10010.6 19.9 207 0 12.4 13.7 7.5 2.5 2 1 3 3 3
4725.7 10026.8 19.1 209 0 10.8 15.1 2.5 2.5 2 1 1 5 5
4763.7 10016.8 16.9 298 0 15.1 14.1 5.0 0.0 0 0 2 0 0
4756.3 9986.5 18.0 32 0 10.2 14.9 2.5 2.5 2 1 1 1 1
4749.0 9973.1 18.7 24 0 10.2 15.6 5.0 2.5 2 1 2 5 5
4738.5 9957.6 19.6 27 0 11.2 15.8 2.5 2.5 2 1 1 4 4
4730.1 9942.2 20.7 28 0 11.3 15.8 7.5 2.5 2 1 3 2 2
4720.2 9928.2 21.4 26 0 11.7 13.4 7.5 2.5 2 1 3 3 3
4711.3 9913.0 22.0 27 0 10.8 14.4 10.0 2.5 2 1 4 1 1
4691.8 9892.7 22.4 119 0 15.9 17.4 15.0 0.0 0 1 6 4 4
4505.0 9801.3 34.1 204 0 15.5 16.8 12.5 2.5 2 1 5 4 4
4517.1 9818.6 34.1 210 0 14.2 16.4 5.0 2.5 2 1 2 2 2
4524.6 9834.1 34.4 207 0 10.5 15.9 10.0 2.5 2 1 4 5 5
4536.0 9849.7 34.3 208 0 11.1 15.5 2.5 2.5 4 1 1 2 2
4544.6 9866.8 33.6 210 0 12.0 16.5 5.0 2.5 4 1 2 5 5
4553.3 9881.6 33.0 207 0 11.3 17.3 5.0 2.5 2 1 2 2 2
4565.3 9899.4 32.3 210 0 11.9 16.3 7.5 2.5 2 1 3 5 5
4573.3 9913.6 31.7 209 0 9.4 16.5 7.5 2.5 2 1 3 3 3
4592.3 9929.7 31.0 300 0 18.5 9.3 7.5 2.5 2 0 3 2 2
4617.4 9912.3 29.0 298 0 16.0 9.7 5.0 2.5 2 0 2 1 1
4614.1 9889.3 29.5 27 0 12.0 17.2 10.0 2.5 2 1 4 5 5
4602.4 9873.9 30.3 28 0 11.2 14.6 2.5 2.5 2 1 1 2 2
4593.9 9857.3 30.9 29 0 12.2 15.8 5.0 2.5 2 1 2 2 2
4584.1 9842.3 31.2 28 0 11.1 14.7 5.0 2.5 2 1 2 1 1
4575.0 9827.0 31.1 26 0 11.8 15.5 7.5 2.5 2 1 3 3 3
4564.9 9810.9 31.0 26 0 11.4 14.3 5.0 2.5 4 1 2 4 4
4554.8 9794.2 31.0 31 0 9.5 14.7 5.0 2.5 2 1 2 2 2
4533.3 9773.9 31.0 120 0 13.9 15.6 5.0 2.5 2 1 2 0 0
4497.5 9911.9 38.1 196 0 18.0 11.4 7.5 2.5 2 0 3 5 5
4510.6 9942.6 37.0 210 0 16.9 13.9 2.5 2.5 2 0 1 1 1
4530.1 9967.6 35.6 300 0 14.7 14.1 10.0 2.5 2 0 4 5 5
4554.9 9950.1 34.2 301 0 16.2 9.7 5.0 2.5 2 0 2 0 0
4549.7 9927.0 34.9 30 0 11.1 16.1 5.0 2.5 2 1 2 4 4
4539.8 9910.9 35.6 28 0 10.9 16.6 5.0 2.5 2 1 2 3 3
4530.6 9896.4 36.2 29 0 11.4 14.2 7.5 0.0 0 1 3 0 0
4519.3 9878.1 36.9 29 0 16.5 13.5 7.5 2.5 2 0 3 0 0
4495.9 9867.1 37.7 211 0 13.1 13.4 2.5 2.5 2 1 1 5 5
4485.2 9851.1 38.3 211 0 11.7 15.9 10.0 2.5 2 1 4 1 1
4475.6 9835.2 38.9 211 0 10.6 16.5 2.5 2.5 2 1 1 3 3
4467.0 9819.8 38.8 212 0 12.1 15.7 7.5 0.0 0 1 3 4 4
4627.5 9774.3 23.1 26 0 11.5 14.0 5.0 2.5 2 1 2 5 5
4638.1 9788.5 23.0 30 0 10.5 16.3 7.5 2.5 2 1 3 5 5
1129.2 1895.5 -81.4 287 0 11.1 13.0 7.5 2.5 2 1 3 3 3
1117.9 1859.7 -81.0 102 0 10.4 15.5 5.0 2.5 2 1 2 3 3
1132.5 1857.1 -81.3 104 0 10.6 14.5 5.0 2.5 2 1 2 4 4
1144.2 1891.8 -81.6 286 0 10.5 13.7 7.5 2.5 2 1 3 0 0
1149.7 1853.5 -81.6 100 0 10.2 14.8 5.0 2.5 2 1 2 5 5
1159.5 1887.3 -81.9 285 0 10.9 13.2 5.0 2.5 2 1 2 5 5
1167.0 1849.8 -81.9 103 0 10.6 14.0 2.5 0.0 0 1 1 0 0
1176.2 1883.4 -82.3 286 0 10.6 14.1 2.5 2.5 2 1 1 4 4
1167.4 1830.0 -81.1 283 0 9.8 14.3 5.0 2.5 2 1 2 0 0
1183.0 1825.9 -81.4 281 0 11.5 12.9 5.0 2.5 2 1 2 5 5
1182.5 1845.5 -82.2 101 0 10.8 14.2 10.0 2.5 4 1 4 3 3
1190.9 1878.7 -82.5 285 0 10.0 13.5 5.0 2.5 2 1 2 5 5
1204.2 1848.1 -82.5 14 0 13.6 9.2 7.5 2.5 2 0 3 0 0
1199.0 1823.5 -81.7 284 0 10.6 14.4 2.5 2.5 2 1 1 2 2
4569.4 9761.9 26.0 207 0 16.3 14.9 5.0 2.5 2 0 2 3 3
4579.3 9779.4 26.1 207 0 10.6 15.9 7.5 2.5 2 1 3 4 4
4588.4 9796.2 26.3 210 0 10.6 15.7 2.5 0.0 0 1 1 2 2
4596.7 9812.0 26.3 210 0 11.5 17.6 5.0 2.5 2 1 2 3 3
4607.9 9828.2 26.3 209 0 10.3 17.3 5.0 2.5 2 1 2 1 1
4616.7 9844.4 26.5 208 0 12.0 16.2 2.5 2.5 2 1 1 5 5
4626.4 9860.7 26.6 208 0 11.2 16.7 7.5 2.5 2 1 3 0 0
4637.1 9876.0 26.4 210 0 11.0 16.2 2.5 2.5 2 1 1 0 0
4654.9 9892.5 25.9 298 0 16.4 10.8 5.0 2.5 2 0 2 3 3
4599.2 9737.5 22.7 118 0 15.9 14.7 5.0 2.5 2 0 2 2 2
4618.2 9756.7 22.9 27 0 11.4 14.9 7.5 2.5 2 1 3 1 1
4647.5 9803.8 23.1 27 0 10.5 15.9 2.5 2.5 2 1 1 3 3
4657.8 9820.8 23.2 29 0 11.9 17.2 5.0 2.5 2 1 2 0 0
4666.5 9836.9 23.3 25 0 10.8 16.8 5.0 2.5 2 1 2 1 1
4676.2 9851.9 23.3 25 0 10.6 16.5 7.5 2.5 2 1 3 5 5
4680.1 9875.9 23.5 297 0 16.0 10.9 5.0 2.5 2 0 2 0 0
4631.6 9726.1 18.1 206 0 16.1 15.4 7.5 2.5 2 0 3 2 2
4642.7 9742.8 18.2 206 0 11.7 15.1 7.5 2.5 2 1 3 5 5
4651.7 9759.8 18.3 208 0 11.4 16.4 7.5 2.5 4 1 3 5 5
4661.5 9774.8 18.4 208 0 10.6 15.6 2.5 2.5 2 1 1 2 2
4670.2 9789.9 18.6 207 0 10.5 14.3 5.0 2.5 2 1 2 1 1
4681.0 9807.3 18.6 212 0 11.0 15.6 2.5 2.5 2 1 1 0 0
4689.2 9821.3 18.8 209 0 10.7 14.2 5.0 2.5 2 1 2 4 4
4699.0 9838.5 18.8 212 0 11.5 15.3 7.5 2.5 2 1 3 5 5
4707.4 9852.9 18.7 208 0 12.7 16.9 5.0 2.5 4 1 2 2 2
4661.7 9699.1 14.7 119 0 15.2 14.7 10.0 0.0 0 0 4 5 5
4683.8 9719.1 14.7 30 0 10.4 18.1 5.0 2.5 2 1 2 1 1
4693.6 9732.7 14.6 31 0 10.3 18.3 5.0 2.5 2 1 2 1 1
4703.8 9748.6 14.6 29 0 9.8 18.7 2.5 2.5 2 1 1 3 3
4712.3 9765.6 14.9 29 0 11.2 17.0 7.5 2.5 2 1 3 2 2
4721.8 9779.7 14.9 33 0 11.8 19.1 7.5 2.5 2 1 3 0 0
4730.6 9798.9 15.2 26 0 10.5 16.2 2.5 2.5 4 1 1 2 2
4739.3 9813.5 15.3 30 0 10.3 16.6 5.0 2.5 4 1 2 3 3
4744.4 9836.8 15.2 299 0 17.1 10.5 5.0 2.5 2 0 2 5 5
4697.2 9688.3 9.9 208 0 15.4 15.3 5.0 0.0 0 0 2 5 5
4706.7 9706.1 10.1 214 0 10.2 15.2 7.5 2.5 2 1 3 4 4
4716.1 9722.2 10.1 210 0 11.7 16.8 7.5 2.5 2 1 3 1 1
4725.1 9737.6 10.4 207 0 10.9 14.5 7.5 2.5 2 1 3 0 0
4733.7 9753.0 10.2 206 0 11.2 17.6 2.5 2.5 2 1 1 1 1
4744.2 9769.9 10.4 211 0 11.2 16.4 2.5 2.5 2 1 1 5 5
4752.8 9785.0 10.5 207 0 10.4 17.0 5.0 2.5 4 1 2 3 3
4762.8 9801.1 10.5 210 0 10.9 17.2 5.0 0.0 0 1 2 0 0
4780.7 9815.0 10.7 297 0 15.6 9.8 5.0 2.5 2 0 2 2 2
4807.0 9798.9 7.4 299 0 14.8 11.2 7.5 2.5 2 0 3 4 4
4726.0 9662.9 5.7 118 0 15.2 14.3 2.5 2.5 4 0 1 4 4
4745.5 9681.8 6.1 30 0 9.2 15.5 7.5 0.0 0 1 3 3 3
4754.7 9697.1 6.3 29 0 11.5 15.4 7.5 2.5 2 1 3 1 1
4764.7 9713.1 6.6 29 0 10.8 14.4 5.0 2.5 2 1 2 4 4
4774.6 9729.7 6.8 26 0 10.3 15.4 2.5 2.5 2 1 1 1 1
4783.3 9743.6 7.1 29 0 9.5 15.6 5.0 2.5 2 1 2 5 5
4792.8 9758.9 7.2 34 0 12.3 15.7 5.0 2.5 2 1 2 5 5
4800.7 9777.1 7.5 29 0 11.2 15.2 7.5 2.5 2 1 3 4 4
4461.0 9794.6 38.7 301 0 15.1 11.2 7.5 0.0 0 0 3 5 5
4443.8 9779.2 38.5 212 0 11.1 15.7 5.0 2.5 2 1 2 5 5
4461.3 9727.7 33.6 210 0 10.7 17.8 2.5 2.5 2 1 1 4 4
4497.4 9772.0 34.0 302 0 16.3 11.4 5.0 2.5 2 0 2 4 4
4479.1 9756.6 33.9 210 0 11.4 16.4 7.5 0.0 0 1 3 1 1
4469.0 9742.2 33.9 211 0 12.3 17.0 2.5 2.5 4 1 1 0 0
4454.1 9713.5 33.5 211 0 11.6 17.3 7.5 2.5 2 1 3 4 4
4443.7 9695.9 33.6 208 0 15.6 15.2 2.5 0.0 0 0 1 1 1
4431.8 9674.1 33.8 209 0 14.7 13.5 2.5 0.0 0 0 1 5 5
4420.1 9657.3 33.8 212 0 11.8 17.7 7.5 2.5 2 1 3 0 0
4412.1 9641.1 34.3 214 0 11.5 14.8 5.0 2.5 2 1 2 1 1
4402.8 9626.4 34.5 209 0 11.5 16.1 2.5 2.5 2 1 1 2 2
4392.5 9611.2 34.7 212 0 11.4 15.8 10.0 0.0 0 1 4 4 4
4525.6 9757.5 30.4 297 0 17.7 11.4 5.0 2.5 2 0 2 1 1
4520.5 9732.8 30.4 28 0 10.6 16.5 2.5 2.5 2 1 1 4 4
4512.2 9718.5 30.3 29 0 11.4 16.0 5.0 2.5 4 1 2 5 5
4422.6 9586.1 31.1 124 0 16.0 12.1 2.5 2.5 4 0 1 2 2
4441.7 9602.2 30.9 30 0 11.0 15.8 7.5 0.0 0 1 3 1 1
4450.8 9617.3 30.6 31 0 10.9 14.6 2.5 0.0 0 1 1 5 5
4460.3 9631.6 30.2 31 0 11.3 15.8 5.0 2.5 2 1 2 0 0
4471.0 9652.0 30.1 27 0 16.8 15.1 10.0 2.5 2 0 4 5 5
4483.9 9671.7 30.1 29 0 15.1 16.3 2.5 2.5 2 1 1 5 5
4492.5 9688.5 30.4 31 0 11.1 15.4 5.0 2.5 2 1 2 4 4
4503.1 9703.9 30.3 29 0 11.8 16.4 5.0 2.5 2 1 2 4 4
4561.9 9735.0 25.9 304 0 16.5 11.2 5.0 2.5 2 0 2 2 2
4543.2 9719.0 25.7 212 0 10.4 17.3 2.5 2.5 2 1 1 5 5
4459.0 9577.4 25.7 210 0 10.6 16.2 7.5 0.0 0 1 3 4 4
4468.1 9596.2 25.5 213 0 11.4 16.8 5.0 2.5 2 1 2 3 3
4478.8 9609.6 25.3 209 0 13.2 14.9 7.5 2.5 4 1 3 0 0
4486.8 9627.0 25.3 206 0 11.4 16.9 5.0 2.5 2 1 2 3 3
4496.5 9642.1 25.5 207 0 12.0 15.4 7.5 2.5 2 1 3 5 5
4505.9 9657.9 25.5 211 0 10.9 16.7 2.5 2.5 2 1 1 5 5
4515.2 9673.6 25.6 208 0 10.6 16.2 5.0 2.5 2 1 2 5 5
4524.4 9688.6 25.6 212 0 9.4 16.9 5.0 0.0 0 1 2 0 0
4587.7 9719.2 22.6 300 0 16.0 10.9 5.0 2.5 2 0 2 2 2
4584.3 9693.3 22.3 33 0 11.0 17.9 5.0 2.5 2 1 2 3 3
4573.8 9680.6 22.4 29 0 13.5 15.5 5.0 2.5 2 1 2 3 3
4564.2 9665.0 22.4 33 0 11.2 15.3 7.5 2.5 4 1 3 2 2
4556.1 9650.5 22.3 30 0 12.6 15.8 10.0 2.5 2 1 4 0 0
4546.8 9634.9 22.2 27 0 11.7 15.2 7.5 2.5 2 1 3 5 5
4537.5 9619.5 22.1 29 0 11.3 16.1 7.5 0.0 0 1 3 4 4
4529.0 9604.1 22.0 29 0 10.3 15.2 10.0 2.5 2 1 4 3 3
4520.1 9588.8 21.8 27 0 11.0 16.2 10.0 2.5 4 1 4 3 3
4510.5 9574.3 21.9 29 0 11.0 14.6 2.5 2.5 2 1 1 2 2
4491.6 9557.7 22.0 119 0 16.6 11.3 7.5 2.5 2 0 3 4 4
4573.3 9626.3 17.4 208 0 10.6 15.9 2.5 0.0 0 1 1 0 0
4565.7 9610.8 17.5 211 0 10.6 14.4 5.0 0.0 0 1 2 5 5
4554.4 9596.2 17.5 210 0 12.3 15.0 5.0 2.5 2 1 2 1 1
4546.7 9579.9 17.3 208 0 12.2 14.9 7.5 2.5 2 1 3 0 0
4537.6 9566.1 17.1 209 0 11.6 16.2 2.5 2.5 2 1 1 2 2
4527.9 9549.9 17.2 210 0 12.2 15.0 5.0 2.5 2 1 2 3 3
4609.6 9611.5 14.1 295 0 15.3 11.7 5.0 2.5 2 0 2 4 4
4603.6 9587.7 14.1 26 0 11.8 15.9 10.0 2.5 2 1 4 3 3
4557.1 9525.3 13.6 123 0 15.1 11.7 5.0 2.5 2 0 2 2 2
4576.2 9540.3 13.7 27 0 11.2 15.2 7.5 2.5 2 1 3 0 0
4584.7 9555.2 14.0 33 0 11.0 15.2 5.0 2.5 2 1 2 3 3
4593.6 9571.4 14.1 30 0 10.6 16.3 5.0 2.5 2 1 2 1 1
271.3 -2635.6 -93.2 109 0 12.1 15.0 5.0 2.5 2 1 2 2 2
288.6 -2641.6 -93.1 108 0 12.3 14.7 7.5 2.5 4 1 3 0 0
305.6 -2645.8 -93.0 104 0 13.4 13.2 2.5 2.5 2 0 1 4 4
324.5 -2652.0 -92.9 109 0 15.0 13.7 2.5 2.5 2 0 1 0 0
342.5 -2657.1 -92.8 104 0 12.2 13.9 5.0 2.5 2 1 2 5 5
361.2 -2663.0 -92.8 110 0 12.4 14.1 2.5 2.5 4 1 1 1 1
379.9 -2668.2 -92.7 108 0 14.8 13.9 2.5 2.5 4 0 1 5 5
398.9 -2673.9 -92.6 106 0 12.5 12.7 5.0 2.5 4 1 2 3 3
417.4 -2680.3 -92.4 103 0 11.6 12.4 7.5 2.5 4 1 3 0 0
436.3 -2685.6 -92.7 106 0 12.2 12.3 5.0 0.0 0 1 2 1 1
370.0 -2611.4 -93.5 108 0 13.0 18.8 5.0 2.5 2 1 2 1 1
388.4 -2616.0 -93.7 107 0 14.5 18.2 7.5 2.5 2 1 3 1 1
405.6 -2621.2 -93.7 106 0 14.5 18.8 7.5 2.5 2 1 3 2 2
421.7 -2625.5 -93.5 107 0 10.8 14.8 7.5 2.5 2 1 3 2 2
434.1 -2630.3 -93.5 105 0 10.2 15.2 5.0 2.5 2 1 2 0 0
447.3 -2633.0 -93.4 107 0 10.1 15.8 2.5 2.5 2 1 1 5 5
420.3 -3379.5 -72.3 111 0 15.3 12.7 5.0 2.5 2 0 2 5 5
438.9 -3388.0 -73.7 112 0 16.8 14.4 10.0 2.5 2 0 4 0 0
456.9 -3396.0 -74.7 114 0 16.2 11.6 5.0 2.5 2 0 2 0 0
450.8 -3358.5 -74.8 293 0 16.5 13.4 5.0 2.5 4 0 2 3 3
386.6 -3413.4 -69.3 111 0 14.1 14.6 5.0 2.5 2 1 2 3 3
486.0 -3400.3 -76.0 18 0 13.2 14.9 7.5 2.5 2 1 3 0 0
492.4 -3383.1 -77.2 20 0 12.5 14.9 7.5 2.5 2 1 3 4 4
427.2 -3482.9 -72.0 105 0 18.6 13.8 10.0 2.5 2 0 4 5 5
450.4 -3490.6 -73.0 96 0 16.1 11.4 10.0 2.5 2 0 4 2 2
446.5 -3503.0 -73.0 285 0 14.1 13.4 10.0 2.5 2 0 4 2 2
465.2 -3510.2 -73.6 282 0 14.5 11.3 10.0 2.5 4 0 4 1 1
485.1 -3514.1 -74.1 280 0 13.2 11.2 5.0 2.5 2 0 2 0 0
482.2 -3548.7 -72.7 95 0 13.4 11.4 5.0 2.5 2 0 2 3 3
506.7 -3535.7 -74.3 3 0 25.3 11.7 12.5 2.5 2 0 5 1 1
298.6 -3258.3 -78.2 102 0 14.2 11.8 7.5 2.5 4 0 3 2 2
296.1 -3231.9 -80.3 192 0 15.5 14.5 5.0 2.5 2 0 2 0 0
299.3 -3215.8 -81.5 192 0 7.7 14.3 5.0 2.5 2 1 2 2 2
309.2 -3194.0 -83.5 280 0 12.2 13.9 10.0 0.0 0 1 4 4 4
322.9 -3256.6 -78.1 10 0 13.3 11.3 2.5 2.5 2 0 1 1 1
327.2 -3237.9 -80.1 9 0 13.7 12.6 5.0 0.0 0 0 2 0 0
331.3 -3204.6 -83.3 9 0 11.9 11.7 7.5 2.5 2 0 3 4 4
355.8 -3202.5 -83.3 284 0 18.0 14.3 12.5 2.5 2 0 5 4 4
357.4 -3230.4 -81.5 15 0 15.6 15.9 5.0 2.5 2 1 2 3 3
377.1 -3183.9 -86.0 7 0 12.7 27.6 12.5 2.5 4 1 5 0 0
387.0 -3129.0 -89.7 279 0 16.3 23.4 12.5 2.5 2 1 5 5 5
348.0 -3257.0 -79.3 19 0 26.3 13.0 12.5 2.5 2 0 5 3 3
362.8 -3248.6 -79.5 203 0 16.3 13.9 7.5 2.5 2 0 3 4 4
371.3 -3227.1 -81.8 199 0 16.6 14.0 5.0 2.5 2 0 2 0 0
385.4 -3207.1 -83.3 287 0 13.2 9.5 7.5 0.0 0 0 3 0 0
393.4 -3259.3 -79.2 15 0 19.2 11.9 7.5 2.5 2 0 3 0 0
401.9 -3237.6 -81.4 14 0 16.9 14.6 10.0 2.5 2 0 4 0 0
408.4 -3220.2 -83.0 21 0 10.6 14.6 2.5 2.5 2 1 1 3 3
268.0 -3174.4 -85.2 96 0 17.9 15.4 10.0 2.5 2 0 4 2 2
260.0 -3142.6 -87.2 185 0 25.7 21.3 12.5 2.5 2 0 5 5 5
289.1 -3177.7 -85.4 98 0 17.3 15.6 12.5 2.5 2 0 5 0 0
294.3 -3132.6 -87.5 277 0 14.6 25.5 10.0 0.0 0 1 4 1 1
336.9 -3177.7 -86.1 9 0 13.7 11.9 2.5 2.5 2 0 1 0 0
344.6 -3141.6 -88.3 10 0 12.8 14.6 7.5 2.5 2 1 3 3 3
347.4 -3125.3 -89.5 9 0 15.1 13.7 5.0 2.5 2 0 2 0 0
392.8 -3433.8 -69.7 291 0 13.5 13.6 5.0 2.5 2 1 2 2 2
263.1 -3247.2 -78.3 188 0 14.7 17.4 12.5 2.5 2 1 5 4 4
284.8 -3229.8 -80.3 8 0 14.4 20.2 12.5 0.0 0 1 5 5 5
286.9 -3213.1 -81.8 9 0 8.6 25.0 7.5 2.5 2 1 3 3 3
259.1 -3192.5 -83.6 190 0 14.4 12.2 5.0 2.5 2 0 2 0 0
290.5 -3197.3 -83.6 8 0 14.3 16.2 7.5 2.5 2 1 3 0 0
320.1 -3312.3 -71.9 285 0 13.3 12.2 7.5 2.5 2 0 3 5 5
379.9 -3101.5 -91.3 282 0 17.3 11.6 10.0 0.0 0 0 4 0 0
400.0 -3107.2 -91.4 284 0 15.9 11.5 2.5 2.5 2 0 1 4 4
438.9 -3144.4 -91.0 23 0 15.6 12.4 5.0 2.5 2 0 2 0 0
431.9 -3162.7 -89.3 24 0 15.8 13.1 5.0 2.5 2 0 2 2 2
867.8 640.6 -87.9 354 0 13.9 8.1 5.0 0.0 0 0 2 3 3
875.6 583.4 -88.4 354 0 15.3 8.7 5.0 2.5 2 0 2 3 3
849.1 603.7 -88.2 175 0 12.9 10.8 7.5 2.5 2 0 3 0 0
898.7 484.9 -89.3 172 0 11.1 12.3 5.0 0.0 0 1 2 4 4
811.3 174.7 -85.6 277 0 15.1 11.8 5.0 2.5 4 0 2 3 3
1063.0 -1045.7 -91.8 193 0 25.5 23.8 10.0 0.0 0 0 4 1 1
1071.4 -1013.4 -89.9 196 0 29.9 15.3 10.0 2.5 2 0 4 4 4
1100.8 -893.0 -87.7 96 0 18.1 24.1 10.0 2.5 2 1 4 5 5
1079.2 -931.8 -86.8 191 0 10.7 30.2 10.0 2.5 2 1 4 4 4
960.6 -1022.1 -81.1 203 0 13.6 24.5 12.5 0.0 0 1 5 0 0
1026.1 -991.7 -81.1 16 0 16.1 24.9 12.5 2.5 2 1 5 3 3
973.7 -940.4 -75.2 288 0 18.1 11.2 2.5 2.5 2 0 1 3 3
978.2 -923.3 -74.3 289 0 17.4 11.9 5.0 2.5 2 0 2 3 3
971.9 -972.7 -76.6 109 0 12.2 10.5 5.0 2.5 2 0 2 3 3
987.8 -978.4 -78.0 108 0 14.1 8.8 7.5 2.5 2 0 3 4 4
960.2 -874.8 -74.4 281 0 13.9 8.6 5.0 2.5 2 0 2 4 4
905.2 -811.2 -74.9 280 0 16.0 44.1 10.0 2.5 4 1 4 0 0
927.6 -836.4 -74.7 9 0 15.4 16.3 15.0 0.0 0 1 6 2 2
992.8 -843.1 -77.9 10 0 17.1 19.6 10.0 2.5 2 1 4 5 5
1003.8 -936.0 -76.7 292 0 14.3 13.6 7.5 2.5 2 0 3 5 5
998.3 -951.5 -77.2 286 0 9.6 10.7 7.5 2.5 2 1 3 0 0
946.7 -809.9 -77.7 101 0 11.7 10.1 5.0 0.0 0 0 2 3 3
980.0 -815.5 -79.2 101 0 8.3 11.7 5.0 2.5 2 1 2 4 4
934.0 -797.6 -77.2 20 0 11.2 9.2 7.5 2.5 2 0 3 2 2
971.6 -729.4 -83.7 191 0 9.3 16.0 2.5 2.5 2 1 1 4 4
1016.5 -598.9 -88.3 199 0 21.7 16.3 15.0 0.0 0 0 6 1 1
1057.0 -621.1 -90.2 313 0 13.8 10.6 2.5 2.5 2 0 1 0 0
959.4 -508.3 -87.2 109 0 10.3 8.4 7.5 2.5 2 0 3 0 0
899.3 -347.8 -86.7 198 0 11.7 9.2 5.0 2.5 2 0 2 0 0
907.2 -370.7 -87.1 107 0 7.0 15.5 5.0 2.5 2 1 2 4 4
968.0 -364.3 -90.0 23 0 10.2 9.3 5.0 2.5 2 0 2 5 5
972.7 -354.5 -90.1 21 0 7.8 12.2 2.5 2.5 2 1 1 0 0
910.3 -215.7 -88.2 291 0 15.1 25.1 7.5 2.5 2 1 3 4 4
960.4 -27.2 -89.7 174 0 21.8 14.8 7.5 2.5 2 0 3 1 1
953.2 10.4 -89.4 171 0 42.6 15.3 12.5 2.5 2 0 5 4 4
692.0 111.1 -82.8 280 0 14.6 20.9 7.5 2.5 2 1 3 1 1
833.5 225.7 -86.0 279 0 8.7 19.3 7.5 2.5 2 1 3 5 5
822.6 308.7 -85.5 277 0 16.1 11.1 5.0 2.5 2 0 2 4 4
1050.6 -1113.7 -91.2 108 0 15.9 11.4 2.5 2.5 2 0 1 2 2
1036.1 -1082.9 -88.1 19 0 22.0 11.1 2.5 2.5 2 0 1 2 2
1050.4 -1163.5 -93.3 24 0 29.4 12.8 10.0 0.0 0 0 4 3 3
1056.8 -1132.9 -93.2 290 0 12.2 9.3 5.0 2.5 2 0 2 3 3
910.4 -1177.0 -85.7 200 0 11.5 9.7 7.5 2.5 4 0 3 5 5
916.1 -1162.0 -86.1 199 0 11.4 9.7 5.0 2.5 2 0 2 4 4
929.2 -1144.7 -85.9 292 0 9.6 9.7 5.0 2.5 2 1 2 3 3
932.7 -1175.7 -86.6 21 0 11.6 6.7 7.5 2.5 2 0 3 1 1
940.1 -1152.1 -87.0 294 0 6.7 11.0 5.0 2.5 2 1 2 1 1
946.9 -1182.4 -87.0 22 0 13.9 10.5 7.5 2.5 2 0 3 1 1
953.4 -1166.9 -87.9 25 0 14.7 10.3 2.5 2.5 2 0 1 0 0
982.6 -1106.4 -86.1 20 0 9.9 24.9 7.5 2.5 2 1 3 0 0
948.6 -1134.8 -86.1 109 0 9.3 24.3 5.0 2.5 2 1 2 1 1
889.0 -1357.2 -86.2 195 0 8.6 14.8 7.5 0.0 0 1 3 2 2
887.1 -1369.6 -85.6 193 0 7.3 12.3 2.5 2.5 2 1 1 4 4
885.4 -1381.7 -84.6 191 0 6.2 11.3 5.0 2.5 2 1 2 3 3
884.2 -1392.4 -83.7 192 0 7.8 10.8 7.5 2.5 2 1 3 4 4
882.3 -1403.4 -82.6 197 0 7.1 11.0 5.0 2.5 2 1 2 5 5
877.4 -1478.9 -80.0 16 0 8.4 17.7 5.0 2.5 2 1 2 2 2
873.3 -1493.5 -79.7 17 0 8.0 19.1 7.5 2.5 2 1 3 2 2
868.5 -1507.1 -78.9 17 0 9.3 18.5 7.5 2.5 2 1 3 4 4
878.2 -1439.4 -79.5 290 0 7.7 17.5 2.5 2.5 2 1 1 4 4
890.0 -1444.3 -81.7 260 0 8.8 18.1 5.0 2.5 2 1 2 1 1
905.6 -1448.1 -83.9 261 0 8.4 19.4 7.5 2.5 4 1 3 1 1
887.7 -1501.6 -81.7 305 0 8.8 18.2 5.0 2.5 2 1 2 3 3
903.5 -1506.1 -83.6 304 0 7.9 18.6 5.0 2.5 2 1 2 2 2
918.1 -1511.2 -85.4 305 0 8.2 18.0 5.0 0.0 0 1 2 4 4
936.0 -1515.6 -87.7 307 0 7.7 19.3 5.0 2.5 4 1 2 2 2
920.3 -1452.4 -85.9 258 0 7.9 17.5 7.5 2.5 2 1 3 2 2
958.8 -1314.9 -91.0 114 0 15.6 12.6 7.5 2.5 2 0 3 2 2
926.5 -1348.8 -88.9 192 0 14.0 12.5 10.0 2.5 2 0 4 0 0
950.6 -1331.6 -90.6 290 0 25.6 9.1 7.5 2.5 2 0 3 4 4
859.1 -1238.7 -82.8 294 0 9.9 15.4 5.0 2.5 2 1 2 4 4
879.0 -1248.8 -84.3 292 0 9.1 16.4 5.0 2.5 2 1 2 5 5
886.8 -1224.8 -84.6 203 0 14.3 9.1 7.5 2.5 2 0 3 5 5
794.7 -1414.9 -76.9 277 0 6.9 14.3 7.5 2.5 2 1 3 1 1
806.9 -1418.5 -77.2 271 0 7.0 14.8 5.0 2.5 2 1 2 0 0
820.3 -1424.2 -77.3 273 0 7.2 13.5 7.5 2.5 2 1 3 1 1
834.5 -1429.1 -77.6 276 0 6.5 13.2 5.0 2.5 2 1 2 4 4
847.6 -1432.5 -78.0 273 0 7.9 14.2 5.0 2.5 2 1 2 4 4
801.1 -1285.2 -80.2 281 0 9.7 12.1 5.0 2.5 2 1 2 0 0
658.9 -1367.4 -71.8 24 0 21.2 24.2 15.0 0.0 0 1 6 3 3
486.2 -1344.7 -70.6 298 0 9.4 13.6 2.5 2.5 2 1 1 2 2
498.1 -1352.7 -70.7 292 0 8.6 12.1 7.5 2.5 2 1 3 1 1
510.2 -1356.8 -70.8 291 0 8.8 12.2 5.0 0.0 0 1 2 1 1
653.4 -1560.8 -70.5 116 0 15.1 9.9 2.5 2.5 2 0 1 5 5
673.6 -1570.9 -70.2 113 0 19.5 10.1 7.5 2.5 2 0 3 1 1
723.2 -1594.0 -69.5 113 0 21.5 11.0 5.0 2.5 4 0 2 0 0
746.5 -1605.1 -70.5 112 0 20.6 10.8 5.0 2.5 2 0 2 2 2
755.6 -1735.3 -79.1 115 0 20.4 10.2 5.0 2.5 2 0 2 1 1
768.2 -1707.5 -78.4 292 0 19.2 10.6 7.5 0.0 0 0 3 5 5
772.3 -1744.2 -80.3 112 0 7.4 11.3 2.5 2.5 2 1 1 3 3
785.2 -1714.9 -79.5 294 0 8.2 13.5 2.5 2.5 2 1 1 5 5
783.5 -1750.6 -81.4 116 0 8.4 12.2 5.0 2.5 4 1 2 5 5
796.7 -1720.3 -80.4 292 0 8.4 12.6 5.0 2.5 2 1 2 3 3
770.8 -1691.6 -76.4 113 0 7.0 12.0 7.5 2.5 2 1 3 4 4
783.9 -1698.0 -77.5 113 0 8.5 11.7 7.5 2.5 2 1 3 5 5
797.1 -1704.2 -78.6 114 0 8.7 13.0 5.0 0.0 0 1 2 2 2
782.7 -1665.3 -75.7 293 0 10.4 10.7 5.0 2.5 2 1 2 4 4
811.2 -1710.0 -79.7 111 0 8.7 11.6 7.5 2.5 2 1 3 4 4
824.4 -1716.6 -80.8 117 0 8.5 12.5 5.0 2.5 2 1 2 2 2
821.6 -1683.0 -78.7 292 0 8.1 10.9 7.5 0.0 0 1 3 4 4
830.3 -1769.7 -85.8 205 0 7.7 13.5 2.5 2.5 2 1 1 2 2
836.0 -1757.9 -85.1 199 0 8.5 12.4 2.5 2.5 2 1 1 3 3
841.3 -1745.9 -84.4 200 0 7.5 11.6 5.0 2.5 2 1 2 2 2
868.6 -1761.8 -86.2 22 0 13.0 9.8 5.0 0.0 0 0 2 1 1
854.5 -1655.2 -82.3 114 0 14.9 13.1 7.5 2.5 2 0 3 0 0
836.4 -1647.0 -80.4 113 0 14.4 13.4 2.5 2.5 2 0 1 3 3
919.1 -1677.8 -88.1 23 0 15.9 13.8 7.5 2.5 2 0 3 0 0
911.7 -1697.7 -87.0 24 0 17.1 14.4 7.5 2.5 2 0 3 3 3
928.9 -1698.2 -90.7 201 0 12.1 20.1 5.0 2.5 2 1 2 1 1
934.2 -1682.1 -91.4 202 0 10.1 18.8 10.0 2.5 2 1 4 0 0
924.9 -1723.3 -90.7 199 0 11.2 20.8 2.5 2.5 2 1 1 5 5
921.0 -1738.0 -90.7 201 0 10.6 19.4 7.5 2.5 2 1 3 1 1
917.8 -1752.7 -91.0 197 0 8.8 20.9 2.5 2.5 2 1 1 5 5
913.7 -1767.1 -91.0 200 0 9.3 19.6 5.0 2.5 2 1 2 1 1
908.6 -1781.1 -91.1 197 0 10.1 19.8 2.5 2.5 2 1 1 3 3
903.9 -1794.7 -91.3 199 0 8.8 17.9 5.0 2.5 2 1 2 4 4
900.7 -1808.9 -92.3 199 0 9.0 18.6 2.5 2.5 2 1 1 1 1
895.6 -1823.6 -93.2 200 0 9.9 19.0 7.5 2.5 2 1 3 1 1
908.3 -1866.1 -93.9 25 0 28.2 26.3 10.0 0.0 0 0 4 3 3
871.2 -1834.8 -91.9 21 0 22.7 16.1 10.0 2.5 2 0 4 5 5
884.7 -1801.6 -89.9 21 0 14.1 16.3 5.0 2.5 2 1 2 2 2
769.8 -1055.1 -71.8 290 0 24.0 21.5 10.0 2.5 2 0 4 5 5
769.2 -988.5 -71.9 288 0 25.1 13.9 10.0 2.5 2 0 4 3 3
702.9 -932.5 -70.8 276 0 8.9 20.5 2.5 2.5 2 1 1 1 1
723.0 -934.6 -71.1 278 0 16.5 14.1 5.0 2.5 2 0 2 3 3
546.4 -1084.8 -69.1 293 0 9.7 16.2 2.5 2.5 2 1 1 1 1
628.2 -1117.3 -70.0 291 0 19.6 17.1 10.0 2.5 2 0 4 0 0
665.4 -1136.7 -70.4 290 0 10.2 17.4 2.5 2.5 4 1 1 2 2
774.7 -1149.8 -77.4 198 0 13.6 14.8 5.0 2.5 2 1 2 0 0
782.3 -1132.1 -76.8 203 0 14.1 16.1 2.5 2.5 2 1 1 0 0
787.2 -1116.6 -75.9 199 0 13.2 15.6 5.0 2.5 2 1 2 2 2
828.8 -1116.8 -77.1 22 0 7.6 15.7 7.5 2.5 2 1 3 0 0
925.2 -960.5 -73.7 112 0 10.9 14.5 5.0 2.5 2 1 2 4 4
944.5 -968.7 -74.5 110 0 8.6 14.2 5.0 2.5 2 1 2 0 0
968.4 -784.6 -80.4 99 0 23.4 7.5 7.5 2.5 2 0 3 1 1
957.5 -767.1 -81.2 189 0 11.2 23.9 12.5 2.5 4 1 5 2 2
977.1 -712.9 -85.0 190 0 11.0 14.1 2.5 2.5 2 1 1 3 3
922.7 -474.2 -85.0 22 0 40.6 11.7 15.0 0.0 0 0 6 1 1
908.8 -505.6 -82.2 19 0 24.0 9.1 5.0 2.5 2 0 2 5 5
940.3 -433.5 -88.5 19 0 19.2 17.4 10.0 0.0 0 0 4 4 4
773.7 -625.0 -77.9 19 0 15.7 39.9 10.0 0.0 0 1 4 2 2
779.9 -601.3 -77.8 20 0 28.6 13.3 12.5 2.5 4 0 5 0 0
777.2 -506.6 -74.4 293 0 13.7 15.2 2.5 2.5 2 1 1 0 0
760.0 -504.4 -74.4 291 0 9.8 11.0 7.5 2.5 2 1 3 1 1
865.5 -453.0 -82.0 19 0 37.1 9.6 7.5 2.5 2 0 3 1 1
828.0 -475.5 -76.1 18 0 12.2 35.9 10.0 2.5 2 1 4 2 2
819.3 -500.7 -74.7 18 0 11.5 26.0 10.0 2.5 2 1 4 1 1
815.5 -485.3 -74.9 18 0 11.7 18.0 5.0 2.5 2 1 2 1 1
907.4 -69.5 -87.7 351 0 13.3 18.6 7.5 0.0 0 1 3 2 2
1007.3 -398.2 -92.8 276 0 26.3 18.8 12.5 2.5 2 0 5 5 5
1005.1 -168.9 -91.3 30 0 10.8 14.0 7.5 2.5 2 1 3 1 1
1056.2 -165.4 -93.0 21 0 8.3 24.8 7.5 2.5 2 1 3 2 2
1025.1 -237.0 -92.5 26 0 12.8 18.5 2.5 2.5 2 1 1 4 4
894.9 -661.5 -82.8 273 0 8.4 12.0 7.5 2.5 2 1 3 1 1
880.7 530.3 -88.7 354 0 8.4 17.6 7.5 2.5 2 1 3 1 1
1408.4 1061.6 -92.7 4 0 14.3 16.8 5.0 2.5 2 1 2 1 1
1411.0 1083.0 -92.7 2 0 20.1 20.0 12.5 2.5 2 0 5 0 0
1413.5 1106.6 -91.8 2 0 18.3 23.4 7.5 2.5 4 1 3 1 1
1415.6 1130.4 -90.4 2 0 17.0 23.0 12.5 2.5 4 1 5 2 2
1442.3 1082.9 -93.5 10 0 16.6 13.5 10.0 2.5 2 0 4 0 0
1434.2 1105.6 -93.1 192 0 16.3 13.4 7.5 2.5 2 0 3 0 0
1439.0 1125.8 -92.6 195 0 17.1 12.3 7.5 2.5 2 0 3 5 5
1268.5 1927.0 -84.5 283 0 13.0 17.5 5.0 2.5 2 1 2 1 1
1894.2 2905.1 -89.2 288 0 19.9 28.3 7.5 2.5 2 1 3 3 3
1856.3 2793.6 -88.1 109 0 14.1 19.9 10.0 2.5 2 1 4 5 5
1954.0 3067.3 -88.9 294 0 14.8 14.0 7.5 2.5 2 0 3 0 0
1955.1 3040.1 -89.3 24 0 14.9 14.7 5.0 2.5 2 0 2 2 2
1943.8 3026.0 -89.5 114 0 10.6 8.6 5.0 2.5 2 0 2 1 1
1922.9 3109.9 -87.5 295 0 11.9 13.1 5.0 2.5 2 1 2 2 2
1891.5 3050.6 -88.5 203 0 15.6 11.2 7.5 2.5 4 0 3 3 3
1934.0 3173.0 -86.8 295 0 15.5 9.6 7.5 2.5 2 0 3 1 1
1808.7 3214.6 -81.7 201 0 13.3 15.4 5.0 2.5 2 1 2 2 2
1818.0 3236.0 -81.1 199 0 11.9 15.2 7.5 2.5 2 1 3 2 2
1825.7 3183.9 -83.0 109 0 15.3 11.9 5.0 2.5 2 0 2 5 5
1840.3 3286.8 -81.5 201 0 11.0 12.8 7.5 2.5 4 1 3 1 1
2340.5 4263.5 -86.5 212 0 12.0 14.5 5.0 2.5 2 1 2 4 4
2334.3 4245.2 -86.7 212 0 10.3 14.3 7.5 0.0 0 1 3 4 4
2335.3 4213.3 -86.9 125 0 16.3 12.0 7.5 2.5 2 0 3 3 3
2317.9 4280.3 -85.2 27 0 12.2 16.9 7.5 2.5 2 1 3 5 5
2379.5 4237.5 -86.9 27 0 11.9 16.1 10.0 2.5 2 1 4 0 0
2373.0 4219.6 -87.2 20 0 10.9 14.1 10.0 2.5 4 1 4 0 0
2313.6 4236.6 -86.6 215 0 10.7 16.9 7.5 0.0 0 1 3 1 1
2309.0 4263.2 -85.2 28 0 10.9 13.3 10.0 2.5 2 1 4 1 1
2280.8 4281.2 -84.3 207 0 11.9 12.2 7.5 2.5 2 1 3 1 1
2298.7 4247.6 -85.2 25 0 12.3 9.1 7.5 2.5 2 0 3 1 1
2348.5 4435.9 -83.6 198 0 9.0 12.9 7.5 2.5 2 1 3 4 4
2381.0 4426.2 -84.2 15 0 10.2 12.9 7.5 2.5 4 1 3 3 3
2444.0 4387.0 -85.5 14 0 9.1 24.2 5.0 0.0 0 1 2 5 5
2230.2 4439.7 -81.6 215 0 18.4 10.6 7.5 2.5 2 0 3 2 2
2268.6 4425.4 -82.0 27 0 10.7 11.7 10.0 2.5 2 1 4 2 2
2140.0 4501.6 -78.8 205 0 25.0 13.2 10.0 2.5 4 0 4 4 4
2349.3 4690.5 -84.3 300 0 12.6 17.3 7.5 2.5 2 1 3 3 3
2534.5 4469.9 -90.5 205 0 12.5 20.5 10.0 2.5 2 1 4 5 5
2529.3 4453.7 -90.4 201 0 11.3 20.4 10.0 2.5 2 1 4 1 1
2554.8 4409.8 -91.3 23 0 48.5 23.8 10.0 2.5 2 0 4 0 0
2505.7 4389.6 -89.3 202 0 12.5 19.0 5.0 2.5 2 1 2 4 4
2511.3 4358.1 -89.1 25 0 16.4 15.2 5.0 2.5 2 0 2 4 4
2581.8 4449.4 -92.6 21 0 11.0 19.9 10.0 2.5 2 1 4 1 1
2574.7 4434.5 -92.2 21 0 9.7 20.2 7.5 0.0 0 1 3 4 4
2597.0 4484.0 -92.7 23 0 16.5 16.4 12.5 2.5 4 0 5 2 2
2572.5 4517.6 -91.5 201 0 10.0 18.3 7.5 2.5 4 1 3 1 1
2569.6 4556.8 -90.2 205 0 10.8 17.4 10.0 2.5 4 1 4 2 2
2607.3 4539.3 -91.9 23 0 10.6 19.1 5.0 2.5 2 1 2 1 1
2610.3 4515.2 -92.7 22 0 7.5 21.1 5.0 2.5 2 1 2 0 0
1523.7 1636.8 -90.0 21 0 14.6 14.9 7.5 2.5 2 1 3 5 5
1527.5 1665.0 -90.6 290 0 17.4 17.8 10.0 0.0 0 1 4 2 2
1142.9 416.4 -92.8 111 0 56.6 33.9 12.5 0.0 0 0 5 1 1
1203.4 580.9 -92.7 289 0 56.2 17.2 10.0 2.5 2 0 4 4 4
1097.7 459.8 -91.4 202 0 12.9 11.2 2.5 2.5 2 0 1 4 4
1397.7 999.4 -93.0 11 0 15.5 11.1 5.0 2.5 2 0 2 3 3
1400.9 1020.6 -92.9 6 0 15.9 10.6 5.0 2.5 4 0 2 1 1
1422.9 1154.9 -90.0 4 0 16.3 33.4 10.0 2.5 2 1 4 5 5
1422.1 1177.1 -89.2 1 0 16.0 30.0 7.5 2.5 2 1 3 0 0
1387.6 1211.1 -87.8 178 0 14.5 32.0 12.5 2.5 2 1 5 3 3
1385.7 1233.0 -87.0 181 0 14.7 31.7 10.0 2.5 4 1 4 5 5
1417.9 1257.3 -86.2 0 0 16.3 30.9 10.0 2.5 2 1 4 4 4
1444.9 1154.3 -92.2 196 0 17.3 14.6 10.0 2.5 2 0 4 0 0
1471.1 1222.6 -91.3 204 0 17.2 13.4 7.5 2.5 2 0 3 1 1
1519.2 1306.6 -92.9 209 0 119.6 37.6 12.5 0.0 0 0 5 4 4
1445.0 1230.5 -89.5 206 0 25.2 14.6 7.5 2.5 4 0 3 3 3
1472.3 1250.2 -89.4 26 0 13.1 12.6 2.5 2.5 2 0 1 5 5
1470.7 1275.5 -89.2 208 0 17.4 10.8 10.0 2.5 2 0 4 4 4
1487.1 1299.8 -89.2 204 0 15.7 7.9 7.5 2.5 2 0 3 2 2
1521.3 1337.9 -89.3 25 0 16.4 10.9 7.5 2.5 2 0 3 3 3
1454.8 1276.0 -87.5 26 0 22.3 15.1 10.0 2.5 2 0 4 4 4
1448.2 1344.8 -85.7 202 0 24.3 15.6 15.0 0.0 0 0 6 3 3
1490.4 1343.9 -87.3 27 0 17.4 13.0 7.5 2.5 2 0 3 1 1
1538.3 1374.1 -90.7 90 0 12.5 19.7 12.5 0.0 0 1 5 2 2
1537.4 1402.4 -90.7 184 0 8.4 15.7 7.5 2.5 2 1 3 5 5
1521.2 1227.9 -93.1 28 0 6.2 18.7 5.0 2.5 2 1 2 2 2
1459.5 1203.8 -91.4 209 0 22.8 16.3 10.0 2.5 2 0 4 4 4
1225.3 846.5 -91.5 199 0 10.8 22.7 10.0 2.5 2 1 4 5 5
1111.1 72.3 -93.3 240 0 17.4 18.7 10.0 2.5 2 1 4 3 3
1094.1 39.2 -93.2 204 0 14.9 19.0 7.5 2.5 2 1 3 5 5
1054.7 -17.5 -93.4 195 0 49.1 50.9 10.0 0.0 0 1 4 3 3
1265.1 1308.9 -80.2 282 0 34.4 60.3 12.5 0.0 0 1 5 3 3
1235.3 1209.9 -83.4 101 0 36.4 31.2 10.0 0.0 0 0 4 2 2
1143.9 1243.1 -79.8 103 0 114.4 61.9 12.5 0.0 0 0 5 4 4
1069.8 1324.1 -76.9 191 0 13.9 10.2 5.0 2.5 2 0 2 3 3
1066.6 1312.3 -76.7 190 0 7.2 11.4 2.5 2.5 2 1 1 5 5
1060.6 1289.4 -76.6 196 0 11.8 10.5 5.0 2.5 2 0 2 4 4
1018.7 1225.0 -75.8 23 0 11.0 16.6 5.0 2.5 2 1 2 5 5
1004.0 1183.5 -79.1 28 0 9.3 11.3 7.5 2.5 2 1 3 0 0
990.9 1171.2 -79.5 109 0 10.7 7.5 2.5 2.5 2 0 1 1 1
1010.7 1342.6 -75.8 20 0 15.8 14.9 10.0 2.5 2 0 4 1 1
1032.3 1347.9 -76.2 287 0 13.4 22.1 7.5 2.5 4 1 3 1 1
886.6 1285.6 -73.5 277 0 14.9 16.8 7.5 2.5 2 1 3 3 3
854.8 1201.5 -73.9 110 0 23.0 19.9 12.5 2.5 2 0 5 1 1
984.5 1142.8 -80.5 27 0 24.4 18.5 15.0 0.0 0 0 6 3 3
1083.8 1106.5 -83.4 293 0 16.7 17.5 10.0 2.5 2 1 4 1 1
1123.0 1080.3 -84.4 23 0 19.7 19.5 5.0 2.5 2 0 2 2 2
1032.4 1117.4 -82.0 29 0 29.4 41.6 10.0 0.0 0 1 4 3 3
938.2 1576.8 -75.7 17 0 10.6 49.7 7.5 2.5 2 1 3 3 3
882.1 1615.9 -75.4 195 0 71.2 14.6 10.0 2.5 2 0 4 4 4
950.4 1632.4 -76.2 9 0 12.5 42.7 10.0 2.5 2 1 4 1 1
947.1 1603.3 -76.1 16 0 33.4 12.3 7.5 2.5 2 0 3 2 2
929.7 1542.7 -75.4 8 0 28.1 20.2 5.0 2.5 2 0 2 2 2
823.0 1609.2 -74.3 281 0 59.8 22.0 10.0 0.0 0 0 4 4 4
823.9 1674.6 -74.3 279 0 9.4 6.3 5.0 2.5 2 0 2 0 0
800.1 1675.0 -73.9 288 0 10.9 11.2 7.5 2.5 2 1 3 1 1
875.1 1678.5 -75.3 98 0 17.8 17.6 15.0 0.0 0 0 6 0 0
923.6 1712.2 -76.4 149 0 11.4 20.0 5.0 2.5 2 1 2 2 2
948.5 1741.7 -76.8 50 0 20.0 10.3 2.5 2.5 2 0 1 3 3
961.6 1760.8 -77.0 45 0 13.2 9.9 7.5 2.5 2 0 3 4 4
960.9 1804.4 -77.2 301 0 10.9 12.0 5.0 2.5 2 1 2 2 2
942.4 1812.1 -76.9 292 0 10.4 14.0 7.5 2.5 2 1 3 1 1
921.1 1796.6 -76.6 227 0 16.6 11.0 7.5 2.5 2 0 3 4 4
896.0 1750.6 -76.0 212 0 16.1 11.5 7.5 2.5 2 0 3 0 0
893.4 1718.7 -75.8 146 0 12.7 13.4 5.0 2.5 2 1 2 3 3
893.0 1838.1 -76.2 319 0 13.6 15.3 5.0 2.5 2 1 2 4 4
904.7 1809.1 -76.3 51 0 17.6 10.2 5.0 2.5 2 0 2 4 4
891.4 1788.3 -76.0 43 0 18.7 15.1 10.0 2.5 4 0 4 2 2
873.4 1738.7 -75.5 35 0 17.8 14.7 7.5 2.5 4 0 3 3 3
858.9 1716.1 -75.3 137 0 12.0 15.5 2.5 2.5 2 1 1 3 3
864.9 1821.4 -75.8 213 0 7.1 10.8 5.0 2.5 2 1 2 3 3
871.5 1829.0 -75.9 227 0 7.0 12.0 7.5 2.5 2 1 3 3 3
853.2 1811.7 -75.5 224 0 15.1 13.4 5.0 2.5 2 0 2 3 3
836.2 1806.1 -75.2 260 0 13.0 16.7 5.0 2.5 2 1 2 2 2
841.9 1723.5 -74.8 45 0 12.4 18.3 10.0 2.5 2 1 4 3 3
812.3 1727.2 -74.5 132 0 6.9 12.2 7.5 2.5 2 1 3 2 2
790.8 1731.8 -74.1 134 0 7.6 12.3 7.5 2.5 2 1 3 2 2
770.0 1737.9 -73.8 129 0 5.3 12.2 7.5 2.5 2 1 3 3 3
766.2 1744.1 -73.7 123 0 5.6 10.0 5.0 2.5 2 1 2 0 0
748.1 1742.0 -73.4 127 0 7.5 10.7 7.5 2.5 2 1 3 1 1
743.2 1748.5 -73.2 122 0 5.3 10.9 7.5 2.5 2 1 3 3 3
821.0 1792.5 -74.8 308 0 14.3 16.2 10.0 2.5 2 1 4 1 1
754.7 1930.5 -71.4 0 0 26.1 18.2 10.0 2.5 2 0 4 2 2
815.1 1972.4 -73.0 113 0 15.2 16.6 10.0 2.5 4 1 4 5 5
829.5 2002.4 -73.1 206 0 18.3 16.8 7.5 2.5 2 0 3 0 0
872.3 2010.7 -73.6 348 0 19.9 20.9 10.0 2.5 2 1 4 2 2
888.7 2018.5 -74.1 292 0 14.5 13.6 7.5 2.5 2 0 3 0 0
907.6 2007.1 -75.3 261 0 21.8 19.4 7.5 2.5 2 0 3 2 2
910.0 1973.2 -75.2 31 0 21.9 21.2 10.0 2.5 4 0 4 4 4
839.6 1936.7 -74.5 127 0 21.1 16.8 10.0 2.5 2 0 4 4 4
823.3 2044.2 -71.9 115 0 14.6 16.4 5.0 2.5 4 1 2 4 4
802.4 2054.6 -71.2 112 0 15.7 15.8 2.5 0.0 0 1 1 5 5
776.7 2065.3 -70.4 103 0 15.4 18.1 10.0 2.5 2 1 4 0 0
753.2 2074.9 -69.8 103 0 24.2 18.4 12.5 2.5 2 0 5 2 2
914.3 2124.9 -73.7 202 0 14.8 17.5 5.0 2.5 2 1 2 1 1
929.9 2149.7 -73.9 180 0 8.3 18.5 5.0 2.5 2 1 2 0 0
958.8 2027.0 -76.5 201 0 11.9 13.4 7.5 2.5 2 1 3 0 0
1295.5 1496.9 -79.0 100 0 18.9 21.1 7.5 2.5 2 1 3 0 0
1363.1 1553.0 -78.4 13 0 31.0 34.2 10.0 0.0 0 1 4 2 2
1424.4 1770.2 -86.3 259 0 49.3 56.5 10.0 0.0 0 1 4 0 0
1370.5 1793.3 -85.4 180 0 9.7 11.7 5.0 2.5 2 1 2 4 4
1357.0 1854.5 -86.1 175 0 9.9 13.1 7.5 2.5 2 1 3 1 1
1359.6 1838.2 -86.0 183 0 12.5 12.9 7.5 2.5 2 1 3 2 2
1384.8 1844.4 -86.3 359 0 7.5 7.6 7.5 2.5 2 1 3 1 1
1346.2 1909.3 -86.2 172 0 18.5 14.0 7.5 2.5 2 0 3 5 5
1364.3 2013.4 -86.9 286 0 14.1 16.1 5.0 2.5 4 1 2 2 2
1382.3 2006.8 -87.3 294 0 11.8 17.0 7.5 2.5 4 1 3 2 2
1398.3 1994.7 -87.5 285 0 12.4 20.6 10.0 2.5 2 1 4 2 2
1415.1 1988.0 -87.8 291 0 10.9 19.2 10.0 2.5 2 1 4 5 5
1420.4 1950.1 -88.0 111 0 8.9 21.3 7.5 2.5 2 1 3 5 5
1436.5 1944.7 -88.3 103 0 10.9 19.0 5.0 2.5 2 1 2 2 2
1465.1 1964.2 -88.8 287 0 15.0 25.8 7.5 2.5 2 1 3 1 1
1484.3 1955.3 -89.2 285 0 14.6 20.4 10.0 2.5 4 1 4 5 5
1502.3 1952.5 -89.5 290 0 14.6 26.0 5.0 2.5 2 1 2 4 4
1509.2 1863.0 -89.2 12 0 17.3 16.0 7.5 2.5 2 0 3 1 1
1519.0 1975.2 -89.8 111 0 14.2 18.0 5.0 2.5 2 1 2 5 5
1499.0 1981.0 -89.6 116 0 12.0 20.2 2.5 2.5 2 1 1 5 5
1480.1 1984.3 -89.4 115 0 12.3 18.2 7.5 2.5 2 1 3 4 4
1437.6 2010.6 -88.6 112 0 12.7 16.3 7.5 2.5 2 1 3 2 2
1421.9 2019.2 -88.4 105 0 12.4 16.6 7.5 2.5 2 1 3 0 0
1402.7 2025.9 -88.0 114 0 14.2 16.5 7.5 2.5 2 1 3 2 2
1385.2 2032.4 -87.7 111 0 14.1 15.9 5.0 2.5 2 1 2 2 2
1380.5 2066.7 -87.5 290 0 11.0 16.3 7.5 2.5 2 1 3 2 2
1363.2 2062.1 -87.2 202 0 12.7 6.5 7.5 2.5 2 0 3 3 3
1353.8 2045.0 -87.0 202 0 10.8 9.9 2.5 0.0 0 0 1 3 3
1369.2 2031.9 -87.3 113 0 9.2 13.4 7.5 2.5 2 1 3 4 4
1599.2 2097.5 -90.4 117 0 18.1 11.3 7.5 2.5 2 0 3 5 5
1693.8 2389.9 -89.6 289 0 41.1 63.9 10.0 0.0 0 1 4 0 0
1661.0 2368.1 -89.0 283 0 3.7 13.4 7.5 2.5 2 1 3 3 3
1665.6 2383.1 -89.1 287 0 4.8 13.3 2.5 2.5 2 1 1 5 5
1278.0 1975.2 -84.9 288 0 10.8 13.0 10.0 2.5 2 1 4 4 4
1267.2 1979.8 -84.6 289 0 6.1 9.0 7.5 2.5 2 1 3 1 1
1298.9 1935.4 -85.2 103 0 9.9 11.4 5.0 2.5 2 1 2 3 3
1307.1 1966.9 -85.5 280 0 9.1 12.1 5.0 2.5 2 1 2 1 1
1312.4 1975.9 -85.7 106 0 8.3 10.1 5.0 2.5 2 1 2 1 1
1288.1 1998.2 -85.4 110 0 9.9 12.0 5.0 2.5 2 1 2 5 5
1259.3 2016.9 -84.8 197 0 10.0 8.5 5.0 2.5 2 0 2 5 5
1242.4 2014.5 -84.3 13 0 18.2 16.9 10.0 2.5 2 0 4 1 1
1463.0 1734.8 -85.7 205 0 14.7 10.1 7.5 2.5 2 0 3 3 3
1455.6 1717.3 -84.9 206 0 17.6 9.7 7.5 0.0 0 0 3 1 1
1448.0 1700.9 -84.4 202 0 13.6 9.6 7.5 0.0 0 0 3 4 4
1439.2 1677.9 -83.9 201 0 14.2 12.7 7.5 2.5 2 0 3 4 4
1429.9 1660.4 -83.4 195 0 10.1 13.2 10.0 2.5 2 1 4 4 4
1424.1 1638.2 -82.9 200 0 23.9 14.5 12.5 2.5 2 0 5 3 3
1407.0 1601.0 -81.6 199 0 47.5 17.7 10.0 0.0 0 0 4 5 5
1473.7 1754.2 -86.8 202 0 18.0 10.6 10.5 2.5 2 0 3 3 3
1536.2 1670.4 -91.5 108 0 17.3 10.0 5.0 2.5 2 0 2 2 2
1551.2 1686.1 -91.7 21 0 11.7 13.0 5.0 2.5 2 1 2 0 0
1566.9 1720.3 -92.5 16 0 9.8 15.1 5.0 2.5 2 1 2 2 2
1532.7 1728.4 -89.7 198 0 17.1 6.8 5.0 2.5 2 0 2 1 1
1555.5 1738.1 -91.9 202 0 7.4 9.4 7.5 2.5 2 1 3 3 3
1553.4 1752.5 -92.1 200 0 8.2 13.5 2.5 2.5 2 1 1 5 5
1558.4 1771.3 -92.5 193 0 8.9 13.8 7.5 2.5 2 1 3 3 3
1579.6 1780.1 -92.9 18 0 8.4 12.8 2.5 2.5 2 1 1 1 1
1570.2 1800.9 -93.1 195 0 12.2 15.8 5.0 2.5 2 1 2 3 3
1573.5 1816.5 -93.0 197 0 13.7 15.6 7.5 2.5 2 1 3 3 3
1579.4 1837.8 -92.8 197 0 11.7 13.7 2.5 2.5 2 1 1 4 4
1584.9 1849.7 -93.3 198 0 7.2 16.1 7.5 2.5 2 1 3 0 0
1589.3 1859.3 -93.1 198 0 8.1 11.8 5.0 2.5 2 1 2 2 2
1593.4 1868.9 -93.2 197 0 5.9 12.3 5.0 2.5 2 1 2 1 1
1593.7 1883.9 -93.1 197 0 12.0 14.3 5.0 2.5 2 1 2 4 4
1592.8 1900.8 -92.4 199 0 11.4 7.9 5.0 2.5 2 0 2 1 1
3102.2 5953.1 -91.4 114 0 26.0 15.2 5.0 2.5 2 0 2 2 2
3133.8 5938.2 -92.7 115 0 40.2 14.5 15.0 0.0 0 0 6 5 5
3159.2 5922.4 -93.0 114 0 9.0 13.7 5.0 2.5 2 1 2 0 0
3182.6 5913.0 -93.9 115 0 27.9 16.2 5.0 0.0 0 0 2 3 3
3203.5 5903.7 -94.4 113 0 12.4 15.6 7.5 2.5 2 1 3 5 5
3115.1 5989.3 -91.3 296 0 20.3 19.0 10.0 2.5 2 0 4 2 2
3141.4 5973.9 -92.4 295 0 31.6 17.4 15.0 0.0 0 0 6 2 2
3173.9 5957.1 -93.6 296 0 32.8 17.3 10.0 2.5 2 0 4 1 1
3207.3 5940.5 -94.6 297 0 33.3 16.3 12.5 2.5 2 0 5 3 3
3223.6 5893.5 -95.3 116 0 15.8 41.8 10.0 2.5 2 1 4 3 3
3152.3 5992.2 -92.0 27 0 14.0 38.7 10.0 2.5 2 1 4 5 5
3159.9 6008.6 -91.8 27 0 14.6 36.3 12.5 2.5 2 1 5 3 3
3169.2 6025.5 -91.6 26 0 14.0 37.0 10.0 2.5 2 1 4 5 5
3177.1 6043.4 -91.3 27 0 14.7 35.7 15.0 0.0 0 1 6 4 4
3196.1 5969.9 -93.5 26 0 15.0 38.0 12.5 2.5 2 1 5 2 2
3203.9 5985.5 -93.5 27 0 14.0 37.3 10.0 2.5 2 1 4 2 2
3212.3 6003.8 -93.2 25 0 14.2 35.5 10.0 2.5 2 1 4 4 4
3220.8 6021.4 -93.0 25 0 16.6 36.5 10.0 2.5 2 1 4 0 0
3189.3 6065.5 -91.3 25 0 14.7 37.3 10.0 2.5 2 1 4 4 4
3231.2 6044.4 -93.0 24 0 16.0 35.7 12.5 2.5 4 1 5 0 0
3238.7 6061.2 -93.0 24 0 14.2 36.1 10.0 2.5 2 1 4 1 1
3245.2 6042.0 -95.4 206 0 17.8 51.6 10.0 2.5 2 1 4 1 1
3234.3 6015.2 -95.4 206 0 17.6 50.5 15.0 0.0 0 0 6 2 2
3210.7 5948.1 -94.5 118 0 15.5 30.2 7.5 2.5 2 1 3 4 4
3239.3 5957.1 -95.1 115 0 11.5 14.9 5.0 2.5 2 1 2 5 5
3231.9 5941.2 -95.1 116 0 9.8 11.9 7.5 2.5 2 1 3 4 4
3244.3 5936.9 -95.6 117 0 16.4 26.4 10.0 2.5 2 1 4 4 4
3251.8 6059.1 -95.4 207 0 10.4 52.5 12.5 2.5 2 1 5 4 4
3257.5 6073.5 -95.5 206 0 16.9 55.0 12.5 2.5 2 1 5 3 3
3264.8 6088.5 -96.2 206 0 16.5 75.3 12.5 2.5 2 1 5 3 3
3338.4 6081.3 -96.3 297 0 13.6 15.1 5.0 2.5 2 0 2 1 1
3319.0 6088.7 -95.8 299 0 27.8 12.5 12.5 2.5 2 0 5 3 3
3287.8 6098.1 -94.5 210 0 12.9 12.2 5.0 2.5 2 0 2 0 0
3216.6 6097.0 -92.9 204 0 14.5 33.4 12.5 2.5 2 1 5 4 4
3329.3 6101.6 -95.7 300 0 12.4 13.6 7.5 2.5 2 1 3 3 3
3317.1 6110.0 -95.1 300 0 10.9 14.0 7.5 2.5 2 1 3 1 1
3299.2 6117.4 -94.4 297 0 12.5 13.9 5.0 2.5 2 1 2 3 3
3286.5 6126.0 -93.8 296 0 11.8 14.8 5.0 2.5 2 1 2 0 0
3221.8 6116.8 -92.9 209 0 12.7 35.7 10.0 2.5 2 1 4 2 2
3208.2 6101.9 -91.3 24 0 13.9 33.4 10.0 2.5 2 1 4 4 4
3206.3 6133.5 -91.3 300 0 28.3 13.1 12.5 2.5 2 0 5 3 3
2982.2 6156.1 -83.5 20 0 11.2 13.0 7.5 2.5 2 1 3 5 5
2947.2 6127.8 -82.4 107 0 10.1 17.9 7.5 2.5 2 1 3 2 2
2954.8 6181.1 -82.0 288 0 8.5 15.2 5.0 2.5 4 1 2 0 0
3009.4 6159.2 -85.0 296 0 7.7 10.0 7.5 2.5 2 1 3 1 1
2957.6 6054.3 -84.3 204 0 10.1 8.5 7.5 2.5 2 0 3 0 0
2960.6 6065.4 -84.4 203 0 8.9 11.8 7.5 0.0 0 1 3 5 5
3001.3 6044.6 -86.1 21 0 10.4 13.0 7.5 2.5 2 1 3 4 4
3049.1 6063.7 -88.6 115 0 10.7 12.4 2.5 2.5 4 1 1 1 1
3052.6 6108.6 -88.2 208 0 9.6 9.7 2.5 2.5 2 1 1 0 0
3083.7 6191.1 -88.1 30 0 15.3 15.0 2.5 2.5 2 0 1 5 5
3042.5 6148.6 -87.1 290 0 18.4 14.0 12.5 2.5 2 0 5 4 4
3007.4 6175.7 -84.8 112 0 12.2 15.9 7.5 2.5 2 1 3 3 3
2956.5 6211.4 -82.2 200 0 17.5 16.2 7.5 2.5 2 0 3 0 0
2953.7 6341.0 -79.5 198 0 12.6 13.3 5.0 2.5 4 1 2 1 1
2960.4 6353.8 -79.4 203 0 10.3 11.9 7.5 2.5 2 1 3 1 1
2985.7 6329.2 -80.6 17 0 13.3 14.7 5.0 2.5 2 1 2 0 0
2964.5 6364.1 -79.8 201 0 11.6 20.0 5.0 2.5 4 1 2 3 3
2943.1 6396.7 -77.3 296 0 10.0 12.4 2.5 2.5 4 1 1 2 2
2905.1 6221.8 -78.8 26 0 12.1 11.8 5.0 2.5 2 0 2 1 1
2930.5 6288.8 -79.0 24 0 14.9 9.8 5.0 2.5 2 0 2 1 1
2930.6 6424.8 -76.1 120 0 8.7 14.8 7.5 0.0 0 1 3 2 2
2810.7 6228.1 -74.3 118 0 11.2 10.9 5.0 2.5 4 0 2 5 5
2803.3 6256.2 -73.5 297 0 11.3 7.7 2.5 2.5 2 0 1 4 4
2787.7 6247.7 -73.4 206 0 13.4 15.4 5.0 2.5 2 1 2 0 0
2837.0 6379.7 -73.1 135 0 12.6 7.8 7.5 2.5 2 0 3 3 3
2847.2 6492.3 -71.6 207 0 13.0 15.4 10.0 2.5 2 1 4 0 0
2874.4 6462.0 -72.7 120 0 10.0 20.6 7.5 2.5 2 1 3 2 2
2876.0 6548.5 -73.8 210 0 11.4 20.5 7.5 2.5 2 1 3 4 4
2897.1 6487.6 -73.4 28 0 14.3 9.2 2.5 2.5 2 0 1 0 0
2911.6 6510.3 -74.3 28 0 14.5 13.3 2.5 0.0 0 0 1 1 1
2929.1 6518.5 -75.2 18 0 11.3 18.0 7.5 2.5 2 1 3 2 2
2985.9 6532.0 -78.1 299 0 10.1 14.7 5.0 2.5 2 1 2 3 3
3065.5 6378.6 -82.9 35 0 15.7 12.4 7.5 2.5 4 0 3 3 3
3110.9 6449.9 -83.6 304 0 11.7 14.2 2.5 2.5 2 1 1 1 1
3059.3 6496.5 -81.2 43 0 9.3 12.6 5.0 2.5 2 1 2 0 0
3074.7 6587.7 -80.8 195 0 14.1 14.8 5.0 2.5 2 1 2 1 1
3090.1 6633.8 -80.0 199 0 14.2 6.9 7.5 2.5 2 0 3 4 4
3128.8 6679.1 -80.1 16 0 10.7 13.2 5.0 2.5 2 0 2 3 3
3132.5 6690.2 -79.9 22 0 13.0 13.5 5.0 2.5 2 0 2 3 3
3137.5 6706.9 -79.8 15 0 13.2 15.1 7.5 2.5 2 1 3 5 5
3186.9 6670.2 -82.4 14 0 15.3 18.2 7.5 2.5 2 1 3 0 0
3207.7 6650.9 -83.9 111 0 23.8 11.7 12.5 2.5 2 0 5 3 3
3201.4 6670.9 -83.4 196 0 11.9 14.5 7.5 0.0 0 0 3 1 1
3233.8 6612.8 -85.4 18 0 24.8 12.2 7.5 2.5 2 0 3 1 1
3257.0 6700.6 -84.2 18 0 22.3 13.2 7.5 2.5 2 0 3 1 1
3250.3 6617.0 -86.3 197 0 14.3 12.4 5.0 2.5 2 0 2 2 2
3237.1 6579.3 -86.7 198 0 11.5 11.7 5.0 2.5 2 0 2 3 3
3237.7 6561.3 -86.7 111 0 10.7 10.9 5.0 2.5 2 0 2 5 5
3282.1 6729.8 -86.0 201 0 12.6 18.7 10.0 2.5 4 1 4 5 5
3307.4 6725.5 -86.3 281 0 9.4 16.4 7.5 0.0 0 1 3 3 3
3334.6 6119.4 -95.6 119 0 13.0 15.1 2.5 2.5 2 1 1 1 1
3322.3 6129.9 -95.0 119 0 11.4 15.5 5.0 2.5 2 1 2 4 4
3306.1 6136.3 -94.4 121 0 13.3 16.1 7.5 2.5 2 1 3 4 4
3294.9 6146.6 -93.9 120 0 12.1 15.3 2.5 2.5 2 1 1 2 2
3279.4 6154.0 -93.3 120 0 13.0 16.1 5.0 2.5 2 1 2 4 4
3264.7 6158.2 -92.7 118 0 12.3 16.1 7.5 2.5 2 1 3 1 1
3354.9 6140.9 -96.0 300 0 13.7 11.3 10.0 2.5 2 0 4 4 4
3340.6 6149.2 -95.3 301 0 11.3 10.4 7.5 2.5 2 0 3 5 5
3328.4 6156.4 -94.8 300 0 13.1 10.6 7.5 0.0 0 0 3 5 5
3354.1 6150.6 -96.0 212 0 11.6 12.6 5.0 2.5 2 1 2 3 3
3339.7 6159.3 -95.4 211 0 11.2 12.4 5.0 2.5 4 1 2 2 2
3334.4 6167.8 -94.9 298 0 13.2 12.6 2.5 0.0 0 0 1 1 1
3311.9 6167.3 -94.1 302 0 13.4 11.8 2.5 2.5 4 0 1 0 0
3320.8 6168.7 -94.2 32 0 11.7 13.6 5.0 2.5 2 0 2 1 1
3303.6 6189.1 -93.5 302 0 11.5 23.1 10.0 0.0 0 1 4 3 3
3268.6 6206.7 -92.3 301 0 26.9 22.7 12.5 0.0 0 0 5 0 0
3226.3 5998.8 -95.4 205 0 18.5 50.1 12.5 2.5 2 0 5 3 3
3008.6 5643.2 -91.1 293 0 23.5 17.4 10.0 2.5 4 0 4 4 4
2984.3 5697.5 -89.4 202 0 15.9 29.9 10.0 2.5 2 1 4 1 1
3033.5 5684.4 -91.4 290 0 28.9 14.7 12.5 2.5 4 0 5 4 4
3066.2 5672.3 -93.0 291 0 31.3 16.5 10.0 2.5 2 0 4 2 2
3111.0 5644.6 -94.6 23 0 13.9 30.9 15.0 0.0 0 1 6 4 4
2988.1 5667.2 -89.7 110 0 28.0 15.4 10.0 2.5 2 0 4 3 3
3013.4 5657.2 -91.0 113 0 26.3 15.3 12.5 2.5 2 0 5 3 3
3039.3 5646.6 -92.3 112 0 29.2 14.9 12.5 2.5 2 0 5 3 3
3055.4 5647.9 -93.5 200 0 14.3 27.1 15.0 0.0 0 0 6 4 4
3106.0 5628.0 -94.7 22 0 14.8 27.3 12.5 2.5 2 0 5 0 0
2866.1 5929.1 -82.0 209 0 12.3 15.3 7.5 2.5 2 1 3 5 5
2864.5 5875.3 -82.5 302 0 11.9 15.4 5.0 0.0 0 1 2 0 0
2830.5 5861.0 -81.2 300 0 9.6 14.7 7.5 2.5 2 1 3 2 2
2830.9 5828.7 -81.8 32 0 12.9 11.0 2.5 2.5 2 0 1 5 5
2795.7 5842.1 -80.2 120 0 10.7 12.7 7.5 2.5 2 1 3 3 3
2886.2 5793.5 -85.3 111 0 10.1 12.7 5.0 2.5 2 1 2 2 2
2890.8 5828.6 -84.7 292 0 9.2 14.0 5.0 2.5 2 1 2 5 5
2956.5 5825.2 -86.3 112 0 14.1 17.6 10.0 2.5 2 1 4 5 5
2913.5 5918.3 -83.7 24 0 10.1 8.5 2.5 2.5 2 0 1 2 2
2932.1 5830.7 -85.9 119 0 9.1 12.0 2.5 2.5 2 1 1 3 3
2918.1 5834.1 -85.7 112 0 7.3 15.2 7.5 2.5 2 1 3 4 4
2950.7 5810.2 -86.3 295 0 16.9 16.0 10.0 2.5 2 0 4 1 1
2908.9 5785.3 -85.9 113 0 10.6 15.2 10.0 0.0 0 1 4 3 3
2913.1 5738.7 -85.9 22 0 14.9 12.9 7.5 2.5 2 0 3 1 1
2856.6 5755.4 -84.9 113 0 13.8 12.2 7.5 2.5 2 0 3 1 1
2820.1 5776.0 -83.2 197 0 11.2 13.1 5.0 2.5 2 1 2 4 4
2914.3 5857.8 -85.0 287 0 6.2 7.3 5.0 2.5 2 1 2 5 5
2958.8 5919.2 -88.1 209 0 17.7 42.1 10.0 2.5 2 1 4 3 3
2911.6 5932.5 -83.9 213 0 9.0 8.7 7.5 2.5 2 0 3 3 3
2991.9 5969.6 -87.2 206 0 14.7 7.2 7.5 2.5 2 0 3 3 3
2999.6 5965.8 -87.6 205 0 13.8 6.2 7.5 2.5 2 0 3 5 5
3020.8 5953.7 -88.5 24 0 20.1 17.1 7.5 2.5 2 0 3 1 1
2907.3 6031.6 -81.9 290 0 9.9 14.4 5.0 2.5 2 1 2 5 5
2895.4 6033.4 -81.2 289 0 6.4 12.4 2.5 2.5 2 1 1 4 4
2881.5 6043.3 -80.4 294 0 8.3 12.8 7.5 2.5 2 1 3 0 0
2868.3 6046.2 -79.8 291 0 10.4 13.1 2.5 2.5 2 1 1 3 3
2847.4 5992.6 -79.6 112 0 9.5 22.6 5.0 2.5 2 1 2 5 5
2809.3 5920.9 -79.0 118 0 14.4 10.2 5.0 2.5 2 0 2 0 0
2783.2 5914.9 -77.9 299 0 11.1 14.4 2.5 2.5 2 1 1 1 1
2772.8 5923.4 -77.2 302 0 9.5 13.4 7.5 2.5 2 1 3 1 1
2746.3 5906.4 -76.5 300 0 11.3 13.2 2.5 2.5 2 1 1 2 2
-1743.8 -9917.0 -83.4 308 0 11.5 20.4 14.0 3.5 2 1 4 5 5
-1880.5 -9835.6 -83.4 305 0 8.2 10.6 10.5 0.0 0 1 3 4 4
-1876.0 -9942.6 -86.0 216 0 43.4 16.2 14.0 3.5 2 0 4 2 2
-1864.2 -9913.5 -83.9 36 0 13.2 47.5 14.0 3.5 2 0 4 5 5
-1896.9 -9870.3 -84.3 305 0 10.6 19.4 14.0 3.5 2 1 4 0 0
-1928.3 -9901.5 -84.9 125 0 16.1 21.6 14.0 3.5 2 1 4 5 5
-1959.5 -9895.0 -86.1 35 0 20.7 16.3 14.0 3.5 2 0 4 5 5
-1947.2 -9877.3 -85.7 35 0 20.7 16.4 14.0 3.5 2 0 4 5 5
-3365.5 -9845.5 -71.7 23 0 11.5 21.4 14.0 0.0 0 1 4 1 1
-3516.1 -9762.0 -71.5 291 0 12.3 21.4 14.0 0.0 0 1 4 3 3
-3417.0 -9658.4 -79.3 20 0 12.2 17.5 10.5 0.0 0 1 3 3 3
-3429.3 -9693.5 -77.4 20 0 12.2 17.6 10.5 0.0 0 1 3 4 4
-3470.4 -9765.3 -73.6 110 0 10.4 21.0 10.5 0.0 0 1 3 0 0
-3443.6 -9729.6 -75.4 20 0 12.2 17.5 10.5 0.0 0 1 3 2 2
-3373.3 -9807.3 -73.8 110 0 10.4 21.0 14.0 0.0 0 1 4 0 0
-3344.4 -9772.0 -75.7 20 0 12.2 17.5 14.0 0.0 0 1 4 0 0
-3331.5 -9736.0 -77.6 20 0 12.2 17.5 14.0 0.0 0 1 4 4 4
-3321.3 -9698.9 -79.6 20 0 12.2 17.5 14.0 0.0 0 1 4 2 2
-3335.6 -9625.7 -83.1 111 0 11.6 21.2 14.0 0.0 0 1 4 3 3
-3239.2 -9551.6 -87.9 196 0 7.2 6.5 10.5 3.5 2 0 3 3 3
-3319.5 -9515.8 -89.0 118 0 28.2 30.8 14.0 0.0 0 1 4 1 1
-3353.2 -9499.3 -89.1 117 0 25.6 33.0 14.0 0.0 0 1 4 2 2
-3272.4 -9687.1 -80.8 214 0 15.0 51.9 14.0 3.5 2 1 4 1 1
-3209.2 -9687.9 -82.6 34 0 15.0 51.9 14.0 0.0 0 1 4 4 4
1211.9 3737.5 -33.1 340 0 13.0 18.1 5.0 2.5 2 1 2 0 0
-2249.8 -9221.9 -89.6 241 0 22.9 22.8 14.0 3.5 2 0 4 3 3
-3315.2 -9947.7 -67.4 7 0 3.5 5.5 10.5 0.0 0 1 3 0 0
1424.5 1344.6 -83.6 5 0 34.1 7.2 7.5 2.5 2 0 3 0 0
2450.8 9477.7 65.7 98 0 41.5 29.8 10.0 0.0 0 0 4 5 5
-943.1 -7812.7 -5.3 90 0 13.4 20.7 10.0 2.5 2 1 4 5 5
-1537.9 -10153.9 -87.6 117 0 11.7 26.6 14.0 3.5 4 1 4 5 5
-1527.6 -10087.3 -85.7 297 0 44.4 28.6 14.0 0.0 0 0 4 5 5
-1324.5 -9471.0 -46.7 16 0 24.9 32.6 14.0 0.0 0 1 4 3 3
-1131.0 -8500.2 -6.5 190 0 29.9 10.6 14.0 3.5 2 0 4 3 3
-1078.9 -8536.1 -5.8 280 0 14.1 21.3 14.0 3.5 2 0 4 2 2
-1081.0 -8485.1 -5.6 9 0 17.1 17.5 14.0 3.5 2 1 4 5 5
-676.8 -6807.4 -39.3 99 0 7.0 10.5 5.0 2.5 2 1 2 3 3
-3181.0 -3917.5 -15.7 165 0 11.4 10.8 5.0 2.5 2 0 2 1 1
-3970.8 -3559.3 -7.9 271 0 6.1 6.3 2.5 2.5 2 1 1 3 3
-6600.0 -8590.4 -31.4 208 0 30.9 10.2 10.0 2.5 2 0 4 0 0
-6606.2 -8590.7 -31.0 28 0 34.3 10.0 10.0 2.5 2 0 4 0 0
-6651.3 -8658.3 -27.4 210 0 30.8 8.5 7.5 2.5 2 0 3 2 2
-6758.3 -8842.7 -19.1 211 0 15.6 8.4 7.5 0.0 0 0 3 0 0
4253.6 7844.3 -98.5 301 0 93.0 11.4 10.0 2.5 2 0 4 5 5
-738.6 -10257.5 -50.1 124 0 18.9 30.9 14.0 3.5 2 1 4 1 1
-756.4 -10245.3 -51.5 124 0 18.9 30.9 14.0 3.5 2 1 4 2 2
-773.4 -10231.8 -51.9 124 0 18.9 30.9 14.0 3.5 2 1 4 5 5
604.0 3199.4 -19.7 340 0 12.5 16.9 7.5 2.5 2 1 3 5 5
3147.4 6372.7 -87.2 290 0 10.4 32.7 10.0 2.5 2 1 4 3 3
3132.5 6377.6 -86.3 292 0 11.7 14.2 5.0 0.0 0 1 2 3 3
3156.4 6387.3 -87.1 111 0 14.2 15.3 10.0 2.5 2 1 4 3 3
3138.3 6391.3 -86.2 111 0 12.3 14.6 5.0 2.5 2 1 2 0 0
3170.6 6421.8 -87.0 291 0 11.9 16.1 5.0 2.5 4 1 2 0 0
3012.3 6413.3 -80.8 199 0 16.0 20.3 7.5 2.5 2 1 3 4 4
3087.0 6671.7 -79.1 104 0 23.2 22.0 10.0 2.5 2 0 4 5 5
3090.7 6727.7 -79.1 194 0 22.1 23.2 12.5 2.5 2 1 5 1 1
3041.4 6987.6 -82.6 284 0 18.5 22.5 12.5 2.5 2 1 5 5 5
3033.0 7072.8 -82.7 17 0 19.7 12.0 2.5 2.5 2 0 1 3 3
3040.0 7097.1 -82.8 17 0 19.6 12.0 5.0 2.5 2 0 2 1 1
3046.7 7120.5 -82.6 17 0 19.6 12.0 2.5 2.5 2 0 1 3 3
3109.3 7118.0 -86.5 197 0 16.2 14.8 5.0 0.0 0 0 2 2 2
3112.3 7088.9 -86.4 17 0 17.1 10.8 5.0 2.5 2 0 2 1 1
-626.3 -9337.9 -20.1 104 0 23.7 13.5 14.0 3.5 2 0 4 1 1
-673.4 -9324.9 -21.9 104 0 23.7 13.5 14.0 3.5 2 0 4 0 0
-703.8 -9316.1 -22.9 104 0 23.7 13.5 14.0 3.5 4 0 4 4 4
-707.6 -9329.7 -23.6 284 0 23.7 13.5 14.0 3.5 2 0 4 0 0
-677.7 -9337.4 -22.6 284 0 23.8 13.5 14.0 3.5 2 0 4 1 1
