5821.9 7703.4 -86.5 159 0 23.4 51.3 14.0 3.5 2 1 4 5 5
5578.5 6020.8 143.4 271 0 12.4 25.8 7.5 2.5 2 1 3 0 0
4954.6 6819.7 -57.3 243 0 29.8 19.6 17.5 3.5 2 0 5 5 5
4108.2 6687.8 -95.2 155 0 46.8 18.8 14.0 3.5 2 0 4 1 1
4143.2 6639.3 -92.1 335 0 28.4 63.3 14.0 0.0 0 1 4 4 4
5439.1 8011.9 -127.2 73 0 19.0 42.8 10.5 3.5 2 1 3 1 1
6437.6 8945.3 -121.9 310 0 38.8 188.9 10.0 0.0 0 1 4 4 4
6502.9 -4285.6 -9.0 240 0 19.9 11.9 5.0 2.5 4 0 2 2 2
5155.2 7580.7 -83.9 232 0 17.9 14.8 17.5 0.0 0 0 5 5 5
4715.4 6931.2 -78.0 145 0 13.0 16.9 17.5 3.5 2 1 5 3 3
4221.2 6772.6 -101.0 242 0 25.2 20.8 14.0 3.5 2 0 4 4 4
5444.0 3364.8 52.5 359 0 9.6 12.9 5.0 0.0 0 1 2 3 3
-1505.1 5814.9 -125.4 336 0 16.4 21.9 10.0 2.5 2 1 4 2 2
-3816.1 6745.0 -95.4 121 0 6.5 13.4 5.0 2.5 2 1 2 1 1
-4365.1 6912.1 -83.7 147 0 10.7 14.7 5.0 2.5 2 1 2 3 3
-6733.6 -881.8 -77.4 100 0 4.3 5.9 2.5 2.5 2 1 1 4 4
4448.0 9830.7 -157.8 154 0 8.9 10.9 7.5 2.5 2 1 3 2 2
-4057.6 8469.9 -73.8 64 0 19.8 16.2 12.5 2.5 2 0 5 4 4
-6500.6 9990.8 -115.8 68 0 18.6 14.0 10.0 2.5 2 0 4 2 2
5711.8 7567.9 -81.8 159 0 15.5 40.9 10.5 3.5 2 1 3 5 5
5694.4 7600.0 -86.0 352 0 25.7 23.2 10.5 3.5 4 0 3 5 5
5549.5 7533.5 -83.9 337 0 21.2 28.6 14.0 0.0 0 1 4 5 5
5238.2 7577.8 -88.4 256 0 20.8 26.5 14.0 3.5 2 1 4 5 5
5206.3 7459.7 -81.1 236 0 27.4 20.9 14.0 3.5 2 0 4 5 5
5165.0 7285.9 -75.4 73 0 19.9 28.7 14.0 3.5 2 1 4 2 2
5183.9 7320.8 -75.1 255 0 20.1 28.6 14.0 3.5 2 1 4 4 4
5223.0 7317.0 -74.8 345 0 29.5 19.5 14.0 3.5 2 0 4 3 3
5084.7 7443.6 -74.2 248 0 49.4 18.7 17.5 3.5 2 0 5 1 1
5208.0 7094.2 -59.0 46 0 11.4 20.4 17.5 3.5 2 1 5 1 1
4804.5 7132.6 -81.7 333 0 12.6 30.3 14.0 3.5 2 1 4 2 2
4809.5 7160.8 -77.4 148 0 30.8 14.8 14.0 3.5 2 0 4 4 4
4733.4 7146.8 -85.8 343 0 22.8 22.9 14.0 3.5 2 1 4 2 2
4718.5 7088.2 -88.3 63 0 25.9 14.0 17.5 3.5 2 0 5 1 1
4596.4 6957.6 -90.7 344 0 38.3 36.9 17.5 0.0 0 0 5 2 2
5032.6 7955.4 -97.7 338 0 18.8 19.5 17.5 3.5 4 1 5 2 2
5012.1 7974.2 -99.2 338 0 18.8 19.5 17.5 3.5 4 1 5 5 5
5014.0 8000.6 -101.4 338 0 18.8 19.5 17.5 3.5 2 1 5 1 1
5005.6 8024.2 -102.9 336 0 15.1 28.6 17.5 3.5 2 1 5 5 5
5493.0 7955.7 -115.5 350 0 28.1 21.8 17.5 0.0 0 0 5 5 5
5433.8 7930.5 -116.1 80 0 21.8 28.1 17.5 0.0 0 1 5 3 3
5456.1 7952.0 -115.9 79 0 19.8 12.5 17.5 3.5 2 0 5 2 2
6465.0 8959.1 -107.9 131 0 24.5 41.6 10.0 0.0 0 1 4 3 3
6389.8 9023.2 -116.9 130 0 99.0 40.0 10.0 0.0 0 0 4 2 2
2829.3 6693.2 -138.8 86 0 7.9 10.7 5.0 2.5 2 1 2 4 4
3272.5 6749.5 -114.1 340 0 8.3 18.4 10.5 3.5 2 1 3 5 5
3272.4 6730.0 -114.6 70 0 22.4 7.9 10.5 3.5 4 0 3 2 2
3267.1 6674.1 -117.7 182 0 15.2 21.3 12.5 2.5 2 1 5 2 2
3274.3 6623.6 -120.4 90 0 20.7 16.3 10.0 2.5 2 0 4 0 0
-153.0 10345.1 -102.2 261 0 17.2 54.0 7.5 2.5 2 1 3 4 4
-45.4 10412.6 -105.2 195 0 48.9 14.8 7.5 2.5 2 0 3 5 5
4601.0 7313.8 -81.5 327 0 27.0 25.1 17.5 0.0 0 0 5 4 4
4105.5 8236.8 -152.6 159 0 8.5 7.6 10.5 3.5 2 0 3 3 3
4158.7 7212.3 -98.3 89 0 49.2 17.0 17.5 0.0 0 0 5 3 3
4647.5 7286.9 -80.7 57 0 25.3 83.0 14.0 0.0 0 1 4 2 2
4554.9 7249.9 -85.3 327 0 13.6 11.7 16.0 3.5 2 0 4 1 1
4533.8 7245.6 -86.2 236 0 8.8 14.6 12.0 3.5 2 1 3 2 2
4571.0 7268.1 -83.5 237 0 25.1 13.3 14.0 0.0 0 0 4 0 0
4615.7 7290.0 -81.9 328 0 13.6 24.6 17.5 3.5 2 1 5 2 2
4581.7 7336.0 -80.8 327 0 13.9 20.7 17.5 3.5 2 1 5 5 5
4562.6 7304.6 -82.9 327 0 50.1 24.9 14.0 3.5 2 0 4 0 0
4531.3 7285.0 -84.2 327 0 49.6 23.9 17.5 3.5 2 0 5 2 2
4503.6 7237.9 -86.7 58 0 24.1 48.5 17.5 3.5 2 1 5 3 3
4472.7 7219.0 -89.4 57 0 23.5 47.7 17.5 3.5 2 1 5 5 5
4442.2 7333.5 -85.4 237 0 24.2 42.0 17.5 0.0 0 1 5 2 2
4494.2 7340.9 -83.3 328 0 41.8 23.5 17.5 0.0 0 0 5 5 5
4525.6 7360.9 -81.6 327 0 42.3 24.9 14.0 0.0 0 0 4 3 3
4552.3 7377.9 -80.2 327 0 42.3 20.4 14.0 3.5 2 0 4 1 1
4778.1 7741.6 -82.1 90 0 8.4 8.7 10.5 3.5 2 1 3 1 1
5409.9 8007.8 -127.8 72 0 20.9 37.6 10.5 0.0 0 1 3 4 4
5970.2 7960.5 -94.3 314 0 17.6 14.6 14.0 3.5 4 0 4 2 2
-4565.9 -470.9 -77.9 71 0 21.7 17.5 12.5 2.5 2 0 5 4 4
724.3 6481.8 -140.1 264 0 12.7 26.8 7.5 2.5 2 1 3 5 5
-1064.4 5905.9 -133.0 335 0 13.9 24.8 10.0 2.5 4 1 4 2 2
-1707.7 5770.4 -124.5 53 0 15.4 8.7 3.5 2.5 2 0 1 1 1
-1726.6 5821.0 -125.6 266 0 8.9 18.1 7.0 2.5 4 1 2 0 0
-1687.6 5784.2 -124.7 67 0 23.1 16.6 7.5 0.0 0 0 3 4 4
5037.7 7528.9 -75.1 251 0 35.7 20.7 14.0 0.0 0 0 4 5 5
-5234.1 10006.8 -85.6 240 0 14.6 13.4 2.5 2.5 2 0 1 4 4
3991.8 -5211.9 17.5 119 0 11.8 29.3 12.5 2.5 2 1 5 1 1
6186.9 -3460.9 4.9 279 0 75.9 100.7 12.5 0.0 0 1 5 1 1
-396.9 6347.2 -136.9 189 0 11.8 4.8 7.5 2.5 2 0 3 0 0
4642.9 4542.5 144.8 167 0 10.4 9.9 7.5 2.5 2 0 3 5 5
429.6 2116.4 -121.4 63 0 10.0 8.0 7.5 2.5 2 0 3 4 4
-5698.2 -963.7 -64.0 99 0 6.0 15.0 5.0 2.5 2 1 2 1 1
-6322.7 -1278.3 -89.6 185 0 10.9 3.4 7.5 2.5 2 0 3 5 5
1270.2 3004.3 -48.5 24 0 11.6 7.6 7.5 2.5 2 0 3 1 1
918.3 10368.3 -121.1 86 0 15.9 15.6 7.5 2.5 4 0 3 0 0
894.2 10354.6 -120.7 86 0 15.8 15.6 5.0 2.5 2 0 2 0 0
871.7 10342.4 -120.3 86 0 15.9 15.6 2.5 2.5 4 0 1 3 3
850.1 10332.6 -120.0 86 0 15.8 15.6 2.5 2.5 2 0 1 2 2
826.7 10323.4 -119.6 86 0 15.9 15.6 5.0 2.5 2 0 2 5 5
805.4 10316.3 -119.3 86 0 15.9 15.6 5.0 2.5 2 0 2 3 3
782.6 10309.1 -118.9 86 0 15.9 15.6 5.0 0.0 0 0 2 0 0
759.8 10309.7 -118.5 86 0 15.9 15.6 7.5 0.0 0 0 3 5 5
735.3 10328.0 -118.2 266 0 15.8 15.6 5.0 2.5 2 0 2 1 1
715.5 10288.4 -117.8 86 0 15.9 15.6 2.5 2.5 2 0 1 0 0
692.4 10267.3 -117.5 86 0 15.9 15.6 5.0 0.0 0 0 2 4 4
748.7 10392.3 -118.4 176 0 15.6 15.9 2.5 2.5 2 1 1 1 1
777.6 10424.5 -118.7 266 0 15.8 15.6 5.0 2.5 2 0 2 3 3
802.5 10432.8 -119.1 266 0 15.9 15.6 7.5 2.5 2 0 3 5 5
827.3 10437.8 -119.5 266 0 15.9 15.6 10.0 2.5 2 0 4 3 3
853.0 10441.7 -119.9 266 0 15.9 15.6 7.5 2.5 4 0 3 3 3
880.3 10447.1 -120.4 266 0 15.8 15.6 10.0 2.5 2 0 4 5 5
910.1 10444.7 -120.9 266 0 15.9 15.6 7.5 2.5 2 0 3 1 1
965.7 10432.1 -121.6 356 0 15.6 15.9 7.5 2.5 2 1 3 2 2
959.8 10393.5 -121.7 86 0 15.9 15.6 5.0 2.5 2 0 2 2 2
5081.1 3538.0 83.5 329 0 7.6 7.6 7.5 2.5 2 0 3 2 2
5076.3 3629.0 87.5 49 0 11.3 11.1 10.0 2.5 2 0 4 5 5
3086.4 10461.1 -148.2 135 0 9.6 8.5 5.0 2.5 2 0 2 0 0
3135.1 10468.6 -148.5 317 0 10.3 10.6 2.5 2.5 2 1 1 0 0
3038.3 10381.3 -146.4 137 0 5.7 9.8 5.0 2.5 2 1 2 5 5
3049.0 10375.3 -146.3 136 0 9.4 12.4 7.5 2.5 2 1 3 4 4
2914.2 10452.3 -147.4 141 0 6.8 12.3 2.5 2.5 2 1 1 1 1
2939.1 10446.1 -148.0 322 0 12.3 15.2 5.0 2.5 2 1 2 4 4
2930.3 10398.4 -147.5 42 0 12.1 12.8 10.0 2.5 2 1 4 5 5
4105.6 8864.8 -153.0 222 0 10.1 5.9 5.0 2.5 2 0 2 5 5
4101.9 8850.4 -153.0 43 0 13.4 7.4 7.5 2.5 2 0 3 0 0
4088.9 8834.6 -153.0 42 0 20.7 10.2 5.0 2.5 4 0 2 1 1
4093.5 8875.3 -153.1 45 0 11.4 9.3 7.5 2.5 2 0 3 3 3
4082.0 8865.0 -153.1 46 0 12.7 10.3 7.5 2.5 2 0 3 1 1
3981.3 8764.6 -150.8 40 0 10.7 10.8 2.5 2.5 2 1 1 0 0
3928.9 8779.9 -150.2 138 0 13.1 10.0 7.5 2.5 2 0 3 3 3
3908.3 8581.1 -151.7 222 0 15.2 9.6 10.5 3.5 2 0 3 3 3
4114.7 9846.2 -151.9 96 0 38.9 7.0 7.5 2.5 2 0 3 1 1
4116.8 9829.0 -151.8 95 0 34.2 14.7 10.0 2.5 2 0 4 5 5
4125.4 9886.0 -152.1 292 0 19.7 20.0 7.5 2.5 2 1 3 2 2
4176.2 9851.5 -152.7 7 0 11.7 40.2 7.5 2.5 2 1 3 0 0
4190.0 9854.7 -153.4 186 0 13.2 19.3 15.0 0.0 0 1 6 0 0
4237.3 9878.5 -154.2 274 0 7.6 14.8 7.5 2.5 2 1 3 2 2
4234.1 9893.8 -154.2 6 0 11.4 19.3 5.0 2.5 2 1 2 4 4
2839.5 10420.6 -147.7 141 0 6.8 15.6 2.5 2.5 2 1 1 4 4
2922.3 10369.1 -145.9 35 0 6.7 14.7 7.5 2.5 2 1 3 0 0
3699.1 8971.8 -147.9 61 0 20.9 36.2 7.5 0.0 0 1 3 2 2
3859.3 8723.1 -148.2 43 0 23.9 12.0 10.0 2.5 2 0 4 2 2
3862.8 8760.5 -148.5 314 0 11.1 23.2 10.0 2.5 4 1 4 3 3
3803.4 8694.1 -148.4 222 0 10.1 29.6 12.5 2.5 2 1 5 5 5
3793.7 8682.8 -148.3 223 0 14.6 29.4 12.5 2.5 2 1 5 4 4
3782.7 8671.3 -148.2 224 0 11.2 30.0 7.5 2.5 2 1 3 4 4
3773.0 8661.9 -148.2 225 0 12.0 30.6 10.0 2.5 2 1 4 3 3
3523.1 8666.7 -141.7 308 0 12.1 8.7 5.0 2.5 2 0 2 1 1
3525.1 8641.0 -142.8 306 0 14.6 15.3 5.0 2.5 2 1 2 4 4
3547.8 8629.7 -143.5 307 0 14.0 12.0 2.5 2.5 2 0 1 3 3
3211.8 8463.1 -149.4 156 0 6.6 8.3 5.0 2.5 2 1 2 2 2
3191.2 8456.2 -148.7 247 0 8.0 9.7 7.5 2.5 2 1 3 1 1
3283.1 8449.0 -149.1 157 0 12.6 8.5 2.5 2.5 2 0 1 0 0
3163.4 8512.2 -148.4 6 0 6.1 11.8 7.5 2.5 2 1 3 2 2
3224.2 8439.5 -149.4 66 0 6.8 11.8 5.0 2.5 2 1 2 1 1
3347.7 8461.3 -148.1 67 0 10.1 6.5 7.5 2.5 2 0 3 5 5
3480.9 8617.9 -142.9 220 0 7.3 6.8 5.0 2.5 2 0 2 3 3
3078.8 8518.9 -146.3 333 0 8.0 6.9 7.5 2.5 2 0 3 5 5
3121.7 8442.8 -146.9 63 0 11.5 9.4 2.5 2.5 2 0 1 2 2
2893.9 -7208.5 20.9 330 0 11.5 27.6 10.0 2.5 2 1 4 5 5
2859.0 -7398.1 18.8 325 0 13.5 4.4 5.0 2.5 2 0 2 1 1
2837.4 -7360.9 21.4 325 0 8.9 4.6 7.5 2.5 2 0 3 0 0
2093.8 -7424.2 48.0 271 0 7.7 14.0 5.0 2.5 2 1 2 5 5
1916.1 -7672.1 33.3 4 0 10.5 12.5 10.0 0.0 0 1 4 2 2
2167.8 -7586.5 41.0 80 0 9.3 9.3 7.5 2.5 2 0 3 2 2
2176.1 -7552.1 41.8 302 0 11.5 16.0 2.5 2.5 2 1 1 4 4
2145.9 -7483.6 45.3 96 0 7.4 20.5 7.5 2.5 2 1 3 5 5
2151.3 -7432.6 46.2 359 0 12.5 9.2 7.5 2.5 2 0 3 1 1
2244.6 -7500.0 41.0 98 0 14.9 29.3 10.0 2.5 2 1 4 1 1
2268.4 -7450.8 40.8 275 0 35.4 13.7 10.0 2.5 4 0 4 4 4
2012.2 -7703.1 34.2 191 0 8.2 19.2 7.5 2.5 2 1 3 5 5
2049.3 -7637.9 38.5 288 0 11.5 13.6 2.5 2.5 4 1 1 3 3
2055.2 -7473.8 49.1 184 0 7.9 6.1 5.0 2.5 2 0 2 3 3
2097.7 -7484.0 47.2 90 0 11.4 16.0 7.5 2.5 2 1 3 4 4
2070.3 -7534.0 46.0 270 0 9.1 7.4 5.0 2.5 2 0 2 2 2
2065.0 -7569.9 44.6 136 0 11.6 17.6 5.0 2.5 2 1 2 0 0
2800.2 -7282.1 25.3 59 0 12.3 14.4 7.5 2.5 2 1 3 3 3
2849.4 -7206.5 23.0 238 0 7.7 21.2 2.5 2.5 2 1 1 5 5
2856.9 -7243.0 22.7 58 0 12.4 11.5 7.5 2.5 2 0 3 0 0
4284.8 -9160.4 -93.1 105 0 19.3 10.1 7.5 2.5 2 0 3 1 1
4273.0 -9129.8 -92.9 196 0 8.5 14.0 7.5 2.5 2 1 3 1 1
4207.1 -9184.0 -93.7 202 0 11.0 10.2 5.0 2.5 2 0 2 3 3
4252.1 -9198.1 -95.3 270 0 11.0 15.1 5.0 2.5 2 1 2 2 2
4233.1 -9217.3 -95.4 58 0 11.0 13.0 2.5 2.5 2 1 1 1 1
4211.8 -9233.0 -96.5 186 0 10.7 12.9 5.0 2.5 2 1 2 0 0
1850.4 -7540.7 39.4 182 0 9.7 28.2 7.5 2.5 2 1 3 2 2
1809.5 -7472.0 42.4 92 0 19.7 12.7 10.0 0.0 0 0 4 3 3
2000.0 -7593.7 40.7 183 0 10.9 8.4 7.5 2.5 2 0 3 1 1
2016.0 -7548.7 43.6 271 0 14.1 13.2 2.5 2.5 2 0 1 3 3
3042.9 -6963.2 22.6 104 0 9.0 17.6 5.0 2.5 2 1 2 2 2
3116.5 -6924.9 21.5 16 0 11.2 43.6 10.0 2.5 2 1 4 2 2
3105.0 -6942.9 22.0 16 0 8.7 37.3 7.5 2.5 2 1 3 2 2
3064.2 -6909.7 21.7 286 0 5.3 19.5 5.0 2.5 2 1 2 4 4
3109.0 -7875.4 -12.4 109 0 12.9 23.9 12.5 2.5 2 1 5 5 5
1884.3 -9010.6 23.6 195 0 6.3 16.1 7.5 2.5 2 1 3 4 4
2701.0 -7553.9 26.1 103 0 6.2 15.9 7.5 2.5 2 1 3 0 0
2714.1 -7521.2 26.5 18 0 10.5 6.6 5.0 2.5 2 0 2 2 2
2738.3 -7490.6 25.5 15 0 7.2 46.5 7.5 2.5 2 1 3 5 5
2696.9 -7462.1 27.5 284 0 13.3 31.2 7.5 0.0 0 1 3 2 2
2809.6 -7227.3 25.9 242 0 9.3 5.6 7.5 2.5 2 0 3 5 5
2799.1 -7237.8 25.7 239 0 10.7 12.8 5.0 2.5 2 1 2 1 1
2826.4 -7269.1 24.3 53 0 11.0 17.4 2.5 2.5 2 1 1 0 0
3144.4 -7631.8 -3.7 43 0 13.4 13.6 5.0 2.5 2 1 2 5 5
3138.6 -7961.9 -19.6 190 0 5.7 15.3 2.5 2.5 2 1 1 0 0
1858.8 -10023.8 11.7 91 0 11.0 10.3 2.5 2.5 4 0 1 3 3
883.3 -9974.2 46.9 99 0 9.9 6.3 5.0 2.5 2 0 2 2 2
903.9 -9940.8 44.7 281 0 16.9 12.1 5.0 2.5 2 0 2 1 1
814.7 -9964.6 46.0 100 0 10.3 7.7 5.0 2.5 2 0 2 3 3
830.6 -9935.6 44.7 274 0 17.5 9.7 2.5 2.5 2 0 1 5 5
1614.1 -8582.7 32.5 120 0 9.2 7.0 5.0 2.5 2 0 2 4 4
1673.9 -8604.4 33.7 301 0 8.7 6.1 5.0 2.5 2 0 2 5 5
1710.5 -8659.3 32.1 76 0 12.9 23.2 10.0 2.5 2 1 4 2 2
1821.3 -9076.9 28.0 93 0 16.2 12.8 5.0 0.0 0 0 2 5 5
3348.4 -8625.0 -65.0 90 0 6.5 21.2 5.0 0.0 0 1 2 0 0
1955.6 -7798.2 30.2 183 0 13.8 19.9 10.0 2.5 2 1 4 5 5
2002.0 -7746.6 32.7 185 0 14.7 14.9 7.5 2.5 4 1 3 2 2
6939.9 8300.2 -110.4 118 0 23.9 10.4 5.0 2.5 4 0 2 2 2
1077.6 3120.2 -55.7 134 0 19.2 16.3 10.0 2.5 2 0 4 4 4
1052.5 3152.9 -56.4 141 0 18.2 14.9 10.0 2.5 2 0 4 1 1
1034.4 3192.5 -58.4 169 0 19.3 13.8 12.5 2.5 2 0 5 1 1
1039.7 3243.7 -61.5 282 0 15.9 21.1 10.0 0.0 0 1 4 1 1
952.9 3226.9 -56.9 169 0 17.3 35.1 12.5 2.5 2 1 5 3 3
-3119.7 -859.0 -104.6 49 0 21.3 10.0 5.0 2.5 2 0 2 1 1
5379.8 -7342.1 -73.4 107 0 8.2 11.2 5.0 2.5 4 1 2 3 3
5368.9 -7352.8 -73.0 287 0 6.1 24.9 5.0 2.5 4 0 2 5 5
5373.7 -7382.4 -73.4 107 0 5.1 26.9 2.5 2.5 2 0 1 4 4
5375.5 -7354.8 -73.2 287 0 7.6 27.4 5.0 2.5 2 0 2 2 2
5456.5 -7391.1 -76.3 110 0 12.6 14.8 10.0 0.0 0 1 4 3 3
5243.9 -7847.1 -72.2 27 0 18.3 17.9 7.5 0.0 0 0 3 5 5
4747.7 7325.2 -78.6 317 0 8.0 13.2 10.5 3.5 2 1 3 4 4
4758.9 7313.0 -78.5 319 0 9.0 13.4 10.5 3.5 2 1 3 3 3
4765.2 7306.2 -78.6 318 0 8.2 14.6 10.5 3.5 2 1 3 4 4
4772.0 7298.6 -78.6 316 0 9.5 13.9 10.5 0.0 0 1 3 5 5
4777.9 7290.7 -78.7 318 0 7.6 13.0 10.5 3.5 2 1 3 1 1
4758.5 7142.6 -81.9 151 0 14.3 15.4 14.0 0.0 0 1 4 1 1
-1380.4 -283.6 -83.1 40 0 8.0 6.3 7.5 2.5 2 0 3 5 5
5652.5 -949.1 66.8 273 0 19.0 12.5 5.0 2.5 4 0 2 4 4
5586.3 -944.3 64.0 89 0 33.4 18.9 10.0 0.0 0 0 4 0 0
6141.5 -327.9 47.5 35 0 8.8 14.6 2.5 2.5 2 1 1 4 4
1885.3 -10448.9 15.5 22 0 10.2 10.0 7.5 2.5 2 0 3 3 3
-2466.3 -9411.8 9.0 134 0 7.0 7.6 2.5 2.5 2 1 1 4 4
-442.3 -9272.9 18.3 168 0 3.2 6.3 7.5 2.5 2 1 3 5 5
-4778.9 -6669.3 39.8 240 0 3.8 6.3 7.5 2.5 2 1 3 2 2
-4290.5 -6294.1 33.1 149 0 9.6 14.2 5.0 2.5 4 1 2 0 0
-1501.0 -9393.7 12.9 5 0 15.1 28.5 7.5 2.5 2 1 3 4 4
-1396.2 -9390.3 16.5 113 0 12.7 13.7 10.0 2.5 2 1 4 0 0
1022.7 -10441.8 25.2 279 0 24.2 19.0 12.5 2.5 4 0 5 0 0
-2090.0 -4931.8 -62.5 335 0 9.2 10.5 2.5 2.5 2 1 1 4 4
-2107.1 -4950.7 -64.0 65 0 11.1 16.7 5.0 2.5 2 1 2 4 4
-1432.8 -5211.8 -43.0 91 0 9.9 10.0 7.5 2.5 2 1 3 1 1
-2038.2 -9474.9 17.3 133 0 12.6 32.9 15.0 0.0 0 1 6 4 4
-1118.4 -9925.2 -14.4 240 0 3.4 4.3 7.5 2.5 4 1 3 4 4
-526.6 -9216.7 14.1 211 0 4.0 5.2 2.5 0.0 0 1 1 1 1
-47.1 -10133.7 45.0 127 0 8.9 11.6 5.0 2.5 2 1 2 1 1
-6191.4 -2718.6 -79.0 295 0 5.1 10.3 2.5 2.5 2 1 1 2 2
-6112.3 -2631.2 -79.9 186 0 11.1 4.5 2.5 2.5 2 0 1 4 4
-6183.9 -2626.8 -77.7 93 0 4.1 5.2 5.0 2.5 2 1 2 3 3
-6198.5 -2606.9 -77.3 265 0 4.8 19.8 5.0 2.5 2 1 2 0 0
-6182.2 -2621.0 -77.8 90 0 3.9 12.1 2.5 2.5 2 1 1 5 5
-6194.7 -2466.9 -80.4 145 0 8.4 7.6 5.0 2.5 2 0 2 1 1
-3609.9 -2756.8 -86.7 359 0 10.1 10.2 7.5 2.5 2 1 3 5 5
-3610.0 -2782.3 -86.3 359 0 10.1 10.2 7.5 2.5 2 1 3 4 4
-3609.7 -2810.2 -85.9 359 0 10.1 10.2 2.5 2.5 2 1 1 3 3
-5836.8 -4955.5 -10.9 270 0 5.7 7.7 5.0 2.5 4 1 2 0 0
3064.6 -7068.7 21.3 237 0 7.1 5.1 2.5 2.5 2 0 1 4 4
3113.0 -7084.0 19.7 17 0 19.1 11.4 5.0 2.5 2 0 2 3 3
-2695.0 -491.8 -104.8 50 0 5.2 10.0 7.5 0.0 0 1 3 0 0
-2666.2 -425.9 -104.1 216 0 5.5 4.2 7.5 2.5 4 0 3 3 3
-2634.0 -51.5 -109.0 105 0 17.2 11.2 5.0 2.5 2 0 2 1 1
-243.3 7267.8 -126.0 73 0 12.2 11.7 7.5 2.5 2 0 3 4 4
6260.8 -8240.5 -85.8 126 0 10.2 12.0 2.5 2.5 2 1 1 3 3
6466.2 -8131.7 -85.7 108 0 37.8 79.1 7.5 0.0 0 1 3 3 3
6391.6 -7979.1 -85.0 318 0 13.1 22.5 12.5 0.0 0 1 5 4 4
6387.6 -8008.1 -85.1 24 0 10.5 26.8 7.5 2.5 2 1 3 0 0
6397.1 -8018.9 -85.2 25 0 19.1 10.4 5.0 2.5 2 0 2 4 4
1817.5 1004.3 3.0 342 0 3.4 3.8 5.0 0.0 0 0 2 3 3
1816.9 1002.3 2.3 251 0 6.2 14.8 5.0 2.5 2 0 2 5 5
-3255.4 -1178.4 -103.6 70 0 9.2 4.4 5.0 2.5 2 0 2 2 2
-3271.0 -1191.6 -104.2 342 0 16.7 35.5 10.0 2.5 2 1 4 5 5
-1182.7 -3170.3 -14.2 189 0 23.6 14.9 12.5 2.5 2 0 5 0 0
-834.0 -3933.7 28.6 282 0 12.6 11.5 7.5 2.5 2 0 3 3 3
-810.2 -3936.7 28.7 289 0 10.2 8.6 5.0 2.5 2 0 2 2 2
-774.5 -3948.4 29.0 297 0 20.2 12.6 10.0 2.5 4 0 4 0 0
5080.4 7599.7 -80.4 331 0 17.9 21.2 17.5 0.0 0 1 5 5 5
5094.6 7568.3 -79.3 331 0 19.2 19.7 17.5 3.5 4 0 5 1 1
4958.7 7356.3 -76.1 210 0 16.5 17.5 17.5 3.5 2 1 5 4 4
4931.2 7327.7 -76.9 237 0 15.2 21.0 17.5 3.5 2 1 5 0 0
4952.2 7295.3 -77.0 56 0 17.3 13.2 17.5 3.5 2 0 5 0 0
5011.6 7339.6 -75.9 215 0 14.9 13.6 14.0 3.5 2 0 4 3 3
5055.4 7328.9 -75.7 35 0 16.4 17.4 14.0 0.0 0 0 4 2 2
5045.1 7315.0 -76.0 38 0 17.8 17.2 14.0 0.0 0 0 4 5 5
5034.7 7301.1 -76.3 36 0 16.3 19.6 14.0 3.5 4 0 4 0 0
5024.6 7287.5 -76.6 37 0 16.8 15.8 14.0 3.5 2 0 4 4 4
4993.9 7315.4 -76.7 218 0 33.3 16.1 14.0 0.0 0 0 4 0 0
5044.9 7600.8 -78.4 330 0 10.5 15.9 17.5 3.5 4 0 5 0 0
5048.4 7591.2 -78.0 327 0 9.1 16.0 10.5 3.5 2 0 3 3 3
5061.1 7561.6 -77.1 334 0 20.5 14.9 17.5 3.5 2 0 5 0 0
4998.9 7568.4 -75.8 152 0 24.3 22.7 17.5 3.5 2 0 5 2 2
5029.0 7540.2 -75.7 70 0 33.9 19.2 17.5 0.0 0 0 5 3 3
5169.3 7390.7 -75.2 240 0 18.0 14.6 14.0 3.5 2 0 4 1 1
5185.9 7367.5 -75.1 71 0 11.9 15.5 14.0 0.0 0 0 4 1 1
5013.8 7273.1 -76.8 36 0 17.7 15.7 14.0 3.5 2 0 4 5 5
5066.8 7344.5 -75.4 37 0 21.6 17.6 14.0 3.5 2 0 4 5 5
5033.6 7440.4 -74.3 332 0 19.8 10.6 14.0 3.5 2 0 4 5 5
5005.0 7430.8 -74.5 151 0 19.7 14.2 14.0 3.5 2 0 4 3 3
5016.9 7409.0 -74.8 149 0 19.9 13.7 14.0 3.5 4 0 4 2 2
4954.0 7498.6 -74.1 263 0 10.3 15.3 17.5 3.5 2 0 5 3 3
4963.6 7500.5 -74.1 255 0 9.9 20.1 10.5 3.5 4 0 3 3 3
5013.1 7468.7 -73.9 71 0 13.6 44.5 17.5 3.5 2 1 5 3 3
4996.3 7464.0 -74.1 73 0 11.1 18.8 17.5 3.5 2 0 5 3 3
4986.2 7461.5 -74.2 78 0 10.3 18.3 17.5 3.5 2 0 5 0 0
4980.5 7505.8 -73.9 253 0 20.2 19.7 17.5 3.5 2 0 5 5 5
4968.2 7458.4 -74.5 76 0 19.2 15.2 17.5 3.5 2 0 5 5 5
5103.9 7478.1 -75.5 359 0 15.0 19.0 14.0 3.5 4 0 4 4 4
5079.9 7468.7 -74.3 75 0 10.5 12.0 14.0 0.0 0 0 4 1 1
5089.8 7457.5 -74.8 72 0 28.3 13.8 14.0 3.5 2 0 4 5 5
5089.2 7616.6 -82.0 241 0 9.4 18.2 10.5 3.5 2 0 3 2 2
5101.7 7535.6 -78.2 277 0 13.4 25.0 14.0 3.5 2 1 4 0 0
5080.6 7535.9 -76.9 280 0 14.7 26.2 14.0 3.5 2 1 4 1 1
5200.9 7748.0 -97.0 346 0 18.3 15.1 17.5 3.5 2 0 5 4 4
5195.7 7769.9 -98.4 345 0 16.5 17.1 17.5 3.5 2 1 5 3 3
5033.0 7169.9 -66.1 266 0 20.2 14.7 14.0 3.5 2 0 4 4 4
5152.7 7243.3 -73.9 342 0 23.9 22.6 14.0 3.5 2 0 4 1 1
5083.0 7269.4 -76.2 161 0 18.7 27.9 14.0 3.5 2 1 4 5 5
5137.5 7298.3 -75.8 345 0 20.2 22.6 14.0 3.5 2 1 4 1 1
5136.7 7261.3 -75.8 74 0 22.8 20.2 14.0 3.5 2 0 4 0 0
5009.9 7651.0 -78.5 336 0 26.2 18.0 17.5 3.5 2 0 5 0 0
5223.9 7524.5 -85.7 271 0 28.3 8.9 10.5 3.5 2 0 3 2 2
5186.2 7442.6 -78.7 234 0 15.8 14.0 14.0 3.5 2 0 4 3 3
5170.8 7431.9 -77.3 236 0 17.7 12.6 14.0 3.5 2 0 4 5 5
-5858.8 -432.6 -66.7 92 0 15.0 10.1 5.0 2.5 2 0 2 5 5
-5828.3 -425.7 -66.5 352 0 10.0 13.1 5.0 0.0 0 1 2 4 4
-5812.6 -434.5 -67.9 109 0 14.6 12.1 5.0 0.0 0 0 2 3 3
-5787.4 -438.8 -68.0 310 0 14.2 10.0 5.0 2.5 2 0 2 4 4
-5770.3 -453.4 -67.4 312 0 14.6 8.5 5.0 2.5 2 0 2 3 3
-5753.4 -467.7 -66.3 310 0 14.6 10.3 5.0 2.5 2 0 2 1 1
-5736.9 -482.6 -65.3 311 0 15.5 9.6 2.5 2.5 2 0 1 1 1
-250.4 -1927.0 -40.1 198 0 8.0 12.0 7.5 0.0 0 1 3 3 3
618.0 -5167.3 28.5 314 0 13.5 9.8 7.5 2.5 2 0 3 2 2
6869.9 -8737.6 -89.4 211 0 9.4 10.0 2.5 2.5 2 1 1 1 1
6855.8 -8765.8 -90.7 125 0 12.6 26.5 12.5 2.5 2 1 5 2 2
6887.9 -8714.4 -88.6 302 0 7.1 16.9 7.5 0.0 0 1 3 1 1
6896.6 -8749.6 -89.3 31 0 15.0 12.9 5.0 2.5 2 0 2 5 5
5114.2 -6250.9 -55.6 30 0 8.2 12.2 5.0 2.5 2 1 2 0 0
5152.0 -6189.3 -54.8 27 0 7.7 24.3 7.5 0.0 0 1 3 0 0
5100.4 -6153.5 -51.0 296 0 5.9 19.0 5.0 2.5 4 1 2 5 5
5084.6 -6185.9 -53.0 195 0 7.0 26.0 5.0 2.5 2 1 2 3 3
5081.4 -6197.5 -51.8 195 0 17.0 10.2 7.5 2.5 2 0 3 4 4
5076.4 -6230.9 -51.9 105 0 7.8 25.0 7.5 2.5 4 1 3 0 0
5071.7 -6233.3 -53.3 195 0 7.1 21.3 5.0 2.5 2 1 2 1 1
5783.8 -6837.9 -84.0 33 0 7.2 25.0 7.5 2.5 2 1 3 1 1
4525.8 -9881.9 -110.4 83 0 13.1 11.3 5.0 2.5 2 0 2 0 0
1007.1 -5388.7 36.0 179 0 5.7 24.8 5.0 0.0 0 1 2 0 0
1024.8 -5401.1 35.4 90 0 15.4 9.4 5.0 2.5 2 0 2 4 4
989.9 -5387.5 37.8 182 0 6.4 16.2 7.5 2.5 2 1 3 0 0
930.0 -5393.7 41.1 275 0 5.3 3.1 5.0 2.5 2 0 2 3 3
937.3 -5389.9 41.2 275 0 8.5 10.3 7.5 2.5 2 0 3 4 4
896.5 -5385.1 40.0 95 0 9.6 7.4 7.5 0.0 0 0 3 5 5
829.2 -5355.2 37.4 185 0 8.1 8.3 7.5 2.5 2 1 3 5 5
786.2 -5374.4 36.9 93 0 15.1 7.1 5.0 2.5 2 0 2 0 0
732.7 -5350.7 32.4 92 0 12.2 7.4 5.0 2.5 2 0 2 1 1
749.6 -5351.2 33.0 91 0 21.6 7.1 7.5 2.5 2 0 3 5 5
778.3 -5352.8 34.0 94 0 35.9 6.2 7.5 0.0 0 0 3 0 0
504.3 -5711.2 42.9 93 0 3.3 6.2 7.5 2.5 2 0 3 3 3
510.0 -5702.7 42.7 273 0 7.3 8.7 7.5 0.0 0 0 3 3 3
5316.3 8014.4 -126.6 346 0 30.0 17.3 17.5 3.5 4 0 5 1 1
5276.3 8011.1 -123.9 269 0 17.3 29.6 17.5 3.5 2 1 5 4 4
5282.3 7892.7 -114.2 5 0 28.0 17.6 17.5 3.5 2 0 5 1 1
5252.9 7841.5 -110.8 95 0 18.0 28.5 17.5 3.5 2 1 5 0 0
5222.0 7897.1 -111.0 185 0 28.5 18.0 17.5 3.5 2 0 5 1 1
5218.0 7858.5 -108.6 185 0 28.5 18.0 17.5 3.5 2 0 5 4 4
5213.9 7804.6 -105.4 185 0 18.1 33.4 17.5 0.0 0 1 5 2 2
5145.9 7786.2 -97.2 168 0 20.7 15.7 17.5 3.5 2 0 5 1 1
5140.2 7808.9 -98.9 168 0 18.6 18.6 17.5 0.0 0 0 5 5 5
