4115.4 -918.8 32.6 49 0 136.3 47.0 7.5 0.0 0 0 3 3 3
207.1 8615.8 -10.2 60 0 20.5 19.2 14.0 3.5 2 0 4 3 3
3532.8 4172.9 -34.0 63 0 18.0 14.3 10.0 0.0 0 0 4 0 0
3618.9 4111.9 -44.6 337 0 10.4 21.7 7.5 2.5 2 1 3 3 3
3564.3 4173.3 -36.6 258 0 16.4 8.5 2.5 2.5 2 0 1 2 2
3567.5 4108.3 -43.4 168 0 11.6 26.5 10.0 2.5 2 1 4 2 2
3595.7 4153.1 -39.6 79 0 36.3 15.6 10.0 2.5 2 0 4 0 0
3614.6 4077.3 -46.2 77 0 13.2 13.6 7.5 2.5 2 1 3 1 1
3577.4 4088.6 -44.7 169 0 12.4 12.9 7.5 2.5 2 1 3 2 2
3594.7 4065.8 -46.0 73 0 20.5 13.1 12.5 2.5 2 0 5 1 1
3581.2 4187.2 -36.1 246 0 19.9 10.1 5.0 2.5 2 0 2 1 1
-1844.2 967.2 -57.2 318 0 27.2 14.6 10.0 2.5 2 0 4 3 3
3710.2 7311.5 30.7 118 0 15.6 14.2 14.0 3.5 2 0 4 5 5
3704.5 7289.1 27.5 299 0 9.6 25.7 10.5 3.5 2 1 3 2 2
3689.1 4360.2 -22.7 59 0 10.7 10.1 7.5 0.0 0 0 3 5 5
3600.2 7640.7 36.8 122 0 20.6 13.3 14.0 3.5 2 0 4 3 3
3756.2 7915.0 13.3 51 1 16.4 15.1 14.0 3.5 2 0 4 0 0
3399.8 4166.1 -29.3 156 0 11.6 9.4 7.5 2.5 2 0 3 2 2
3467.7 4137.0 -34.5 55 0 13.9 19.6 17.5 0.0 0 1 7 0 0
3477.6 4126.3 -38.1 239 0 19.1 18.7 7.5 0.0 0 0 3 3 3
4450.5 7726.8 54.8 93 0 15.6 9.4 5.0 0.0 0 0 2 3 3
4513.4 7713.8 50.4 170 0 7.4 14.6 7.5 2.5 2 1 3 5 5
3607.5 7344.7 28.0 122 0 6.9 10.7 10.5 3.5 2 1 3 3 3
3135.0 -913.7 49.0 269 0 26.3 37.1 7.5 0.0 0 1 3 2 2
6335.3 33.4 53.0 180 0 121.5 36.8 7.5 0.0 0 0 3 5 5
6545.6 193.2 35.3 20 0 104.3 76.1 10.0 0.0 0 0 4 3 3
3401.7 3966.9 -44.8 162 0 29.0 14.1 10.0 2.5 2 0 4 0 0
560.1 9801.6 55.5 152 0 29.6 31.8 17.5 0.0 0 1 5 1 1
-648.8 10203.8 22.4 332 0 27.7 24.3 14.0 0.0 0 0 4 5 5
-827.0 9349.4 37.4 67 0 18.4 14.5 14.0 3.5 2 0 4 2 2
59.0 9360.1 59.9 332 0 27.2 20.6 17.5 3.5 4 0 5 4 4
-828.2 8697.2 47.8 157 0 31.7 32.9 14.0 0.0 0 1 4 0 0
-1275.5 8451.4 51.5 63 0 26.7 21.4 10.5 3.5 2 0 3 2 2
-1719.9 8724.0 61.2 152 0 19.6 21.2 10.5 3.5 2 1 3 3 3
-2777.8 8309.3 34.1 332 0 12.2 14.1 14.0 3.5 2 1 4 4 4
-1582.9 9739.7 0.4 153 0 19.6 21.5 14.0 3.5 2 1 4 5 5
-3025.1 10260.3 -31.3 63 0 22.1 20.5 10.5 0.0 0 0 3 4 4
-3268.3 10094.7 -25.4 63 0 16.8 12.0 14.0 0.0 0 0 4 5 5
6371.9 -1328.0 -49.8 243 0 21.8 19.4 7.5 0.0 0 0 3 2 2
1152.2 6458.1 -29.8 242 0 24.0 23.0 10.5 3.5 2 0 3 3 3
233.5 6894.6 -27.7 146 0 17.5 27.7 14.0 3.5 2 1 4 5 5
526.1 7431.2 -21.5 61 0 23.0 19.1 14.0 3.5 2 0 4 0 0
-3851.0 6790.0 23.9 165 0 19.7 22.0 10.0 2.5 2 1 4 0 0
-2351.1 6605.0 -12.2 333 0 15.3 25.2 14.0 3.5 2 1 4 5 5
60.6 4420.6 23.6 240 0 24.1 22.6 10.0 2.5 2 0 4 5 5
1133.4 -10138.4 -65.5 329 0 15.4 21.6 7.5 2.5 2 1 3 1 1
-77.2 9808.0 31.1 100 0 15.8 26.2 17.5 3.5 2 1 5 5 5
-1594.6 7498.4 3.6 325 0 12.9 22.1 14.0 3.5 2 1 4 3 3
-2196.7 6890.2 8.3 331 0 18.9 21.9 10.5 3.5 2 1 3 5 5
-3467.4 6563.8 -10.5 58 0 20.2 11.1 7.5 0.0 0 0 3 1 1
3513.6 4145.7 -38.5 249 0 9.1 23.0 7.5 2.5 4 1 3 0 0
3443.8 4123.8 -34.5 62 0 10.8 21.3 7.5 2.5 2 1 3 3 3
3428.1 4114.7 -34.7 64 0 11.9 12.1 5.0 2.5 2 1 2 1 1
-1804.3 926.2 -54.3 226 0 8.8 11.7 5.0 2.5 4 1 2 5 5
-1628.0 1062.7 -62.7 92 0 20.9 7.8 7.5 2.5 2 0 3 2 2
3621.2 4136.3 -43.4 167 0 15.0 22.3 10.0 2.5 2 1 4 2 2
3622.1 4202.6 -35.9 335 0 9.3 8.8 7.5 2.5 4 0 3 4 4
3598.1 4195.6 -35.8 243 0 10.4 8.6 5.0 2.5 2 0 2 0 0
3675.4 4236.5 -35.5 243 0 8.8 8.7 7.5 2.5 2 0 3 0 0
3682.5 7327.8 30.4 122 0 11.5 11.5 14.0 3.5 4 0 4 1 1
3602.5 7412.8 31.1 217 1 10.4 12.0 14.0 0.0 0 1 4 1 1
1062.3 10203.7 68.5 145 0 30.4 27.3 17.5 0.0 0 0 5 4 4
1098.8 10249.5 70.0 233 0 27.2 30.5 17.5 0.0 0 1 5 5 5
1098.4 10211.6 69.8 54 0 3.8 30.1 10.5 3.5 4 0 3 5 5
1061.3 10175.3 68.8 52 0 8.5 4.6 10.5 3.5 2 0 3 1 1
1064.3 10170.5 68.5 52 0 8.1 4.5 10.5 3.5 2 0 3 4 4
1214.0 9885.3 51.0 276 0 21.0 17.5 14.0 3.5 4 0 4 5 5
1231.9 9907.9 53.2 288 0 5.9 24.8 10.5 3.5 2 0 3 3 3
1212.7 9908.2 54.3 198 0 11.1 15.4 14.0 3.5 2 0 4 2 2
1231.7 9924.5 56.6 288 0 7.9 15.7 10.5 3.5 4 1 3 3 3
1030.6 9958.9 48.1 179 0 14.9 29.8 14.0 3.5 4 1 4 3 3
1030.1 9990.4 49.9 3 0 58.3 12.8 14.0 3.5 2 0 4 5 5
997.4 9977.7 51.4 99 0 4.5 20.7 10.5 3.5 2 0 3 1 1
999.1 10030.8 52.2 182 0 10.2 17.6 14.0 3.5 2 1 4 2 2
998.7 10060.4 53.9 188 0 12.2 16.9 14.0 3.5 2 1 4 1 1
1021.0 10091.9 57.8 148 1 10.5 10.6 17.5 3.5 2 1 5 5 5
1022.8 10078.5 56.4 154 0 9.4 10.0 10.5 0.0 0 1 3 4 4
999.3 10137.8 61.8 149 1 10.4 14.1 17.5 3.5 2 1 5 2 2
1022.4 10152.3 63.2 328 1 11.1 12.4 17.5 3.5 2 1 5 2 2
966.0 10137.0 59.1 244 1 10.8 10.9 14.0 3.5 2 1 4 1 1
950.0 10128.9 58.7 246 0 14.3 8.9 10.5 3.5 2 0 3 0 0
938.7 10123.8 58.5 245 0 7.6 7.9 10.5 3.5 2 1 3 3 3
928.2 10119.8 57.8 247 0 8.4 15.2 10.5 3.5 2 1 3 2 2
918.7 10115.2 57.7 245 1 11.1 12.2 14.0 3.5 4 1 4 1 1
909.2 10110.5 57.6 244 0 6.9 9.9 10.5 3.5 2 1 3 3 3
889.5 10102.1 57.9 244 0 9.9 8.1 10.5 0.0 0 0 3 3 3
913.8 10127.0 58.8 62 0 48.5 12.6 12.5 2.5 2 0 5 4 4
908.6 10165.3 60.6 236 0 13.9 20.9 12.5 2.5 2 1 5 1 1
953.4 10192.2 62.4 241 0 13.1 20.4 10.0 0.0 0 0 4 0 0
936.5 10170.9 62.0 150 0 19.8 10.4 15.0 0.0 0 0 6 0 0
943.9 10186.7 62.4 238 0 8.3 17.2 7.5 2.5 2 0 3 4 4
975.4 10156.0 62.4 39 0 9.7 17.4 7.5 2.5 2 0 3 5 5
960.5 10144.9 60.2 61 0 16.3 24.4 17.5 0.0 0 0 7 4 4
975.1 10048.8 53.4 180 0 9.5 13.7 10.5 3.5 2 1 3 5 5
975.5 10037.4 52.9 184 0 8.6 13.0 10.5 3.5 2 1 3 1 1
982.8 10016.4 52.8 6 0 9.8 8.7 10.5 3.5 2 0 3 0 0
781.4 10025.3 56.8 226 0 14.0 14.4 17.5 3.5 2 1 5 3 3
796.3 10035.6 57.0 224 0 11.2 18.7 17.5 3.5 2 1 5 1 1
810.1 10049.4 57.1 224 0 10.7 16.0 17.5 3.5 2 1 5 2 2
905.7 10015.8 55.7 128 0 10.2 14.8 17.5 3.5 2 1 5 5 5
865.6 10005.5 57.1 135 0 9.3 11.2 10.5 3.5 4 1 3 1 1
872.1 9996.9 56.6 135 0 9.5 12.0 10.5 3.5 2 1 3 0 0
885.3 9984.6 55.5 131 0 4.5 12.0 10.5 3.5 2 1 3 3 3
917.4 9988.5 54.2 304 0 15.2 8.2 10.5 3.5 2 0 3 4 4
909.0 9962.0 51.5 134 0 10.1 12.8 17.5 3.5 2 0 5 3 3
916.1 9955.0 50.3 134 0 9.7 12.6 10.5 3.5 2 0 3 4 4
942.8 9957.1 50.0 44 0 16.6 11.7 17.5 0.0 0 0 5 2 2
982.0 9967.3 50.7 43 0 21.8 9.2 7.5 0.0 0 0 3 1 1
999.7 9955.9 49.0 23 0 7.2 11.6 10.5 3.5 2 1 3 0 0
964.4 9960.0 49.2 223 0 8.3 10.6 7.5 0.0 0 1 3 2 2
980.3 9953.3 48.0 312 0 9.6 11.0 7.5 2.5 2 0 3 1 1
987.6 9946.5 46.8 314 0 10.0 11.0 10.0 2.5 2 0 4 4 4
996.8 9941.5 45.7 309 0 9.9 13.5 7.5 2.5 2 0 3 0 0
1003.4 9933.8 44.6 313 0 10.3 12.0 12.5 2.5 2 0 5 0 0
1013.0 9925.9 42.9 312 0 15.0 12.4 12.5 2.5 2 0 5 5 5
947.7 9948.4 47.3 224 0 11.3 13.6 10.0 2.5 2 0 4 4 4
965.6 9939.2 46.1 313 0 11.2 9.6 7.5 0.0 0 0 3 3 3
973.4 9931.8 44.8 314 0 10.2 12.2 15.0 0.0 0 0 6 3 3
988.0 9918.3 42.5 315 0 10.5 11.5 10.0 2.5 2 0 4 5 5
995.6 9911.2 41.3 311 0 10.3 12.1 10.0 2.5 2 0 4 3 3
1001.2 9903.6 40.3 313 0 8.3 10.7 7.5 2.5 2 0 3 0 0
939.4 9940.3 47.1 227 0 12.2 5.2 7.5 2.5 2 0 3 1 1
941.6 9929.2 46.1 136 0 8.5 12.5 7.5 2.5 2 0 3 5 5
947.8 9922.7 45.0 137 0 9.4 12.1 7.5 2.5 2 1 3 1 1
954.3 9914.4 43.6 137 0 11.1 10.8 10.0 2.5 2 0 4 1 1
961.1 9906.6 42.4 142 0 9.7 11.0 7.5 0.0 0 1 3 2 2
967.4 9899.1 41.1 138 0 10.6 11.8 12.5 2.5 2 1 5 2 2
975.6 9892.5 40.0 138 0 10.3 11.1 10.0 0.0 0 1 4 5 5
992.0 9883.1 38.4 48 0 12.0 12.8 12.5 2.5 2 1 5 3 3
866.4 9991.5 55.5 315 0 9.7 11.2 7.5 2.5 2 0 3 3 3
873.5 9984.4 54.3 316 0 10.3 11.1 12.5 2.5 2 0 5 1 1
880.3 9977.5 53.3 316 0 9.0 11.1 7.5 2.5 2 0 3 3 3
885.8 9969.1 51.8 310 0 9.4 11.6 7.5 0.0 0 0 3 1 1
892.4 9961.9 50.7 313 0 9.9 11.0 7.5 0.0 0 0 3 4 4
898.1 9954.1 49.6 314 0 9.1 9.4 7.5 0.0 0 0 3 1 1
908.1 9949.7 48.6 315 0 9.4 10.9 7.5 2.5 2 1 3 2 2
913.6 9941.9 47.7 324 0 6.9 11.3 7.5 2.5 2 1 3 5 5
916.9 9931.4 47.0 49 0 9.7 6.3 7.5 2.5 2 0 3 5 5
822.8 9996.2 58.2 133 0 6.0 10.4 7.5 2.5 2 0 3 1 1
828.3 9990.8 57.4 135 0 9.2 10.2 7.5 2.5 4 0 3 3 3
835.5 9985.5 56.4 135 0 7.1 11.8 7.5 2.5 2 0 3 1 1
841.4 9979.7 55.2 133 0 9.2 11.7 7.5 2.5 2 0 3 3 3
847.0 9971.9 54.0 134 0 9.2 11.2 7.5 2.5 2 1 3 1 1
852.2 9964.6 52.9 134 0 8.1 12.9 7.5 2.5 2 1 3 0 0
870.9 9950.3 50.4 133 0 8.5 12.3 7.5 2.5 2 0 3 2 2
877.0 9944.2 49.4 137 0 8.9 12.4 7.5 0.0 0 0 3 2 2
879.0 9935.6 48.2 134 0 6.8 9.9 7.5 0.0 0 1 3 1 1
890.3 9931.8 47.3 134 0 9.2 10.4 7.5 2.5 2 1 3 4 4
868.8 10124.9 59.0 327 0 31.4 8.9 7.5 2.5 2 0 3 3 3
833.4 10101.4 58.1 44 0 7.7 10.0 7.5 2.5 2 1 3 1 1
810.4 10110.3 57.1 237 0 5.8 9.3 7.5 2.5 2 1 3 2 2
796.7 10086.3 56.0 295 0 7.9 17.3 7.5 2.5 2 0 3 4 4
789.6 10089.2 55.8 302 0 4.8 15.2 7.5 2.5 2 1 3 5 5
798.5 10076.6 56.2 313 0 8.5 10.4 5.0 2.5 2 0 2 5 5
762.2 10024.0 55.3 46 0 17.2 36.4 10.0 2.5 2 1 4 3 3
777.8 10033.9 55.6 43 0 13.7 35.0 10.0 2.5 2 1 4 0 0
734.9 10013.5 55.5 128 0 19.2 8.4 7.5 2.5 2 0 3 0 0
752.2 10015.9 55.5 38 0 8.5 21.6 7.5 0.0 0 1 3 3 3
772.7 9942.8 53.6 94 0 9.0 15.9 7.5 2.5 2 0 3 1 1
783.4 9941.8 53.7 96 0 12.9 13.8 10.0 2.5 2 0 4 2 2
792.8 9940.8 53.7 96 0 6.5 13.9 7.5 2.5 2 0 3 5 5
800.8 9940.0 53.0 96 0 9.7 13.7 7.5 2.5 2 0 3 3 3
810.3 9938.9 52.2 96 0 9.6 13.5 7.5 2.5 2 0 3 5 5
820.3 9937.9 51.4 96 0 10.5 13.3 10.0 2.5 2 0 4 1 1
800.2 9989.8 54.3 240 0 14.8 37.1 12.5 2.5 2 0 5 5 5
788.7 9983.6 56.0 256 0 10.9 11.2 7.5 2.5 2 0 3 3 3
820.1 9951.3 53.1 98 0 9.7 10.5 7.5 2.5 2 1 3 5 5
843.9 9936.7 49.6 85 0 18.4 13.0 10.0 2.5 2 0 4 3 3
859.1 9946.3 49.5 322 0 9.0 8.1 7.5 2.5 2 0 3 5 5
691.7 10016.1 55.1 220 0 7.8 6.9 2.5 0.0 0 0 1 4 4
681.2 10002.8 55.2 219 0 15.5 11.9 7.5 2.5 2 0 3 2 2
696.3 10010.6 55.3 218 0 7.3 17.1 5.0 2.5 2 1 2 0 0
670.4 9977.6 54.5 129 0 15.6 11.8 2.5 2.5 2 0 1 0 0
727.2 9951.3 53.4 36 0 7.5 11.5 5.0 2.5 2 1 2 4 4
749.6 9935.7 51.8 5 0 12.0 11.6 10.0 2.5 2 0 4 0 0
754.2 9934.6 51.9 276 0 9.5 11.3 7.5 2.5 4 1 3 0 0
754.9 9914.8 51.2 93 0 11.1 8.4 7.5 2.5 2 0 3 2 2
776.7 9931.8 51.9 273 0 10.3 12.5 15.0 0.0 0 1 6 1 1
808.4 9920.8 49.5 357 0 13.7 7.8 7.5 2.5 2 0 3 3 3
795.0 9928.9 50.6 274 0 10.9 9.7 7.5 0.0 0 0 3 2 2
809.8 9901.8 47.4 1 0 7.6 12.0 7.5 2.5 2 0 3 4 4
672.7 9964.7 53.4 305 0 32.7 24.4 10.0 0.0 0 0 4 5 5
706.7 9870.2 48.6 126 0 15.4 15.3 10.0 2.5 2 0 4 4 4
718.2 9861.7 47.7 127 0 12.9 15.1 10.0 0.0 0 0 4 5 5
730.1 9852.5 46.9 126 0 14.3 14.8 10.0 2.5 2 1 4 5 5
754.8 9833.6 43.4 126 0 18.3 14.2 12.5 2.5 4 0 5 0 0
796.5 9810.1 39.8 36 0 16.5 29.5 10.0 2.5 2 0 4 0 0
797.4 9833.8 39.4 306 0 21.1 11.5 10.0 2.5 4 0 4 2 2
776.7 9851.4 42.1 307 0 23.8 11.9 10.0 2.5 2 0 4 4 4
808.9 9834.7 38.4 129 0 15.4 14.4 10.0 2.5 2 0 4 4 4
799.1 9842.6 40.4 129 0 9.9 14.3 7.5 2.5 2 0 3 3 3
784.3 9855.9 42.3 129 0 21.4 11.6 10.0 0.0 0 0 4 2 2
940.2 9915.9 43.1 314 0 10.1 10.8 14.0 3.5 2 0 4 3 3
947.4 9908.9 41.9 315 0 9.9 10.6 10.5 3.5 2 0 3 5 5
966.0 9886.0 38.4 315 0 11.0 8.1 10.5 3.5 2 0 3 2 2
920.3 9897.9 41.8 137 0 10.0 13.7 14.0 3.5 2 0 4 1 1
912.7 9905.3 42.9 132 0 11.7 13.7 14.0 3.5 2 0 4 4 4
935.0 9883.9 39.5 134 0 9.5 9.6 10.5 3.5 2 1 3 0 0
942.2 9876.6 38.2 136 0 11.0 12.1 14.0 3.5 2 1 4 4 4
954.6 9863.6 36.2 134 0 8.5 11.2 10.5 3.5 2 1 3 1 1
986.3 9837.8 31.9 316 0 6.8 9.3 10.5 0.0 0 1 3 2 2
891.3 9865.8 37.1 168 0 13.8 13.9 2.5 2.5 2 1 1 1 1
892.8 9878.9 39.3 168 0 8.6 7.0 2.5 2.5 2 0 1 4 4
887.2 9889.0 40.8 168 0 10.7 13.4 10.0 2.5 2 1 4 3 3
885.7 9898.8 42.4 166 0 8.0 10.0 7.5 2.5 2 1 3 2 2
912.2 9862.8 37.2 78 0 8.9 13.1 7.5 2.5 2 0 3 3 3
902.1 9852.0 34.0 262 0 11.3 12.5 14.0 3.5 4 1 4 1 1
912.1 9854.9 34.4 261 0 8.6 10.9 10.5 3.5 4 1 3 0 0
922.7 9854.2 34.0 263 0 9.7 11.6 10.5 3.5 4 1 3 2 2
932.3 9856.0 34.5 264 0 7.8 9.3 10.5 3.5 2 1 3 5 5
960.5 9820.1 29.8 45 0 6.4 7.7 10.5 3.5 4 1 3 4 4
871.1 9916.1 44.8 348 0 13.9 8.7 7.5 2.5 2 0 3 3 3
852.7 9899.8 43.7 169 0 11.6 11.0 12.5 2.5 2 0 5 1 1
873.8 9904.8 43.6 348 0 7.7 8.3 7.5 2.5 2 1 3 2 2
854.8 9889.5 42.4 168 0 9.4 11.4 7.5 2.5 2 0 3 0 0
876.5 9896.9 42.6 346 0 5.4 11.5 7.5 2.5 2 0 3 2 2
876.1 9892.1 42.1 346 0 3.8 10.0 7.5 2.5 2 0 3 0 0
869.7 9881.2 40.9 338 0 6.8 3.7 5.0 2.5 2 0 2 1 1
875.1 9883.9 41.0 342 0 5.1 6.0 7.5 0.0 0 0 3 3 3
856.0 9869.5 39.7 167 0 9.5 12.1 7.5 2.5 2 1 3 2 2
878.8 9873.1 39.3 344 0 6.3 8.4 7.5 2.5 2 1 3 5 5
857.5 9859.9 38.4 170 0 8.0 12.1 7.5 2.5 2 1 3 2 2
857.0 9851.2 37.0 168 0 4.8 14.9 7.5 0.0 0 1 3 3 3
882.4 9864.6 37.8 347 0 9.4 12.1 7.5 2.5 2 1 3 2 2
886.3 9855.0 36.4 348 0 8.9 9.5 7.5 0.0 0 1 3 2 2
890.3 9842.9 34.4 350 0 11.9 10.1 12.5 2.5 2 0 5 4 4
868.3 9836.4 35.6 80 0 11.8 9.4 7.5 2.5 2 0 3 2 2
821.6 9924.9 47.7 262 0 8.8 16.2 7.5 0.0 0 1 3 4 4
836.9 9917.9 47.5 351 0 10.5 8.5 7.5 2.5 2 0 3 2 2
832.2 9900.1 44.6 258 0 10.7 10.4 14.0 3.5 2 0 4 3 3
843.7 9874.4 41.8 350 0 6.4 14.2 10.5 3.5 2 1 3 1 1
815.6 9734.4 36.2 136 0 8.2 12.2 10.5 0.0 0 1 3 2 2
756.3 9733.6 42.8 133 0 8.2 14.0 7.5 2.5 2 0 3 5 5
783.3 9747.0 40.8 310 0 9.9 12.3 7.5 2.5 2 0 3 3 3
762.5 9727.7 42.1 134 0 9.3 12.4 7.5 2.5 2 0 3 1 1
770.1 9722.2 41.2 136 0 10.1 12.7 12.5 2.5 2 0 5 4 4
810.3 9717.5 37.5 42 0 10.2 15.0 10.0 2.5 2 1 4 5 5
788.5 9687.4 37.7 221 0 9.4 9.3 10.5 3.5 4 0 3 5 5
807.9 9675.6 35.8 308 0 7.9 9.2 10.5 3.5 4 1 3 3 3
817.5 9669.7 34.3 311 0 9.8 13.0 10.5 3.5 2 1 3 0 0
824.3 9661.2 33.2 307 0 9.9 8.9 10.5 3.5 2 0 3 1 1
852.2 9641.9 29.3 314 0 7.8 12.6 10.5 3.5 2 1 3 1 1
867.0 9640.8 27.3 311 0 13.4 20.4 14.0 3.5 2 1 4 0 0
843.6 9656.3 30.6 307 0 13.1 18.9 14.0 3.5 4 1 4 1 1
769.7 9710.3 41.5 313 0 9.4 18.6 10.5 0.0 0 0 3 1 1
776.5 9703.8 40.4 314 0 9.8 15.6 10.5 3.5 4 0 3 0 0
752.5 9730.0 44.0 316 0 8.9 18.5 10.5 3.5 2 1 3 3 3
757.7 9719.2 43.4 316 0 6.9 14.2 10.5 3.5 2 1 3 2 2
738.2 9731.2 45.6 316 0 9.8 11.3 10.5 3.5 2 1 3 1 1
745.7 9737.4 45.0 316 0 8.5 9.9 10.5 3.5 2 1 3 5 5
729.5 9750.5 46.9 317 0 8.7 18.1 10.5 0.0 0 1 3 3 3
726.7 9741.2 46.7 318 0 10.4 13.1 17.5 3.5 2 1 5 3 3
737.8 9744.2 45.9 318 0 9.0 10.5 10.5 3.5 2 1 3 0 0
718.4 9761.5 47.7 225 0 13.6 9.3 10.5 3.5 4 0 3 3 3
687.8 9758.1 49.9 226 0 19.7 16.1 17.5 3.5 2 0 5 0 0
676.9 9748.2 51.4 225 0 9.1 15.9 10.5 3.5 2 1 3 3 3
710.2 9766.6 48.8 317 0 17.0 11.9 17.5 3.5 2 0 5 2 2
755.9 9753.8 43.5 45 0 24.1 17.9 14.0 3.5 2 0 4 5 5
728.6 9763.0 45.9 131 0 18.7 12.6 14.0 3.5 2 0 4 4 4
733.2 9783.2 45.3 220 0 11.7 16.0 14.0 3.5 2 0 4 3 3
689.8 9792.5 50.5 128 0 17.9 11.3 10.0 2.5 2 0 4 3 3
704.0 9781.0 48.8 129 0 18.8 10.2 10.0 2.5 2 0 4 3 3
721.9 9787.8 48.0 37 0 11.6 17.8 12.5 2.5 2 0 5 0 0
696.4 9815.0 49.2 219 0 20.6 17.1 10.0 2.5 2 0 4 5 5
728.6 9797.0 47.4 36 0 11.1 16.4 12.5 2.5 2 0 5 1 1
678.7 9807.9 51.2 38 0 10.4 16.2 7.5 2.5 2 0 3 0 0
685.3 9816.7 50.6 36 0 11.2 13.9 10.0 2.5 2 0 4 2 2
657.2 9839.2 50.9 217 0 10.6 16.2 10.0 2.5 2 0 4 0 0
663.6 9847.9 50.3 216 0 11.1 16.2 7.5 2.5 2 0 3 1 1
671.3 9857.9 49.5 216 0 11.7 16.4 10.0 2.5 4 1 4 2 2
691.9 9825.8 50.0 36 0 11.1 11.7 10.0 0.0 0 0 4 1 1
703.2 9840.0 48.6 36 0 21.6 16.3 12.5 2.5 2 0 5 1 1
643.2 9844.3 51.6 35 0 12.6 20.3 17.5 3.5 4 0 5 5 5
639.2 9857.6 52.2 36 0 4.5 7.4 10.5 3.5 2 0 3 4 4
690.4 9781.9 51.5 316 0 6.7 26.2 7.5 2.5 4 0 3 2 2
676.2 9794.0 52.0 316 0 10.6 24.9 10.0 2.5 2 0 4 4 4
651.8 9783.4 52.7 137 0 8.7 14.7 7.5 0.0 0 0 3 5 5
644.5 9791.2 52.9 137 0 12.5 13.4 7.5 0.0 0 0 3 4 4
656.6 9803.9 52.6 313 0 11.3 4.2 5.0 0.0 0 0 2 1 1
635.6 9800.0 53.2 137 0 11.2 11.0 7.5 0.0 0 0 3 4 4
637.5 9821.0 53.0 314 0 14.3 13.2 10.0 0.0 0 0 4 0 0
627.2 9831.3 53.1 309 0 14.9 13.6 10.0 2.5 2 0 4 4 4
617.6 9839.1 53.3 310 0 13.0 12.5 12.5 2.5 2 0 5 4 4
-445.3 10160.3 11.2 244 0 7.8 12.1 10.5 3.5 2 1 3 1 1
-434.4 10308.1 -1.1 323 0 9.9 18.1 10.5 3.5 2 1 3 3 3
-374.4 10167.2 5.1 339 0 16.4 33.7 10.0 2.5 2 0 4 0 0
-491.3 10312.4 1.3 143 0 16.7 7.5 10.5 3.5 2 0 3 1 1
-451.3 10111.0 16.8 241 0 14.6 17.5 17.5 3.5 2 1 5 3 3
-428.1 10299.9 -0.8 324 0 10.9 17.0 17.5 3.5 2 1 5 5 5
-454.6 10329.5 -1.8 321 0 14.1 14.2 17.5 3.5 2 1 5 0 0
-421.3 10276.9 -0.2 55 0 17.3 7.2 10.5 3.5 2 0 3 2 2
-461.6 10139.7 13.1 155 0 15.0 14.2 17.5 3.5 2 0 5 0 0
-437.3 10132.7 12.9 62 0 8.4 12.4 10.5 3.5 4 1 3 2 2
-468.4 10287.1 2.9 236 0 8.7 17.0 10.5 3.5 2 1 3 5 5
-418.1 10266.2 0.6 237 0 14.8 18.0 10.0 2.5 4 1 4 5 5
-427.8 10161.0 9.7 333 0 15.8 11.3 17.5 3.5 2 0 5 0 0
-461.7 10291.0 2.2 236 0 6.0 9.5 10.5 3.5 4 1 3 3 3
-540.8 10293.8 6.1 154 0 8.3 12.2 10.5 3.5 2 1 3 2 2
-567.1 10368.1 1.9 51 0 10.0 8.7 10.5 3.5 2 0 3 4 4
-536.0 10413.9 -3.4 312 0 5.6 7.1 10.5 3.5 2 1 3 0 0
-565.6 10326.1 5.0 146 0 11.3 11.8 17.5 3.5 2 1 5 2 2
-491.7 10275.0 5.0 147 0 10.8 8.0 10.5 3.5 2 0 3 1 1
-573.7 10396.0 -0.2 234 0 10.1 13.1 14.0 3.5 2 1 4 0 0
-509.3 10191.9 12.5 152 0 15.3 7.8 10.5 3.5 2 0 3 0 0
-463.7 10161.5 11.3 60 0 14.0 16.6 17.5 3.5 2 1 5 3 3
-548.8 10316.0 5.0 58 0 13.9 10.2 17.5 3.5 4 0 5 5 5
-467.9 10208.8 8.5 54 0 10.4 9.4 10.5 0.0 0 0 3 5 5
-611.0 10391.4 1.5 144 0 12.7 11.8 17.5 3.5 2 0 5 3 3
-566.7 10403.2 -1.2 229 0 9.8 11.2 10.5 3.5 2 1 3 3 3
-593.3 10362.2 3.2 143 0 12.4 12.7 14.0 3.5 2 1 4 5 5
-442.5 10182.4 9.2 332 0 10.8 12.9 17.5 3.5 2 1 5 2 2
-482.4 10231.0 7.7 57 0 9.3 20.2 10.5 0.0 0 1 3 4 4
-511.8 10324.7 2.5 328 0 11.5 10.5 17.5 3.5 2 0 5 5 5
-465.3 10195.5 9.6 240 0 8.4 13.1 10.5 3.5 2 1 3 0 0
-534.2 10269.9 7.9 163 0 8.4 12.9 10.5 3.5 2 1 3 2 2
-576.7 10351.4 3.9 50 0 12.3 10.9 14.0 3.5 2 0 4 0 0
-511.4 10212.4 11.1 74 0 12.0 9.1 10.5 3.5 2 0 3 5 5
-588.8 10396.1 0.1 45 0 18.1 8.3 10.5 3.5 4 0 3 4 4
-458.7 10242.4 5.6 236 0 9.7 9.5 7.5 2.5 2 0 3 3 3
-540.9 10425.3 -4.0 316 0 11.8 19.0 14.0 3.5 2 1 4 2 2
-526.1 10357.3 0.3 43 0 9.6 10.4 10.5 3.5 2 1 3 5 5
-582.1 10385.1 0.8 230 0 17.2 12.0 14.0 3.5 2 0 4 5 5
-449.7 10196.8 8.6 326 0 15.5 9.7 10.5 3.5 2 0 3 4 4
-454.8 10227.0 5.7 147 0 11.3 10.5 5.0 2.5 2 0 2 1 1
-538.5 10397.3 -2.5 51 0 8.0 11.8 10.5 3.5 2 1 3 1 1
-521.8 10245.5 9.3 168 0 9.2 10.4 10.5 0.0 0 1 3 0 0
-535.7 10376.0 -0.4 225 0 8.4 8.2 10.5 3.5 2 0 3 5 5
-485.9 10175.8 11.8 144 0 14.0 10.3 17.5 0.0 0 0 5 2 2
-619.4 10140.7 27.0 336 0 12.8 15.4 14.0 3.5 2 1 4 2 2
-521.1 10176.6 14.7 65 0 6.8 13.4 10.5 3.5 2 1 3 0 0
-561.5 10302.9 8.1 320 0 6.9 12.1 10.5 3.5 2 1 3 5 5
-591.7 10220.2 16.1 160 0 14.6 11.2 17.5 3.5 2 0 5 0 0
-685.7 10142.4 31.7 234 0 7.3 11.4 10.5 3.5 2 1 3 4 4
-646.5 10249.1 17.5 66 0 9.5 19.2 10.5 3.5 2 1 3 4 4
-575.4 10257.0 12.9 342 0 14.1 13.6 17.5 0.0 0 0 5 3 3
-540.2 10130.5 21.9 347 0 11.2 11.0 17.5 3.5 2 0 5 0 0
-596.8 10233.7 15.3 159 0 14.2 12.6 17.5 3.5 2 0 5 3 3
-613.3 10123.3 28.1 340 0 21.4 12.9 14.0 3.5 2 0 4 2 2
-600.7 10284.2 10.9 149 0 8.4 14.8 10.5 3.5 2 1 3 1 1
-560.8 10216.3 15.2 338 0 12.5 12.7 17.5 3.5 2 1 5 1 1
-680.1 10238.5 21.1 65 0 11.5 13.6 14.0 3.5 2 1 4 3 3
-673.8 10149.4 30.2 244 0 7.9 11.1 10.5 0.0 0 1 3 0 0
-615.6 10156.2 22.9 158 0 12.5 17.7 17.5 3.5 2 1 5 0 0
-643.8 10123.0 31.0 332 0 8.6 13.6 10.5 3.5 2 1 3 1 1
-620.1 10335.8 8.3 211 0 13.1 7.3 10.5 3.5 2 0 3 1 1
-666.1 10100.2 32.5 154 0 9.1 10.9 10.5 3.5 2 1 3 3 3
-611.4 10345.3 7.3 230 0 5.3 8.8 10.5 3.5 4 1 3 3 3
-605.8 10351.8 6.3 245 0 7.0 6.3 10.5 3.5 2 0 3 2 2
-589.3 10319.0 8.4 228 0 6.7 10.1 10.5 3.5 2 1 3 5 5
-654.1 10227.6 21.2 340 0 11.3 13.2 14.0 3.5 2 1 4 5 5
-594.9 10344.4 6.6 323 0 9.3 7.9 10.5 3.5 2 0 3 1 1
-660.6 10151.6 29.1 328 0 11.8 7.1 10.5 0.0 0 0 3 0 0
-635.4 10306.8 12.4 237 0 13.3 8.4 10.5 3.5 2 0 3 2 2
-474.6 10112.9 17.9 66 0 8.8 13.1 10.5 3.5 2 1 3 3 3
-508.3 10168.3 15.1 238 0 9.1 13.1 10.5 3.5 2 1 3 3 3
-673.4 10114.2 32.3 151 0 7.8 12.3 10.5 3.5 2 1 3 5 5
-626.2 10153.3 26.0 338 0 13.1 15.3 14.0 0.0 0 1 4 2 2
-465.4 10125.4 16.7 335 0 14.1 8.2 10.5 3.5 2 0 3 5 5
-557.5 10295.0 8.5 321 0 8.7 13.7 10.5 3.5 2 1 3 4 4
-642.5 10291.8 14.5 234 0 9.3 10.0 10.5 3.5 2 1 3 1 1
-509.3 9932.4 38.2 49 0 13.5 9.9 10.5 3.5 2 0 3 2 2
-417.0 9938.6 30.0 328 0 7.6 4.4 10.5 3.5 2 0 3 5 5
-381.0 10017.7 20.9 38 0 10.6 13.0 17.5 3.5 2 1 5 0 0
-424.1 9949.7 29.9 323 0 7.7 10.8 10.5 0.0 0 1 3 2 2
-497.2 9973.5 34.3 228 0 9.0 11.0 10.5 3.5 2 1 3 4 4
-507.0 9920.7 39.1 231 0 8.6 9.8 10.5 0.0 0 1 3 1 1
-495.0 9989.1 33.2 53 0 9.7 10.4 10.5 3.5 2 1 3 3 3
-478.7 10001.5 30.9 54 0 7.4 10.5 10.5 3.5 2 1 3 3 3
-397.3 9994.5 23.9 46 0 13.5 8.7 10.5 3.5 2 0 3 3 3
-424.9 10040.4 22.3 226 0 14.0 10.4 17.5 3.5 4 0 5 3 3
-484.2 9981.9 32.6 232 0 9.3 7.8 10.5 3.5 2 0 3 2 2
-447.6 9948.5 31.7 45 0 9.0 7.8 10.5 3.5 2 0 3 4 4
-494.5 9905.9 38.9 51 0 10.6 8.5 10.5 0.0 0 0 3 4 4
-487.1 10034.1 28.7 334 0 9.5 13.8 10.5 3.5 2 1 3 3 3
-437.3 10029.4 25.1 225 0 4.8 6.0 10.5 3.5 2 1 3 0 0
-478.6 9989.4 31.7 229 0 7.2 7.0 10.5 3.5 2 0 3 3 3
-493.1 9893.9 39.5 228 0 11.0 9.1 10.5 3.5 2 0 3 2 2
-517.1 10029.4 30.1 156 0 8.8 13.9 10.5 3.5 2 1 3 4 4
-454.9 9968.8 30.6 228 0 11.9 8.7 10.5 3.5 2 0 3 1 1
-412.7 10009.5 24.5 229 0 9.1 9.8 10.5 3.5 2 1 3 3 3
-440.5 9955.7 30.5 43 0 8.8 8.5 10.5 0.0 0 0 3 5 5
-460.4 10006.2 28.8 229 0 11.8 10.5 17.5 3.5 2 0 5 3 3
-481.3 9944.8 34.6 226 0 14.1 8.7 10.5 3.5 2 0 3 0 0
-488.9 9949.2 35.2 48 0 12.4 10.2 17.5 3.5 2 0 5 0 0
-463.9 9960.8 32.0 230 0 12.2 9.3 10.5 3.5 2 0 3 4 4
-387.5 10039.8 19.4 224 0 11.2 10.3 17.5 3.5 2 0 5 2 2
-454.3 9928.7 33.5 226 0 9.8 11.0 10.5 3.5 2 1 3 3 3
-496.0 10053.1 27.4 335 0 9.4 12.6 10.5 3.5 2 1 3 5 5
-469.3 9997.2 30.2 229 0 9.6 10.3 10.5 3.5 2 1 3 1 1
-516.5 10076.4 26.3 336 0 9.9 17.8 10.5 0.0 0 1 3 5 5
-499.7 9941.8 36.8 47 0 11.9 7.5 10.5 3.5 2 0 3 5 5
-373.7 10026.8 19.4 42 0 10.6 8.6 10.5 3.5 2 0 3 5 5
-440.1 9941.8 31.4 234 0 9.7 9.4 10.5 3.5 2 0 3 1 1
-501.1 10060.9 27.0 334 0 8.8 11.7 10.5 3.5 2 1 3 3 3
-421.7 9943.5 30.1 323 0 5.1 9.0 10.5 3.5 2 1 3 4 4
-464.8 9972.9 31.4 52 0 11.3 8.2 10.5 3.5 2 0 3 5 5
-486.3 9995.5 31.8 55 0 11.9 11.7 17.5 3.5 2 0 5 5 5
-566.5 9970.1 35.9 64 0 8.8 14.1 10.5 3.5 2 1 3 4 4
-601.1 9998.6 33.3 65 0 8.0 12.6 10.5 3.5 4 1 3 0 0
-509.6 9890.8 39.8 333 0 8.5 15.6 10.5 3.5 2 1 3 2 2
-571.1 10021.0 36.8 333 0 13.0 9.3 10.5 3.5 2 0 3 3 3
-613.3 10097.5 31.0 247 0 13.5 9.6 10.5 3.5 2 0 3 3 3
-603.6 9949.4 31.3 67 0 10.8 18.0 17.5 3.5 2 1 5 0 0
-616.4 10060.5 35.1 247 0 7.5 12.1 10.5 0.0 0 1 3 3 3
-464.7 10062.3 23.7 272 0 9.3 14.3 10.5 3.5 2 1 3 2 2
-593.1 10002.2 34.2 68 0 8.3 12.8 10.5 3.5 2 1 3 1 1
-558.3 9850.1 34.2 69 0 18.3 10.4 14.0 0.0 0 0 4 1 1
-594.0 9955.3 32.5 63 0 9.0 15.9 10.5 3.5 2 1 3 5 5
-618.3 10019.4 32.1 244 0 10.8 10.9 14.0 0.0 0 1 4 2 2
-628.5 10065.8 34.2 68 0 9.0 11.9 10.5 3.5 2 1 3 1 1
-575.1 9867.7 33.8 154 0 8.4 14.7 10.5 0.0 0 1 3 4 4
-594.9 9991.0 33.7 246 0 9.3 13.9 10.5 3.5 2 1 3 3 3
-459.4 10019.6 27.5 41 0 11.5 9.1 10.5 3.5 2 0 3 2 2
-605.1 10026.0 34.7 245 0 7.6 11.4 10.5 3.5 2 1 3 4 4
-639.3 10089.5 34.1 247 0 7.1 11.5 10.5 3.5 2 1 3 0 0
-448.8 10038.0 24.6 40 0 11.6 5.0 10.5 3.5 2 0 3 4 4
-632.2 10053.7 33.9 249 0 7.8 13.0 10.5 3.5 2 1 3 0 0
-578.2 9876.2 33.6 154 0 9.4 13.0 10.5 3.5 4 1 3 0 0
-581.3 9997.6 35.4 248 0 7.4 14.1 10.5 3.5 2 1 3 4 4
-598.1 10029.1 35.9 245 0 7.9 10.3 10.5 3.5 4 1 3 0 0
-614.2 10072.1 33.4 69 0 8.6 12.1 10.5 3.5 2 1 3 4 4
-555.5 9965.2 37.4 244 0 11.1 12.0 14.0 3.5 2 1 4 3 3
-572.3 10001.3 36.4 246 0 8.2 13.6 10.5 3.5 2 1 3 3 3
-434.5 10045.2 22.5 41 0 13.0 11.1 17.5 3.5 2 0 5 0 0
-624.3 10057.0 34.5 249 0 7.1 12.9 10.5 3.5 2 1 3 3 3
-583.3 10035.6 36.0 245 0 9.4 9.3 10.5 3.5 2 0 3 5 5
-630.5 10092.4 33.3 249 0 7.6 11.5 10.5 3.5 2 1 3 5 5
-520.9 9912.9 38.6 335 0 9.7 19.3 10.5 3.5 2 1 3 4 4
-642.4 10362.9 6.7 201 0 9.0 13.1 10.5 3.5 2 1 3 2 2
-612.4 10454.4 -2.3 229 0 9.7 11.4 10.5 3.5 4 1 3 2 2
-654.4 10414.7 3.1 41 0 9.4 10.4 10.5 3.5 2 1 3 2 2
-646.0 10466.4 -1.1 219 0 9.4 11.9 10.5 3.5 2 1 3 4 4
-626.8 10379.6 4.3 215 0 7.2 9.5 10.5 3.5 2 1 3 0 0
-560.8 10095.3 27.6 339 0 9.1 12.0 10.5 3.5 2 1 3 4 4
-541.0 10249.7 11.3 341 0 10.1 10.1 17.5 3.5 2 0 5 0 0
-605.9 10421.7 -0.7 37 0 17.5 11.4 14.0 0.0 0 0 4 0 0
-691.4 10424.9 4.3 59 0 8.5 12.1 10.5 3.5 2 1 3 5 5
-593.6 10439.4 -2.3 30 0 9.0 11.4 10.5 3.5 2 1 3 5 5
-661.3 10406.4 4.0 37 0 10.3 10.5 14.0 3.5 2 1 4 3 3
-651.6 10401.7 3.8 219 0 10.7 10.1 14.0 3.5 2 0 4 1 1
-712.7 10378.3 9.2 225 0 9.8 11.6 10.5 3.5 2 1 3 1 1
-694.0 10321.7 13.2 141 0 9.7 9.5 10.5 3.5 2 0 3 3 3
-635.7 10330.3 9.9 56 0 4.9 5.9 10.5 3.5 2 1 3 0 0
-644.7 10318.0 11.3 59 0 8.5 9.6 10.5 0.0 0 1 3 0 0
-639.6 10474.2 -2.1 217 0 9.3 10.7 10.5 3.5 2 1 3 3 3
-672.8 10432.4 2.9 226 0 8.8 11.2 10.5 3.5 2 1 3 5 5
-637.3 10336.4 9.1 55 0 8.9 6.4 10.5 3.5 2 0 3 2 2
-627.1 10449.9 -1.1 40 0 9.4 11.2 10.5 3.5 2 1 3 2 2
-678.2 10327.6 12.1 48 0 9.2 9.9 10.5 3.5 4 1 3 4 4
-678.8 10424.4 3.9 228 0 8.8 11.2 10.5 3.5 2 1 3 5 5
-706.2 10407.6 6.2 41 0 19.0 9.1 10.5 3.5 2 0 3 3 3
-672.0 10320.2 12.9 233 0 10.3 10.1 17.5 3.5 2 0 5 5 5
-652.7 10360.3 7.2 48 0 9.4 10.3 10.5 3.5 2 1 3 3 3
-634.3 10441.8 -0.1 40 0 10.0 12.2 17.5 3.5 2 1 5 4 4
-603.6 10215.2 18.3 339 0 15.3 13.1 17.5 3.5 2 0 5 2 2
-698.9 10397.7 6.9 236 0 10.5 12.2 14.0 3.5 2 1 4 2 2
-600.2 10470.1 -4.2 225 0 9.8 12.8 10.5 0.0 0 1 3 1 1
-643.2 10352.8 8.0 215 0 8.6 8.5 10.5 3.5 2 0 3 1 1
-729.3 10413.0 7.6 219 0 10.3 9.9 10.5 3.5 2 0 3 1 1
-647.9 10422.4 2.1 43 0 8.6 13.6 10.5 3.5 2 1 3 0 0
-678.4 10313.5 14.2 232 0 7.0 6.2 10.5 3.5 2 0 3 5 5
-665.0 10385.0 5.9 229 0 9.3 8.6 10.5 3.5 2 0 3 4 4
-625.7 10352.0 7.1 45 0 5.8 5.7 10.5 3.5 2 0 3 2 2
-694.5 10407.5 5.9 221 0 11.3 11.9 14.0 0.0 0 1 4 5 5
-607.3 10474.6 -4.1 38 0 10.8 10.4 17.5 3.5 4 0 5 0 0
-637.1 10410.7 2.8 308 0 11.7 10.6 14.0 3.5 2 0 4 3 3
-717.6 10426.4 6.1 220 0 9.2 8.9 10.5 3.5 2 0 3 4 4
-654.8 10312.8 12.8 50 0 6.9 4.9 10.5 3.5 2 0 3 0 0
-635.7 10383.8 4.3 41 0 9.2 11.1 10.5 0.0 0 1 3 0 0
-628.5 10489.8 -3.9 216 0 9.3 12.0 10.5 3.5 2 1 3 3 3
-612.8 10358.4 5.5 32 0 9.8 11.6 10.5 3.5 2 1 3 0 0
-584.6 10087.6 28.9 163 0 13.5 11.7 17.5 3.5 4 0 5 0 0
-167.2 9781.6 26.1 232 0 11.9 9.2 10.5 3.5 4 0 3 1 1
-132.1 9846.0 25.5 32 0 27.7 10.9 14.0 3.5 2 0 4 5 5
-129.5 9786.6 28.0 33 0 10.5 12.6 14.0 3.5 2 1 4 3 3
-127.9 9836.0 27.3 209 0 12.9 17.8 14.0 3.5 2 1 4 3 3
-652.7 9839.2 23.8 254 0 14.7 10.7 14.0 3.5 2 0 4 5 5
-119.7 9852.0 27.2 208 0 15.9 8.0 10.5 3.5 2 0 3 3 3
-91.8 9844.8 29.1 27 0 10.6 6.7 10.5 3.5 2 0 3 5 5
-609.3 9850.9 29.0 257 0 12.8 11.1 14.0 3.5 2 0 4 5 5
-581.1 9851.2 31.0 346 0 12.9 15.9 14.0 3.5 2 1 4 4 4
-148.4 9825.7 25.3 38 0 21.2 8.5 10.5 0.0 0 0 3 5 5
-638.9 9843.3 25.5 254 0 13.9 10.7 14.0 3.5 2 0 4 3 3
-171.1 9769.1 26.4 233 0 9.1 12.3 10.5 3.5 2 1 3 2 2
-167.0 9865.4 23.1 216 0 22.8 19.5 14.0 3.5 2 0 4 4 4
-319.0 9866.3 25.7 177 0 13.7 20.0 14.0 0.0 0 1 4 4 4
-296.6 9907.2 21.7 243 0 9.5 11.0 10.5 3.5 2 1 3 2 2
-319.4 9992.4 17.7 324 0 12.9 20.8 17.5 3.5 2 1 5 5 5
-292.5 9825.2 29.4 71 0 8.4 12.0 10.5 3.5 2 1 3 5 5
-262.5 9704.1 31.3 159 0 30.9 22.4 17.5 0.0 0 0 5 5 5
-287.0 9856.6 27.4 245 0 16.3 11.2 14.0 3.5 2 0 4 5 5
-304.3 9911.9 21.3 63 0 10.3 9.2 10.5 3.5 4 0 3 3 3
-333.2 9930.2 22.3 63 0 7.5 10.3 10.5 3.5 2 1 3 2 2
-281.3 9874.0 22.6 64 0 10.5 20.5 14.0 3.5 2 1 4 0 0
-244.1 9836.1 24.5 247 0 27.1 12.8 14.0 0.0 0 0 4 1 1
-261.4 9740.4 30.9 248 0 16.4 11.7 17.5 3.5 2 0 5 1 1
-279.9 9819.1 28.9 248 0 9.1 11.4 10.5 3.5 2 1 3 0 0
-226.0 9756.6 27.1 247 0 23.0 14.6 17.5 3.5 2 0 5 1 1
-253.9 9842.6 25.5 68 0 11.6 12.2 14.0 0.0 0 1 4 0 0
-317.8 9927.9 21.3 243 0 9.4 6.3 10.5 3.5 2 0 3 0 0
-238.1 9730.2 29.5 249 0 19.5 30.9 17.5 0.0 0 0 5 5 5
-265.6 9783.6 29.5 248 0 9.2 11.7 10.5 3.5 2 1 3 1 1
-280.3 9790.7 30.2 66 0 8.7 12.0 10.5 3.5 2 1 3 0 0
-204.5 9726.8 27.7 339 0 30.9 20.3 17.5 0.0 0 0 5 1 1
-248.0 9793.0 27.7 246 0 9.9 14.6 10.5 3.5 2 1 3 3 3
-356.1 9947.3 22.4 152 0 24.9 10.9 17.5 3.5 2 0 5 5 5
-249.4 9759.5 29.3 67 0 7.5 13.2 10.5 3.5 2 1 3 1 1
-295.9 9939.1 17.9 243 0 26.1 21.9 17.5 3.5 4 0 5 5 5
-665.9 10468.5 -0.7 129 0 10.9 13.3 17.5 3.5 2 1 5 1 1
-757.2 10438.6 7.7 235 0 11.7 16.0 17.5 3.5 2 1 5 3 3
-685.1 10431.9 3.5 57 0 8.9 14.6 10.5 3.5 2 1 3 5 5
-699.2 10451.9 3.3 238 0 9.6 9.0 10.5 3.5 2 0 3 4 4
-721.6 10437.1 5.5 36 0 10.5 13.7 17.5 3.5 4 1 5 1 1
-716.3 10445.3 4.7 38 0 7.7 12.8 10.5 3.5 2 1 3 0 0
-741.0 10412.6 8.5 46 0 9.7 12.7 10.5 3.5 2 1 3 2 2
-649.0 10479.0 -1.7 40 0 9.5 7.7 10.5 0.0 0 0 3 3 3
-668.9 10451.2 1.2 40 0 8.3 11.1 10.5 3.5 2 1 3 1 1
-812.3 10488.1 8.0 252 0 8.6 10.8 10.5 3.5 2 1 3 3 3
-805.2 10485.3 6.8 161 0 10.0 11.6 14.0 3.5 2 1 4 3 3
-751.5 10463.5 5.6 54 0 11.1 10.2 17.5 3.5 2 0 5 0 0
-762.4 10448.8 7.2 54 0 11.0 14.1 17.5 0.0 0 1 5 0 0
-822.2 10487.2 8.7 251 0 8.6 7.3 10.5 3.5 2 0 3 1 1
-726.0 10477.8 3.2 232 0 9.9 12.5 10.5 3.5 2 1 3 1 1
-733.0 10469.5 4.3 234 0 9.4 12.8 10.5 0.0 0 1 3 5 5
-762.5 10485.5 5.2 246 0 10.0 12.2 10.5 3.5 2 1 3 5 5
-779.6 10469.6 6.5 157 0 5.3 12.2 10.5 3.5 2 1 3 3 3
-376.5 10179.1 4.6 339 0 8.6 22.1 2.5 2.5 2 0 1 3 3
-417.4 10163.5 6.7 156 0 8.1 21.6 5.0 2.5 2 0 2 3 3
-391.9 10193.4 4.2 69 0 5.5 7.6 10.5 3.5 2 1 3 0 0
-472.8 10305.1 1.1 57 0 10.2 7.1 10.5 3.5 2 0 3 3 3
-486.0 10326.3 0.3 235 0 9.5 15.0 10.5 3.5 2 0 3 4 4
-486.6 10341.1 -1.3 49 0 8.6 15.9 10.5 3.5 4 0 3 1 1
-496.1 10333.2 -0.2 51 0 16.2 9.0 10.5 3.5 2 0 3 1 1
1079.9 -9242.7 -64.9 159 0 10.7 27.1 12.5 2.5 2 1 5 2 2
1462.7 -10281.3 -67.7 171 0 26.1 19.2 7.5 2.5 2 0 3 4 4
363.3 -9447.4 -35.4 276 0 5.1 5.7 2.5 2.5 2 1 1 3 3
1371.3 -10164.3 -67.8 265 0 36.9 28.3 10.0 0.0 0 0 4 0 0
-1994.0 -9848.9 -86.3 188 0 6.9 23.5 5.0 2.5 2 1 2 2 2
762.0 -10287.4 -59.4 75 0 27.2 11.4 10.0 2.5 2 0 4 0 0
1703.9 -10248.9 -70.5 92 0 12.3 13.0 7.5 2.5 2 1 3 0 0
624.5 9730.4 56.0 136 0 21.4 9.7 10.5 3.5 2 0 3 5 5
-1179.7 3890.4 45.8 64 0 17.8 16.3 12.5 2.5 2 0 5 5 5
634.7 9889.7 53.8 304 0 12.3 21.3 17.5 3.5 2 1 5 3 3
985.6 10282.6 56.0 159 0 31.5 45.6 17.5 0.0 0 1 5 3 3
3097.8 -1145.0 51.8 298 0 5.3 4.9 7.5 2.5 2 0 3 3 3
3068.0 -1087.9 49.3 328 0 8.0 25.4 7.5 2.5 2 1 3 5 5
-4210.7 -10156.3 -81.5 90 0 4.8 11.5 2.5 2.5 2 1 1 4 4
-3989.3 -8443.1 -34.4 316 0 8.8 17.4 7.5 2.5 2 1 3 4 4
-7.5 -1607.7 13.0 61 0 33.6 25.4 12.5 0.0 0 0 5 5 5
5557.2 1399.0 -11.0 349 0 116.2 51.7 15.0 0.0 0 0 6 4 4
1388.7 7042.2 -15.0 66 0 30.0 23.6 14.0 0.0 0 0 4 2 2
6838.6 10499.1 34.3 318 0 60.5 57.7 10.0 0.0 0 0 4 0 0
-4471.6 5585.1 8.0 21 0 4.3 11.7 7.5 2.5 2 1 3 3 3
-4443.1 5649.2 14.9 227 0 6.3 9.1 2.5 2.5 2 1 1 3 3
-4457.2 5637.8 13.7 232 0 7.4 5.6 5.0 2.5 2 0 2 3 3
-4461.5 5648.7 14.5 231 0 8.8 9.8 5.0 2.5 2 1 2 4 4
-4521.5 5604.6 9.3 215 0 9.1 6.1 5.0 2.5 2 0 2 4 4
-4521.9 5564.1 4.2 321 0 10.3 9.9 5.0 0.0 0 0 2 5 5
-4507.0 5575.7 6.5 128 0 11.7 11.0 7.5 2.5 2 0 3 4 4
-4150.0 5610.8 6.0 41 0 12.8 18.4 7.5 2.5 2 1 3 5 5
-4161.0 5597.8 7.1 40 0 12.9 17.0 2.5 2.5 2 1 1 3 3
-3818.2 5670.1 -4.7 296 0 6.0 9.4 5.0 2.5 2 1 2 1 1
-3830.5 5643.0 -7.8 27 0 11.0 9.2 2.5 2.5 4 0 1 5 5
-3852.3 5676.6 -4.3 125 0 8.9 16.1 5.0 2.5 4 1 2 0 0
-3436.2 5571.9 -13.6 245 0 3.3 8.9 7.5 2.5 4 1 3 4 4
-3416.9 5473.9 -21.5 71 0 6.7 10.2 5.0 0.0 0 1 2 0 0
-3436.8 5489.2 -20.2 159 0 10.1 11.3 10.0 2.5 2 1 4 3 3
-3589.9 4246.8 25.8 112 0 13.3 13.7 10.0 2.5 2 1 4 4 4
-3810.1 4380.0 20.0 87 0 8.3 12.1 2.5 2.5 2 1 1 2 2
-3698.4 4414.1 19.5 8 0 10.2 16.4 5.0 2.5 2 1 2 4 4
-3755.4 4478.2 19.6 181 0 7.0 9.0 7.5 2.5 2 1 3 0 0
-3737.7 4485.0 20.2 274 0 11.5 13.2 2.5 2.5 2 1 1 2 2
-4741.7 5188.4 4.4 348 0 9.4 8.2 7.5 2.5 2 0 3 5 5
-4643.1 5175.4 -6.6 261 0 8.3 8.8 7.5 0.0 0 1 3 3 3
-4606.8 5187.4 -9.6 253 0 7.3 13.8 7.5 2.5 2 1 3 3 3
-4374.2 5266.5 -14.5 83 0 6.2 10.2 5.0 2.5 2 1 2 0 0
-4365.3 5427.8 0.2 309 0 12.7 18.6 7.5 2.5 2 1 3 3 3
-4490.5 5647.1 15.1 67 0 7.2 15.0 7.5 2.5 2 1 3 4 4
-4468.1 5654.0 15.9 61 0 11.6 12.0 5.0 2.5 2 1 2 5 5
-4536.7 5666.5 15.5 232 0 8.1 15.3 7.5 2.5 2 1 3 2 2
-4624.1 4073.7 48.3 95 0 11.8 7.7 7.5 2.5 2 0 3 3 3
-4809.3 4640.0 4.9 1 0 8.1 6.3 5.0 2.5 2 0 2 5 5
-4809.1 4591.6 9.7 357 0 9.4 9.3 7.5 2.5 2 0 3 3 3
-4745.7 4747.8 -6.9 77 0 6.9 10.2 7.5 2.5 2 1 3 0 0
-4749.1 5041.3 -10.6 84 0 8.1 6.8 7.5 2.5 2 0 3 1 1
-4690.3 5093.1 -11.8 261 0 8.2 10.4 7.5 2.5 2 1 3 2 2
-4646.3 5104.4 -13.7 258 0 10.6 11.9 7.5 2.5 2 1 3 5 5
-4485.8 5147.4 -18.1 168 0 18.0 7.4 7.5 2.5 2 0 3 1 1
-4469.6 5245.6 -14.7 63 0 5.3 10.5 2.5 2.5 2 1 1 3 3
-4483.3 5241.7 -13.6 72 0 7.5 11.6 7.5 2.5 2 1 3 2 2
-4509.1 5271.4 -11.0 67 0 11.0 12.0 5.0 2.5 2 1 2 3 3
-4650.7 5541.6 4.6 230 0 7.5 10.4 5.0 2.5 2 1 2 1 1
-4537.0 5581.0 5.7 322 0 14.7 11.3 7.5 2.5 2 0 3 4 4
-4348.0 5595.1 16.6 137 0 19.9 11.1 5.0 0.0 0 0 2 1 1
-4172.1 5583.1 8.3 38 0 11.3 16.5 2.5 2.5 2 1 1 4 4
-4199.3 5597.7 9.5 129 0 17.2 11.3 10.0 0.0 0 0 4 5 5
-4063.2 5680.0 -2.8 308 0 29.6 11.8 10.0 0.0 0 0 4 2 2
-4093.6 5652.8 -1.8 185 0 13.9 32.6 15.0 0.0 0 1 6 4 4
-4123.0 5697.5 1.9 308 0 31.7 12.3 12.5 2.5 2 0 5 5 5
-4146.8 5660.6 4.9 40 0 12.6 17.2 7.5 2.5 2 1 3 5 5
-4675.7 5132.1 -8.4 175 0 10.6 8.5 5.0 2.5 2 0 2 3 3
-4667.9 5099.5 -13.1 256 0 12.1 10.6 2.5 2.5 2 0 1 1 1
-4753.2 5069.6 -7.4 178 0 5.2 6.0 7.5 2.5 2 1 3 2 2
-4732.1 5091.7 -6.6 355 0 8.4 15.4 5.0 2.5 2 1 2 5 5
-4764.4 5072.0 -6.0 174 0 5.8 6.0 5.0 2.5 2 1 2 5 5
-4768.7 5296.9 8.5 348 0 17.4 12.2 7.5 2.5 4 0 3 3 3
-4693.9 5387.4 4.1 81 0 10.1 17.8 5.0 2.5 2 1 2 3 3
-4731.9 5588.8 14.1 79 0 7.4 4.6 2.5 2.5 2 0 1 5 5
-4614.6 5680.9 16.5 316 0 15.7 12.0 7.5 2.5 2 0 3 5 5
-4575.1 5665.2 16.3 138 0 9.8 14.9 5.0 2.5 2 1 2 5 5
-4555.0 5638.7 13.2 141 0 12.9 13.2 7.5 2.5 2 1 3 2 2
-4761.0 5453.9 9.0 166 0 9.7 45.7 7.5 2.5 2 1 3 3 3
-4679.4 5489.4 5.5 253 0 18.7 11.2 7.5 2.5 2 0 3 1 1
-4656.3 5497.3 3.5 255 0 23.7 10.5 5.0 2.5 2 0 2 4 4
-4554.9 5278.6 -6.9 253 0 14.3 12.0 10.0 2.5 2 0 4 1 1
-4490.5 5514.7 0.2 222 0 6.3 9.9 5.0 2.5 2 1 2 2 2
-4336.5 5518.3 10.4 192 0 14.5 11.1 2.5 2.5 2 0 1 5 5
-4354.4 5462.2 4.4 203 0 21.2 40.8 10.0 0.0 0 1 4 5 5
-4177.4 5685.0 6.2 215 0 9.7 15.5 2.5 2.5 2 1 1 0 0
-4188.3 5670.4 7.2 220 0 10.9 19.0 10.0 2.5 2 1 4 5 5
-4209.4 5638.7 9.6 219 0 10.0 17.3 5.0 2.5 2 1 2 3 3
-4216.8 5612.6 10.7 131 0 17.3 11.4 10.0 2.5 2 0 4 1 1
-3910.6 4657.0 -0.3 354 0 11.0 14.0 7.5 0.0 0 1 3 1 1
-3959.3 4671.6 -3.2 262 0 9.1 9.9 7.5 2.5 2 1 3 1 1
-4369.7 4937.4 -20.7 68 0 9.1 9.4 7.5 2.5 2 1 3 1 1
-4599.1 5247.7 -2.6 152 0 6.2 10.4 2.5 2.5 4 1 1 4 4
-4594.0 5238.1 -3.8 152 0 8.9 12.8 7.5 2.5 2 1 3 3 3
-4764.9 5116.7 -3.3 262 0 17.8 13.9 7.5 2.5 2 0 3 0 0
-4743.2 5430.1 10.1 74 0 9.6 10.3 7.5 2.5 2 1 3 3 3
-4765.1 5432.6 11.4 164 0 9.7 10.5 5.0 2.5 2 1 2 3 3
-4695.7 5613.1 11.3 332 0 9.8 8.4 5.0 2.5 2 0 2 2 2
-4708.7 5645.8 13.4 298 0 7.6 9.2 7.5 2.5 2 1 3 1 1
-4757.1 5583.1 16.3 89 0 6.7 11.7 2.5 2.5 2 1 1 1 1
-4778.6 5620.2 18.7 258 0 8.9 9.8 5.0 2.5 2 1 2 4 4
-4780.5 5592.0 17.6 175 0 20.9 10.9 5.0 2.5 2 0 2 0 0
-4820.3 5485.9 19.2 0 0 11.3 9.1 5.0 2.5 2 0 2 0 0
-4827.6 5512.4 20.3 271 0 8.7 10.8 7.5 2.5 2 1 3 2 2
-4827.0 5352.0 13.5 170 0 12.5 16.6 5.0 2.5 2 1 2 2 2
-4785.1 5342.1 10.9 347 0 6.0 10.7 5.0 2.5 2 1 2 2 2
-4777.2 5328.4 9.4 350 0 17.0 12.7 7.5 2.5 2 0 3 5 5
-4800.0 5290.6 9.9 95 0 15.7 9.6 5.0 2.5 4 0 2 1 1
-4828.5 5298.2 10.7 184 0 14.4 14.9 7.5 2.5 2 1 3 1 1
-4823.8 5323.6 12.5 188 0 17.0 10.7 2.5 0.0 0 0 1 4 4
6045.5 -2517.1 -69.1 85 0 12.3 5.8 2.5 0.0 0 0 1 0 0
6001.0 -2464.2 -69.7 181 0 7.2 13.9 2.5 2.5 2 1 1 0 0
6022.6 -2477.9 -69.5 271 0 8.7 10.7 2.5 2.5 2 1 1 2 2
6100.9 -2515.2 -68.8 1 0 6.6 12.7 2.5 2.5 2 1 1 3 3
5738.5 -2410.4 -61.6 200 0 5.2 7.0 2.5 2.5 4 1 1 0 0
5781.4 -2417.9 -64.1 20 0 9.2 18.6 2.5 2.5 2 1 1 4 4
5814.8 -2331.5 -61.8 224 0 16.6 6.8 5.0 2.5 2 0 2 1 1
5832.5 -2313.4 -62.5 201 0 10.1 13.2 5.0 2.5 2 1 2 0 0
5760.7 -2189.5 -56.7 241 0 14.4 9.2 7.5 2.5 2 0 3 4 4
5698.4 -2202.1 -53.3 61 0 7.8 9.4 7.5 2.5 4 1 3 1 1
5667.6 -2170.9 -51.4 318 0 13.0 12.3 5.0 2.5 2 0 2 3 3
5709.8 -2226.4 -54.6 232 0 10.0 15.1 7.5 2.5 2 1 3 2 2
3073.5 -1752.0 28.6 19 0 92.3 35.7 12.5 0.0 0 0 5 2 2
3215.7 -3252.1 24.1 288 0 25.8 72.1 12.5 0.0 0 1 5 2 2
3163.8 -3234.5 25.1 289 0 25.4 73.0 15.0 0.0 0 1 6 0 0
3176.0 -10388.5 -77.7 315 0 15.3 9.6 7.5 2.5 2 0 3 4 4
3145.3 -10393.5 -78.1 231 0 15.3 11.5 7.5 2.5 2 0 3 2 2
3147.2 -10433.2 -76.4 53 0 9.1 8.2 5.0 2.5 2 0 2 1 1
3158.1 -10441.3 -78.3 235 0 15.8 9.0 5.0 2.5 2 0 2 5 5
6812.2 -5594.2 -53.0 122 0 20.9 13.6 17.5 0.0 0 0 7 4 4
6909.7 -5835.0 -49.9 134 0 17.3 11.6 10.0 2.5 2 0 4 4 4
5864.2 -3167.0 -69.1 269 0 9.4 19.7 7.5 2.5 2 1 3 5 5
5870.6 -3202.3 -69.1 359 0 19.7 9.4 7.5 2.5 2 0 3 0 0
5870.2 -3226.1 -69.0 359 0 19.7 9.4 5.0 0.0 0 0 2 5 5
5871.2 -3251.7 -69.0 357 0 18.5 10.5 5.0 2.5 2 0 2 0 0
5483.7 -2929.8 -52.8 343 0 12.0 10.3 5.0 2.5 2 0 2 3 3
5386.3 -2718.2 -57.3 211 0 9.8 24.1 7.5 2.5 2 1 3 3 3
5344.7 -2785.6 -51.0 170 0 13.7 24.6 10.0 0.0 0 1 4 0 0
5366.7 -2750.3 -54.0 211 0 9.8 24.0 7.5 2.5 2 1 3 0 0
5391.4 -2817.8 -51.0 121 0 19.6 14.6 10.0 0.0 0 0 4 4 4
5424.8 -2840.6 -51.9 121 0 19.6 14.6 10.0 2.5 2 0 4 4 4
4424.7 -1832.4 -3.1 31 0 14.4 48.3 10.0 2.5 2 1 4 0 0
2691.9 -2032.7 33.4 107 0 13.2 43.9 10.0 0.0 0 1 4 4 4
2663.3 -1952.2 36.5 359 0 48.6 12.4 10.0 2.5 2 0 4 0 0
2619.8 -1966.2 37.9 90 0 7.3 36.1 7.5 2.5 2 1 3 4 4
2588.6 -1896.8 40.3 166 0 49.1 9.7 7.5 2.5 2 0 3 0 0
2623.4 -1832.0 42.3 264 0 38.2 16.1 10.0 2.5 2 0 4 1 1
2566.9 -2970.2 44.6 250 0 49.5 42.3 12.5 0.0 0 0 5 5 5
2673.3 -2943.4 35.9 285 0 39.4 50.8 10.0 0.0 0 1 4 0 0
2907.3 -3243.4 29.9 107 0 124.1 72.2 12.5 0.0 0 0 5 1 1
2796.4 -10363.4 -84.2 76 0 11.2 9.1 7.5 2.5 2 0 3 2 2
6281.9 -1924.2 -60.0 31 0 17.5 10.6 7.5 2.5 2 0 3 1 1
6300.5 -1908.7 -58.7 204 0 10.7 12.4 2.5 2.5 2 1 1 5 5
6300.2 -1944.8 -59.3 118 0 11.8 24.2 12.5 2.5 2 1 5 2 2
5827.1 -2165.2 -59.7 259 0 10.1 14.0 7.5 2.5 2 1 3 5 5
5778.5 -2257.3 -58.0 43 0 13.7 14.1 5.0 2.5 2 1 2 3 3
5889.6 -2362.3 -67.1 14 0 11.1 15.2 10.0 2.5 2 1 4 4 4
5904.4 -2291.7 -65.0 280 0 9.3 8.7 2.5 2.5 2 0 1 3 3
5902.3 -2312.6 -65.2 11 0 8.1 7.3 5.0 2.5 2 0 2 5 5
1063.2 -1083.4 19.3 56 0 16.6 12.1 7.5 2.5 2 0 3 0 0
300.4 -1221.7 29.6 61 0 20.0 26.8 10.0 2.5 4 1 4 1 1
-1265.2 -1870.3 51.8 173 0 25.8 18.5 10.0 2.5 2 0 4 5 5
-1268.8 -1859.9 52.5 75 0 8.7 4.7 5.0 2.5 2 0 2 2 2
384.8 10267.4 44.0 333 0 17.5 23.7 14.0 3.5 2 1 4 2 2
-1634.4 8057.5 11.2 246 0 25.7 17.6 14.0 3.5 2 0 4 1 1
-2279.1 8109.2 51.0 332 0 18.8 27.6 14.0 3.5 2 1 4 0 0
-6168.7 7494.6 -2.5 3 0 7.5 76.5 2.5 0.0 0 1 1 1 1
-4910.0 10488.3 10.8 23 0 13.2 11.3 2.5 0.0 0 0 1 3 3
-2493.7 9422.2 -13.3 152 0 28.8 21.5 3.5 0.0 0 0 1 3 3
-2510.8 9353.0 -3.5 237 0 31.2 15.7 3.5 3.5 2 0 1 0 0
-2480.8 9299.5 2.9 238 0 21.5 20.3 3.5 3.5 2 0 1 1 1
-2414.9 9244.8 6.6 57 0 39.4 17.3 3.5 3.5 2 0 1 3 3
-2353.6 9283.4 3.8 355 0 15.3 34.2 3.5 3.5 2 1 1 2 2
-2313.5 9304.8 -0.8 64 0 33.6 16.8 3.5 3.5 2 0 1 2 2
-2348.1 9411.4 -13.2 335 0 58.2 73.5 3.5 0.0 0 1 1 4 4
-1241.7 10305.6 -3.5 355 0 52.2 16.7 3.5 3.5 2 0 1 1 1
-1285.1 10326.2 -1.4 264 0 31.1 11.5 3.5 0.0 0 0 1 0 0
-1279.7 10277.0 -0.3 84 0 30.2 12.2 3.5 3.5 2 0 1 2 2
-1326.1 10322.5 -1.5 264 0 34.7 13.7 3.5 3.5 2 0 1 2 2
-1321.8 10271.4 0.2 83 0 30.7 12.8 3.5 3.5 2 0 1 5 5
-1367.7 10318.8 -3.3 263 0 29.1 15.2 3.5 3.5 2 0 1 3 3
-1360.4 10265.3 -1.6 84 0 28.2 14.9 3.5 3.5 4 0 1 2 2
-1407.0 10286.9 -4.0 174 0 25.1 17.1 3.5 3.5 2 0 1 5 5
-1773.4 10195.5 -19.2 25 0 12.9 9.4 3.5 3.5 2 0 1 5 5
-1760.3 10207.4 -18.4 203 0 8.4 28.0 3.5 3.5 2 1 1 1 1
-1769.5 10322.1 -23.6 46 0 17.0 7.8 3.5 3.5 2 0 1 1 1
-1751.5 10315.3 -21.9 232 0 10.0 9.4 3.5 3.5 2 0 1 4 4
-1736.2 10333.8 -21.9 222 0 6.1 12.1 3.5 3.5 2 1 1 3 3
-1730.5 10289.2 -20.2 234 0 41.8 20.3 3.5 3.5 2 0 1 1 1
-1792.9 10274.8 -22.5 221 0 20.5 9.1 3.5 3.5 2 0 1 1 1
-1772.7 10257.7 -20.9 231 0 13.3 21.7 3.5 3.5 2 1 1 3 3
-2884.5 9943.3 -33.7 56 0 41.9 13.4 3.5 3.5 2 0 1 3 3
-2874.7 9938.7 -33.6 221 0 41.2 13.8 3.5 3.5 2 0 1 3 3
-2824.2 9937.3 -33.4 297 0 10.0 36.8 3.5 0.0 0 1 1 3 3
-2911.2 9896.4 -33.6 222 0 67.0 13.4 3.5 3.5 2 0 1 4 4
-2922.8 9904.7 -33.6 41 0 67.3 14.5 3.5 3.5 4 0 1 5 5
-2996.5 9893.5 -32.6 132 0 13.1 59.9 3.5 3.5 2 1 1 2 2
-3022.4 9905.5 -32.1 131 0 13.3 69.8 3.5 3.5 2 1 1 0 0
-3105.5 9957.3 -29.8 135 0 19.5 40.5 3.5 0.0 0 1 1 3 3
-3097.5 10026.2 -29.9 221 0 45.1 19.2 3.5 3.5 2 0 1 1 1
-3137.1 10170.8 -28.4 310 0 8.1 7.6 3.5 3.5 2 0 1 0 0
-3090.8 10161.9 -29.7 136 0 13.2 7.9 3.5 3.5 2 0 1 5 5
-3059.2 10145.1 -30.5 133 0 14.9 12.6 3.5 3.5 2 0 1 4 4
-3069.3 10116.9 -30.1 304 0 20.1 35.0 3.5 0.0 0 1 1 0 0
-3301.0 10175.2 -24.7 206 0 3.8 10.6 3.5 3.5 2 1 1 0 0
-3261.1 10145.1 -25.5 97 0 11.2 7.6 3.5 3.5 2 0 1 2 2
-3298.3 10152.4 -24.6 111 0 9.8 4.4 3.5 3.5 2 0 1 2 2
-3253.0 10232.0 -26.2 103 0 6.6 8.3 3.5 3.5 2 1 1 3 3
-3271.1 10210.3 -25.3 320 0 6.1 3.0 3.5 3.5 2 0 1 1 1
-3273.0 10201.2 -25.1 22 0 3.9 11.9 3.5 3.5 2 1 1 3 3
-3265.6 10185.9 -25.4 297 0 10.1 6.1 3.5 3.5 2 0 1 0 0
-3300.1 10202.0 -24.8 201 0 8.4 10.8 3.5 3.5 2 1 1 3 3
-3191.7 10203.3 -27.2 306 0 10.6 10.7 3.5 3.5 2 1 1 0 0
-3220.2 10165.7 -26.6 199 0 9.5 9.2 3.5 3.5 2 0 1 5 5
-3224.7 10179.9 -26.6 147 0 8.4 14.3 3.5 3.5 2 1 1 5 5
-3233.2 10188.6 -26.3 146 0 9.2 9.0 3.5 3.5 4 0 1 1 1
-3218.1 10199.3 -26.6 146 0 12.3 6.2 3.5 3.5 2 0 1 4 4
-3217.1 10218.9 -26.6 269 0 7.8 9.0 3.5 3.5 4 1 1 0 0
-3237.7 10219.9 -26.1 271 0 10.0 6.2 3.5 3.5 4 0 1 5 5
-3257.5 10211.5 -25.7 137 0 13.3 7.1 3.5 3.5 2 0 1 5 5
-3247.0 10200.2 -26.0 141 0 12.1 8.4 3.5 3.5 2 0 1 5 5
-3249.8 10274.6 -27.2 207 0 16.2 13.5 3.5 3.5 2 0 1 4 4
-3279.3 10219.1 -25.4 20 0 10.0 9.2 3.5 3.5 2 0 1 2 2
-3300.9 10221.3 -25.2 24 0 9.6 7.6 3.5 3.5 2 0 1 3 3
-3285.7 10249.9 -26.0 19 0 11.5 30.8 3.5 3.5 2 1 1 3 3
-3339.4 10262.8 -25.6 110 0 21.9 4.8 3.5 3.5 4 0 1 5 5
-3307.8 10206.0 -24.7 21 0 8.7 7.5 3.5 3.5 4 0 1 5 5
-3341.3 10150.6 -23.6 47 0 11.9 10.5 3.5 0.0 0 0 1 4 4
-3390.4 10220.7 -24.1 115 0 10.6 13.4 3.5 3.5 2 1 1 2 2
-2812.4 10413.4 -27.3 125 0 12.9 17.5 3.5 3.5 2 1 1 5 5
-2813.9 10484.4 -23.3 289 0 26.2 16.7 3.5 3.5 2 0 1 5 5
-2786.5 10440.7 -26.0 33 0 32.4 28.4 3.5 0.0 0 0 1 2 2
-2830.3 10275.7 -32.2 40 0 33.2 13.4 3.5 3.5 2 0 1 2 2
-2951.9 10357.1 -32.1 26 0 7.2 13.2 3.5 3.5 2 1 1 0 0
-2973.0 10334.0 -32.5 106 0 18.7 21.7 3.5 3.5 2 1 1 2 2
-3069.1 10269.7 -30.5 127 0 13.0 25.7 3.5 3.5 2 1 1 4 4
-3080.0 10324.8 -30.5 215 0 5.8 15.3 3.5 3.5 2 1 1 4 4
-3066.3 10317.8 -30.7 214 0 14.1 13.0 3.5 3.5 2 0 1 1 1
-3061.6 10346.0 -31.3 212 0 8.9 24.5 3.5 3.5 2 1 1 5 5
-3008.3 10315.5 -31.7 304 0 20.5 7.9 3.5 3.5 4 0 1 3 3
-3007.9 10291.3 -31.5 29 0 8.6 39.3 3.5 3.5 2 1 1 3 3
-524.2 8428.9 3.3 230 0 29.9 47.4 3.5 0.0 0 1 1 5 5
-2353.4 9245.4 7.9 243 0 32.3 14.5 3.5 3.5 2 0 1 1 1
-1754.5 8761.1 59.1 292 0 10.0 11.0 3.5 0.0 0 1 1 4 4
-1769.6 8696.0 60.3 110 0 17.7 12.7 3.5 3.5 2 0 1 4 4
-1831.6 8732.7 55.0 292 0 8.9 9.2 3.5 0.0 0 1 1 4 4
-1862.5 8736.4 52.3 198 0 6.7 13.9 3.5 3.5 4 1 1 5 5
-1833.4 8713.8 55.0 20 0 8.1 16.2 3.5 3.5 2 1 1 3 3
-1868.5 8720.7 53.1 203 0 11.0 10.5 3.5 3.5 2 0 1 5 5
-1884.0 8694.7 54.6 204 0 9.4 7.1 3.5 3.5 2 0 1 2 2
-1847.0 8687.5 55.8 25 0 21.7 15.7 3.5 3.5 2 0 1 5 5
-1792.1 8614.4 53.7 282 0 17.2 12.0 3.5 3.5 4 0 1 3 3
-1820.8 8669.7 59.5 110 0 14.2 25.9 3.5 3.5 2 1 1 1 1
-1738.1 8571.0 53.0 105 0 18.8 23.0 3.5 3.5 2 1 1 2 2
-1604.7 8476.8 42.1 213 0 12.1 14.7 3.5 3.5 2 1 1 0 0
-1679.4 8554.7 51.9 108 0 13.5 23.9 3.5 3.5 2 1 1 0 0
-1657.4 8548.4 51.7 109 0 17.3 19.2 3.5 0.0 0 1 1 4 4
-1608.7 8536.7 49.4 14 0 34.5 15.0 3.5 3.5 2 0 1 2 2
-1455.7 8660.9 45.0 106 0 27.3 20.3 3.5 3.5 2 0 1 3 3
-1288.1 8576.2 51.6 112 0 12.8 13.6 3.5 3.5 2 1 1 5 5
-1326.0 8590.7 49.6 108 0 24.0 16.0 3.5 3.5 2 0 1 5 5
-1338.4 8663.1 43.8 26 0 14.4 24.9 3.5 3.5 2 1 1 5 5
-1251.4 8595.5 51.1 174 0 44.8 19.5 3.5 3.5 2 0 1 1 1
-1505.3 9081.5 42.4 34 0 41.1 17.0 3.5 3.5 2 0 1 4 4
-1504.7 8903.8 44.0 192 0 31.8 17.4 3.5 3.5 4 0 1 4 4
-1669.5 8476.0 41.1 112 0 19.1 9.2 3.5 3.5 2 0 1 2 2
-1728.0 8500.2 41.5 199 0 13.2 17.6 3.5 3.5 2 1 1 1 1
-1749.7 8406.2 28.8 290 0 56.0 19.2 3.5 3.5 4 0 1 0 0
-2046.5 8548.7 46.3 40 0 22.5 22.3 3.5 3.5 2 0 1 4 4
-1897.2 8714.4 47.8 24 0 46.0 29.1 3.5 0.0 0 0 1 4 4
-2095.3 8920.8 26.7 282 0 22.7 35.6 3.5 0.0 0 1 1 2 2
-1383.2 7988.2 12.9 218 0 14.8 19.8 3.5 3.5 2 1 1 4 4
-1329.6 8096.1 18.6 12 0 20.5 14.9 3.5 3.5 2 0 1 2 2
-1290.6 8006.5 9.3 125 0 12.9 40.3 3.5 0.0 0 1 1 5 5
-1082.1 7905.9 25.0 270 0 19.3 53.7 3.5 3.5 4 1 1 1 1
-607.1 8078.3 45.6 208 0 23.0 44.2 3.5 0.0 0 1 1 0 0
-2088.8 8132.0 37.3 326 0 11.7 12.0 3.5 3.5 2 1 1 0 0
-2075.2 8114.2 37.1 325 0 10.3 12.4 3.5 3.5 2 1 1 4 4
-2061.5 8098.4 36.6 322 0 12.6 12.3 3.5 3.5 2 0 1 4 4
-2046.6 8075.2 36.6 331 0 9.2 12.1 3.5 3.5 2 1 1 2 2
-2012.4 8102.7 31.3 294 0 8.7 14.3 3.5 0.0 0 1 1 1 1
-2048.4 8116.2 32.6 122 0 14.3 12.9 3.5 3.5 2 0 1 2 2
-2051.3 8145.2 31.8 207 0 10.1 9.3 3.5 3.5 2 0 1 5 5
-2045.3 8166.5 29.6 200 0 11.7 11.8 3.5 3.5 2 1 1 3 3
-2038.5 8185.0 27.7 198 0 11.4 12.9 3.5 3.5 2 1 1 4 4
-2057.9 8200.2 29.6 43 0 11.6 12.9 3.5 3.5 2 1 1 0 0
-2066.5 8180.3 31.5 41 0 13.1 11.6 3.5 0.0 0 0 1 5 5
-2082.6 8158.3 33.6 130 0 13.2 11.8 3.5 3.5 2 0 1 0 0
-2098.5 8178.2 34.5 140 0 10.2 8.4 3.5 3.5 2 0 1 2 2
-2111.0 8205.5 34.2 211 0 8.4 9.7 3.5 3.5 2 1 1 2 2
-2092.4 8216.9 32.0 238 0 9.9 10.1 3.5 3.5 2 1 1 5 5
-2081.7 8231.0 30.1 253 0 9.9 9.4 3.5 3.5 2 0 1 4 4
-2080.9 8252.1 29.9 226 0 11.8 14.0 3.5 3.5 2 1 1 2 2
-2050.3 8219.6 27.6 44 0 11.4 11.8 3.5 0.0 0 1 1 0 0
-2030.0 8205.3 26.0 197 0 9.4 9.7 3.5 3.5 4 1 1 0 0
-2057.5 8282.6 31.4 198 0 6.5 10.1 3.5 3.5 2 1 1 5 5
-2038.4 8263.0 30.1 43 0 9.6 9.8 3.5 3.5 2 1 1 0 0
-2040.7 8241.9 28.7 44 0 12.4 13.5 3.5 3.5 2 1 1 3 3
-2070.0 8269.9 31.0 217 0 10.7 14.4 3.5 3.5 2 1 1 2 2
-2093.2 8362.1 39.6 135 0 11.4 10.5 3.5 3.5 2 0 1 4 4
-2080.8 8344.2 37.6 129 0 16.0 17.7 3.5 0.0 0 1 1 5 5
-2040.9 8305.1 33.2 136 0 9.2 10.3 3.5 3.5 2 1 1 0 0
-2016.4 8339.6 34.0 316 0 10.2 11.0 3.5 0.0 0 1 1 3 3
-2023.8 8290.5 31.0 140 0 15.1 10.3 3.5 3.5 2 0 1 2 2
-2007.8 8318.5 32.3 323 0 10.7 6.3 3.5 3.5 2 0 1 1 1
-1991.6 8303.1 30.4 330 0 11.7 8.6 3.5 3.5 2 0 1 5 5
-1960.0 8191.9 20.8 108 0 13.5 9.8 3.5 3.5 2 0 1 4 4
-1981.5 8194.7 22.4 94 0 12.3 9.9 3.5 0.0 0 0 1 4 4
-2012.0 8247.1 26.9 215 0 12.0 9.8 3.5 3.5 2 0 1 5 5
-2019.5 8223.0 25.3 205 0 12.6 9.1 3.5 3.5 2 0 1 5 5
-1987.7 8275.7 28.4 144 0 10.6 11.9 3.5 0.0 0 1 1 5 5
-1955.2 8250.2 24.5 276 0 10.3 10.2 3.5 3.5 2 0 1 4 4
-1973.1 8251.4 25.2 278 0 10.4 10.2 3.5 3.5 2 0 1 4 4
-1994.9 8254.3 26.1 250 0 8.9 12.7 3.5 3.5 2 1 1 1 1
-1936.2 8248.1 23.5 280 0 12.1 8.7 3.5 3.5 2 0 1 2 2
-1976.0 8315.1 30.7 132 0 11.4 10.7 3.5 3.5 4 0 1 2 2
-1966.0 8298.1 29.0 137 0 10.2 10.4 3.5 3.5 2 1 1 2 2
-1950.4 8277.3 26.6 131 0 11.6 11.0 3.5 0.0 0 0 1 5 5
-1916.7 8245.7 22.3 281 0 10.7 11.0 3.5 3.5 2 1 1 5 5
-1899.9 8233.4 20.6 278 0 9.3 10.7 3.5 3.5 2 1 1 4 4
-1881.3 8226.4 19.2 249 0 8.9 11.1 3.5 3.5 2 1 1 5 5
-1851.7 8224.5 18.3 343 0 13.0 9.1 3.5 3.5 2 0 1 1 1
-1870.2 8254.6 21.4 156 0 12.3 11.0 3.5 3.5 2 0 1 5 5
-1880.3 8260.8 22.9 66 0 8.6 10.4 3.5 3.5 2 1 1 3 3
-1894.5 8278.7 24.4 154 0 9.9 10.2 3.5 3.5 4 1 1 4 4
-1916.3 8278.6 25.4 345 0 9.8 9.7 3.5 3.5 2 0 1 5 5
-1925.8 8301.6 27.4 321 0 10.4 8.4 3.5 3.5 2 0 1 1 1
-1898.8 8293.5 25.8 152 0 9.4 10.9 3.5 3.5 2 1 1 0 0
-1904.9 8308.3 27.3 153 0 7.6 11.1 3.5 3.5 2 1 1 2 2
-1911.8 8319.3 28.3 153 0 9.2 8.3 3.5 3.5 2 0 1 4 4
-1882.5 8359.2 30.2 344 0 9.1 6.2 3.5 3.5 2 0 1 4 4
-1921.5 8331.1 29.7 152 0 8.9 10.8 3.5 3.5 2 1 1 1 1
-1928.1 8344.0 30.9 157 0 8.2 11.0 3.5 3.5 2 1 1 2 2
-1935.9 8357.3 32.3 158 0 7.1 10.3 3.5 0.0 0 1 1 3 3
-1942.8 8385.5 34.7 159 0 7.7 11.3 3.5 3.5 2 1 1 0 0
-1948.6 8400.3 36.1 154 0 10.4 12.5 3.5 3.5 2 1 1 1 1
-1957.3 8344.8 31.9 317 0 12.3 8.3 3.5 3.5 4 0 1 5 5
-1939.5 8369.4 33.3 155 0 9.4 11.6 3.5 3.5 2 1 1 3 3
-1840.1 8319.1 25.3 341 0 10.1 12.1 3.5 3.5 2 1 1 3 3
-1846.3 8347.8 27.7 339 0 12.2 15.8 3.5 0.0 0 1 1 0 0
-1877.4 8393.2 32.5 155 0 10.5 14.6 3.5 3.5 2 1 1 0 0
-1891.4 8387.3 32.7 341 0 11.2 7.2 3.5 3.5 2 0 1 0 0
-1951.6 8421.1 37.7 158 0 10.7 13.4 3.5 3.5 2 1 1 3 3
-1958.0 8439.2 39.6 150 0 10.2 9.2 3.5 3.5 4 0 1 1 1
-2002.0 8456.5 42.3 308 0 10.1 13.3 3.5 3.5 2 1 1 3 3
-2008.7 8359.2 35.5 149 0 9.5 7.7 3.5 3.5 4 0 1 1 1
-1966.7 8367.7 34.1 312 0 10.2 10.4 3.5 0.0 0 1 1 3 3
-1968.8 8413.0 37.9 326 0 10.3 10.4 3.5 3.5 2 1 1 0 0
-1986.5 8399.3 37.1 239 0 8.0 11.6 3.5 3.5 2 1 1 2 2
-1999.1 8381.4 36.1 241 0 10.8 12.4 3.5 3.5 2 1 1 5 5
-726.6 8911.1 54.6 42 0 15.6 17.0 3.5 3.5 2 1 1 4 4
-696.4 8888.7 54.0 222 0 14.5 18.0 3.5 3.5 2 1 1 3 3
-563.3 8886.7 43.3 135 0 21.0 11.8 3.5 3.5 2 0 1 4 4
-601.2 8881.8 47.5 46 0 10.6 16.8 3.5 3.5 2 1 1 4 4
-595.6 8869.7 45.1 227 0 17.3 17.3 3.5 3.5 2 1 1 4 4
-587.6 8911.8 46.5 130 0 14.3 10.5 3.5 3.5 2 0 1 3 3
-547.4 8940.3 44.7 44 0 7.2 15.6 3.5 3.5 2 1 1 2 2
-557.1 8932.4 45.2 44 0 10.1 13.7 3.5 3.5 4 1 1 4 4
-562.6 9018.4 47.8 217 0 10.5 18.6 3.5 3.5 2 1 1 3 3
-577.2 8989.7 48.9 133 0 14.0 10.7 3.5 3.5 2 0 1 5 5
-621.4 8944.6 50.2 131 0 16.1 10.0 3.5 3.5 4 0 1 3 3
-640.3 8939.2 51.0 225 0 9.8 17.9 3.5 3.5 2 1 1 3 3
-615.5 8960.7 49.7 224 0 10.5 15.6 3.5 3.5 2 1 1 5 5
-599.9 8979.2 49.0 222 0 19.4 18.0 3.5 0.0 0 0 1 3 3
-642.2 9056.0 52.7 162 0 24.4 10.8 3.5 3.5 2 0 1 5 5
-560.5 9058.3 50.4 46 0 14.6 24.9 3.5 3.5 2 1 1 3 3
-618.4 9013.8 52.2 136 0 15.6 10.2 3.5 3.5 2 0 1 1 1
-708.5 9081.4 53.2 242 0 24.6 50.7 3.5 3.5 2 1 1 1 1
-686.4 9000.6 53.6 156 0 54.5 24.5 3.5 3.5 4 0 1 4 4
-464.4 8865.6 35.4 45 0 14.8 65.1 3.5 3.5 2 1 1 1 1
-426.7 8606.2 16.8 229 0 21.6 18.7 3.5 3.5 2 0 1 3 3
-435.5 8350.6 7.3 305 0 19.0 11.1 3.5 3.5 2 0 1 5 5
-464.8 8362.6 6.4 213 0 14.4 14.1 3.5 3.5 4 0 1 3 3
-488.3 8357.5 7.9 216 0 11.6 29.3 3.5 3.5 2 1 1 1 1
-439.0 8324.2 9.1 36 0 11.2 26.5 3.5 0.0 0 1 1 5 5
-421.9 8295.0 12.6 201 0 14.6 20.9 3.5 0.0 0 1 1 4 4
-734.2 8051.6 46.9 90 0 17.7 16.0 3.5 3.5 2 0 1 4 4
-615.3 8144.4 37.8 124 0 20.0 10.5 3.5 3.5 2 0 1 0 0
-597.6 8182.9 32.9 127 0 10.1 7.0 3.5 0.0 0 0 1 5 5
-582.3 8171.8 32.8 128 0 20.3 11.8 3.5 3.5 2 0 1 1 1
-548.4 8064.3 46.0 298 0 20.9 24.6 3.5 3.5 2 1 1 3 3
-491.2 8128.4 35.3 204 0 8.5 7.8 3.5 3.5 2 0 1 3 3
-499.8 8096.4 40.0 294 0 7.6 7.0 3.5 3.5 2 0 1 0 0
-506.8 8077.6 41.5 109 0 8.7 9.0 3.5 3.5 4 1 1 5 5
-516.4 8087.2 41.2 197 0 10.6 7.6 3.5 3.5 2 0 1 1 1
-491.6 8106.4 37.1 106 0 18.7 10.5 3.5 3.5 2 0 1 4 4
-468.4 8101.3 36.9 107 0 14.3 8.6 3.5 3.5 2 0 1 2 2
-444.4 8119.7 34.7 288 0 15.8 9.9 3.5 3.5 2 0 1 0 0
-410.2 8043.3 40.9 104 0 7.0 12.1 3.5 3.5 4 1 1 4 4
-423.7 8046.4 41.0 103 0 10.6 13.2 3.5 0.0 0 1 1 3 3
-359.0 8073.5 35.6 106 0 7.2 7.3 3.5 3.5 4 1 1 0 0
-326.6 8072.6 34.4 90 0 8.5 8.8 3.5 3.5 2 1 1 0 0
-345.3 8040.5 39.0 176 0 8.8 9.4 3.5 3.5 2 1 1 2 2
-316.9 8056.6 36.5 352 0 10.2 8.2 3.5 3.5 2 0 1 4 4
-315.8 8041.7 38.1 356 0 10.8 10.9 3.5 3.5 2 1 1 2 2
-369.8 8058.0 38.8 284 0 18.1 21.1 3.5 3.5 2 1 1 0 0
-522.1 8006.6 43.6 18 0 18.2 12.6 3.5 0.0 0 0 1 4 4
-556.8 7931.5 33.8 113 0 11.2 13.4 3.5 3.5 2 1 1 1 1
-496.8 7724.1 23.0 196 0 12.0 11.4 3.5 3.5 2 0 1 0 0
-425.5 7756.8 20.6 304 0 12.1 8.9 3.5 3.5 2 0 1 2 2
-457.4 7735.0 21.7 104 0 11.3 17.1 3.5 3.5 2 1 1 2 2
-495.5 7862.2 28.6 212 0 8.1 11.9 3.5 3.5 2 1 1 2 2
-490.2 7822.1 27.9 121 0 8.8 8.7 3.5 3.5 2 0 1 2 2
-519.8 7813.4 27.8 205 0 8.7 30.5 3.5 3.5 2 1 1 2 2
-532.8 7782.4 26.7 208 0 7.9 32.6 3.5 0.0 0 1 1 3 3
-280.4 8920.5 20.2 204 0 32.6 17.6 3.5 3.5 2 0 1 0 0
-309.8 8896.8 23.5 24 0 42.5 20.6 3.5 0.0 0 0 1 1 1
-332.0 8779.6 22.0 36 0 39.9 23.3 3.5 0.0 0 0 1 1 1
-404.5 8772.5 26.1 214 0 43.1 20.8 3.5 3.5 2 0 1 4 4
-364.8 8718.4 21.5 29 0 46.4 19.2 3.5 3.5 2 0 1 3 3
-229.3 8694.3 6.5 121 0 39.8 60.3 3.5 0.0 0 1 1 0 0
-181.0 8588.9 -4.1 128 0 18.5 13.6 3.5 0.0 0 0 1 2 2
-245.0 8637.3 5.4 30 0 43.7 36.6 3.5 0.0 0 0 1 2 2
151.8 8388.5 -13.0 203 0 14.1 21.6 3.5 3.5 2 1 1 1 1
-68.6 8453.0 -15.5 176 0 12.3 40.0 2.5 0.0 0 1 1 1 1
193.2 8187.5 7.9 102 0 27.8 18.4 3.5 3.5 2 0 1 5 5
226.9 8182.6 8.2 101 0 26.1 16.7 3.5 3.5 2 0 1 3 3
261.9 8178.0 7.9 99 0 26.5 17.5 3.5 3.5 2 0 1 0 0
297.4 8173.3 6.2 99 0 22.7 18.0 3.5 3.5 2 0 1 0 0
338.8 8179.0 3.7 68 0 22.4 20.3 3.5 3.5 2 0 1 4 4
366.0 8218.3 -0.2 13 0 24.3 19.0 3.5 3.5 2 0 1 2 2
358.5 8257.8 -1.9 337 0 18.5 16.5 3.5 3.5 2 0 1 0 0
329.3 8278.3 -4.1 149 0 18.4 15.4 3.5 3.5 2 0 1 0 0
311.8 8304.0 -6.8 147 0 18.5 16.3 3.5 3.5 2 0 1 3 3
297.2 8246.5 -0.2 69 0 24.8 16.1 3.5 3.5 2 0 1 3 3
260.0 8232.7 1.8 83 0 20.7 17.9 3.5 3.5 2 0 1 4 4
223.0 8228.4 2.7 91 0 22.3 18.7 3.5 3.5 2 0 1 2 2
193.2 8290.1 -2.7 193 0 14.8 21.8 3.5 3.5 2 1 1 4 4
236.8 8275.7 -3.0 82 0 16.7 17.5 3.5 0.0 0 1 1 3 3
272.1 8289.7 -5.0 51 0 17.3 17.5 3.5 3.5 2 1 1 2 2
306.6 8339.0 -9.8 326 0 19.4 15.3 3.5 3.5 4 0 1 3 3
240.3 8323.5 -8.0 26 0 15.5 17.9 3.5 3.5 4 1 1 3 3
185.8 8362.9 -12.3 118 0 20.6 16.8 3.5 3.5 2 0 1 5 5
212.6 8352.3 -11.2 114 0 18.2 12.6 3.5 3.5 2 0 1 4 4
265.6 8356.0 -12.4 119 0 13.4 14.9 3.5 3.5 4 1 1 1 1
238.6 8375.6 -15.0 123 0 45.8 12.5 3.5 3.5 2 0 1 1 1
189.4 8403.7 -16.8 113 0 18.4 14.2 3.5 3.5 2 0 1 4 4
160.5 8416.0 -17.3 114 0 18.5 13.8 3.5 3.5 2 0 1 5 5
178.0 8316.0 -7.2 76 0 20.8 20.4 3.5 3.5 2 0 1 3 3
182.9 8235.6 2.4 105 0 22.2 19.5 3.5 3.5 2 0 1 3 3
153.5 8195.2 7.9 109 0 21.1 18.3 3.5 3.5 2 0 1 5 5
143.7 8288.2 -2.5 166 0 22.0 19.4 3.5 3.5 2 0 1 3 3
124.2 8254.7 1.8 162 0 20.2 20.5 3.5 3.5 2 1 1 1 1
200.7 8054.9 16.8 100 0 24.2 13.1 3.5 3.5 2 0 1 5 5
171.0 8060.3 18.8 97 0 20.3 27.4 3.5 3.5 2 1 1 2 2
257.9 8092.1 15.5 275 0 10.4 10.8 3.5 3.5 2 1 1 0 0
275.1 8145.8 11.7 281 0 10.1 17.9 3.5 3.5 2 1 1 4 4
321.6 8036.7 12.3 99 0 12.1 22.8 3.5 3.5 2 1 1 5 5
1551.1 7427.1 -12.2 274 0 33.0 7.5 3.5 3.5 2 0 1 4 4
1598.0 7409.0 -9.7 115 0 14.6 9.6 3.5 3.5 2 0 1 3 3
1583.9 7401.3 -12.9 359 0 12.8 75.3 3.5 3.5 2 1 1 3 3
1155.2 7039.2 -20.5 67 0 10.2 15.4 3.5 3.5 2 1 1 1 1
1136.2 7022.6 -20.2 249 0 18.3 19.0 3.5 3.5 2 1 1 3 3
1098.9 6941.4 -19.3 179 0 12.5 12.8 3.5 3.5 2 1 1 2 2
1120.8 6940.6 -18.9 173 0 12.7 56.7 3.5 3.5 2 1 1 4 4
1417.2 6995.7 -15.7 28 0 16.1 13.0 3.5 3.5 2 0 1 0 0
1346.4 6971.6 -17.4 70 0 12.2 22.1 3.5 3.5 2 1 1 5 5
1048.6 7185.1 -23.6 330 0 22.4 15.9 3.5 3.5 2 0 1 3 3
985.8 7146.6 -23.7 148 0 22.8 46.8 3.5 3.5 2 1 1 5 5
729.0 7640.9 -7.9 259 0 13.2 25.0 3.5 3.5 2 1 1 2 2
702.7 7630.3 -8.8 257 0 9.8 25.6 3.5 3.5 2 1 1 5 5
658.2 7584.8 -11.7 156 0 24.0 8.6 3.5 3.5 2 0 1 0 0
811.0 7769.7 2.4 348 0 48.6 38.5 3.5 0.0 0 0 1 1 1
337.2 7660.9 -7.6 260 0 51.4 22.4 3.5 3.5 2 0 1 5 5
53.8 7450.3 -13.8 57 0 9.0 37.1 3.5 3.5 2 1 1 0 0
130.7 7575.6 -10.6 250 0 26.9 42.9 3.5 0.0 0 1 1 4 4
120.0 7526.0 -10.7 71 0 15.2 45.2 3.5 3.5 2 1 1 5 5
92.3 7516.0 -10.9 71 0 26.8 44.1 3.5 0.0 0 1 1 5 5
119.9 7607.3 -5.9 99 0 31.7 70.5 3.5 0.0 0 1 1 2 2
138.9 7852.1 7.8 190 0 147.8 45.1 3.5 0.0 0 0 1 4 4
691.5 8145.9 0.3 160 0 18.7 10.3 3.5 3.5 2 0 1 5 5
651.4 8192.1 -1.3 338 0 11.4 16.0 3.5 3.5 2 1 1 0 0
614.5 8175.5 -0.7 154 0 9.3 18.8 3.5 0.0 0 1 1 5 5
638.6 8220.3 -2.5 340 0 12.5 17.2 3.5 3.5 2 1 1 4 4
596.3 8203.5 -1.9 155 0 11.4 17.1 3.5 3.5 2 1 1 0 0
682.8 8124.9 1.9 338 0 11.2 40.4 3.5 3.5 2 1 1 1 1
670.6 8154.2 -0.2 337 0 39.2 14.4 3.5 3.5 4 0 1 4 4
644.5 8121.9 0.6 67 0 14.5 38.0 3.5 3.5 2 1 1 4 4
549.8 8128.4 2.3 248 0 38.1 23.1 3.5 0.0 0 0 1 4 4
577.6 8056.1 5.5 252 0 56.2 50.9 3.5 0.0 0 0 1 0 0
527.6 8007.6 7.9 350 0 7.4 10.5 3.5 0.0 0 1 1 4 4
530.0 7990.0 8.1 342 0 22.0 11.6 3.5 3.5 2 0 1 4 4
585.1 7984.4 7.3 80 0 47.6 16.6 3.5 3.5 2 0 1 1 1
339.9 8692.5 -4.2 341 0 36.0 41.3 3.5 0.0 0 1 1 3 3
422.1 8774.5 -0.8 36 0 15.2 45.8 3.5 3.5 2 1 1 4 4
345.1 8813.2 -0.5 79 0 32.8 53.7 3.5 0.0 0 1 1 0 0
315.3 8800.9 -0.6 78 0 30.5 68.7 3.5 0.0 0 1 1 0 0
237.0 8832.0 -0.6 170 0 84.7 53.8 3.5 0.0 0 0 1 5 5
312.5 8930.5 2.2 262 0 55.7 36.1 3.5 0.0 0 0 1 4 4
108.6 8900.1 8.6 134 0 33.4 25.2 3.5 0.0 0 0 1 1 1
218.8 8983.3 10.0 183 0 14.6 26.0 3.5 3.5 4 1 1 0 0
252.3 9028.5 11.9 299 0 17.5 32.8 3.5 3.5 2 1 1 2 2
245.1 9320.5 42.5 197 0 20.2 14.0 3.5 3.5 2 0 1 1 1
278.2 9258.0 32.4 282 0 37.8 15.2 3.5 0.0 0 0 1 1 1
230.7 9255.7 35.0 191 0 16.1 27.0 3.5 3.5 2 1 1 5 5
325.5 9216.2 31.0 99 0 18.2 44.0 3.5 3.5 2 1 1 4 4
1436.4 10413.6 56.9 324 0 8.0 9.8 10.5 3.5 2 1 3 3 3
-2986.1 8759.6 4.4 242 0 19.2 15.9 12.5 2.5 2 0 5 0 0
-4119.7 4774.0 -13.5 62 0 16.1 19.9 12.5 2.5 2 1 5 4 4
-6016.9 5696.2 43.8 32 0 7.5 18.5 2.5 2.5 2 1 1 4 4
-3878.7 10093.7 8.8 94 0 19.8 12.3 2.5 2.5 2 0 1 2 2
3460.9 -182.0 6.3 74 0 10.6 12.2 2.5 2.5 2 1 1 3 3
3454.2 -133.9 3.3 254 0 19.1 4.9 2.5 2.5 2 0 1 4 4
3413.0 -152.8 3.2 238 0 13.9 18.3 2.5 2.5 2 1 1 0 0
3530.7 -48.5 2.2 328 0 12.5 6.9 2.5 0.0 0 0 1 3 3
3518.8 -33.3 0.8 330 0 11.5 6.0 2.5 2.5 4 0 1 0 0
3507.9 -11.2 -1.2 333 0 21.2 8.7 2.5 2.5 2 0 1 2 2
3406.8 -75.4 -2.6 65 0 9.6 7.0 2.5 2.5 2 0 1 3 3
3443.1 -98.6 0.6 247 0 15.3 12.2 2.5 2.5 2 0 1 1 1
3421.8 -100.3 -0.0 246 0 10.0 11.3 2.5 2.5 2 1 1 3 3
3404.6 -105.9 -0.3 238 0 12.1 11.6 2.5 2.5 2 0 1 0 0
3358.2 -103.2 -3.0 145 0 19.3 11.1 2.5 2.5 2 0 1 4 4
3357.3 -121.7 -1.7 313 0 21.8 16.8 2.5 2.5 2 0 1 2 2
3390.9 -93.0 -2.8 74 0 16.6 14.5 2.5 2.5 2 0 1 3 3
3382.9 -43.8 -4.9 223 0 10.5 14.8 2.5 2.5 4 1 1 2 2
3370.2 -30.3 -7.2 30 0 8.2 17.9 2.5 2.5 2 1 1 0 0
3389.7 -30.4 -5.4 213 0 12.1 8.3 2.5 0.0 0 0 1 0 0
3428.5 -38.5 -3.8 330 0 8.3 16.2 2.5 2.5 2 1 1 0 0
3410.8 -8.3 -5.7 249 0 10.2 11.2 2.5 2.5 2 1 1 4 4
3422.0 -84.5 -1.7 64 0 22.5 8.7 2.5 2.5 2 0 1 1 1
3442.3 -66.8 -1.6 341 0 5.4 9.4 2.5 2.5 2 1 1 2 2
3442.0 -77.8 -1.2 73 0 11.7 6.6 2.5 2.5 2 0 1 1 1
3434.9 -47.1 -3.0 331 0 7.8 14.0 2.5 2.5 2 1 1 1 1
3455.7 -32.7 -2.5 156 0 6.0 5.1 2.5 2.5 2 0 1 2 2
3458.0 -42.4 -2.1 152 0 8.7 5.1 2.5 2.5 2 0 1 0 0
3455.9 -20.9 -3.2 152 0 10.9 21.4 2.5 2.5 2 1 1 1 1
3474.1 -38.7 -1.7 154 0 22.8 15.9 2.5 2.5 2 0 1 2 2
3426.3 33.3 -8.5 64 0 9.8 18.0 2.5 2.5 2 1 1 3 3
3462.5 30.6 -5.6 242 0 18.8 12.1 2.5 2.5 2 0 1 5 5
3342.3 72.1 -11.9 28 0 8.6 13.8 2.5 2.5 2 1 1 1 1
3360.7 92.8 -11.4 68 0 10.3 12.4 2.5 2.5 2 1 1 0 0
3388.7 104.4 -11.3 154 0 17.7 6.6 2.5 2.5 2 0 1 4 4
3396.4 11.4 -8.5 66 0 9.0 20.9 2.5 2.5 2 1 1 2 2
3370.0 73.8 -10.8 248 0 13.8 38.6 2.5 2.5 2 1 1 1 1
3118.2 104.5 -4.5 59 0 8.8 13.6 2.5 2.5 2 1 1 0 0
3185.2 28.4 -12.1 55 0 19.8 18.1 2.5 0.0 0 0 1 5 5
3049.7 -68.8 -10.7 305 0 10.1 14.0 2.5 2.5 2 1 1 0 0
2946.5 -32.8 -6.0 327 0 24.6 13.3 2.5 2.5 2 0 1 2 2
2925.4 -3.5 -4.2 329 0 15.4 7.1 2.5 0.0 0 0 1 3 3
2836.5 -19.1 1.0 49 0 14.6 9.2 2.5 2.5 2 0 1 0 0
2866.8 -2.8 -1.7 42 0 10.8 7.4 2.5 0.0 0 0 1 2 2
2871.0 28.0 -1.1 314 0 10.0 7.3 2.5 2.5 2 0 1 1 1
2856.1 43.7 -0.2 317 0 12.1 7.3 2.5 2.5 2 0 1 3 3
2787.4 70.8 5.0 260 0 10.4 11.4 2.5 2.5 2 1 1 2 2
3014.0 236.6 7.7 81 0 8.2 8.7 2.5 2.5 2 1 1 2 2
3041.8 163.4 2.5 52 0 12.8 25.3 2.5 2.5 2 1 1 3 3
2996.8 175.3 4.8 142 0 11.4 36.4 2.5 0.0 0 1 1 0 0
2884.4 -222.5 -9.0 302 0 9.6 10.3 2.5 2.5 2 1 1 0 0
2904.3 -210.7 -9.3 68 0 7.7 10.4 2.5 2.5 2 1 1 1 1
2865.3 -212.4 -6.8 300 0 7.8 10.4 2.5 2.5 2 1 1 1 1
2854.8 -210.2 -5.9 297 0 8.0 9.2 2.5 2.5 2 1 1 4 4
2809.3 -167.5 0.1 112 0 7.9 10.7 2.5 2.5 2 1 1 4 4
2855.0 -118.9 -1.6 252 0 7.7 17.0 2.5 2.5 2 1 1 1 1
2910.1 -140.6 -5.3 72 0 5.1 11.4 2.5 2.5 2 1 1 3 3
2909.1 -100.1 -5.5 251 0 8.2 12.6 2.5 2.5 2 1 1 4 4
2943.2 -95.2 -7.4 348 0 10.0 22.2 2.5 2.5 2 1 1 4 4
2927.6 -154.1 -8.2 249 0 6.1 11.5 2.5 2.5 2 1 1 3 3
2904.9 -164.7 -7.0 246 0 7.2 9.4 2.5 0.0 0 1 1 0 0
2881.8 -172.2 -5.8 249 0 6.6 10.1 2.5 2.5 4 1 1 2 2
2899.3 -144.0 -4.8 73 0 7.3 10.1 2.5 2.5 2 1 1 0 0
2702.4 -132.5 9.2 335 0 17.4 11.0 2.5 2.5 2 0 1 2 2
2724.7 -185.8 5.3 57 0 12.8 4.1 2.5 2.5 2 0 1 3 3
2749.2 -220.6 1.9 45 0 6.5 9.2 2.5 2.5 2 1 1 4 4
2762.1 -178.3 2.4 224 0 7.0 9.1 2.5 2.5 4 1 1 3 3
2745.7 -168.3 4.8 53 0 8.7 9.5 2.5 2.5 2 1 1 0 0
2889.7 -108.2 -4.2 248 0 20.8 15.3 2.5 2.5 2 0 1 3 3
2839.6 -122.0 -0.7 250 0 7.0 16.8 2.5 2.5 2 1 1 0 0
2849.8 -78.7 0.5 74 0 9.2 13.1 2.5 2.5 2 1 1 3 3
2754.6 -117.8 6.6 65 0 17.0 22.0 2.5 0.0 0 1 1 5 5
2750.6 -65.5 9.0 333 0 26.7 16.9 2.5 2.5 2 0 1 1 1
2701.5 -87.7 10.6 152 0 27.3 17.7 2.5 2.5 2 0 1 0 0
2718.2 -122.6 7.5 157 0 25.2 19.7 2.5 2.5 2 0 1 2 2
3223.8 -514.3 26.4 90 0 14.6 10.8 2.5 0.0 0 0 1 4 4
3198.4 -533.0 26.4 93 0 20.0 10.0 2.5 2.5 2 0 1 4 4
3154.9 -518.5 24.5 269 0 15.9 14.4 2.5 0.0 0 0 1 5 5
3095.5 -472.3 17.5 301 0 11.3 21.3 2.5 0.0 0 1 1 0 0
3100.4 -533.2 20.9 122 0 13.5 15.3 2.5 2.5 2 1 1 1 1
3139.2 -508.0 22.7 299 0 13.9 27.9 2.5 2.5 2 1 1 4 4
3170.8 -491.4 22.3 33 0 13.4 28.7 2.5 2.5 2 1 1 5 5
3197.0 -440.6 20.9 60 0 10.4 23.5 2.5 0.0 0 1 1 1 1
3168.9 -445.8 20.8 138 0 28.2 13.5 2.5 2.5 2 0 1 2 2
3215.1 -429.5 20.7 63 0 16.0 25.6 2.5 2.5 2 1 1 4 4
3296.2 -420.2 23.6 92 0 15.9 10.4 2.5 2.5 2 0 1 3 3
3261.5 -436.7 24.2 268 0 12.5 19.4 2.5 2.5 2 1 1 3 3
3252.1 -420.9 22.0 83 0 22.1 12.4 2.5 2.5 2 0 1 0 0
3316.2 -353.4 18.9 321 0 10.3 14.4 2.5 2.5 2 1 1 5 5
3282.5 -391.0 21.5 155 0 16.1 17.2 2.5 2.5 2 1 1 4 4
3325.9 -199.0 1.5 323 0 35.5 12.7 2.5 2.5 2 0 1 1 1
3303.5 -229.4 2.5 70 0 27.4 11.6 2.5 2.5 2 0 1 1 1
3214.4 -193.3 -2.3 223 0 12.5 15.3 2.5 2.5 2 1 1 2 2
3180.7 -214.6 -3.5 223 0 12.2 28.1 2.5 2.5 2 1 1 4 4
3237.7 -264.3 -0.8 40 0 13.6 30.0 2.5 2.5 2 1 1 1 1
3214.2 -291.1 3.2 133 0 16.5 9.8 2.5 2.5 2 0 1 1 1
3205.7 -276.8 -1.2 41 0 10.8 16.6 2.5 2.5 2 1 1 4 4
3223.7 -338.6 15.2 264 0 7.2 14.7 2.5 2.5 2 1 1 3 3
3265.0 -364.8 18.1 148 0 10.6 19.4 2.5 2.5 2 1 1 4 4
3255.8 -355.1 16.7 148 0 8.8 22.1 2.5 2.5 4 1 1 3 3
3259.2 -321.0 14.1 253 0 23.2 14.4 2.5 2.5 2 0 1 0 0
4188.2 140.6 25.6 163 0 102.3 31.7 2.5 0.0 0 0 1 0 0
4232.0 208.2 27.3 253 0 41.5 78.4 2.5 0.0 0 1 1 3 3
4308.4 129.4 29.5 73 0 34.3 97.5 2.5 0.0 0 1 1 4 4
4360.2 135.1 33.9 75 0 41.9 36.8 2.5 0.0 0 0 1 2 2
4454.6 218.1 24.9 90 0 64.2 55.8 2.5 0.0 0 0 1 5 5
4381.0 340.8 15.9 157 0 39.0 64.2 2.5 0.0 0 1 1 1 1
4296.4 425.0 6.9 234 0 37.9 20.8 2.5 0.0 0 0 1 0 0
4184.3 360.2 7.8 252 0 28.4 7.7 2.5 2.5 2 0 1 0 0
4169.2 341.7 10.1 250 0 58.6 16.7 2.5 2.5 2 0 1 3 3
4105.3 318.7 7.9 250 0 65.9 14.5 2.5 2.5 2 0 1 2 2
4086.3 271.9 11.6 159 0 19.7 130.1 2.5 0.0 0 1 1 4 4
4321.0 355.3 14.0 340 0 27.5 95.3 2.5 0.0 0 1 1 2 2
4294.7 287.9 20.6 69 0 93.8 27.1 2.5 0.0 0 0 1 5 5
4169.0 243.7 16.0 70 0 135.1 32.2 2.5 0.0 0 0 1 3 3
4064.6 59.7 25.6 72 0 25.2 9.8 2.5 2.5 2 0 1 2 2
4124.0 95.7 25.4 342 0 42.7 32.7 2.5 0.0 0 0 1 5 5
3993.1 -83.4 31.6 25 0 11.3 21.0 2.5 2.5 2 1 1 1 1
3960.1 -62.1 29.3 298 0 18.8 10.4 2.5 2.5 2 0 1 4 4
3934.3 -47.7 26.5 295 0 21.5 10.8 2.5 2.5 2 0 1 4 4
3906.6 -34.0 23.7 297 0 22.5 12.0 2.5 2.5 2 0 1 2 2
3854.6 -60.8 22.4 60 0 18.6 9.6 2.5 2.5 2 0 1 0 0
3825.7 -78.2 22.0 58 0 19.6 7.4 2.5 2.5 2 0 1 1 1
3842.6 -87.2 24.2 243 0 18.9 14.8 2.5 2.5 2 0 1 5 5
3859.7 -148.6 27.9 60 0 14.0 13.0 2.5 2.5 2 0 1 4 4
3839.0 -160.8 27.3 61 0 13.4 12.3 2.5 2.5 2 0 1 4 4
3839.4 -127.3 25.7 330 0 14.8 11.4 2.5 2.5 2 0 1 0 0
3823.4 -107.1 23.3 334 0 14.8 14.9 2.5 2.5 2 1 1 2 2
3781.7 -147.8 23.4 156 0 14.1 12.5 2.5 2.5 2 0 1 0 0
3678.7 -146.1 17.0 231 0 7.3 7.2 2.5 2.5 2 0 1 3 3
3666.0 -170.8 16.8 140 0 20.4 12.1 2.5 2.5 2 0 1 5 5
3694.4 -134.8 17.4 230 0 12.9 20.1 2.5 2.5 2 1 1 0 0
3722.8 -177.0 20.5 115 0 24.9 10.0 2.5 0.0 0 0 1 1 1
3647.4 -102.8 12.2 137 0 7.7 31.2 2.5 2.5 2 1 1 5 5
3635.4 -113.3 11.9 316 0 7.5 16.2 2.5 2.5 4 1 1 4 4
3636.0 -71.8 9.4 54 0 11.7 6.7 2.5 2.5 2 0 1 2 2
3637.9 -40.3 8.6 228 0 17.0 12.9 2.5 2.5 2 0 1 3 3
3660.1 -19.9 9.1 225 0 12.1 8.6 2.5 2.5 2 0 1 1 1
3499.6 -215.7 10.8 153 0 25.8 18.7 2.5 2.5 2 0 1 4 4
3539.9 -236.6 14.4 231 0 8.7 9.6 2.5 2.5 2 1 1 4 4
3529.8 -250.3 14.7 213 0 5.9 6.2 2.5 2.5 2 1 1 2 2
3522.2 -264.9 15.3 217 0 10.4 10.6 2.5 2.5 2 1 1 5 5
3509.6 -286.2 16.2 213 0 17.4 17.8 2.5 2.5 2 1 1 2 2
3504.2 -318.8 19.0 192 0 18.9 16.9 2.5 0.0 0 0 1 5 5
3504.6 -364.6 24.4 182 0 20.5 32.2 2.5 0.0 0 1 1 2 2
3670.0 -360.0 27.9 152 0 43.5 17.7 2.5 2.5 4 0 1 5 5
3767.7 -289.5 30.2 317 0 22.4 15.6 2.5 2.5 2 0 1 3 3
3739.2 -272.6 28.4 224 0 11.3 11.9 2.5 2.5 2 1 1 2 2
3757.3 -254.2 27.9 300 0 15.3 14.3 2.5 2.5 2 0 1 1 1
3775.9 -245.5 28.4 123 0 16.9 15.1 2.5 2.5 2 0 1 5 5
3794.2 -256.9 30.3 122 0 13.7 14.3 2.5 2.5 2 1 1 2 2
3816.4 -270.3 32.8 124 0 10.9 14.7 2.5 2.5 2 1 1 2 2
3836.5 -278.5 34.3 123 0 18.0 11.7 2.5 0.0 0 0 1 1 1
3849.6 -289.5 36.1 126 0 11.5 13.0 2.5 2.5 2 1 1 3 3
3867.7 -257.4 35.4 306 0 14.1 10.3 2.5 2.5 2 0 1 4 4
3854.6 -246.6 34.0 308 0 12.0 16.8 2.5 2.5 2 1 1 2 2
3840.0 -234.7 32.5 305 0 9.2 9.5 2.5 2.5 2 1 1 0 0
3813.2 -217.7 29.3 303 0 20.0 16.3 2.5 2.5 2 0 1 5 5
3814.2 -176.0 26.4 57 0 13.3 14.6 2.5 2.5 2 1 1 1 1
3732.8 -201.2 23.7 236 0 14.1 22.5 2.5 2.5 2 1 1 5 5
3752.8 -188.4 24.2 232 0 21.6 21.0 2.5 2.5 2 0 1 0 0
3868.2 -174.6 31.1 235 0 16.9 17.1 2.5 2.5 4 1 1 4 4
3849.1 -187.7 30.7 231 0 13.1 12.9 2.5 2.5 2 0 1 3 3
3834.6 -206.8 29.9 137 0 23.1 9.2 2.5 2.5 2 0 1 0 0
3889.0 -201.3 33.0 51 0 11.8 12.6 2.5 2.5 2 1 1 0 0
3854.8 -221.2 32.5 143 0 14.1 24.0 2.5 2.5 2 1 1 5 5
3918.3 -203.7 36.2 229 0 13.2 30.6 2.5 2.5 2 1 1 1 1
3905.1 -214.0 35.9 229 0 8.6 12.7 2.5 2.5 2 1 1 3 3
3932.1 -246.2 38.0 53 0 10.5 17.8 2.5 2.5 2 1 1 4 4
3904.5 -258.0 37.8 139 0 15.6 16.1 2.5 0.0 0 1 1 5 5
3887.6 -227.8 35.5 232 0 20.9 15.0 2.5 2.5 2 0 1 5 5
3885.3 -293.0 37.9 46 0 32.9 14.3 2.5 2.5 4 0 1 3 3
3826.3 -337.5 36.7 48 0 7.3 14.2 2.5 2.5 2 1 1 3 3
3787.2 -305.4 32.7 322 0 11.3 20.0 2.5 2.5 2 1 1 4 4
3777.8 -379.8 35.4 37 0 31.9 19.1 2.5 0.0 0 0 1 0 0
3828.3 -376.4 39.5 133 0 21.3 10.2 2.5 2.5 2 0 1 5 5
3840.9 -356.5 40.1 222 0 11.5 13.8 2.5 2.5 2 1 1 5 5
3853.5 -341.4 40.0 226 0 11.3 24.6 2.5 2.5 4 1 1 0 0
3879.2 -335.3 40.4 313 0 21.3 11.5 2.5 2.5 2 0 1 4 4
3897.7 -353.6 43.0 321 0 10.2 25.4 2.5 0.0 0 1 1 0 0
3941.8 -401.2 49.5 316 0 8.4 10.0 2.5 2.5 2 1 1 5 5
3932.1 -387.1 47.9 310 0 10.9 10.8 2.5 2.5 2 0 1 3 3
3928.4 -340.9 44.3 43 0 17.8 9.0 2.5 2.5 2 0 1 5 5
3922.1 -378.3 46.5 318 0 10.0 14.0 2.5 2.5 4 1 1 0 0
3907.6 -425.6 48.8 147 0 8.7 14.3 2.5 2.5 2 1 1 2 2
3892.5 -416.7 47.2 150 0 6.3 13.3 2.5 2.5 2 1 1 3 3
3879.0 -409.3 45.7 145 0 9.5 20.6 2.5 2.5 2 1 1 4 4
3859.8 -399.6 43.0 128 0 23.0 17.4 2.5 2.5 2 0 1 2 2
3958.3 -411.2 51.1 314 0 12.1 11.9 2.5 2.5 4 0 1 3 3
3966.1 -434.2 52.6 56 0 12.1 10.8 2.5 2.5 2 0 1 1 1
3981.4 -445.8 55.0 232 0 24.9 17.1 2.5 2.5 2 0 1 5 5
4073.6 -442.3 55.2 61 0 26.2 16.9 2.5 2.5 2 0 1 0 0
4041.5 -460.3 56.0 61 0 26.0 15.9 2.5 2.5 2 0 1 0 0
4007.5 -371.0 50.7 237 0 12.3 8.4 2.5 2.5 2 0 1 3 3
3984.1 -405.8 51.7 146 0 19.0 20.6 2.5 2.5 2 1 1 2 2
4013.7 -423.1 54.1 237 0 23.7 15.6 2.5 2.5 2 0 1 1 1
3936.8 -366.3 46.7 142 0 15.1 13.0 2.5 2.5 2 0 1 3 3
3962.9 -384.9 48.9 51 0 9.9 15.3 2.5 2.5 2 1 1 0 0
3973.8 -373.2 49.3 51 0 7.8 11.5 2.5 2.5 4 1 1 1 1
3982.6 -319.8 47.0 232 0 9.5 11.2 2.5 2.5 2 1 1 5 5
3970.4 -329.6 47.3 233 0 8.2 12.4 2.5 2.5 2 1 1 0 0
3958.9 -337.9 47.1 230 0 8.2 12.9 2.5 2.5 2 1 1 2 2
3969.3 -303.1 43.8 50 0 10.3 18.5 2.5 2.5 2 1 1 5 5
3955.1 -316.6 43.7 53 0 10.8 17.8 2.5 2.5 2 1 1 5 5
3935.5 -271.4 41.2 231 0 20.9 15.5 2.5 2.5 2 0 1 2 2
3968.5 -213.8 38.2 59 0 15.4 18.3 2.5 2.5 2 1 1 1 1
3987.6 -202.3 39.3 58 0 14.3 11.8 2.5 2.5 2 0 1 0 0
4021.4 -204.4 43.2 238 0 10.1 12.6 2.5 2.5 2 1 1 4 4
4046.7 -187.8 43.6 245 0 23.2 17.4 2.5 2.5 2 0 1 5 5
4005.8 -215.9 42.7 235 0 12.7 15.8 2.5 2.5 2 1 1 2 2
3981.4 -245.1 42.0 144 0 18.1 16.1 2.5 2.5 2 0 1 5 5
4075.4 -233.9 46.0 61 0 20.0 15.2 2.5 2.5 2 0 1 1 1
4041.2 -249.9 44.8 50 0 21.0 19.1 2.5 2.5 2 0 1 1 1
4012.1 -272.2 44.3 55 0 19.5 18.7 2.5 2.5 2 0 1 3 3
3994.1 -308.1 46.4 231 0 12.2 14.5 2.5 0.0 0 1 1 2 2
4016.4 -329.4 47.9 326 0 12.8 12.1 2.5 2.5 2 0 1 0 0
4022.6 -359.5 50.2 232 0 13.7 24.5 2.5 2.5 2 1 1 2 2
4046.2 -401.0 53.2 239 0 24.9 14.4 2.5 2.5 4 0 1 3 3
4121.0 -273.6 50.2 62 0 14.0 13.7 2.5 2.5 2 0 1 5 5
4097.1 -288.2 49.6 61 0 8.8 14.7 2.5 2.5 2 1 1 5 5
4058.8 -309.1 48.6 62 0 6.5 15.1 2.5 2.5 2 1 1 4 4
4039.8 -274.9 47.1 240 0 10.5 16.4 2.5 2.5 2 1 1 1 1
4028.3 -314.2 47.5 151 0 22.7 20.9 2.5 2.5 2 0 1 0 0
4086.5 -313.8 51.1 242 0 13.3 9.7 2.5 2.5 2 0 1 1 1
4068.3 -323.7 50.4 238 0 15.8 10.6 2.5 2.5 2 0 1 5 5
4064.1 -352.7 51.2 238 0 13.1 12.3 2.5 2.5 2 0 1 3 3
4289.5 -402.4 61.8 58 0 7.0 39.8 2.5 2.5 2 1 1 0 0
4403.9 -444.5 58.3 176 0 54.2 80.1 2.5 0.0 0 1 1 2 2
4225.4 -545.3 54.6 67 0 37.4 40.9 2.5 0.0 0 1 1 4 4
4313.1 -522.0 55.0 75 0 117.5 47.2 2.5 0.0 0 0 1 4 4
4356.5 -450.0 60.3 348 0 15.6 21.1 2.5 2.5 2 1 1 3 3
4177.1 -375.6 57.5 60 0 19.0 12.5 2.5 2.5 2 0 1 1 1
4156.5 -389.0 56.7 61 0 15.2 13.6 2.5 2.5 2 0 1 4 4
4134.2 -401.9 55.8 61 0 16.7 12.7 2.5 0.0 0 0 1 1 1
4103.3 -412.7 55.3 151 0 12.2 15.2 2.5 2.5 2 1 1 5 5
4091.2 -377.4 53.5 238 0 14.8 13.0 2.5 2.5 2 0 1 5 5
4111.9 -363.3 54.1 239 0 16.5 15.8 2.5 2.5 2 0 1 4 4
4104.3 -309.5 51.6 154 0 10.5 26.5 2.5 2.5 2 1 1 5 5
4219.0 -311.7 57.2 146 0 17.6 11.2 2.5 2.5 2 0 1 5 5
4155.9 -336.6 55.5 244 0 17.8 13.5 2.5 2.5 2 0 1 4 4
4188.8 -331.4 56.2 339 0 13.7 16.6 2.5 2.5 2 1 1 4 4
4200.7 -352.0 57.8 332 0 12.5 16.0 2.5 2.5 2 1 1 1 1
4183.4 -401.0 59.4 241 0 11.8 33.6 2.5 2.5 2 1 1 0 0
3768.8 -681.5 54.4 88 0 9.3 26.1 2.5 2.5 2 1 1 4 4
3774.3 -636.3 52.5 358 0 19.6 9.1 2.5 2.5 2 0 1 1 1
3748.9 -609.7 49.8 80 0 10.9 13.5 2.5 2.5 2 1 1 5 5
3765.1 -607.3 50.2 83 0 10.8 13.1 2.5 2.5 2 1 1 0 0
3782.4 -490.3 42.9 294 0 3.9 9.9 2.5 2.5 2 1 1 1 1
3776.1 -486.4 42.5 301 0 7.4 10.1 2.5 2.5 2 1 1 2 2
3779.2 -520.0 44.3 18 0 14.9 11.9 2.5 2.5 2 0 1 4 4
3758.6 -477.8 42.1 277 0 11.4 25.1 2.5 0.0 0 1 1 1 1
3832.8 -632.5 52.2 269 0 16.6 12.6 2.5 2.5 2 0 1 4 4
3815.9 -623.9 51.5 272 0 12.0 12.2 2.5 2.5 2 1 1 5 5
3790.4 -630.8 51.5 180 0 13.3 11.2 2.5 2.5 2 0 1 2 2
3789.3 -650.6 52.7 178 0 11.5 10.7 2.5 2.5 4 0 1 1 1
3886.4 -625.8 51.9 30 0 8.6 13.6 2.5 2.5 2 1 1 5 5
3859.8 -615.6 50.6 114 0 15.5 9.9 2.5 2.5 2 0 1 0 0
3839.9 -608.8 50.1 113 0 10.2 10.8 2.5 2.5 2 1 1 5 5
3819.2 -601.7 49.4 95 0 14.1 11.3 2.5 2.5 2 0 1 5 5
3788.1 -598.8 49.5 179 0 10.6 12.5 2.5 2.5 2 1 1 4 4
3867.8 -447.3 43.9 322 0 17.3 41.1 2.5 2.5 2 1 1 4 4
3971.1 -497.7 56.1 303 0 21.3 11.8 2.5 2.5 2 0 1 2 2
3931.9 -516.0 53.4 211 0 26.4 12.4 2.5 2.5 2 0 1 5 5
3959.5 -628.2 56.4 0 0 9.4 12.3 2.5 0.0 0 1 1 4 4
3934.1 -635.9 55.0 98 0 11.6 14.8 2.5 2.5 2 1 1 3 3
3912.3 -634.7 53.8 107 0 15.2 12.9 2.5 2.5 4 0 1 0 0
3815.0 -677.8 53.9 91 0 11.9 15.3 2.5 2.5 2 1 1 3 3
3862.0 -644.1 52.6 2 0 12.4 14.0 2.5 2.5 2 1 1 5 5
3833.3 -668.3 53.6 91 0 13.5 13.5 2.5 2.5 2 1 1 5 5
3847.4 -714.6 56.6 49 0 15.0 8.5 2.5 2.5 2 0 1 5 5
3861.0 -678.0 55.1 236 0 10.6 16.6 2.5 2.5 2 1 1 0 0
4028.2 -746.9 47.1 50 0 88.0 26.5 2.5 0.0 0 0 1 2 2
4005.0 -716.5 50.0 51 0 101.7 19.1 2.5 0.0 0 0 1 3 3
3900.8 -713.6 54.2 221 0 11.0 9.3 2.5 2.5 2 0 1 3 3
3961.3 -781.7 47.8 45 0 23.0 70.2 2.5 0.0 0 1 1 2 2
3872.3 -756.0 49.6 223 0 38.1 47.7 2.5 0.0 0 1 1 0 0
3830.2 -696.8 56.0 227 0 14.5 11.3 2.5 2.5 2 0 1 5 5
3811.1 -713.7 56.9 228 0 11.5 7.7 2.5 2.5 2 0 1 4 4
3769.5 -695.3 56.7 275 0 10.3 24.4 2.5 2.5 2 1 1 3 3
3736.1 -694.6 55.5 277 0 12.9 10.8 2.5 2.5 2 0 1 3 3
3700.1 -809.1 52.9 89 0 6.4 10.1 2.5 2.5 2 1 1 2 2
3686.6 -808.7 52.9 84 0 7.1 8.0 2.5 2.5 2 1 1 4 4
3672.4 -811.8 52.9 77 0 9.0 9.4 2.5 2.5 2 1 1 0 0
3674.7 -766.9 52.3 99 0 6.1 9.1 2.5 2.5 2 1 1 5 5
3663.9 -766.1 51.7 96 0 12.6 11.3 2.5 2.5 2 0 1 1 1
3705.2 -771.2 53.4 101 0 10.5 5.7 2.5 2.5 2 0 1 0 0
3738.9 -746.9 54.9 278 0 8.7 13.0 2.5 2.5 2 1 1 2 2
3725.1 -743.0 54.4 279 0 8.5 11.0 2.5 2.5 2 1 1 3 3
3709.5 -741.0 53.6 278 0 14.1 17.1 2.5 2.5 2 1 1 4 4
3786.2 -754.1 55.6 258 0 13.8 11.7 2.5 2.5 2 0 1 3 3
3742.2 -778.6 54.5 99 0 27.3 6.2 2.5 2.5 2 0 1 2 2
3685.1 -783.9 52.4 268 0 10.9 11.7 2.5 2.5 2 1 1 0 0
3713.2 -807.5 53.4 93 0 7.5 8.3 2.5 2.5 2 1 1 3 3
3730.0 -811.1 53.9 93 0 11.1 10.1 2.5 2.5 2 0 1 1 1
3710.9 -824.8 54.3 237 0 8.3 9.1 2.5 2.5 2 1 1 2 2
3796.4 -809.5 52.3 228 0 16.7 16.4 2.5 2.5 2 0 1 0 0
3774.9 -828.9 52.8 230 0 18.8 10.8 2.5 2.5 2 0 1 4 4
3829.4 -914.2 48.2 46 0 19.3 51.3 2.5 2.5 2 1 1 0 0
3765.0 -982.8 47.9 225 0 13.2 69.6 2.5 2.5 2 1 1 5 5
3731.2 -983.5 51.0 232 0 17.6 40.8 2.5 0.0 0 1 1 1 1
3692.5 -889.7 55.3 231 0 20.0 11.6 2.5 2.5 2 0 1 5 5
3742.5 -953.4 52.4 51 0 14.2 67.4 2.5 2.5 2 1 1 3 3
3667.3 -965.5 54.7 87 0 35.2 59.5 2.5 0.0 0 1 1 0 0
-1066.0 7834.9 24.5 1 0 16.8 29.4 14.0 3.5 2 1 4 1 1
-3416.5 6945.7 17.9 359 0 44.0 14.4 10.0 0.0 0 0 4 1 1
-3392.0 6952.4 16.7 90 0 23.1 44.7 10.0 0.0 0 1 4 1 1
-3338.8 6953.4 14.9 108 0 11.0 26.5 10.0 2.5 2 1 4 2 2
-3351.2 7001.2 17.2 289 0 42.3 13.0 12.5 2.5 2 0 5 2 2
-3263.0 6860.2 7.1 106 0 9.8 11.0 7.5 2.5 2 1 3 0 0
-3289.9 6886.4 9.2 359 0 9.7 9.0 5.0 2.5 4 0 2 5 5
-3308.4 6922.6 10.7 289 0 61.5 10.5 10.0 0.0 0 0 4 5 5
-3315.8 6873.9 8.8 90 0 20.0 15.8 12.5 2.5 2 0 5 0 0
-3348.1 6899.6 10.6 178 0 9.9 16.1 7.5 2.5 2 1 3 0 0
-3298.0 6935.6 13.1 106 0 14.7 11.1 5.0 2.5 2 0 2 3 3
-3534.7 6894.7 21.4 179 0 33.5 15.9 10.0 2.5 2 0 4 3 3
-3539.5 6923.9 22.3 182 0 12.8 23.0 12.5 2.5 2 1 5 0 0
-3521.3 6941.4 22.9 0 0 13.6 7.8 2.5 2.5 2 0 1 4 4
-2615.4 7567.4 35.8 91 0 20.4 13.5 14.0 3.5 4 0 4 5 5
-2587.9 7565.6 38.1 91 0 20.4 13.5 14.0 0.0 0 0 4 2 2
-2647.4 7609.9 33.4 230 0 13.5 20.5 14.0 3.5 2 1 4 2 2
-2606.2 7595.0 35.8 50 0 13.5 20.5 14.0 3.5 2 1 4 1 1
-2759.0 7575.9 23.8 91 0 16.0 24.3 14.0 3.5 2 1 4 0 0
-2764.6 7619.0 23.8 189 0 24.3 16.0 14.0 3.5 2 0 4 3 3
-2758.0 7709.2 26.4 193 0 24.3 16.0 14.0 3.5 2 0 4 1 1
-2753.5 7664.0 25.2 91 0 16.0 24.3 14.0 3.5 2 1 4 2 2
-2734.1 7643.3 25.9 270 0 13.4 20.5 14.0 3.5 2 1 4 0 0
-2714.3 7647.7 27.5 270 0 13.4 20.5 14.0 3.5 2 1 4 2 2
-2695.2 7640.6 29.2 270 0 13.4 20.5 14.0 3.5 2 1 4 4 4
-2688.6 7603.5 29.2 0 0 20.5 13.4 14.0 3.5 4 0 4 1 1
-2692.6 7659.0 29.8 90 0 13.4 20.5 14.0 0.0 0 1 4 0 0
-2685.3 7696.6 31.0 0 0 20.5 13.4 14.0 3.5 2 0 4 4 4
-2674.6 7583.3 31.6 180 0 20.5 13.4 14.0 3.5 2 0 4 4 4
-2674.6 7612.3 31.5 180 0 20.5 13.4 14.0 3.5 2 0 4 3 3
-2668.3 7677.0 32.6 180 0 20.5 13.4 14.0 3.5 2 0 4 0 0
-2722.3 7679.8 28.0 72 0 20.4 13.5 14.0 0.0 0 0 4 5 5
-2716.6 7715.9 29.1 274 0 20.4 13.5 14.0 3.5 4 0 4 3 3
-2733.2 7574.5 25.8 91 0 20.4 13.5 14.0 3.5 2 0 4 4 4
-2706.5 7572.7 28.1 94 0 20.4 13.5 14.0 3.5 4 0 4 0 0
-2719.8 7598.2 26.5 70 0 20.4 13.5 14.0 3.5 2 0 4 0 0
-2672.7 7638.6 31.6 181 0 13.5 20.4 14.0 3.5 2 1 4 0 0
-2644.1 7568.8 33.4 91 0 20.4 13.5 14.0 3.5 2 0 4 0 0
-2592.6 7625.6 37.0 320 0 20.5 13.5 14.0 3.5 2 0 4 3 3
-2587.3 7642.6 37.5 50 0 13.5 20.5 14.0 3.5 2 1 4 2 2
-2570.5 7659.5 39.1 50 0 13.5 20.5 14.0 3.5 4 1 4 5 5
-2566.2 7630.7 39.2 320 0 20.5 13.5 14.0 3.5 2 0 4 0 0
-2583.6 7694.5 39.7 50 0 13.5 20.5 14.0 3.5 2 1 4 1 1
-2612.3 7697.9 37.4 50 0 13.5 20.5 14.0 3.5 2 1 4 0 0
-2629.2 7673.0 34.9 51 0 20.4 13.5 14.0 3.5 2 0 4 3 3
-2596.8 7682.1 37.0 321 0 13.5 20.4 14.0 3.5 2 1 4 0 0
-2642.9 7712.6 34.6 321 0 13.5 20.4 14.0 3.5 2 1 4 2 2
-2633.4 7631.4 34.3 231 0 20.4 13.5 14.0 3.5 2 0 4 4 4
-2572.3 7606.6 38.5 321 0 13.5 20.4 14.0 3.5 2 1 4 5 5
-2564.2 7569.5 40.4 109 0 13.5 20.5 14.0 3.5 2 1 4 3 3
-2543.7 7601.8 41.3 19 0 20.5 13.4 14.0 3.5 2 0 4 0 0
-2558.8 7667.3 41.4 176 0 21.3 13.2 14.0 3.5 2 0 4 0 0
-2556.5 7638.9 41.5 176 0 21.3 13.2 14.0 3.5 2 0 4 5 5
-2564.3 7693.3 42.0 140 0 21.3 13.2 14.0 3.5 2 0 4 0 0
-2161.2 6852.1 9.7 178 0 16.3 14.3 21.0 0.0 0 0 6 4 4
-2161.5 6886.3 13.0 178 0 16.3 14.3 21.0 0.0 0 0 6 0 0
-2155.7 6821.5 7.8 154 0 16.3 14.4 21.0 0.0 0 0 6 2 2
-2123.4 6783.0 6.3 99 0 16.3 14.4 21.0 0.0 0 0 6 3 3
-2091.1 6780.3 7.4 88 0 16.2 14.4 21.0 0.0 0 0 6 3 3
-2055.4 6784.4 9.4 91 0 16.3 14.4 21.0 0.0 0 0 6 0 0
-1979.3 6801.5 14.5 45 0 16.3 14.4 21.0 0.0 0 0 6 4 4
-2265.6 7030.3 13.2 120 0 16.2 14.4 21.0 0.0 0 0 6 3 3
-2236.8 7012.4 15.7 108 0 16.2 14.4 21.0 0.0 0 0 6 1 1
-2206.8 7004.5 19.2 120 0 16.3 14.4 21.0 0.0 0 0 6 4 4
-2174.4 6995.3 23.0 120 0 16.2 14.4 21.0 0.0 0 0 6 5 5
-2143.1 6980.2 24.6 108 0 16.3 14.4 21.0 0.0 0 0 6 4 4
-2117.0 6962.4 24.3 120 0 16.2 14.4 21.0 0.0 0 0 6 0 0
-2261.0 7074.8 16.7 185 0 7.8 21.4 10.5 0.0 0 1 3 3 3
-575.5 7069.8 -17.7 93 0 8.9 9.4 10.5 3.5 2 1 3 3 3
6198.7 9920.3 23.4 284 0 6.1 27.3 7.5 2.5 2 1 3 3 3
6274.6 10059.8 28.6 174 0 21.2 16.8 12.5 0.0 0 0 5 3 3
6323.4 10159.9 35.1 297 0 10.3 9.9 5.0 2.5 2 0 2 4 4
6147.9 10051.1 30.9 22 0 11.0 14.2 5.0 2.5 4 1 2 4 4
6152.5 10065.3 31.1 22 0 11.0 14.2 5.0 2.5 2 1 2 0 0
6127.2 10089.1 30.3 202 0 11.0 14.2 2.5 2.5 2 1 1 2 2
6433.4 10461.6 42.2 342 0 12.4 11.6 2.5 2.5 2 0 1 5 5
6373.3 10428.3 40.4 158 0 15.9 10.7 2.5 2.5 2 0 1 5 5
6398.4 10427.5 40.8 69 0 12.4 11.6 10.0 2.5 2 0 4 0 0
6358.6 10455.3 41.1 158 0 11.3 11.8 5.0 2.5 2 1 2 3 3
6353.5 10463.9 40.9 159 0 7.8 13.7 5.0 2.5 2 1 2 4 4
6344.0 10487.0 39.6 160 0 12.5 14.9 5.0 2.5 2 1 2 2 2
6325.9 10322.9 37.9 65 0 3.2 6.9 2.5 2.5 2 1 1 4 4
6320.4 10334.4 38.0 64 0 3.3 10.4 7.5 0.0 0 1 3 1 1
6348.9 10336.9 38.3 66 0 9.5 11.5 5.0 2.5 2 1 2 0 0
6341.7 10366.2 38.5 336 0 11.5 9.5 2.5 0.0 0 0 1 0 0
6575.5 9769.3 -17.3 171 0 12.5 9.0 7.5 2.5 2 0 3 0 0
6602.7 9743.7 -20.0 63 0 6.8 20.4 7.5 2.5 2 1 3 4 4
6547.1 10162.6 29.7 287 0 9.2 12.4 7.5 2.5 2 1 3 5 5
6591.0 10119.9 23.9 353 0 11.1 9.9 2.5 2.5 2 0 1 0 0
6545.8 10106.3 23.3 173 0 21.5 28.7 12.5 2.5 2 1 5 4 4
6517.5 10141.2 29.0 204 0 4.9 9.6 5.0 2.5 2 1 2 1 1
6511.6 10343.9 40.7 212 0 9.2 12.9 7.5 2.5 2 1 3 4 4
6545.1 10249.9 39.8 7 0 12.0 5.5 2.5 2.5 4 0 1 1 1
6514.3 10255.4 39.4 183 0 21.1 7.8 5.0 2.5 4 0 2 5 5
6499.9 10270.8 39.2 183 0 21.5 13.6 7.5 2.5 2 0 3 4 4
6505.9 10284.0 39.8 180 0 10.5 7.5 2.5 2.5 2 0 1 2 2
-4408.8 5491.4 1.9 288 0 13.5 20.8 12.5 0.0 0 1 5 2 2
-4429.5 5843.5 35.8 250 0 12.6 17.1 2.5 2.5 2 1 1 3 3
-4445.8 5836.0 35.8 248 0 10.3 12.6 5.0 2.5 2 1 2 3 3
-4413.0 5850.7 36.0 250 0 12.6 17.1 2.5 2.5 2 1 1 5 5
-4387.7 5851.2 35.0 340 0 17.1 12.6 7.5 0.0 0 0 3 4 4
-4442.2 5806.3 34.5 160 0 17.1 12.6 2.5 2.5 2 0 1 3 3
-4424.5 5813.5 34.8 160 0 17.1 12.6 5.0 2.5 2 0 2 1 1
-4395.6 5824.2 35.0 340 0 17.1 12.6 7.5 2.5 2 0 3 1 1
-4379.2 5830.5 35.1 340 0 17.1 12.6 7.5 2.5 2 0 3 1 1
-4433.9 5786.1 31.2 160 0 17.1 12.6 7.5 2.5 2 0 3 0 0
-4416.7 5792.8 32.1 160 0 17.1 12.6 5.0 2.5 2 0 2 0 0
-4389.1 5804.1 33.1 340 0 17.1 12.6 2.5 2.5 2 0 1 1 1
-4371.6 5810.2 33.9 340 0 17.1 12.6 5.0 2.5 2 0 2 2 2
-4367.9 5780.0 31.3 70 0 12.6 17.1 5.0 2.5 4 1 2 4 4
-4383.8 5773.0 30.3 70 0 12.6 17.1 5.0 2.5 2 1 2 3 3
-4400.4 5767.1 29.5 70 0 12.6 17.1 2.5 2.5 2 1 1 4 4
-4417.0 5759.3 28.5 70 0 12.6 17.1 7.5 2.5 2 1 3 5 5
-4552.6 5949.1 39.8 198 0 29.2 13.3 12.5 2.5 2 0 5 2 2
-4558.6 5911.3 40.0 179 0 29.3 13.3 10.0 2.5 2 0 4 2 2
-4516.2 5924.8 39.3 7 0 29.2 13.3 10.0 2.5 2 0 4 4 4
-4522.1 5977.4 38.3 272 0 13.3 29.3 10.0 2.5 2 1 4 4 4
-4530.2 5891.1 39.5 100 0 16.9 12.8 2.5 2.5 2 0 1 1 1
-2904.2 5771.5 -18.9 265 0 43.4 15.6 12.5 0.0 0 0 5 1 1
-2896.4 5734.2 -20.1 85 0 43.4 15.6 12.5 2.5 2 0 5 3 3
-2952.1 5802.8 -15.1 78 0 23.2 16.5 10.0 2.5 2 0 4 2 2
-2961.8 5845.2 -13.7 258 0 23.2 16.5 7.5 2.5 4 0 3 4 4
-2983.7 5838.6 -14.2 255 0 10.0 24.2 7.5 2.5 2 1 3 2 2
-4346.7 1122.5 -40.2 87 0 5.2 5.4 7.5 2.5 2 1 3 2 2
-4305.4 1130.0 -40.3 77 0 10.4 7.4 7.5 0.0 0 0 3 2 2
-4225.2 1150.1 -41.4 76 0 6.8 4.5 7.5 2.5 2 0 3 0 0
-4094.4 1261.8 -36.2 161 0 12.1 15.5 2.5 2.5 4 1 1 4 4
-4093.5 1100.2 -52.3 77 0 5.7 6.0 2.5 2.5 2 1 1 4 4
-4076.2 1113.1 -52.2 349 0 9.3 8.4 2.5 2.5 2 0 1 5 5
-4088.6 1123.3 -51.1 264 0 5.5 5.5 7.5 2.5 2 1 3 5 5
-3990.6 804.6 -51.8 65 0 7.5 7.9 7.5 2.5 2 1 3 1 1
-4071.5 719.9 -37.5 74 0 10.3 12.3 5.0 2.5 2 1 2 0 0
-3515.9 1070.8 -56.2 319 0 7.2 26.0 5.0 2.5 2 1 2 1 1
-3582.5 994.6 -53.2 56 0 8.4 14.1 7.5 2.5 4 1 3 4 4
-3645.9 1022.7 -54.6 88 0 8.8 6.5 5.0 2.5 2 0 2 4 4
-3636.6 1003.5 -54.9 121 0 11.9 33.3 7.5 2.5 2 1 3 0 0
-3271.5 1160.2 -58.3 126 0 15.9 10.2 5.0 2.5 2 0 2 3 3
-6625.5 2490.4 -46.4 104 0 15.4 14.0 10.0 2.5 2 0 4 2 2
-6800.6 2181.9 -36.0 16 0 9.5 18.4 2.5 0.0 0 1 1 1 1
-6826.9 2181.7 -35.1 195 0 6.6 6.4 7.5 2.5 2 0 3 1 1
-6804.1 2245.0 -42.7 269 0 10.5 10.2 5.0 2.5 2 0 2 5 5
-6836.5 2263.7 -46.6 85 0 7.4 14.4 7.5 0.0 0 1 3 1 1
-4610.7 1063.8 -38.7 177 0 6.8 8.0 5.0 2.5 4 1 2 0 0
-4620.0 1058.9 -38.6 1 0 6.4 6.9 2.5 2.5 2 1 1 2 2
-4635.0 1012.4 -42.5 340 0 10.7 7.4 5.0 2.5 2 0 2 1 1
-4666.7 1048.6 -37.8 74 0 7.8 9.1 7.5 2.5 2 1 3 5 5
-4804.4 1023.5 -33.6 164 0 4.5 5.2 7.5 2.5 2 1 3 3 3
-4952.9 876.4 -45.4 251 0 8.3 8.6 7.5 2.5 2 1 3 5 5
-5281.4 770.0 -42.9 76 0 6.2 5.9 7.5 2.5 2 0 3 5 5
-5336.9 688.3 -44.5 257 0 7.6 9.1 2.5 2.5 2 1 1 3 3
-5388.7 689.0 -42.3 76 0 4.7 4.6 2.5 0.0 0 0 1 4 4
-5423.3 665.9 -43.8 258 0 8.7 10.6 5.0 2.5 2 1 2 5 5
-5534.7 629.2 -45.2 90 0 3.0 8.4 5.0 2.5 2 1 2 2 2
-5518.4 633.7 -45.2 90 0 3.0 8.4 7.5 2.5 4 1 3 4 4
-5531.9 650.3 -44.6 267 0 8.6 4.9 2.5 2.5 2 0 1 4 4
-5514.6 830.5 -27.1 83 0 8.9 9.1 5.0 2.5 2 1 2 2 2
-4048.7 480.4 -10.6 232 0 15.0 28.8 12.5 0.0 0 1 5 4 4
-4004.1 422.2 -9.7 94 0 9.1 20.1 5.0 2.5 2 1 2 2 2
-3979.6 415.9 -9.6 84 0 10.9 9.2 7.5 2.5 2 0 3 3 3
-4060.1 440.3 -7.9 154 0 9.9 9.0 5.0 2.5 2 0 2 2 2
-3929.4 480.5 -18.3 260 0 14.5 26.8 10.0 2.5 2 1 4 1 1
-3914.9 428.0 -14.0 81 0 11.2 17.1 7.5 2.5 2 1 3 0 0
-3959.8 525.3 -21.8 354 0 13.2 13.8 5.0 2.5 2 1 2 3 3
-3997.3 556.5 -21.8 315 0 8.9 40.7 7.5 2.5 2 1 3 0 0
-4062.6 498.0 -11.7 172 0 19.4 10.2 2.5 2.5 2 0 1 3 3
-4041.6 530.6 -14.8 164 0 11.9 7.2 5.0 2.5 2 0 2 1 1
-4042.8 582.4 -21.4 260 0 10.7 24.0 10.0 2.5 2 1 4 0 0
-4573.0 887.7 -52.2 260 0 9.0 8.6 7.5 2.5 2 0 3 5 5
-4509.2 904.3 -51.2 257 0 9.8 9.3 7.5 2.5 4 0 3 1 1
-3960.1 475.1 -14.0 273 0 12.5 24.3 7.5 2.5 2 1 3 5 5
-4056.2 1292.4 -35.3 255 0 7.9 16.6 2.5 2.5 2 1 1 1 1
-3363.4 -1214.0 50.9 175 0 11.7 15.5 5.0 2.5 2 1 2 3 3
-3103.8 -1713.8 73.4 261 0 97.6 15.5 10.0 2.5 2 0 4 4 4
-1254.5 -3240.0 41.7 49 0 33.1 14.8 10.0 0.0 0 0 4 1 1
1236.8 -2977.4 24.2 264 0 22.5 9.0 5.0 2.5 2 0 2 1 1
1345.3 -3000.3 19.2 231 0 6.4 20.6 7.5 2.5 2 1 3 3 3
2037.2 -3185.8 40.7 44 0 75.6 19.6 7.5 2.5 2 0 3 5 5
2066.4 -3215.0 43.6 122 0 5.9 11.9 2.5 2.5 2 1 1 2 2
2082.6 -3188.2 44.2 223 0 11.9 5.9 2.5 2.5 2 0 1 5 5
2062.6 -3135.3 43.4 313 0 3.3 4.0 5.0 2.5 2 1 2 3 3
-392.6 6695.8 -12.9 63 0 27.3 20.7 14.0 3.5 2 0 4 1 1
-33.2 6184.2 -30.8 334 0 19.8 28.3 14.0 3.5 4 1 4 3 3
-298.0 7996.5 34.0 331 0 54.7 119.1 14.0 0.0 0 1 4 1 1
