-3122.9 -7679.8 -32.8 179 0 16.7 9.5 2.5 2.5 2 0 1 5 5
-3571.9 -8624.3 -13.8 184 0 14.1 11.0 7.5 2.5 2 0 3 1 1
-3425.8 -9097.3 -6.1 82 0 8.7 4.7 2.5 2.5 2 0 1 3 3
-3436.2 -9066.9 -6.4 280 0 13.7 5.2 7.5 2.5 2 0 3 4 4
-3447.9 -9069.3 -4.2 273 0 4.6 12.2 7.5 2.5 2 1 3 2 2
-3448.4 -9096.4 -3.4 91 0 4.8 12.0 5.0 2.5 2 1 2 5 5
-3690.0 -8641.3 -7.7 187 0 6.3 5.5 2.5 2.5 2 0 1 3 3
-3366.7 -8379.7 -27.2 4 0 11.1 10.2 5.0 2.5 2 0 2 1 1
-3397.2 -8383.9 -27.0 99 0 8.7 5.2 5.0 2.5 2 0 2 4 4
-3938.3 -8173.2 -30.0 78 0 4.6 16.8 7.5 2.5 2 1 3 1 1
-4013.8 -8167.6 -33.6 12 0 6.4 16.8 7.5 2.5 2 1 3 2 2
-4062.0 -8103.7 -37.3 267 0 4.7 5.2 7.5 2.5 2 1 3 3 3
-4117.7 -8133.3 -37.0 180 0 6.4 12.3 2.5 2.5 2 1 1 1 1
-4012.5 -8155.1 -34.1 14 0 9.1 12.8 7.5 2.5 4 1 3 2 2
-2504.6 -7047.2 -29.6 308 0 6.3 6.4 7.5 2.5 4 1 3 5 5
-2496.2 -7062.8 -29.0 280 0 6.8 6.4 2.5 2.5 2 0 1 4 4
-3114.6 -7438.2 -27.5 145 0 6.4 10.3 7.5 2.5 4 1 3 3 3
-5146.1 -7848.1 -20.1 194 0 11.4 13.8 7.5 2.5 2 1 3 3 3
-5593.7 -7957.4 5.0 117 0 9.2 13.2 7.5 0.0 0 1 3 2 2
-5096.6 -7602.1 -31.2 186 0 11.3 14.4 5.0 0.0 0 1 2 3 3
-5626.2 -8405.1 5.4 312 0 50.1 11.9 10.0 2.5 2 0 4 4 4
-5453.2 -7798.9 -4.4 203 0 11.7 11.2 7.5 2.5 2 0 3 4 4
-5400.6 -8043.4 -5.4 64 0 10.7 27.9 10.0 2.5 2 1 4 3 3
-5094.0 -7731.5 -27.3 146 0 30.6 10.3 12.5 2.5 2 0 5 1 1
-5485.8 -7918.9 0.8 44 0 11.3 14.1 7.5 2.5 2 1 3 1 1
-5207.4 -7864.0 -13.3 168 0 27.4 13.2 10.0 0.0 0 0 4 4 4
-5119.0 -7831.4 -23.9 110 0 10.9 7.4 7.5 2.5 4 0 3 1 1
-5268.7 -7801.2 -8.4 242 0 13.2 19.0 10.0 2.5 2 1 4 2 2
-5233.0 -7778.5 -10.0 239 0 12.5 13.0 5.0 2.5 2 1 2 0 0
-5422.9 -7927.4 -1.1 214 0 26.3 11.9 5.0 2.5 2 0 2 5 5
-5286.9 -7792.2 -8.6 61 0 11.2 13.1 5.0 2.5 2 1 2 3 3
-5337.7 -7872.9 -4.4 121 0 14.5 10.0 7.5 2.5 4 0 3 2 2
-5407.1 -7798.4 -5.9 133 0 12.1 16.7 2.5 2.5 2 1 1 4 4
-5372.6 -7795.5 -6.1 320 0 11.7 13.1 7.5 2.5 2 1 3 0 0
-5686.1 -8434.5 7.8 225 0 12.7 15.5 5.0 2.5 2 1 2 5 5
-5312.5 -7661.9 -13.8 239 0 15.2 11.0 7.5 2.5 2 0 3 4 4
6157.7 -6946.1 -26.6 70 0 12.2 10.5 2.5 2.5 2 0 1 0 0
5896.3 -6241.8 10.4 60 0 12.2 9.8 5.0 2.5 2 0 2 2 2
5903.4 -5857.6 3.2 147 0 11.8 11.9 10.0 2.5 4 1 4 0 0
5875.2 -5742.6 -11.7 12 0 3.9 5.2 7.5 2.5 2 1 3 1 1
-2199.0 -8775.8 15.0 124 0 6.3 11.6 5.0 2.5 2 1 2 2 2
-2403.6 -9044.0 7.0 47 0 6.7 29.2 5.0 2.5 2 1 2 3 3
-5653.4 -7998.0 6.2 188 0 4.8 5.7 5.0 2.5 2 1 2 4 4
-2427.8 -8805.6 3.7 303 0 4.7 11.7 7.5 0.0 0 1 3 1 1
-2425.7 -8809.4 4.2 218 0 5.5 32.0 7.5 2.5 4 1 3 3 3
-2399.0 -8843.2 4.1 19 0 5.4 23.2 7.5 2.5 2 1 3 0 0
-2460.0 -8869.7 1.4 287 0 11.4 4.4 7.5 2.5 2 0 3 1 1
-2483.3 -8857.5 0.4 289 0 6.0 7.7 7.5 2.5 2 1 3 3 3
-2808.7 -8166.1 -16.8 83 0 13.9 17.0 7.5 0.0 0 1 3 2 2
-3821.9 -8273.7 -21.9 85 0 4.0 9.6 7.5 2.5 2 1 3 0 0
-3406.5 -8045.1 -21.7 160 0 7.8 6.4 7.5 2.5 2 0 3 3 3
5853.7 -5710.1 -18.1 197 0 8.0 10.6 7.5 2.5 2 1 3 0 0
4898.7 -10118.5 -35.0 252 0 8.6 7.0 5.0 2.5 2 0 2 3 3
5781.8 -5816.3 10.7 214 0 6.9 13.6 5.0 2.5 2 1 2 4 4
5773.4 -5831.4 11.9 214 0 6.9 13.6 7.5 2.5 2 1 3 2 2
5901.1 -5881.4 6.9 340 0 13.6 6.9 7.5 0.0 0 0 3 1 1
5891.9 -5863.6 7.4 340 0 13.6 6.9 7.5 2.5 4 0 3 3 3
5882.8 -5844.7 7.4 340 0 13.6 6.9 5.0 2.5 2 0 2 0 0
5881.0 -5887.7 8.0 59 0 6.9 13.6 2.5 2.5 2 1 1 2 2
5869.8 -5870.1 8.6 59 0 6.9 13.6 7.5 2.5 4 1 3 1 1
5852.9 -5837.7 9.1 239 0 6.9 13.6 7.5 2.5 2 1 3 0 0
5866.1 -5822.7 6.5 239 0 6.9 13.6 2.5 2.5 2 1 1 2 2
5861.0 -5886.2 9.1 59 0 6.9 13.6 5.0 2.5 4 1 2 0 0
5841.7 -5885.4 10.2 59 0 6.9 13.6 2.5 2.5 2 1 1 5 5
5841.7 -5853.8 9.8 239 0 6.9 13.6 7.5 2.5 2 1 3 5 5
5834.7 -5796.3 7.8 304 0 13.6 6.9 2.5 2.5 4 0 1 2 2
5852.5 -5812.5 7.2 34 0 6.9 13.6 7.5 2.5 2 1 3 1 1
5840.2 -5821.9 10.2 34 0 6.9 13.6 7.5 2.5 2 1 3 1 1
5821.6 -5815.7 10.3 34 0 6.9 13.6 7.5 2.5 2 1 3 0 0
5792.2 -5801.9 8.8 214 0 6.9 13.6 5.0 2.5 2 1 2 2 2
5770.2 -5852.6 13.4 203 0 6.9 13.6 5.0 2.5 2 1 2 3 3
5803.8 -5846.4 12.4 34 0 6.9 13.6 7.5 2.5 2 1 3 5 5
5810.7 -5831.0 11.6 34 0 6.9 13.6 7.5 2.5 4 1 3 1 1
5829.2 -5838.7 10.9 34 0 6.9 13.6 5.0 2.5 2 1 2 5 5
5822.9 -5853.1 11.3 34 0 6.9 13.6 5.0 2.5 2 1 2 3 3
5818.4 -5872.4 11.6 34 0 6.9 13.6 7.5 2.5 2 1 3 3 3
5813.2 -5891.1 12.0 34 0 6.9 13.6 7.5 2.5 2 1 3 4 4
5798.3 -5881.7 12.8 20 0 6.9 13.6 7.5 2.5 4 1 3 0 0
5802.5 -5865.1 12.5 20 0 6.9 13.6 5.0 2.5 2 1 2 0 0
5768.4 -5870.0 13.8 200 0 6.9 13.6 2.5 2.5 4 1 1 0 0
5765.4 -5888.1 14.0 200 0 6.9 13.6 2.5 2.5 2 1 1 2 2
5795.1 -5899.1 13.1 20 0 6.9 13.6 5.0 2.5 2 1 2 1 1
5805.8 -5784.3 5.9 215 0 13.6 6.9 5.0 2.5 2 0 2 1 1
5814.5 -5788.6 7.3 215 0 7.2 7.9 5.0 0.0 0 1 2 4 4
5678.0 -5938.4 15.2 323 0 10.3 13.8 7.5 0.0 0 1 3 5 5
5668.4 -5927.6 14.8 323 0 10.3 13.8 5.0 2.5 2 1 2 4 4
5657.8 -5915.5 13.8 323 0 10.3 13.8 2.5 2.5 2 1 1 4 4
5649.4 -5902.0 13.1 323 0 10.3 13.8 5.0 0.0 0 1 2 3 3
5638.1 -5897.9 12.0 53 0 13.8 10.3 2.5 2.5 2 0 1 0 0
5653.9 -5885.4 11.8 53 0 13.8 10.3 5.0 2.5 2 0 2 2 2
5672.7 -5864.4 10.8 323 0 10.3 13.8 7.5 2.5 2 1 3 1 1
5860.7 -7207.5 -10.2 150 0 11.4 7.4 7.5 2.5 2 0 3 2 2
5877.8 -7199.0 -11.4 60 0 7.5 11.4 7.5 2.5 4 1 3 0 0
5890.8 -7188.4 -13.5 60 0 7.4 11.4 7.5 2.5 2 1 3 0 0
5901.4 -7175.8 -16.0 60 0 7.5 11.4 7.5 2.5 2 1 3 1 1
5908.7 -7148.0 -22.8 225 0 7.4 11.4 7.5 2.5 2 1 3 3 3
5919.4 -7134.7 -21.3 240 0 7.4 11.4 5.0 2.5 2 1 2 5 5
5928.8 -7120.4 -17.9 239 0 7.4 11.4 7.5 2.5 2 1 3 4 4
5952.7 -7120.5 -19.7 330 0 11.4 7.4 2.5 0.0 0 0 1 3 3
5743.0 -7506.6 -35.0 66 0 7.0 10.1 7.5 2.5 2 1 3 0 0
5729.4 -7512.1 -30.1 66 0 7.0 10.1 5.0 2.5 2 1 2 0 0
5717.1 -7487.4 -18.4 246 0 7.0 10.1 2.5 2.5 2 1 1 3 3
5703.9 -7493.4 -18.0 246 0 7.0 10.1 7.5 2.5 2 1 3 4 4
5715.6 -7517.5 -25.0 66 0 7.0 10.1 5.0 2.5 2 1 2 4 4
5702.4 -7523.3 -22.9 66 0 7.0 10.1 7.5 2.5 2 1 3 0 0
5685.0 -7519.9 -22.5 246 0 7.0 10.1 2.5 2.5 2 1 1 5 5
5670.1 -7531.0 -21.8 156 0 10.1 7.0 5.0 2.5 2 0 2 4 4
5401.2 -7686.9 -9.0 269 0 10.1 7.0 7.5 2.5 2 0 3 4 4
5371.4 -7690.7 -8.1 179 0 7.0 10.1 5.0 2.5 2 1 2 1 1
5282.4 -7809.9 -9.0 281 0 10.1 7.0 7.5 2.5 2 0 3 5 5
5265.0 -7808.1 -7.2 281 0 10.1 7.0 5.0 2.5 4 0 2 1 1
5247.6 -7805.2 -5.4 281 0 10.1 7.0 7.5 2.5 2 0 3 2 2
5224.3 -7804.7 -3.5 191 0 7.0 10.1 7.5 2.5 2 1 3 3 3
5223.0 -7822.7 -4.8 191 0 7.0 10.1 2.5 2.5 2 1 1 0 0
5238.9 -7845.4 -7.3 101 0 10.1 7.0 7.5 2.5 2 0 3 4 4
5257.3 -7843.5 -8.9 101 0 10.1 7.0 7.5 2.5 2 0 3 2 2
5272.4 -7847.0 -10.5 101 0 10.1 7.0 7.5 2.5 2 0 3 1 1
5251.0 -7860.5 -9.6 101 0 10.1 7.0 7.5 2.5 2 0 3 4 4
5266.6 -7868.1 -11.7 101 0 10.1 7.0 5.0 2.5 2 0 2 3 3
5283.4 -7867.6 -13.2 101 0 10.1 7.0 2.5 2.5 2 0 1 1 1
5305.4 -7864.1 -14.6 11 0 7.0 10.1 7.5 2.5 2 1 3 5 5
5309.9 -7847.4 -13.7 11 0 7.0 10.1 7.5 0.0 0 1 3 5 5
5293.0 -7847.4 -12.2 11 0 7.0 10.1 7.5 2.5 2 1 3 0 0
5299.1 -7828.4 -11.2 11 0 7.0 10.0 5.0 2.5 2 1 2 4 4
5202.9 -7851.5 -4.6 308 0 10.4 9.4 2.5 2.5 2 0 1 2 2
5192.2 -7837.2 -2.5 308 0 10.4 9.4 7.5 2.5 2 0 3 0 0
5175.5 -7829.8 -0.3 308 0 10.4 9.3 5.0 0.0 0 0 2 4 4
5151.3 -7832.4 1.7 308 0 10.4 9.4 7.5 2.5 2 0 3 4 4
5165.7 -7842.8 -0.5 308 0 10.4 9.3 7.5 2.5 2 0 3 4 4
5180.6 -7860.7 -2.6 38 0 9.4 10.4 7.5 2.5 2 1 3 4 4
5163.9 -7867.8 -1.7 38 0 9.4 10.4 2.5 2.5 2 1 1 4 4
5142.6 -7857.8 0.6 128 0 10.4 9.4 5.0 2.5 2 0 2 0 0
5137.6 -7872.4 -0.7 128 0 10.4 9.4 5.0 2.5 2 0 2 3 3
5121.6 -7855.5 1.6 218 0 9.4 10.4 2.5 2.5 2 1 1 3 3
5123.2 -7837.4 3.3 218 0 9.4 10.4 5.0 2.5 2 1 2 0 0
5130.1 -7793.6 6.6 297 0 9.3 10.4 5.0 2.5 2 1 2 5 5
5126.0 -7753.9 10.9 41 0 10.5 7.4 2.5 2.5 2 0 1 3 3
5100.5 -7751.2 13.0 131 0 7.4 10.5 5.0 2.5 2 1 2 2 2
5123.2 -7712.2 11.7 41 0 10.5 7.3 7.5 2.5 2 0 3 2 2
5114.5 -7731.0 12.5 41 0 10.5 7.4 2.5 2.5 2 0 1 5 5
5133.1 -7735.0 11.7 41 0 10.5 7.4 7.5 2.5 2 0 3 0 0
5139.8 -7715.4 11.2 41 0 10.5 7.3 5.0 2.5 2 0 2 2 2
5146.4 -7697.9 10.6 41 0 10.5 7.4 5.0 2.5 2 0 2 0 0
5130.2 -7694.0 11.1 41 0 10.5 7.4 7.5 2.5 2 0 3 2 2
5138.4 -7675.9 10.4 41 0 10.5 7.4 5.0 2.5 2 0 2 1 1
5154.1 -7679.2 9.9 41 0 10.5 7.4 7.5 2.5 2 0 3 5 5
5146.2 -7651.8 9.8 311 0 7.3 10.5 2.5 2.5 2 1 1 5 5
5153.5 -7636.8 9.4 311 0 7.4 10.5 2.5 2.5 2 1 1 5 5
5115.4 -7823.1 6.0 119 0 7.3 16.3 5.0 2.5 2 1 2 0 0
5046.4 -7740.3 15.0 208 0 7.4 10.5 7.5 2.5 2 1 3 4 4
5051.9 -7725.6 14.8 208 0 7.4 10.5 5.0 2.5 2 1 2 5 5
5042.4 -7724.5 16.0 28 0 7.4 10.5 7.5 0.0 0 1 3 2 2
5049.0 -7709.0 15.7 28 0 7.4 10.5 7.5 2.5 2 1 3 1 1
5057.6 -7709.1 14.5 208 0 7.4 10.5 2.5 2.5 2 1 1 0 0
5065.3 -7693.2 14.1 208 0 7.4 10.5 7.5 2.5 2 1 3 2 2
5056.0 -7694.2 15.3 28 0 7.4 10.5 7.5 2.5 2 1 3 4 4
5064.2 -7679.3 14.9 28 0 7.4 10.5 7.5 2.5 2 1 3 2 2
5070.0 -7664.7 14.6 28 0 7.4 10.5 2.5 2.5 4 1 1 5 5
5078.2 -7648.8 14.2 28 0 7.4 10.5 7.5 2.5 2 1 3 1 1
5084.0 -7634.9 13.9 28 0 7.4 10.5 2.5 2.5 4 1 1 5 5
5087.1 -7648.5 13.0 208 0 7.4 10.5 5.0 2.5 2 1 2 3 3
5081.3 -7664.0 13.3 208 0 7.3 10.5 7.5 2.5 2 1 3 5 5
5073.1 -7678.6 13.7 208 0 7.4 10.5 5.0 2.5 2 1 2 3 3
5093.6 -7634.1 12.7 208 0 7.4 10.5 5.0 2.5 2 1 2 5 5
5104.6 -7623.6 12.3 102 0 11.8 9.8 7.5 2.5 2 0 3 1 1
5089.7 -7608.9 13.4 282 0 11.8 9.8 7.5 2.5 4 0 3 1 1
5072.2 -7605.8 14.7 282 0 11.8 9.9 2.5 2.5 2 0 1 0 0
5051.7 -7602.2 16.4 282 0 11.8 9.8 7.5 2.5 2 0 3 5 5
5034.7 -7597.3 17.9 282 0 11.8 9.9 7.5 2.5 2 0 3 3 3
5011.3 -7597.4 19.3 192 0 9.8 11.8 7.5 2.5 2 1 3 0 0
5026.6 -7583.3 19.6 18 0 11.8 9.8 5.0 2.5 2 0 2 2 2
5033.0 -7568.5 19.4 18 0 11.8 9.8 5.0 2.5 2 0 2 1 1
5038.2 -7552.0 19.1 18 0 11.8 9.8 2.5 2.5 2 0 1 0 0
5044.7 -7536.1 18.6 18 0 11.8 9.8 5.0 2.5 2 0 2 1 1
5050.9 -7521.0 18.0 18 0 11.8 9.8 5.0 2.5 2 0 2 0 0
5099.2 -7573.6 13.6 155 0 11.8 9.8 7.5 0.0 0 0 3 2 2
5090.4 -7556.2 14.7 155 0 11.8 9.8 7.5 2.5 2 0 3 2 2
5083.5 -7540.1 15.2 155 0 11.8 9.8 2.5 2.5 2 0 1 4 4
5077.6 -7525.3 15.7 155 0 11.8 9.8 5.0 2.5 2 0 2 3 3
5070.9 -7508.9 16.0 155 0 11.8 9.8 5.0 2.5 2 0 2 4 4
5072.5 -7488.4 16.4 335 0 11.8 9.8 5.0 2.5 2 0 2 3 3
5065.6 -7473.6 16.6 335 0 11.8 9.8 5.0 2.5 2 0 2 2 2
5060.0 -7457.6 17.2 335 0 11.8 9.8 7.5 2.5 2 0 3 0 0
5053.1 -7443.2 18.0 335 0 11.8 9.8 5.0 2.5 2 0 2 5 5
5038.3 -7422.9 18.9 245 0 9.8 11.8 5.0 2.5 4 1 2 1 1
5030.4 -7495.2 19.3 356 0 11.8 9.8 5.0 2.5 2 0 2 2 2
5028.9 -7477.8 19.3 356 0 11.8 9.8 7.5 2.5 2 0 3 2 2
5027.2 -7460.2 19.6 356 0 11.8 9.8 2.5 0.0 0 0 1 0 0
5036.3 -7406.7 19.2 99 0 11.8 9.8 7.5 2.5 2 0 3 5 5
5018.8 -7404.6 20.2 99 0 11.8 9.9 5.0 2.5 2 0 2 2 2
5002.2 -7401.3 21.3 99 0 11.8 9.9 2.5 2.5 2 0 1 2 2
4969.1 -7393.8 23.3 99 0 11.8 9.9 5.0 2.5 2 0 2 0 0
4986.9 -7397.0 22.2 99 0 11.8 9.8 2.5 2.5 2 0 1 2 2
4944.8 -7387.9 24.6 317 0 9.8 11.8 2.5 2.5 4 1 1 3 3
4954.9 -7401.0 24.2 317 0 9.8 11.8 5.0 2.5 2 1 2 3 3
4972.9 -7411.1 23.1 279 0 9.8 11.8 5.0 2.5 2 1 2 5 5
4980.8 -7432.1 22.3 150 0 11.8 9.8 5.0 2.5 2 0 2 3 3
4989.3 -7445.6 21.8 151 0 11.8 9.8 2.5 2.5 2 0 1 3 3
5019.1 -7444.8 20.5 358 0 9.9 11.8 5.0 2.5 2 1 2 2 2
5036.3 -7508.2 18.8 310 0 11.8 9.8 5.0 2.5 2 0 2 1 1
4988.0 -7742.0 19.1 111 0 5.9 11.5 7.5 2.5 2 1 3 3 3
4996.7 -7727.1 18.6 111 0 5.9 11.5 5.0 0.0 0 1 2 5 5
4971.0 -7724.9 20.1 205 0 13.0 7.1 5.0 0.0 0 0 2 3 3
4981.5 -7703.7 19.5 152 0 6.7 9.8 5.0 2.5 2 1 2 2 2
4993.5 -7679.8 19.0 256 0 9.7 6.7 7.5 2.5 4 0 3 4 4
4999.0 -7668.1 18.9 90 0 9.7 6.7 5.0 2.5 2 0 2 2 2
4997.7 -7652.2 18.7 180 0 6.7 9.7 5.0 2.5 4 1 2 0 0
5174.1 -7761.4 5.3 133 0 7.9 10.5 5.0 2.5 2 1 2 5 5
5171.8 -7701.0 9.5 197 0 11.9 8.8 5.0 2.5 2 0 2 3 3
5335.0 -7746.3 -8.9 263 0 5.5 9.2 7.5 2.5 2 1 3 0 0
5326.9 -7747.7 -8.3 263 0 5.5 9.2 7.5 0.0 0 1 3 3 3
5316.0 -7748.4 -7.3 263 0 5.5 9.2 7.5 2.5 4 1 3 4 4
5308.4 -7749.9 -6.8 263 0 5.5 9.2 7.5 0.0 0 1 3 1 1
5346.2 -7729.7 -8.0 353 0 9.2 5.5 7.5 2.5 2 0 3 4 4
5336.6 -7735.1 -7.4 83 0 5.5 9.2 7.5 2.5 2 1 3 2 2
5326.1 -7736.5 -6.5 83 0 5.5 9.2 5.0 2.5 2 1 2 2 2
5318.8 -7737.3 -5.9 83 0 5.5 9.2 5.0 2.5 2 1 2 0 0
5303.4 -7738.4 -4.6 83 0 5.5 9.2 7.5 2.5 2 1 3 0 0
5294.9 -7739.2 -3.9 83 0 5.6 9.2 2.5 0.0 0 1 1 2 2
5293.7 -7711.5 -2.4 263 0 5.5 9.2 7.5 2.5 2 1 3 5 5
5301.8 -7708.8 -2.9 263 0 5.5 9.2 5.0 2.5 2 1 2 2 2
5312.7 -7707.9 -3.8 263 0 5.5 9.2 5.0 2.5 2 1 2 2 2
5320.3 -7707.4 -4.5 263 0 5.5 9.2 7.5 2.5 2 1 3 3 3
5331.5 -7706.0 -5.4 263 0 5.5 9.2 7.5 2.5 2 1 3 4 4
5339.5 -7705.5 -6.2 263 0 5.5 9.2 2.5 2.5 2 1 1 5 5
5348.6 -7686.5 -5.5 263 0 5.5 9.2 5.0 2.5 2 1 2 3 3
5340.7 -7686.6 -4.8 263 0 5.5 9.2 5.0 2.5 2 1 2 1 1
5331.6 -7696.7 -3.9 83 0 5.5 9.2 2.5 2.5 2 1 1 5 5
5324.1 -7697.5 -3.3 83 0 5.6 9.2 5.0 2.5 4 1 2 3 3
5308.7 -7697.9 -1.9 83 0 5.5 9.2 5.0 2.5 2 1 2 2 2
5300.7 -7698.3 -1.2 83 0 5.5 9.2 2.5 2.5 2 1 1 3 3
5297.1 -7751.0 -5.8 263 0 5.5 9.2 7.5 2.5 2 1 3 0 0
5285.8 -7740.2 -3.1 83 0 5.5 9.2 7.5 2.5 2 1 3 5 5
5278.9 -7741.3 -2.5 83 0 5.5 9.2 2.5 2.5 2 1 1 2 2
5284.1 -7711.8 -1.5 263 0 5.5 9.2 7.5 2.5 2 1 3 4 4
5277.1 -7713.2 -1.0 263 0 5.5 9.2 5.0 2.5 2 1 2 3 3
5283.6 -7700.3 0.2 83 0 5.5 9.2 7.5 2.5 2 1 3 2 2
5291.6 -7698.7 -0.4 83 0 5.5 9.2 5.0 2.5 4 1 2 5 5
5272.5 -7701.7 1.3 55 0 5.5 9.2 5.0 2.5 2 1 2 0 0
5265.5 -7705.3 1.7 55 0 5.5 9.2 7.5 2.5 2 1 3 0 0
5251.0 -7684.4 3.6 235 0 5.5 9.2 7.5 2.5 4 1 3 5 5
5243.8 -7687.0 4.1 235 0 5.5 9.2 2.5 2.5 4 1 1 5 5
5257.2 -7710.5 2.0 55 0 5.5 9.2 7.5 2.5 2 1 3 3 3
5251.1 -7714.4 2.3 55 0 5.5 9.2 5.0 2.5 2 1 2 2 2
5264.8 -7717.0 -0.2 235 0 5.5 9.2 7.5 2.5 2 1 3 4 4
5258.2 -7721.1 0.0 235 0 5.5 9.2 7.5 2.5 2 1 3 5 5
5269.4 -7744.6 -1.8 55 0 5.5 9.2 7.5 2.5 2 1 3 5 5
5263.0 -7749.2 -1.5 55 0 5.5 9.2 5.0 2.5 2 1 2 1 1
5249.3 -7726.1 0.5 235 0 5.5 9.2 7.5 2.5 2 1 3 0 0
5242.8 -7730.5 0.7 235 0 5.5 9.2 5.0 2.5 2 1 2 1 1
5254.5 -7753.6 -1.1 55 0 5.5 9.2 7.5 2.5 4 1 3 4 4
5247.8 -7757.9 -0.8 55 0 5.5 9.2 7.5 2.5 2 1 3 5 5
5236.1 -7734.6 1.0 235 0 5.5 9.2 5.0 2.5 2 1 2 3 3
5229.3 -7739.8 1.3 235 0 5.5 9.2 2.5 2.5 2 1 1 0 0
5239.8 -7763.0 -0.5 55 0 5.5 9.2 5.0 2.5 2 1 2 1 1
5234.0 -7768.4 -0.4 55 0 5.5 9.2 2.5 2.5 2 1 1 0 0
5235.8 -7724.0 3.0 55 0 5.5 9.2 5.0 2.5 2 1 2 1 1
5242.8 -7719.3 2.7 55 0 5.5 9.2 5.0 2.5 2 1 2 5 5
5229.0 -7695.9 4.7 235 0 5.5 9.2 5.0 2.5 2 1 2 2 2
5235.0 -7691.5 4.5 235 0 5.5 9.2 5.0 2.5 2 1 2 2 2
5251.8 -7766.7 -2.9 235 0 5.5 9.2 2.5 2.5 2 1 1 3 3
5258.0 -7762.8 -3.2 235 0 5.5 9.2 7.5 2.5 2 1 3 4 4
5271.1 -7756.3 -3.9 256 0 5.5 9.2 5.0 2.5 2 1 2 0 0
5278.5 -7754.2 -4.4 256 0 5.5 9.2 5.0 2.5 2 1 2 4 4
5289.0 -7752.6 -5.2 256 0 5.5 9.2 7.5 2.5 2 1 3 1 1
4976.3 -7471.7 22.7 200 0 7.4 6.9 2.5 2.5 2 0 1 5 5
5002.9 -7527.1 21.0 110 0 6.9 7.4 7.5 2.5 2 1 3 3 3
5006.2 -7539.4 21.2 20 0 7.4 6.9 5.0 2.5 2 0 2 2 2
5015.3 -7533.7 20.3 110 0 6.9 7.4 7.5 2.5 2 1 3 2 2
5014.2 -7547.3 20.4 110 0 6.9 7.4 7.5 0.0 0 1 3 3 3
5004.3 -7553.1 21.5 20 0 7.4 6.9 2.5 2.5 2 0 1 0 0
5000.1 -7565.7 21.8 20 0 7.4 6.9 7.5 2.5 2 0 3 4 4
4997.4 -7578.8 22.0 20 0 7.4 6.9 5.0 2.5 2 0 2 1 1
4989.9 -7594.4 21.8 110 0 6.9 7.4 5.0 2.5 2 1 2 4 4
4975.8 -7589.7 23.0 110 0 6.9 7.4 5.0 2.5 2 1 2 2 2
4979.0 -7577.3 23.0 110 0 6.9 7.4 5.0 2.5 4 1 2 3 3
4986.1 -7561.1 22.8 20 0 7.4 6.9 5.0 2.5 2 0 2 2 2
4989.6 -7548.3 22.4 20 0 7.4 6.9 5.0 2.5 2 0 2 5 5
4992.1 -7535.2 22.1 20 0 7.4 6.9 5.0 2.5 2 0 2 2 2
4986.0 -7519.2 22.0 200 0 7.4 6.9 7.5 2.5 2 0 3 1 1
4973.2 -7501.4 22.7 200 0 7.4 6.9 5.0 2.5 2 0 2 0 0
4971.5 -7515.1 23.0 200 0 7.4 6.9 5.0 2.5 2 0 2 0 0
4970.8 -7528.9 23.1 200 0 7.4 6.9 2.5 2.5 4 0 1 5 5
4969.0 -7542.3 23.4 200 0 7.4 6.9 7.5 0.0 0 0 3 1 1
4966.1 -7555.3 23.6 200 0 7.4 6.9 5.0 2.5 4 0 2 3 3
4963.5 -7568.5 23.9 200 0 7.4 6.9 7.5 2.5 2 0 3 4 4
4962.2 -7586.4 24.2 110 0 6.9 7.4 2.5 2.5 2 1 1 3 3
4967.5 -7705.2 20.8 25 0 13.0 7.1 2.5 2.5 4 0 1 4 4
4975.2 -7687.1 20.4 25 0 13.0 7.1 5.0 2.5 2 0 2 0 0
4999.2 -7630.3 19.9 44 0 13.0 7.1 5.0 2.5 2 0 2 2 2
5012.5 -7620.2 18.9 81 0 13.0 7.1 7.5 2.5 2 0 3 2 2
5024.4 -7627.3 17.9 115 0 7.1 13.0 7.5 2.5 2 1 3 5 5
5016.7 -7643.2 17.9 115 0 7.1 13.0 5.0 2.5 2 1 2 3 3
4982.5 -7668.8 20.1 25 0 13.0 7.1 2.5 2.5 2 0 1 1 1
4960.7 -7723.4 21.2 25 0 6.8 10.2 7.5 2.5 4 1 3 4 4
5330.1 -8001.9 -28.8 331 0 11.4 20.3 10.0 2.5 2 1 4 2 2
5282.1 -8028.7 -29.9 240 0 14.3 10.5 5.0 0.0 0 0 2 5 5
5251.0 -8046.1 -30.0 241 0 20.3 11.4 5.0 0.0 0 0 2 3 3
5228.0 -8067.8 -29.5 152 0 9.2 13.1 7.5 0.0 0 1 3 1 1
5222.7 -8089.7 -29.6 310 0 8.4 8.7 5.0 2.5 2 1 2 0 0
5629.6 -7924.4 -36.0 45 0 6.1 9.7 5.0 2.5 2 1 2 1 1
